   1   26.300   0.0000033333
   2   26.500   0.0000512501
   3   26.700   0.0005270849
   4   26.900   0.0029154252
   5   27.100   0.0089075260
   6   27.300   0.0179692191
   7   27.500   0.0244625713
   8   27.700   0.0248242391
   9   27.900   0.0205129765
  10   28.100   0.0150542106
  11   28.300   0.0108637817
  12   28.500   0.0081466904
  13   28.700   0.0064175187
  14   28.900   0.0053866824
  15   29.100   0.0047954307
  16   29.300   0.0045683467
  17   29.500   0.0044245962
  18   29.700   0.0045779300
  19   29.900   0.0048450141
  20   30.100   0.0050841815
  21   30.300   0.0055954330
  22   30.500   0.0060579343
  23   30.700   0.0068700200
  24   30.900   0.0079396065
  25   31.100   0.0091958602
  26   31.300   0.0109425319
  27   31.500   0.0131467050
  28   31.700   0.0160767136
  29   31.900   0.0195383903
  30   32.100   0.0235767354
  31   32.300   0.0277213309
  32   32.500   0.0320509268
  33   32.700   0.0366630236
  34   32.900   0.0417872052
  35   33.100   0.0453134655
  36   33.300   0.0487805589
  37   33.500   0.0514701501
  38   33.700   0.0525714033
  39   33.900   0.0521614021
  40   34.100   0.0502243132
  41   34.300   0.0474251383
  42   34.500   0.0432601262
  43   34.700   0.0383184451
  44   34.900   0.0328588458
  45   35.100   0.0271492459
  46   35.300   0.0216658965
  47   35.500   0.0166417152
  48   35.700   0.0125733700
  49   35.900   0.0091091932
  50   36.100   0.0065550191
  51   36.300   0.0045550133
  52   36.500   0.0029470919
  53   36.700   0.0019670891
  54   36.900   0.0012204202
  55   37.100   0.0007050021
  56   37.300   0.0004200012
  57   37.500   0.0002520841
  58   37.700   0.0001666672
  59   37.900   0.0000887503
  60   38.100   0.0000475001
  61   38.300   0.0000225001
  62   38.500   0.0000129167
  63   38.700   0.0000095834
  64   38.900   0.0000050000
  65   39.100   0.0000016667
