  0.1027777778E-01  0.2229513239E+08
  0.1055555556E-01  0.2227257086E+08
  0.1083333333E-01  0.2225000955E+08
  0.1111111111E-01  0.2222744811E+08
  0.1138888889E-01  0.2220488712E+08
  0.1166666667E-01  0.2218232559E+08
  0.1194444444E-01  0.2215976417E+08
  0.1222222222E-01  0.2213720284E+08
  0.1250000000E-01  0.2211464131E+08
  0.1277777778E-01  0.2209207987E+08
  0.1305555556E-01  0.2206951856E+08
  0.1333333333E-01  0.2204695703E+08
  0.1361111111E-01  0.2202439593E+08
  0.1388888889E-01  0.2200183461E+08
  0.1416666667E-01  0.2197927318E+08
  0.1444444444E-01  0.2195671165E+08
  0.1472222222E-01  0.2193415033E+08
  0.1500000000E-01  0.2191158890E+08
  0.1527777778E-01  0.2188065438E+08
  0.1555555556E-01  0.2184972019E+08
  0.1583333333E-01  0.2181878569E+08
  0.1611111111E-01  0.2178785138E+08
  0.1638888889E-01  0.2175691720E+08
  0.1666666667E-01  0.2172598268E+08
  0.1694444444E-01  0.2169504817E+08
  0.1722222222E-01  0.2166411375E+08
  0.1750000000E-01  0.2163317958E+08
  0.1777777778E-01  0.2160224506E+08
  0.1805555556E-01  0.2157131065E+08
  0.1833333333E-01  0.2154037624E+08
  0.1861111111E-01  0.2150944206E+08
  0.1888888889E-01  0.2147850754E+08
  0.1916666667E-01  0.2144757313E+08
  0.1944444444E-01  0.2141663894E+08
  0.1972222222E-01  0.2138570443E+08
  0.2000000000E-01  0.2135476991E+08
  0.2027777778E-01  0.2131607160E+08
  0.2055555556E-01  0.2127737307E+08
  0.2083333333E-01  0.2123867466E+08
  0.2111111111E-01  0.2119997613E+08
  0.2138888889E-01  0.2116127782E+08
  0.2166666667E-01  0.2112257930E+08
  0.2194444444E-01  0.2108388077E+08
  0.2222222222E-01  0.2104518236E+08
  0.2250000000E-01  0.2100648383E+08
  0.2277777778E-01  0.2096778552E+08
  0.2305555556E-01  0.2092908699E+08
  0.2333333333E-01  0.2089038858E+08
  0.2361111111E-01  0.2085169005E+08
  0.2388888889E-01  0.2081299163E+08
  0.2416666667E-01  0.2077429321E+08
  0.2444444444E-01  0.2073559469E+08
  0.2472222222E-01  0.2069689660E+08
  0.2500000000E-01  0.2065819819E+08
  0.2527777778E-01  0.2061249903E+08
  0.2555555556E-01  0.2056680033E+08
  0.2583333333E-01  0.2052110129E+08
  0.2611111111E-01  0.2047540248E+08
  0.2638888889E-01  0.2042970333E+08
  0.2666666667E-01  0.2038400461E+08
  0.2694444444E-01  0.2033830558E+08
  0.2722222222E-01  0.2029260688E+08
  0.2750000000E-01  0.2024690806E+08
  0.2777777778E-01  0.2020120891E+08
  0.2805555556E-01  0.2015551031E+08
  0.2833333333E-01  0.2010981116E+08
  0.2861111111E-01  0.2006411236E+08
  0.2888888889E-01  0.2001841331E+08
  0.2916666667E-01  0.1997271449E+08
  0.2944444444E-01  0.1992701589E+08
  0.2972222222E-01  0.1988131674E+08
  0.3000000000E-01  0.1983561792E+08
  0.3027777778E-01  0.1978380999E+08
  0.3055555556E-01  0.1973200196E+08
  0.3083333333E-01  0.1968019393E+08
  0.3111111111E-01  0.1962838545E+08
  0.3138888889E-01  0.1957657751E+08
  0.3166666667E-01  0.1952476947E+08
  0.3194444444E-01  0.1947296144E+08
  0.3222222222E-01  0.1942115341E+08
  0.3250000000E-01  0.1936934548E+08
  0.3277777778E-01  0.1931753732E+08
  0.3305555556E-01  0.1926572929E+08
  0.3333333333E-01  0.1921392135E+08
  0.3361111111E-01  0.1916211332E+08
  0.3388888889E-01  0.1911030529E+08
  0.3416666667E-01  0.1905849724E+08
  0.3444444444E-01  0.1900668920E+08
  0.3472222222E-01  0.1895488117E+08
  0.3500000000E-01  0.1890307314E+08
  0.3527777778E-01  0.1884612284E+08
  0.3555555556E-01  0.1878917254E+08
  0.3583333333E-01  0.1873222258E+08
  0.3611111111E-01  0.1867527229E+08
  0.3638888889E-01  0.1861832179E+08
  0.3666666667E-01  0.1856137149E+08
  0.3694444444E-01  0.1850442119E+08
  0.3722222222E-01  0.1844747123E+08
  0.3750000000E-01  0.1839052095E+08
  0.3777777778E-01  0.1833357065E+08
  0.3805555556E-01  0.1827662026E+08
  0.3833333333E-01  0.1821966996E+08
  0.3861111111E-01  0.1816271989E+08
  0.3888888889E-01  0.1810576960E+08
  0.3916666667E-01  0.1804881931E+08
  0.3944444444E-01  0.1799186901E+08
  0.3972222222E-01  0.1793491871E+08
  0.4000000000E-01  0.1787796865E+08
  0.4027777778E-01  0.1781692183E+08
  0.4055555556E-01  0.1775587500E+08
  0.4083333333E-01  0.1769482850E+08
  0.4111111111E-01  0.1763378169E+08
  0.4138888889E-01  0.1757273520E+08
  0.4166666667E-01  0.1751168838E+08
  0.4194444444E-01  0.1745064156E+08
  0.4222222222E-01  0.1738959496E+08
  0.4250000000E-01  0.1732854814E+08
  0.4277777778E-01  0.1726750165E+08
  0.4305555556E-01  0.1720645483E+08
  0.4333333333E-01  0.1714540801E+08
  0.4361111111E-01  0.1708436152E+08
  0.4388888889E-01  0.1702331459E+08
  0.4416666667E-01  0.1696226777E+08
  0.4444444444E-01  0.1690122137E+08
  0.4472222222E-01  0.1684017456E+08
  0.4500000000E-01  0.1677912807E+08
  0.4527777778E-01  0.1671506180E+08
  0.4555555556E-01  0.1665099519E+08
  0.4583333333E-01  0.1658692892E+08
  0.4611111111E-01  0.1652286265E+08
  0.4638888889E-01  0.1645879647E+08
  0.4666666667E-01  0.1639473020E+08
  0.4694444444E-01  0.1633066393E+08
  0.4722222222E-01  0.1626659766E+08
  0.4750000000E-01  0.1620253139E+08
  0.4777777778E-01  0.1613846522E+08
  0.4805555556E-01  0.1607439894E+08
  0.4833333333E-01  0.1601033267E+08
  0.4861111111E-01  0.1594626640E+08
  0.4888888889E-01  0.1588220013E+08
  0.4916666667E-01  0.1581813363E+08
  0.4944444444E-01  0.1575406735E+08
  0.4972222222E-01  0.1569000108E+08
  0.5000000000E-01  0.1562593481E+08
  0.5027777778E-01  0.1555993112E+08
  0.5055555556E-01  0.1549392700E+08
  0.5083333333E-01  0.1542792287E+08
  0.5111111111E-01  0.1536191908E+08
  0.5138888889E-01  0.1529591506E+08
  0.5166666667E-01  0.1522991115E+08
  0.5194444444E-01  0.1516390713E+08
  0.5222222222E-01  0.1509790301E+08
  0.5250000000E-01  0.1503189921E+08
  0.5277777778E-01  0.1496589509E+08
  0.5305555556E-01  0.1489989140E+08
  0.5333333333E-01  0.1483388727E+08
  0.5361111111E-01  0.1476788314E+08
  0.5388888889E-01  0.1470187946E+08
  0.5416666667E-01  0.1463587522E+08
  0.5444444444E-01  0.1456987120E+08
  0.5472222222E-01  0.1450386741E+08
  0.5500000000E-01  0.1443786328E+08
  0.5527777778E-01  0.1437097858E+08
  0.5555555556E-01  0.1430409388E+08
  0.5583333333E-01  0.1423720918E+08
  0.5611111111E-01  0.1417032415E+08
  0.5638888889E-01  0.1410343944E+08
  0.5666666667E-01  0.1403655475E+08
  0.5694444444E-01  0.1396966995E+08
  0.5722222222E-01  0.1390278491E+08
  0.5750000000E-01  0.1383590021E+08
  0.5777777778E-01  0.1376901551E+08
  0.5805555556E-01  0.1370213082E+08
  0.5833333333E-01  0.1363524589E+08
  0.5861111111E-01  0.1356836119E+08
  0.5888888889E-01  0.1350147650E+08
  0.5916666667E-01  0.1343459179E+08
  0.5944444444E-01  0.1336770676E+08
  0.5972222222E-01  0.1330082206E+08
  0.6000000000E-01  0.1323393736E+08
  0.6027777778E-01  0.1316718397E+08
  0.6055555556E-01  0.1310043092E+08
  0.6083333333E-01  0.1303367753E+08
  0.6111111111E-01  0.1296692438E+08
  0.6138888889E-01  0.1290017099E+08
  0.6166666667E-01  0.1283341793E+08
  0.6194444444E-01  0.1276666455E+08
  0.6222222222E-01  0.1269991160E+08
  0.6250000000E-01  0.1263315821E+08
  0.6277777778E-01  0.1256640516E+08
  0.6305555556E-01  0.1249965167E+08
  0.6333333333E-01  0.1243289861E+08
  0.6361111111E-01  0.1236614523E+08
  0.6388888889E-01  0.1229939207E+08
  0.6416666667E-01  0.1223263885E+08
  0.6444444444E-01  0.1216588560E+08
  0.6472222222E-01  0.1209913239E+08
  0.6500000000E-01  0.1203237917E+08
  0.6527777778E-01  0.1196669355E+08
  0.6555555556E-01  0.1190100794E+08
  0.6583333333E-01  0.1183532244E+08
  0.6611111111E-01  0.1176963682E+08
  0.6638888889E-01  0.1170395121E+08
  0.6666666667E-01  0.1163826556E+08
  0.6694444444E-01  0.1157257996E+08
  0.6722222222E-01  0.1150689445E+08
  0.6750000000E-01  0.1144120874E+08
  0.6777777778E-01  0.1137552323E+08
  0.6805555556E-01  0.1130983763E+08
  0.6833333333E-01  0.1124415201E+08
  0.6861111111E-01  0.1117846650E+08
  0.6888888889E-01  0.1111278090E+08
  0.6916666667E-01  0.1104709525E+08
  0.6944444444E-01  0.1098140964E+08
  0.6972222222E-01  0.1091572414E+08
  0.7000000000E-01  0.1085003842E+08
  0.7027777778E-01  0.1078626673E+08
  0.7055555556E-01  0.1072249501E+08
  0.7083333333E-01  0.1065872322E+08
  0.7111111111E-01  0.1059495154E+08
  0.7138888889E-01  0.1053117981E+08
  0.7166666667E-01  0.1046740791E+08
  0.7194444444E-01  0.1040363623E+08
  0.7222222222E-01  0.1033986453E+08
  0.7250000000E-01  0.1027609283E+08
  0.7277777778E-01  0.1021232099E+08
  0.7305555556E-01  0.1014854929E+08
  0.7333333333E-01  0.1008477756E+08
  0.7361111111E-01  0.1002100576E+08
  0.7388888889E-01  0.9957234055E+07
  0.7416666667E-01  0.9893462320E+07
  0.7444444444E-01  0.9829690521E+07
  0.7472222222E-01  0.9765918824E+07
  0.7500000000E-01  0.9702147082E+07
  0.7527777778E-01  0.9641024333E+07
  0.7555555556E-01  0.9579901578E+07
  0.7583333333E-01  0.9518778885E+07
  0.7611111111E-01  0.9457656127E+07
  0.7638888889E-01  0.9396533482E+07
  0.7666666667E-01  0.9335410689E+07
  0.7694444444E-01  0.9274287930E+07
  0.7722222222E-01  0.9213165271E+07
  0.7750000000E-01  0.9152042494E+07
  0.7777777778E-01  0.9090919734E+07
  0.7805555556E-01  0.9029797075E+07
  0.7833333333E-01  0.8968674284E+07
  0.7861111111E-01  0.8907551626E+07
  0.7888888889E-01  0.8846428880E+07
  0.7916666667E-01  0.8785306088E+07
  0.7944444444E-01  0.8724183430E+07
  0.7972222222E-01  0.8663060671E+07
  0.8000000000E-01  0.8601938024E+07
  0.8027777778E-01  0.8544083823E+07
  0.8055555556E-01  0.8486229765E+07
  0.8083333333E-01  0.8428375607E+07
  0.8111111111E-01  0.8370521515E+07
  0.8138888889E-01  0.8312667357E+07
  0.8166666667E-01  0.8254813300E+07
  0.8194444444E-01  0.8196959109E+07
  0.8222222222E-01  0.8139105051E+07
  0.8250000000E-01  0.8081250882E+07
  0.8277777778E-01  0.8023396792E+07
  0.8305555556E-01  0.7965542634E+07
  0.8333333333E-01  0.7907688576E+07
  0.8361111111E-01  0.7849834417E+07
  0.8388888889E-01  0.7791980326E+07
  0.8416666667E-01  0.7734126169E+07
  0.8444444444E-01  0.7676272111E+07
  0.8472222222E-01  0.7618417909E+07
  0.8500000000E-01  0.7560563851E+07
  0.8527777778E-01  0.7506469497E+07
  0.8555555556E-01  0.7452375231E+07
  0.8583333333E-01  0.7398280865E+07
  0.8611111111E-01  0.7344186601E+07
  0.8638888889E-01  0.7290092234E+07
  0.8666666667E-01  0.7235997981E+07
  0.8694444444E-01  0.7181903715E+07
  0.8722222222E-01  0.7127809383E+07
  0.8750000000E-01  0.7073715118E+07
  0.8777777778E-01  0.7019620752E+07
  0.8805555556E-01  0.6965526498E+07
  0.8833333333E-01  0.6911432232E+07
  0.8861111111E-01  0.6857337866E+07
  0.8888888889E-01  0.6803243602E+07
  0.8916666667E-01  0.6749149235E+07
  0.8944444444E-01  0.6695054982E+07
  0.8972222222E-01  0.6640960716E+07
  0.9000000000E-01  0.6586866350E+07
  0.9027777778E-01  0.6536897125E+07
  0.9055555556E-01  0.6486927909E+07
  0.9083333333E-01  0.6436958661E+07
  0.9111111111E-01  0.6386989436E+07
  0.9138888889E-01  0.6337020220E+07
  0.9166666667E-01  0.6287050961E+07
  0.9194444444E-01  0.6237081746E+07
  0.9222222222E-01  0.6187112520E+07
  0.9250000000E-01  0.6137143273E+07
  0.9277777778E-01  0.6087174046E+07
  0.9305555556E-01  0.6037204832E+07
  0.9333333333E-01  0.5987235616E+07
  0.9361111111E-01  0.5937266357E+07
  0.9388888889E-01  0.5887297143E+07
  0.9416666667E-01  0.5837327916E+07
  0.9444444444E-01  0.5787358668E+07
  0.9472222222E-01  0.5737389442E+07
  0.9500000000E-01  0.5687420227E+07
  0.9527777778E-01  0.5641816377E+07
  0.9555555556E-01  0.5596212438E+07
  0.9583333333E-01  0.5550608454E+07
  0.9611111111E-01  0.5505004515E+07
  0.9638888889E-01  0.5459400664E+07
  0.9666666667E-01  0.5413796725E+07
  0.9694444444E-01  0.5368192774E+07
  0.9722222222E-01  0.5322588802E+07
  0.9750000000E-01  0.5276984902E+07
  0.9777777778E-01  0.5231380982E+07
  0.9805555556E-01  0.5185777062E+07
  0.9833333333E-01  0.5140173143E+07
  0.9861111111E-01  0.5094569213E+07
  0.9888888889E-01  0.5048965269E+07
  0.9916666667E-01  0.5003361340E+07
  0.9944444444E-01  0.4957757430E+07
  0.9972222222E-01  0.4912153511E+07
  0.1000000000E+00  0.4866549580E+07
  0.1002777778E+00  0.4825429031E+07
  0.1005555556E+00  0.4784308536E+07
  0.1008333333E+00  0.4743188019E+07
  0.1011111111E+00  0.4702067469E+07
  0.1013888889E+00  0.4660946953E+07
  0.1016666667E+00  0.4619826447E+07
  0.1019444444E+00  0.4578705899E+07
  0.1022222222E+00  0.4537585382E+07
  0.1025000000E+00  0.4496464843E+07
  0.1027777778E+00  0.4455344327E+07
  0.1030555556E+00  0.4414223820E+07
  0.1033333333E+00  0.4373103270E+07
  0.1036111111E+00  0.4331982766E+07
  0.1038888889E+00  0.4290862249E+07
  0.1041666667E+00  0.4249741699E+07
  0.1044444444E+00  0.4208621194E+07
  0.1047222222E+00  0.4167500678E+07
  0.1050000000E+00  0.4126380128E+07
  0.1052777778E+00  0.4089755749E+07
  0.1055555556E+00  0.4053131382E+07
  0.1058333333E+00  0.4016506992E+07
  0.1061111111E+00  0.3979882637E+07
  0.1063888889E+00  0.3943258247E+07
  0.1066666667E+00  0.3906633858E+07
  0.1069444444E+00  0.3870009502E+07
  0.1072222222E+00  0.3833385112E+07
  0.1075000000E+00  0.3796760723E+07
  0.1077777778E+00  0.3760136356E+07
  0.1080555556E+00  0.3723511977E+07
  0.1083333333E+00  0.3686887577E+07
  0.1086111111E+00  0.3650263231E+07
  0.1088888889E+00  0.3613638831E+07
  0.1091666667E+00  0.3577014452E+07
  0.1094444444E+00  0.3540390085E+07
  0.1097222222E+00  0.3503765696E+07
  0.1100000000E+00  0.3467141306E+07
  0.1102777778E+00  0.3434924287E+07
  0.1105555556E+00  0.3402707224E+07
  0.1108333333E+00  0.3370490171E+07
  0.1111111111E+00  0.3338273108E+07
  0.1113888889E+00  0.3306056045E+07
  0.1116666667E+00  0.3273839026E+07
  0.1119444444E+00  0.3241621973E+07
  0.1122222222E+00  0.3209404909E+07
  0.1125000000E+00  0.3177187847E+07
  0.1127777778E+00  0.3144970794E+07
  0.1130555556E+00  0.3112753763E+07
  0.1133333333E+00  0.3080536711E+07
  0.1136111111E+00  0.3048319658E+07
  0.1138888889E+00  0.3016102585E+07
  0.1141666667E+00  0.2983885565E+07
  0.1144444444E+00  0.2951668513E+07
  0.1147222222E+00  0.2919451449E+07
  0.1150000000E+00  0.2887234386E+07
  0.1152777778E+00  0.2859253489E+07
  0.1155555556E+00  0.2831272582E+07
  0.1158333333E+00  0.2803291675E+07
  0.1161111111E+00  0.2775310768E+07
  0.1163888889E+00  0.2747329872E+07
  0.1166666667E+00  0.2719348941E+07
  0.1169444444E+00  0.2691368034E+07
  0.1172222222E+00  0.2663387126E+07
  0.1175000000E+00  0.2635406219E+07
  0.1177777778E+00  0.2607425322E+07
  0.1180555556E+00  0.2579444415E+07
  0.1183333333E+00  0.2551463507E+07
  0.1186111111E+00  0.2523482600E+07
  0.1188888889E+00  0.2495501659E+07
  0.1191666667E+00  0.2467520773E+07
  0.1194444444E+00  0.2439539866E+07
  0.1197222222E+00  0.2411558959E+07
  0.1200000000E+00  0.2383578052E+07
  0.1202777778E+00  0.2359592909E+07
  0.1205555556E+00  0.2335607734E+07
  0.1208333333E+00  0.2311622602E+07
  0.1211111111E+00  0.2287637425E+07
  0.1213888889E+00  0.2263652284E+07
  0.1216666667E+00  0.2239667119E+07
  0.1219444444E+00  0.2215681966E+07
  0.1222222222E+00  0.2191696834E+07
  0.1225000000E+00  0.2167711648E+07
  0.1227777778E+00  0.2143726516E+07
  0.1230555556E+00  0.2119741351E+07
  0.1233333333E+00  0.2095756198E+07
  0.1236111111E+00  0.2071771066E+07
  0.1238888889E+00  0.2047785891E+07
  0.1241666667E+00  0.2023800748E+07
  0.1244444444E+00  0.1999815573E+07
  0.1247222222E+00  0.1975830430E+07
  0.1250000000E+00  0.1951845265E+07
  0.1252777778E+00  0.1931561719E+07
  0.1255555556E+00  0.1911278151E+07
  0.1258333333E+00  0.1890994615E+07
  0.1261111111E+00  0.1870711057E+07
  0.1263888889E+00  0.1850427522E+07
  0.1266666667E+00  0.1830143943E+07
  0.1269444444E+00  0.1809860408E+07
  0.1272222222E+00  0.1789576839E+07
  0.1275000000E+00  0.1769293303E+07
  0.1277777778E+00  0.1749009734E+07
  0.1280555556E+00  0.1728726189E+07
  0.1283333333E+00  0.1708442631E+07
  0.1286111111E+00  0.1688159096E+07
  0.1288888889E+00  0.1667875527E+07
  0.1291666667E+00  0.1647591992E+07
  0.1294444444E+00  0.1627308413E+07
  0.1297222222E+00  0.1607024877E+07
  0.1300000000E+00  0.1586741308E+07
  0.1302777778E+00  0.1569828430E+07
  0.1305555556E+00  0.1552915531E+07
  0.1308333333E+00  0.1536002642E+07
  0.1311111111E+00  0.1519089743E+07
  0.1313888889E+00  0.1502176865E+07
  0.1316666667E+00  0.1485263966E+07
  0.1319444444E+00  0.1468351077E+07
  0.1322222222E+00  0.1451438177E+07
  0.1325000000E+00  0.1434525288E+07
  0.1327777778E+00  0.1417612400E+07
  0.1330555556E+00  0.1400699544E+07
  0.1333333333E+00  0.1383786645E+07
  0.1336111111E+00  0.1366873756E+07
  0.1338888889E+00  0.1349960857E+07
  0.1341666667E+00  0.1333047979E+07
  0.1344444444E+00  0.1316135090E+07
  0.1347222222E+00  0.1299222191E+07
  0.1350000000E+00  0.1282309302E+07
  0.1352777778E+00  0.1268412424E+07
  0.1355555556E+00  0.1254515580E+07
  0.1358333333E+00  0.1240618712E+07
  0.1361111111E+00  0.1226721868E+07
  0.1363888889E+00  0.1212825034E+07
  0.1366666667E+00  0.1198928156E+07
  0.1369444444E+00  0.1185031333E+07
  0.1372222222E+00  0.1171134455E+07
  0.1375000000E+00  0.1157237621E+07
  0.1377777778E+00  0.1143340744E+07
  0.1380555556E+00  0.1129443899E+07
  0.1383333333E+00  0.1115547032E+07
  0.1386111111E+00  0.1101650188E+07
  0.1388888889E+00  0.1087753320E+07
  0.1391666667E+00  0.1073856476E+07
  0.1394444444E+00  0.1059959642E+07
  0.1397222222E+00  0.1046062764E+07
  0.1400000000E+00  0.1032165920E+07
  0.1402777778E+00  0.1020921663E+07
  0.1405555556E+00  0.1009677441E+07
  0.1408333333E+00  0.9984331748E+06
  0.1411111111E+00  0.9871889417E+06
  0.1413888889E+00  0.9759446863E+06
  0.1416666667E+00  0.9647004532E+06
  0.1419444444E+00  0.9534561867E+06
  0.1422222222E+00  0.9422119402E+06
  0.1425000000E+00  0.9309677016E+06
  0.1427777778E+00  0.9197234517E+06
  0.1430555556E+00  0.9084792019E+06
  0.1433333333E+00  0.8972349633E+06
  0.1436111111E+00  0.8859907136E+06
  0.1438888889E+00  0.8747464637E+06
  0.1441666667E+00  0.8635022251E+06
  0.1444444444E+00  0.8522579853E+06
  0.1447222222E+00  0.8410137355E+06
  0.1450000000E+00  0.8297694968E+06
  0.1452777778E+00  0.8208171387E+06
  0.1455555556E+00  0.8118647806E+06
  0.1458333333E+00  0.8029124225E+06
  0.1461111111E+00  0.7939600722E+06
  0.1463888889E+00  0.7850077041E+06
  0.1466666667E+00  0.7760553493E+06
  0.1469444444E+00  0.7671029946E+06
  0.1472222222E+00  0.7581506398E+06
  0.1475000000E+00  0.7491982807E+06
  0.1477777778E+00  0.7402459260E+06
  0.1480555556E+00  0.7312935712E+06
  0.1483333333E+00  0.7223412165E+06
  0.1486111111E+00  0.7133888584E+06
  0.1488888889E+00  0.7044365036E+06
  0.1491666667E+00  0.6954841488E+06
  0.1494444444E+00  0.6865317941E+06
  0.1497222222E+00  0.6775794382E+06
  0.1500000000E+00  0.6686270801E+06
  0.1502777778E+00  0.6616187582E+06
  0.1505555556E+00  0.6546104452E+06
  0.1508333333E+00  0.6476021221E+06
  0.1511111111E+00  0.6405938091E+06
  0.1513888889E+00  0.6335854872E+06
  0.1516666667E+00  0.6265771642E+06
  0.1519444444E+00  0.6195688511E+06
  0.1522222222E+00  0.6125605292E+06
  0.1525000000E+00  0.6055522162E+06
  0.1527777778E+00  0.5985438932E+06
  0.1530555556E+00  0.5915355834E+06
  0.1533333333E+00  0.5845272615E+06
  0.1536111111E+00  0.5775189385E+06
  0.1538888889E+00  0.5705106255E+06
  0.1541666667E+00  0.5635023036E+06
  0.1544444444E+00  0.5564939905E+06
  0.1547222222E+00  0.5494856675E+06
  0.1550000000E+00  0.5424773556E+06
  0.1552777778E+00  0.5370865827E+06
  0.1555555556E+00  0.5316958031E+06
  0.1558333333E+00  0.5263050348E+06
  0.1561111111E+00  0.5209142652E+06
  0.1563888889E+00  0.5155234968E+06
  0.1566666667E+00  0.5101327273E+06
  0.1569444444E+00  0.5047419544E+06
  0.1572222222E+00  0.4993511860E+06
  0.1575000000E+00  0.4939604165E+06
  0.1577777778E+00  0.4885696481E+06
  0.1580555556E+00  0.4831788785E+06
  0.1583333333E+00  0.4777881090E+06
  0.1586111111E+00  0.4723973373E+06
  0.1588888889E+00  0.4670065577E+06
  0.1591666667E+00  0.4616157893E+06
  0.1594444444E+00  0.4562250198E+06
  0.1597222222E+00  0.4508342502E+06
  0.1600000000E+00  0.4454434784E+06
  0.1602777778E+00  0.4413713614E+06
  0.1605555556E+00  0.4372992343E+06
  0.1608333333E+00  0.4332271173E+06
  0.1611111111E+00  0.4291549902E+06
  0.1613888889E+00  0.4250828731E+06
  0.1616666667E+00  0.4210107510E+06
  0.1619444444E+00  0.4169386289E+06
  0.1622222222E+00  0.4128665079E+06
  0.1625000000E+00  0.4087943858E+06
  0.1627777778E+00  0.4047222646E+06
  0.1630555556E+00  0.4006501426E+06
  0.1633333333E+00  0.3965780182E+06
  0.1636111111E+00  0.3925058961E+06
  0.1638888889E+00  0.3884337751E+06
  0.1641666667E+00  0.3843616530E+06
  0.1644444444E+00  0.3802895318E+06
  0.1647222222E+00  0.3762174098E+06
  0.1650000000E+00  0.3721452887E+06
  0.1652777778E+00  0.3691241984E+06
  0.1655555556E+00  0.3661031060E+06
  0.1658333333E+00  0.3630820156E+06
  0.1661111111E+00  0.3600609242E+06
  0.1663888889E+00  0.3570398339E+06
  0.1666666667E+00  0.3540187423E+06
  0.1669444444E+00  0.3509976476E+06
  0.1672222222E+00  0.3479765562E+06
  0.1675000000E+00  0.3449554659E+06
  0.1677777778E+00  0.3419343745E+06
  0.1680555556E+00  0.3389132841E+06
  0.1683333333E+00  0.3358921927E+06
  0.1686111111E+00  0.3328711002E+06
  0.1688888889E+00  0.3298500099E+06
  0.1691666667E+00  0.3268289185E+06
  0.1694444444E+00  0.3238078281E+06
  0.1697222222E+00  0.3207867366E+06
  0.1700000000E+00  0.3177656453E+06
  0.1702777778E+00  0.3155623257E+06
  0.1705555556E+00  0.3133590061E+06
  0.1708333333E+00  0.3111556888E+06
  0.1711111111E+00  0.3089523692E+06
  0.1713888889E+00  0.3067490520E+06
  0.1716666667E+00  0.3045457324E+06
  0.1719444444E+00  0.3023424118E+06
  0.1722222222E+00  0.3001390955E+06
  0.1725000000E+00  0.2979357749E+06
  0.1727777778E+00  0.2957324585E+06
  0.1730555556E+00  0.2935291380E+06
  0.1733333333E+00  0.2913258184E+06
  0.1736111111E+00  0.2891225011E+06
  0.1738888889E+00  0.2869191815E+06
  0.1741666667E+00  0.2847158654E+06
  0.1744444444E+00  0.2825125458E+06
  0.1747222222E+00  0.2803092252E+06
  0.1750000000E+00  0.2781059089E+06
  0.1752777778E+00  0.2765215737E+06
  0.1755555556E+00  0.2749372349E+06
  0.1758333333E+00  0.2733529006E+06
  0.1761111111E+00  0.2717685654E+06
  0.1763888889E+00  0.2701842311E+06
  0.1766666667E+00  0.2685998969E+06
  0.1769444444E+00  0.2670155617E+06
  0.1772222222E+00  0.2654312274E+06
  0.1775000000E+00  0.2638468898E+06
  0.1777777778E+00  0.2622625546E+06
  0.1780555556E+00  0.2606782203E+06
  0.1783333333E+00  0.2590938850E+06
  0.1786111111E+00  0.2575095497E+06
  0.1788888889E+00  0.2559252154E+06
  0.1791666667E+00  0.2543408811E+06
  0.1794444444E+00  0.2527565425E+06
  0.1797222222E+00  0.2511722083E+06
  0.1800000000E+00  0.2495878740E+06
  0.1802777778E+00  0.2484575405E+06
  0.1805555556E+00  0.2473272057E+06
  0.1808333333E+00  0.2461968721E+06
  0.1811111111E+00  0.2450665396E+06
  0.1813888889E+00  0.2439362038E+06
  0.1816666667E+00  0.2428058712E+06
  0.1819444444E+00  0.2416755377E+06
  0.1822222222E+00  0.2405452029E+06
  0.1825000000E+00  0.2394148693E+06
  0.1827777778E+00  0.2382845367E+06
  0.1830555556E+00  0.2371542020E+06
  0.1833333333E+00  0.2360238684E+06
  0.1836111111E+00  0.2348935359E+06
  0.1838888889E+00  0.2337632000E+06
  0.1841666667E+00  0.2326328675E+06
  0.1844444444E+00  0.2315025339E+06
  0.1847222222E+00  0.2303721992E+06
  0.1850000000E+00  0.2292418656E+06
  0.1852777778E+00  0.2284325489E+06
  0.1855555556E+00  0.2276232345E+06
  0.1858333333E+00  0.2268139168E+06
  0.1861111111E+00  0.2260046000E+06
  0.1863888889E+00  0.2251952823E+06
  0.1866666667E+00  0.2243859646E+06
  0.1869444444E+00  0.2235766479E+06
  0.1872222222E+00  0.2227673335E+06
  0.1875000000E+00  0.2219580168E+06
  0.1877777778E+00  0.2211486990E+06
  0.1880555556E+00  0.2203393813E+06
  0.1883333333E+00  0.2195300657E+06
  0.1886111111E+00  0.2187207513E+06
  0.1888888889E+00  0.2179114336E+06
  0.1891666667E+00  0.2171021168E+06
  0.1894444444E+00  0.2162927991E+06
  0.1897222222E+00  0.2154834814E+06
  0.1900000000E+00  0.2146741680E+06
  0.1902777778E+00  0.2140819934E+06
  0.1905555556E+00  0.2134898190E+06
  0.1908333333E+00  0.2128976455E+06
  0.1911111111E+00  0.2123054721E+06
  0.1913888889E+00  0.2117132986E+06
  0.1916666667E+00  0.2111211231E+06
  0.1919444444E+00  0.2105289496E+06
  0.1922222222E+00  0.2099367762E+06
  0.1925000000E+00  0.2093446061E+06
  0.1927777778E+00  0.2087524316E+06
  0.1930555556E+00  0.2081602571E+06
  0.1933333333E+00  0.2075680836E+06
  0.1936111111E+00  0.2069759102E+06
  0.1938888889E+00  0.2063837357E+06
  0.1941666667E+00  0.2057915612E+06
  0.1944444444E+00  0.2051993877E+06
  0.1947222222E+00  0.2046072142E+06
  0.1950000000E+00  0.2040150431E+06
  0.1952777778E+00  0.2035618835E+06
  0.1955555556E+00  0.2031087262E+06
  0.1958333333E+00  0.2026555656E+06
  0.1961111111E+00  0.2022024093E+06
  0.1963888889E+00  0.2017492509E+06
  0.1966666667E+00  0.2012960903E+06
  0.1969444444E+00  0.2008429330E+06
  0.1972222222E+00  0.2003897767E+06
  0.1975000000E+00  0.1999366161E+06
  0.1977777778E+00  0.1994834588E+06
  0.1980555556E+00  0.1990303025E+06
  0.1983333333E+00  0.1985771418E+06
  0.1986111111E+00  0.1981239845E+06
  0.1988888889E+00  0.1976708239E+06
  0.1991666667E+00  0.1972176676E+06
  0.1994444444E+00  0.1967645103E+06
  0.1997222222E+00  0.1963113497E+06
  0.2000000000E+00  0.1958581923E+06
  0.2002777778E+00  0.1954877805E+06
  0.2005555556E+00  0.1951173687E+06
  0.2008333333E+00  0.1947469557E+06
  0.2011111111E+00  0.1943765439E+06
  0.2013888889E+00  0.1940061288E+06
  0.2016666667E+00  0.1936357158E+06
  0.2019444444E+00  0.1932653040E+06
  0.2022222222E+00  0.1928948922E+06
  0.2025000000E+00  0.1925244793E+06
  0.2027777778E+00  0.1921540675E+06
  0.2030555556E+00  0.1917836557E+06
  0.2033333333E+00  0.1914132427E+06
  0.2036111111E+00  0.1910428309E+06
  0.2038888889E+00  0.1906724191E+06
  0.2041666667E+00  0.1903020029E+06
  0.2044444444E+00  0.1899315910E+06
  0.2047222222E+00  0.1895611781E+06
  0.2050000000E+00  0.1891907663E+06
  0.2052777778E+00  0.1888650714E+06
  0.2055555556E+00  0.1885393766E+06
  0.2058333333E+00  0.1882136817E+06
  0.2061111111E+00  0.1878879869E+06
  0.2063888889E+00  0.1875622920E+06
  0.2066666667E+00  0.1872365938E+06
  0.2069444444E+00  0.1869109000E+06
  0.2072222222E+00  0.1865852051E+06
  0.2075000000E+00  0.1862595103E+06
  0.2077777778E+00  0.1859338154E+06
  0.2080555556E+00  0.1856081205E+06
  0.2083333333E+00  0.1852824257E+06
  0.2086111111E+00  0.1849567318E+06
  0.2088888889E+00  0.1846310370E+06
  0.2091666667E+00  0.1843053388E+06
  0.2094444444E+00  0.1839796439E+06
  0.2097222222E+00  0.1836539491E+06
  0.2100000000E+00  0.1833282542E+06
  0.2102777778E+00  0.1830236447E+06
  0.2105555556E+00  0.1827190308E+06
  0.2108333333E+00  0.1824144203E+06
  0.2111111111E+00  0.1821098097E+06
  0.2113888889E+00  0.1818051947E+06
  0.2116666667E+00  0.1815005842E+06
  0.2119444444E+00  0.1811959714E+06
  0.2122222222E+00  0.1808913608E+06
  0.2125000000E+00  0.1805867503E+06
  0.2127777778E+00  0.1802821364E+06
  0.2130555556E+00  0.1799775259E+06
  0.2133333333E+00  0.1796729142E+06
  0.2136111111E+00  0.1793683014E+06
  0.2138888889E+00  0.1790636908E+06
  0.2141666667E+00  0.1787590770E+06
  0.2144444444E+00  0.1784544664E+06
  0.2147222222E+00  0.1781498559E+06
  0.2150000000E+00  0.1778452430E+06
  0.2152777778E+00  0.1775488604E+06
  0.2155555556E+00  0.1772524755E+06
  0.2158333333E+00  0.1769560929E+06
  0.2161111111E+00  0.1766597080E+06
  0.2163888889E+00  0.1763633264E+06
  0.2166666667E+00  0.1760669415E+06
  0.2169444444E+00  0.1757705589E+06
  0.2172222222E+00  0.1754741774E+06
  0.2175000000E+00  0.1751777924E+06
  0.2177777778E+00  0.1748814098E+06
  0.2180555556E+00  0.1745850249E+06
  0.2183333333E+00  0.1742886423E+06
  0.2186111111E+00  0.1739922574E+06
  0.2188888889E+00  0.1736958758E+06
  0.2191666667E+00  0.1733994909E+06
  0.2194444444E+00  0.1731031083E+06
  0.2197222222E+00  0.1728067234E+06
  0.2200000000E+00  0.1725103418E+06
  0.2202777778E+00  0.1722172446E+06
  0.2205555556E+00  0.1719241497E+06
  0.2208333333E+00  0.1716310502E+06
  0.2211111111E+00  0.1713379541E+06
  0.2213888889E+00  0.1710448570E+06
  0.2216666667E+00  0.1707517609E+06
  0.2219444444E+00  0.1704586659E+06
  0.2222222222E+00  0.1701655687E+06
  0.2225000000E+00  0.1698724726E+06
  0.2227777778E+00  0.1695793732E+06
  0.2230555556E+00  0.1692862771E+06
  0.2233333333E+00  0.1689931811E+06
  0.2236111111E+00  0.1687000850E+06
  0.2238888889E+00  0.1684069888E+06
  0.2241666667E+00  0.1681138927E+06
  0.2244444444E+00  0.1678207956E+06
  0.2247222222E+00  0.1675276995E+06
  0.2250000000E+00  0.1672346012E+06
  0.2252777778E+00  0.1669447687E+06
  0.2255555556E+00  0.1666549340E+06
  0.2258333333E+00  0.1663651027E+06
  0.2261111111E+00  0.1660752680E+06
  0.2263888889E+00  0.1657854366E+06
  0.2266666667E+00  0.1654956008E+06
  0.2269444444E+00  0.1652057695E+06
  0.2272222222E+00  0.1649159348E+06
  0.2275000000E+00  0.1646261035E+06
  0.2277777778E+00  0.1643362688E+06
  0.2280555556E+00  0.1640464363E+06
  0.2283333333E+00  0.1637566016E+06
  0.2286111111E+00  0.1634667703E+06
  0.2288888889E+00  0.1631769356E+06
  0.2291666667E+00  0.1628871042E+06
  0.2294444444E+00  0.1625972684E+06
  0.2297222222E+00  0.1623074337E+06
  0.2300000000E+00  0.1620176034E+06
  0.2302777778E+00  0.1617340496E+06
  0.2305555556E+00  0.1614504969E+06
  0.2308333333E+00  0.1611669474E+06
  0.2311111111E+00  0.1608833958E+06
  0.2313888889E+00  0.1605998430E+06
  0.2316666667E+00  0.1603162936E+06
  0.2319444444E+00  0.1600327408E+06
  0.2322222222E+00  0.1597491881E+06
  0.2325000000E+00  0.1594656364E+06
  0.2327777778E+00  0.1591820860E+06
  0.2330555556E+00  0.1588985332E+06
  0.2333333333E+00  0.1586149804E+06
  0.2336111111E+00  0.1583314277E+06
  0.2338888889E+00  0.1580478783E+06
  0.2341666667E+00  0.1577643266E+06
  0.2344444444E+00  0.1574807738E+06
  0.2347222222E+00  0.1571972244E+06
  0.2350000000E+00  0.1569136716E+06
  0.2352777778E+00  0.1566404775E+06
  0.2355555556E+00  0.1563672823E+06
  0.2358333333E+00  0.1560940871E+06
  0.2361111111E+00  0.1558208963E+06
  0.2363888889E+00  0.1555477020E+06
  0.2366666667E+00  0.1552745068E+06
  0.2369444444E+00  0.1550013127E+06
  0.2372222222E+00  0.1547281174E+06
  0.2375000000E+00  0.1544549265E+06
  0.2377777778E+00  0.1541817324E+06
  0.2380555556E+00  0.1539085372E+06
  0.2383333333E+00  0.1536353419E+06
  0.2386111111E+00  0.1533621488E+06
  0.2388888889E+00  0.1530889569E+06
  0.2391666667E+00  0.1528157617E+06
  0.2394444444E+00  0.1525425675E+06
  0.2397222222E+00  0.1522693733E+06
  0.2400000000E+00  0.1519961781E+06
  0.2402777778E+00  0.1517373372E+06
  0.2405555556E+00  0.1514784920E+06
  0.2408333333E+00  0.1512196478E+06
  0.2411111111E+00  0.1509608025E+06
  0.2413888889E+00  0.1507019606E+06
  0.2416666667E+00  0.1504431165E+06
  0.2419444444E+00  0.1501842712E+06
  0.2422222222E+00  0.1499254270E+06
  0.2425000000E+00  0.1496665851E+06
  0.2427777778E+00  0.1494077409E+06
  0.2430555556E+00  0.1491488956E+06
  0.2433333333E+00  0.1488900548E+06
  0.2436111111E+00  0.1486312095E+06
  0.2438888889E+00  0.1483723653E+06
  0.2441666667E+00  0.1481135200E+06
  0.2444444444E+00  0.1478546792E+06
  0.2447222222E+00  0.1475958339E+06
  0.2450000000E+00  0.1473369897E+06
  0.2452777778E+00  0.1470955738E+06
  0.2455555556E+00  0.1468541614E+06
  0.2458333333E+00  0.1466127455E+06
  0.2461111111E+00  0.1463713296E+06
  0.2463888889E+00  0.1461299149E+06
  0.2466666667E+00  0.1458884990E+06
  0.2469444444E+00  0.1456470864E+06
  0.2472222222E+00  0.1454056717E+06
  0.2475000000E+00  0.1451642548E+06
  0.2477777778E+00  0.1449228389E+06
  0.2480555556E+00  0.1446814275E+06
  0.2483333333E+00  0.1444400116E+06
  0.2486111111E+00  0.1441985957E+06
  0.2488888889E+00  0.1439571809E+06
  0.2491666667E+00  0.1437157650E+06
  0.2494444444E+00  0.1434743515E+06
  0.2497222222E+00  0.1432329367E+06
  0.2500000000E+00  0.1429915209E+06
  0.2502777778E+00  0.1427691478E+06
  0.2505555556E+00  0.1425467748E+06
  0.2508333333E+00  0.1423243984E+06
  0.2511111111E+00  0.1421020242E+06
  0.2513888889E+00  0.1418796512E+06
  0.2516666667E+00  0.1416572781E+06
  0.2519444444E+00  0.1414349051E+06
  0.2522222222E+00  0.1412125287E+06
  0.2525000000E+00  0.1409901556E+06
  0.2527777778E+00  0.1407677826E+06
  0.2530555556E+00  0.1405454096E+06
  0.2533333333E+00  0.1403230354E+06
  0.2536111111E+00  0.1401006590E+06
  0.2538888889E+00  0.1398782860E+06
  0.2541666667E+00  0.1396559129E+06
  0.2544444444E+00  0.1394335399E+06
  0.2547222222E+00  0.1392111635E+06
  0.2550000000E+00  0.1389887904E+06
  0.2552777778E+00  0.1387856120E+06
  0.2555555556E+00  0.1385824370E+06
  0.2558333333E+00  0.1383792586E+06
  0.2561111111E+00  0.1381760792E+06
  0.2563888889E+00  0.1379729008E+06
  0.2566666667E+00  0.1377697268E+06
  0.2569444444E+00  0.1375665473E+06
  0.2572222222E+00  0.1373633690E+06
  0.2575000000E+00  0.1371601906E+06
  0.2577777778E+00  0.1369570145E+06
  0.2580555556E+00  0.1367538371E+06
  0.2583333333E+00  0.1365506577E+06
  0.2586111111E+00  0.1363474793E+06
  0.2588888889E+00  0.1361443043E+06
  0.2591666667E+00  0.1359411248E+06
  0.2594444444E+00  0.1357379465E+06
  0.2597222222E+00  0.1355347691E+06
  0.2600000000E+00  0.1353315930E+06
  0.2602777778E+00  0.1351461537E+06
  0.2605555556E+00  0.1349607143E+06
  0.2608333333E+00  0.1347752783E+06
  0.2611111111E+00  0.1345898379E+06
  0.2613888889E+00  0.1344044029E+06
  0.2616666667E+00  0.1342189636E+06
  0.2619444444E+00  0.1340335275E+06
  0.2622222222E+00  0.1338480892E+06
  0.2625000000E+00  0.1336626511E+06
  0.2627777778E+00  0.1334772135E+06
  0.2630555556E+00  0.1332917747E+06
  0.2633333333E+00  0.1331063378E+06
  0.2636111111E+00  0.1329208990E+06
  0.2638888889E+00  0.1327354624E+06
  0.2641666667E+00  0.1325500233E+06
  0.2644444444E+00  0.1323645867E+06
  0.2647222222E+00  0.1321791490E+06
  0.2650000000E+00  0.1319937099E+06
  0.2652777778E+00  0.1318233307E+06
  0.2655555556E+00  0.1316529517E+06
  0.2658333333E+00  0.1314825736E+06
  0.2661111111E+00  0.1313121933E+06
  0.2663888889E+00  0.1311418141E+06
  0.2666666667E+00  0.1309714348E+06
  0.2669444444E+00  0.1308010556E+06
  0.2672222222E+00  0.1306306767E+06
  0.2675000000E+00  0.1304602975E+06
  0.2677777778E+00  0.1302899182E+06
  0.2680555556E+00  0.1301195390E+06
  0.2683333333E+00  0.1299491587E+06
  0.2686111111E+00  0.1297787809E+06
  0.2688888889E+00  0.1296084016E+06
  0.2691666667E+00  0.1294380214E+06
  0.2694444444E+00  0.1292676421E+06
  0.2697222222E+00  0.1290972628E+06
  0.2700000000E+00  0.1289268847E+06
  0.2702777778E+00  0.1287679812E+06
  0.2705555556E+00  0.1286090767E+06
  0.2708333333E+00  0.1284501729E+06
  0.2711111111E+00  0.1282912705E+06
  0.2713888889E+00  0.1281323670E+06
  0.2716666667E+00  0.1279734632E+06
  0.2719444444E+00  0.1278145608E+06
  0.2722222222E+00  0.1276556573E+06
  0.2725000000E+00  0.1274967525E+06
  0.2727777778E+00  0.1273378501E+06
  0.2730555556E+00  0.1271789463E+06
  0.2733333333E+00  0.1270200428E+06
  0.2736111111E+00  0.1268611393E+06
  0.2738888889E+00  0.1267022366E+06
  0.2741666667E+00  0.1265433331E+06
  0.2744444444E+00  0.1263844286E+06
  0.2747222222E+00  0.1262255259E+06
  0.2750000000E+00  0.1260666224E+06
  0.2752777778E+00  0.1259150142E+06
  0.2755555556E+00  0.1257634051E+06
  0.2758333333E+00  0.1256117969E+06
  0.2761111111E+00  0.1254601887E+06
  0.2763888889E+00  0.1253085795E+06
  0.2766666667E+00  0.1251569713E+06
  0.2769444444E+00  0.1250053621E+06
  0.2772222222E+00  0.1248537539E+06
  0.2775000000E+00  0.1247021468E+06
  0.2777777778E+00  0.1245505372E+06
  0.2780555556E+00  0.1243989291E+06
  0.2783333333E+00  0.1242473211E+06
  0.2786111111E+00  0.1240957120E+06
  0.2788888889E+00  0.1239441039E+06
  0.2791666667E+00  0.1237924947E+06
  0.2794444444E+00  0.1236408863E+06
  0.2797222222E+00  0.1234892782E+06
  0.2800000000E+00  0.1233376692E+06
  0.2802777778E+00  0.1231890500E+06
  0.2805555556E+00  0.1230404298E+06
  0.2808333333E+00  0.1228918096E+06
  0.2811111111E+00  0.1227431894E+06
  0.2813888889E+00  0.1225945703E+06
  0.2816666667E+00  0.1224459501E+06
  0.2819444444E+00  0.1222973299E+06
  0.2822222222E+00  0.1221487097E+06
  0.2825000000E+00  0.1220000891E+06
  0.2827777778E+00  0.1218514700E+06
  0.2830555556E+00  0.1217028498E+06
  0.2833333333E+00  0.1215542296E+06
  0.2836111111E+00  0.1214056094E+06
  0.2838888889E+00  0.1212569902E+06
  0.2841666667E+00  0.1211083701E+06
  0.2844444444E+00  0.1209597499E+06
  0.2847222222E+00  0.1208111297E+06
  0.2850000000E+00  0.1206625105E+06
  0.2852777778E+00  0.1205128474E+06
  0.2855555556E+00  0.1203631857E+06
  0.2858333333E+00  0.1202135239E+06
  0.2861111111E+00  0.1200638619E+06
  0.2863888889E+00  0.1199141991E+06
  0.2866666667E+00  0.1197645373E+06
  0.2869444444E+00  0.1196148752E+06
  0.2872222222E+00  0.1194652134E+06
  0.2875000000E+00  0.1193155517E+06
  0.2877777778E+00  0.1191658886E+06
  0.2880555556E+00  0.1190162268E+06
  0.2883333333E+00  0.1188665650E+06
  0.2886111111E+00  0.1187169033E+06
  0.2888888889E+00  0.1185672403E+06
  0.2891666667E+00  0.1184175785E+06
  0.2894444444E+00  0.1182679167E+06
  0.2897222222E+00  0.1181182546E+06
  0.2900000000E+00  0.1179685928E+06
  0.2902777778E+00  0.1178143039E+06
  0.2905555556E+00  0.1176600157E+06
  0.2908333333E+00  0.1175057277E+06
  0.2911111111E+00  0.1173514398E+06
  0.2913888889E+00  0.1171971518E+06
  0.2916666667E+00  0.1170428635E+06
  0.2919444444E+00  0.1168885746E+06
  0.2922222222E+00  0.1167342867E+06
  0.2925000000E+00  0.1165799985E+06
  0.2927777778E+00  0.1164257105E+06
  0.2930555556E+00  0.1162714226E+06
  0.2933333333E+00  0.1161171347E+06
  0.2936111111E+00  0.1159628464E+06
  0.2938888889E+00  0.1158085574E+06
  0.2941666667E+00  0.1156542695E+06
  0.2944444444E+00  0.1154999812E+06
  0.2947222222E+00  0.1153456933E+06
  0.2950000000E+00  0.1151914054E+06
  0.2952777778E+00  0.1150298527E+06
  0.2955555556E+00  0.1148683004E+06
  0.2958333333E+00  0.1147067485E+06
  0.2961111111E+00  0.1145451962E+06
  0.2963888889E+00  0.1143836435E+06
  0.2966666667E+00  0.1142220911E+06
  0.2969444444E+00  0.1140605393E+06
  0.2972222222E+00  0.1138989870E+06
  0.2975000000E+00  0.1137374346E+06
  0.2977777778E+00  0.1135758819E+06
  0.2980555556E+00  0.1134143305E+06
  0.2983333333E+00  0.1132527778E+06
  0.2986111111E+00  0.1130912254E+06
  0.2988888889E+00  0.1129296727E+06
  0.2991666667E+00  0.1127681212E+06
  0.2994444444E+00  0.1126065686E+06
  0.2997222222E+00  0.1124450162E+06
  0.3000000000E+00  0.1122834635E+06
  0.3002777778E+00  0.1121128726E+06
  0.3005555556E+00  0.1119422818E+06
  0.3008333333E+00  0.1117716911E+06
  0.3011111111E+00  0.1116011003E+06
  0.3013888889E+00  0.1114305094E+06
  0.3016666667E+00  0.1112599187E+06
  0.3019444444E+00  0.1110893282E+06
  0.3022222222E+00  0.1109187375E+06
  0.3025000000E+00  0.1107481466E+06
  0.3027777778E+00  0.1105775558E+06
  0.3030555556E+00  0.1104069650E+06
  0.3033333333E+00  0.1102363743E+06
  0.3036111111E+00  0.1100657834E+06
  0.3038888889E+00  0.1098951926E+06
  0.3041666667E+00  0.1097246018E+06
  0.3044444444E+00  0.1095540111E+06
  0.3047222222E+00  0.1093834203E+06
  0.3050000000E+00  0.1092128294E+06
  0.3052777778E+00  0.1090325073E+06
  0.3055555556E+00  0.1088521851E+06
  0.3058333333E+00  0.1086718634E+06
  0.3061111111E+00  0.1084915412E+06
  0.3063888889E+00  0.1083112190E+06
  0.3066666667E+00  0.1081308972E+06
  0.3069444444E+00  0.1079505750E+06
  0.3072222222E+00  0.1077702529E+06
  0.3075000000E+00  0.1075899307E+06
  0.3077777778E+00  0.1074096089E+06
  0.3080555556E+00  0.1072292857E+06
  0.3083333333E+00  0.1070489635E+06
  0.3086111111E+00  0.1068686414E+06
  0.3088888889E+00  0.1066883195E+06
  0.3091666667E+00  0.1065079974E+06
  0.3094444444E+00  0.1063276752E+06
  0.3097222222E+00  0.1061473534E+06
  0.3100000000E+00  0.1059670313E+06
  0.3102777778E+00  0.1057773706E+06
  0.3105555556E+00  0.1055877086E+06
  0.3108333333E+00  0.1053980479E+06
  0.3111111111E+00  0.1052083862E+06
  0.3113888889E+00  0.1050187256E+06
  0.3116666667E+00  0.1048290649E+06
  0.3119444444E+00  0.1046394029E+06
  0.3122222222E+00  0.1044497422E+06
  0.3125000000E+00  0.1042600807E+06
  0.3127777778E+00  0.1040704200E+06
  0.3130555556E+00  0.1038807593E+06
  0.3133333333E+00  0.1036910973E+06
  0.3136111111E+00  0.1035014366E+06
  0.3138888889E+00  0.1033117749E+06
  0.3141666667E+00  0.1031221143E+06
  0.3144444444E+00  0.1029324526E+06
  0.3147222222E+00  0.1027427919E+06
  0.3150000000E+00  0.1025531309E+06
  0.3152777778E+00  0.1023555877E+06
  0.3155555556E+00  0.1021580452E+06
  0.3158333333E+00  0.1019605027E+06
  0.3161111111E+00  0.1017629602E+06
  0.3163888889E+00  0.1015654176E+06
  0.3166666667E+00  0.1013678755E+06
  0.3169444444E+00  0.1011703330E+06
  0.3172222222E+00  0.1009727895E+06
  0.3175000000E+00  0.1007752470E+06
  0.3177777778E+00  0.1005777045E+06
  0.3180555556E+00  0.1003801620E+06
  0.3183333333E+00  0.1001826197E+06
  0.3186111111E+00  0.9998507717E+05
  0.3188888889E+00  0.9978753367E+05
  0.3191666667E+00  0.9958999117E+05
  0.3194444444E+00  0.9939244866E+05
  0.3197222222E+00  0.9919490649E+05
  0.3200000000E+00  0.9899736399E+05
  0.3202777778E+00  0.9879420653E+05
  0.3205555556E+00  0.9859104941E+05
  0.3208333333E+00  0.9838789295E+05
  0.3211111111E+00  0.9818473549E+05
  0.3213888889E+00  0.9798157836E+05
  0.3216666667E+00  0.9777842090E+05
  0.3219444444E+00  0.9757526344E+05
  0.3222222222E+00  0.9737210732E+05
  0.3225000000E+00  0.9716894986E+05
  0.3227777778E+00  0.9696579239E+05
  0.3230555556E+00  0.9676263527E+05
  0.3233333333E+00  0.9655947881E+05
  0.3236111111E+00  0.9635632135E+05
  0.3238888889E+00  0.9615316423E+05
  0.3241666667E+00  0.9595000677E+05
  0.3244444444E+00  0.9574684929E+05
  0.3247222222E+00  0.9554369317E+05
  0.3250000000E+00  0.9534053571E+05
  0.3252777778E+00  0.9513491674E+05
  0.3255555556E+00  0.9492929688E+05
  0.3258333333E+00  0.9472367802E+05
  0.3261111111E+00  0.9451805817E+05
  0.3263888889E+00  0.9431243920E+05
  0.3266666667E+00  0.9410682034E+05
  0.3269444444E+00  0.9390120047E+05
  0.3272222222E+00  0.9369558150E+05
  0.3275000000E+00  0.9348996165E+05
  0.3277777778E+00  0.9328434279E+05
  0.3280555556E+00  0.9307872393E+05
  0.3283333333E+00  0.9287310396E+05
  0.3286111111E+00  0.9266748510E+05
  0.3288888889E+00  0.9246186624E+05
  0.3291666667E+00  0.9225624639E+05
  0.3294444444E+00  0.9205062742E+05
  0.3297222222E+00  0.9184500756E+05
  0.3300000000E+00  0.9163938870E+05
  0.3302777778E+00  0.9143487618E+05
  0.3305555556E+00  0.9123036267E+05
  0.3308333333E+00  0.9102585015E+05
  0.3311111111E+00  0.9082133664E+05
  0.3313888889E+00  0.9061682411E+05
  0.3316666667E+00  0.9041231071E+05
  0.3319444444E+00  0.9020779820E+05
  0.3322222222E+00  0.9000328468E+05
  0.3325000000E+00  0.8979877216E+05
  0.3327777778E+00  0.8959425865E+05
  0.3330555556E+00  0.8938974614E+05
  0.3333333333E+00  0.8918523296E+05
  0.3336111111E+00  0.8898072043E+05
  0.3338888889E+00  0.8877620703E+05
  0.3341666667E+00  0.8857169451E+05
  0.3344444444E+00  0.8836718200E+05
  0.3347222222E+00  0.8816266848E+05
  0.3350000000E+00  0.8795815597E+05
  0.3352777778E+00  0.8775873465E+05
  0.3355555556E+00  0.8755931333E+05
  0.3358333333E+00  0.8735989334E+05
  0.3361111111E+00  0.8716047204E+05
  0.3363888889E+00  0.8696105060E+05
  0.3366666667E+00  0.8676163028E+05
  0.3369444444E+00  0.8656220897E+05
  0.3372222222E+00  0.8636278865E+05
  0.3375000000E+00  0.8616336766E+05
  0.3377777778E+00  0.8596394634E+05
  0.3380555556E+00  0.8576452603E+05
  0.3383333333E+00  0.8556510471E+05
  0.3386111111E+00  0.8536568328E+05
  0.3388888889E+00  0.8516626330E+05
  0.3391666667E+00  0.8496684198E+05
  0.3394444444E+00  0.8476742166E+05
  0.3397222222E+00  0.8456800035E+05
  0.3400000000E+00  0.8436857903E+05
  0.3402777778E+00  0.8417833136E+05
  0.3405555556E+00  0.8398808468E+05
  0.3408333333E+00  0.8379783668E+05
  0.3411111111E+00  0.8360758901E+05
  0.3413888889E+00  0.8341734101E+05
  0.3416666667E+00  0.8322709335E+05
  0.3419444444E+00  0.8303684668E+05
  0.3422222222E+00  0.8284659866E+05
  0.3425000000E+00  0.8265635100E+05
  0.3427777778E+00  0.8246610333E+05
  0.3430555556E+00  0.8227585533E+05
  0.3433333333E+00  0.8208560866E+05
  0.3436111111E+00  0.8189536109E+05
  0.3438888889E+00  0.8170511309E+05
  0.3441666667E+00  0.8151486543E+05
  0.3444444444E+00  0.8132461776E+05
  0.3447222222E+00  0.8113437076E+05
  0.3450000000E+00  0.8094412309E+05
  0.3452777778E+00  0.8076700371E+05
  0.3455555556E+00  0.8058988444E+05
  0.3458333333E+00  0.8041276540E+05
  0.3461111111E+00  0.8023564615E+05
  0.3463888889E+00  0.8005852677E+05
  0.3466666667E+00  0.7988140751E+05
  0.3469444444E+00  0.7970428847E+05
  0.3472222222E+00  0.7952716921E+05
  0.3475000000E+00  0.7935004983E+05
  0.3477777778E+00  0.7917293157E+05
  0.3480555556E+00  0.7899581220E+05
  0.3483333333E+00  0.7881869326E+05
  0.3486111111E+00  0.7864157401E+05
  0.3488888889E+00  0.7846445463E+05
  0.3491666667E+00  0.7828733537E+05
  0.3494444444E+00  0.7811021634E+05
  0.3497222222E+00  0.7793309707E+05
  0.3500000000E+00  0.7775597769E+05
  0.3502777778E+00  0.7759564045E+05
  0.3505555556E+00  0.7743530320E+05
  0.3508333333E+00  0.7727496596E+05
  0.3511111111E+00  0.7711462906E+05
  0.3513888889E+00  0.7695429182E+05
  0.3516666667E+00  0.7679395457E+05
  0.3519444444E+00  0.7663361733E+05
  0.3522222222E+00  0.7647328008E+05
  0.3525000000E+00  0.7631294384E+05
  0.3527777778E+00  0.7615260659E+05
  0.3530555556E+00  0.7599226968E+05
  0.3533333333E+00  0.7583193244E+05
  0.3536111111E+00  0.7567159519E+05
  0.3538888889E+00  0.7551125795E+05
  0.3541666667E+00  0.7535092071E+05
  0.3544444444E+00  0.7519058347E+05
  0.3547222222E+00  0.7503024623E+05
  0.3550000000E+00  0.7486990898E+05
  0.3552777778E+00  0.7472950714E+05
  0.3555555556E+00  0.7458910530E+05
  0.3558333333E+00  0.7444870446E+05
  0.3561111111E+00  0.7430830261E+05
  0.3563888889E+00  0.7416790043E+05
  0.3566666667E+00  0.7402749859E+05
  0.3569444444E+00  0.7388709674E+05
  0.3572222222E+00  0.7374669490E+05
  0.3575000000E+00  0.7360629372E+05
  0.3577777778E+00  0.7346589188E+05
  0.3580555556E+00  0.7332549004E+05
  0.3583333333E+00  0.7318508819E+05
  0.3586111111E+00  0.7304468602E+05
  0.3588888889E+00  0.7290428506E+05
  0.3591666667E+00  0.7276388321E+05
  0.3594444444E+00  0.7262348138E+05
  0.3597222222E+00  0.7248307919E+05
  0.3600000000E+00  0.7234267735E+05
  0.3602777778E+00  0.7222469913E+05
  0.3605555556E+00  0.7210671998E+05
  0.3608333333E+00  0.7198874147E+05
  0.3611111111E+00  0.7187076252E+05
  0.3613888889E+00  0.7175278380E+05
  0.3616666667E+00  0.7163480485E+05
  0.3619444444E+00  0.7151682612E+05
  0.3622222222E+00  0.7139884717E+05
  0.3625000000E+00  0.7128086866E+05
  0.3627777778E+00  0.7116288961E+05
  0.3630555556E+00  0.7104491099E+05
  0.3633333333E+00  0.7092693194E+05
  0.3636111111E+00  0.7080895332E+05
  0.3638888889E+00  0.7069097437E+05
  0.3641666667E+00  0.7057299565E+05
  0.3644444444E+00  0.7045501681E+05
  0.3647222222E+00  0.7033703818E+05
  0.3650000000E+00  0.7021905913E+05
  0.3652777778E+00  0.7012523759E+05
  0.3655555556E+00  0.7003141614E+05
  0.3658333333E+00  0.6993759458E+05
  0.3661111111E+00  0.6984377271E+05
  0.3663888889E+00  0.6974995125E+05
  0.3666666667E+00  0.6965612971E+05
  0.3669444444E+00  0.6956230816E+05
  0.3672222222E+00  0.6946848637E+05
  0.3675000000E+00  0.6937466483E+05
  0.3677777778E+00  0.6928084327E+05
  0.3680555556E+00  0.6918702173E+05
  0.3683333333E+00  0.6909319984E+05
  0.3686111111E+00  0.6899937828E+05
  0.3688888889E+00  0.6890555674E+05
  0.3691666667E+00  0.6881173528E+05
  0.3694444444E+00  0.6871791374E+05
  0.3697222222E+00  0.6862409186E+05
  0.3700000000E+00  0.6853027030E+05
  0.3702777778E+00  0.6846147610E+05
  0.3705555556E+00  0.6839268234E+05
  0.3708333333E+00  0.6832388813E+05
  0.3711111111E+00  0.6825509392E+05
  0.3713888889E+00  0.6818630005E+05
  0.3716666667E+00  0.6811750596E+05
  0.3719444444E+00  0.6804871175E+05
  0.3722222222E+00  0.6797991788E+05
  0.3725000000E+00  0.6791112367E+05
  0.3727777778E+00  0.6784232948E+05
  0.3730555556E+00  0.6777353560E+05
  0.3733333333E+00  0.6770474140E+05
  0.3736111111E+00  0.6763594719E+05
  0.3738888889E+00  0.6756715332E+05
  0.3741666667E+00  0.6749835922E+05
  0.3744444444E+00  0.6742956502E+05
  0.3747222222E+00  0.6736077115E+05
  0.3750000000E+00  0.6729197694E+05
  0.3752777778E+00  0.6724825058E+05
  0.3755555556E+00  0.6720452422E+05
  0.3758333333E+00  0.6716079752E+05
  0.3761111111E+00  0.6711707116E+05
  0.3763888889E+00  0.6707334480E+05
  0.3766666667E+00  0.6702961854E+05
  0.3769444444E+00  0.6698589216E+05
  0.3772222222E+00  0.6694216580E+05
  0.3775000000E+00  0.6689843910E+05
  0.3777777778E+00  0.6685471274E+05
  0.3780555556E+00  0.6681098638E+05
  0.3783333333E+00  0.6676726012E+05
  0.3786111111E+00  0.6672353376E+05
  0.3788888889E+00  0.6667980706E+05
  0.3791666667E+00  0.6663608070E+05
  0.3794444444E+00  0.6659235434E+05
  0.3797222222E+00  0.6654862798E+05
  0.3800000000E+00  0.6650490171E+05
  0.3802777778E+00  0.6648534889E+05
  0.3805555556E+00  0.6646579639E+05
  0.3808333333E+00  0.6644624356E+05
  0.3811111111E+00  0.6642669083E+05
  0.3813888889E+00  0.6640713824E+05
  0.3816666667E+00  0.6638758552E+05
  0.3819444444E+00  0.6636803302E+05
  0.3822222222E+00  0.6634848019E+05
  0.3825000000E+00  0.6632892736E+05
  0.3827777778E+00  0.6630937487E+05
  0.3830555556E+00  0.6628982214E+05
  0.3833333333E+00  0.6627026964E+05
  0.3836111111E+00  0.6625071691E+05
  0.3838888889E+00  0.6623116432E+05
  0.3841666667E+00  0.6621161148E+05
  0.3844444444E+00  0.6619205876E+05
  0.3847222222E+00  0.6617250627E+05
  0.3850000000E+00  0.6615295344E+05
  0.3852777778E+00  0.6615598116E+05
  0.3855555556E+00  0.6615900889E+05
  0.3858333333E+00  0.6616203672E+05
  0.3861111111E+00  0.6616506434E+05
  0.3863888889E+00  0.6616809208E+05
  0.3866666667E+00  0.6617111979E+05
  0.3869444444E+00  0.6617414753E+05
  0.3872222222E+00  0.6617717536E+05
  0.3875000000E+00  0.6618020297E+05
  0.3877777778E+00  0.6618323070E+05
  0.3880555556E+00  0.6618625854E+05
  0.3883333333E+00  0.6618928615E+05
  0.3886111111E+00  0.6619231365E+05
  0.3888888889E+00  0.6619534138E+05
  0.3891666667E+00  0.6619836900E+05
  0.3894444444E+00  0.6620139683E+05
  0.3897222222E+00  0.6620442445E+05
  0.3900000000E+00  0.6620745229E+05
  0.3902777778E+00  0.6623063346E+05
  0.3905555556E+00  0.6625381453E+05
  0.3908333333E+00  0.6627699571E+05
  0.3911111111E+00  0.6630017712E+05
  0.3913888889E+00  0.6632335807E+05
  0.3916666667E+00  0.6634653937E+05
  0.3919444444E+00  0.6636972032E+05
  0.3922222222E+00  0.6639290151E+05
  0.3925000000E+00  0.6641608291E+05
  0.3927777778E+00  0.6643926386E+05
  0.3930555556E+00  0.6646244516E+05
  0.3933333333E+00  0.6648562611E+05
  0.3936111111E+00  0.6650880740E+05
  0.3938888889E+00  0.6653198836E+05
  0.3941666667E+00  0.6655516965E+05
  0.3944444444E+00  0.6657835095E+05
  0.3947222222E+00  0.6660153191E+05
  0.3950000000E+00  0.6662471319E+05
  0.3952777778E+00  0.6666511943E+05
  0.3955555556E+00  0.6670552567E+05
  0.3958333333E+00  0.6674593201E+05
  0.3961111111E+00  0.6678633824E+05
  0.3963888889E+00  0.6682674448E+05
  0.3966666667E+00  0.6686715071E+05
  0.3969444444E+00  0.6690755695E+05
  0.3972222222E+00  0.6694796318E+05
  0.3975000000E+00  0.6698836951E+05
  0.3977777778E+00  0.6702877575E+05
  0.3980555556E+00  0.6706918188E+05
  0.3983333333E+00  0.6710958822E+05
  0.3986111111E+00  0.6714999446E+05
  0.3988888889E+00  0.6719040069E+05
  0.3991666667E+00  0.6723080703E+05
  0.3994444444E+00  0.6727121360E+05
  0.3997222222E+00  0.6731161983E+05
  0.4000000000E+00  0.6735202607E+05
  0.4002777778E+00  0.6740622478E+05
  0.4005555556E+00  0.6746042360E+05
  0.4008333333E+00  0.6751462232E+05
  0.4011111111E+00  0.6756882126E+05
  0.4013888889E+00  0.6762301998E+05
  0.4016666667E+00  0.6767721881E+05
  0.4019444444E+00  0.6773141786E+05
  0.4022222222E+00  0.6778561657E+05
  0.4025000000E+00  0.6783981528E+05
  0.4027777778E+00  0.6789401434E+05
  0.4030555556E+00  0.6794821315E+05
  0.4033333333E+00  0.6800241177E+05
  0.4036111111E+00  0.6805661082E+05
  0.4038888889E+00  0.6811080954E+05
  0.4041666667E+00  0.6816500836E+05
  0.4044444444E+00  0.6821920708E+05
  0.4047222222E+00  0.6827340613E+05
  0.4050000000E+00  0.6832760485E+05
  0.4052777778E+00  0.6839190769E+05
  0.4055555556E+00  0.6845621108E+05
  0.4058333333E+00  0.6852051403E+05
  0.4061111111E+00  0.6858481687E+05
  0.4063888889E+00  0.6864911983E+05
  0.4066666667E+00  0.6871342311E+05
  0.4069444444E+00  0.6877772596E+05
  0.4072222222E+00  0.6884202890E+05
  0.4075000000E+00  0.6890633187E+05
  0.4077777778E+00  0.6897063515E+05
  0.4080555556E+00  0.6903493810E+05
  0.4083333333E+00  0.6909924094E+05
  0.4086111111E+00  0.6916354390E+05
  0.4088888889E+00  0.6922784718E+05
  0.4091666667E+00  0.6929215003E+05
  0.4094444444E+00  0.6935645297E+05
  0.4097222222E+00  0.6942075603E+05
  0.4100000000E+00  0.6948505888E+05
  0.4102777778E+00  0.6955566358E+05
  0.4105555556E+00  0.6962626806E+05
  0.4108333333E+00  0.6969687252E+05
  0.4111111111E+00  0.6976747688E+05
  0.4113888889E+00  0.6983808136E+05
  0.4116666667E+00  0.6990868572E+05
  0.4119444444E+00  0.6997929019E+05
  0.4122222222E+00  0.7004989490E+05
  0.4125000000E+00  0.7012049937E+05
  0.4127777778E+00  0.7019110373E+05
  0.4130555556E+00  0.7026170809E+05
  0.4133333333E+00  0.7033231267E+05
  0.4136111111E+00  0.7040291703E+05
  0.4138888889E+00  0.7047352150E+05
  0.4141666667E+00  0.7054412621E+05
  0.4144444444E+00  0.7061473068E+05
  0.4147222222E+00  0.7068533504E+05
  0.4150000000E+00  0.7075593941E+05
  0.4152777778E+00  0.7082908750E+05
  0.4155555556E+00  0.7090223516E+05
  0.4158333333E+00  0.7097538327E+05
  0.4161111111E+00  0.7104853126E+05
  0.4163888889E+00  0.7112167925E+05
  0.4166666667E+00  0.7119482701E+05
  0.4169444444E+00  0.7126797491E+05
  0.4172222222E+00  0.7134112289E+05
  0.4175000000E+00  0.7141427066E+05
  0.4177777778E+00  0.7148741866E+05
  0.4180555556E+00  0.7156056675E+05
  0.4183333333E+00  0.7163371441E+05
  0.4186111111E+00  0.7170686240E+05
  0.4188888889E+00  0.7178001050E+05
  0.4191666667E+00  0.7185315849E+05
  0.4194444444E+00  0.7192630605E+05
  0.4197222222E+00  0.7199945415E+05
  0.4200000000E+00  0.7207260214E+05
  0.4202777778E+00  0.7214477221E+05
  0.4205555556E+00  0.7221694253E+05
  0.4208333333E+00  0.7228911250E+05
  0.4211111111E+00  0.7236128291E+05
  0.4213888889E+00  0.7243345323E+05
  0.4216666667E+00  0.7250562321E+05
  0.4219444444E+00  0.7257779362E+05
  0.4222222222E+00  0.7264996359E+05
  0.4225000000E+00  0.7272213390E+05
  0.4227777778E+00  0.7279430421E+05
  0.4230555556E+00  0.7286647419E+05
  0.4233333333E+00  0.7293864449E+05
  0.4236111111E+00  0.7301081457E+05
  0.4238888889E+00  0.7308298488E+05
  0.4241666667E+00  0.7315515486E+05
  0.4244444444E+00  0.7322732527E+05
  0.4247222222E+00  0.7329949558E+05
  0.4250000000E+00  0.7337166565E+05
  0.4252777778E+00  0.7343970002E+05
  0.4255555556E+00  0.7350773439E+05
  0.4258333333E+00  0.7357576875E+05
  0.4261111111E+00  0.7364380310E+05
  0.4263888889E+00  0.7371183714E+05
  0.4266666667E+00  0.7377987160E+05
  0.4269444444E+00  0.7384790597E+05
  0.4272222222E+00  0.7391594032E+05
  0.4275000000E+00  0.7398397469E+05
  0.4277777778E+00  0.7405200906E+05
  0.4280555556E+00  0.7412004307E+05
  0.4283333333E+00  0.7418807754E+05
  0.4286111111E+00  0.7425611191E+05
  0.4288888889E+00  0.7432414627E+05
  0.4291666667E+00  0.7439218063E+05
  0.4294444444E+00  0.7446021499E+05
  0.4297222222E+00  0.7452824913E+05
  0.4300000000E+00  0.7459628349E+05
  0.4302777778E+00  0.7465750915E+05
  0.4305555556E+00  0.7471873447E+05
  0.4308333333E+00  0.7477995968E+05
  0.4311111111E+00  0.7484118500E+05
  0.4313888889E+00  0.7490241067E+05
  0.4316666667E+00  0.7496363599E+05
  0.4319444444E+00  0.7502486131E+05
  0.4322222222E+00  0.7508608685E+05
  0.4325000000E+00  0.7514731218E+05
  0.4327777778E+00  0.7520853751E+05
  0.4330555556E+00  0.7526976272E+05
  0.4333333333E+00  0.7533098838E+05
  0.4336111111E+00  0.7539221380E+05
  0.4338888889E+00  0.7545343903E+05
  0.4341666667E+00  0.7551466468E+05
  0.4344444444E+00  0.7557589001E+05
  0.4347222222E+00  0.7563711522E+05
  0.4350000000E+00  0.7569834054E+05
  0.4352777778E+00  0.7575065863E+05
  0.4355555556E+00  0.7580297672E+05
  0.4358333333E+00  0.7585529438E+05
  0.4361111111E+00  0.7590761247E+05
  0.4363888889E+00  0.7595993055E+05
  0.4366666667E+00  0.7601224822E+05
  0.4369444444E+00  0.7606456630E+05
  0.4372222222E+00  0.7611688438E+05
  0.4375000000E+00  0.7616920215E+05
  0.4377777778E+00  0.7622152013E+05
  0.4380555556E+00  0.7627383822E+05
  0.4383333333E+00  0.7632615598E+05
  0.4386111111E+00  0.7637847396E+05
  0.4388888889E+00  0.7643079206E+05
  0.4391666667E+00  0.7648310981E+05
  0.4394444444E+00  0.7653542779E+05
  0.4397222222E+00  0.7658774589E+05
  0.4400000000E+00  0.7664006364E+05
  0.4402777778E+00  0.7668203483E+05
  0.4405555556E+00  0.7672400567E+05
  0.4408333333E+00  0.7676597675E+05
  0.4411111111E+00  0.7680794759E+05
  0.4413888889E+00  0.7684991833E+05
  0.4416666667E+00  0.7689188962E+05
  0.4419444444E+00  0.7693386036E+05
  0.4422222222E+00  0.7697583121E+05
  0.4425000000E+00  0.7701780228E+05
  0.4427777778E+00  0.7705977303E+05
  0.4430555556E+00  0.7710174419E+05
  0.4433333333E+00  0.7714371505E+05
  0.4436111111E+00  0.7718568590E+05
  0.4438888889E+00  0.7722765697E+05
  0.4441666667E+00  0.7726962782E+05
  0.4444444444E+00  0.7731159888E+05
  0.4447222222E+00  0.7735357004E+05
  0.4450000000E+00  0.7739554108E+05
  0.4452777778E+00  0.7742634148E+05
  0.4455555556E+00  0.7745714320E+05
  0.4458333333E+00  0.7748794459E+05
  0.4461111111E+00  0.7751874598E+05
  0.4463888889E+00  0.7754954738E+05
  0.4466666667E+00  0.7758034876E+05
  0.4469444444E+00  0.7761114916E+05
  0.4472222222E+00  0.7764195055E+05
  0.4475000000E+00  0.7767275195E+05
  0.4477777778E+00  0.7770355334E+05
  0.4480555556E+00  0.7773435518E+05
  0.4483333333E+00  0.7776515656E+05
  0.4486111111E+00  0.7779595695E+05
  0.4488888889E+00  0.7782675835E+05
  0.4491666667E+00  0.7785755973E+05
  0.4494444444E+00  0.7788836114E+05
  0.4497222222E+00  0.7791916252E+05
  0.4500000000E+00  0.7794996392E+05
  0.4502777778E+00  0.7796943062E+05
  0.4505555556E+00  0.7798889822E+05
  0.4508333333E+00  0.7800836460E+05
  0.4511111111E+00  0.7802783230E+05
  0.4513888889E+00  0.7804729890E+05
  0.4516666667E+00  0.7806676628E+05
  0.4519444444E+00  0.7808623298E+05
  0.4522222222E+00  0.7810570058E+05
  0.4525000000E+00  0.7812516694E+05
  0.4527777778E+00  0.7814463466E+05
  0.4530555556E+00  0.7816410226E+05
  0.4533333333E+00  0.7818356862E+05
  0.4536111111E+00  0.7820303634E+05
  0.4538888889E+00  0.7822250292E+05
  0.4541666667E+00  0.7824197064E+05
  0.4544444444E+00  0.7826143701E+05
  0.4547222222E+00  0.7828090460E+05
  0.4550000000E+00  0.7830037131E+05
  0.4552777778E+00  0.7830896081E+05
  0.4555555556E+00  0.7831755031E+05
  0.4558333333E+00  0.7832614003E+05
  0.4561111111E+00  0.7833472952E+05
  0.4563888889E+00  0.7834331935E+05
  0.4566666667E+00  0.7835190885E+05
  0.4569444444E+00  0.7836049856E+05
  0.4572222222E+00  0.7836908807E+05
  0.4575000000E+00  0.7837767756E+05
  0.4577777778E+00  0.7838626739E+05
  0.4580555556E+00  0.7839485689E+05
  0.4583333333E+00  0.7840344661E+05
  0.4586111111E+00  0.7841203611E+05
  0.4588888889E+00  0.7842062594E+05
  0.4591666667E+00  0.7842921543E+05
  0.4594444444E+00  0.7843780494E+05
  0.4597222222E+00  0.7844639465E+05
  0.4600000000E+00  0.7845498414E+05
  0.4602777778E+00  0.7845366184E+05
  0.4605555556E+00  0.7845233953E+05
  0.4608333333E+00  0.7845101777E+05
  0.4611111111E+00  0.7844969547E+05
  0.4613888889E+00  0.7844837416E+05
  0.4616666667E+00  0.7844705140E+05
  0.4619444444E+00  0.7844572909E+05
  0.4622222222E+00  0.7844440779E+05
  0.4625000000E+00  0.7844308503E+05
  0.4627777778E+00  0.7844176371E+05
  0.4630555556E+00  0.7844044141E+05
  0.4633333333E+00  0.7843911910E+05
  0.4636111111E+00  0.7843779734E+05
  0.4638888889E+00  0.7843647503E+05
  0.4641666667E+00  0.7843515273E+05
  0.4644444444E+00  0.7843383097E+05
  0.4647222222E+00  0.7843250866E+05
  0.4650000000E+00  0.7843118735E+05
  0.4652777778E+00  0.7842134470E+05
  0.4655555556E+00  0.7841150240E+05
  0.4658333333E+00  0.7840166010E+05
  0.4661111111E+00  0.7839181778E+05
  0.4663888889E+00  0.7838197548E+05
  0.4666666667E+00  0.7837213294E+05
  0.4669444444E+00  0.7836229064E+05
  0.4672222222E+00  0.7835244832E+05
  0.4675000000E+00  0.7834260601E+05
  0.4677777778E+00  0.7833276338E+05
  0.4680555556E+00  0.7832292106E+05
  0.4683333333E+00  0.7831307876E+05
  0.4686111111E+00  0.7830323644E+05
  0.4688888889E+00  0.7829339392E+05
  0.4691666667E+00  0.7828355160E+05
  0.4694444444E+00  0.7827370929E+05
  0.4697222222E+00  0.7826386698E+05
  0.4700000000E+00  0.7825402434E+05
  0.4702777778E+00  0.7823738137E+05
  0.4705555556E+00  0.7822073907E+05
  0.4708333333E+00  0.7820409599E+05
  0.4711111111E+00  0.7818745269E+05
  0.4713888889E+00  0.7817080972E+05
  0.4716666667E+00  0.7815416742E+05
  0.4719444444E+00  0.7813752435E+05
  0.4722222222E+00  0.7812088104E+05
  0.4725000000E+00  0.7810423907E+05
  0.4727777778E+00  0.7808759566E+05
  0.4730555556E+00  0.7807095269E+05
  0.4733333333E+00  0.7805430939E+05
  0.4736111111E+00  0.7803766709E+05
  0.4738888889E+00  0.7802102401E+05
  0.4741666667E+00  0.7800438071E+05
  0.4744444444E+00  0.7798773835E+05
  0.4747222222E+00  0.7797109534E+05
  0.4750000000E+00  0.7795445256E+05
  0.4752777778E+00  0.7793291940E+05
  0.4755555556E+00  0.7791138623E+05
  0.4758333333E+00  0.7788985340E+05
  0.4761111111E+00  0.7786832013E+05
  0.4763888889E+00  0.7784678697E+05
  0.4766666667E+00  0.7782525380E+05
  0.4769444444E+00  0.7780372097E+05
  0.4772222222E+00  0.7778218769E+05
  0.4775000000E+00  0.7776065453E+05
  0.4777777778E+00  0.7773912136E+05
  0.4780555556E+00  0.7771758821E+05
  0.4783333333E+00  0.7769605537E+05
  0.4786111111E+00  0.7767452221E+05
  0.4788888889E+00  0.7765298904E+05
  0.4791666667E+00  0.7763145588E+05
  0.4794444444E+00  0.7760992305E+05
  0.4797222222E+00  0.7758838988E+05
  0.4800000000E+00  0.7756685672E+05
  0.4802777778E+00  0.7754239760E+05
  0.4805555556E+00  0.7751793835E+05
  0.4808333333E+00  0.7749347944E+05
  0.4811111111E+00  0.7746902011E+05
  0.4813888889E+00  0.7744456120E+05
  0.4816666667E+00  0.7742010195E+05
  0.4819444444E+00  0.7739564294E+05
  0.4822222222E+00  0.7737118371E+05
  0.4825000000E+00  0.7734672480E+05
  0.4827777778E+00  0.7732226545E+05
  0.4830555556E+00  0.7729780654E+05
  0.4833333333E+00  0.7727334720E+05
  0.4836111111E+00  0.7724888830E+05
  0.4838888889E+00  0.7722442905E+05
  0.4841666667E+00  0.7719997004E+05
  0.4844444444E+00  0.7717551080E+05
  0.4847222222E+00  0.7715105190E+05
  0.4850000000E+00  0.7712659255E+05
  0.4852777778E+00  0.7710114473E+05
  0.4855555556E+00  0.7707569658E+05
  0.4858333333E+00  0.7705024833E+05
  0.4861111111E+00  0.7702480051E+05
  0.4863888889E+00  0.7699935236E+05
  0.4866666667E+00  0.7697390410E+05
  0.4869444444E+00  0.7694845629E+05
  0.4872222222E+00  0.7692300813E+05
  0.4875000000E+00  0.7689755988E+05
  0.4877777778E+00  0.7687211206E+05
  0.4880555556E+00  0.7684666392E+05
  0.4883333333E+00  0.7682121566E+05
  0.4886111111E+00  0.7679576784E+05
  0.4888888889E+00  0.7677031969E+05
  0.4891666667E+00  0.7674487144E+05
  0.4894444444E+00  0.7671942362E+05
  0.4897222222E+00  0.7669397546E+05
  0.4900000000E+00  0.7666852731E+05
  0.4902777778E+00  0.7664385419E+05
  0.4905555556E+00  0.7661918118E+05
  0.4908333333E+00  0.7659450805E+05
  0.4911111111E+00  0.7656983469E+05
  0.4913888889E+00  0.7654516156E+05
  0.4916666667E+00  0.7652048854E+05
  0.4919444444E+00  0.7649581541E+05
  0.4922222222E+00  0.7647114205E+05
  0.4925000000E+00  0.7644646904E+05
  0.4927777778E+00  0.7642179591E+05
  0.4930555556E+00  0.7639712289E+05
  0.4933333333E+00  0.7637244943E+05
  0.4936111111E+00  0.7634777640E+05
  0.4938888889E+00  0.7632310338E+05
  0.4941666667E+00  0.7629842992E+05
  0.4944444444E+00  0.7627375690E+05
  0.4947222222E+00  0.7624908377E+05
  0.4950000000E+00  0.7622441075E+05
