  0.1027777778E-01  0.2258303761E+08
  0.1055555556E-01  0.2255443695E+08
  0.1083333333E-01  0.2252583592E+08
  0.1111111111E-01  0.2249723524E+08
  0.1138888889E-01  0.2246863434E+08
  0.1166666667E-01  0.2244003354E+08
  0.1194444444E-01  0.2241143253E+08
  0.1222222222E-01  0.2238283196E+08
  0.1250000000E-01  0.2235423118E+08
  0.1277777778E-01  0.2232563015E+08
  0.1305555556E-01  0.2229702958E+08
  0.1333333333E-01  0.2226842847E+08
  0.1361111111E-01  0.2223982778E+08
  0.1388888889E-01  0.2221122687E+08
  0.1416666667E-01  0.2218262609E+08
  0.1444444444E-01  0.2215402507E+08
  0.1472222222E-01  0.2212542450E+08
  0.1500000000E-01  0.2209682348E+08
  0.1527777778E-01  0.2205785896E+08
  0.1555555556E-01  0.2201889466E+08
  0.1583333333E-01  0.2197993024E+08
  0.1611111111E-01  0.2194096616E+08
  0.1638888889E-01  0.2190200174E+08
  0.1666666667E-01  0.2186303733E+08
  0.1694444444E-01  0.2182407292E+08
  0.1722222222E-01  0.2178510850E+08
  0.1750000000E-01  0.2174614408E+08
  0.1777777778E-01  0.2170717967E+08
  0.1805555556E-01  0.2166821536E+08
  0.1833333333E-01  0.2162925085E+08
  0.1861111111E-01  0.2159028643E+08
  0.1888888889E-01  0.2155132202E+08
  0.1916666667E-01  0.2151235759E+08
  0.1944444444E-01  0.2147339330E+08
  0.1972222222E-01  0.2143442887E+08
  0.2000000000E-01  0.2139546436E+08
  0.2027777778E-01  0.2134714290E+08
  0.2055555556E-01  0.2129882102E+08
  0.2083333333E-01  0.2125049935E+08
  0.2111111111E-01  0.2120217781E+08
  0.2138888889E-01  0.2115385593E+08
  0.2166666667E-01  0.2110553426E+08
  0.2194444444E-01  0.2105721281E+08
  0.2222222222E-01  0.2100889092E+08
  0.2250000000E-01  0.2096056938E+08
  0.2277777778E-01  0.2091224772E+08
  0.2305555556E-01  0.2086392583E+08
  0.2333333333E-01  0.2081560428E+08
  0.2361111111E-01  0.2076728272E+08
  0.2388888889E-01  0.2071896084E+08
  0.2416666667E-01  0.2067063929E+08
  0.2444444444E-01  0.2062231773E+08
  0.2472222222E-01  0.2057399574E+08
  0.2500000000E-01  0.2052567420E+08
  0.2527777778E-01  0.2046923170E+08
  0.2555555556E-01  0.2041278912E+08
  0.2583333333E-01  0.2035634665E+08
  0.2611111111E-01  0.2029990416E+08
  0.2638888889E-01  0.2024346158E+08
  0.2666666667E-01  0.2018701910E+08
  0.2694444444E-01  0.2013057651E+08
  0.2722222222E-01  0.2007413402E+08
  0.2750000000E-01  0.2001769144E+08
  0.2777777778E-01  0.1996124886E+08
  0.2805555556E-01  0.1990480638E+08
  0.2833333333E-01  0.1984836379E+08
  0.2861111111E-01  0.1979192142E+08
  0.2888888889E-01  0.1973547884E+08
  0.2916666667E-01  0.1967903634E+08
  0.2944444444E-01  0.1962259376E+08
  0.2972222222E-01  0.1956615118E+08
  0.3000000000E-01  0.1950970870E+08
  0.3027777778E-01  0.1944655943E+08
  0.3055555556E-01  0.1938341026E+08
  0.3083333333E-01  0.1932026076E+08
  0.3111111111E-01  0.1925711159E+08
  0.3138888889E-01  0.1919396210E+08
  0.3166666667E-01  0.1913081294E+08
  0.3194444444E-01  0.1906766377E+08
  0.3222222222E-01  0.1900451417E+08
  0.3250000000E-01  0.1894136501E+08
  0.3277777778E-01  0.1887821551E+08
  0.3305555556E-01  0.1881506624E+08
  0.3333333333E-01  0.1875191674E+08
  0.3361111111E-01  0.1868876757E+08
  0.3388888889E-01  0.1862561830E+08
  0.3416666667E-01  0.1856246891E+08
  0.3444444444E-01  0.1849931974E+08
  0.3472222222E-01  0.1843617014E+08
  0.3500000000E-01  0.1837302097E+08
  0.3527777778E-01  0.1830467774E+08
  0.3555555556E-01  0.1823633417E+08
  0.3583333333E-01  0.1816799092E+08
  0.3611111111E-01  0.1809964745E+08
  0.3638888889E-01  0.1803130422E+08
  0.3666666667E-01  0.1796296064E+08
  0.3694444444E-01  0.1789461740E+08
  0.3722222222E-01  0.1782627383E+08
  0.3750000000E-01  0.1775793058E+08
  0.3777777778E-01  0.1768958735E+08
  0.3805555556E-01  0.1762124377E+08
  0.3833333333E-01  0.1755290064E+08
  0.3861111111E-01  0.1748455707E+08
  0.3888888889E-01  0.1741621393E+08
  0.3916666667E-01  0.1734787036E+08
  0.3944444444E-01  0.1727952712E+08
  0.3972222222E-01  0.1721118354E+08
  0.4000000000E-01  0.1714284030E+08
  0.4027777778E-01  0.1707088833E+08
  0.4055555556E-01  0.1699893622E+08
  0.4083333333E-01  0.1692698425E+08
  0.4111111111E-01  0.1685503216E+08
  0.4138888889E-01  0.1678308018E+08
  0.4166666667E-01  0.1671112820E+08
  0.4194444444E-01  0.1663917577E+08
  0.4222222222E-01  0.1656722369E+08
  0.4250000000E-01  0.1649527160E+08
  0.4277777778E-01  0.1642331963E+08
  0.4305555556E-01  0.1635136764E+08
  0.4333333333E-01  0.1627941555E+08
  0.4361111111E-01  0.1620746357E+08
  0.4388888889E-01  0.1613551148E+08
  0.4416666667E-01  0.1606355950E+08
  0.4444444444E-01  0.1599160751E+08
  0.4472222222E-01  0.1591965542E+08
  0.4500000000E-01  0.1584770345E+08
  0.4527777778E-01  0.1577372584E+08
  0.4555555556E-01  0.1569974847E+08
  0.4583333333E-01  0.1562577122E+08
  0.4611111111E-01  0.1555179406E+08
  0.4638888889E-01  0.1547781636E+08
  0.4666666667E-01  0.1540383909E+08
  0.4694444444E-01  0.1532986182E+08
  0.4722222222E-01  0.1525588458E+08
  0.4750000000E-01  0.1518190731E+08
  0.4777777778E-01  0.1510792970E+08
  0.4805555556E-01  0.1503395244E+08
  0.4833333333E-01  0.1495997518E+08
  0.4861111111E-01  0.1488599792E+08
  0.4888888889E-01  0.1481202032E+08
  0.4916666667E-01  0.1473804295E+08
  0.4944444444E-01  0.1466406580E+08
  0.4972222222E-01  0.1459008853E+08
  0.5000000000E-01  0.1451611083E+08
  0.5027777778E-01  0.1444163895E+08
  0.5055555556E-01  0.1436716652E+08
  0.5083333333E-01  0.1429269409E+08
  0.5111111111E-01  0.1421822210E+08
  0.5138888889E-01  0.1414374977E+08
  0.5166666667E-01  0.1406927746E+08
  0.5194444444E-01  0.1399480536E+08
  0.5222222222E-01  0.1392033303E+08
  0.5250000000E-01  0.1384586071E+08
  0.5277777778E-01  0.1377138862E+08
  0.5305555556E-01  0.1369691630E+08
  0.5333333333E-01  0.1362244397E+08
  0.5361111111E-01  0.1354797187E+08
  0.5388888889E-01  0.1347349956E+08
  0.5416666667E-01  0.1339902723E+08
  0.5444444444E-01  0.1332455524E+08
  0.5472222222E-01  0.1325008281E+08
  0.5500000000E-01  0.1317561038E+08
  0.5527777778E-01  0.1310206991E+08
  0.5555555556E-01  0.1302852910E+08
  0.5583333333E-01  0.1295498863E+08
  0.5611111111E-01  0.1288144783E+08
  0.5638888889E-01  0.1280790736E+08
  0.5666666667E-01  0.1273436655E+08
  0.5694444444E-01  0.1266082608E+08
  0.5722222222E-01  0.1258728524E+08
  0.5750000000E-01  0.1251374460E+08
  0.5777777778E-01  0.1244020396E+08
  0.5805555556E-01  0.1236666322E+08
  0.5833333333E-01  0.1229312254E+08
  0.5861111111E-01  0.1221958190E+08
  0.5888888889E-01  0.1214604126E+08
  0.5916666667E-01  0.1207250052E+08
  0.5944444444E-01  0.1199895985E+08
  0.5972222222E-01  0.1192541921E+08
  0.6000000000E-01  0.1185187857E+08
  0.6027777778E-01  0.1178055569E+08
  0.6055555556E-01  0.1170923285E+08
  0.6083333333E-01  0.1163790997E+08
  0.6111111111E-01  0.1156658699E+08
  0.6138888889E-01  0.1149526425E+08
  0.6166666667E-01  0.1142394137E+08
  0.6194444444E-01  0.1135261853E+08
  0.6222222222E-01  0.1128129554E+08
  0.6250000000E-01  0.1120997267E+08
  0.6277777778E-01  0.1113864992E+08
  0.6305555556E-01  0.1106732705E+08
  0.6333333333E-01  0.1099600406E+08
  0.6361111111E-01  0.1092468122E+08
  0.6388888889E-01  0.1085335835E+08
  0.6416666667E-01  0.1078203550E+08
  0.6444444444E-01  0.1071071273E+08
  0.6472222222E-01  0.1063938978E+08
  0.6500000000E-01  0.1056806690E+08
  0.6527777778E-01  0.1050006644E+08
  0.6555555556E-01  0.1043206602E+08
  0.6583333333E-01  0.1036406555E+08
  0.6611111111E-01  0.1029606513E+08
  0.6638888889E-01  0.1022806460E+08
  0.6666666667E-01  0.1016006415E+08
  0.6694444444E-01  0.1009206371E+08
  0.6722222222E-01  0.1002406326E+08
  0.6750000000E-01  0.9956062822E+07
  0.6777777778E-01  0.9888062402E+07
  0.6805555556E-01  0.9820061934E+07
  0.6833333333E-01  0.9752061514E+07
  0.6861111111E-01  0.9684061045E+07
  0.6888888889E-01  0.9616060525E+07
  0.6916666667E-01  0.9548060056E+07
  0.6944444444E-01  0.9480059636E+07
  0.6972222222E-01  0.9412059201E+07
  0.7000000000E-01  0.9344058747E+07
  0.7027777778E-01  0.9280284908E+07
  0.7055555556E-01  0.9216510968E+07
  0.7083333333E-01  0.9152737129E+07
  0.7111111111E-01  0.9088963256E+07
  0.7138888889E-01  0.9025189428E+07
  0.7166666667E-01  0.8961415487E+07
  0.7194444444E-01  0.8897641647E+07
  0.7222222222E-01  0.8833867808E+07
  0.7250000000E-01  0.8770093935E+07
  0.7277777778E-01  0.8706320007E+07
  0.7305555556E-01  0.8642546166E+07
  0.7333333333E-01  0.8578772326E+07
  0.7361111111E-01  0.8514998453E+07
  0.7388888889E-01  0.8451224514E+07
  0.7416666667E-01  0.8387450686E+07
  0.7444444444E-01  0.8323676846E+07
  0.7472222222E-01  0.8259902905E+07
  0.7500000000E-01  0.8196129032E+07
  0.7527777778E-01  0.8137267153E+07
  0.7555555556E-01  0.8078405243E+07
  0.7583333333E-01  0.8019543334E+07
  0.7611111111E-01  0.7960681310E+07
  0.7638888889E-01  0.7901819400E+07
  0.7666666667E-01  0.7842957491E+07
  0.7694444444E-01  0.7784095578E+07
  0.7722222222E-01  0.7725233601E+07
  0.7750000000E-01  0.7666371691E+07
  0.7777777778E-01  0.7607509781E+07
  0.7805555556E-01  0.7548647859E+07
  0.7833333333E-01  0.7489785848E+07
  0.7861111111E-01  0.7430923938E+07
  0.7888888889E-01  0.7372062027E+07
  0.7916666667E-01  0.7313200116E+07
  0.7944444444E-01  0.7254338139E+07
  0.7972222222E-01  0.7195476217E+07
  0.8000000000E-01  0.7136614306E+07
  0.8027777778E-01  0.7083132312E+07
  0.8055555556E-01  0.7029650251E+07
  0.8083333333E-01  0.6976168291E+07
  0.8111111111E-01  0.6922686296E+07
  0.8138888889E-01  0.6869204247E+07
  0.8166666667E-01  0.6815722253E+07
  0.8194444444E-01  0.6762240292E+07
  0.8222222222E-01  0.6708758198E+07
  0.8250000000E-01  0.6655276237E+07
  0.8277777778E-01  0.6601794178E+07
  0.8305555556E-01  0.6548312183E+07
  0.8333333333E-01  0.6494830223E+07
  0.8361111111E-01  0.6441348129E+07
  0.8388888889E-01  0.6387866168E+07
  0.8416666667E-01  0.6334384207E+07
  0.8444444444E-01  0.6280902113E+07
  0.8472222222E-01  0.6227420152E+07
  0.8500000000E-01  0.6173938158E+07
  0.8527777778E-01  0.6126087654E+07
  0.8555555556E-01  0.6078237151E+07
  0.8583333333E-01  0.6030386624E+07
  0.8611111111E-01  0.5982536120E+07
  0.8638888889E-01  0.5934685616E+07
  0.8666666667E-01  0.5886835212E+07
  0.8694444444E-01  0.5838984675E+07
  0.8722222222E-01  0.5791134171E+07
  0.8750000000E-01  0.5743283678E+07
  0.8777777778E-01  0.5695433140E+07
  0.8805555556E-01  0.5647582637E+07
  0.8833333333E-01  0.5599732133E+07
  0.8861111111E-01  0.5551881728E+07
  0.8888888889E-01  0.5504031192E+07
  0.8916666667E-01  0.5456180679E+07
  0.8944444444E-01  0.5408330194E+07
  0.8972222222E-01  0.5360479667E+07
  0.9000000000E-01  0.5312629183E+07
  0.9027777778E-01  0.5270463442E+07
  0.9055555556E-01  0.5228297669E+07
  0.9083333333E-01  0.5186131939E+07
  0.9111111111E-01  0.5143966198E+07
  0.9138888889E-01  0.5101800435E+07
  0.9166666667E-01  0.5059634694E+07
  0.9194444444E-01  0.5017468954E+07
  0.9222222222E-01  0.4975303190E+07
  0.9250000000E-01  0.4933137449E+07
  0.9277777778E-01  0.4890971719E+07
  0.9305555556E-01  0.4848805945E+07
  0.9333333333E-01  0.4806640214E+07
  0.9361111111E-01  0.4764474442E+07
  0.9388888889E-01  0.4722308701E+07
  0.9416666667E-01  0.4680142982E+07
  0.9444444444E-01  0.4637977208E+07
  0.9472222222E-01  0.4595811477E+07
  0.9500000000E-01  0.4553645737E+07
  0.9527777778E-01  0.4517039974E+07
  0.9555555556E-01  0.4480434256E+07
  0.9583333333E-01  0.4443828526E+07
  0.9611111111E-01  0.4407222775E+07
  0.9638888889E-01  0.4370617045E+07
  0.9666666667E-01  0.4334011336E+07
  0.9694444444E-01  0.4297405573E+07
  0.9722222222E-01  0.4260799843E+07
  0.9750000000E-01  0.4224194125E+07
  0.9777777778E-01  0.4187588362E+07
  0.9805555556E-01  0.4150982644E+07
  0.9833333333E-01  0.4114376914E+07
  0.9861111111E-01  0.4077771163E+07
  0.9888888889E-01  0.4041165433E+07
  0.9916666667E-01  0.4004559715E+07
  0.9944444444E-01  0.3967953952E+07
  0.9972222222E-01  0.3931348244E+07
  0.1000000000E+00  0.3894742514E+07
  0.1002777778E+00  0.3863419182E+07
  0.1005555556E+00  0.3832095815E+07
  0.1008333333E+00  0.3800772483E+07
  0.1011111111E+00  0.3769449149E+07
  0.1013888889E+00  0.3738125816E+07
  0.1016666667E+00  0.3706802440E+07
  0.1019444444E+00  0.3675479107E+07
  0.1022222222E+00  0.3644155784E+07
  0.1025000000E+00  0.3612832452E+07
  0.1027777778E+00  0.3581509119E+07
  0.1030555556E+00  0.3550185742E+07
  0.1033333333E+00  0.3518862410E+07
  0.1036111111E+00  0.3487539076E+07
  0.1038888889E+00  0.3456215743E+07
  0.1041666667E+00  0.3424892388E+07
  0.1044444444E+00  0.3393569045E+07
  0.1047222222E+00  0.3362245711E+07
  0.1050000000E+00  0.3330922379E+07
  0.1052777778E+00  0.3304487147E+07
  0.1055555556E+00  0.3278051906E+07
  0.1058333333E+00  0.3251616674E+07
  0.1061111111E+00  0.3225181411E+07
  0.1063888889E+00  0.3198746179E+07
  0.1066666667E+00  0.3172310949E+07
  0.1069444444E+00  0.3145875706E+07
  0.1072222222E+00  0.3119440476E+07
  0.1075000000E+00  0.3093005244E+07
  0.1077777778E+00  0.3066570014E+07
  0.1080555556E+00  0.3040134781E+07
  0.1083333333E+00  0.3013699551E+07
  0.1086111111E+00  0.2987264320E+07
  0.1088888889E+00  0.2960829089E+07
  0.1091666667E+00  0.2934393847E+07
  0.1094444444E+00  0.2907958616E+07
  0.1097222222E+00  0.2881523385E+07
  0.1100000000E+00  0.2855088154E+07
  0.1102777778E+00  0.2833056316E+07
  0.1105555556E+00  0.2811024511E+07
  0.1108333333E+00  0.2788992673E+07
  0.1111111111E+00  0.2766960859E+07
  0.1113888889E+00  0.2744929021E+07
  0.1116666667E+00  0.2722897216E+07
  0.1119444444E+00  0.2700865378E+07
  0.1122222222E+00  0.2678833573E+07
  0.1125000000E+00  0.2656801735E+07
  0.1127777778E+00  0.2634769931E+07
  0.1130555556E+00  0.2612738093E+07
  0.1133333333E+00  0.2590706278E+07
  0.1136111111E+00  0.2568674440E+07
  0.1138888889E+00  0.2546642636E+07
  0.1141666667E+00  0.2524610798E+07
  0.1144444444E+00  0.2502578993E+07
  0.1147222222E+00  0.2480547155E+07
  0.1150000000E+00  0.2458515350E+07
  0.1152777778E+00  0.2440348520E+07
  0.1155555556E+00  0.2422181723E+07
  0.1158333333E+00  0.2404014947E+07
  0.1161111111E+00  0.2385848150E+07
  0.1163888889E+00  0.2367681320E+07
  0.1166666667E+00  0.2349514544E+07
  0.1169444444E+00  0.2331347748E+07
  0.1172222222E+00  0.2313180951E+07
  0.1175000000E+00  0.2295014131E+07
  0.1177777778E+00  0.2276847345E+07
  0.1180555556E+00  0.2258680548E+07
  0.1183333333E+00  0.2240513751E+07
  0.1186111111E+00  0.2222346931E+07
  0.1188888889E+00  0.2204180145E+07
  0.1191666667E+00  0.2186013348E+07
  0.1194444444E+00  0.2167846528E+07
  0.1197222222E+00  0.2149679731E+07
  0.1200000000E+00  0.2131512945E+07
  0.1202777778E+00  0.2116648225E+07
  0.1205555556E+00  0.2101783504E+07
  0.1208333333E+00  0.2086918773E+07
  0.1211111111E+00  0.2072054064E+07
  0.1213888889E+00  0.2057189344E+07
  0.1216666667E+00  0.2042324646E+07
  0.1219444444E+00  0.2027459926E+07
  0.1222222222E+00  0.2012595205E+07
  0.1225000000E+00  0.1997730486E+07
  0.1227777778E+00  0.1982865765E+07
  0.1230555556E+00  0.1968001044E+07
  0.1233333333E+00  0.1953136314E+07
  0.1236111111E+00  0.1938271605E+07
  0.1238888889E+00  0.1923406884E+07
  0.1241666667E+00  0.1908542153E+07
  0.1244444444E+00  0.1893677466E+07
  0.1247222222E+00  0.1878812746E+07
  0.1250000000E+00  0.1863948026E+07
  0.1252777778E+00  0.1851825473E+07
  0.1255555556E+00  0.1839702942E+07
  0.1258333333E+00  0.1827580433E+07
  0.1261111111E+00  0.1815457892E+07
  0.1263888889E+00  0.1803335350E+07
  0.1266666667E+00  0.1791212808E+07
  0.1269444444E+00  0.1779090288E+07
  0.1272222222E+00  0.1766967757E+07
  0.1275000000E+00  0.1754845215E+07
  0.1277777778E+00  0.1742722673E+07
  0.1280555556E+00  0.1730600165E+07
  0.1283333333E+00  0.1718477612E+07
  0.1286111111E+00  0.1706355080E+07
  0.1288888889E+00  0.1694232572E+07
  0.1291666667E+00  0.1682110030E+07
  0.1294444444E+00  0.1669987488E+07
  0.1297222222E+00  0.1657864947E+07
  0.1300000000E+00  0.1645742427E+07
  0.1302777778E+00  0.1635830146E+07
  0.1305555556E+00  0.1625917899E+07
  0.1308333333E+00  0.1616005641E+07
  0.1311111111E+00  0.1606093394E+07
  0.1313888889E+00  0.1596181136E+07
  0.1316666667E+00  0.1586268888E+07
  0.1319444444E+00  0.1576356607E+07
  0.1322222222E+00  0.1566444360E+07
  0.1325000000E+00  0.1556532112E+07
  0.1327777778E+00  0.1546619854E+07
  0.1330555556E+00  0.1536707607E+07
  0.1333333333E+00  0.1526795315E+07
  0.1336111111E+00  0.1516883068E+07
  0.1338888889E+00  0.1506970810E+07
  0.1341666667E+00  0.1497058563E+07
  0.1344444444E+00  0.1487146316E+07
  0.1347222222E+00  0.1477234024E+07
  0.1350000000E+00  0.1467321777E+07
  0.1352777778E+00  0.1459133225E+07
  0.1355555556E+00  0.1450944672E+07
  0.1358333333E+00  0.1442756087E+07
  0.1361111111E+00  0.1434567535E+07
  0.1363888889E+00  0.1426378982E+07
  0.1366666667E+00  0.1418190397E+07
  0.1369444444E+00  0.1410001855E+07
  0.1372222222E+00  0.1401813303E+07
  0.1375000000E+00  0.1393624707E+07
  0.1377777778E+00  0.1385436165E+07
  0.1380555556E+00  0.1377247614E+07
  0.1383333333E+00  0.1369059027E+07
  0.1386111111E+00  0.1360870476E+07
  0.1388888889E+00  0.1352681924E+07
  0.1391666667E+00  0.1344493349E+07
  0.1394444444E+00  0.1336304786E+07
  0.1397222222E+00  0.1328116244E+07
  0.1400000000E+00  0.1319927659E+07
  0.1402777778E+00  0.1313036280E+07
  0.1405555556E+00  0.1306144913E+07
  0.1408333333E+00  0.1299253490E+07
  0.1411111111E+00  0.1292362112E+07
  0.1413888889E+00  0.1285470711E+07
  0.1416666667E+00  0.1278579332E+07
  0.1419444444E+00  0.1271687954E+07
  0.1422222222E+00  0.1264796542E+07
  0.1425000000E+00  0.1257905175E+07
  0.1427777778E+00  0.1251013796E+07
  0.1430555556E+00  0.1244122385E+07
  0.1433333333E+00  0.1237231006E+07
  0.1436111111E+00  0.1230339627E+07
  0.1438888889E+00  0.1223448226E+07
  0.1441666667E+00  0.1216556838E+07
  0.1444444444E+00  0.1209665436E+07
  0.1447222222E+00  0.1202774058E+07
  0.1450000000E+00  0.1195882690E+07
  0.1452777778E+00  0.1189930055E+07
  0.1455555556E+00  0.1183977419E+07
  0.1458333333E+00  0.1178024784E+07
  0.1461111111E+00  0.1172072160E+07
  0.1463888889E+00  0.1166119558E+07
  0.1466666667E+00  0.1160166922E+07
  0.1469444444E+00  0.1154214287E+07
  0.1472222222E+00  0.1148261663E+07
  0.1475000000E+00  0.1142309027E+07
  0.1477777778E+00  0.1136356392E+07
  0.1480555556E+00  0.1130403790E+07
  0.1483333333E+00  0.1124451166E+07
  0.1486111111E+00  0.1118498531E+07
  0.1488888889E+00  0.1112545895E+07
  0.1491666667E+00  0.1106593260E+07
  0.1494444444E+00  0.1100640636E+07
  0.1497222222E+00  0.1094688034E+07
  0.1500000000E+00  0.1088735398E+07
  0.1502777778E+00  0.1083434357E+07
  0.1505555556E+00  0.1078133339E+07
  0.1508333333E+00  0.1072832298E+07
  0.1511111111E+00  0.1067531289E+07
  0.1513888889E+00  0.1062230248E+07
  0.1516666667E+00  0.1056929241E+07
  0.1519444444E+00  0.1051628189E+07
  0.1522222222E+00  0.1046327181E+07
  0.1525000000E+00  0.1041026156E+07
  0.1527777778E+00  0.1035725135E+07
  0.1530555556E+00  0.1030424100E+07
  0.1533333333E+00  0.1025123075E+07
  0.1536111111E+00  0.1019822055E+07
  0.1538888889E+00  0.1014521029E+07
  0.1541666667E+00  0.1009220005E+07
  0.1544444444E+00  0.1003918970E+07
  0.1547222222E+00  0.9986179488E+06
  0.1550000000E+00  0.9933169134E+06
  0.1552777778E+00  0.9884512115E+06
  0.1555555556E+00  0.9835854884E+06
  0.1558333333E+00  0.9787197865E+06
  0.1561111111E+00  0.9738540634E+06
  0.1563888889E+00  0.9689883503E+06
  0.1566666667E+00  0.9641226384E+06
  0.1569444444E+00  0.9592569287E+06
  0.1572222222E+00  0.9543912167E+06
  0.1575000000E+00  0.9495255037E+06
  0.1577777778E+00  0.9446597806E+06
  0.1580555556E+00  0.9397940787E+06
  0.1583333333E+00  0.9349283556E+06
  0.1586111111E+00  0.9300626437E+06
  0.1588888889E+00  0.9251969306E+06
  0.1591666667E+00  0.9203312186E+06
  0.1594444444E+00  0.9154655056E+06
  0.1597222222E+00  0.9105997825E+06
  0.1600000000E+00  0.9057340806E+06
  0.1602777778E+00  0.9011535316E+06
  0.1605555556E+00  0.8965729893E+06
  0.1608333333E+00  0.8919924470E+06
  0.1611111111E+00  0.8874119002E+06
  0.1613888889E+00  0.8828313590E+06
  0.1616666667E+00  0.8782508189E+06
  0.1619444444E+00  0.8736702711E+06
  0.1622222222E+00  0.8690897299E+06
  0.1625000000E+00  0.8645091887E+06
  0.1627777778E+00  0.8599286375E+06
  0.1630555556E+00  0.8553481008E+06
  0.1633333333E+00  0.8507675595E+06
  0.1636111111E+00  0.8461870084E+06
  0.1638888889E+00  0.8416064705E+06
  0.1641666667E+00  0.8370259293E+06
  0.1644444444E+00  0.8324453792E+06
  0.1647222222E+00  0.8278648414E+06
  0.1650000000E+00  0.8232843002E+06
  0.1652777778E+00  0.8188965080E+06
  0.1655555556E+00  0.8145087158E+06
  0.1658333333E+00  0.8101209236E+06
  0.1661111111E+00  0.8057331459E+06
  0.1663888889E+00  0.8013453537E+06
  0.1666666667E+00  0.7969575616E+06
  0.1669444444E+00  0.7925697694E+06
  0.1672222222E+00  0.7881819772E+06
  0.1675000000E+00  0.7837941950E+06
  0.1677777778E+00  0.7794064062E+06
  0.1680555556E+00  0.7750186140E+06
  0.1683333333E+00  0.7706308229E+06
  0.1686111111E+00  0.7662430308E+06
  0.1688888889E+00  0.7618552486E+06
  0.1691666667E+00  0.7574674564E+06
  0.1694444444E+00  0.7530796675E+06
  0.1697222222E+00  0.7486918754E+06
  0.1700000000E+00  0.7443040832E+06
  0.1702777778E+00  0.7400662520E+06
  0.1705555556E+00  0.7358284198E+06
  0.1708333333E+00  0.7315905886E+06
  0.1711111111E+00  0.7273527531E+06
  0.1713888889E+00  0.7231149218E+06
  0.1716666667E+00  0.7188770796E+06
  0.1719444444E+00  0.7146392484E+06
  0.1722222222E+00  0.7104014162E+06
  0.1725000000E+00  0.7061635850E+06
  0.1727777778E+00  0.7019257528E+06
  0.1730555556E+00  0.6976879204E+06
  0.1733333333E+00  0.6934500894E+06
  0.1736111111E+00  0.6892122470E+06
  0.1738888889E+00  0.6849744159E+06
  0.1741666667E+00  0.6807365803E+06
  0.1744444444E+00  0.6764987492E+06
  0.1747222222E+00  0.6722609169E+06
  0.1750000000E+00  0.6680230857E+06
  0.1752777778E+00  0.6639303342E+06
  0.1755555556E+00  0.6598375893E+06
  0.1758333333E+00  0.6557448355E+06
  0.1761111111E+00  0.6516520906E+06
  0.1763888889E+00  0.6475593391E+06
  0.1766666667E+00  0.6434665953E+06
  0.1769444444E+00  0.6393738405E+06
  0.1772222222E+00  0.6352810956E+06
  0.1775000000E+00  0.6311883452E+06
  0.1777777778E+00  0.6270956002E+06
  0.1780555556E+00  0.6230028454E+06
  0.1783333333E+00  0.6189101005E+06
  0.1786111111E+00  0.6148173501E+06
  0.1788888889E+00  0.6107246052E+06
  0.1791666667E+00  0.6066318503E+06
  0.1794444444E+00  0.6025391100E+06
  0.1797222222E+00  0.5984463551E+06
  0.1800000000E+00  0.5943536102E+06
  0.1802777778E+00  0.5904282250E+06
  0.1805555556E+00  0.5865028487E+06
  0.1808333333E+00  0.5825774601E+06
  0.1811111111E+00  0.5786520738E+06
  0.1813888889E+00  0.5747266986E+06
  0.1816666667E+00  0.5708013089E+06
  0.1819444444E+00  0.5668759337E+06
  0.1822222222E+00  0.5629505474E+06
  0.1825000000E+00  0.5590251721E+06
  0.1827777778E+00  0.5550997836E+06
  0.1830555556E+00  0.5511744073E+06
  0.1833333333E+00  0.5472490221E+06
  0.1836111111E+00  0.5433236357E+06
  0.1838888889E+00  0.5393982571E+06
  0.1841666667E+00  0.5354728708E+06
  0.1844444444E+00  0.5315474956E+06
  0.1847222222E+00  0.5276221059E+06
  0.1850000000E+00  0.5236967307E+06
  0.1852777778E+00  0.5199781461E+06
  0.1855555556E+00  0.5162595714E+06
  0.1858333333E+00  0.5125409967E+06
  0.1861111111E+00  0.5088224232E+06
  0.1863888889E+00  0.5051038351E+06
  0.1866666667E+00  0.5013852605E+06
  0.1869444444E+00  0.4976666858E+06
  0.1872222222E+00  0.4939481123E+06
  0.1875000000E+00  0.4902295276E+06
  0.1877777778E+00  0.4865109530E+06
  0.1880555556E+00  0.4827923761E+06
  0.1883333333E+00  0.4790738015E+06
  0.1886111111E+00  0.4753552168E+06
  0.1888888889E+00  0.4716366422E+06
  0.1891666667E+00  0.4679180686E+06
  0.1894444444E+00  0.4641994839E+06
  0.1897222222E+00  0.4604809079E+06
  0.1900000000E+00  0.4567623302E+06
  0.1902777778E+00  0.4532972392E+06
  0.1905555556E+00  0.4498321525E+06
  0.1908333333E+00  0.4463670615E+06
  0.1911111111E+00  0.4429019705E+06
  0.1913888889E+00  0.4394368795E+06
  0.1916666667E+00  0.4359717885E+06
  0.1919444444E+00  0.4325067007E+06
  0.1922222222E+00  0.4290416086E+06
  0.1925000000E+00  0.4255765186E+06
  0.1927777778E+00  0.4221114276E+06
  0.1930555556E+00  0.4186463365E+06
  0.1933333333E+00  0.4151812455E+06
  0.1936111111E+00  0.4117161578E+06
  0.1938888889E+00  0.4082510667E+06
  0.1941666667E+00  0.4047859757E+06
  0.1944444444E+00  0.4013208857E+06
  0.1947222222E+00  0.3978557935E+06
  0.1950000000E+00  0.3943907025E+06
  0.1952777778E+00  0.3912253936E+06
  0.1955555556E+00  0.3880600838E+06
  0.1958333333E+00  0.3848947715E+06
  0.1961111111E+00  0.3817294626E+06
  0.1963888889E+00  0.3785641494E+06
  0.1966666667E+00  0.3753988405E+06
  0.1969444444E+00  0.3722335282E+06
  0.1972222222E+00  0.3690682194E+06
  0.1975000000E+00  0.3659029061E+06
  0.1977777778E+00  0.3627375972E+06
  0.1980555556E+00  0.3595722851E+06
  0.1983333333E+00  0.3564069751E+06
  0.1986111111E+00  0.3532416662E+06
  0.1988888889E+00  0.3500763540E+06
  0.1991666667E+00  0.3469110451E+06
  0.1994444444E+00  0.3437457319E+06
  0.1997222222E+00  0.3405804230E+06
  0.2000000000E+00  0.3374151107E+06
  0.2002777778E+00  0.3345887824E+06
  0.2005555556E+00  0.3317624529E+06
  0.2008333333E+00  0.3289361245E+06
  0.2011111111E+00  0.3261097962E+06
  0.2013888889E+00  0.3232834676E+06
  0.2016666667E+00  0.3204571360E+06
  0.2019444444E+00  0.3176308076E+06
  0.2022222222E+00  0.3148044781E+06
  0.2025000000E+00  0.3119781497E+06
  0.2027777778E+00  0.3091518203E+06
  0.2030555556E+00  0.3063254929E+06
  0.2033333333E+00  0.3034991612E+06
  0.2036111111E+00  0.3006728317E+06
  0.2038888889E+00  0.2978465033E+06
  0.2041666667E+00  0.2950201749E+06
  0.2044444444E+00  0.2921938455E+06
  0.2047222222E+00  0.2893675181E+06
  0.2050000000E+00  0.2865411853E+06
  0.2052777778E+00  0.2840820819E+06
  0.2055555556E+00  0.2816229739E+06
  0.2058333333E+00  0.2791638672E+06
  0.2061111111E+00  0.2767047582E+06
  0.2063888889E+00  0.2742456504E+06
  0.2066666667E+00  0.2717865436E+06
  0.2069444444E+00  0.2693274356E+06
  0.2072222222E+00  0.2668683278E+06
  0.2075000000E+00  0.2644092209E+06
  0.2077777778E+00  0.2619501131E+06
  0.2080555556E+00  0.2594910064E+06
  0.2083333333E+00  0.2570318984E+06
  0.2086111111E+00  0.2545727939E+06
  0.2088888889E+00  0.2521136870E+06
  0.2091666667E+00  0.2496545791E+06
  0.2094444444E+00  0.2471954713E+06
  0.2097222222E+00  0.2447363635E+06
  0.2100000000E+00  0.2422772556E+06
  0.2102777778E+00  0.2401996823E+06
  0.2105555556E+00  0.2381221124E+06
  0.2108333333E+00  0.2360445380E+06
  0.2111111111E+00  0.2339669693E+06
  0.2113888889E+00  0.2318893949E+06
  0.2116666667E+00  0.2298118250E+06
  0.2119444444E+00  0.2277342507E+06
  0.2122222222E+00  0.2256566807E+06
  0.2125000000E+00  0.2235791075E+06
  0.2127777778E+00  0.2215015365E+06
  0.2130555556E+00  0.2194239633E+06
  0.2133333333E+00  0.2173463922E+06
  0.2136111111E+00  0.2152688190E+06
  0.2138888889E+00  0.2131912490E+06
  0.2141666667E+00  0.2111136748E+06
  0.2144444444E+00  0.2090361059E+06
  0.2147222222E+00  0.2069585317E+06
  0.2150000000E+00  0.2048809617E+06
  0.2152777778E+00  0.2031843865E+06
  0.2155555556E+00  0.2014878114E+06
  0.2158333333E+00  0.1997912329E+06
  0.2161111111E+00  0.1980946567E+06
  0.2163888889E+00  0.1963980816E+06
  0.2166666667E+00  0.1947015064E+06
  0.2169444444E+00  0.1930049313E+06
  0.2172222222E+00  0.1913083562E+06
  0.2175000000E+00  0.1896117788E+06
  0.2177777778E+00  0.1879152036E+06
  0.2180555556E+00  0.1862186285E+06
  0.2183333333E+00  0.1845220533E+06
  0.2186111111E+00  0.1828254772E+06
  0.2188888889E+00  0.1811289020E+06
  0.2191666667E+00  0.1794323235E+06
  0.2194444444E+00  0.1777357484E+06
  0.2197222222E+00  0.1760391732E+06
  0.2200000000E+00  0.1743425981E+06
  0.2202777778E+00  0.1730123289E+06
  0.2205555556E+00  0.1716820595E+06
  0.2208333333E+00  0.1703517902E+06
  0.2211111111E+00  0.1690215198E+06
  0.2213888889E+00  0.1676912505E+06
  0.2216666667E+00  0.1663609812E+06
  0.2219444444E+00  0.1650307119E+06
  0.2222222222E+00  0.1637004449E+06
  0.2225000000E+00  0.1623701766E+06
  0.2227777778E+00  0.1610399073E+06
  0.2230555556E+00  0.1597096380E+06
  0.2233333333E+00  0.1583793676E+06
  0.2236111111E+00  0.1570490983E+06
  0.2238888889E+00  0.1557188290E+06
  0.2241666667E+00  0.1543885597E+06
  0.2244444444E+00  0.1530582893E+06
  0.2247222222E+00  0.1517280200E+06
  0.2250000000E+00  0.1503977507E+06
  0.2252777778E+00  0.1494063045E+06
  0.2255555556E+00  0.1484148584E+06
  0.2258333333E+00  0.1474234134E+06
  0.2261111111E+00  0.1464319661E+06
  0.2263888889E+00  0.1454405210E+06
  0.2266666667E+00  0.1444490738E+06
  0.2269444444E+00  0.1434576287E+06
  0.2272222222E+00  0.1424661816E+06
  0.2275000000E+00  0.1414747365E+06
  0.2277777778E+00  0.1404832892E+06
  0.2280555556E+00  0.1394918442E+06
  0.2283333333E+00  0.1385003970E+06
  0.2286111111E+00  0.1375089519E+06
  0.2288888889E+00  0.1365175058E+06
  0.2291666667E+00  0.1355260595E+06
  0.2294444444E+00  0.1345346101E+06
  0.2297222222E+00  0.1335431639E+06
  0.2300000000E+00  0.1325517179E+06
  0.2302777778E+00  0.1318615248E+06
  0.2305555556E+00  0.1311713319E+06
  0.2308333333E+00  0.1304811389E+06
  0.2311111111E+00  0.1297909426E+06
  0.2313888889E+00  0.1291007496E+06
  0.2316666667E+00  0.1284105556E+06
  0.2319444444E+00  0.1277203626E+06
  0.2322222222E+00  0.1270301652E+06
  0.2325000000E+00  0.1263399722E+06
  0.2327777778E+00  0.1256497792E+06
  0.2330555556E+00  0.1249595853E+06
  0.2333333333E+00  0.1242693923E+06
  0.2336111111E+00  0.1235791959E+06
  0.2338888889E+00  0.1228890030E+06
  0.2341666667E+00  0.1221988100E+06
  0.2344444444E+00  0.1215086170E+06
  0.2347222222E+00  0.1208184197E+06
  0.2350000000E+00  0.1201282267E+06
  0.2352777778E+00  0.1196943714E+06
  0.2355555556E+00  0.1192605183E+06
  0.2358333333E+00  0.1188266630E+06
  0.2361111111E+00  0.1183928087E+06
  0.2363888889E+00  0.1179589534E+06
  0.2366666667E+00  0.1175251003E+06
  0.2369444444E+00  0.1170912450E+06
  0.2372222222E+00  0.1166573896E+06
  0.2375000000E+00  0.1162235333E+06
  0.2377777778E+00  0.1157896803E+06
  0.2380555556E+00  0.1153558259E+06
  0.2383333333E+00  0.1149219702E+06
  0.2386111111E+00  0.1144881159E+06
  0.2388888889E+00  0.1140542612E+06
  0.2391666667E+00  0.1136204069E+06
  0.2394444444E+00  0.1131865523E+06
  0.2397222222E+00  0.1127526979E+06
  0.2400000000E+00  0.1123188422E+06
  0.2402777778E+00  0.1120922782E+06
  0.2405555556E+00  0.1118657140E+06
  0.2408333333E+00  0.1116391500E+06
  0.2411111111E+00  0.1114125857E+06
  0.2413888889E+00  0.1111860215E+06
  0.2416666667E+00  0.1109594575E+06
  0.2419444444E+00  0.1107328932E+06
  0.2422222222E+00  0.1105063289E+06
  0.2425000000E+00  0.1102797650E+06
  0.2427777778E+00  0.1100532007E+06
  0.2430555556E+00  0.1098266364E+06
  0.2433333333E+00  0.1096000725E+06
  0.2436111111E+00  0.1093735076E+06
  0.2438888889E+00  0.1091469434E+06
  0.2441666667E+00  0.1089203793E+06
  0.2444444444E+00  0.1086938150E+06
  0.2447222222E+00  0.1084672507E+06
  0.2450000000E+00  0.1082406868E+06
  0.2452777778E+00  0.1081713048E+06
  0.2455555556E+00  0.1081019219E+06
  0.2458333333E+00  0.1080325396E+06
  0.2461111111E+00  0.1079631578E+06
  0.2463888889E+00  0.1078937749E+06
  0.2466666667E+00  0.1078243929E+06
  0.2469444444E+00  0.1077550110E+06
  0.2472222222E+00  0.1076856281E+06
  0.2475000000E+00  0.1076162462E+06
  0.2477777778E+00  0.1075468633E+06
  0.2480555556E+00  0.1074774814E+06
  0.2483333333E+00  0.1074080995E+06
  0.2486111111E+00  0.1073387165E+06
  0.2488888889E+00  0.1072693346E+06
  0.2491666667E+00  0.1071999524E+06
  0.2494444444E+00  0.1071305695E+06
  0.2497222222E+00  0.1070611876E+06
  0.2500000000E+00  0.1069918046E+06
  0.2502777778E+00  0.1070311672E+06
  0.2505555556E+00  0.1070705287E+06
  0.2508333333E+00  0.1071098911E+06
  0.2511111111E+00  0.1071492527E+06
  0.2513888889E+00  0.1071886155E+06
  0.2516666667E+00  0.1072279770E+06
  0.2519444444E+00  0.1072673385E+06
  0.2522222222E+00  0.1073067011E+06
  0.2525000000E+00  0.1073460625E+06
  0.2527777778E+00  0.1073854250E+06
  0.2530555556E+00  0.1074247866E+06
  0.2533333333E+00  0.1074641491E+06
  0.2536111111E+00  0.1075035105E+06
  0.2538888889E+00  0.1075428721E+06
  0.2541666667E+00  0.1075822346E+06
  0.2544444444E+00  0.1076215961E+06
  0.2547222222E+00  0.1076609586E+06
  0.2550000000E+00  0.1077003201E+06
  0.2552777778E+00  0.1078040799E+06
  0.2555555556E+00  0.1079078383E+06
  0.2558333333E+00  0.1080115977E+06
  0.2561111111E+00  0.1081153563E+06
  0.2563888889E+00  0.1082191157E+06
  0.2566666667E+00  0.1083228741E+06
  0.2569444444E+00  0.1084266339E+06
  0.2572222222E+00  0.1085303923E+06
  0.2575000000E+00  0.1086341517E+06
  0.2577777778E+00  0.1087379104E+06
  0.2580555556E+00  0.1088416698E+06
  0.2583333333E+00  0.1089454282E+06
  0.2586111111E+00  0.1090491879E+06
  0.2588888889E+00  0.1091529463E+06
  0.2591666667E+00  0.1092567057E+06
  0.2594444444E+00  0.1093604644E+06
  0.2597222222E+00  0.1094642238E+06
  0.2600000000E+00  0.1095679822E+06
  0.2602777778E+00  0.1096975365E+06
  0.2605555556E+00  0.1098270895E+06
  0.2608333333E+00  0.1099566438E+06
  0.2611111111E+00  0.1100861977E+06
  0.2613888889E+00  0.1102157510E+06
  0.2616666667E+00  0.1103453050E+06
  0.2619444444E+00  0.1104748590E+06
  0.2622222222E+00  0.1106044133E+06
  0.2625000000E+00  0.1107339663E+06
  0.2627777778E+00  0.1108635206E+06
  0.2630555556E+00  0.1109930746E+06
  0.2633333333E+00  0.1111226279E+06
  0.2636111111E+00  0.1112521818E+06
  0.2638888889E+00  0.1113817361E+06
  0.2641666667E+00  0.1115112891E+06
  0.2644444444E+00  0.1116408434E+06
  0.2647222222E+00  0.1117703974E+06
  0.2650000000E+00  0.1118999507E+06
  0.2652777778E+00  0.1120237399E+06
  0.2655555556E+00  0.1121475284E+06
  0.2658333333E+00  0.1122713169E+06
  0.2661111111E+00  0.1123951060E+06
  0.2663888889E+00  0.1125188944E+06
  0.2666666667E+00  0.1126426839E+06
  0.2669444444E+00  0.1127664724E+06
  0.2672222222E+00  0.1128902605E+06
  0.2675000000E+00  0.1130140500E+06
  0.2677777778E+00  0.1131378385E+06
  0.2680555556E+00  0.1132616266E+06
  0.2683333333E+00  0.1133854161E+06
  0.2686111111E+00  0.1135092046E+06
  0.2688888889E+00  0.1136329927E+06
  0.2691666667E+00  0.1137567822E+06
  0.2694444444E+00  0.1138805707E+06
  0.2697222222E+00  0.1140043591E+06
  0.2700000000E+00  0.1141281483E+06
  0.2702777778E+00  0.1142222576E+06
  0.2705555556E+00  0.1143163677E+06
  0.2708333333E+00  0.1144104767E+06
  0.2711111111E+00  0.1145045868E+06
  0.2713888889E+00  0.1145986973E+06
  0.2716666667E+00  0.1146928063E+06
  0.2719444444E+00  0.1147869164E+06
  0.2722222222E+00  0.1148810258E+06
  0.2725000000E+00  0.1149751358E+06
  0.2727777778E+00  0.1150692449E+06
  0.2730555556E+00  0.1151633549E+06
  0.2733333333E+00  0.1152574643E+06
  0.2736111111E+00  0.1153515743E+06
  0.2738888889E+00  0.1154456844E+06
  0.2741666667E+00  0.1155397938E+06
  0.2744444444E+00  0.1156339038E+06
  0.2747222222E+00  0.1157280129E+06
  0.2750000000E+00  0.1158221232E+06
  0.2752777778E+00  0.1158703024E+06
  0.2755555556E+00  0.1159184825E+06
  0.2758333333E+00  0.1159666630E+06
  0.2761111111E+00  0.1160148420E+06
  0.2763888889E+00  0.1160630225E+06
  0.2766666667E+00  0.1161112016E+06
  0.2769444444E+00  0.1161593818E+06
  0.2772222222E+00  0.1162075613E+06
  0.2775000000E+00  0.1162557414E+06
  0.2777777778E+00  0.1163039208E+06
  0.2780555556E+00  0.1163521009E+06
  0.2783333333E+00  0.1164002800E+06
  0.2786111111E+00  0.1164484605E+06
  0.2788888889E+00  0.1164966406E+06
  0.2791666667E+00  0.1165448201E+06
  0.2794444444E+00  0.1165930001E+06
  0.2797222222E+00  0.1166411793E+06
  0.2800000000E+00  0.1166893598E+06
  0.2802777778E+00  0.1166826557E+06
  0.2805555556E+00  0.1166759517E+06
  0.2808333333E+00  0.1166692486E+06
  0.2811111111E+00  0.1166625442E+06
  0.2813888889E+00  0.1166558412E+06
  0.2816666667E+00  0.1166491372E+06
  0.2819444444E+00  0.1166424331E+06
  0.2822222222E+00  0.1166357300E+06
  0.2825000000E+00  0.1166290260E+06
  0.2827777778E+00  0.1166223230E+06
  0.2830555556E+00  0.1166156189E+06
  0.2833333333E+00  0.1166089149E+06
  0.2836111111E+00  0.1166022118E+06
  0.2838888889E+00  0.1165955078E+06
  0.2841666667E+00  0.1165888047E+06
  0.2844444444E+00  0.1165821007E+06
  0.2847222222E+00  0.1165753963E+06
  0.2850000000E+00  0.1165686932E+06
  0.2852777778E+00  0.1165047487E+06
  0.2855555556E+00  0.1164408043E+06
  0.2858333333E+00  0.1163768594E+06
  0.2861111111E+00  0.1163129139E+06
  0.2863888889E+00  0.1162489694E+06
  0.2866666667E+00  0.1161850246E+06
  0.2869444444E+00  0.1161210801E+06
  0.2872222222E+00  0.1160571356E+06
  0.2875000000E+00  0.1159931907E+06
  0.2877777778E+00  0.1159292462E+06
  0.2880555556E+00  0.1158653017E+06
  0.2883333333E+00  0.1158013569E+06
  0.2886111111E+00  0.1157374124E+06
  0.2888888889E+00  0.1156734668E+06
  0.2891666667E+00  0.1156095223E+06
  0.2894444444E+00  0.1155455775E+06
  0.2897222222E+00  0.1154816331E+06
  0.2900000000E+00  0.1154176886E+06
  0.2902777778E+00  0.1152995498E+06
  0.2905555556E+00  0.1151814110E+06
  0.2908333333E+00  0.1150632719E+06
  0.2911111111E+00  0.1149451341E+06
  0.2913888889E+00  0.1148269954E+06
  0.2916666667E+00  0.1147088566E+06
  0.2919444444E+00  0.1145907178E+06
  0.2922222222E+00  0.1144725792E+06
  0.2925000000E+00  0.1143544404E+06
  0.2927777778E+00  0.1142363016E+06
  0.2930555556E+00  0.1141181628E+06
  0.2933333333E+00  0.1140000241E+06
  0.2936111111E+00  0.1138818863E+06
  0.2938888889E+00  0.1137637475E+06
  0.2941666667E+00  0.1136456088E+06
  0.2944444444E+00  0.1135274701E+06
  0.2947222222E+00  0.1134093313E+06
  0.2950000000E+00  0.1132911925E+06
  0.2952777778E+00  0.1131263507E+06
  0.2955555556E+00  0.1129615080E+06
  0.2958333333E+00  0.1127966662E+06
  0.2961111111E+00  0.1126318244E+06
  0.2963888889E+00  0.1124669814E+06
  0.2966666667E+00  0.1123021396E+06
  0.2969444444E+00  0.1121372978E+06
  0.2972222222E+00  0.1119724551E+06
  0.2975000000E+00  0.1118076133E+06
  0.2977777778E+00  0.1116427716E+06
  0.2980555556E+00  0.1114779285E+06
  0.2983333333E+00  0.1113130867E+06
  0.2986111111E+00  0.1111482449E+06
  0.2988888889E+00  0.1109834022E+06
  0.2991666667E+00  0.1108185605E+06
  0.2994444444E+00  0.1106537187E+06
  0.2997222222E+00  0.1104888756E+06
  0.3000000000E+00  0.1103240338E+06
  0.3002777778E+00  0.1101229146E+06
  0.3005555556E+00  0.1099217962E+06
  0.3008333333E+00  0.1097206770E+06
  0.3011111111E+00  0.1095195574E+06
  0.3013888889E+00  0.1093184379E+06
  0.3016666667E+00  0.1091173188E+06
  0.3019444444E+00  0.1089162002E+06
  0.3022222222E+00  0.1087150810E+06
  0.3025000000E+00  0.1085139616E+06
  0.3027777778E+00  0.1083128423E+06
  0.3030555556E+00  0.1081117238E+06
  0.3033333333E+00  0.1079106044E+06
  0.3036111111E+00  0.1077094851E+06
  0.3038888889E+00  0.1075083656E+06
  0.3041666667E+00  0.1073072464E+06
  0.3044444444E+00  0.1071061279E+06
  0.3047222222E+00  0.1069050087E+06
  0.3050000000E+00  0.1067038892E+06
  0.3052777778E+00  0.1064787340E+06
  0.3055555556E+00  0.1062535789E+06
  0.3058333333E+00  0.1060284234E+06
  0.3061111111E+00  0.1058032683E+06
  0.3063888889E+00  0.1055781131E+06
  0.3066666667E+00  0.1053529589E+06
  0.3069444444E+00  0.1051278037E+06
  0.3072222222E+00  0.1049026482E+06
  0.3075000000E+00  0.1046774931E+06
  0.3077777778E+00  0.1044523380E+06
  0.3080555556E+00  0.1042271828E+06
  0.3083333333E+00  0.1040020273E+06
  0.3086111111E+00  0.1037768721E+06
  0.3088888889E+00  0.1035517169E+06
  0.3091666667E+00  0.1033265618E+06
  0.3094444444E+00  0.1031014066E+06
  0.3097222222E+00  0.1028762512E+06
  0.3100000000E+00  0.1026510960E+06
  0.3102777778E+00  0.1024147838E+06
  0.3105555556E+00  0.1021784711E+06
  0.3108333333E+00  0.1019421589E+06
  0.3111111111E+00  0.1017058468E+06
  0.3113888889E+00  0.1014695336E+06
  0.3116666667E+00  0.1012332218E+06
  0.3119444444E+00  0.1009969086E+06
  0.3122222222E+00  0.1007605965E+06
  0.3125000000E+00  0.1005242833E+06
  0.3127777778E+00  0.1002879715E+06
  0.3130555556E+00  0.1000516583E+06
  0.3133333333E+00  0.9981534624E+05
  0.3136111111E+00  0.9957903304E+05
  0.3138888889E+00  0.9934272129E+05
  0.3141666667E+00  0.9910640808E+05
  0.3144444444E+00  0.9887009599E+05
  0.3147222222E+00  0.9863378378E+05
  0.3150000000E+00  0.9839747102E+05
  0.3152777778E+00  0.9816254852E+05
  0.3155555556E+00  0.9792762647E+05
  0.3158333333E+00  0.9769270397E+05
  0.3161111111E+00  0.9745778158E+05
  0.3163888889E+00  0.9722285941E+05
  0.3166666667E+00  0.9698793703E+05
  0.3169444444E+00  0.9675301497E+05
  0.3172222222E+00  0.9651809147E+05
  0.3175000000E+00  0.9628316942E+05
  0.3177777778E+00  0.9604824692E+05
  0.3180555556E+00  0.9581332486E+05
  0.3183333333E+00  0.9557840237E+05
  0.3186111111E+00  0.9534347998E+05
  0.3188888889E+00  0.9510855781E+05
  0.3191666667E+00  0.9487363542E+05
  0.3194444444E+00  0.9463871326E+05
  0.3197222222E+00  0.9440379087E+05
  0.3200000000E+00  0.9416886880E+05
  0.3202777778E+00  0.9394657141E+05
  0.3205555556E+00  0.9372427446E+05
  0.3208333333E+00  0.9350197706E+05
  0.3211111111E+00  0.9327967979E+05
  0.3213888889E+00  0.9305738384E+05
  0.3216666667E+00  0.9283508644E+05
  0.3219444444E+00  0.9261278949E+05
  0.3222222222E+00  0.9239049221E+05
  0.3225000000E+00  0.9216819515E+05
  0.3227777778E+00  0.9194589786E+05
  0.3230555556E+00  0.9172360158E+05
  0.3233333333E+00  0.9150130452E+05
  0.3236111111E+00  0.9127900724E+05
  0.3238888889E+00  0.9105671028E+05
  0.3241666667E+00  0.9083441289E+05
  0.3244444444E+00  0.9061211561E+05
  0.3247222222E+00  0.9038981966E+05
  0.3250000000E+00  0.9016752226E+05
  0.3252777778E+00  0.8996737539E+05
  0.3255555556E+00  0.8976722919E+05
  0.3258333333E+00  0.8956708299E+05
  0.3261111111E+00  0.8936693568E+05
  0.3263888889E+00  0.8916678948E+05
  0.3266666667E+00  0.8896664260E+05
  0.3269444444E+00  0.8876649640E+05
  0.3272222222E+00  0.8856634920E+05
  0.3275000000E+00  0.8836620299E+05
  0.3277777778E+00  0.8816605568E+05
  0.3280555556E+00  0.8796590982E+05
  0.3283333333E+00  0.8776576361E+05
  0.3286111111E+00  0.8756561640E+05
  0.3288888889E+00  0.8736547020E+05
  0.3291666667E+00  0.8716532289E+05
  0.3294444444E+00  0.8696517702E+05
  0.3297222222E+00  0.8676502982E+05
  0.3300000000E+00  0.8656488362E+05
  0.3302777778E+00  0.8639401915E+05
  0.3305555556E+00  0.8622315612E+05
  0.3308333333E+00  0.8605229165E+05
  0.3311111111E+00  0.8588142730E+05
  0.3313888889E+00  0.8571056395E+05
  0.3316666667E+00  0.8553969948E+05
  0.3319444444E+00  0.8536883645E+05
  0.3322222222E+00  0.8519797199E+05
  0.3325000000E+00  0.8502710763E+05
  0.3327777778E+00  0.8485624427E+05
  0.3330555556E+00  0.8468537980E+05
  0.3333333333E+00  0.8451451545E+05
  0.3336111111E+00  0.8434365232E+05
  0.3338888889E+00  0.8417278796E+05
  0.3341666667E+00  0.8400192449E+05
  0.3344444444E+00  0.8383106014E+05
  0.3347222222E+00  0.8366019578E+05
  0.3350000000E+00  0.8348933264E+05
  0.3352777778E+00  0.8335247443E+05
  0.3355555556E+00  0.8321561688E+05
  0.3358333333E+00  0.8307875855E+05
  0.3361111111E+00  0.8294190132E+05
  0.3363888889E+00  0.8280504310E+05
  0.3366666667E+00  0.8266818489E+05
  0.3369444444E+00  0.8253132768E+05
  0.3372222222E+00  0.8239446935E+05
  0.3375000000E+00  0.8225761212E+05
  0.3377777778E+00  0.8212075390E+05
  0.3380555556E+00  0.8198389635E+05
  0.3383333333E+00  0.8184703802E+05
  0.3386111111E+00  0.8171018081E+05
  0.3388888889E+00  0.8157332258E+05
  0.3391666667E+00  0.8143646537E+05
  0.3394444444E+00  0.8129960715E+05
  0.3397222222E+00  0.8116274982E+05
  0.3400000000E+00  0.8102589160E+05
  0.3402777778E+00  0.8092522959E+05
  0.3405555556E+00  0.8082456790E+05
  0.3408333333E+00  0.8072390489E+05
  0.3411111111E+00  0.8062324287E+05
  0.3413888889E+00  0.8052258119E+05
  0.3416666667E+00  0.8042191917E+05
  0.3419444444E+00  0.8032125748E+05
  0.3422222222E+00  0.8022059435E+05
  0.3425000000E+00  0.8011993267E+05
  0.3427777778E+00  0.8001927065E+05
  0.3430555556E+00  0.7991860897E+05
  0.3433333333E+00  0.7981794695E+05
  0.3436111111E+00  0.7971728527E+05
  0.3438888889E+00  0.7961662226E+05
  0.3441666667E+00  0.7951596058E+05
  0.3444444444E+00  0.7941529856E+05
  0.3447222222E+00  0.7931463655E+05
  0.3450000000E+00  0.7921397486E+05
  0.3452777778E+00  0.7914930001E+05
  0.3455555556E+00  0.7908462585E+05
  0.3458333333E+00  0.7901995112E+05
  0.3461111111E+00  0.7895527727E+05
  0.3463888889E+00  0.7889060243E+05
  0.3466666667E+00  0.7882592837E+05
  0.3469444444E+00  0.7876125353E+05
  0.3472222222E+00  0.7869657969E+05
  0.3475000000E+00  0.7863190496E+05
  0.3477777778E+00  0.7856723078E+05
  0.3480555556E+00  0.7850255594E+05
  0.3483333333E+00  0.7843788220E+05
  0.3486111111E+00  0.7837320737E+05
  0.3488888889E+00  0.7830853320E+05
  0.3491666667E+00  0.7824385846E+05
  0.3494444444E+00  0.7817918462E+05
  0.3497222222E+00  0.7811450978E+05
  0.3500000000E+00  0.7804983572E+05
  0.3502777778E+00  0.7801880799E+05
  0.3505555556E+00  0.7798778026E+05
  0.3508333333E+00  0.7795675265E+05
  0.3511111111E+00  0.7792572492E+05
  0.3513888889E+00  0.7789469719E+05
  0.3516666667E+00  0.7786366946E+05
  0.3519444444E+00  0.7783264073E+05
  0.3522222222E+00  0.7780161311E+05
  0.3525000000E+00  0.7777058538E+05
  0.3527777778E+00  0.7773955765E+05
  0.3530555556E+00  0.7770852992E+05
  0.3533333333E+00  0.7767750230E+05
  0.3536111111E+00  0.7764647457E+05
  0.3538888889E+00  0.7761544684E+05
  0.3541666667E+00  0.7758441911E+05
  0.3544444444E+00  0.7755339149E+05
  0.3547222222E+00  0.7752236377E+05
  0.3550000000E+00  0.7749133605E+05
  0.3552777778E+00  0.7748986467E+05
  0.3555555556E+00  0.7748839307E+05
  0.3558333333E+00  0.7748692136E+05
  0.3561111111E+00  0.7748545109E+05
  0.3563888889E+00  0.7748397938E+05
  0.3566666667E+00  0.7748250778E+05
  0.3569444444E+00  0.7748103640E+05
  0.3572222222E+00  0.7747956580E+05
  0.3575000000E+00  0.7747809409E+05
  0.3577777778E+00  0.7747662272E+05
  0.3580555556E+00  0.7747515112E+05
  0.3583333333E+00  0.7747367941E+05
  0.3586111111E+00  0.7747220915E+05
  0.3588888889E+00  0.7747073743E+05
  0.3591666667E+00  0.7746926583E+05
  0.3594444444E+00  0.7746779446E+05
  0.3597222222E+00  0.7746632375E+05
  0.3600000000E+00  0.7746485214E+05
  0.3602777778E+00  0.7748749879E+05
  0.3605555556E+00  0.7751014621E+05
  0.3608333333E+00  0.7753279385E+05
  0.3611111111E+00  0.7755544027E+05
  0.3613888889E+00  0.7757808792E+05
  0.3616666667E+00  0.7760073435E+05
  0.3619444444E+00  0.7762338198E+05
  0.3622222222E+00  0.7764602863E+05
  0.3625000000E+00  0.7766867605E+05
  0.3627777778E+00  0.7769132269E+05
  0.3630555556E+00  0.7771397011E+05
  0.3633333333E+00  0.7773661676E+05
  0.3636111111E+00  0.7775926418E+05
  0.3638888889E+00  0.7778191082E+05
  0.3641666667E+00  0.7780455824E+05
  0.3644444444E+00  0.7782720489E+05
  0.3647222222E+00  0.7784985253E+05
  0.3650000000E+00  0.7787249995E+05
  0.3652777778E+00  0.7791298107E+05
  0.3655555556E+00  0.7795346284E+05
  0.3658333333E+00  0.7799394495E+05
  0.3661111111E+00  0.7803442573E+05
  0.3663888889E+00  0.7807490783E+05
  0.3666666667E+00  0.7811538962E+05
  0.3669444444E+00  0.7815587073E+05
  0.3672222222E+00  0.7819635250E+05
  0.3675000000E+00  0.7823683462E+05
  0.3677777778E+00  0.7827731640E+05
  0.3680555556E+00  0.7831779750E+05
  0.3683333333E+00  0.7835827928E+05
  0.3686111111E+00  0.7839876138E+05
  0.3688888889E+00  0.7843924250E+05
  0.3691666667E+00  0.7847972428E+05
  0.3694444444E+00  0.7852020639E+05
  0.3697222222E+00  0.7856068817E+05
  0.3700000000E+00  0.7860116928E+05
  0.3702777778E+00  0.7865279333E+05
  0.3705555556E+00  0.7870441650E+05
  0.3708333333E+00  0.7875604055E+05
  0.3711111111E+00  0.7880766372E+05
  0.3713888889E+00  0.7885928811E+05
  0.3716666667E+00  0.7891091127E+05
  0.3719444444E+00  0.7896253533E+05
  0.3722222222E+00  0.7901415949E+05
  0.3725000000E+00  0.7906578255E+05
  0.3727777778E+00  0.7911740704E+05
  0.3730555556E+00  0.7916903010E+05
  0.3733333333E+00  0.7922065427E+05
  0.3736111111E+00  0.7927227743E+05
  0.3738888889E+00  0.7932390149E+05
  0.3741666667E+00  0.7937552498E+05
  0.3744444444E+00  0.7942714904E+05
  0.3747222222E+00  0.7947877320E+05
  0.3750000000E+00  0.7953039626E+05
  0.3752777778E+00  0.7958658532E+05
  0.3755555556E+00  0.7964277336E+05
  0.3758333333E+00  0.7969896220E+05
  0.3761111111E+00  0.7975515126E+05
  0.3763888889E+00  0.7981133931E+05
  0.3766666667E+00  0.7986752803E+05
  0.3769444444E+00  0.7992371708E+05
  0.3772222222E+00  0.7997990514E+05
  0.3775000000E+00  0.8003609387E+05
  0.3777777778E+00  0.8009228291E+05
  0.3780555556E+00  0.8014847097E+05
  0.3783333333E+00  0.8020465981E+05
  0.3786111111E+00  0.8026084886E+05
  0.3788888889E+00  0.8031703692E+05
  0.3791666667E+00  0.8037322564E+05
  0.3794444444E+00  0.8042941469E+05
  0.3797222222E+00  0.8048560275E+05
  0.3800000000E+00  0.8054179179E+05
  0.3802777778E+00  0.8059637106E+05
  0.3805555556E+00  0.8065095132E+05
  0.3808333333E+00  0.8070553024E+05
  0.3811111111E+00  0.8076011050E+05
  0.3813888889E+00  0.8081468976E+05
  0.3816666667E+00  0.8086926901E+05
  0.3819444444E+00  0.8092384927E+05
  0.3822222222E+00  0.8097842853E+05
  0.3825000000E+00  0.8103300878E+05
  0.3827777778E+00  0.8108758804E+05
  0.3830555556E+00  0.8114216830E+05
  0.3833333333E+00  0.8119674756E+05
  0.3836111111E+00  0.8125132681E+05
  0.3838888889E+00  0.8130590708E+05
  0.3841666667E+00  0.8136048634E+05
  0.3844444444E+00  0.8141506660E+05
  0.3847222222E+00  0.8146964585E+05
  0.3850000000E+00  0.8152422611E+05
  0.3852777778E+00  0.8157195296E+05
  0.3855555556E+00  0.8161967981E+05
  0.3858333333E+00  0.8166740667E+05
  0.3861111111E+00  0.8171513352E+05
  0.3863888889E+00  0.8176286037E+05
  0.3866666667E+00  0.8181058723E+05
  0.3869444444E+00  0.8185831408E+05
  0.3872222222E+00  0.8190604094E+05
  0.3875000000E+00  0.8195376779E+05
  0.3877777778E+00  0.8200149463E+05
  0.3880555556E+00  0.8204922160E+05
  0.3883333333E+00  0.8209694845E+05
  0.3886111111E+00  0.8214467530E+05
  0.3888888889E+00  0.8219240216E+05
  0.3891666667E+00  0.8224012901E+05
  0.3894444444E+00  0.8228785586E+05
  0.3897222222E+00  0.8233558272E+05
  0.3900000000E+00  0.8238330957E+05
  0.3902777778E+00  0.8241990592E+05
  0.3905555556E+00  0.8245650126E+05
  0.3908333333E+00  0.8249309761E+05
  0.3911111111E+00  0.8252969395E+05
  0.3913888889E+00  0.8256628930E+05
  0.3916666667E+00  0.8260288599E+05
  0.3919444444E+00  0.8263948234E+05
  0.3922222222E+00  0.8267607768E+05
  0.3925000000E+00  0.8271267403E+05
  0.3927777778E+00  0.8274926937E+05
  0.3930555556E+00  0.8278586572E+05
  0.3933333333E+00  0.8282246206E+05
  0.3936111111E+00  0.8285905741E+05
  0.3938888889E+00  0.8289565375E+05
  0.3941666667E+00  0.8293225043E+05
  0.3944444444E+00  0.8296884578E+05
  0.3947222222E+00  0.8300544212E+05
  0.3950000000E+00  0.8304203847E+05
  0.3952777778E+00  0.8306457179E+05
  0.3955555556E+00  0.8308710610E+05
  0.3958333333E+00  0.8310963951E+05
  0.3961111111E+00  0.8313217383E+05
  0.3963888889E+00  0.8315470714E+05
  0.3966666667E+00  0.8317724157E+05
  0.3969444444E+00  0.8319977487E+05
  0.3972222222E+00  0.8322230919E+05
  0.3975000000E+00  0.8324484261E+05
  0.3977777778E+00  0.8326737692E+05
  0.3980555556E+00  0.8328991057E+05
  0.3983333333E+00  0.8331244499E+05
  0.3986111111E+00  0.8333497930E+05
  0.3988888889E+00  0.8335751261E+05
  0.3991666667E+00  0.8338004704E+05
  0.3994444444E+00  0.8340258035E+05
  0.3997222222E+00  0.8342511466E+05
  0.4000000000E+00  0.8344764809E+05
  0.4002777778E+00  0.8345446953E+05
  0.4005555556E+00  0.8346129198E+05
  0.4008333333E+00  0.8346811377E+05
  0.4011111111E+00  0.8347493522E+05
  0.4013888889E+00  0.8348175666E+05
  0.4016666667E+00  0.8348857911E+05
  0.4019444444E+00  0.8349540090E+05
  0.4022222222E+00  0.8350222234E+05
  0.4025000000E+00  0.8350904379E+05
  0.4027777778E+00  0.8351586634E+05
  0.4030555556E+00  0.8352268813E+05
  0.4033333333E+00  0.8352950958E+05
  0.4036111111E+00  0.8353633102E+05
  0.4038888889E+00  0.8354315248E+05
  0.4041666667E+00  0.8354997493E+05
  0.4044444444E+00  0.8355679671E+05
  0.4047222222E+00  0.8356361815E+05
  0.4050000000E+00  0.8357043961E+05
  0.4052777778E+00  0.8356125022E+05
  0.4055555556E+00  0.8355206082E+05
  0.4058333333E+00  0.8354287098E+05
  0.4061111111E+00  0.8353368159E+05
  0.4063888889E+00  0.8352449220E+05
  0.4066666667E+00  0.8351530270E+05
  0.4069444444E+00  0.8350611431E+05
  0.4072222222E+00  0.8349692459E+05
  0.4075000000E+00  0.8348773509E+05
  0.4077777778E+00  0.8347854569E+05
  0.4080555556E+00  0.8346935630E+05
  0.4083333333E+00  0.8346016647E+05
  0.4086111111E+00  0.8345097708E+05
  0.4088888889E+00  0.8344178769E+05
  0.4091666667E+00  0.8343259819E+05
  0.4094444444E+00  0.8342340846E+05
  0.4097222222E+00  0.8341421906E+05
  0.4100000000E+00  0.8340502956E+05
  0.4102777778E+00  0.8338074806E+05
  0.4105555556E+00  0.8335646644E+05
  0.4108333333E+00  0.8333218492E+05
  0.4111111111E+00  0.8330790331E+05
  0.4113888889E+00  0.8328362246E+05
  0.4116666667E+00  0.8325934084E+05
  0.4119444444E+00  0.8323505934E+05
  0.4122222222E+00  0.8321077771E+05
  0.4125000000E+00  0.8318649620E+05
  0.4127777778E+00  0.8316221459E+05
  0.4130555556E+00  0.8313793408E+05
  0.4133333333E+00  0.8311365245E+05
  0.4136111111E+00  0.8308937095E+05
  0.4138888889E+00  0.8306508899E+05
  0.4141666667E+00  0.8304080748E+05
  0.4144444444E+00  0.8301652687E+05
  0.4147222222E+00  0.8299224536E+05
  0.4150000000E+00  0.8296796373E+05
  0.4152777778E+00  0.8293054879E+05
  0.4155555556E+00  0.8289313374E+05
  0.4158333333E+00  0.8285571746E+05
  0.4161111111E+00  0.8281830240E+05
  0.4163888889E+00  0.8278088746E+05
  0.4166666667E+00  0.8274347241E+05
  0.4169444444E+00  0.8270605713E+05
  0.4172222222E+00  0.8266864208E+05
  0.4175000000E+00  0.8263122714E+05
  0.4177777778E+00  0.8259381108E+05
  0.4180555556E+00  0.8255639614E+05
  0.4183333333E+00  0.8251898075E+05
  0.4186111111E+00  0.8248156580E+05
  0.4188888889E+00  0.8244415075E+05
  0.4191666667E+00  0.8240673581E+05
  0.4194444444E+00  0.8236932041E+05
  0.4197222222E+00  0.8233190447E+05
  0.4200000000E+00  0.8229448942E+05
  0.4202777778E+00  0.8224673520E+05
  0.4205555556E+00  0.8219898055E+05
  0.4208333333E+00  0.8215122635E+05
  0.4211111111E+00  0.8210347203E+05
  0.4213888889E+00  0.8205571737E+05
  0.4216666667E+00  0.8200796317E+05
  0.4219444444E+00  0.8196020884E+05
  0.4222222222E+00  0.8191245418E+05
  0.4225000000E+00  0.8186469998E+05
  0.4227777778E+00  0.8181694566E+05
  0.4230555556E+00  0.8176919100E+05
  0.4233333333E+00  0.8172143679E+05
  0.4236111111E+00  0.8167368247E+05
  0.4238888889E+00  0.8162592793E+05
  0.4241666667E+00  0.8157817361E+05
  0.4244444444E+00  0.8153042029E+05
  0.4247222222E+00  0.8148266574E+05
  0.4250000000E+00  0.8143491142E+05
  0.4252777778E+00  0.8138016219E+05
  0.4255555556E+00  0.8132541340E+05
  0.4258333333E+00  0.8127066316E+05
  0.4261111111E+00  0.8121591393E+05
  0.4263888889E+00  0.8116116514E+05
  0.4266666667E+00  0.8110641591E+05
  0.4269444444E+00  0.8105166700E+05
  0.4272222222E+00  0.8099691787E+05
  0.4275000000E+00  0.8094216864E+05
  0.4277777778E+00  0.8088741974E+05
  0.4280555556E+00  0.8083267062E+05
  0.4283333333E+00  0.8077792139E+05
  0.4286111111E+00  0.8072317249E+05
  0.4288888889E+00  0.8066842336E+05
  0.4291666667E+00  0.8061367446E+05
  0.4294444444E+00  0.8055892523E+05
  0.4297222222E+00  0.8050417610E+05
  0.4300000000E+00  0.8044942719E+05
  0.4302777778E+00  0.8039129555E+05
  0.4305555556E+00  0.8033316413E+05
  0.4308333333E+00  0.8027503282E+05
  0.4311111111E+00  0.8021690140E+05
  0.4313888889E+00  0.8015876875E+05
  0.4316666667E+00  0.8010063732E+05
  0.4319444444E+00  0.8004250601E+05
  0.4322222222E+00  0.7998437470E+05
  0.4325000000E+00  0.7992624294E+05
  0.4327777778E+00  0.7986811063E+05
  0.4330555556E+00  0.7980997921E+05
  0.4333333333E+00  0.7975184757E+05
  0.4336111111E+00  0.7969371624E+05
  0.4338888889E+00  0.7963558482E+05
  0.4341666667E+00  0.7957745351E+05
  0.4344444444E+00  0.7951932076E+05
  0.4347222222E+00  0.7946118944E+05
  0.4350000000E+00  0.7940305813E+05
  0.4352777778E+00  0.7934513071E+05
  0.4355555556E+00  0.7928720371E+05
  0.4358333333E+00  0.7922927673E+05
  0.4361111111E+00  0.7917134942E+05
  0.4363888889E+00  0.7911342244E+05
  0.4366666667E+00  0.7905549512E+05
  0.4369444444E+00  0.7899756803E+05
  0.4372222222E+00  0.7893964072E+05
  0.4375000000E+00  0.7888171373E+05
  0.4377777778E+00  0.7882378675E+05
  0.4380555556E+00  0.7876585943E+05
  0.4383333333E+00  0.7870793245E+05
  0.4386111111E+00  0.7865000513E+05
  0.4388888889E+00  0.7859207844E+05
  0.4391666667E+00  0.7853415156E+05
  0.4394444444E+00  0.7847622424E+05
  0.4397222222E+00  0.7841829725E+05
  0.4400000000E+00  0.7836036994E+05
  0.4402777778E+00  0.7830596283E+05
  0.4405555556E+00  0.7825155549E+05
  0.4408333333E+00  0.7819714815E+05
  0.4411111111E+00  0.7814274105E+05
  0.4413888889E+00  0.7808833361E+05
  0.4416666667E+00  0.7803392627E+05
  0.4419444444E+00  0.7797951893E+05
  0.4422222222E+00  0.7792511183E+05
  0.4425000000E+00  0.7787070438E+05
  0.4427777778E+00  0.7781629704E+05
  0.4430555556E+00  0.7776189004E+05
  0.4433333333E+00  0.7770748249E+05
  0.4436111111E+00  0.7765307515E+05
  0.4438888889E+00  0.7759866815E+05
  0.4441666667E+00  0.7754426082E+05
  0.4444444444E+00  0.7748985326E+05
  0.4447222222E+00  0.7743544626E+05
  0.4450000000E+00  0.7738103893E+05
  0.4452777778E+00  0.7733290845E+05
  0.4455555556E+00  0.7728477809E+05
  0.4458333333E+00  0.7723664806E+05
  0.4461111111E+00  0.7718851768E+05
  0.4463888889E+00  0.7714038720E+05
  0.4466666667E+00  0.7709225673E+05
  0.4469444444E+00  0.7704412680E+05
  0.4472222222E+00  0.7699599632E+05
  0.4475000000E+00  0.7694786585E+05
  0.4477777778E+00  0.7689973547E+05
  0.4480555556E+00  0.7685160512E+05
  0.4483333333E+00  0.7680347508E+05
  0.4486111111E+00  0.7675534460E+05
  0.4488888889E+00  0.7670721412E+05
  0.4491666667E+00  0.7665908386E+05
  0.4494444444E+00  0.7661095372E+05
  0.4497222222E+00  0.7656282334E+05
  0.4500000000E+00  0.7651469287E+05
  0.4502777778E+00  0.7647491393E+05
  0.4505555556E+00  0.7643513486E+05
  0.4508333333E+00  0.7639535591E+05
  0.4511111111E+00  0.7635557685E+05
  0.4513888889E+00  0.7631579779E+05
  0.4516666667E+00  0.7627601885E+05
  0.4519444444E+00  0.7623623988E+05
  0.4522222222E+00  0.7619646049E+05
  0.4525000000E+00  0.7615668143E+05
  0.4527777778E+00  0.7611690237E+05
  0.4530555556E+00  0.7607712352E+05
  0.4533333333E+00  0.7603734447E+05
  0.4536111111E+00  0.7599756540E+05
  0.4538888889E+00  0.7595778635E+05
  0.4541666667E+00  0.7591800739E+05
  0.4544444444E+00  0.7587822844E+05
  0.4547222222E+00  0.7583844939E+05
  0.4550000000E+00  0.7579867032E+05
  0.4552777778E+00  0.7576851452E+05
  0.4555555556E+00  0.7573835861E+05
  0.4558333333E+00  0.7570820304E+05
  0.4561111111E+00  0.7567804714E+05
  0.4563888889E+00  0.7564789167E+05
  0.4566666667E+00  0.7561773575E+05
  0.4569444444E+00  0.7558757985E+05
  0.4572222222E+00  0.7555742429E+05
  0.4575000000E+00  0.7552726837E+05
  0.4577777778E+00  0.7549711246E+05
  0.4580555556E+00  0.7546695689E+05
  0.4583333333E+00  0.7543680099E+05
  0.4586111111E+00  0.7540664518E+05
  0.4588888889E+00  0.7537648961E+05
  0.4591666667E+00  0.7534633370E+05
  0.4594444444E+00  0.7531617813E+05
  0.4597222222E+00  0.7528602233E+05
  0.4600000000E+00  0.7525586642E+05
  0.4602777778E+00  0.7523572832E+05
  0.4605555556E+00  0.7521559031E+05
  0.4608333333E+00  0.7519545220E+05
  0.4611111111E+00  0.7517531386E+05
  0.4613888889E+00  0.7515517576E+05
  0.4616666667E+00  0.7513503764E+05
  0.4619444444E+00  0.7511489964E+05
  0.4622222222E+00  0.7509476120E+05
  0.4625000000E+00  0.7507462310E+05
  0.4627777778E+00  0.7505448508E+05
  0.4630555556E+00  0.7503434698E+05
  0.4633333333E+00  0.7501420886E+05
  0.4636111111E+00  0.7499407042E+05
  0.4638888889E+00  0.7497393231E+05
  0.4641666667E+00  0.7495379430E+05
  0.4644444444E+00  0.7493365620E+05
  0.4647222222E+00  0.7491351785E+05
  0.4650000000E+00  0.7489337975E+05
  0.4652777778E+00  0.7488280715E+05
  0.4655555556E+00  0.7487223411E+05
  0.4658333333E+00  0.7486166151E+05
  0.4661111111E+00  0.7485108880E+05
  0.4663888889E+00  0.7484051587E+05
  0.4666666667E+00  0.7482994317E+05
  0.4669444444E+00  0.7481937056E+05
  0.4672222222E+00  0.7480879751E+05
  0.4675000000E+00  0.7479822482E+05
  0.4677777778E+00  0.7478765188E+05
  0.4680555556E+00  0.7477707928E+05
  0.4683333333E+00  0.7476650656E+05
  0.4686111111E+00  0.7475593353E+05
  0.4688888889E+00  0.7474536093E+05
  0.4691666667E+00  0.7473478799E+05
  0.4694444444E+00  0.7472421528E+05
  0.4697222222E+00  0.7471364257E+05
  0.4700000000E+00  0.7470306964E+05
  0.4702777778E+00  0.7470083707E+05
  0.4705555556E+00  0.7469860428E+05
  0.4708333333E+00  0.7469637128E+05
  0.4711111111E+00  0.7469413870E+05
  0.4713888889E+00  0.7469190602E+05
  0.4716666667E+00  0.7468967300E+05
  0.4719444444E+00  0.7468744032E+05
  0.4722222222E+00  0.7468520775E+05
  0.4725000000E+00  0.7468297474E+05
  0.4727777778E+00  0.7468074206E+05
  0.4730555556E+00  0.7467850938E+05
  0.4733333333E+00  0.7467627681E+05
  0.4736111111E+00  0.7467404380E+05
  0.4738888889E+00  0.7467181112E+05
  0.4741666667E+00  0.7466957844E+05
  0.4744444444E+00  0.7466734553E+05
  0.4747222222E+00  0.7466511285E+05
  0.4750000000E+00  0.7466288016E+05
  0.4752777778E+00  0.7466714315E+05
  0.4755555556E+00  0.7467140581E+05
  0.4758333333E+00  0.7467566859E+05
  0.4761111111E+00  0.7467993158E+05
  0.4763888889E+00  0.7468419457E+05
  0.4766666667E+00  0.7468845711E+05
  0.4769444444E+00  0.7469272011E+05
  0.4772222222E+00  0.7469698310E+05
  0.4775000000E+00  0.7470124598E+05
  0.4777777778E+00  0.7470550896E+05
  0.4780555556E+00  0.7470977161E+05
  0.4783333333E+00  0.7471403461E+05
  0.4786111111E+00  0.7471829749E+05
  0.4788888889E+00  0.7472256048E+05
  0.4791666667E+00  0.7472682347E+05
  0.4794444444E+00  0.7473108601E+05
  0.4797222222E+00  0.7473534900E+05
  0.4800000000E+00  0.7473961200E+05
  0.4802777778E+00  0.7474805216E+05
  0.4805555556E+00  0.7475649244E+05
  0.4808333333E+00  0.7476493271E+05
  0.4811111111E+00  0.7477337299E+05
  0.4813888889E+00  0.7478181316E+05
  0.4816666667E+00  0.7479025376E+05
  0.4819444444E+00  0.7479869404E+05
  0.4822222222E+00  0.7480713421E+05
  0.4825000000E+00  0.7481557459E+05
  0.4827777778E+00  0.7482401476E+05
  0.4830555556E+00  0.7483245504E+05
  0.4833333333E+00  0.7484089520E+05
  0.4836111111E+00  0.7484933559E+05
  0.4838888889E+00  0.7485777609E+05
  0.4841666667E+00  0.7486621637E+05
  0.4844444444E+00  0.7487465663E+05
  0.4847222222E+00  0.7488309692E+05
  0.4850000000E+00  0.7489153708E+05
  0.4852777778E+00  0.7490160364E+05
  0.4855555556E+00  0.7491167011E+05
  0.4858333333E+00  0.7492173669E+05
  0.4861111111E+00  0.7493180315E+05
  0.4863888889E+00  0.7494186961E+05
  0.4866666667E+00  0.7495193608E+05
  0.4869444444E+00  0.7496200264E+05
  0.4872222222E+00  0.7497206923E+05
  0.4875000000E+00  0.7498213569E+05
  0.4877777778E+00  0.7499220215E+05
  0.4880555556E+00  0.7500226895E+05
  0.4883333333E+00  0.7501233551E+05
  0.4886111111E+00  0.7502240209E+05
  0.4888888889E+00  0.7503246855E+05
  0.4891666667E+00  0.7504253502E+05
  0.4894444444E+00  0.7505260148E+05
  0.4897222222E+00  0.7506266805E+05
  0.4900000000E+00  0.7507273463E+05
  0.4902777778E+00  0.7508183010E+05
  0.4905555556E+00  0.7509092568E+05
  0.4908333333E+00  0.7510002126E+05
  0.4911111111E+00  0.7510911684E+05
  0.4913888889E+00  0.7511821243E+05
  0.4916666667E+00  0.7512730801E+05
  0.4919444444E+00  0.7513640359E+05
  0.4922222222E+00  0.7514549917E+05
  0.4925000000E+00  0.7515459475E+05
  0.4927777778E+00  0.7516369023E+05
  0.4930555556E+00  0.7517278592E+05
  0.4933333333E+00  0.7518188150E+05
  0.4936111111E+00  0.7519097698E+05
  0.4938888889E+00  0.7520007266E+05
  0.4941666667E+00  0.7520916814E+05
  0.4944444444E+00  0.7521826372E+05
  0.4947222222E+00  0.7522735929E+05
  0.4950000000E+00  0.7523645489E+05
