  0.1027777778E-01  0.2260729319E+08
  0.1055555556E-01  0.2257716783E+08
  0.1083333333E-01  0.2254704225E+08
  0.1111111111E-01  0.2251691712E+08
  0.1138888889E-01  0.2248679165E+08
  0.1166666667E-01  0.2245666607E+08
  0.1194444444E-01  0.2242654061E+08
  0.1222222222E-01  0.2239641536E+08
  0.1250000000E-01  0.2236628990E+08
  0.1277777778E-01  0.2233616442E+08
  0.1305555556E-01  0.2230603885E+08
  0.1333333333E-01  0.2227591371E+08
  0.1361111111E-01  0.2224578824E+08
  0.1388888889E-01  0.2221566267E+08
  0.1416666667E-01  0.2218553719E+08
  0.1444444444E-01  0.2215541162E+08
  0.1472222222E-01  0.2212528649E+08
  0.1500000000E-01  0.2209516101E+08
  0.1527777778E-01  0.2205419731E+08
  0.1555555556E-01  0.2201323404E+08
  0.1583333333E-01  0.2197227034E+08
  0.1611111111E-01  0.2193130674E+08
  0.1638888889E-01  0.2189034346E+08
  0.1666666667E-01  0.2184937976E+08
  0.1694444444E-01  0.2180841639E+08
  0.1722222222E-01  0.2176745278E+08
  0.1750000000E-01  0.2172648908E+08
  0.1777777778E-01  0.2168552582E+08
  0.1805555556E-01  0.2164456222E+08
  0.1833333333E-01  0.2160359851E+08
  0.1861111111E-01  0.2156263513E+08
  0.1888888889E-01  0.2152167153E+08
  0.1916666667E-01  0.2148070816E+08
  0.1944444444E-01  0.2143974467E+08
  0.1972222222E-01  0.2139878095E+08
  0.2000000000E-01  0.2135781759E+08
  0.2027777778E-01  0.2130714664E+08
  0.2055555556E-01  0.2125647591E+08
  0.2083333333E-01  0.2120580508E+08
  0.2111111111E-01  0.2115513402E+08
  0.2138888889E-01  0.2110446341E+08
  0.2166666667E-01  0.2105379236E+08
  0.2194444444E-01  0.2100312174E+08
  0.2222222222E-01  0.2095245069E+08
  0.2250000000E-01  0.2090178018E+08
  0.2277777778E-01  0.2085110913E+08
  0.2305555556E-01  0.2080043817E+08
  0.2333333333E-01  0.2074976746E+08
  0.2361111111E-01  0.2069909640E+08
  0.2388888889E-01  0.2064842590E+08
  0.2416666667E-01  0.2059775484E+08
  0.2444444444E-01  0.2054708423E+08
  0.2472222222E-01  0.2049641317E+08
  0.2500000000E-01  0.2044574222E+08
  0.2527777778E-01  0.2038674641E+08
  0.2555555556E-01  0.2032775037E+08
  0.2583333333E-01  0.2026875455E+08
  0.2611111111E-01  0.2020975840E+08
  0.2638888889E-01  0.2015076236E+08
  0.2666666667E-01  0.2009176654E+08
  0.2694444444E-01  0.2003277038E+08
  0.2722222222E-01  0.1997377457E+08
  0.2750000000E-01  0.1991477853E+08
  0.2777777778E-01  0.1985578239E+08
  0.2805555556E-01  0.1979678657E+08
  0.2833333333E-01  0.1973779052E+08
  0.2861111111E-01  0.1967879471E+08
  0.2888888889E-01  0.1961979855E+08
  0.2916666667E-01  0.1956080251E+08
  0.2944444444E-01  0.1950180671E+08
  0.2972222222E-01  0.1944281055E+08
  0.3000000000E-01  0.1938381473E+08
  0.3027777778E-01  0.1931806502E+08
  0.3055555556E-01  0.1925231530E+08
  0.3083333333E-01  0.1918656583E+08
  0.3111111111E-01  0.1912081610E+08
  0.3138888889E-01  0.1905506663E+08
  0.3166666667E-01  0.1898931692E+08
  0.3194444444E-01  0.1892356743E+08
  0.3222222222E-01  0.1885781772E+08
  0.3250000000E-01  0.1879206824E+08
  0.3277777778E-01  0.1872631853E+08
  0.3305555556E-01  0.1866056904E+08
  0.3333333333E-01  0.1859481933E+08
  0.3361111111E-01  0.1852906995E+08
  0.3388888889E-01  0.1846332013E+08
  0.3416666667E-01  0.1839757042E+08
  0.3444444444E-01  0.1833182094E+08
  0.3472222222E-01  0.1826607122E+08
  0.3500000000E-01  0.1820032174E+08
  0.3527777778E-01  0.1812949043E+08
  0.3555555556E-01  0.1805865923E+08
  0.3583333333E-01  0.1798782816E+08
  0.3611111111E-01  0.1791699685E+08
  0.3638888889E-01  0.1784616544E+08
  0.3666666667E-01  0.1777533413E+08
  0.3694444444E-01  0.1770450315E+08
  0.3722222222E-01  0.1763367174E+08
  0.3750000000E-01  0.1756284043E+08
  0.3777777778E-01  0.1749200945E+08
  0.3805555556E-01  0.1742117804E+08
  0.3833333333E-01  0.1735034674E+08
  0.3861111111E-01  0.1727951554E+08
  0.3888888889E-01  0.1720868446E+08
  0.3916666667E-01  0.1713785315E+08
  0.3944444444E-01  0.1706702174E+08
  0.3972222222E-01  0.1699619077E+08
  0.4000000000E-01  0.1692535946E+08
  0.4027777778E-01  0.1685118272E+08
  0.4055555556E-01  0.1677700633E+08
  0.4083333333E-01  0.1670282959E+08
  0.4111111111E-01  0.1662865331E+08
  0.4138888889E-01  0.1655447658E+08
  0.4166666667E-01  0.1648030018E+08
  0.4194444444E-01  0.1640612345E+08
  0.4222222222E-01  0.1633194705E+08
  0.4250000000E-01  0.1625777042E+08
  0.4277777778E-01  0.1618359403E+08
  0.4305555556E-01  0.1610941740E+08
  0.4333333333E-01  0.1603524067E+08
  0.4361111111E-01  0.1596106427E+08
  0.4388888889E-01  0.1588688754E+08
  0.4416666667E-01  0.1581271115E+08
  0.4444444444E-01  0.1573853441E+08
  0.4472222222E-01  0.1566435812E+08
  0.4500000000E-01  0.1559018140E+08
  0.4527777778E-01  0.1551437661E+08
  0.4555555556E-01  0.1543857160E+08
  0.4583333333E-01  0.1536276647E+08
  0.4611111111E-01  0.1528696136E+08
  0.4638888889E-01  0.1521115658E+08
  0.4666666667E-01  0.1513535157E+08
  0.4694444444E-01  0.1505954635E+08
  0.4722222222E-01  0.1498374134E+08
  0.4750000000E-01  0.1490793655E+08
  0.4777777778E-01  0.1483213144E+08
  0.4805555556E-01  0.1475632632E+08
  0.4833333333E-01  0.1468052120E+08
  0.4861111111E-01  0.1460471642E+08
  0.4888888889E-01  0.1452891130E+08
  0.4916666667E-01  0.1445310629E+08
  0.4944444444E-01  0.1437730107E+08
  0.4972222222E-01  0.1430149639E+08
  0.5000000000E-01  0.1422569127E+08
  0.5027777778E-01  0.1414989629E+08
  0.5055555556E-01  0.1407410128E+08
  0.5083333333E-01  0.1399830652E+08
  0.5111111111E-01  0.1392251142E+08
  0.5138888889E-01  0.1384671632E+08
  0.5166666667E-01  0.1377092143E+08
  0.5194444444E-01  0.1369512666E+08
  0.5222222222E-01  0.1361933157E+08
  0.5250000000E-01  0.1354353656E+08
  0.5277777778E-01  0.1346774146E+08
  0.5305555556E-01  0.1339194637E+08
  0.5333333333E-01  0.1331615181E+08
  0.5361111111E-01  0.1324035671E+08
  0.5388888889E-01  0.1316456161E+08
  0.5416666667E-01  0.1308876661E+08
  0.5444444444E-01  0.1301297184E+08
  0.5472222222E-01  0.1293717685E+08
  0.5500000000E-01  0.1286138185E+08
  0.5527777778E-01  0.1278709997E+08
  0.5555555556E-01  0.1271281809E+08
  0.5583333333E-01  0.1263853621E+08
  0.5611111111E-01  0.1256425449E+08
  0.5638888889E-01  0.1248997264E+08
  0.5666666667E-01  0.1241569083E+08
  0.5694444444E-01  0.1234140898E+08
  0.5722222222E-01  0.1226712713E+08
  0.5750000000E-01  0.1219284528E+08
  0.5777777778E-01  0.1211856343E+08
  0.5805555556E-01  0.1204428159E+08
  0.5833333333E-01  0.1196999974E+08
  0.5861111111E-01  0.1189571792E+08
  0.5888888889E-01  0.1182143607E+08
  0.5916666667E-01  0.1174715422E+08
  0.5944444444E-01  0.1167287238E+08
  0.5972222222E-01  0.1159859052E+08
  0.6000000000E-01  0.1152430879E+08
  0.6027777778E-01  0.1145286755E+08
  0.6055555556E-01  0.1138142632E+08
  0.6083333333E-01  0.1130998510E+08
  0.6111111111E-01  0.1123854397E+08
  0.6138888889E-01  0.1116710274E+08
  0.6166666667E-01  0.1109566140E+08
  0.6194444444E-01  0.1102422018E+08
  0.6222222222E-01  0.1095277902E+08
  0.6250000000E-01  0.1088133779E+08
  0.6277777778E-01  0.1080989656E+08
  0.6305555556E-01  0.1073845543E+08
  0.6333333333E-01  0.1066701414E+08
  0.6361111111E-01  0.1059557289E+08
  0.6388888889E-01  0.1052413175E+08
  0.6416666667E-01  0.1045269050E+08
  0.6444444444E-01  0.1038124922E+08
  0.6472222222E-01  0.1030980807E+08
  0.6500000000E-01  0.1023836683E+08
  0.6527777778E-01  0.1017087531E+08
  0.6555555556E-01  0.1010338383E+08
  0.6583333333E-01  0.1003589232E+08
  0.6611111111E-01  0.9968400916E+07
  0.6638888889E-01  0.9900909438E+07
  0.6666666667E-01  0.9833417926E+07
  0.6694444444E-01  0.9765926416E+07
  0.6722222222E-01  0.9698434938E+07
  0.6750000000E-01  0.9630943426E+07
  0.6777777778E-01  0.9563451916E+07
  0.6805555556E-01  0.9495960531E+07
  0.6833333333E-01  0.9428469019E+07
  0.6861111111E-01  0.9360977509E+07
  0.6888888889E-01  0.9293485998E+07
  0.6916666667E-01  0.9225994520E+07
  0.6944444444E-01  0.9158503008E+07
  0.6972222222E-01  0.9091011598E+07
  0.7000000000E-01  0.9023520120E+07
  0.7027777778E-01  0.8960851052E+07
  0.7055555556E-01  0.8898182003E+07
  0.7083333333E-01  0.8835512931E+07
  0.7111111111E-01  0.8772843993E+07
  0.7138888889E-01  0.8710174911E+07
  0.7166666667E-01  0.8647505873E+07
  0.7194444444E-01  0.8584836834E+07
  0.7222222222E-01  0.8522167763E+07
  0.7250000000E-01  0.8459498814E+07
  0.7277777778E-01  0.8396829742E+07
  0.7305555556E-01  0.8334160704E+07
  0.7333333333E-01  0.8271491633E+07
  0.7361111111E-01  0.8208822583E+07
  0.7388888889E-01  0.8146153612E+07
  0.7416666667E-01  0.8083484574E+07
  0.7444444444E-01  0.8020815491E+07
  0.7472222222E-01  0.7958146453E+07
  0.7500000000E-01  0.7895477515E+07
  0.7527777778E-01  0.7838252179E+07
  0.7555555556E-01  0.7781026977E+07
  0.7583333333E-01  0.7723801775E+07
  0.7611111111E-01  0.7666576572E+07
  0.7638888889E-01  0.7609351370E+07
  0.7666666667E-01  0.7552126165E+07
  0.7694444444E-01  0.7494900863E+07
  0.7722222222E-01  0.7437675660E+07
  0.7750000000E-01  0.7380450457E+07
  0.7777777778E-01  0.7323225254E+07
  0.7805555556E-01  0.7266000018E+07
  0.7833333333E-01  0.7208774714E+07
  0.7861111111E-01  0.7151549512E+07
  0.7888888889E-01  0.7094324309E+07
  0.7916666667E-01  0.7037099107E+07
  0.7944444444E-01  0.6979873904E+07
  0.7972222222E-01  0.6922648701E+07
  0.8000000000E-01  0.6865423397E+07
  0.8027777778E-01  0.6814018363E+07
  0.8055555556E-01  0.6762613328E+07
  0.8083333333E-01  0.6711208181E+07
  0.8111111111E-01  0.6659803147E+07
  0.8138888889E-01  0.6608398100E+07
  0.8166666667E-01  0.6556992965E+07
  0.8194444444E-01  0.6505587918E+07
  0.8222222222E-01  0.6454182884E+07
  0.8250000000E-01  0.6402777737E+07
  0.8277777778E-01  0.6351372702E+07
  0.8305555556E-01  0.6299967656E+07
  0.8333333333E-01  0.6248562521E+07
  0.8361111111E-01  0.6197157485E+07
  0.8388888889E-01  0.6145752439E+07
  0.8416666667E-01  0.6094347305E+07
  0.8444444444E-01  0.6042942258E+07
  0.8472222222E-01  0.5991537123E+07
  0.8500000000E-01  0.5940132077E+07
  0.8527777778E-01  0.5894686400E+07
  0.8555555556E-01  0.5849240634E+07
  0.8583333333E-01  0.5803794956E+07
  0.8611111111E-01  0.5758349247E+07
  0.8638888889E-01  0.5712903469E+07
  0.8666666667E-01  0.5667457793E+07
  0.8694444444E-01  0.5622012115E+07
  0.8722222222E-01  0.5576566305E+07
  0.8750000000E-01  0.5531120639E+07
  0.8777777778E-01  0.5485674941E+07
  0.8805555556E-01  0.5440229235E+07
  0.8833333333E-01  0.5394783493E+07
  0.8861111111E-01  0.5349337777E+07
  0.8888888889E-01  0.5303892069E+07
  0.8916666667E-01  0.5258446363E+07
  0.8944444444E-01  0.5213000612E+07
  0.8972222222E-01  0.5167554916E+07
  0.9000000000E-01  0.5122109209E+07
  0.9027777778E-01  0.5082550503E+07
  0.9055555556E-01  0.5042991784E+07
  0.9083333333E-01  0.5003433089E+07
  0.9111111111E-01  0.4963874394E+07
  0.9138888889E-01  0.4924315697E+07
  0.9166666667E-01  0.4884756969E+07
  0.9194444444E-01  0.4845198273E+07
  0.9222222222E-01  0.4805639589E+07
  0.9250000000E-01  0.4766080882E+07
  0.9277777778E-01  0.4726522197E+07
  0.9305555556E-01  0.4686963468E+07
  0.9333333333E-01  0.4647404773E+07
  0.9361111111E-01  0.4607846076E+07
  0.9388888889E-01  0.4568287382E+07
  0.9416666667E-01  0.4528728653E+07
  0.9444444444E-01  0.4489169967E+07
  0.9472222222E-01  0.4449611261E+07
  0.9500000000E-01  0.4410052566E+07
  0.9527777778E-01  0.4376125587E+07
  0.9555555556E-01  0.4342198607E+07
  0.9583333333E-01  0.4308271628E+07
  0.9611111111E-01  0.4274344627E+07
  0.9638888889E-01  0.4240417648E+07
  0.9666666667E-01  0.4206490635E+07
  0.9694444444E-01  0.4172563646E+07
  0.9722222222E-01  0.4138636665E+07
  0.9750000000E-01  0.4104709686E+07
  0.9777777778E-01  0.4070782706E+07
  0.9805555556E-01  0.4036855706E+07
  0.9833333333E-01  0.4002928727E+07
  0.9861111111E-01  0.3969001747E+07
  0.9888888889E-01  0.3935074758E+07
  0.9916666667E-01  0.3901147778E+07
  0.9944444444E-01  0.3867220799E+07
  0.9972222222E-01  0.3833293798E+07
  0.1000000000E+00  0.3799366819E+07
  0.1002777778E+00  0.3770666421E+07
  0.1005555556E+00  0.3741966011E+07
  0.1008333333E+00  0.3713265647E+07
  0.1011111111E+00  0.3684565238E+07
  0.1013888889E+00  0.3655864840E+07
  0.1016666667E+00  0.3627164431E+07
  0.1019444444E+00  0.3598464067E+07
  0.1022222222E+00  0.3569763658E+07
  0.1025000000E+00  0.3541063260E+07
  0.1027777778E+00  0.3512362841E+07
  0.1030555556E+00  0.3483662475E+07
  0.1033333333E+00  0.3454962067E+07
  0.1036111111E+00  0.3426261669E+07
  0.1038888889E+00  0.3397561271E+07
  0.1041666667E+00  0.3368860896E+07
  0.1044444444E+00  0.3340160498E+07
  0.1047222222E+00  0.3311460089E+07
  0.1050000000E+00  0.3282759724E+07
  0.1052777778E+00  0.3258774436E+07
  0.1055555556E+00  0.3234789193E+07
  0.1058333333E+00  0.3210803951E+07
  0.1061111111E+00  0.3186818718E+07
  0.1063888889E+00  0.3162833474E+07
  0.1066666667E+00  0.3138848232E+07
  0.1069444444E+00  0.3114862989E+07
  0.1072222222E+00  0.3090877713E+07
  0.1075000000E+00  0.3066892470E+07
  0.1077777778E+00  0.3042907226E+07
  0.1080555556E+00  0.3018921984E+07
  0.1083333333E+00  0.2994936740E+07
  0.1086111111E+00  0.2970951497E+07
  0.1088888889E+00  0.2946966253E+07
  0.1091666667E+00  0.2922981010E+07
  0.1094444444E+00  0.2898995735E+07
  0.1097222222E+00  0.2875010492E+07
  0.1100000000E+00  0.2851025248E+07
  0.1102777778E+00  0.2831170055E+07
  0.1105555556E+00  0.2811314838E+07
  0.1108333333E+00  0.2791459644E+07
  0.1111111111E+00  0.2771604417E+07
  0.1113888889E+00  0.2751749223E+07
  0.1116666667E+00  0.2731893996E+07
  0.1119444444E+00  0.2712038802E+07
  0.1122222222E+00  0.2692183575E+07
  0.1125000000E+00  0.2672328382E+07
  0.1127777778E+00  0.2652473166E+07
  0.1130555556E+00  0.2632617972E+07
  0.1133333333E+00  0.2612762745E+07
  0.1136111111E+00  0.2592907551E+07
  0.1138888889E+00  0.2573052324E+07
  0.1141666667E+00  0.2553197130E+07
  0.1144444444E+00  0.2533341903E+07
  0.1147222222E+00  0.2513486710E+07
  0.1150000000E+00  0.2493631482E+07
  0.1152777778E+00  0.2477289023E+07
  0.1155555556E+00  0.2460946542E+07
  0.1158333333E+00  0.2444604071E+07
  0.1161111111E+00  0.2428261578E+07
  0.1163888889E+00  0.2411919107E+07
  0.1166666667E+00  0.2395576648E+07
  0.1169444444E+00  0.2379234177E+07
  0.1172222222E+00  0.2362891696E+07
  0.1175000000E+00  0.2346549203E+07
  0.1177777778E+00  0.2330206732E+07
  0.1180555556E+00  0.2313864273E+07
  0.1183333333E+00  0.2297521802E+07
  0.1186111111E+00  0.2281179288E+07
  0.1188888889E+00  0.2264836828E+07
  0.1191666667E+00  0.2248494357E+07
  0.1194444444E+00  0.2232151898E+07
  0.1197222222E+00  0.2215809393E+07
  0.1200000000E+00  0.2199466924E+07
  0.1202777778E+00  0.2186020019E+07
  0.1205555556E+00  0.2172573080E+07
  0.1208333333E+00  0.2159126175E+07
  0.1211111111E+00  0.2145679271E+07
  0.1213888889E+00  0.2132232365E+07
  0.1216666667E+00  0.2118785427E+07
  0.1219444444E+00  0.2105338522E+07
  0.1222222222E+00  0.2091891617E+07
  0.1225000000E+00  0.2078444678E+07
  0.1227777778E+00  0.2064997773E+07
  0.1230555556E+00  0.2051550868E+07
  0.1233333333E+00  0.2038103930E+07
  0.1236111111E+00  0.2024657025E+07
  0.1238888889E+00  0.2011210120E+07
  0.1241666667E+00  0.1997763181E+07
  0.1244444444E+00  0.1984316276E+07
  0.1247222222E+00  0.1970869371E+07
  0.1250000000E+00  0.1957422433E+07
  0.1252777778E+00  0.1946283023E+07
  0.1255555556E+00  0.1935143601E+07
  0.1258333333E+00  0.1924004157E+07
  0.1261111111E+00  0.1912864748E+07
  0.1263888889E+00  0.1901725314E+07
  0.1266666667E+00  0.1890585915E+07
  0.1269444444E+00  0.1879446472E+07
  0.1272222222E+00  0.1868307039E+07
  0.1275000000E+00  0.1857167640E+07
  0.1277777778E+00  0.1846028197E+07
  0.1280555556E+00  0.1834888764E+07
  0.1283333333E+00  0.1823749354E+07
  0.1286111111E+00  0.1812609932E+07
  0.1288888889E+00  0.1801470522E+07
  0.1291666667E+00  0.1790331078E+07
  0.1294444444E+00  0.1779191645E+07
  0.1297222222E+00  0.1768052246E+07
  0.1300000000E+00  0.1756912803E+07
  0.1302777778E+00  0.1747546542E+07
  0.1305555556E+00  0.1738180247E+07
  0.1308333333E+00  0.1728813962E+07
  0.1311111111E+00  0.1719447700E+07
  0.1313888889E+00  0.1710081405E+07
  0.1316666667E+00  0.1700715110E+07
  0.1319444444E+00  0.1691348849E+07
  0.1322222222E+00  0.1681982554E+07
  0.1325000000E+00  0.1672616259E+07
  0.1327777778E+00  0.1663249997E+07
  0.1330555556E+00  0.1653883703E+07
  0.1333333333E+00  0.1644517451E+07
  0.1336111111E+00  0.1635151156E+07
  0.1338888889E+00  0.1625784861E+07
  0.1341666667E+00  0.1616418600E+07
  0.1344444444E+00  0.1607052305E+07
  0.1347222222E+00  0.1597686010E+07
  0.1350000000E+00  0.1588319748E+07
  0.1352777778E+00  0.1580261341E+07
  0.1355555556E+00  0.1572202956E+07
  0.1358333333E+00  0.1564144539E+07
  0.1361111111E+00  0.1556086131E+07
  0.1363888889E+00  0.1548027747E+07
  0.1366666667E+00  0.1539969329E+07
  0.1369444444E+00  0.1531910955E+07
  0.1372222222E+00  0.1523852537E+07
  0.1375000000E+00  0.1515794163E+07
  0.1377777778E+00  0.1507735745E+07
  0.1380555556E+00  0.1499677361E+07
  0.1383333333E+00  0.1491618953E+07
  0.1386111111E+00  0.1483560536E+07
  0.1388888889E+00  0.1475502151E+07
  0.1391666667E+00  0.1467443755E+07
  0.1394444444E+00  0.1459385371E+07
  0.1397222222E+00  0.1451326963E+07
  0.1400000000E+00  0.1443268579E+07
  0.1402777778E+00  0.1436133341E+07
  0.1405555556E+00  0.1428998125E+07
  0.1408333333E+00  0.1421862899E+07
  0.1411111111E+00  0.1414727716E+07
  0.1413888889E+00  0.1407592479E+07
  0.1416666667E+00  0.1400457252E+07
  0.1419444444E+00  0.1393322070E+07
  0.1422222222E+00  0.1386186832E+07
  0.1425000000E+00  0.1379051616E+07
  0.1427777778E+00  0.1371916390E+07
  0.1430555556E+00  0.1364781197E+07
  0.1433333333E+00  0.1357645970E+07
  0.1436111111E+00  0.1350510743E+07
  0.1438888889E+00  0.1343375560E+07
  0.1441666667E+00  0.1336240323E+07
  0.1444444444E+00  0.1329105097E+07
  0.1447222222E+00  0.1321969881E+07
  0.1450000000E+00  0.1314834688E+07
  0.1452777778E+00  0.1308322261E+07
  0.1455555556E+00  0.1301809878E+07
  0.1458333333E+00  0.1295297485E+07
  0.1461111111E+00  0.1288785102E+07
  0.1463888889E+00  0.1282272720E+07
  0.1466666667E+00  0.1275760293E+07
  0.1469444444E+00  0.1269247910E+07
  0.1472222222E+00  0.1262735528E+07
  0.1475000000E+00  0.1256223134E+07
  0.1477777778E+00  0.1249710752E+07
  0.1480555556E+00  0.1243198315E+07
  0.1483333333E+00  0.1236685932E+07
  0.1486111111E+00  0.1230173550E+07
  0.1488888889E+00  0.1223661156E+07
  0.1491666667E+00  0.1217148773E+07
  0.1494444444E+00  0.1210636358E+07
  0.1497222222E+00  0.1204123964E+07
  0.1500000000E+00  0.1197611581E+07
  0.1502777778E+00  0.1191504188E+07
  0.1505555556E+00  0.1185396740E+07
  0.1508333333E+00  0.1179289314E+07
  0.1511111111E+00  0.1173181911E+07
  0.1513888889E+00  0.1167074484E+07
  0.1516666667E+00  0.1160967081E+07
  0.1519444444E+00  0.1154859643E+07
  0.1522222222E+00  0.1148752240E+07
  0.1525000000E+00  0.1142644813E+07
  0.1527777778E+00  0.1136537410E+07
  0.1530555556E+00  0.1130429983E+07
  0.1533333333E+00  0.1124322569E+07
  0.1536111111E+00  0.1118215142E+07
  0.1538888889E+00  0.1112107739E+07
  0.1541666667E+00  0.1106000312E+07
  0.1544444444E+00  0.1099892875E+07
  0.1547222222E+00  0.1093785471E+07
  0.1550000000E+00  0.1087678034E+07
  0.1552777778E+00  0.1081834714E+07
  0.1555555556E+00  0.1075991403E+07
  0.1558333333E+00  0.1070148082E+07
  0.1561111111E+00  0.1064304761E+07
  0.1563888889E+00  0.1058461407E+07
  0.1566666667E+00  0.1052618093E+07
  0.1569444444E+00  0.1046774765E+07
  0.1572222222E+00  0.1040931448E+07
  0.1575000000E+00  0.1035088117E+07
  0.1577777778E+00  0.1029244789E+07
  0.1580555556E+00  0.1023401462E+07
  0.1583333333E+00  0.1017558134E+07
  0.1586111111E+00  0.1011714796E+07
  0.1588888889E+00  0.1005871468E+07
  0.1591666667E+00  0.1000028151E+07
  0.1594444444E+00  0.9941848233E+06
  0.1597222222E+00  0.9883414958E+06
  0.1600000000E+00  0.9824981683E+06
  0.1602777778E+00  0.9768452282E+06
  0.1605555556E+00  0.9711922860E+06
  0.1608333333E+00  0.9655393459E+06
  0.1611111111E+00  0.9598864058E+06
  0.1613888889E+00  0.9542334558E+06
  0.1616666667E+00  0.9485805157E+06
  0.1619444444E+00  0.9429275756E+06
  0.1622222222E+00  0.9372746367E+06
  0.1625000000E+00  0.9316216967E+06
  0.1627777778E+00  0.9259687566E+06
  0.1630555556E+00  0.9203158065E+06
  0.1633333333E+00  0.9146628665E+06
  0.1636111111E+00  0.9090099264E+06
  0.1638888889E+00  0.9033569841E+06
  0.1641666667E+00  0.8977040441E+06
  0.1644444444E+00  0.8920510940E+06
  0.1647222222E+00  0.8863981551E+06
  0.1650000000E+00  0.8807452172E+06
  0.1652777778E+00  0.8752629463E+06
  0.1655555556E+00  0.8697806899E+06
  0.1658333333E+00  0.8642984290E+06
  0.1661111111E+00  0.8588161692E+06
  0.1663888889E+00  0.8533338983E+06
  0.1666666667E+00  0.8478516375E+06
  0.1669444444E+00  0.8423693777E+06
  0.1672222222E+00  0.8368871201E+06
  0.1675000000E+00  0.8314048504E+06
  0.1677777778E+00  0.8259225895E+06
  0.1680555556E+00  0.8204403285E+06
  0.1683333333E+00  0.8149580689E+06
  0.1686111111E+00  0.8094757979E+06
  0.1688888889E+00  0.8039935415E+06
  0.1691666667E+00  0.7985112806E+06
  0.1694444444E+00  0.7930290098E+06
  0.1697222222E+00  0.7875467500E+06
  0.1700000000E+00  0.7820644890E+06
  0.1702777778E+00  0.7767752764E+06
  0.1705555556E+00  0.7714860493E+06
  0.1708333333E+00  0.7661968366E+06
  0.1711111111E+00  0.7609076205E+06
  0.1713888889E+00  0.7556184079E+06
  0.1716666667E+00  0.7503291807E+06
  0.1719444444E+00  0.7450399681E+06
  0.1722222222E+00  0.7397507521E+06
  0.1725000000E+00  0.7344615383E+06
  0.1727777778E+00  0.7291723122E+06
  0.1730555556E+00  0.7238830996E+06
  0.1733333333E+00  0.7185938858E+06
  0.1736111111E+00  0.7133046598E+06
  0.1738888889E+00  0.7080154471E+06
  0.1741666667E+00  0.7027262312E+06
  0.1744444444E+00  0.6974370174E+06
  0.1747222222E+00  0.6921477913E+06
  0.1750000000E+00  0.6868585786E+06
  0.1752777778E+00  0.6818119960E+06
  0.1755555556E+00  0.6767654034E+06
  0.1758333333E+00  0.6717188241E+06
  0.1761111111E+00  0.6666722304E+06
  0.1763888889E+00  0.6616256510E+06
  0.1766666667E+00  0.6565790584E+06
  0.1769444444E+00  0.6515324758E+06
  0.1772222222E+00  0.6464858865E+06
  0.1775000000E+00  0.6414392939E+06
  0.1777777778E+00  0.6363927113E+06
  0.1780555556E+00  0.6313461220E+06
  0.1783333333E+00  0.6262995393E+06
  0.1786111111E+00  0.6212529500E+06
  0.1788888889E+00  0.6162063674E+06
  0.1791666667E+00  0.6111597748E+06
  0.1794444444E+00  0.6061131955E+06
  0.1797222222E+00  0.6010666029E+06
  0.1800000000E+00  0.5960200236E+06
  0.1802777778E+00  0.5912800545E+06
  0.1805555556E+00  0.5865400933E+06
  0.1808333333E+00  0.5818001342E+06
  0.1811111111E+00  0.5770601764E+06
  0.1813888889E+00  0.5723202073E+06
  0.1816666667E+00  0.5675802495E+06
  0.1819444444E+00  0.5628402903E+06
  0.1822222222E+00  0.5581003225E+06
  0.1825000000E+00  0.5533603645E+06
  0.1827777778E+00  0.5486204055E+06
  0.1830555556E+00  0.5438804376E+06
  0.1833333333E+00  0.5391404786E+06
  0.1836111111E+00  0.5344005208E+06
  0.1838888889E+00  0.5296605617E+06
  0.1841666667E+00  0.5249205938E+06
  0.1844444444E+00  0.5201806314E+06
  0.1847222222E+00  0.5154406735E+06
  0.1850000000E+00  0.5107007045E+06
  0.1852777778E+00  0.5063347792E+06
  0.1855555556E+00  0.5019688482E+06
  0.1858333333E+00  0.4976029130E+06
  0.1861111111E+00  0.4932369776E+06
  0.1863888889E+00  0.4888710423E+06
  0.1866666667E+00  0.4845051081E+06
  0.1869444444E+00  0.4801391761E+06
  0.1872222222E+00  0.4757732407E+06
  0.1875000000E+00  0.4714073155E+06
  0.1877777778E+00  0.4670413812E+06
  0.1880555556E+00  0.4626754459E+06
  0.1883333333E+00  0.4583095105E+06
  0.1886111111E+00  0.4539435786E+06
  0.1888888889E+00  0.4495776463E+06
  0.1891666667E+00  0.4452117130E+06
  0.1894444444E+00  0.4408457787E+06
  0.1897222222E+00  0.4364798444E+06
  0.1900000000E+00  0.4321139154E+06
  0.1902777778E+00  0.4281828444E+06
  0.1905555556E+00  0.4242517744E+06
  0.1908333333E+00  0.4203207033E+06
  0.1911111111E+00  0.4163896366E+06
  0.1913888889E+00  0.4124585676E+06
  0.1916666667E+00  0.4085274964E+06
  0.1919444444E+00  0.4045964264E+06
  0.1922222222E+00  0.4006653586E+06
  0.1925000000E+00  0.3967342886E+06
  0.1927777778E+00  0.3928032185E+06
  0.1930555556E+00  0.3888721485E+06
  0.1933333333E+00  0.3849410818E+06
  0.1936111111E+00  0.3810100106E+06
  0.1938888889E+00  0.3770789406E+06
  0.1941666667E+00  0.3731478705E+06
  0.1944444444E+00  0.3692168039E+06
  0.1947222222E+00  0.3652857339E+06
  0.1950000000E+00  0.3613546628E+06
  0.1952777778E+00  0.3579059572E+06
  0.1955555556E+00  0.3544572462E+06
  0.1958333333E+00  0.3510085373E+06
  0.1961111111E+00  0.3475598308E+06
  0.1963888889E+00  0.3441111208E+06
  0.1966666667E+00  0.3406624153E+06
  0.1969444444E+00  0.3372137043E+06
  0.1972222222E+00  0.3337649988E+06
  0.1975000000E+00  0.3303162889E+06
  0.1977777778E+00  0.3268675822E+06
  0.1980555556E+00  0.3234188733E+06
  0.1983333333E+00  0.3199701668E+06
  0.1986111111E+00  0.3165214569E+06
  0.1988888889E+00  0.3130727503E+06
  0.1991666667E+00  0.3096240404E+06
  0.1994444444E+00  0.3061753338E+06
  0.1997222222E+00  0.3027266250E+06
  0.2000000000E+00  0.2992779182E+06
  0.2002777778E+00  0.2963406315E+06
  0.2005555556E+00  0.2934033446E+06
  0.2008333333E+00  0.2904660578E+06
  0.2011111111E+00  0.2875287721E+06
  0.2013888889E+00  0.2845914863E+06
  0.2016666667E+00  0.2816541994E+06
  0.2019444444E+00  0.2787169160E+06
  0.2022222222E+00  0.2757796291E+06
  0.2025000000E+00  0.2728423432E+06
  0.2027777778E+00  0.2699050565E+06
  0.2030555556E+00  0.2669677696E+06
  0.2033333333E+00  0.2640304828E+06
  0.2036111111E+00  0.2610931960E+06
  0.2038888889E+00  0.2581559101E+06
  0.2041666667E+00  0.2552186266E+06
  0.2044444444E+00  0.2522813399E+06
  0.2047222222E+00  0.2493440541E+06
  0.2050000000E+00  0.2464067673E+06
  0.2052777778E+00  0.2439897297E+06
  0.2055555556E+00  0.2415726900E+06
  0.2058333333E+00  0.2391556514E+06
  0.2061111111E+00  0.2367386150E+06
  0.2063888889E+00  0.2343215730E+06
  0.2066666667E+00  0.2319045367E+06
  0.2069444444E+00  0.2294874982E+06
  0.2072222222E+00  0.2270704583E+06
  0.2075000000E+00  0.2246534208E+06
  0.2077777778E+00  0.2222363833E+06
  0.2080555556E+00  0.2198193435E+06
  0.2083333333E+00  0.2174023050E+06
  0.2086111111E+00  0.2149852685E+06
  0.2088888889E+00  0.2125682267E+06
  0.2091666667E+00  0.2101511903E+06
  0.2094444444E+00  0.2077341527E+06
  0.2097222222E+00  0.2053171153E+06
  0.2100000000E+00  0.2029000743E+06
  0.2102777778E+00  0.2009913835E+06
  0.2105555556E+00  0.1990826936E+06
  0.2108333333E+00  0.1971740003E+06
  0.2111111111E+00  0.1952653095E+06
  0.2113888889E+00  0.1933566196E+06
  0.2116666667E+00  0.1914479297E+06
  0.2119444444E+00  0.1895392354E+06
  0.2122222222E+00  0.1876305456E+06
  0.2125000000E+00  0.1857218557E+06
  0.2127777778E+00  0.1838131614E+06
  0.2130555556E+00  0.1819044715E+06
  0.2133333333E+00  0.1799957817E+06
  0.2136111111E+00  0.1780870908E+06
  0.2138888889E+00  0.1761783975E+06
  0.2141666667E+00  0.1742697076E+06
  0.2144444444E+00  0.1723610168E+06
  0.2147222222E+00  0.1704523268E+06
  0.2150000000E+00  0.1685436325E+06
  0.2152777778E+00  0.1671123456E+06
  0.2155555556E+00  0.1656810620E+06
  0.2158333333E+00  0.1642497761E+06
  0.2161111111E+00  0.1628184891E+06
  0.2163888889E+00  0.1613872032E+06
  0.2166666667E+00  0.1599559151E+06
  0.2169444444E+00  0.1585246294E+06
  0.2172222222E+00  0.1570933423E+06
  0.2175000000E+00  0.1556620553E+06
  0.2177777778E+00  0.1542307694E+06
  0.2180555556E+00  0.1527994847E+06
  0.2183333333E+00  0.1513681989E+06
  0.2186111111E+00  0.1499369118E+06
  0.2188888889E+00  0.1485056260E+06
  0.2191666667E+00  0.1470743390E+06
  0.2194444444E+00  0.1456430531E+06
  0.2197222222E+00  0.1442117651E+06
  0.2200000000E+00  0.1427804781E+06
  0.2202777778E+00  0.1417797744E+06
  0.2205555556E+00  0.1407790653E+06
  0.2208333333E+00  0.1397783595E+06
  0.2211111111E+00  0.1387776525E+06
  0.2213888889E+00  0.1377769467E+06
  0.2216666667E+00  0.1367762386E+06
  0.2219444444E+00  0.1357755339E+06
  0.2222222222E+00  0.1347748258E+06
  0.2225000000E+00  0.1337741178E+06
  0.2227777778E+00  0.1327734130E+06
  0.2230555556E+00  0.1317727039E+06
  0.2233333333E+00  0.1307719993E+06
  0.2236111111E+00  0.1297712911E+06
  0.2238888889E+00  0.1287705854E+06
  0.2241666667E+00  0.1277698783E+06
  0.2244444444E+00  0.1267691726E+06
  0.2247222222E+00  0.1257684645E+06
  0.2250000000E+00  0.1247677564E+06
  0.2252777778E+00  0.1241386429E+06
  0.2255555556E+00  0.1235095292E+06
  0.2258333333E+00  0.1228804135E+06
  0.2261111111E+00  0.1222512966E+06
  0.2263888889E+00  0.1216221830E+06
  0.2266666667E+00  0.1209930694E+06
  0.2269444444E+00  0.1203639524E+06
  0.2272222222E+00  0.1197348379E+06
  0.2275000000E+00  0.1191057243E+06
  0.2277777778E+00  0.1184766073E+06
  0.2280555556E+00  0.1178474937E+06
  0.2283333333E+00  0.1172183791E+06
  0.2286111111E+00  0.1165892622E+06
  0.2288888889E+00  0.1159601486E+06
  0.2291666667E+00  0.1153310350E+06
  0.2294444444E+00  0.1147019180E+06
  0.2297222222E+00  0.1140728034E+06
  0.2300000000E+00  0.1134436898E+06
  0.2302777778E+00  0.1131196308E+06
  0.2305555556E+00  0.1127955729E+06
  0.2308333333E+00  0.1124715173E+06
  0.2311111111E+00  0.1121474583E+06
  0.2313888889E+00  0.1118234003E+06
  0.2316666667E+00  0.1114993427E+06
  0.2319444444E+00  0.1111752844E+06
  0.2322222222E+00  0.1108512274E+06
  0.2325000000E+00  0.1105271691E+06
  0.2327777778E+00  0.1102031111E+06
  0.2330555556E+00  0.1098790539E+06
  0.2333333333E+00  0.1095549959E+06
  0.2336111111E+00  0.1092309376E+06
  0.2338888889E+00  0.1089068806E+06
  0.2341666667E+00  0.1085828227E+06
  0.2344444444E+00  0.1082587644E+06
  0.2347222222E+00  0.1079347074E+06
  0.2350000000E+00  0.1076106491E+06
  0.2352777778E+00  0.1075218828E+06
  0.2355555556E+00  0.1074331158E+06
  0.2358333333E+00  0.1073443485E+06
  0.2361111111E+00  0.1072555821E+06
  0.2363888889E+00  0.1071668149E+06
  0.2366666667E+00  0.1070780486E+06
  0.2369444444E+00  0.1069892826E+06
  0.2372222222E+00  0.1069005153E+06
  0.2375000000E+00  0.1068117488E+06
  0.2377777778E+00  0.1067229816E+06
  0.2380555556E+00  0.1066342144E+06
  0.2383333333E+00  0.1065454485E+06
  0.2386111111E+00  0.1064566813E+06
  0.2388888889E+00  0.1063679151E+06
  0.2391666667E+00  0.1062791479E+06
  0.2394444444E+00  0.1061903807E+06
  0.2397222222E+00  0.1061016148E+06
  0.2400000000E+00  0.1060128476E+06
  0.2402777778E+00  0.1060905959E+06
  0.2405555556E+00  0.1061683454E+06
  0.2408333333E+00  0.1062460938E+06
  0.2411111111E+00  0.1063238423E+06
  0.2413888889E+00  0.1064015904E+06
  0.2416666667E+00  0.1064793400E+06
  0.2419444444E+00  0.1065570885E+06
  0.2422222222E+00  0.1066348366E+06
  0.2425000000E+00  0.1067125861E+06
  0.2427777778E+00  0.1067903346E+06
  0.2430555556E+00  0.1068680828E+06
  0.2433333333E+00  0.1069458313E+06
  0.2436111111E+00  0.1070235808E+06
  0.2438888889E+00  0.1071013289E+06
  0.2441666667E+00  0.1071790774E+06
  0.2444444444E+00  0.1072568259E+06
  0.2447222222E+00  0.1073345754E+06
  0.2450000000E+00  0.1074123236E+06
  0.2452777778E+00  0.1075924722E+06
  0.2455555556E+00  0.1077726195E+06
  0.2458333333E+00  0.1079527681E+06
  0.2461111111E+00  0.1081329154E+06
  0.2463888889E+00  0.1083130640E+06
  0.2466666667E+00  0.1084932113E+06
  0.2469444444E+00  0.1086733601E+06
  0.2472222222E+00  0.1088535084E+06
  0.2475000000E+00  0.1090336560E+06
  0.2477777778E+00  0.1092138046E+06
  0.2480555556E+00  0.1093939519E+06
  0.2483333333E+00  0.1095741005E+06
  0.2486111111E+00  0.1097542478E+06
  0.2488888889E+00  0.1099343964E+06
  0.2491666667E+00  0.1101145447E+06
  0.2494444444E+00  0.1102946924E+06
  0.2497222222E+00  0.1104748408E+06
  0.2500000000E+00  0.1106549884E+06
  0.2502777778E+00  0.1108809093E+06
  0.2505555556E+00  0.1111068314E+06
  0.2508333333E+00  0.1113327527E+06
  0.2511111111E+00  0.1115586736E+06
  0.2513888889E+00  0.1117845947E+06
  0.2516666667E+00  0.1120105159E+06
  0.2519444444E+00  0.1122364380E+06
  0.2522222222E+00  0.1124623589E+06
  0.2525000000E+00  0.1126882803E+06
  0.2527777778E+00  0.1129142013E+06
  0.2530555556E+00  0.1131401223E+06
  0.2533333333E+00  0.1133660436E+06
  0.2536111111E+00  0.1135919655E+06
  0.2538888889E+00  0.1138178866E+06
  0.2541666667E+00  0.1140438075E+06
  0.2544444444E+00  0.1142697289E+06
  0.2547222222E+00  0.1144956498E+06
  0.2550000000E+00  0.1147215719E+06
  0.2552777778E+00  0.1149462768E+06
  0.2555555556E+00  0.1151709814E+06
  0.2558333333E+00  0.1153956863E+06
  0.2561111111E+00  0.1156203913E+06
  0.2563888889E+00  0.1158450959E+06
  0.2566666667E+00  0.1160698008E+06
  0.2569444444E+00  0.1162945054E+06
  0.2572222222E+00  0.1165192104E+06
  0.2575000000E+00  0.1167439149E+06
  0.2577777778E+00  0.1169686199E+06
  0.2580555556E+00  0.1171933244E+06
  0.2583333333E+00  0.1174180294E+06
  0.2586111111E+00  0.1176427341E+06
  0.2588888889E+00  0.1178674379E+06
  0.2591666667E+00  0.1180921429E+06
  0.2594444444E+00  0.1183168474E+06
  0.2597222222E+00  0.1185415524E+06
  0.2600000000E+00  0.1187662571E+06
  0.2602777778E+00  0.1189534123E+06
  0.2605555556E+00  0.1191405677E+06
  0.2608333333E+00  0.1193277234E+06
  0.2611111111E+00  0.1195148787E+06
  0.2613888889E+00  0.1197020331E+06
  0.2616666667E+00  0.1198891884E+06
  0.2619444444E+00  0.1200763438E+06
  0.2622222222E+00  0.1202634991E+06
  0.2625000000E+00  0.1204506535E+06
  0.2627777778E+00  0.1206378089E+06
  0.2630555556E+00  0.1208249642E+06
  0.2633333333E+00  0.1210121198E+06
  0.2636111111E+00  0.1211992742E+06
  0.2638888889E+00  0.1213864296E+06
  0.2641666667E+00  0.1215735850E+06
  0.2644444444E+00  0.1217607402E+06
  0.2647222222E+00  0.1219478946E+06
  0.2650000000E+00  0.1221350500E+06
  0.2652777778E+00  0.1222594353E+06
  0.2655555556E+00  0.1223838207E+06
  0.2658333333E+00  0.1225082060E+06
  0.2661111111E+00  0.1226325913E+06
  0.2663888889E+00  0.1227569768E+06
  0.2666666667E+00  0.1228813621E+06
  0.2669444444E+00  0.1230057484E+06
  0.2672222222E+00  0.1231301341E+06
  0.2675000000E+00  0.1232545194E+06
  0.2677777778E+00  0.1233789049E+06
  0.2680555556E+00  0.1235032902E+06
  0.2683333333E+00  0.1236276755E+06
  0.2686111111E+00  0.1237520609E+06
  0.2688888889E+00  0.1238764462E+06
  0.2691666667E+00  0.1240008316E+06
  0.2694444444E+00  0.1241252169E+06
  0.2697222222E+00  0.1242496022E+06
  0.2700000000E+00  0.1243739877E+06
  0.2702777778E+00  0.1244210949E+06
  0.2705555556E+00  0.1244682024E+06
  0.2708333333E+00  0.1245153100E+06
  0.2711111111E+00  0.1245624172E+06
  0.2713888889E+00  0.1246095249E+06
  0.2716666667E+00  0.1246566321E+06
  0.2719444444E+00  0.1247037396E+06
  0.2722222222E+00  0.1247508469E+06
  0.2725000000E+00  0.1247979554E+06
  0.2727777778E+00  0.1248450626E+06
  0.2730555556E+00  0.1248921703E+06
  0.2733333333E+00  0.1249392775E+06
  0.2736111111E+00  0.1249863851E+06
  0.2738888889E+00  0.1250334923E+06
  0.2741666667E+00  0.1250805998E+06
  0.2744444444E+00  0.1251277071E+06
  0.2747222222E+00  0.1251748147E+06
  0.2750000000E+00  0.1252219219E+06
  0.2752777778E+00  0.1251868866E+06
  0.2755555556E+00  0.1251518513E+06
  0.2758333333E+00  0.1251168167E+06
  0.2761111111E+00  0.1250817813E+06
  0.2763888889E+00  0.1250467460E+06
  0.2766666667E+00  0.1250117107E+06
  0.2769444444E+00  0.1249766750E+06
  0.2772222222E+00  0.1249416407E+06
  0.2775000000E+00  0.1249066054E+06
  0.2777777778E+00  0.1248715698E+06
  0.2780555556E+00  0.1248365345E+06
  0.2783333333E+00  0.1248014992E+06
  0.2786111111E+00  0.1247664639E+06
  0.2788888889E+00  0.1247314292E+06
  0.2791666667E+00  0.1246963939E+06
  0.2794444444E+00  0.1246613586E+06
  0.2797222222E+00  0.1246263232E+06
  0.2800000000E+00  0.1245912876E+06
  0.2802777778E+00  0.1244774761E+06
  0.2805555556E+00  0.1243636646E+06
  0.2808333333E+00  0.1242498522E+06
  0.2811111111E+00  0.1241360407E+06
  0.2813888889E+00  0.1240222283E+06
  0.2816666667E+00  0.1239084167E+06
  0.2819444444E+00  0.1237946043E+06
  0.2822222222E+00  0.1236807928E+06
  0.2825000000E+00  0.1235669814E+06
  0.2827777778E+00  0.1234531689E+06
  0.2830555556E+00  0.1233393575E+06
  0.2833333333E+00  0.1232255449E+06
  0.2836111111E+00  0.1231117335E+06
  0.2838888889E+00  0.1229979210E+06
  0.2841666667E+00  0.1228841096E+06
  0.2844444444E+00  0.1227702981E+06
  0.2847222222E+00  0.1226564856E+06
  0.2850000000E+00  0.1225426741E+06
  0.2852777778E+00  0.1223600156E+06
  0.2855555556E+00  0.1221773581E+06
  0.2858333333E+00  0.1219947010E+06
  0.2861111111E+00  0.1218120425E+06
  0.2863888889E+00  0.1216293849E+06
  0.2866666667E+00  0.1214467274E+06
  0.2869444444E+00  0.1212640692E+06
  0.2872222222E+00  0.1210814117E+06
  0.2875000000E+00  0.1208987532E+06
  0.2877777778E+00  0.1207160957E+06
  0.2880555556E+00  0.1205334386E+06
  0.2883333333E+00  0.1203507801E+06
  0.2886111111E+00  0.1201681226E+06
  0.2888888889E+00  0.1199854650E+06
  0.2891666667E+00  0.1198028065E+06
  0.2894444444E+00  0.1196201493E+06
  0.2897222222E+00  0.1194374908E+06
  0.2900000000E+00  0.1192548333E+06
  0.2902777778E+00  0.1190177681E+06
  0.2905555556E+00  0.1187807035E+06
  0.2908333333E+00  0.1185436383E+06
  0.2911111111E+00  0.1183065741E+06
  0.2913888889E+00  0.1180695085E+06
  0.2916666667E+00  0.1178324443E+06
  0.2919444444E+00  0.1175953791E+06
  0.2922222222E+00  0.1173583145E+06
  0.2925000000E+00  0.1171212493E+06
  0.2927777778E+00  0.1168841850E+06
  0.2930555556E+00  0.1166471194E+06
  0.2933333333E+00  0.1164100542E+06
  0.2936111111E+00  0.1161729899E+06
  0.2938888889E+00  0.1159359244E+06
  0.2941666667E+00  0.1156988602E+06
  0.2944444444E+00  0.1154617949E+06
  0.2947222222E+00  0.1152247304E+06
  0.2950000000E+00  0.1149876652E+06
  0.2952777778E+00  0.1147135413E+06
  0.2955555556E+00  0.1144394169E+06
  0.2958333333E+00  0.1141652932E+06
  0.2961111111E+00  0.1138911685E+06
  0.2963888889E+00  0.1136170447E+06
  0.2966666667E+00  0.1133429213E+06
  0.2969444444E+00  0.1130687966E+06
  0.2972222222E+00  0.1127946727E+06
  0.2975000000E+00  0.1125205480E+06
  0.2977777778E+00  0.1122464246E+06
  0.2980555556E+00  0.1119722999E+06
  0.2983333333E+00  0.1116981760E+06
  0.2986111111E+00  0.1114240513E+06
  0.2988888889E+00  0.1111499279E+06
  0.2991666667E+00  0.1108758041E+06
  0.2994444444E+00  0.1106016794E+06
  0.2997222222E+00  0.1103275556E+06
  0.3000000000E+00  0.1100534312E+06
  0.3002777778E+00  0.1097604968E+06
  0.3005555556E+00  0.1094675615E+06
  0.3008333333E+00  0.1091746261E+06
  0.3011111111E+00  0.1088816917E+06
  0.3013888889E+00  0.1085887563E+06
  0.3016666667E+00  0.1082958209E+06
  0.3019444444E+00  0.1080028855E+06
  0.3022222222E+00  0.1077099516E+06
  0.3025000000E+00  0.1074170162E+06
  0.3027777778E+00  0.1071240808E+06
  0.3030555556E+00  0.1068311464E+06
  0.3033333333E+00  0.1065382110E+06
  0.3036111111E+00  0.1062452756E+06
  0.3038888889E+00  0.1059523412E+06
  0.3041666667E+00  0.1056594058E+06
  0.3044444444E+00  0.1053664709E+06
  0.3047222222E+00  0.1050735355E+06
  0.3050000000E+00  0.1047806011E+06
  0.3052777778E+00  0.1044866154E+06
  0.3055555556E+00  0.1041926299E+06
  0.3058333333E+00  0.1038986432E+06
  0.3061111111E+00  0.1036046576E+06
  0.3063888889E+00  0.1033106719E+06
  0.3066666667E+00  0.1030166867E+06
  0.3069444444E+00  0.1027227010E+06
  0.3072222222E+00  0.1024287154E+06
  0.3075000000E+00  0.1021347299E+06
  0.3077777778E+00  0.1018407442E+06
  0.3080555556E+00  0.1015467586E+06
  0.3083333333E+00  0.1012527729E+06
  0.3086111111E+00  0.1009587863E+06
  0.3088888889E+00  0.1006648010E+06
  0.3091666667E+00  0.1003708154E+06
  0.3094444444E+00  0.1000768297E+06
  0.3097222222E+00  0.9978284416E+05
  0.3100000000E+00  0.9948885848E+05
  0.3102777778E+00  0.9920982100E+05
  0.3105555556E+00  0.9893078385E+05
  0.3108333333E+00  0.9865174635E+05
  0.3111111111E+00  0.9837270886E+05
  0.3113888889E+00  0.9809367237E+05
  0.3116666667E+00  0.9781463511E+05
  0.3119444444E+00  0.9753559763E+05
  0.3122222222E+00  0.9725656013E+05
  0.3125000000E+00  0.9697752265E+05
  0.3127777778E+00  0.9669848516E+05
  0.3130555556E+00  0.9641944800E+05
  0.3133333333E+00  0.9614041051E+05
  0.3136111111E+00  0.9586137303E+05
  0.3138888889E+00  0.9558233653E+05
  0.3141666667E+00  0.9530329927E+05
  0.3144444444E+00  0.9502426178E+05
  0.3147222222E+00  0.9474522429E+05
  0.3150000000E+00  0.9446618681E+05
  0.3152777778E+00  0.9421544363E+05
  0.3155555556E+00  0.9396470014E+05
  0.3158333333E+00  0.9371395697E+05
  0.3161111111E+00  0.9346321380E+05
  0.3163888889E+00  0.9321247030E+05
  0.3166666667E+00  0.9296172714E+05
  0.3169444444E+00  0.9271098363E+05
  0.3172222222E+00  0.9246024047E+05
  0.3175000000E+00  0.9220949696E+05
  0.3177777778E+00  0.9195875480E+05
  0.3180555556E+00  0.9170801129E+05
  0.3183333333E+00  0.9145726813E+05
  0.3186111111E+00  0.9120652462E+05
  0.3188888889E+00  0.9095578146E+05
  0.3191666667E+00  0.9070503796E+05
  0.3194444444E+00  0.9045429479E+05
  0.3197222222E+00  0.9020355162E+05
  0.3200000000E+00  0.8995280813E+05
  0.3202777778E+00  0.8974030145E+05
  0.3205555556E+00  0.8952779378E+05
  0.3208333333E+00  0.8931528712E+05
  0.3211111111E+00  0.8910277989E+05
  0.3213888889E+00  0.8889027323E+05
  0.3216666667E+00  0.8867776656E+05
  0.3219444444E+00  0.8846525889E+05
  0.3222222222E+00  0.8825275234E+05
  0.3225000000E+00  0.8804024467E+05
  0.3227777778E+00  0.8782773834E+05
  0.3230555556E+00  0.8761523166E+05
  0.3233333333E+00  0.8740272410E+05
  0.3236111111E+00  0.8719021744E+05
  0.3238888889E+00  0.8697770977E+05
  0.3241666667E+00  0.8676520311E+05
  0.3244444444E+00  0.8655269655E+05
  0.3247222222E+00  0.8634018921E+05
  0.3250000000E+00  0.8612768255E+05
  0.3252777778E+00  0.8595988297E+05
  0.3255555556E+00  0.8579208306E+05
  0.3258333333E+00  0.8562428460E+05
  0.3261111111E+00  0.8545648502E+05
  0.3263888889E+00  0.8528868544E+05
  0.3266666667E+00  0.8512088687E+05
  0.3269444444E+00  0.8495308729E+05
  0.3272222222E+00  0.8478528783E+05
  0.3275000000E+00  0.8461748926E+05
  0.3277777778E+00  0.8444968968E+05
  0.3280555556E+00  0.8428188977E+05
  0.3283333333E+00  0.8411409019E+05
  0.3286111111E+00  0.8394629173E+05
  0.3288888889E+00  0.8377849215E+05
  0.3291666667E+00  0.8361069257E+05
  0.3294444444E+00  0.8344289400E+05
  0.3297222222E+00  0.8327509453E+05
  0.3300000000E+00  0.8310729496E+05
  0.3302777778E+00  0.8298693846E+05
  0.3305555556E+00  0.8286658085E+05
  0.3308333333E+00  0.8274622334E+05
  0.3311111111E+00  0.8262586685E+05
  0.3313888889E+00  0.8250550934E+05
  0.3316666667E+00  0.8238515284E+05
  0.3319444444E+00  0.8226479534E+05
  0.3322222222E+00  0.8214443772E+05
  0.3325000000E+00  0.8202408122E+05
  0.3327777778E+00  0.8190372372E+05
  0.3330555556E+00  0.8178336722E+05
  0.3333333333E+00  0.8166301005E+05
  0.3336111111E+00  0.8154265255E+05
  0.3338888889E+00  0.8142229594E+05
  0.3341666667E+00  0.8130193843E+05
  0.3344444444E+00  0.8118158193E+05
  0.3347222222E+00  0.8106122442E+05
  0.3350000000E+00  0.8094086693E+05
  0.3352777778E+00  0.8086739638E+05
  0.3355555556E+00  0.8079392626E+05
  0.3358333333E+00  0.8072045482E+05
  0.3361111111E+00  0.8064698426E+05
  0.3363888889E+00  0.8057351416E+05
  0.3366666667E+00  0.8050004260E+05
  0.3369444444E+00  0.8042657215E+05
  0.3372222222E+00  0.8035310204E+05
  0.3375000000E+00  0.8027963049E+05
  0.3377777778E+00  0.8020616004E+05
  0.3380555556E+00  0.8013268949E+05
  0.3383333333E+00  0.8005921837E+05
  0.3386111111E+00  0.7998574794E+05
  0.3388888889E+00  0.7991227737E+05
  0.3391666667E+00  0.7983880627E+05
  0.3394444444E+00  0.7976533570E+05
  0.3397222222E+00  0.7969186527E+05
  0.3400000000E+00  0.7961839404E+05
  0.3402777778E+00  0.7958829977E+05
  0.3405555556E+00  0.7955820483E+05
  0.3408333333E+00  0.7952811077E+05
  0.3411111111E+00  0.7949801583E+05
  0.3413888889E+00  0.7946792055E+05
  0.3416666667E+00  0.7943782650E+05
  0.3419444444E+00  0.7940773155E+05
  0.3422222222E+00  0.7937763750E+05
  0.3425000000E+00  0.7934754223E+05
  0.3427777778E+00  0.7931744828E+05
  0.3430555556E+00  0.7928735323E+05
  0.3433333333E+00  0.7925725895E+05
  0.3436111111E+00  0.7922716390E+05
  0.3438888889E+00  0.7919706995E+05
  0.3441666667E+00  0.7916697502E+05
  0.3444444444E+00  0.7913688063E+05
  0.3447222222E+00  0.7910678568E+05
  0.3450000000E+00  0.7907669074E+05
  0.3452777778E+00  0.7908409768E+05
  0.3455555556E+00  0.7909150329E+05
  0.3458333333E+00  0.7909890923E+05
  0.3461111111E+00  0.7910631518E+05
  0.3463888889E+00  0.7911372112E+05
  0.3466666667E+00  0.7912112707E+05
  0.3469444444E+00  0.7912853267E+05
  0.3472222222E+00  0.7913593862E+05
  0.3475000000E+00  0.7914334456E+05
  0.3477777778E+00  0.7915075050E+05
  0.3480555556E+00  0.7915815745E+05
  0.3483333333E+00  0.7916556305E+05
  0.3486111111E+00  0.7917296900E+05
  0.3488888889E+00  0.7918037494E+05
  0.3491666667E+00  0.7918778089E+05
  0.3494444444E+00  0.7919518683E+05
  0.3497222222E+00  0.7920259245E+05
  0.3500000000E+00  0.7920999838E+05
  0.3502777778E+00  0.7924731842E+05
  0.3505555556E+00  0.7928463836E+05
  0.3508333333E+00  0.7932195828E+05
  0.3511111111E+00  0.7935927832E+05
  0.3513888889E+00  0.7939659826E+05
  0.3516666667E+00  0.7943391819E+05
  0.3519444444E+00  0.7947123822E+05
  0.3522222222E+00  0.7950855716E+05
  0.3525000000E+00  0.7954587709E+05
  0.3527777778E+00  0.7958319735E+05
  0.3530555556E+00  0.7962051739E+05
  0.3533333333E+00  0.7965783732E+05
  0.3536111111E+00  0.7969515726E+05
  0.3538888889E+00  0.7973247729E+05
  0.3541666667E+00  0.7976979722E+05
  0.3544444444E+00  0.7980711716E+05
  0.3547222222E+00  0.7984443620E+05
  0.3550000000E+00  0.7988175612E+05
  0.3552777778E+00  0.7994041787E+05
  0.3555555556E+00  0.7999907916E+05
  0.3558333333E+00  0.8005774089E+05
  0.3561111111E+00  0.8011640264E+05
  0.3563888889E+00  0.8017506327E+05
  0.3566666667E+00  0.8023372468E+05
  0.3569444444E+00  0.8029238630E+05
  0.3572222222E+00  0.8035104804E+05
  0.3575000000E+00  0.8040970945E+05
  0.3577777778E+00  0.8046837008E+05
  0.3580555556E+00  0.8052703182E+05
  0.3583333333E+00  0.8058569356E+05
  0.3586111111E+00  0.8064435485E+05
  0.3588888889E+00  0.8070301660E+05
  0.3591666667E+00  0.8076167733E+05
  0.3594444444E+00  0.8082033897E+05
  0.3597222222E+00  0.8087900037E+05
  0.3600000000E+00  0.8093766211E+05
  0.3602777778E+00  0.8100874775E+05
  0.3605555556E+00  0.8107983428E+05
  0.3608333333E+00  0.8115091958E+05
  0.3611111111E+00  0.8122200621E+05
  0.3613888889E+00  0.8129309185E+05
  0.3616666667E+00  0.8136417737E+05
  0.3619444444E+00  0.8143526400E+05
  0.3622222222E+00  0.8150634931E+05
  0.3625000000E+00  0.8157743595E+05
  0.3627777778E+00  0.8164852158E+05
  0.3630555556E+00  0.8171960811E+05
  0.3633333333E+00  0.8179069374E+05
  0.3636111111E+00  0.8186178004E+05
  0.3638888889E+00  0.8193286567E+05
  0.3641666667E+00  0.8200395231E+05
  0.3644444444E+00  0.8207503783E+05
  0.3647222222E+00  0.8214612347E+05
  0.3650000000E+00  0.8221720978E+05
  0.3652777778E+00  0.8229211457E+05
  0.3655555556E+00  0.8236701903E+05
  0.3658333333E+00  0.8244192459E+05
  0.3661111111E+00  0.8251682939E+05
  0.3663888889E+00  0.8259173384E+05
  0.3666666667E+00  0.8266663841E+05
  0.3669444444E+00  0.8274154420E+05
  0.3672222222E+00  0.8281644867E+05
  0.3675000000E+00  0.8289135324E+05
  0.3677777778E+00  0.8296625803E+05
  0.3680555556E+00  0.8304116348E+05
  0.3683333333E+00  0.8311606794E+05
  0.3686111111E+00  0.8319097284E+05
  0.3688888889E+00  0.8326587730E+05
  0.3691666667E+00  0.8334078275E+05
  0.3694444444E+00  0.8341568767E+05
  0.3697222222E+00  0.8349059213E+05
  0.3700000000E+00  0.8356549758E+05
  0.3702777778E+00  0.8363643479E+05
  0.3705555556E+00  0.8370737189E+05
  0.3708333333E+00  0.8377830943E+05
  0.3711111111E+00  0.8384924653E+05
  0.3713888889E+00  0.8392018374E+05
  0.3716666667E+00  0.8399112095E+05
  0.3719444444E+00  0.8406205805E+05
  0.3722222222E+00  0.8413299526E+05
  0.3725000000E+00  0.8420393335E+05
  0.3727777778E+00  0.8427487056E+05
  0.3730555556E+00  0.8434580777E+05
  0.3733333333E+00  0.8441674487E+05
  0.3736111111E+00  0.8448768241E+05
  0.3738888889E+00  0.8455861951E+05
  0.3741666667E+00  0.8462955672E+05
  0.3744444444E+00  0.8470049393E+05
  0.3747222222E+00  0.8477143203E+05
  0.3750000000E+00  0.8484236924E+05
  0.3752777778E+00  0.8490285816E+05
  0.3755555556E+00  0.8496334664E+05
  0.3758333333E+00  0.8502383557E+05
  0.3761111111E+00  0.8508432415E+05
  0.3763888889E+00  0.8514481308E+05
  0.3766666667E+00  0.8520530201E+05
  0.3769444444E+00  0.8526579060E+05
  0.3772222222E+00  0.8532628053E+05
  0.3775000000E+00  0.8538676912E+05
  0.3777777778E+00  0.8544725805E+05
  0.3780555556E+00  0.8550774652E+05
  0.3783333333E+00  0.8556823545E+05
  0.3786111111E+00  0.8562872437E+05
  0.3788888889E+00  0.8568921297E+05
  0.3791666667E+00  0.8574970189E+05
  0.3794444444E+00  0.8581019049E+05
  0.3797222222E+00  0.8587067941E+05
  0.3800000000E+00  0.8593116899E+05
  0.3802777778E+00  0.8597620880E+05
  0.3805555556E+00  0.8602124962E+05
  0.3808333333E+00  0.8606629042E+05
  0.3811111111E+00  0.8611133023E+05
  0.3813888889E+00  0.8615637103E+05
  0.3816666667E+00  0.8620141151E+05
  0.3819444444E+00  0.8624645131E+05
  0.3822222222E+00  0.8629149212E+05
  0.3825000000E+00  0.8633653293E+05
  0.3827777778E+00  0.8638157273E+05
  0.3830555556E+00  0.8642661354E+05
  0.3833333333E+00  0.8647165434E+05
  0.3836111111E+00  0.8651669482E+05
  0.3838888889E+00  0.8656173463E+05
  0.3841666667E+00  0.8660677543E+05
  0.3844444444E+00  0.8665181625E+05
  0.3847222222E+00  0.8669685604E+05
  0.3850000000E+00  0.8674189686E+05
  0.3852777778E+00  0.8676833546E+05
  0.3855555556E+00  0.8679477451E+05
  0.3858333333E+00  0.8682121412E+05
  0.3861111111E+00  0.8684765315E+05
  0.3863888889E+00  0.8687409209E+05
  0.3866666667E+00  0.8690053081E+05
  0.3869444444E+00  0.8692696975E+05
  0.3872222222E+00  0.8695340946E+05
  0.3875000000E+00  0.8697984851E+05
  0.3877777778E+00  0.8700628712E+05
  0.3880555556E+00  0.8703272617E+05
  0.3883333333E+00  0.8705916511E+05
  0.3886111111E+00  0.8708560481E+05
  0.3888888889E+00  0.8711204375E+05
  0.3891666667E+00  0.8713848247E+05
  0.3894444444E+00  0.8716492141E+05
  0.3897222222E+00  0.8719136112E+05
  0.3900000000E+00  0.8721780017E+05
  0.3902777778E+00  0.8722411533E+05
  0.3905555556E+00  0.8723043126E+05
  0.3908333333E+00  0.8723674642E+05
  0.3911111111E+00  0.8724306235E+05
  0.3913888889E+00  0.8724937851E+05
  0.3916666667E+00  0.8725569334E+05
  0.3919444444E+00  0.8726200961E+05
  0.3922222222E+00  0.8726832476E+05
  0.3925000000E+00  0.8727464070E+05
  0.3927777778E+00  0.8728095585E+05
  0.3930555556E+00  0.8728727178E+05
  0.3933333333E+00  0.8729358794E+05
  0.3936111111E+00  0.8729990288E+05
  0.3938888889E+00  0.8730621903E+05
  0.3941666667E+00  0.8731253430E+05
  0.3944444444E+00  0.8731885013E+05
  0.3947222222E+00  0.8732516540E+05
  0.3950000000E+00  0.8733148122E+05
  0.3952777778E+00  0.8731792265E+05
  0.3955555556E+00  0.8730436407E+05
  0.3958333333E+00  0.8729080440E+05
  0.3961111111E+00  0.8727724582E+05
  0.3963888889E+00  0.8726368726E+05
  0.3966666667E+00  0.8725012858E+05
  0.3969444444E+00  0.8723656967E+05
  0.3972222222E+00  0.8722301099E+05
  0.3975000000E+00  0.8720945242E+05
  0.3977777778E+00  0.8719589284E+05
  0.3980555556E+00  0.8718233417E+05
  0.3983333333E+00  0.8716877559E+05
  0.3986111111E+00  0.8715521702E+05
  0.3988888889E+00  0.8714165835E+05
  0.3991666667E+00  0.8712809977E+05
  0.3994444444E+00  0.8711453988E+05
  0.3997222222E+00  0.8710098119E+05
  0.4000000000E+00  0.8708742261E+05
  0.4002777778E+00  0.8705565962E+05
  0.4005555556E+00  0.8702389640E+05
  0.4008333333E+00  0.8699213341E+05
  0.4011111111E+00  0.8696037042E+05
  0.4013888889E+00  0.8692860720E+05
  0.4016666667E+00  0.8689684421E+05
  0.4019444444E+00  0.8686508099E+05
  0.4022222222E+00  0.8683331900E+05
  0.4025000000E+00  0.8680155567E+05
  0.4027777778E+00  0.8676979279E+05
  0.4030555556E+00  0.8673802980E+05
  0.4033333333E+00  0.8670626658E+05
  0.4036111111E+00  0.8667450359E+05
  0.4038888889E+00  0.8664274026E+05
  0.4041666667E+00  0.8661097738E+05
  0.4044444444E+00  0.8657921405E+05
  0.4047222222E+00  0.8654745106E+05
  0.4050000000E+00  0.8651568818E+05
  0.4052777778E+00  0.8646862519E+05
  0.4055555556E+00  0.8642156221E+05
  0.4058333333E+00  0.8637449933E+05
  0.4061111111E+00  0.8632743635E+05
  0.4063888889E+00  0.8628037337E+05
  0.4066666667E+00  0.8623331050E+05
  0.4069444444E+00  0.8618624752E+05
  0.4072222222E+00  0.8613918453E+05
  0.4075000000E+00  0.8609212166E+05
  0.4077777778E+00  0.8604505867E+05
  0.4080555556E+00  0.8599799502E+05
  0.4083333333E+00  0.8595093204E+05
  0.4086111111E+00  0.8590386917E+05
  0.4088888889E+00  0.8585680619E+05
  0.4091666667E+00  0.8580974321E+05
  0.4094444444E+00  0.8576268033E+05
  0.4097222222E+00  0.8571561734E+05
  0.4100000000E+00  0.8566855436E+05
  0.4102777778E+00  0.8560996010E+05
  0.4105555556E+00  0.8555136539E+05
  0.4108333333E+00  0.8549277101E+05
  0.4111111111E+00  0.8543417641E+05
  0.4113888889E+00  0.8537558203E+05
  0.4116666667E+00  0.8531698732E+05
  0.4119444444E+00  0.8525839206E+05
  0.4122222222E+00  0.8519979735E+05
  0.4125000000E+00  0.8514120297E+05
  0.4127777778E+00  0.8508260836E+05
  0.4130555556E+00  0.8502401399E+05
  0.4133333333E+00  0.8496541928E+05
  0.4136111111E+00  0.8490682501E+05
  0.4138888889E+00  0.8484823030E+05
  0.4141666667E+00  0.8478963592E+05
  0.4144444444E+00  0.8473104032E+05
  0.4147222222E+00  0.8467244595E+05
  0.4150000000E+00  0.8461385123E+05
  0.4152777778E+00  0.8454798488E+05
  0.4155555556E+00  0.8448211818E+05
  0.4158333333E+00  0.8441625150E+05
  0.4161111111E+00  0.8435038414E+05
  0.4163888889E+00  0.8428451756E+05
  0.4166666667E+00  0.8421865122E+05
  0.4169444444E+00  0.8415278452E+05
  0.4172222222E+00  0.8408691783E+05
  0.4175000000E+00  0.8402105047E+05
  0.4177777778E+00  0.8395518379E+05
  0.4180555556E+00  0.8388931710E+05
  0.4183333333E+00  0.8382345074E+05
  0.4186111111E+00  0.8375758304E+05
  0.4188888889E+00  0.8369171670E+05
  0.4191666667E+00  0.8362585000E+05
  0.4194444444E+00  0.8355998331E+05
  0.4197222222E+00  0.8349411696E+05
  0.4200000000E+00  0.8342824927E+05
  0.4202777778E+00  0.8335951496E+05
  0.4205555556E+00  0.8329077954E+05
  0.4208333333E+00  0.8322204523E+05
  0.4211111111E+00  0.8315331081E+05
  0.4213888889E+00  0.8308457550E+05
  0.4216666667E+00  0.8301584119E+05
  0.4219444444E+00  0.8294710578E+05
  0.4222222222E+00  0.8287837146E+05
  0.4225000000E+00  0.8280963604E+05
  0.4227777778E+00  0.8274090173E+05
  0.4230555556E+00  0.8267216642E+05
  0.4233333333E+00  0.8260343200E+05
  0.4236111111E+00  0.8253469670E+05
  0.4238888889E+00  0.8246596227E+05
  0.4241666667E+00  0.8239722696E+05
  0.4244444444E+00  0.8232849266E+05
  0.4247222222E+00  0.8225975823E+05
  0.4250000000E+00  0.8219102259E+05
  0.4252777778E+00  0.8212360943E+05
  0.4255555556E+00  0.8205619639E+05
  0.4258333333E+00  0.8198878302E+05
  0.4261111111E+00  0.8192136987E+05
  0.4263888889E+00  0.8185395582E+05
  0.4266666667E+00  0.8178654233E+05
  0.4269444444E+00  0.8171912930E+05
  0.4272222222E+00  0.8165171581E+05
  0.4275000000E+00  0.8158430277E+05
  0.4277777778E+00  0.8151688972E+05
  0.4280555556E+00  0.8144947623E+05
  0.4283333333E+00  0.8138206320E+05
  0.4286111111E+00  0.8131464871E+05
  0.4288888889E+00  0.8124723567E+05
  0.4291666667E+00  0.8117982263E+05
  0.4294444444E+00  0.8111240915E+05
  0.4297222222E+00  0.8104499610E+05
  0.4300000000E+00  0.8097758261E+05
  0.4302777778E+00  0.8091516384E+05
  0.4305555556E+00  0.8085274495E+05
  0.4308333333E+00  0.8079032618E+05
  0.4311111111E+00  0.8072790829E+05
  0.4313888889E+00  0.8066548952E+05
  0.4316666667E+00  0.8060307063E+05
  0.4319444444E+00  0.8054065185E+05
  0.4322222222E+00  0.8047823297E+05
  0.4325000000E+00  0.8041581408E+05
  0.4327777778E+00  0.8035339631E+05
  0.4330555556E+00  0.8029097742E+05
  0.4333333333E+00  0.8022855865E+05
  0.4336111111E+00  0.8016613976E+05
  0.4338888889E+00  0.8010372098E+05
  0.4341666667E+00  0.8004130210E+05
  0.4344444444E+00  0.7997888433E+05
  0.4347222222E+00  0.7991646544E+05
  0.4350000000E+00  0.7985404622E+05
  0.4352777778E+00  0.7979953036E+05
  0.4355555556E+00  0.7974501417E+05
  0.4358333333E+00  0.7969049931E+05
  0.4361111111E+00  0.7963598312E+05
  0.4363888889E+00  0.7958146726E+05
  0.4366666667E+00  0.7952695105E+05
  0.4369444444E+00  0.7947243520E+05
  0.4372222222E+00  0.7941791900E+05
  0.4375000000E+00  0.7936340414E+05
  0.4377777778E+00  0.7930888795E+05
  0.4380555556E+00  0.7925437176E+05
  0.4383333333E+00  0.7919985589E+05
  0.4386111111E+00  0.7914533970E+05
  0.4388888889E+00  0.7909082484E+05
  0.4391666667E+00  0.7903630865E+05
  0.4394444444E+00  0.7898179279E+05
  0.4397222222E+00  0.7892727658E+05
  0.4400000000E+00  0.7887276073E+05
  0.4402777778E+00  0.7882815094E+05
  0.4405555556E+00  0.7878354038E+05
  0.4408333333E+00  0.7873892993E+05
  0.4411111111E+00  0.7869432048E+05
  0.4413888889E+00  0.7864971003E+05
  0.4416666667E+00  0.7860509947E+05
  0.4419444444E+00  0.7856049002E+05
  0.4422222222E+00  0.7851587957E+05
  0.4425000000E+00  0.7847126912E+05
  0.4427777778E+00  0.7842665956E+05
  0.4430555556E+00  0.7838204911E+05
  0.4433333333E+00  0.7833743832E+05
  0.4436111111E+00  0.7829282856E+05
  0.4438888889E+00  0.7824821830E+05
  0.4441666667E+00  0.7820360815E+05
  0.4444444444E+00  0.7815899810E+05
  0.4447222222E+00  0.7811438795E+05
  0.4450000000E+00  0.7806977769E+05
  0.4452777778E+00  0.7803602447E+05
  0.4455555556E+00  0.7800227091E+05
  0.4458333333E+00  0.7796851756E+05
  0.4461111111E+00  0.7793476434E+05
  0.4463888889E+00  0.7790101057E+05
  0.4466666667E+00  0.7786725734E+05
  0.4469444444E+00  0.7783350400E+05
  0.4472222222E+00  0.7779975045E+05
  0.4475000000E+00  0.7776599710E+05
  0.4477777778E+00  0.7773224378E+05
  0.4480555556E+00  0.7769849022E+05
  0.4483333333E+00  0.7766473688E+05
  0.4486111111E+00  0.7763098365E+05
  0.4488888889E+00  0.7759722998E+05
  0.4491666667E+00  0.7756347665E+05
  0.4494444444E+00  0.7752972332E+05
  0.4497222222E+00  0.7749597009E+05
  0.4500000000E+00  0.7746221642E+05
  0.4502777778E+00  0.7743927180E+05
  0.4505555556E+00  0.7741632685E+05
  0.4508333333E+00  0.7739338179E+05
  0.4511111111E+00  0.7737043717E+05
  0.4513888889E+00  0.7734749211E+05
  0.4516666667E+00  0.7732454749E+05
  0.4519444444E+00  0.7730160253E+05
  0.4522222222E+00  0.7727865759E+05
  0.4525000000E+00  0.7725571295E+05
  0.4527777778E+00  0.7723276789E+05
  0.4530555556E+00  0.7720982327E+05
  0.4533333333E+00  0.7718687821E+05
  0.4536111111E+00  0.7716393326E+05
  0.4538888889E+00  0.7714098854E+05
  0.4541666667E+00  0.7711804358E+05
  0.4544444444E+00  0.7709509863E+05
  0.4547222222E+00  0.7707215400E+05
  0.4550000000E+00  0.7704920894E+05
  0.4552777778E+00  0.7703609615E+05
  0.4555555556E+00  0.7702298302E+05
  0.4558333333E+00  0.7700986979E+05
  0.4561111111E+00  0.7699675699E+05
  0.4563888889E+00  0.7698364386E+05
  0.4566666667E+00  0.7697053073E+05
  0.4569444444E+00  0.7695741785E+05
  0.4572222222E+00  0.7694430471E+05
  0.4575000000E+00  0.7693119192E+05
  0.4577777778E+00  0.7691807868E+05
  0.4580555556E+00  0.7690496556E+05
  0.4583333333E+00  0.7689185276E+05
  0.4586111111E+00  0.7687873963E+05
  0.4588888889E+00  0.7686562650E+05
  0.4591666667E+00  0.7685251361E+05
  0.4594444444E+00  0.7683940048E+05
  0.4597222222E+00  0.7682628724E+05
  0.4600000000E+00  0.7681317445E+05
  0.4602777778E+00  0.7680810468E+05
  0.4605555556E+00  0.7680303480E+05
  0.4608333333E+00  0.7679796494E+05
  0.4611111111E+00  0.7679289538E+05
  0.4613888889E+00  0.7678782562E+05
  0.4616666667E+00  0.7678275574E+05
  0.4619444444E+00  0.7677768577E+05
  0.4622222222E+00  0.7677261600E+05
  0.4625000000E+00  0.7676754645E+05
  0.4627777778E+00  0.7676247668E+05
  0.4630555556E+00  0.7675740680E+05
  0.4633333333E+00  0.7675233694E+05
  0.4636111111E+00  0.7674726706E+05
  0.4638888889E+00  0.7674219762E+05
  0.4641666667E+00  0.7673712774E+05
  0.4644444444E+00  0.7673205798E+05
  0.4647222222E+00  0.7672698800E+05
  0.4650000000E+00  0.7672191824E+05
  0.4652777778E+00  0.7672249571E+05
  0.4655555556E+00  0.7672307306E+05
  0.4658333333E+00  0.7672365031E+05
  0.4661111111E+00  0.7672422757E+05
  0.4663888889E+00  0.7672480526E+05
  0.4666666667E+00  0.7672538251E+05
  0.4669444444E+00  0.7672595976E+05
  0.4672222222E+00  0.7672653700E+05
  0.4675000000E+00  0.7672711426E+05
  0.4677777778E+00  0.7672769185E+05
  0.4680555556E+00  0.7672826920E+05
  0.4683333333E+00  0.7672884645E+05
  0.4686111111E+00  0.7672942370E+05
  0.4688888889E+00  0.7673000139E+05
  0.4691666667E+00  0.7673057865E+05
  0.4694444444E+00  0.7673115579E+05
  0.4697222222E+00  0.7673173314E+05
  0.4700000000E+00  0.7673231073E+05
  0.4702777778E+00  0.7673575844E+05
  0.4705555556E+00  0.7673920593E+05
  0.4708333333E+00  0.7674265364E+05
  0.4711111111E+00  0.7674610146E+05
  0.4713888889E+00  0.7674954917E+05
  0.4716666667E+00  0.7675299687E+05
  0.4719444444E+00  0.7675644469E+05
  0.4722222222E+00  0.7675989240E+05
  0.4725000000E+00  0.7676334022E+05
  0.4727777778E+00  0.7676678793E+05
  0.4730555556E+00  0.7677023586E+05
  0.4733333333E+00  0.7677368357E+05
  0.4736111111E+00  0.7677713129E+05
  0.4738888889E+00  0.7678057910E+05
  0.4741666667E+00  0.7678402682E+05
  0.4744444444E+00  0.7678747463E+05
  0.4747222222E+00  0.7679092235E+05
  0.4750000000E+00  0.7679437006E+05
  0.4752777778E+00  0.7679779061E+05
  0.4755555556E+00  0.7680121127E+05
  0.4758333333E+00  0.7680463182E+05
  0.4761111111E+00  0.7680805248E+05
  0.4763888889E+00  0.7681147292E+05
  0.4766666667E+00  0.7681489358E+05
  0.4769444444E+00  0.7681831447E+05
  0.4772222222E+00  0.7682173513E+05
  0.4775000000E+00  0.7682515579E+05
  0.4777777778E+00  0.7682857624E+05
  0.4780555556E+00  0.7683199690E+05
  0.4783333333E+00  0.7683541744E+05
  0.4786111111E+00  0.7683883810E+05
  0.4788888889E+00  0.7684225899E+05
  0.4791666667E+00  0.7684567954E+05
  0.4794444444E+00  0.7684910009E+05
  0.4797222222E+00  0.7685252075E+05
  0.4800000000E+00  0.7685594130E+05
  0.4802777778E+00  0.7685652753E+05
  0.4805555556E+00  0.7685711375E+05
  0.4808333333E+00  0.7685769953E+05
  0.4811111111E+00  0.7685828566E+05
  0.4813888889E+00  0.7685887199E+05
  0.4816666667E+00  0.7685945777E+05
  0.4819444444E+00  0.7686004399E+05
  0.4822222222E+00  0.7686063011E+05
  0.4825000000E+00  0.7686121645E+05
  0.4827777778E+00  0.7686180223E+05
  0.4830555556E+00  0.7686238835E+05
  0.4833333333E+00  0.7686297457E+05
  0.4836111111E+00  0.7686356046E+05
  0.4838888889E+00  0.7686414668E+05
  0.4841666667E+00  0.7686473281E+05
  0.4844444444E+00  0.7686531859E+05
  0.4847222222E+00  0.7686590492E+05
  0.4850000000E+00  0.7686649104E+05
  0.4852777778E+00  0.7686178421E+05
  0.4855555556E+00  0.7685707739E+05
  0.4858333333E+00  0.7685237057E+05
  0.4861111111E+00  0.7684766385E+05
  0.4863888889E+00  0.7684295691E+05
  0.4866666667E+00  0.7683825043E+05
  0.4869444444E+00  0.7683354370E+05
  0.4872222222E+00  0.7682883676E+05
  0.4875000000E+00  0.7682412994E+05
  0.4877777778E+00  0.7681942312E+05
  0.4880555556E+00  0.7681471629E+05
  0.4883333333E+00  0.7681000947E+05
  0.4886111111E+00  0.7680530265E+05
  0.4888888889E+00  0.7680059582E+05
  0.4891666667E+00  0.7679588899E+05
  0.4894444444E+00  0.7679118251E+05
  0.4897222222E+00  0.7678647579E+05
  0.4900000000E+00  0.7678176885E+05
  0.4902777778E+00  0.7676981481E+05
  0.4905555556E+00  0.7675786034E+05
  0.4908333333E+00  0.7674590619E+05
  0.4911111111E+00  0.7673395204E+05
  0.4913888889E+00  0.7672199800E+05
  0.4916666667E+00  0.7671004341E+05
  0.4919444444E+00  0.7669808937E+05
  0.4922222222E+00  0.7668613522E+05
  0.4925000000E+00  0.7667418108E+05
  0.4927777778E+00  0.7666222661E+05
  0.4930555556E+00  0.7665027256E+05
  0.4933333333E+00  0.7663831852E+05
  0.4936111111E+00  0.7662636426E+05
  0.4938888889E+00  0.7661441022E+05
  0.4941666667E+00  0.7660245575E+05
  0.4944444444E+00  0.7659050159E+05
  0.4947222222E+00  0.7657854746E+05
  0.4950000000E+00  0.7656659341E+05
