  0.1027777778E-01  0.2249140348E+08
  0.1055555556E-01  0.2246729805E+08
  0.1083333333E-01  0.2244319241E+08
  0.1111111111E-01  0.2241908722E+08
  0.1138888889E-01  0.2239498179E+08
  0.1166666667E-01  0.2237087626E+08
  0.1194444444E-01  0.2234677117E+08
  0.1222222222E-01  0.2232266564E+08
  0.1250000000E-01  0.2229856021E+08
  0.1277777778E-01  0.2227445469E+08
  0.1305555556E-01  0.2225034959E+08
  0.1333333333E-01  0.2222624407E+08
  0.1361111111E-01  0.2220213854E+08
  0.1388888889E-01  0.2217803334E+08
  0.1416666667E-01  0.2215392781E+08
  0.1444444444E-01  0.2212982238E+08
  0.1472222222E-01  0.2210571718E+08
  0.1500000000E-01  0.2208161176E+08
  0.1527777778E-01  0.2204860380E+08
  0.1555555556E-01  0.2201559562E+08
  0.1583333333E-01  0.2198258766E+08
  0.1611111111E-01  0.2194957970E+08
  0.1638888889E-01  0.2191657175E+08
  0.1666666667E-01  0.2188356390E+08
  0.1694444444E-01  0.2185055561E+08
  0.1722222222E-01  0.2181754765E+08
  0.1750000000E-01  0.2178453969E+08
  0.1777777778E-01  0.2175153184E+08
  0.1805555556E-01  0.2171852388E+08
  0.1833333333E-01  0.2168551592E+08
  0.1861111111E-01  0.2165250763E+08
  0.1888888889E-01  0.2161949979E+08
  0.1916666667E-01  0.2158649183E+08
  0.1944444444E-01  0.2155348387E+08
  0.1972222222E-01  0.2152047602E+08
  0.2000000000E-01  0.2148746773E+08
  0.2027777778E-01  0.2144624916E+08
  0.2055555556E-01  0.2140503048E+08
  0.2083333333E-01  0.2136381191E+08
  0.2111111111E-01  0.2132259335E+08
  0.2138888889E-01  0.2128137478E+08
  0.2166666667E-01  0.2124015632E+08
  0.2194444444E-01  0.2119893775E+08
  0.2222222222E-01  0.2115771917E+08
  0.2250000000E-01  0.2111650061E+08
  0.2277777778E-01  0.2107528193E+08
  0.2305555556E-01  0.2103406337E+08
  0.2333333333E-01  0.2099284480E+08
  0.2361111111E-01  0.2095162633E+08
  0.2388888889E-01  0.2091040776E+08
  0.2416666667E-01  0.2086918920E+08
  0.2444444444E-01  0.2082797063E+08
  0.2472222222E-01  0.2078675206E+08
  0.2500000000E-01  0.2074553338E+08
  0.2527777778E-01  0.2069696815E+08
  0.2555555556E-01  0.2064840271E+08
  0.2583333333E-01  0.2059983694E+08
  0.2611111111E-01  0.2055127159E+08
  0.2638888889E-01  0.2050270628E+08
  0.2666666667E-01  0.2045414050E+08
  0.2694444444E-01  0.2040557516E+08
  0.2722222222E-01  0.2035700972E+08
  0.2750000000E-01  0.2030844404E+08
  0.2777777778E-01  0.2025987871E+08
  0.2805555556E-01  0.2021131294E+08
  0.2833333333E-01  0.2016274760E+08
  0.2861111111E-01  0.2011418216E+08
  0.2888888889E-01  0.2006561650E+08
  0.2916666667E-01  0.2001705116E+08
  0.2944444444E-01  0.1996848572E+08
  0.2972222222E-01  0.1991991994E+08
  0.3000000000E-01  0.1987135471E+08
  0.3027777778E-01  0.1981644603E+08
  0.3055555556E-01  0.1976153725E+08
  0.3083333333E-01  0.1970662857E+08
  0.3111111111E-01  0.1965171989E+08
  0.3138888889E-01  0.1959681077E+08
  0.3166666667E-01  0.1954190209E+08
  0.3194444444E-01  0.1948699331E+08
  0.3222222222E-01  0.1943208463E+08
  0.3250000000E-01  0.1937717595E+08
  0.3277777778E-01  0.1932226727E+08
  0.3305555556E-01  0.1926735859E+08
  0.3333333333E-01  0.1921244981E+08
  0.3361111111E-01  0.1915754113E+08
  0.3388888889E-01  0.1910263245E+08
  0.3416666667E-01  0.1904772343E+08
  0.3444444444E-01  0.1899281475E+08
  0.3472222222E-01  0.1893790597E+08
  0.3500000000E-01  0.1888299729E+08
  0.3527777778E-01  0.1882283235E+08
  0.3555555556E-01  0.1876266698E+08
  0.3583333333E-01  0.1870250195E+08
  0.3611111111E-01  0.1864233646E+08
  0.3638888889E-01  0.1858217110E+08
  0.3666666667E-01  0.1852200616E+08
  0.3694444444E-01  0.1846184068E+08
  0.3722222222E-01  0.1840167564E+08
  0.3750000000E-01  0.1834151027E+08
  0.3777777778E-01  0.1828134533E+08
  0.3805555556E-01  0.1822117984E+08
  0.3833333333E-01  0.1816101481E+08
  0.3861111111E-01  0.1810084943E+08
  0.3888888889E-01  0.1804068406E+08
  0.3916666667E-01  0.1798051902E+08
  0.3944444444E-01  0.1792035365E+08
  0.3972222222E-01  0.1786018861E+08
  0.4000000000E-01  0.1780002313E+08
  0.4027777778E-01  0.1773576905E+08
  0.4055555556E-01  0.1767151487E+08
  0.4083333333E-01  0.1760726069E+08
  0.4111111111E-01  0.1754300651E+08
  0.4138888889E-01  0.1747875233E+08
  0.4166666667E-01  0.1741449782E+08
  0.4194444444E-01  0.1735024374E+08
  0.4222222222E-01  0.1728598945E+08
  0.4250000000E-01  0.1722173526E+08
  0.4277777778E-01  0.1715748109E+08
  0.4305555556E-01  0.1709322692E+08
  0.4333333333E-01  0.1702897273E+08
  0.4361111111E-01  0.1696471832E+08
  0.4388888889E-01  0.1690046414E+08
  0.4416666667E-01  0.1683620996E+08
  0.4444444444E-01  0.1677195578E+08
  0.4472222222E-01  0.1670770149E+08
  0.4500000000E-01  0.1664344731E+08
  0.4527777778E-01  0.1657629931E+08
  0.4555555556E-01  0.1650915164E+08
  0.4583333333E-01  0.1644200373E+08
  0.4611111111E-01  0.1637485595E+08
  0.4638888889E-01  0.1630770793E+08
  0.4666666667E-01  0.1624056026E+08
  0.4694444444E-01  0.1617341215E+08
  0.4722222222E-01  0.1610626448E+08
  0.4750000000E-01  0.1603911647E+08
  0.4777777778E-01  0.1597196846E+08
  0.4805555556E-01  0.1590482068E+08
  0.4833333333E-01  0.1583767267E+08
  0.4861111111E-01  0.1577052500E+08
  0.4888888889E-01  0.1570337699E+08
  0.4916666667E-01  0.1563622921E+08
  0.4944444444E-01  0.1556908120E+08
  0.4972222222E-01  0.1550193353E+08
  0.5000000000E-01  0.1543478552E+08
  0.5027777778E-01  0.1536593609E+08
  0.5055555556E-01  0.1529708666E+08
  0.5083333333E-01  0.1522823723E+08
  0.5111111111E-01  0.1515938803E+08
  0.5138888889E-01  0.1509053872E+08
  0.5166666667E-01  0.1502168928E+08
  0.5194444444E-01  0.1495283985E+08
  0.5222222222E-01  0.1488399032E+08
  0.5250000000E-01  0.1481514089E+08
  0.5277777778E-01  0.1474629157E+08
  0.5305555556E-01  0.1467744214E+08
  0.5333333333E-01  0.1460859261E+08
  0.5361111111E-01  0.1453974318E+08
  0.5388888889E-01  0.1447089375E+08
  0.5416666667E-01  0.1440204443E+08
  0.5444444444E-01  0.1433319490E+08
  0.5472222222E-01  0.1426434546E+08
  0.5500000000E-01  0.1419549603E+08
  0.5527777778E-01  0.1412609991E+08
  0.5555555556E-01  0.1405670335E+08
  0.5583333333E-01  0.1398730668E+08
  0.5611111111E-01  0.1391791011E+08
  0.5638888889E-01  0.1384851366E+08
  0.5666666667E-01  0.1377911743E+08
  0.5694444444E-01  0.1370972086E+08
  0.5722222222E-01  0.1364032440E+08
  0.5750000000E-01  0.1357092784E+08
  0.5777777778E-01  0.1350153127E+08
  0.5805555556E-01  0.1343213515E+08
  0.5833333333E-01  0.1336273859E+08
  0.5861111111E-01  0.1329334202E+08
  0.5888888889E-01  0.1322394546E+08
  0.5916666667E-01  0.1315454890E+08
  0.5944444444E-01  0.1308515233E+08
  0.5972222222E-01  0.1301575610E+08
  0.6000000000E-01  0.1294635964E+08
  0.6027777778E-01  0.1287750932E+08
  0.6055555556E-01  0.1280865923E+08
  0.6083333333E-01  0.1273980924E+08
  0.6111111111E-01  0.1267095892E+08
  0.6138888889E-01  0.1260210883E+08
  0.6166666667E-01  0.1253325851E+08
  0.6194444444E-01  0.1246440852E+08
  0.6222222222E-01  0.1239555830E+08
  0.6250000000E-01  0.1232670829E+08
  0.6277777778E-01  0.1225785816E+08
  0.6305555556E-01  0.1218900794E+08
  0.6333333333E-01  0.1212015782E+08
  0.6361111111E-01  0.1205130769E+08
  0.6388888889E-01  0.1198245747E+08
  0.6416666667E-01  0.1191360735E+08
  0.6444444444E-01  0.1184475722E+08
  0.6472222222E-01  0.1177590711E+08
  0.6500000000E-01  0.1170705703E+08
  0.6527777778E-01  0.1163975118E+08
  0.6555555556E-01  0.1157244526E+08
  0.6583333333E-01  0.1150513942E+08
  0.6611111111E-01  0.1143783361E+08
  0.6638888889E-01  0.1137052776E+08
  0.6666666667E-01  0.1130322196E+08
  0.6694444444E-01  0.1123591615E+08
  0.6722222222E-01  0.1116861021E+08
  0.6750000000E-01  0.1110130439E+08
  0.6777777778E-01  0.1103399844E+08
  0.6805555556E-01  0.1096669263E+08
  0.6833333333E-01  0.1089938679E+08
  0.6861111111E-01  0.1083208098E+08
  0.6888888889E-01  0.1076477517E+08
  0.6916666667E-01  0.1069746933E+08
  0.6944444444E-01  0.1063016352E+08
  0.6972222222E-01  0.1056285768E+08
  0.7000000000E-01  0.1049555181E+08
  0.7027777778E-01  0.1043067717E+08
  0.7055555556E-01  0.1036580253E+08
  0.7083333333E-01  0.1030092801E+08
  0.7111111111E-01  0.1023605337E+08
  0.7138888889E-01  0.1017117873E+08
  0.7166666667E-01  0.1010630407E+08
  0.7194444444E-01  0.1004142943E+08
  0.7222222222E-01  0.9976554923E+07
  0.7250000000E-01  0.9911680282E+07
  0.7277777778E-01  0.9846805630E+07
  0.7305555556E-01  0.9781930989E+07
  0.7333333333E-01  0.9717056379E+07
  0.7361111111E-01  0.9652181727E+07
  0.7388888889E-01  0.9587307187E+07
  0.7416666667E-01  0.9522432547E+07
  0.7444444444E-01  0.9457557924E+07
  0.7472222222E-01  0.9392683284E+07
  0.7500000000E-01  0.9327808643E+07
  0.7527777778E-01  0.9266119540E+07
  0.7555555556E-01  0.9204430341E+07
  0.7583333333E-01  0.9142741130E+07
  0.7611111111E-01  0.9081051893E+07
  0.7638888889E-01  0.9019362694E+07
  0.7666666667E-01  0.8957673491E+07
  0.7694444444E-01  0.8895984291E+07
  0.7722222222E-01  0.8834295088E+07
  0.7750000000E-01  0.8772605855E+07
  0.7777777778E-01  0.8710916652E+07
  0.7805555556E-01  0.8649227453E+07
  0.7833333333E-01  0.8587538350E+07
  0.7861111111E-01  0.8525849150E+07
  0.7888888889E-01  0.8464159951E+07
  0.7916666667E-01  0.8402470715E+07
  0.7944444444E-01  0.8340781513E+07
  0.7972222222E-01  0.8279092301E+07
  0.8000000000E-01  0.8217403100E+07
  0.8027777778E-01  0.8159516212E+07
  0.8055555556E-01  0.8101629179E+07
  0.8083333333E-01  0.8043742279E+07
  0.8111111111E-01  0.7985855391E+07
  0.8138888889E-01  0.7927968359E+07
  0.8166666667E-01  0.7870081460E+07
  0.8194444444E-01  0.7812194471E+07
  0.8222222222E-01  0.7754307538E+07
  0.8250000000E-01  0.7696420639E+07
  0.8277777778E-01  0.7638533650E+07
  0.8305555556E-01  0.7580646751E+07
  0.8333333333E-01  0.7522759819E+07
  0.8361111111E-01  0.7464872831E+07
  0.8388888889E-01  0.7406985931E+07
  0.8416666667E-01  0.7349098898E+07
  0.8444444444E-01  0.7291212010E+07
  0.8472222222E-01  0.7233325110E+07
  0.8500000000E-01  0.7175438079E+07
  0.8527777778E-01  0.7121821741E+07
  0.8555555556E-01  0.7068205272E+07
  0.8583333333E-01  0.7014588902E+07
  0.8611111111E-01  0.6960972564E+07
  0.8638888889E-01  0.6907356094E+07
  0.8666666667E-01  0.6853739725E+07
  0.8694444444E-01  0.6800123254E+07
  0.8722222222E-01  0.6746506918E+07
  0.8750000000E-01  0.6692890548E+07
  0.8777777778E-01  0.6639274078E+07
  0.8805555556E-01  0.6585657741E+07
  0.8833333333E-01  0.6532041271E+07
  0.8861111111E-01  0.6478424901E+07
  0.8888888889E-01  0.6424808564E+07
  0.8916666667E-01  0.6371192094E+07
  0.8944444444E-01  0.6317575724E+07
  0.8972222222E-01  0.6263959254E+07
  0.9000000000E-01  0.6210342917E+07
  0.9027777778E-01  0.6161321110E+07
  0.9055555556E-01  0.6112299235E+07
  0.9083333333E-01  0.6063277428E+07
  0.9111111111E-01  0.6014255621E+07
  0.9138888889E-01  0.5965233746E+07
  0.9166666667E-01  0.5916211939E+07
  0.9194444444E-01  0.5867190065E+07
  0.9222222222E-01  0.5818168257E+07
  0.9250000000E-01  0.5769146483E+07
  0.9277777778E-01  0.5720124576E+07
  0.9305555556E-01  0.5671102812E+07
  0.9333333333E-01  0.5622081005E+07
  0.9361111111E-01  0.5573059098E+07
  0.9388888889E-01  0.5524037323E+07
  0.9416666667E-01  0.5475015516E+07
  0.9444444444E-01  0.5425993641E+07
  0.9472222222E-01  0.5376971814E+07
  0.9500000000E-01  0.5327950011E+07
  0.9527777778E-01  0.5283706230E+07
  0.9555555556E-01  0.5239462504E+07
  0.9583333333E-01  0.5195218745E+07
  0.9611111111E-01  0.5150975009E+07
  0.9638888889E-01  0.5106731238E+07
  0.9666666667E-01  0.5062487514E+07
  0.9694444444E-01  0.5018243754E+07
  0.9722222222E-01  0.4974000019E+07
  0.9750000000E-01  0.4929756259E+07
  0.9777777778E-01  0.4885512522E+07
  0.9805555556E-01  0.4841268753E+07
  0.9833333333E-01  0.4797025028E+07
  0.9861111111E-01  0.4752781269E+07
  0.9888888889E-01  0.4708537522E+07
  0.9916666667E-01  0.4664293762E+07
  0.9944444444E-01  0.4620050036E+07
  0.9972222222E-01  0.4575806267E+07
  0.1000000000E+00  0.4531562530E+07
  0.1002777778E+00  0.4492146521E+07
  0.1005555556E+00  0.4452730499E+07
  0.1008333333E+00  0.4413314489E+07
  0.1011111111E+00  0.4373898467E+07
  0.1013888889E+00  0.4334482478E+07
  0.1016666667E+00  0.4295066469E+07
  0.1019444444E+00  0.4255650458E+07
  0.1022222222E+00  0.4216234436E+07
  0.1025000000E+00  0.4176818415E+07
  0.1027777778E+00  0.4137402427E+07
  0.1030555556E+00  0.4097986427E+07
  0.1033333333E+00  0.4058570406E+07
  0.1036111111E+00  0.4019154385E+07
  0.1038888889E+00  0.3979738397E+07
  0.1041666667E+00  0.3940322386E+07
  0.1044444444E+00  0.3900906375E+07
  0.1047222222E+00  0.3861490355E+07
  0.1050000000E+00  0.3822074333E+07
  0.1052777778E+00  0.3787421627E+07
  0.1055555556E+00  0.3752768888E+07
  0.1058333333E+00  0.3718116148E+07
  0.1061111111E+00  0.3683463387E+07
  0.1063888889E+00  0.3648810648E+07
  0.1066666667E+00  0.3614157909E+07
  0.1069444444E+00  0.3579505169E+07
  0.1072222222E+00  0.3544852430E+07
  0.1075000000E+00  0.3510199702E+07
  0.1077777778E+00  0.3475546963E+07
  0.1080555556E+00  0.3440894223E+07
  0.1083333333E+00  0.3406241484E+07
  0.1086111111E+00  0.3371588735E+07
  0.1088888889E+00  0.3336935984E+07
  0.1091666667E+00  0.3302283244E+07
  0.1094444444E+00  0.3267630505E+07
  0.1097222222E+00  0.3232977799E+07
  0.1100000000E+00  0.3198325049E+07
  0.1102777778E+00  0.3168265328E+07
  0.1105555556E+00  0.3138205639E+07
  0.1108333333E+00  0.3108145917E+07
  0.1111111111E+00  0.3078086219E+07
  0.1113888889E+00  0.3048026497E+07
  0.1116666667E+00  0.3017966820E+07
  0.1119444444E+00  0.2987907098E+07
  0.1122222222E+00  0.2957847400E+07
  0.1125000000E+00  0.2927787678E+07
  0.1127777778E+00  0.2897727990E+07
  0.1130555556E+00  0.2867668258E+07
  0.1133333333E+00  0.2837608547E+07
  0.1136111111E+00  0.2807548859E+07
  0.1138888889E+00  0.2777489137E+07
  0.1141666667E+00  0.2747429439E+07
  0.1144444444E+00  0.2717369717E+07
  0.1147222222E+00  0.2687310028E+07
  0.1150000000E+00  0.2657250317E+07
  0.1152777778E+00  0.2631530151E+07
  0.1155555556E+00  0.2605810019E+07
  0.1158333333E+00  0.2580089863E+07
  0.1161111111E+00  0.2554369707E+07
  0.1163888889E+00  0.2528649540E+07
  0.1166666667E+00  0.2502929384E+07
  0.1169444444E+00  0.2477209229E+07
  0.1172222222E+00  0.2451489106E+07
  0.1175000000E+00  0.2425768939E+07
  0.1177777778E+00  0.2400048784E+07
  0.1180555556E+00  0.2374328628E+07
  0.1183333333E+00  0.2348608451E+07
  0.1186111111E+00  0.2322888295E+07
  0.1188888889E+00  0.2297168173E+07
  0.1191666667E+00  0.2271448017E+07
  0.1194444444E+00  0.2245727850E+07
  0.1197222222E+00  0.2220007695E+07
  0.1200000000E+00  0.2194287539E+07
  0.1202777778E+00  0.2172587038E+07
  0.1205555556E+00  0.2150886493E+07
  0.1208333333E+00  0.2129185992E+07
  0.1211111111E+00  0.2107485468E+07
  0.1213888889E+00  0.2085784922E+07
  0.1216666667E+00  0.2064084422E+07
  0.1219444444E+00  0.2042383887E+07
  0.1222222222E+00  0.2020683375E+07
  0.1225000000E+00  0.1998982851E+07
  0.1227777778E+00  0.1977282350E+07
  0.1230555556E+00  0.1955581805E+07
  0.1233333333E+00  0.1933881304E+07
  0.1236111111E+00  0.1912180770E+07
  0.1238888889E+00  0.1890480268E+07
  0.1241666667E+00  0.1868779734E+07
  0.1244444444E+00  0.1847079199E+07
  0.1247222222E+00  0.1825378699E+07
  0.1250000000E+00  0.1803678153E+07
  0.1252777778E+00  0.1785629513E+07
  0.1255555556E+00  0.1767580873E+07
  0.1258333333E+00  0.1749532200E+07
  0.1261111111E+00  0.1731483560E+07
  0.1263888889E+00  0.1713434887E+07
  0.1266666667E+00  0.1695386247E+07
  0.1269444444E+00  0.1677337607E+07
  0.1272222222E+00  0.1659288933E+07
  0.1275000000E+00  0.1641240305E+07
  0.1277777778E+00  0.1623191631E+07
  0.1280555556E+00  0.1605142991E+07
  0.1283333333E+00  0.1587094341E+07
  0.1286111111E+00  0.1569045668E+07
  0.1288888889E+00  0.1550997028E+07
  0.1291666667E+00  0.1532948355E+07
  0.1294444444E+00  0.1514899715E+07
  0.1297222222E+00  0.1496851075E+07
  0.1300000000E+00  0.1478802401E+07
  0.1302777778E+00  0.1464009424E+07
  0.1305555556E+00  0.1449216480E+07
  0.1308333333E+00  0.1434423512E+07
  0.1311111111E+00  0.1419630534E+07
  0.1313888889E+00  0.1404837601E+07
  0.1316666667E+00  0.1390044624E+07
  0.1319444444E+00  0.1375251646E+07
  0.1322222222E+00  0.1360458668E+07
  0.1325000000E+00  0.1345665734E+07
  0.1327777778E+00  0.1330872756E+07
  0.1330555556E+00  0.1316079779E+07
  0.1333333333E+00  0.1301286846E+07
  0.1336111111E+00  0.1286493868E+07
  0.1338888889E+00  0.1271700890E+07
  0.1341666667E+00  0.1256907923E+07
  0.1344444444E+00  0.1242114979E+07
  0.1347222222E+00  0.1227322001E+07
  0.1350000000E+00  0.1212529035E+07
  0.1352777778E+00  0.1200582403E+07
  0.1355555556E+00  0.1188635772E+07
  0.1358333333E+00  0.1176689140E+07
  0.1361111111E+00  0.1164742509E+07
  0.1363888889E+00  0.1152795855E+07
  0.1366666667E+00  0.1140849224E+07
  0.1369444444E+00  0.1128902592E+07
  0.1372222222E+00  0.1116955961E+07
  0.1375000000E+00  0.1105009340E+07
  0.1377777778E+00  0.1093062676E+07
  0.1380555556E+00  0.1081116044E+07
  0.1383333333E+00  0.1069169413E+07
  0.1386111111E+00  0.1057222781E+07
  0.1388888889E+00  0.1045276161E+07
  0.1391666667E+00  0.1033329530E+07
  0.1394444444E+00  0.1021382855E+07
  0.1397222222E+00  0.1009436223E+07
  0.1400000000E+00  0.9974896030E+06
  0.1402777778E+00  0.9879828693E+06
  0.1405555556E+00  0.9784761357E+06
  0.1408333333E+00  0.9689693686E+06
  0.1411111111E+00  0.9594626349E+06
  0.1413888889E+00  0.9499558946E+06
  0.1416666667E+00  0.9404491542E+06
  0.1419444444E+00  0.9309424072E+06
  0.1422222222E+00  0.9214356668E+06
  0.1425000000E+00  0.9119289265E+06
  0.1427777778E+00  0.9024221862E+06
  0.1430555556E+00  0.8929154357E+06
  0.1433333333E+00  0.8834086954E+06
  0.1436111111E+00  0.8739019696E+06
  0.1438888889E+00  0.8643952293E+06
  0.1441666667E+00  0.8548884789E+06
  0.1444444444E+00  0.8453817385E+06
  0.1447222222E+00  0.8358749981E+06
  0.1450000000E+00  0.8263682478E+06
  0.1452777778E+00  0.8189101182E+06
  0.1455555556E+00  0.8114519854E+06
  0.1458333333E+00  0.8039938503E+06
  0.1461111111E+00  0.7965357075E+06
  0.1463888889E+00  0.7890775745E+06
  0.1466666667E+00  0.7816194417E+06
  0.1469444444E+00  0.7741613088E+06
  0.1472222222E+00  0.7667031660E+06
  0.1475000000E+00  0.7592450320E+06
  0.1477777778E+00  0.7517868991E+06
  0.1480555556E+00  0.7443287662E+06
  0.1483333333E+00  0.7368706234E+06
  0.1486111111E+00  0.7294124905E+06
  0.1488888889E+00  0.7219543565E+06
  0.1491666667E+00  0.7144962269E+06
  0.1494444444E+00  0.7070380840E+06
  0.1497222222E+00  0.6995799512E+06
  0.1500000000E+00  0.6921218183E+06
  0.1502777778E+00  0.6863462802E+06
  0.1505555556E+00  0.6805707422E+06
  0.1508333333E+00  0.6747951974E+06
  0.1511111111E+00  0.6690196594E+06
  0.1513888889E+00  0.6632441224E+06
  0.1516666667E+00  0.6574685877E+06
  0.1519444444E+00  0.6516930495E+06
  0.1522222222E+00  0.6459175148E+06
  0.1525000000E+00  0.6401419767E+06
  0.1527777778E+00  0.6343664386E+06
  0.1530555556E+00  0.6285909050E+06
  0.1533333333E+00  0.6228153669E+06
  0.1536111111E+00  0.6170398189E+06
  0.1538888889E+00  0.6112642841E+06
  0.1541666667E+00  0.6054887460E+06
  0.1544444444E+00  0.5997132079E+06
  0.1547222222E+00  0.5939376743E+06
  0.1550000000E+00  0.5881621362E+06
  0.1552777778E+00  0.5837364898E+06
  0.1555555556E+00  0.5793108379E+06
  0.1558333333E+00  0.5748851916E+06
  0.1561111111E+00  0.5704595352E+06
  0.1563888889E+00  0.5660338932E+06
  0.1566666667E+00  0.5616082369E+06
  0.1569444444E+00  0.5571825916E+06
  0.1572222222E+00  0.5527569486E+06
  0.1575000000E+00  0.5483312933E+06
  0.1577777778E+00  0.5439056470E+06
  0.1580555556E+00  0.5394799951E+06
  0.1583333333E+00  0.5350543487E+06
  0.1586111111E+00  0.5306286924E+06
  0.1588888889E+00  0.5262030505E+06
  0.1591666667E+00  0.5217774041E+06
  0.1594444444E+00  0.5173517488E+06
  0.1597222222E+00  0.5129261059E+06
  0.1600000000E+00  0.5085004506E+06
  0.1602777778E+00  0.5051303974E+06
  0.1605555556E+00  0.5017603576E+06
  0.1608333333E+00  0.4983903044E+06
  0.1611111111E+00  0.4950202546E+06
  0.1613888889E+00  0.4916502015E+06
  0.1616666667E+00  0.4882801483E+06
  0.1619444444E+00  0.4849100986E+06
  0.1622222222E+00  0.4815400454E+06
  0.1625000000E+00  0.4781700056E+06
  0.1627777778E+00  0.4747999524E+06
  0.1630555556E+00  0.4714298993E+06
  0.1633333333E+00  0.4680598495E+06
  0.1636111111E+00  0.4646897963E+06
  0.1638888889E+00  0.4613197465E+06
  0.1641666667E+00  0.4579496934E+06
  0.1644444444E+00  0.4545796502E+06
  0.1647222222E+00  0.4512096004E+06
  0.1650000000E+00  0.4478395472E+06
  0.1652777778E+00  0.4452714651E+06
  0.1655555556E+00  0.4427033847E+06
  0.1658333333E+00  0.4401353024E+06
  0.1661111111E+00  0.4375672210E+06
  0.1663888889E+00  0.4349991420E+06
  0.1666666667E+00  0.4324310595E+06
  0.1669444444E+00  0.4298629781E+06
  0.1672222222E+00  0.4272948957E+06
  0.1675000000E+00  0.4247268177E+06
  0.1677777778E+00  0.4221587354E+06
  0.1680555556E+00  0.4195906540E+06
  0.1683333333E+00  0.4170225705E+06
  0.1686111111E+00  0.4144544925E+06
  0.1688888889E+00  0.4118864111E+06
  0.1691666667E+00  0.4093183288E+06
  0.1694444444E+00  0.4067502474E+06
  0.1697222222E+00  0.4041821684E+06
  0.1700000000E+00  0.4016140859E+06
  0.1702777778E+00  0.3996364520E+06
  0.1705555556E+00  0.3976588172E+06
  0.1708333333E+00  0.3956811833E+06
  0.1711111111E+00  0.3937035485E+06
  0.1713888889E+00  0.3917259146E+06
  0.1716666667E+00  0.3897482797E+06
  0.1719444444E+00  0.3877706448E+06
  0.1722222222E+00  0.3857930110E+06
  0.1725000000E+00  0.3838153794E+06
  0.1727777778E+00  0.3818377456E+06
  0.1730555556E+00  0.3798601117E+06
  0.1733333333E+00  0.3778824769E+06
  0.1736111111E+00  0.3759048419E+06
  0.1738888889E+00  0.3739272070E+06
  0.1741666667E+00  0.3719495732E+06
  0.1744444444E+00  0.3699719393E+06
  0.1747222222E+00  0.3679943045E+06
  0.1750000000E+00  0.3660166706E+06
  0.1752777778E+00  0.3644582395E+06
  0.1755555556E+00  0.3628998105E+06
  0.1758333333E+00  0.3613413773E+06
  0.1761111111E+00  0.3597829473E+06
  0.1763888889E+00  0.3582245138E+06
  0.1766666667E+00  0.3566660839E+06
  0.1769444444E+00  0.3551076550E+06
  0.1772222222E+00  0.3535492217E+06
  0.1775000000E+00  0.3519907907E+06
  0.1777777778E+00  0.3504323583E+06
  0.1780555556E+00  0.3488739283E+06
  0.1783333333E+00  0.3473154983E+06
  0.1786111111E+00  0.3457570650E+06
  0.1788888889E+00  0.3441986350E+06
  0.1791666667E+00  0.3426402027E+06
  0.1794444444E+00  0.3410817717E+06
  0.1797222222E+00  0.3395233427E+06
  0.1800000000E+00  0.3379649093E+06
  0.1802777778E+00  0.3366921078E+06
  0.1805555556E+00  0.3354193028E+06
  0.1808333333E+00  0.3341465011E+06
  0.1811111111E+00  0.3328736995E+06
  0.1813888889E+00  0.3316008945E+06
  0.1816666667E+00  0.3303280928E+06
  0.1819444444E+00  0.3290552879E+06
  0.1822222222E+00  0.3277824862E+06
  0.1825000000E+00  0.3265096823E+06
  0.1827777778E+00  0.3252368807E+06
  0.1830555556E+00  0.3239640757E+06
  0.1833333333E+00  0.3226912741E+06
  0.1836111111E+00  0.3214184725E+06
  0.1838888889E+00  0.3201456674E+06
  0.1841666667E+00  0.3188728658E+06
  0.1844444444E+00  0.3176000608E+06
  0.1847222222E+00  0.3163272592E+06
  0.1850000000E+00  0.3150544542E+06
  0.1852777778E+00  0.3139677822E+06
  0.1855555556E+00  0.3128811101E+06
  0.1858333333E+00  0.3117944381E+06
  0.1861111111E+00  0.3107077650E+06
  0.1863888889E+00  0.3096210929E+06
  0.1866666667E+00  0.3085344176E+06
  0.1869444444E+00  0.3074477455E+06
  0.1872222222E+00  0.3063610735E+06
  0.1875000000E+00  0.3052744004E+06
  0.1877777778E+00  0.3041877284E+06
  0.1880555556E+00  0.3031010552E+06
  0.1883333333E+00  0.3020143843E+06
  0.1886111111E+00  0.3009277089E+06
  0.1888888889E+00  0.2998410358E+06
  0.1891666667E+00  0.2987543638E+06
  0.1894444444E+00  0.2976676907E+06
  0.1897222222E+00  0.2965810187E+06
  0.1900000000E+00  0.2954943466E+06
  0.1902777778E+00  0.2945236763E+06
  0.1905555556E+00  0.2935530070E+06
  0.1908333333E+00  0.2925823368E+06
  0.1911111111E+00  0.2916116698E+06
  0.1913888889E+00  0.2906409994E+06
  0.1916666667E+00  0.2896703292E+06
  0.1919444444E+00  0.2886996599E+06
  0.1922222222E+00  0.2877289930E+06
  0.1925000000E+00  0.2867583237E+06
  0.1927777778E+00  0.2857876523E+06
  0.1930555556E+00  0.2848169854E+06
  0.1933333333E+00  0.2838463161E+06
  0.1936111111E+00  0.2828756459E+06
  0.1938888889E+00  0.2819049766E+06
  0.1941666667E+00  0.2809343086E+06
  0.1944444444E+00  0.2799636393E+06
  0.1947222222E+00  0.2789929690E+06
  0.1950000000E+00  0.2780222998E+06
  0.1952777778E+00  0.2771220629E+06
  0.1955555556E+00  0.2762218228E+06
  0.1958333333E+00  0.2753215837E+06
  0.1961111111E+00  0.2744213469E+06
  0.1963888889E+00  0.2735211077E+06
  0.1966666667E+00  0.2726208676E+06
  0.1969444444E+00  0.2717206285E+06
  0.1972222222E+00  0.2708203917E+06
  0.1975000000E+00  0.2699201515E+06
  0.1977777778E+00  0.2690199113E+06
  0.1980555556E+00  0.2681196745E+06
  0.1983333333E+00  0.2672194353E+06
  0.1986111111E+00  0.2663191952E+06
  0.1988888889E+00  0.2654189561E+06
  0.1991666667E+00  0.2645187193E+06
  0.1994444444E+00  0.2636184802E+06
  0.1997222222E+00  0.2627182400E+06
  0.2000000000E+00  0.2618180042E+06
  0.2002777778E+00  0.2609619260E+06
  0.2005555556E+00  0.2601058486E+06
  0.2008333333E+00  0.2592497693E+06
  0.2011111111E+00  0.2583936953E+06
  0.2013888889E+00  0.2575376180E+06
  0.2016666667E+00  0.2566815397E+06
  0.2019444444E+00  0.2558254613E+06
  0.2022222222E+00  0.2549693840E+06
  0.2025000000E+00  0.2541133091E+06
  0.2027777778E+00  0.2532572318E+06
  0.2030555556E+00  0.2524011545E+06
  0.2033333333E+00  0.2515450751E+06
  0.2036111111E+00  0.2506890011E+06
  0.2038888889E+00  0.2498329228E+06
  0.2041666667E+00  0.2489768455E+06
  0.2044444444E+00  0.2481207671E+06
  0.2047222222E+00  0.2472646888E+06
  0.2050000000E+00  0.2464086149E+06
  0.2052777778E+00  0.2455852792E+06
  0.2055555556E+00  0.2447619470E+06
  0.2058333333E+00  0.2439386125E+06
  0.2061111111E+00  0.2431152802E+06
  0.2063888889E+00  0.2422919480E+06
  0.2066666667E+00  0.2414686123E+06
  0.2069444444E+00  0.2406452811E+06
  0.2072222222E+00  0.2398219478E+06
  0.2075000000E+00  0.2389986132E+06
  0.2077777778E+00  0.2381752820E+06
  0.2080555556E+00  0.2373519454E+06
  0.2083333333E+00  0.2365286141E+06
  0.2086111111E+00  0.2357052808E+06
  0.2088888889E+00  0.2348819463E+06
  0.2091666667E+00  0.2340586140E+06
  0.2094444444E+00  0.2332352784E+06
  0.2097222222E+00  0.2324119472E+06
  0.2100000000E+00  0.2315886149E+06
  0.2102777778E+00  0.2307968484E+06
  0.2105555556E+00  0.2300050842E+06
  0.2108333333E+00  0.2292133177E+06
  0.2111111111E+00  0.2284215502E+06
  0.2113888889E+00  0.2276297871E+06
  0.2116666667E+00  0.2268380206E+06
  0.2119444444E+00  0.2260462564E+06
  0.2122222222E+00  0.2252544909E+06
  0.2125000000E+00  0.2244627233E+06
  0.2127777778E+00  0.2236709602E+06
  0.2130555556E+00  0.2228791927E+06
  0.2133333333E+00  0.2220874295E+06
  0.2136111111E+00  0.2212956631E+06
  0.2138888889E+00  0.2205038956E+06
  0.2141666667E+00  0.2197121324E+06
  0.2144444444E+00  0.2189203649E+06
  0.2147222222E+00  0.2181286018E+06
  0.2150000000E+00  0.2173368352E+06
  0.2152777778E+00  0.2165817239E+06
  0.2155555556E+00  0.2158266169E+06
  0.2158333333E+00  0.2150715066E+06
  0.2161111111E+00  0.2143163986E+06
  0.2163888889E+00  0.2135612883E+06
  0.2166666667E+00  0.2128061813E+06
  0.2169444444E+00  0.2120510710E+06
  0.2172222222E+00  0.2112959597E+06
  0.2175000000E+00  0.2105408527E+06
  0.2177777778E+00  0.2097857424E+06
  0.2180555556E+00  0.2090306343E+06
  0.2183333333E+00  0.2082755230E+06
  0.2186111111E+00  0.2075204161E+06
  0.2188888889E+00  0.2067653057E+06
  0.2191666667E+00  0.2060101944E+06
  0.2194444444E+00  0.2052550874E+06
  0.2197222222E+00  0.2044999771E+06
  0.2200000000E+00  0.2037448702E+06
  0.2202777778E+00  0.2030348581E+06
  0.2205555556E+00  0.2023248492E+06
  0.2208333333E+00  0.2016148382E+06
  0.2211111111E+00  0.2009048283E+06
  0.2213888889E+00  0.2001948172E+06
  0.2216666667E+00  0.1994848095E+06
  0.2219444444E+00  0.1987747963E+06
  0.2222222222E+00  0.1980647885E+06
  0.2225000000E+00  0.1973547774E+06
  0.2227777778E+00  0.1966447676E+06
  0.2230555556E+00  0.1959347565E+06
  0.2233333333E+00  0.1952247487E+06
  0.2236111111E+00  0.1945147356E+06
  0.2238888889E+00  0.1938047278E+06
  0.2241666667E+00  0.1930947156E+06
  0.2244444444E+00  0.1923847069E+06
  0.2247222222E+00  0.1916746958E+06
  0.2250000000E+00  0.1909646869E+06
  0.2252777778E+00  0.1903086673E+06
  0.2255555556E+00  0.1896526466E+06
  0.2258333333E+00  0.1889966248E+06
  0.2261111111E+00  0.1883406041E+06
  0.2263888889E+00  0.1876845845E+06
  0.2266666667E+00  0.1870285637E+06
  0.2269444444E+00  0.1863725430E+06
  0.2272222222E+00  0.1857165234E+06
  0.2275000000E+00  0.1850605026E+06
  0.2277777778E+00  0.1844044819E+06
  0.2280555556E+00  0.1837484635E+06
  0.2283333333E+00  0.1830924438E+06
  0.2286111111E+00  0.1824364231E+06
  0.2288888889E+00  0.1817804024E+06
  0.2291666667E+00  0.1811243827E+06
  0.2294444444E+00  0.1804683620E+06
  0.2297222222E+00  0.1798123413E+06
  0.2300000000E+00  0.1791563205E+06
  0.2302777778E+00  0.1785621327E+06
  0.2305555556E+00  0.1779679438E+06
  0.2308333333E+00  0.1773737604E+06
  0.2311111111E+00  0.1767795715E+06
  0.2313888889E+00  0.1761853837E+06
  0.2316666667E+00  0.1755911958E+06
  0.2319444444E+00  0.1749970113E+06
  0.2322222222E+00  0.1744028224E+06
  0.2325000000E+00  0.1738086356E+06
  0.2327777778E+00  0.1732144467E+06
  0.2330555556E+00  0.1726202623E+06
  0.2333333333E+00  0.1720260744E+06
  0.2336111111E+00  0.1714318866E+06
  0.2338888889E+00  0.1708376977E+06
  0.2341666667E+00  0.1702435142E+06
  0.2344444444E+00  0.1696493253E+06
  0.2347222222E+00  0.1690551375E+06
  0.2350000000E+00  0.1684609496E+06
  0.2352777778E+00  0.1679338737E+06
  0.2355555556E+00  0.1674067943E+06
  0.2358333333E+00  0.1668797139E+06
  0.2361111111E+00  0.1663526390E+06
  0.2363888889E+00  0.1658255586E+06
  0.2366666667E+00  0.1652984792E+06
  0.2369444444E+00  0.1647713998E+06
  0.2372222222E+00  0.1642443238E+06
  0.2375000000E+00  0.1637172445E+06
  0.2377777778E+00  0.1631901651E+06
  0.2380555556E+00  0.1626630881E+06
  0.2383333333E+00  0.1621360098E+06
  0.2386111111E+00  0.1616089294E+06
  0.2388888889E+00  0.1610818533E+06
  0.2391666667E+00  0.1605547740E+06
  0.2394444444E+00  0.1600276946E+06
  0.2397222222E+00  0.1595006142E+06
  0.2400000000E+00  0.1589735393E+06
  0.2402777778E+00  0.1585157506E+06
  0.2405555556E+00  0.1580579596E+06
  0.2408333333E+00  0.1576001709E+06
  0.2411111111E+00  0.1571423842E+06
  0.2413888889E+00  0.1566845966E+06
  0.2416666667E+00  0.1562268079E+06
  0.2419444444E+00  0.1557690169E+06
  0.2422222222E+00  0.1553112292E+06
  0.2425000000E+00  0.1548534415E+06
  0.2427777778E+00  0.1543956528E+06
  0.2430555556E+00  0.1539378652E+06
  0.2433333333E+00  0.1534800731E+06
  0.2436111111E+00  0.1530222865E+06
  0.2438888889E+00  0.1525644989E+06
  0.2441666667E+00  0.1521067101E+06
  0.2444444444E+00  0.1516489225E+06
  0.2447222222E+00  0.1511911304E+06
  0.2450000000E+00  0.1507333438E+06
  0.2452777778E+00  0.1503437511E+06
  0.2455555556E+00  0.1499541596E+06
  0.2458333333E+00  0.1495645679E+06
  0.2461111111E+00  0.1491749763E+06
  0.2463888889E+00  0.1487853870E+06
  0.2466666667E+00  0.1483957965E+06
  0.2469444444E+00  0.1480062038E+06
  0.2472222222E+00  0.1476166122E+06
  0.2475000000E+00  0.1472270206E+06
  0.2477777778E+00  0.1468374279E+06
  0.2480555556E+00  0.1464478363E+06
  0.2483333333E+00  0.1460582446E+06
  0.2486111111E+00  0.1456686531E+06
  0.2488888889E+00  0.1452790604E+06
  0.2491666667E+00  0.1448894699E+06
  0.2494444444E+00  0.1444998772E+06
  0.2497222222E+00  0.1441102890E+06
  0.2500000000E+00  0.1437206973E+06
  0.2502777778E+00  0.1433950374E+06
  0.2505555556E+00  0.1430693765E+06
  0.2508333333E+00  0.1427437154E+06
  0.2511111111E+00  0.1424180555E+06
  0.2513888889E+00  0.1420923946E+06
  0.2516666667E+00  0.1417667336E+06
  0.2519444444E+00  0.1414410736E+06
  0.2522222222E+00  0.1411154137E+06
  0.2525000000E+00  0.1407897517E+06
  0.2527777778E+00  0.1404640918E+06
  0.2530555556E+00  0.1401384318E+06
  0.2533333333E+00  0.1398127698E+06
  0.2536111111E+00  0.1394871099E+06
  0.2538888889E+00  0.1391614500E+06
  0.2541666667E+00  0.1388357889E+06
  0.2544444444E+00  0.1385101280E+06
  0.2547222222E+00  0.1381844681E+06
  0.2550000000E+00  0.1378588071E+06
  0.2552777778E+00  0.1375903037E+06
  0.2555555556E+00  0.1373217992E+06
  0.2558333333E+00  0.1370532991E+06
  0.2561111111E+00  0.1367847957E+06
  0.2563888889E+00  0.1365162912E+06
  0.2566666667E+00  0.1362477878E+06
  0.2569444444E+00  0.1359792833E+06
  0.2572222222E+00  0.1357107799E+06
  0.2575000000E+00  0.1354422765E+06
  0.2577777778E+00  0.1351737720E+06
  0.2580555556E+00  0.1349052686E+06
  0.2583333333E+00  0.1346367641E+06
  0.2586111111E+00  0.1343682607E+06
  0.2588888889E+00  0.1340997573E+06
  0.2591666667E+00  0.1338312561E+06
  0.2594444444E+00  0.1335627527E+06
  0.2597222222E+00  0.1332942482E+06
  0.2600000000E+00  0.1330257448E+06
  0.2602777778E+00  0.1328055406E+06
  0.2605555556E+00  0.1325853385E+06
  0.2608333333E+00  0.1323651366E+06
  0.2611111111E+00  0.1321449333E+06
  0.2613888889E+00  0.1319247311E+06
  0.2616666667E+00  0.1317045277E+06
  0.2619444444E+00  0.1314843257E+06
  0.2622222222E+00  0.1312641225E+06
  0.2625000000E+00  0.1310439202E+06
  0.2627777778E+00  0.1308237172E+06
  0.2630555556E+00  0.1306035149E+06
  0.2633333333E+00  0.1303833126E+06
  0.2636111111E+00  0.1301631086E+06
  0.2638888889E+00  0.1299429063E+06
  0.2641666667E+00  0.1297227041E+06
  0.2644444444E+00  0.1295025021E+06
  0.2647222222E+00  0.1292822988E+06
  0.2650000000E+00  0.1290620955E+06
  0.2652777778E+00  0.1288801544E+06
  0.2655555556E+00  0.1286982133E+06
  0.2658333333E+00  0.1285162707E+06
  0.2661111111E+00  0.1283343295E+06
  0.2663888889E+00  0.1281523881E+06
  0.2666666667E+00  0.1279704470E+06
  0.2669444444E+00  0.1277885058E+06
  0.2672222222E+00  0.1276065644E+06
  0.2675000000E+00  0.1274246221E+06
  0.2677777778E+00  0.1272426807E+06
  0.2680555556E+00  0.1270607395E+06
  0.2683333333E+00  0.1268787984E+06
  0.2686111111E+00  0.1266968570E+06
  0.2688888889E+00  0.1265149147E+06
  0.2691666667E+00  0.1263329736E+06
  0.2694444444E+00  0.1261510321E+06
  0.2697222222E+00  0.1259690910E+06
  0.2700000000E+00  0.1257871496E+06
  0.2702777778E+00  0.1256329767E+06
  0.2705555556E+00  0.1254788043E+06
  0.2708333333E+00  0.1253246325E+06
  0.2711111111E+00  0.1251704608E+06
  0.2713888889E+00  0.1250162880E+06
  0.2716666667E+00  0.1248621152E+06
  0.2719444444E+00  0.1247079424E+06
  0.2722222222E+00  0.1245537706E+06
  0.2725000000E+00  0.1243995989E+06
  0.2727777778E+00  0.1242454261E+06
  0.2730555556E+00  0.1240912535E+06
  0.2733333333E+00  0.1239370819E+06
  0.2736111111E+00  0.1237829095E+06
  0.2738888889E+00  0.1236287369E+06
  0.2741666667E+00  0.1234745644E+06
  0.2744444444E+00  0.1233203929E+06
  0.2747222222E+00  0.1231662203E+06
  0.2750000000E+00  0.1230120478E+06
  0.2752777778E+00  0.1228753343E+06
  0.2755555556E+00  0.1227386208E+06
  0.2758333333E+00  0.1226019074E+06
  0.2761111111E+00  0.1224651939E+06
  0.2763888889E+00  0.1223284804E+06
  0.2766666667E+00  0.1221917668E+06
  0.2769444444E+00  0.1220550524E+06
  0.2772222222E+00  0.1219183389E+06
  0.2775000000E+00  0.1217816254E+06
  0.2777777778E+00  0.1216449119E+06
  0.2780555556E+00  0.1215081985E+06
  0.2783333333E+00  0.1213714850E+06
  0.2786111111E+00  0.1212347715E+06
  0.2788888889E+00  0.1210980580E+06
  0.2791666667E+00  0.1209613446E+06
  0.2794444444E+00  0.1208246310E+06
  0.2797222222E+00  0.1206879175E+06
  0.2800000000E+00  0.1205512030E+06
  0.2802777778E+00  0.1204225016E+06
  0.2805555556E+00  0.1202938003E+06
  0.2808333333E+00  0.1201650978E+06
  0.2811111111E+00  0.1200363962E+06
  0.2813888889E+00  0.1199076941E+06
  0.2816666667E+00  0.1197789925E+06
  0.2819444444E+00  0.1196502900E+06
  0.2822222222E+00  0.1195215884E+06
  0.2825000000E+00  0.1193928863E+06
  0.2827777778E+00  0.1192641847E+06
  0.2830555556E+00  0.1191354832E+06
  0.2833333333E+00  0.1190067810E+06
  0.2836111111E+00  0.1188780795E+06
  0.2838888889E+00  0.1187493769E+06
  0.2841666667E+00  0.1186206758E+06
  0.2844444444E+00  0.1184919732E+06
  0.2847222222E+00  0.1183632717E+06
  0.2850000000E+00  0.1182345694E+06
  0.2852777778E+00  0.1181058196E+06
  0.2855555556E+00  0.1179770688E+06
  0.2858333333E+00  0.1178483193E+06
  0.2861111111E+00  0.1177195685E+06
  0.2863888889E+00  0.1175908176E+06
  0.2866666667E+00  0.1174620681E+06
  0.2869444444E+00  0.1173333173E+06
  0.2872222222E+00  0.1172045664E+06
  0.2875000000E+00  0.1170758169E+06
  0.2877777778E+00  0.1169470660E+06
  0.2880555556E+00  0.1168183152E+06
  0.2883333333E+00  0.1166895657E+06
  0.2886111111E+00  0.1165608149E+06
  0.2888888889E+00  0.1164320641E+06
  0.2891666667E+00  0.1163033146E+06
  0.2894444444E+00  0.1161745637E+06
  0.2897222222E+00  0.1160458129E+06
  0.2900000000E+00  0.1159170633E+06
  0.2902777778E+00  0.1157818004E+06
  0.2905555556E+00  0.1156465383E+06
  0.2908333333E+00  0.1155112753E+06
  0.2911111111E+00  0.1153760133E+06
  0.2913888889E+00  0.1152407503E+06
  0.2916666667E+00  0.1151054882E+06
  0.2919444444E+00  0.1149702256E+06
  0.2922222222E+00  0.1148349636E+06
  0.2925000000E+00  0.1146997005E+06
  0.2927777778E+00  0.1145644375E+06
  0.2930555556E+00  0.1144291755E+06
  0.2933333333E+00  0.1142939126E+06
  0.2936111111E+00  0.1141586505E+06
  0.2938888889E+00  0.1140233878E+06
  0.2941666667E+00  0.1138881259E+06
  0.2944444444E+00  0.1137528628E+06
  0.2947222222E+00  0.1136176008E+06
  0.2950000000E+00  0.1134823378E+06
  0.2952777778E+00  0.1133361431E+06
  0.2955555556E+00  0.1131899488E+06
  0.2958333333E+00  0.1130437541E+06
  0.2961111111E+00  0.1128975594E+06
  0.2963888889E+00  0.1127513648E+06
  0.2966666667E+00  0.1126051704E+06
  0.2969444444E+00  0.1124589758E+06
  0.2972222222E+00  0.1123127811E+06
  0.2975000000E+00  0.1121665867E+06
  0.2977777778E+00  0.1120203920E+06
  0.2980555556E+00  0.1118741974E+06
  0.2983333333E+00  0.1117280021E+06
  0.2986111111E+00  0.1115818074E+06
  0.2988888889E+00  0.1114356127E+06
  0.2991666667E+00  0.1112894180E+06
  0.2994444444E+00  0.1111432237E+06
  0.2997222222E+00  0.1109970291E+06
  0.3000000000E+00  0.1108508344E+06
  0.3002777778E+00  0.1106911605E+06
  0.3005555556E+00  0.1105314870E+06
  0.3008333333E+00  0.1103718130E+06
  0.3011111111E+00  0.1102121391E+06
  0.3013888889E+00  0.1100524653E+06
  0.3016666667E+00  0.1098927924E+06
  0.3019444444E+00  0.1097331186E+06
  0.3022222222E+00  0.1095734446E+06
  0.3025000000E+00  0.1094137708E+06
  0.3027777778E+00  0.1092540972E+06
  0.3030555556E+00  0.1090944233E+06
  0.3033333333E+00  0.1089347495E+06
  0.3036111111E+00  0.1087750756E+06
  0.3038888889E+00  0.1086154017E+06
  0.3041666667E+00  0.1084557278E+06
  0.3044444444E+00  0.1082960540E+06
  0.3047222222E+00  0.1081363811E+06
  0.3050000000E+00  0.1079767075E+06
  0.3052777778E+00  0.1078029505E+06
  0.3055555556E+00  0.1076291934E+06
  0.3058333333E+00  0.1074554367E+06
  0.3061111111E+00  0.1072816806E+06
  0.3063888889E+00  0.1071079240E+06
  0.3066666667E+00  0.1069341669E+06
  0.3069444444E+00  0.1067604111E+06
  0.3072222222E+00  0.1065866541E+06
  0.3075000000E+00  0.1064128974E+06
  0.3077777778E+00  0.1062391403E+06
  0.3080555556E+00  0.1060653846E+06
  0.3083333333E+00  0.1058916275E+06
  0.3086111111E+00  0.1057178708E+06
  0.3088888889E+00  0.1055441148E+06
  0.3091666667E+00  0.1053703580E+06
  0.3094444444E+00  0.1051966010E+06
  0.3097222222E+00  0.1050228442E+06
  0.3100000000E+00  0.1048490882E+06
  0.3102777778E+00  0.1046624103E+06
  0.3105555556E+00  0.1044757323E+06
  0.3108333333E+00  0.1042890554E+06
  0.3111111111E+00  0.1041023774E+06
  0.3113888889E+00  0.1039157006E+06
  0.3116666667E+00  0.1037290226E+06
  0.3119444444E+00  0.1035423457E+06
  0.3122222222E+00  0.1033556678E+06
  0.3125000000E+00  0.1031689895E+06
  0.3127777778E+00  0.1029823126E+06
  0.3130555556E+00  0.1027956346E+06
  0.3133333333E+00  0.1026089577E+06
  0.3136111111E+00  0.1024222798E+06
  0.3138888889E+00  0.1022356019E+06
  0.3141666667E+00  0.1020489249E+06
  0.3144444444E+00  0.1018622469E+06
  0.3147222222E+00  0.1016755701E+06
  0.3150000000E+00  0.1014888921E+06
  0.3152777778E+00  0.1012920199E+06
  0.3155555556E+00  0.1010951486E+06
  0.3158333333E+00  0.1008982764E+06
  0.3161111111E+00  0.1007014042E+06
  0.3163888889E+00  0.1005045332E+06
  0.3166666667E+00  0.1003076610E+06
  0.3169444444E+00  0.1001107898E+06
  0.3172222222E+00  0.9991391750E+05
  0.3175000000E+00  0.9971704522E+05
  0.3177777778E+00  0.9952017394E+05
  0.3180555556E+00  0.9932330211E+05
  0.3183333333E+00  0.9912642983E+05
  0.3186111111E+00  0.9892955854E+05
  0.3188888889E+00  0.9873268637E+05
  0.3191666667E+00  0.9853581408E+05
  0.3194444444E+00  0.9833894280E+05
  0.3197222222E+00  0.9814207097E+05
  0.3200000000E+00  0.9794519968E+05
  0.3202777778E+00  0.9774197170E+05
  0.3205555556E+00  0.9753874371E+05
  0.3208333333E+00  0.9733551706E+05
  0.3211111111E+00  0.9713228896E+05
  0.3213888889E+00  0.9692906197E+05
  0.3216666667E+00  0.9672583398E+05
  0.3219444444E+00  0.9652260733E+05
  0.3222222222E+00  0.9631937934E+05
  0.3225000000E+00  0.9611615236E+05
  0.3227777778E+00  0.9591292427E+05
  0.3230555556E+00  0.9570969762E+05
  0.3233333333E+00  0.9550646963E+05
  0.3236111111E+00  0.9530324264E+05
  0.3238888889E+00  0.9510001466E+05
  0.3241666667E+00  0.9489678700E+05
  0.3244444444E+00  0.9469356002E+05
  0.3247222222E+00  0.9449033192E+05
  0.3250000000E+00  0.9428710493E+05
  0.3252777778E+00  0.9408236499E+05
  0.3255555556E+00  0.9387762494E+05
  0.3258333333E+00  0.9367288599E+05
  0.3261111111E+00  0.9346814595E+05
  0.3263888889E+00  0.9326340601E+05
  0.3266666667E+00  0.9305866696E+05
  0.3269444444E+00  0.9285392702E+05
  0.3272222222E+00  0.9264918696E+05
  0.3275000000E+00  0.9244444802E+05
  0.3277777778E+00  0.9223970797E+05
  0.3280555556E+00  0.9203496804E+05
  0.3283333333E+00  0.9183022898E+05
  0.3286111111E+00  0.9162548871E+05
  0.3288888889E+00  0.9142074866E+05
  0.3291666667E+00  0.9121600971E+05
  0.3294444444E+00  0.9101126967E+05
  0.3297222222E+00  0.9080652972E+05
  0.3300000000E+00  0.9060179067E+05
  0.3302777778E+00  0.9040075484E+05
  0.3305555556E+00  0.9019972001E+05
  0.3308333333E+00  0.8999868563E+05
  0.3311111111E+00  0.8979765080E+05
  0.3313888889E+00  0.8959661597E+05
  0.3316666667E+00  0.8939558114E+05
  0.3319444444E+00  0.8919454631E+05
  0.3322222222E+00  0.8899351160E+05
  0.3325000000E+00  0.8879247710E+05
  0.3327777778E+00  0.8859144227E+05
  0.3330555556E+00  0.8839040745E+05
  0.3333333333E+00  0.8818937261E+05
  0.3336111111E+00  0.8798833778E+05
  0.3338888889E+00  0.8778730207E+05
  0.3341666667E+00  0.8758626724E+05
  0.3344444444E+00  0.8738523274E+05
  0.3347222222E+00  0.8718419792E+05
  0.3350000000E+00  0.8698316308E+05
  0.3352777778E+00  0.8679128649E+05
  0.3355555556E+00  0.8659940923E+05
  0.3358333333E+00  0.8640753286E+05
  0.3361111111E+00  0.8621565627E+05
  0.3363888889E+00  0.8602377901E+05
  0.3366666667E+00  0.8583190231E+05
  0.3369444444E+00  0.8564002505E+05
  0.3372222222E+00  0.8544814835E+05
  0.3375000000E+00  0.8525627209E+05
  0.3377777778E+00  0.8506439450E+05
  0.3380555556E+00  0.8487251813E+05
  0.3383333333E+00  0.8468064087E+05
  0.3386111111E+00  0.8448876428E+05
  0.3388888889E+00  0.8429688791E+05
  0.3391666667E+00  0.8410501032E+05
  0.3394444444E+00  0.8391313394E+05
  0.3397222222E+00  0.8372125635E+05
  0.3400000000E+00  0.8352938009E+05
  0.3402777778E+00  0.8335190773E+05
  0.3405555556E+00  0.8317443446E+05
  0.3408333333E+00  0.8299696210E+05
  0.3411111111E+00  0.8281948984E+05
  0.3413888889E+00  0.8264201613E+05
  0.3416666667E+00  0.8246454387E+05
  0.3419444444E+00  0.8228707150E+05
  0.3422222222E+00  0.8210959824E+05
  0.3425000000E+00  0.8193212588E+05
  0.3427777778E+00  0.8175465251E+05
  0.3430555556E+00  0.8157718025E+05
  0.3433333333E+00  0.8139970787E+05
  0.3436111111E+00  0.8122223461E+05
  0.3438888889E+00  0.8104476224E+05
  0.3441666667E+00  0.8086728999E+05
  0.3444444444E+00  0.8068981629E+05
  0.3447222222E+00  0.8051234402E+05
  0.3450000000E+00  0.8033487165E+05
  0.3452777778E+00  0.8017656331E+05
  0.3455555556E+00  0.8001825587E+05
  0.3458333333E+00  0.7985994809E+05
  0.3461111111E+00  0.7970164075E+05
  0.3463888889E+00  0.7954333231E+05
  0.3466666667E+00  0.7938502453E+05
  0.3469444444E+00  0.7922671708E+05
  0.3472222222E+00  0.7906840941E+05
  0.3475000000E+00  0.7891010097E+05
  0.3477777778E+00  0.7875179352E+05
  0.3480555556E+00  0.7859348585E+05
  0.3483333333E+00  0.7843517841E+05
  0.3486111111E+00  0.7827686995E+05
  0.3488888889E+00  0.7811856228E+05
  0.3491666667E+00  0.7796025483E+05
  0.3494444444E+00  0.7780194639E+05
  0.3497222222E+00  0.7764363872E+05
  0.3500000000E+00  0.7748533127E+05
  0.3502777778E+00  0.7735021528E+05
  0.3505555556E+00  0.7721510039E+05
  0.3508333333E+00  0.7707998440E+05
  0.3511111111E+00  0.7694486950E+05
  0.3513888889E+00  0.7680975362E+05
  0.3516666667E+00  0.7667463896E+05
  0.3519444444E+00  0.7653952307E+05
  0.3522222222E+00  0.7640440807E+05
  0.3525000000E+00  0.7626929218E+05
  0.3527777778E+00  0.7613417719E+05
  0.3530555556E+00  0.7599906130E+05
  0.3533333333E+00  0.7586394530E+05
  0.3536111111E+00  0.7572883041E+05
  0.3538888889E+00  0.7559371486E+05
  0.3541666667E+00  0.7545859986E+05
  0.3544444444E+00  0.7532348398E+05
  0.3547222222E+00  0.7518836898E+05
  0.3550000000E+00  0.7505325310E+05
  0.3552777778E+00  0.7494442594E+05
  0.3555555556E+00  0.7483559756E+05
  0.3558333333E+00  0.7472676941E+05
  0.3561111111E+00  0.7461794225E+05
  0.3563888889E+00  0.7450911387E+05
  0.3566666667E+00  0.7440028572E+05
  0.3569444444E+00  0.7429145856E+05
  0.3572222222E+00  0.7418263019E+05
  0.3575000000E+00  0.7407380204E+05
  0.3577777778E+00  0.7396497499E+05
  0.3580555556E+00  0.7385614650E+05
  0.3583333333E+00  0.7374731835E+05
  0.3586111111E+00  0.7363849097E+05
  0.3588888889E+00  0.7352966281E+05
  0.3591666667E+00  0.7342083466E+05
  0.3594444444E+00  0.7331200729E+05
  0.3597222222E+00  0.7320317913E+05
  0.3600000000E+00  0.7309435109E+05
  0.3602777778E+00  0.7301382019E+05
  0.3605555556E+00  0.7293328786E+05
  0.3608333333E+00  0.7285275696E+05
  0.3611111111E+00  0.7277222507E+05
  0.3613888889E+00  0.7269169417E+05
  0.3616666667E+00  0.7261116229E+05
  0.3619444444E+00  0.7253063139E+05
  0.3622222222E+00  0.7245010050E+05
  0.3625000000E+00  0.7236956860E+05
  0.3627777778E+00  0.7228903771E+05
  0.3630555556E+00  0.7220850582E+05
  0.3633333333E+00  0.7212797493E+05
  0.3636111111E+00  0.7204744293E+05
  0.3638888889E+00  0.7196691170E+05
  0.3641666667E+00  0.7188637981E+05
  0.3644444444E+00  0.7180584891E+05
  0.3647222222E+00  0.7172531703E+05
  0.3650000000E+00  0.7164478613E+05
  0.3652777778E+00  0.7159342531E+05
  0.3655555556E+00  0.7154206547E+05
  0.3658333333E+00  0.7149070431E+05
  0.3661111111E+00  0.7143934347E+05
  0.3663888889E+00  0.7138798353E+05
  0.3666666667E+00  0.7133662270E+05
  0.3669444444E+00  0.7128526254E+05
  0.3672222222E+00  0.7123390170E+05
  0.3675000000E+00  0.7118254118E+05
  0.3677777778E+00  0.7113118031E+05
  0.3680555556E+00  0.7107981989E+05
  0.3683333333E+00  0.7102845945E+05
  0.3686111111E+00  0.7097709881E+05
  0.3688888889E+00  0.7092573804E+05
  0.3691666667E+00  0.7087437761E+05
  0.3694444444E+00  0.7082301708E+05
  0.3697222222E+00  0.7077165666E+05
  0.3700000000E+00  0.7072029580E+05
  0.3702777778E+00  0.7069778440E+05
  0.3705555556E+00  0.7067527291E+05
  0.3708333333E+00  0.7065276109E+05
  0.3711111111E+00  0.7063024960E+05
  0.3713888889E+00  0.7060773788E+05
  0.3716666667E+00  0.7058522639E+05
  0.3719444444E+00  0.7056271490E+05
  0.3722222222E+00  0.7054020308E+05
  0.3725000000E+00  0.7051769181E+05
  0.3727777778E+00  0.7049517998E+05
  0.3730555556E+00  0.7047266850E+05
  0.3733333333E+00  0.7045015701E+05
  0.3736111111E+00  0.7042764528E+05
  0.3738888889E+00  0.7040513379E+05
  0.3741666667E+00  0.7038262230E+05
  0.3744444444E+00  0.7036011048E+05
  0.3747222222E+00  0.7033759910E+05
  0.3750000000E+00  0.7031508727E+05
  0.3752777778E+00  0.7032002135E+05
  0.3755555556E+00  0.7032495541E+05
  0.3758333333E+00  0.7032988970E+05
  0.3761111111E+00  0.7033482378E+05
  0.3763888889E+00  0.7033975784E+05
  0.3766666667E+00  0.7034469181E+05
  0.3769444444E+00  0.7034962599E+05
  0.3772222222E+00  0.7035455995E+05
  0.3775000000E+00  0.7035949391E+05
  0.3777777778E+00  0.7036442809E+05
  0.3780555556E+00  0.7036936205E+05
  0.3783333333E+00  0.7037429611E+05
  0.3786111111E+00  0.7037923018E+05
  0.3788888889E+00  0.7038416414E+05
  0.3791666667E+00  0.7038909820E+05
  0.3794444444E+00  0.7039403228E+05
  0.3797222222E+00  0.7039896634E+05
  0.3800000000E+00  0.7040390030E+05
  0.3802777778E+00  0.7043377731E+05
  0.3805555556E+00  0.7046365420E+05
  0.3808333333E+00  0.7049353131E+05
  0.3811111111E+00  0.7052340864E+05
  0.3813888889E+00  0.7055328553E+05
  0.3816666667E+00  0.7058316254E+05
  0.3819444444E+00  0.7061303943E+05
  0.3822222222E+00  0.7064291654E+05
  0.3825000000E+00  0.7067279354E+05
  0.3827777778E+00  0.7070267042E+05
  0.3830555556E+00  0.7073254744E+05
  0.3833333333E+00  0.7076242477E+05
  0.3836111111E+00  0.7079230167E+05
  0.3838888889E+00  0.7082217877E+05
  0.3841666667E+00  0.7085205565E+05
  0.3844444444E+00  0.7088193266E+05
  0.3847222222E+00  0.7091180966E+05
  0.3850000000E+00  0.7094168655E+05
  0.3852777778E+00  0.7099322037E+05
  0.3855555556E+00  0.7104475375E+05
  0.3858333333E+00  0.7109628713E+05
  0.3861111111E+00  0.7114782085E+05
  0.3863888889E+00  0.7119935433E+05
  0.3866666667E+00  0.7125088760E+05
  0.3869444444E+00  0.7130242132E+05
  0.3872222222E+00  0.7135395470E+05
  0.3875000000E+00  0.7140548817E+05
  0.3877777778E+00  0.7145702189E+05
  0.3880555556E+00  0.7150855527E+05
  0.3883333333E+00  0.7156008865E+05
  0.3886111111E+00  0.7161162236E+05
  0.3888888889E+00  0.7166315573E+05
  0.3891666667E+00  0.7171468912E+05
  0.3894444444E+00  0.7176622284E+05
  0.3897222222E+00  0.7181775631E+05
  0.3900000000E+00  0.7186929003E+05
  0.3902777778E+00  0.7193836154E+05
  0.3905555556E+00  0.7200743294E+05
  0.3908333333E+00  0.7207650444E+05
  0.3911111111E+00  0.7214557594E+05
  0.3913888889E+00  0.7221464744E+05
  0.3916666667E+00  0.7228371917E+05
  0.3919444444E+00  0.7235279057E+05
  0.3922222222E+00  0.7242186207E+05
  0.3925000000E+00  0.7249093357E+05
  0.3927777778E+00  0.7256000508E+05
  0.3930555556E+00  0.7262907658E+05
  0.3933333333E+00  0.7269814832E+05
  0.3936111111E+00  0.7276721982E+05
  0.3938888889E+00  0.7283629132E+05
  0.3941666667E+00  0.7290536282E+05
  0.3944444444E+00  0.7297443432E+05
  0.3947222222E+00  0.7304350573E+05
  0.3950000000E+00  0.7311257755E+05
  0.3952777778E+00  0.7319465843E+05
  0.3955555556E+00  0.7327673931E+05
  0.3958333333E+00  0.7335882020E+05
  0.3961111111E+00  0.7344090108E+05
  0.3963888889E+00  0.7352298239E+05
  0.3966666667E+00  0.7360506316E+05
  0.3969444444E+00  0.7368714404E+05
  0.3972222222E+00  0.7376922492E+05
  0.3975000000E+00  0.7385130581E+05
  0.3977777778E+00  0.7393338669E+05
  0.3980555556E+00  0.7401546790E+05
  0.3983333333E+00  0.7409754878E+05
  0.3986111111E+00  0.7417962966E+05
  0.3988888889E+00  0.7426171054E+05
  0.3991666667E+00  0.7434379143E+05
  0.3994444444E+00  0.7442587241E+05
  0.3997222222E+00  0.7450795363E+05
  0.4000000000E+00  0.7459003451E+05
  0.4002777778E+00  0.7468025976E+05
  0.4005555556E+00  0.7477048501E+05
  0.4008333333E+00  0.7486071015E+05
  0.4011111111E+00  0.7495093571E+05
  0.4013888889E+00  0.7504116066E+05
  0.4016666667E+00  0.7513138562E+05
  0.4019444444E+00  0.7522161124E+05
  0.4022222222E+00  0.7531183619E+05
  0.4025000000E+00  0.7540206114E+05
  0.4027777778E+00  0.7549228611E+05
  0.4030555556E+00  0.7558251206E+05
  0.4033333333E+00  0.7567273701E+05
  0.4036111111E+00  0.7576296197E+05
  0.4038888889E+00  0.7585318792E+05
  0.4041666667E+00  0.7594341287E+05
  0.4044444444E+00  0.7603363783E+05
  0.4047222222E+00  0.7612386378E+05
  0.4050000000E+00  0.7621408874E+05
  0.4052777778E+00  0.7630755129E+05
  0.4055555556E+00  0.7640101385E+05
  0.4058333333E+00  0.7649447775E+05
  0.4061111111E+00  0.7658794030E+05
  0.4063888889E+00  0.7668140286E+05
  0.4066666667E+00  0.7677486542E+05
  0.4069444444E+00  0.7686832931E+05
  0.4072222222E+00  0.7696179186E+05
  0.4075000000E+00  0.7705525442E+05
  0.4077777778E+00  0.7714871731E+05
  0.4080555556E+00  0.7724218086E+05
  0.4083333333E+00  0.7733564343E+05
  0.4086111111E+00  0.7742910599E+05
  0.4088888889E+00  0.7752256888E+05
  0.4091666667E+00  0.7761603243E+05
  0.4094444444E+00  0.7770949499E+05
  0.4097222222E+00  0.7780295788E+05
  0.4100000000E+00  0.7789642043E+05
  0.4102777778E+00  0.7798838384E+05
  0.4105555556E+00  0.7808034824E+05
  0.4108333333E+00  0.7817231163E+05
  0.4111111111E+00  0.7826427514E+05
  0.4113888889E+00  0.7835623854E+05
  0.4116666667E+00  0.7844820228E+05
  0.4119444444E+00  0.7854016578E+05
  0.4122222222E+00  0.7863213018E+05
  0.4125000000E+00  0.7872409357E+05
  0.4127777778E+00  0.7881605709E+05
  0.4130555556E+00  0.7890802048E+05
  0.4133333333E+00  0.7899998388E+05
  0.4136111111E+00  0.7909194727E+05
  0.4138888889E+00  0.7918391211E+05
  0.4141666667E+00  0.7927587552E+05
  0.4144444444E+00  0.7936783892E+05
  0.4147222222E+00  0.7945980242E+05
  0.4150000000E+00  0.7955176582E+05
  0.4152777778E+00  0.7963783114E+05
  0.4155555556E+00  0.7972389657E+05
  0.4158333333E+00  0.7980996222E+05
  0.4161111111E+00  0.7989602765E+05
  0.4163888889E+00  0.7998209297E+05
  0.4166666667E+00  0.8006815841E+05
  0.4169444444E+00  0.8015422372E+05
  0.4172222222E+00  0.8024028948E+05
  0.4175000000E+00  0.8032635481E+05
  0.4177777778E+00  0.8041242023E+05
  0.4180555556E+00  0.8049848554E+05
  0.4183333333E+00  0.8058454998E+05
  0.4186111111E+00  0.8067061530E+05
  0.4188888889E+00  0.8075668106E+05
  0.4191666667E+00  0.8084274638E+05
  0.4194444444E+00  0.8092881181E+05
  0.4197222222E+00  0.8101487713E+05
  0.4200000000E+00  0.8110094256E+05
  0.4202777778E+00  0.8117727450E+05
  0.4205555556E+00  0.8125360513E+05
  0.4208333333E+00  0.8132993608E+05
  0.4211111111E+00  0.8140626769E+05
  0.4213888889E+00  0.8148259864E+05
  0.4216666667E+00  0.8155893026E+05
  0.4219444444E+00  0.8163526121E+05
  0.4222222222E+00  0.8171159282E+05
  0.4225000000E+00  0.8178792345E+05
  0.4227777778E+00  0.8186425540E+05
  0.4230555556E+00  0.8194058612E+05
  0.4233333333E+00  0.8201691708E+05
  0.4236111111E+00  0.8209324870E+05
  0.4238888889E+00  0.8216957965E+05
  0.4241666667E+00  0.8224591126E+05
  0.4244444444E+00  0.8232224222E+05
  0.4247222222E+00  0.8239857383E+05
  0.4250000000E+00  0.8247490478E+05
  0.4252777778E+00  0.8253834269E+05
  0.4255555556E+00  0.8260177981E+05
  0.4258333333E+00  0.8266521806E+05
  0.4261111111E+00  0.8272865495E+05
  0.4263888889E+00  0.8279209308E+05
  0.4266666667E+00  0.8285552998E+05
  0.4269444444E+00  0.8291896822E+05
  0.4272222222E+00  0.8298240535E+05
  0.4275000000E+00  0.8304584225E+05
  0.4277777778E+00  0.8310928038E+05
  0.4280555556E+00  0.8317271762E+05
  0.4283333333E+00  0.8323615552E+05
  0.4286111111E+00  0.8329959265E+05
  0.4288888889E+00  0.8336303088E+05
  0.4291666667E+00  0.8342646779E+05
  0.4294444444E+00  0.8348990591E+05
  0.4297222222E+00  0.8355334315E+05
  0.4300000000E+00  0.8361678106E+05
  0.4302777778E+00  0.8366495861E+05
  0.4305555556E+00  0.8371313727E+05
  0.4308333333E+00  0.8376131459E+05
  0.4311111111E+00  0.8380949326E+05
  0.4313888889E+00  0.8385767092E+05
  0.4316666667E+00  0.8390584925E+05
  0.4319444444E+00  0.8395402691E+05
  0.4322222222E+00  0.8400220557E+05
  0.4325000000E+00  0.8405038279E+05
  0.4327777778E+00  0.8409856145E+05
  0.4330555556E+00  0.8414673912E+05
  0.4333333333E+00  0.8419491777E+05
  0.4336111111E+00  0.8424309510E+05
  0.4338888889E+00  0.8429127376E+05
  0.4341666667E+00  0.8433945143E+05
  0.4344444444E+00  0.8438762976E+05
  0.4347222222E+00  0.8443580730E+05
  0.4350000000E+00  0.8448398596E+05
  0.4352777778E+00  0.8451538800E+05
  0.4355555556E+00  0.8454679037E+05
  0.4358333333E+00  0.8457819263E+05
  0.4361111111E+00  0.8460959600E+05
  0.4363888889E+00  0.8464099837E+05
  0.4366666667E+00  0.8467240061E+05
  0.4369444444E+00  0.8470380265E+05
  0.4372222222E+00  0.8473520502E+05
  0.4375000000E+00  0.8476660828E+05
  0.4377777778E+00  0.8479801065E+05
  0.4380555556E+00  0.8482941302E+05
  0.4383333333E+00  0.8486081495E+05
  0.4386111111E+00  0.8489221731E+05
  0.4388888889E+00  0.8492362068E+05
  0.4391666667E+00  0.8495502293E+05
  0.4394444444E+00  0.8498642531E+05
  0.4397222222E+00  0.8501782768E+05
  0.4400000000E+00  0.8504922960E+05
  0.4402777778E+00  0.8506323461E+05
  0.4405555556E+00  0.8507723962E+05
  0.4408333333E+00  0.8509124465E+05
  0.4411111111E+00  0.8510524966E+05
  0.4413888889E+00  0.8511925457E+05
  0.4416666667E+00  0.8513325958E+05
  0.4419444444E+00  0.8514726359E+05
  0.4422222222E+00  0.8516126861E+05
  0.4425000000E+00  0.8517527363E+05
  0.4427777778E+00  0.8518927831E+05
  0.4430555556E+00  0.8520328333E+05
  0.4433333333E+00  0.8521728822E+05
  0.4436111111E+00  0.8523129325E+05
  0.4438888889E+00  0.8524529826E+05
  0.4441666667E+00  0.8525930227E+05
  0.4444444444E+00  0.8527330729E+05
  0.4447222222E+00  0.8528731230E+05
  0.4450000000E+00  0.8530131732E+05
  0.4452777778E+00  0.8529810725E+05
  0.4455555556E+00  0.8529489585E+05
  0.4458333333E+00  0.8529168577E+05
  0.4461111111E+00  0.8528847470E+05
  0.4463888889E+00  0.8528526463E+05
  0.4466666667E+00  0.8528205356E+05
  0.4469444444E+00  0.8527884360E+05
  0.4472222222E+00  0.8527563253E+05
  0.4475000000E+00  0.8527242246E+05
  0.4477777778E+00  0.8526921138E+05
  0.4480555556E+00  0.8526600098E+05
  0.4483333333E+00  0.8526278991E+05
  0.4486111111E+00  0.8525957995E+05
  0.4488888889E+00  0.8525636889E+05
  0.4491666667E+00  0.8525315881E+05
  0.4494444444E+00  0.8524994874E+05
  0.4497222222E+00  0.8524673766E+05
  0.4500000000E+00  0.8524352760E+05
  0.4502777778E+00  0.8522408232E+05
  0.4505555556E+00  0.8520463693E+05
  0.4508333333E+00  0.8518519154E+05
  0.4511111111E+00  0.8516574727E+05
  0.4513888889E+00  0.8514630187E+05
  0.4516666667E+00  0.8512685660E+05
  0.4519444444E+00  0.8510741221E+05
  0.4522222222E+00  0.8508796683E+05
  0.4525000000E+00  0.8506852154E+05
  0.4527777778E+00  0.8504907716E+05
  0.4530555556E+00  0.8502963143E+05
  0.4533333333E+00  0.8501018616E+05
  0.4536111111E+00  0.8499074077E+05
  0.4538888889E+00  0.8497129639E+05
  0.4541666667E+00  0.8495185112E+05
  0.4544444444E+00  0.8493240572E+05
  0.4547222222E+00  0.8491296145E+05
  0.4550000000E+00  0.8489351606E+05
  0.4552777778E+00  0.8485951928E+05
  0.4555555556E+00  0.8482552362E+05
  0.4558333333E+00  0.8479152784E+05
  0.4561111111E+00  0.8475753084E+05
  0.4563888889E+00  0.8472353506E+05
  0.4566666667E+00  0.8468953839E+05
  0.4569444444E+00  0.8465554228E+05
  0.4572222222E+00  0.8462154661E+05
  0.4575000000E+00  0.8458754984E+05
  0.4577777778E+00  0.8455355384E+05
  0.4580555556E+00  0.8451955706E+05
  0.4583333333E+00  0.8448556128E+05
  0.4586111111E+00  0.8445156562E+05
  0.4588888889E+00  0.8441756851E+05
  0.4591666667E+00  0.8438357284E+05
  0.4594444444E+00  0.8434957605E+05
  0.4597222222E+00  0.8431558005E+05
  0.4600000000E+00  0.8428158428E+05
  0.4602777778E+00  0.8423525585E+05
  0.4605555556E+00  0.8418892720E+05
  0.4608333333E+00  0.8414259877E+05
  0.4611111111E+00  0.8409627034E+05
  0.4613888889E+00  0.8404994158E+05
  0.4616666667E+00  0.8400361315E+05
  0.4619444444E+00  0.8395728439E+05
  0.4622222222E+00  0.8391095708E+05
  0.4625000000E+00  0.8386462831E+05
  0.4627777778E+00  0.8381829988E+05
  0.4630555556E+00  0.8377197146E+05
  0.4633333333E+00  0.8372564270E+05
  0.4636111111E+00  0.8367931426E+05
  0.4638888889E+00  0.8363298561E+05
  0.4641666667E+00  0.8358665819E+05
  0.4644444444E+00  0.8354032976E+05
  0.4647222222E+00  0.8349400099E+05
  0.4650000000E+00  0.8344767256E+05
  0.4652777778E+00  0.8339163732E+05
  0.4655555556E+00  0.8333560206E+05
  0.4658333333E+00  0.8327956814E+05
  0.4661111111E+00  0.8322353288E+05
  0.4663888889E+00  0.8316749752E+05
  0.4666666667E+00  0.8311146259E+05
  0.4669444444E+00  0.8305542834E+05
  0.4672222222E+00  0.8299939309E+05
  0.4675000000E+00  0.8294335783E+05
  0.4677777778E+00  0.8288732291E+05
  0.4680555556E+00  0.8283128855E+05
  0.4683333333E+00  0.8277525330E+05
  0.4686111111E+00  0.8271921837E+05
  0.4688888889E+00  0.8266318312E+05
  0.4691666667E+00  0.8260714887E+05
  0.4694444444E+00  0.8255111394E+05
  0.4697222222E+00  0.8249507858E+05
  0.4700000000E+00  0.8243904333E+05
  0.4702777778E+00  0.8237618226E+05
  0.4705555556E+00  0.8231332020E+05
  0.4708333333E+00  0.8225045779E+05
  0.4711111111E+00  0.8218759573E+05
  0.4713888889E+00  0.8212473366E+05
  0.4716666667E+00  0.8206187226E+05
  0.4719444444E+00  0.8199901020E+05
  0.4722222222E+00  0.8193614780E+05
  0.4725000000E+00  0.8187328574E+05
  0.4727777778E+00  0.8181042367E+05
  0.4730555556E+00  0.8174756227E+05
  0.4733333333E+00  0.8168470021E+05
  0.4736111111E+00  0.8162183814E+05
  0.4738888889E+00  0.8155897575E+05
  0.4741666667E+00  0.8149611357E+05
  0.4744444444E+00  0.8143325150E+05
  0.4747222222E+00  0.8137039010E+05
  0.4750000000E+00  0.8130752803E+05
  0.4752777778E+00  0.8124080655E+05
  0.4755555556E+00  0.8117408506E+05
  0.4758333333E+00  0.8110736345E+05
  0.4761111111E+00  0.8104064297E+05
  0.4763888889E+00  0.8097392147E+05
  0.4766666667E+00  0.8090719999E+05
  0.4769444444E+00  0.8084047838E+05
  0.4772222222E+00  0.8077375689E+05
  0.4775000000E+00  0.8070703541E+05
  0.4777777778E+00  0.8064031491E+05
  0.4780555556E+00  0.8057359331E+05
  0.4783333333E+00  0.8050687182E+05
  0.4786111111E+00  0.8044015033E+05
  0.4788888889E+00  0.8037342873E+05
  0.4791666667E+00  0.8030670824E+05
  0.4794444444E+00  0.8023998641E+05
  0.4797222222E+00  0.8017326493E+05
  0.4800000000E+00  0.8010654342E+05
  0.4802777778E+00  0.8003884410E+05
  0.4805555556E+00  0.7997114466E+05
  0.4808333333E+00  0.7990344489E+05
  0.4811111111E+00  0.7983574557E+05
  0.4813888889E+00  0.7976804579E+05
  0.4816666667E+00  0.7970034636E+05
  0.4819444444E+00  0.7963264669E+05
  0.4822222222E+00  0.7956494736E+05
  0.4825000000E+00  0.7949724770E+05
  0.4827777778E+00  0.7942954827E+05
  0.4830555556E+00  0.7936184882E+05
  0.4833333333E+00  0.7929414917E+05
  0.4836111111E+00  0.7922644973E+05
  0.4838888889E+00  0.7915874996E+05
  0.4841666667E+00  0.7909105063E+05
  0.4844444444E+00  0.7902335087E+05
  0.4847222222E+00  0.7895565142E+05
  0.4850000000E+00  0.7888795211E+05
  0.4852777778E+00  0.7882196492E+05
  0.4855555556E+00  0.7875597783E+05
  0.4858333333E+00  0.7868999076E+05
  0.4861111111E+00  0.7862400357E+05
  0.4863888889E+00  0.7855801640E+05
  0.4866666667E+00  0.7849202942E+05
  0.4869444444E+00  0.7842604257E+05
  0.4872222222E+00  0.7836005550E+05
  0.4875000000E+00  0.7829406831E+05
  0.4877777778E+00  0.7822808123E+05
  0.4880555556E+00  0.7816209416E+05
  0.4883333333E+00  0.7809610698E+05
  0.4886111111E+00  0.7803012012E+05
  0.4888888889E+00  0.7796413315E+05
  0.4891666667E+00  0.7789814597E+05
  0.4894444444E+00  0.7783215878E+05
  0.4897222222E+00  0.7776617182E+05
  0.4900000000E+00  0.7770018463E+05
  0.4902777778E+00  0.7763826248E+05
  0.4905555556E+00  0.7757634044E+05
  0.4908333333E+00  0.7751441829E+05
  0.4911111111E+00  0.7745249615E+05
  0.4913888889E+00  0.7739057409E+05
  0.4916666667E+00  0.7732865196E+05
  0.4919444444E+00  0.7726672980E+05
  0.4922222222E+00  0.7720480776E+05
  0.4925000000E+00  0.7714288562E+05
  0.4927777778E+00  0.7708096357E+05
  0.4930555556E+00  0.7701904143E+05
  0.4933333333E+00  0.7695711928E+05
  0.4936111111E+00  0.7689519724E+05
  0.4938888889E+00  0.7683327509E+05
  0.4941666667E+00  0.7677135295E+05
  0.4944444444E+00  0.7670943123E+05
  0.4947222222E+00  0.7664750909E+05
  0.4950000000E+00  0.7658558704E+05
