  0.1027777778E-01  0.2258600048E+08
  0.1055555556E-01  0.2255666061E+08
  0.1083333333E-01  0.2252732040E+08
  0.1111111111E-01  0.2249798051E+08
  0.1138888889E-01  0.2246864064E+08
  0.1166666667E-01  0.2243930041E+08
  0.1194444444E-01  0.2240996054E+08
  0.1222222222E-01  0.2238062065E+08
  0.1250000000E-01  0.2235128044E+08
  0.1277777778E-01  0.2232194046E+08
  0.1305555556E-01  0.2229260025E+08
  0.1333333333E-01  0.2226326036E+08
  0.1361111111E-01  0.2223392048E+08
  0.1388888889E-01  0.2220458027E+08
  0.1416666667E-01  0.2217524039E+08
  0.1444444444E-01  0.2214590017E+08
  0.1472222222E-01  0.2211656030E+08
  0.1500000000E-01  0.2208722041E+08
  0.1527777778E-01  0.2204728552E+08
  0.1555555556E-01  0.2200735075E+08
  0.1583333333E-01  0.2196741606E+08
  0.1611111111E-01  0.2192748117E+08
  0.1638888889E-01  0.2188754649E+08
  0.1666666667E-01  0.2184761171E+08
  0.1694444444E-01  0.2180767682E+08
  0.1722222222E-01  0.2176774214E+08
  0.1750000000E-01  0.2172780736E+08
  0.1777777778E-01  0.2168787256E+08
  0.1805555556E-01  0.2164793778E+08
  0.1833333333E-01  0.2160800300E+08
  0.1861111111E-01  0.2156806832E+08
  0.1888888889E-01  0.2152813343E+08
  0.1916666667E-01  0.2148819875E+08
  0.1944444444E-01  0.2144826396E+08
  0.1972222222E-01  0.2140832907E+08
  0.2000000000E-01  0.2136839439E+08
  0.2027777778E-01  0.2131893079E+08
  0.2055555556E-01  0.2126946707E+08
  0.2083333333E-01  0.2122000324E+08
  0.2111111111E-01  0.2117053943E+08
  0.2138888889E-01  0.2112107571E+08
  0.2166666667E-01  0.2107161222E+08
  0.2194444444E-01  0.2102214839E+08
  0.2222222222E-01  0.2097268456E+08
  0.2250000000E-01  0.2092322084E+08
  0.2277777778E-01  0.2087375692E+08
  0.2305555556E-01  0.2082429320E+08
  0.2333333333E-01  0.2077482971E+08
  0.2361111111E-01  0.2072536588E+08
  0.2388888889E-01  0.2067590205E+08
  0.2416666667E-01  0.2062643833E+08
  0.2444444444E-01  0.2057697441E+08
  0.2472222222E-01  0.2052751102E+08
  0.2500000000E-01  0.2047804719E+08
  0.2527777778E-01  0.2042036052E+08
  0.2555555556E-01  0.2036267428E+08
  0.2583333333E-01  0.2030498762E+08
  0.2611111111E-01  0.2024730093E+08
  0.2638888889E-01  0.2018961469E+08
  0.2666666667E-01  0.2013192803E+08
  0.2694444444E-01  0.2007424178E+08
  0.2722222222E-01  0.2001655510E+08
  0.2750000000E-01  0.1995886843E+08
  0.2777777778E-01  0.1990118219E+08
  0.2805555556E-01  0.1984349562E+08
  0.2833333333E-01  0.1978580884E+08
  0.2861111111E-01  0.1972812260E+08
  0.2888888889E-01  0.1967043594E+08
  0.2916666667E-01  0.1961274969E+08
  0.2944444444E-01  0.1955506301E+08
  0.2972222222E-01  0.1949737635E+08
  0.3000000000E-01  0.1943969010E+08
  0.3027777778E-01  0.1937527051E+08
  0.3055555556E-01  0.1931085091E+08
  0.3083333333E-01  0.1924643132E+08
  0.3111111111E-01  0.1918201173E+08
  0.3138888889E-01  0.1911759225E+08
  0.3166666667E-01  0.1905317275E+08
  0.3194444444E-01  0.1898875316E+08
  0.3222222222E-01  0.1892433356E+08
  0.3250000000E-01  0.1885991397E+08
  0.3277777778E-01  0.1879549437E+08
  0.3305555556E-01  0.1873107478E+08
  0.3333333333E-01  0.1866665518E+08
  0.3361111111E-01  0.1860223559E+08
  0.3388888889E-01  0.1853781600E+08
  0.3416666667E-01  0.1847339653E+08
  0.3444444444E-01  0.1840897693E+08
  0.3472222222E-01  0.1834455744E+08
  0.3500000000E-01  0.1828013784E+08
  0.3527777778E-01  0.1821057485E+08
  0.3555555556E-01  0.1814101197E+08
  0.3583333333E-01  0.1807144898E+08
  0.3611111111E-01  0.1800188565E+08
  0.3638888889E-01  0.1793232267E+08
  0.3666666667E-01  0.1786275980E+08
  0.3694444444E-01  0.1779319680E+08
  0.3722222222E-01  0.1772363348E+08
  0.3750000000E-01  0.1765407060E+08
  0.3777777778E-01  0.1758450762E+08
  0.3805555556E-01  0.1751494462E+08
  0.3833333333E-01  0.1744538141E+08
  0.3861111111E-01  0.1737581842E+08
  0.3888888889E-01  0.1730625542E+08
  0.3916666667E-01  0.1723669244E+08
  0.3944444444E-01  0.1716712957E+08
  0.3972222222E-01  0.1709756624E+08
  0.4000000000E-01  0.1702800325E+08
  0.4027777778E-01  0.1695495554E+08
  0.4055555556E-01  0.1688190740E+08
  0.4083333333E-01  0.1680885969E+08
  0.4111111111E-01  0.1673581199E+08
  0.4138888889E-01  0.1666276396E+08
  0.4166666667E-01  0.1658971614E+08
  0.4194444444E-01  0.1651666843E+08
  0.4222222222E-01  0.1644362039E+08
  0.4250000000E-01  0.1637057258E+08
  0.4277777778E-01  0.1629752488E+08
  0.4305555556E-01  0.1622447684E+08
  0.4333333333E-01  0.1615142914E+08
  0.4361111111E-01  0.1607838133E+08
  0.4388888889E-01  0.1600533339E+08
  0.4416666667E-01  0.1593228558E+08
  0.4444444444E-01  0.1585923776E+08
  0.4472222222E-01  0.1578618973E+08
  0.4500000000E-01  0.1571314202E+08
  0.4527777778E-01  0.1563825819E+08
  0.4555555556E-01  0.1556337404E+08
  0.4583333333E-01  0.1548849022E+08
  0.4611111111E-01  0.1541360639E+08
  0.4638888889E-01  0.1533872223E+08
  0.4666666667E-01  0.1526383841E+08
  0.4694444444E-01  0.1518895435E+08
  0.4722222222E-01  0.1511407053E+08
  0.4750000000E-01  0.1503918660E+08
  0.4777777778E-01  0.1496430245E+08
  0.4805555556E-01  0.1488941873E+08
  0.4833333333E-01  0.1481453491E+08
  0.4861111111E-01  0.1473965075E+08
  0.4888888889E-01  0.1466476682E+08
  0.4916666667E-01  0.1458988310E+08
  0.4944444444E-01  0.1451499894E+08
  0.4972222222E-01  0.1444011512E+08
  0.5000000000E-01  0.1436523140E+08
  0.5027777778E-01  0.1429009524E+08
  0.5055555556E-01  0.1421495930E+08
  0.5083333333E-01  0.1413982335E+08
  0.5111111111E-01  0.1406468719E+08
  0.5138888889E-01  0.1398955125E+08
  0.5166666667E-01  0.1391441519E+08
  0.5194444444E-01  0.1383927915E+08
  0.5222222222E-01  0.1376414354E+08
  0.5250000000E-01  0.1368900748E+08
  0.5277777778E-01  0.1361387154E+08
  0.5305555556E-01  0.1353873549E+08
  0.5333333333E-01  0.1346359943E+08
  0.5361111111E-01  0.1338846349E+08
  0.5388888889E-01  0.1331332744E+08
  0.5416666667E-01  0.1323819138E+08
  0.5444444444E-01  0.1316305544E+08
  0.5472222222E-01  0.1308791983E+08
  0.5500000000E-01  0.1301278367E+08
  0.5527777778E-01  0.1293886105E+08
  0.5555555556E-01  0.1286493831E+08
  0.5583333333E-01  0.1279101569E+08
  0.5611111111E-01  0.1271709307E+08
  0.5638888889E-01  0.1264317056E+08
  0.5666666667E-01  0.1256924791E+08
  0.5694444444E-01  0.1249532522E+08
  0.5722222222E-01  0.1242140278E+08
  0.5750000000E-01  0.1234748009E+08
  0.5777777778E-01  0.1227355744E+08
  0.5805555556E-01  0.1219963490E+08
  0.5833333333E-01  0.1212571221E+08
  0.5861111111E-01  0.1205178956E+08
  0.5888888889E-01  0.1197786708E+08
  0.5916666667E-01  0.1190394443E+08
  0.5944444444E-01  0.1183002177E+08
  0.5972222222E-01  0.1175609920E+08
  0.6000000000E-01  0.1168217654E+08
  0.6027777778E-01  0.1161077574E+08
  0.6055555556E-01  0.1153937508E+08
  0.6083333333E-01  0.1146797421E+08
  0.6111111111E-01  0.1139657351E+08
  0.6138888889E-01  0.1132517274E+08
  0.6166666667E-01  0.1125377187E+08
  0.6194444444E-01  0.1118237118E+08
  0.6222222222E-01  0.1111097031E+08
  0.6250000000E-01  0.1103956965E+08
  0.6277777778E-01  0.1096816884E+08
  0.6305555556E-01  0.1089676808E+08
  0.6333333333E-01  0.1082536731E+08
  0.6361111111E-01  0.1075396651E+08
  0.6388888889E-01  0.1068256574E+08
  0.6416666667E-01  0.1061116501E+08
  0.6444444444E-01  0.1053976425E+08
  0.6472222222E-01  0.1046836343E+08
  0.6500000000E-01  0.1039696270E+08
  0.6527777778E-01  0.1032919312E+08
  0.6555555556E-01  0.1026142358E+08
  0.6583333333E-01  0.1019365410E+08
  0.6611111111E-01  0.1012588455E+08
  0.6638888889E-01  0.1005811497E+08
  0.6666666667E-01  0.9990345389E+07
  0.6694444444E-01  0.9922575843E+07
  0.6722222222E-01  0.9854806362E+07
  0.6750000000E-01  0.9787036815E+07
  0.6777777778E-01  0.9719267235E+07
  0.6805555556E-01  0.9651497699E+07
  0.6833333333E-01  0.9583728219E+07
  0.6861111111E-01  0.9515958671E+07
  0.6888888889E-01  0.9448189092E+07
  0.6916666667E-01  0.9380419548E+07
  0.6944444444E-01  0.9312649968E+07
  0.6972222222E-01  0.9244880487E+07
  0.7000000000E-01  0.9177110940E+07
  0.7027777778E-01  0.9113864292E+07
  0.7055555556E-01  0.9050617548E+07
  0.7083333333E-01  0.8987370901E+07
  0.7111111111E-01  0.8924124257E+07
  0.7138888889E-01  0.8860877542E+07
  0.7166666667E-01  0.8797630898E+07
  0.7194444444E-01  0.8734384250E+07
  0.7222222222E-01  0.8671137506E+07
  0.7250000000E-01  0.8607890869E+07
  0.7277777778E-01  0.8544644225E+07
  0.7305555556E-01  0.8481397477E+07
  0.7333333333E-01  0.8418150833E+07
  0.7361111111E-01  0.8354904218E+07
  0.7388888889E-01  0.8291657474E+07
  0.7416666667E-01  0.8228410826E+07
  0.7444444444E-01  0.8165164182E+07
  0.7472222222E-01  0.8101917534E+07
  0.7500000000E-01  0.8038670790E+07
  0.7527777778E-01  0.7980604023E+07
  0.7555555556E-01  0.7922537137E+07
  0.7583333333E-01  0.7864470337E+07
  0.7611111111E-01  0.7806403540E+07
  0.7638888889E-01  0.7748336687E+07
  0.7666666667E-01  0.7690269887E+07
  0.7694444444E-01  0.7632202989E+07
  0.7722222222E-01  0.7574136202E+07
  0.7750000000E-01  0.7516069437E+07
  0.7777777778E-01  0.7458002538E+07
  0.7805555556E-01  0.7399935740E+07
  0.7833333333E-01  0.7341868952E+07
  0.7861111111E-01  0.7283802087E+07
  0.7888888889E-01  0.7225735289E+07
  0.7916666667E-01  0.7167668402E+07
  0.7944444444E-01  0.7109601604E+07
  0.7972222222E-01  0.7051534839E+07
  0.8000000000E-01  0.6993467952E+07
  0.8027777778E-01  0.6941006915E+07
  0.8055555556E-01  0.6888545790E+07
  0.8083333333E-01  0.6836084664E+07
  0.8111111111E-01  0.6783623639E+07
  0.8138888889E-01  0.6731162502E+07
  0.8166666667E-01  0.6678701445E+07
  0.8194444444E-01  0.6626240319E+07
  0.8222222222E-01  0.6573779294E+07
  0.8250000000E-01  0.6521318157E+07
  0.8277777778E-01  0.6468857032E+07
  0.8305555556E-01  0.6416396007E+07
  0.8333333333E-01  0.6363934871E+07
  0.8361111111E-01  0.6311473845E+07
  0.8388888889E-01  0.6259012720E+07
  0.8416666667E-01  0.6206551594E+07
  0.8444444444E-01  0.6154090558E+07
  0.8472222222E-01  0.6101629433E+07
  0.8500000000E-01  0.6049168408E+07
  0.8527777778E-01  0.6002511900E+07
  0.8555555556E-01  0.5955855515E+07
  0.8583333333E-01  0.5909199008E+07
  0.8611111111E-01  0.5862542634E+07
  0.8638888889E-01  0.5815886215E+07
  0.8666666667E-01  0.5769229741E+07
  0.8694444444E-01  0.5722573334E+07
  0.8722222222E-01  0.5675916849E+07
  0.8750000000E-01  0.5629260441E+07
  0.8777777778E-01  0.5582604067E+07
  0.8805555556E-01  0.5535947549E+07
  0.8833333333E-01  0.5489291145E+07
  0.8861111111E-01  0.5442634697E+07
  0.8888888889E-01  0.5395978239E+07
  0.8916666667E-01  0.5349321825E+07
  0.8944444444E-01  0.5302665377E+07
  0.8972222222E-01  0.5256008952E+07
  0.9000000000E-01  0.5209352505E+07
  0.9027777778E-01  0.5168494165E+07
  0.9055555556E-01  0.5127635826E+07
  0.9083333333E-01  0.5086777485E+07
  0.9111111111E-01  0.5045919146E+07
  0.9138888889E-01  0.5005060806E+07
  0.9166666667E-01  0.4964202466E+07
  0.9194444444E-01  0.4923344136E+07
  0.9222222222E-01  0.4882485797E+07
  0.9250000000E-01  0.4841627456E+07
  0.9277777778E-01  0.4800769117E+07
  0.9305555556E-01  0.4759910776E+07
  0.9333333333E-01  0.4719052426E+07
  0.9361111111E-01  0.4678194086E+07
  0.9388888889E-01  0.4637335746E+07
  0.9416666667E-01  0.4596477383E+07
  0.9444444444E-01  0.4555619044E+07
  0.9472222222E-01  0.4514760703E+07
  0.9500000000E-01  0.4473902363E+07
  0.9527777778E-01  0.4438654329E+07
  0.9555555556E-01  0.4403406260E+07
  0.9583333333E-01  0.4368158224E+07
  0.9611111111E-01  0.4332910156E+07
  0.9638888889E-01  0.4297662078E+07
  0.9666666667E-01  0.4262414043E+07
  0.9694444444E-01  0.4227165975E+07
  0.9722222222E-01  0.4191917940E+07
  0.9750000000E-01  0.4156669871E+07
  0.9777777778E-01  0.4121421802E+07
  0.9805555556E-01  0.4086173767E+07
  0.9833333333E-01  0.4050925698E+07
  0.9861111111E-01  0.4015677653E+07
  0.9888888889E-01  0.3980429585E+07
  0.9916666667E-01  0.3945181550E+07
  0.9944444444E-01  0.3909933481E+07
  0.9972222222E-01  0.3874685413E+07
  0.1000000000E+00  0.3839437378E+07
  0.1002777778E+00  0.3809459431E+07
  0.1005555556E+00  0.3779481518E+07
  0.1008333333E+00  0.3749503583E+07
  0.1011111111E+00  0.3719525670E+07
  0.1013888889E+00  0.3689547723E+07
  0.1016666667E+00  0.3659569809E+07
  0.1019444444E+00  0.3629591895E+07
  0.1022222222E+00  0.3599613972E+07
  0.1025000000E+00  0.3569636025E+07
  0.1027777778E+00  0.3539658112E+07
  0.1030555556E+00  0.3509680198E+07
  0.1033333333E+00  0.3479702252E+07
  0.1036111111E+00  0.3449724328E+07
  0.1038888889E+00  0.3419746404E+07
  0.1041666667E+00  0.3389768490E+07
  0.1044444444E+00  0.3359790543E+07
  0.1047222222E+00  0.3329812629E+07
  0.1050000000E+00  0.3299834716E+07
  0.1052777778E+00  0.3274674122E+07
  0.1055555556E+00  0.3249513562E+07
  0.1058333333E+00  0.3224353012E+07
  0.1061111111E+00  0.3199192418E+07
  0.1063888889E+00  0.3174031868E+07
  0.1066666667E+00  0.3148871274E+07
  0.1069444444E+00  0.3123710723E+07
  0.1072222222E+00  0.3098550163E+07
  0.1075000000E+00  0.3073389579E+07
  0.1077777778E+00  0.3048229019E+07
  0.1080555556E+00  0.3023068459E+07
  0.1083333333E+00  0.2997907875E+07
  0.1086111111E+00  0.2972747315E+07
  0.1088888889E+00  0.2947586730E+07
  0.1091666667E+00  0.2922426170E+07
  0.1094444444E+00  0.2897265620E+07
  0.1097222222E+00  0.2872105026E+07
  0.1100000000E+00  0.2846944476E+07
  0.1102777778E+00  0.2826065298E+07
  0.1105555556E+00  0.2805186119E+07
  0.1108333333E+00  0.2784306962E+07
  0.1111111111E+00  0.2763427783E+07
  0.1113888889E+00  0.2742548605E+07
  0.1116666667E+00  0.2721669448E+07
  0.1119444444E+00  0.2700790269E+07
  0.1122222222E+00  0.2679911058E+07
  0.1125000000E+00  0.2659031889E+07
  0.1127777778E+00  0.2638152722E+07
  0.1130555556E+00  0.2617273544E+07
  0.1133333333E+00  0.2596394365E+07
  0.1136111111E+00  0.2575515197E+07
  0.1138888889E+00  0.2554636030E+07
  0.1141666667E+00  0.2533756851E+07
  0.1144444444E+00  0.2512877683E+07
  0.1147222222E+00  0.2491998515E+07
  0.1150000000E+00  0.2471119337E+07
  0.1152777778E+00  0.2453941554E+07
  0.1155555556E+00  0.2436763760E+07
  0.1158333333E+00  0.2419585976E+07
  0.1161111111E+00  0.2402408183E+07
  0.1163888889E+00  0.2385230433E+07
  0.1166666667E+00  0.2368052649E+07
  0.1169444444E+00  0.2350874855E+07
  0.1172222222E+00  0.2333697072E+07
  0.1175000000E+00  0.2316519278E+07
  0.1177777778E+00  0.2299341494E+07
  0.1180555556E+00  0.2282163700E+07
  0.1183333333E+00  0.2264985917E+07
  0.1186111111E+00  0.2247808123E+07
  0.1188888889E+00  0.2230630340E+07
  0.1191666667E+00  0.2213452546E+07
  0.1194444444E+00  0.2196274762E+07
  0.1197222222E+00  0.2179097002E+07
  0.1200000000E+00  0.2161919218E+07
  0.1202777778E+00  0.2147849628E+07
  0.1205555556E+00  0.2133780037E+07
  0.1208333333E+00  0.2119710490E+07
  0.1211111111E+00  0.2105640900E+07
  0.1213888889E+00  0.2091571342E+07
  0.1216666667E+00  0.2077501762E+07
  0.1219444444E+00  0.2063432171E+07
  0.1222222222E+00  0.2049362614E+07
  0.1225000000E+00  0.2035293023E+07
  0.1227777778E+00  0.2021223443E+07
  0.1230555556E+00  0.2007153875E+07
  0.1233333333E+00  0.1993084295E+07
  0.1236111111E+00  0.1979014737E+07
  0.1238888889E+00  0.1964945157E+07
  0.1241666667E+00  0.1950875566E+07
  0.1244444444E+00  0.1936806009E+07
  0.1247222222E+00  0.1922736429E+07
  0.1250000000E+00  0.1908666827E+07
  0.1252777778E+00  0.1897127632E+07
  0.1255555556E+00  0.1885588416E+07
  0.1258333333E+00  0.1874049221E+07
  0.1261111111E+00  0.1862510016E+07
  0.1263888889E+00  0.1850970776E+07
  0.1266666667E+00  0.1839431571E+07
  0.1269444444E+00  0.1827892376E+07
  0.1272222222E+00  0.1816353159E+07
  0.1275000000E+00  0.1804813931E+07
  0.1277777778E+00  0.1793274714E+07
  0.1280555556E+00  0.1781735519E+07
  0.1283333333E+00  0.1770196314E+07
  0.1286111111E+00  0.1758657108E+07
  0.1288888889E+00  0.1747117869E+07
  0.1291666667E+00  0.1735578663E+07
  0.1294444444E+00  0.1724039458E+07
  0.1297222222E+00  0.1712500263E+07
  0.1300000000E+00  0.1700961013E+07
  0.1302777778E+00  0.1691414709E+07
  0.1305555556E+00  0.1681868404E+07
  0.1308333333E+00  0.1672322077E+07
  0.1311111111E+00  0.1662775773E+07
  0.1313888889E+00  0.1653229468E+07
  0.1316666667E+00  0.1643683130E+07
  0.1319444444E+00  0.1634136826E+07
  0.1322222222E+00  0.1624590488E+07
  0.1325000000E+00  0.1615044183E+07
  0.1327777778E+00  0.1605497879E+07
  0.1330555556E+00  0.1595951541E+07
  0.1333333333E+00  0.1586405236E+07
  0.1336111111E+00  0.1576858931E+07
  0.1338888889E+00  0.1567312593E+07
  0.1341666667E+00  0.1557766289E+07
  0.1344444444E+00  0.1548219962E+07
  0.1347222222E+00  0.1538673657E+07
  0.1350000000E+00  0.1529127353E+07
  0.1352777778E+00  0.1521093500E+07
  0.1355555556E+00  0.1513059615E+07
  0.1358333333E+00  0.1505025762E+07
  0.1361111111E+00  0.1496991920E+07
  0.1363888889E+00  0.1488958067E+07
  0.1366666667E+00  0.1480924215E+07
  0.1369444444E+00  0.1472890362E+07
  0.1372222222E+00  0.1464856520E+07
  0.1375000000E+00  0.1456822668E+07
  0.1377777778E+00  0.1448788815E+07
  0.1380555556E+00  0.1440754929E+07
  0.1383333333E+00  0.1432721087E+07
  0.1386111111E+00  0.1424687234E+07
  0.1388888889E+00  0.1416653382E+07
  0.1391666667E+00  0.1408619530E+07
  0.1394444444E+00  0.1400585677E+07
  0.1397222222E+00  0.1392551846E+07
  0.1400000000E+00  0.1384517993E+07
  0.1402777778E+00  0.1377586590E+07
  0.1405555556E+00  0.1370655231E+07
  0.1408333333E+00  0.1363723839E+07
  0.1411111111E+00  0.1356792480E+07
  0.1413888889E+00  0.1349861098E+07
  0.1416666667E+00  0.1342929728E+07
  0.1419444444E+00  0.1335998335E+07
  0.1422222222E+00  0.1329066977E+07
  0.1425000000E+00  0.1322135584E+07
  0.1427777778E+00  0.1315204225E+07
  0.1430555556E+00  0.1308272822E+07
  0.1433333333E+00  0.1301341463E+07
  0.1436111111E+00  0.1294410071E+07
  0.1438888889E+00  0.1287478722E+07
  0.1441666667E+00  0.1280547330E+07
  0.1444444444E+00  0.1273615960E+07
  0.1447222222E+00  0.1266684567E+07
  0.1450000000E+00  0.1259753209E+07
  0.1452777778E+00  0.1253590974E+07
  0.1455555556E+00  0.1247428749E+07
  0.1458333333E+00  0.1241266515E+07
  0.1461111111E+00  0.1235104313E+07
  0.1463888889E+00  0.1228942068E+07
  0.1466666667E+00  0.1222779843E+07
  0.1469444444E+00  0.1216617608E+07
  0.1472222222E+00  0.1210455407E+07
  0.1475000000E+00  0.1204293172E+07
  0.1477777778E+00  0.1198130948E+07
  0.1480555556E+00  0.1191968713E+07
  0.1483333333E+00  0.1185806512E+07
  0.1486111111E+00  0.1179644277E+07
  0.1488888889E+00  0.1173482041E+07
  0.1491666667E+00  0.1167319807E+07
  0.1494444444E+00  0.1161157606E+07
  0.1497222222E+00  0.1154995381E+07
  0.1500000000E+00  0.1148833146E+07
  0.1502777778E+00  0.1143184310E+07
  0.1505555556E+00  0.1137535485E+07
  0.1508333333E+00  0.1131886649E+07
  0.1511111111E+00  0.1126237833E+07
  0.1513888889E+00  0.1120588997E+07
  0.1516666667E+00  0.1114940161E+07
  0.1519444444E+00  0.1109291336E+07
  0.1522222222E+00  0.1103642500E+07
  0.1525000000E+00  0.1097993674E+07
  0.1527777778E+00  0.1092344848E+07
  0.1530555556E+00  0.1086696023E+07
  0.1533333333E+00  0.1081047187E+07
  0.1536111111E+00  0.1075398350E+07
  0.1538888889E+00  0.1069749525E+07
  0.1541666667E+00  0.1064100699E+07
  0.1544444444E+00  0.1058451841E+07
  0.1547222222E+00  0.1052803004E+07
  0.1550000000E+00  0.1047154193E+07
  0.1552777778E+00  0.1041837805E+07
  0.1555555556E+00  0.1036521423E+07
  0.1558333333E+00  0.1031205037E+07
  0.1561111111E+00  0.1025888664E+07
  0.1563888889E+00  0.1020572278E+07
  0.1566666667E+00  0.1015255896E+07
  0.1569444444E+00  0.1009939520E+07
  0.1572222222E+00  0.1004623126E+07
  0.1575000000E+00  0.9993067400E+06
  0.1577777778E+00  0.9939903673E+06
  0.1580555556E+00  0.9886739814E+06
  0.1583333333E+00  0.9833575987E+06
  0.1586111111E+00  0.9780412228E+06
  0.1588888889E+00  0.9727248290E+06
  0.1591666667E+00  0.9674084430E+06
  0.1594444444E+00  0.9620920704E+06
  0.1597222222E+00  0.9567756844E+06
  0.1600000000E+00  0.9514593018E+06
  0.1602777778E+00  0.9463621132E+06
  0.1605555556E+00  0.9412649180E+06
  0.1608333333E+00  0.9361677340E+06
  0.1611111111E+00  0.9310705354E+06
  0.1613888889E+00  0.9259733402E+06
  0.1616666667E+00  0.9208761562E+06
  0.1619444444E+00  0.9157789576E+06
  0.1622222222E+00  0.9106817624E+06
  0.1625000000E+00  0.9055845639E+06
  0.1627777778E+00  0.9004873798E+06
  0.1630555556E+00  0.8953901846E+06
  0.1633333333E+00  0.8902929872E+06
  0.1636111111E+00  0.8851958053E+06
  0.1638888889E+00  0.8800986123E+06
  0.1641666667E+00  0.8750014171E+06
  0.1644444444E+00  0.8699042253E+06
  0.1647222222E+00  0.8648070289E+06
  0.1650000000E+00  0.8597098371E+06
  0.1652777778E+00  0.8547755116E+06
  0.1655555556E+00  0.8498411939E+06
  0.1658333333E+00  0.8449068650E+06
  0.1661111111E+00  0.8399725495E+06
  0.1663888889E+00  0.8350382207E+06
  0.1666666667E+00  0.8301039063E+06
  0.1669444444E+00  0.8251695775E+06
  0.1672222222E+00  0.8202352619E+06
  0.1675000000E+00  0.8153009331E+06
  0.1677777778E+00  0.8103666087E+06
  0.1680555556E+00  0.8054322899E+06
  0.1683333333E+00  0.8004979644E+06
  0.1686111111E+00  0.7955636455E+06
  0.1688888889E+00  0.7906293178E+06
  0.1691666667E+00  0.7856950023E+06
  0.1694444444E+00  0.7807606735E+06
  0.1697222222E+00  0.7758263580E+06
  0.1700000000E+00  0.7708920303E+06
  0.1702777778E+00  0.7661111679E+06
  0.1705555556E+00  0.7613303067E+06
  0.1708333333E+00  0.7565494410E+06
  0.1711111111E+00  0.7517685796E+06
  0.1713888889E+00  0.7469877184E+06
  0.1716666667E+00  0.7422068560E+06
  0.1719444444E+00  0.7374260014E+06
  0.1722222222E+00  0.7326451401E+06
  0.1725000000E+00  0.7278642777E+06
  0.1727777778E+00  0.7230834165E+06
  0.1730555556E+00  0.7183025519E+06
  0.1733333333E+00  0.7135216895E+06
  0.1736111111E+00  0.7087408282E+06
  0.1738888889E+00  0.7039599625E+06
  0.1741666667E+00  0.6991791012E+06
  0.1744444444E+00  0.6943982400E+06
  0.1747222222E+00  0.6896173775E+06
  0.1750000000E+00  0.6848365229E+06
  0.1752777778E+00  0.6802332494E+06
  0.1755555556E+00  0.6756299768E+06
  0.1758333333E+00  0.6710267133E+06
  0.1761111111E+00  0.6664234409E+06
  0.1763888889E+00  0.6618201739E+06
  0.1766666667E+00  0.6572169015E+06
  0.1769444444E+00  0.6526136278E+06
  0.1772222222E+00  0.6480103643E+06
  0.1775000000E+00  0.6434070884E+06
  0.1777777778E+00  0.6388038249E+06
  0.1780555556E+00  0.6342005525E+06
  0.1783333333E+00  0.6295972788E+06
  0.1786111111E+00  0.6249940164E+06
  0.1788888889E+00  0.6203907394E+06
  0.1791666667E+00  0.6157874759E+06
  0.1794444444E+00  0.6111842033E+06
  0.1797222222E+00  0.6065809298E+06
  0.1800000000E+00  0.6019776674E+06
  0.1802777778E+00  0.5975977180E+06
  0.1805555556E+00  0.5932177599E+06
  0.1808333333E+00  0.5888378106E+06
  0.1811111111E+00  0.5844578614E+06
  0.1813888889E+00  0.5800779032E+06
  0.1816666667E+00  0.5756979540E+06
  0.1819444444E+00  0.5713180058E+06
  0.1822222222E+00  0.5669380566E+06
  0.1825000000E+00  0.5625580984E+06
  0.1827777778E+00  0.5581781525E+06
  0.1830555556E+00  0.5537982043E+06
  0.1833333333E+00  0.5494182451E+06
  0.1836111111E+00  0.5450382969E+06
  0.1838888889E+00  0.5406583477E+06
  0.1841666667E+00  0.5362783983E+06
  0.1844444444E+00  0.5318984402E+06
  0.1847222222E+00  0.5275184909E+06
  0.1850000000E+00  0.5231385428E+06
  0.1852777778E+00  0.5190385408E+06
  0.1855555556E+00  0.5149385321E+06
  0.1858333333E+00  0.5108385302E+06
  0.1861111111E+00  0.5067385282E+06
  0.1863888889E+00  0.5026385263E+06
  0.1866666667E+00  0.4985385144E+06
  0.1869444444E+00  0.4944385124E+06
  0.1872222222E+00  0.4903385105E+06
  0.1875000000E+00  0.4862385117E+06
  0.1877777778E+00  0.4821385098E+06
  0.1880555556E+00  0.4780384978E+06
  0.1883333333E+00  0.4739384959E+06
  0.1886111111E+00  0.4698384939E+06
  0.1888888889E+00  0.4657384931E+06
  0.1891666667E+00  0.4616384912E+06
  0.1894444444E+00  0.4575384826E+06
  0.1897222222E+00  0.4534384825E+06
  0.1900000000E+00  0.4493384785E+06
  0.1902777778E+00  0.4455757728E+06
  0.1905555556E+00  0.4418130695E+06
  0.1908333333E+00  0.4380503673E+06
  0.1911111111E+00  0.4342876616E+06
  0.1913888889E+00  0.4305249582E+06
  0.1916666667E+00  0.4267622514E+06
  0.1919444444E+00  0.4229995502E+06
  0.1922222222E+00  0.4192368435E+06
  0.1925000000E+00  0.4154741402E+06
  0.1927777778E+00  0.4117114356E+06
  0.1930555556E+00  0.4079487323E+06
  0.1933333333E+00  0.4041860256E+06
  0.1936111111E+00  0.4004233232E+06
  0.1938888889E+00  0.3966606176E+06
  0.1941666667E+00  0.3928979142E+06
  0.1944444444E+00  0.3891352109E+06
  0.1947222222E+00  0.3853725052E+06
  0.1950000000E+00  0.3816098030E+06
  0.1952777778E+00  0.3782350299E+06
  0.1955555556E+00  0.3748602612E+06
  0.1958333333E+00  0.3714854903E+06
  0.1961111111E+00  0.3681107217E+06
  0.1963888889E+00  0.3647359485E+06
  0.1966666667E+00  0.3613611799E+06
  0.1969444444E+00  0.3579864080E+06
  0.1972222222E+00  0.3546116393E+06
  0.1975000000E+00  0.3512368663E+06
  0.1977777778E+00  0.3478620987E+06
  0.1980555556E+00  0.3444873266E+06
  0.1983333333E+00  0.3411125580E+06
  0.1986111111E+00  0.3377377883E+06
  0.1988888889E+00  0.3343630163E+06
  0.1991666667E+00  0.3309882477E+06
  0.1994444444E+00  0.3276134746E+06
  0.1997222222E+00  0.3242387069E+06
  0.2000000000E+00  0.3208639350E+06
  0.2002777778E+00  0.3179148771E+06
  0.2005555556E+00  0.3149658181E+06
  0.2008333333E+00  0.3120167568E+06
  0.2011111111E+00  0.3090676990E+06
  0.2013888889E+00  0.3061186400E+06
  0.2016666667E+00  0.3031695820E+06
  0.2019444444E+00  0.3002205198E+06
  0.2022222222E+00  0.2972714619E+06
  0.2025000000E+00  0.2943224029E+06
  0.2027777778E+00  0.2913733416E+06
  0.2030555556E+00  0.2884242838E+06
  0.2033333333E+00  0.2854752248E+06
  0.2036111111E+00  0.2825261669E+06
  0.2038888889E+00  0.2795771056E+06
  0.2041666667E+00  0.2766280466E+06
  0.2044444444E+00  0.2736789888E+06
  0.2047222222E+00  0.2707299276E+06
  0.2050000000E+00  0.2677808696E+06
  0.2052777778E+00  0.2652793979E+06
  0.2055555556E+00  0.2627779272E+06
  0.2058333333E+00  0.2602764556E+06
  0.2061111111E+00  0.2577749838E+06
  0.2063888889E+00  0.2552735120E+06
  0.2066666667E+00  0.2527720404E+06
  0.2069444444E+00  0.2502705697E+06
  0.2072222222E+00  0.2477690979E+06
  0.2075000000E+00  0.2452676274E+06
  0.2077777778E+00  0.2427661556E+06
  0.2080555556E+00  0.2402646806E+06
  0.2083333333E+00  0.2377632099E+06
  0.2086111111E+00  0.2352617382E+06
  0.2088888889E+00  0.2327602664E+06
  0.2091666667E+00  0.2302587948E+06
  0.2094444444E+00  0.2277573230E+06
  0.2097222222E+00  0.2252558534E+06
  0.2100000000E+00  0.2227543818E+06
  0.2102777778E+00  0.2207045605E+06
  0.2105555556E+00  0.2186547404E+06
  0.2108333333E+00  0.2166049181E+06
  0.2111111111E+00  0.2145550980E+06
  0.2113888889E+00  0.2125052767E+06
  0.2116666667E+00  0.2104554533E+06
  0.2119444444E+00  0.2084056320E+06
  0.2122222222E+00  0.2063558119E+06
  0.2125000000E+00  0.2043059906E+06
  0.2127777778E+00  0.2022561705E+06
  0.2130555556E+00  0.2002063503E+06
  0.2133333333E+00  0.1981565281E+06
  0.2136111111E+00  0.1961067079E+06
  0.2138888889E+00  0.1940568833E+06
  0.2141666667E+00  0.1920070632E+06
  0.2144444444E+00  0.1899572420E+06
  0.2147222222E+00  0.1879074218E+06
  0.2150000000E+00  0.1858576006E+06
  0.2152777778E+00  0.1842459286E+06
  0.2155555556E+00  0.1826342567E+06
  0.2158333333E+00  0.1810225813E+06
  0.2161111111E+00  0.1794109094E+06
  0.2163888889E+00  0.1777992375E+06
  0.2166666667E+00  0.1761875644E+06
  0.2169444444E+00  0.1745758936E+06
  0.2172222222E+00  0.1729642183E+06
  0.2175000000E+00  0.1713525464E+06
  0.2177777778E+00  0.1697408734E+06
  0.2180555556E+00  0.1681292024E+06
  0.2183333333E+00  0.1665175305E+06
  0.2186111111E+00  0.1649058542E+06
  0.2188888889E+00  0.1632941822E+06
  0.2191666667E+00  0.1616825113E+06
  0.2194444444E+00  0.1600708383E+06
  0.2197222222E+00  0.1584591664E+06
  0.2200000000E+00  0.1568474921E+06
  0.2202777778E+00  0.1556447446E+06
  0.2205555556E+00  0.1544419982E+06
  0.2208333333E+00  0.1532392485E+06
  0.2211111111E+00  0.1520365021E+06
  0.2213888889E+00  0.1508337522E+06
  0.2216666667E+00  0.1496310059E+06
  0.2219444444E+00  0.1484282561E+06
  0.2222222222E+00  0.1472255097E+06
  0.2225000000E+00  0.1460227632E+06
  0.2227777778E+00  0.1448200135E+06
  0.2230555556E+00  0.1436172671E+06
  0.2233333333E+00  0.1424145173E+06
  0.2236111111E+00  0.1412117698E+06
  0.2238888889E+00  0.1400090211E+06
  0.2241666667E+00  0.1388062747E+06
  0.2244444444E+00  0.1376035283E+06
  0.2247222222E+00  0.1364007775E+06
  0.2250000000E+00  0.1351980321E+06
  0.2252777778E+00  0.1343617709E+06
  0.2255555556E+00  0.1335255130E+06
  0.2258333333E+00  0.1326892528E+06
  0.2261111111E+00  0.1318529960E+06
  0.2263888889E+00  0.1310167338E+06
  0.2266666667E+00  0.1301804769E+06
  0.2269444444E+00  0.1293442201E+06
  0.2272222222E+00  0.1285079600E+06
  0.2275000000E+00  0.1276717011E+06
  0.2277777778E+00  0.1268354409E+06
  0.2280555556E+00  0.1259991841E+06
  0.2283333333E+00  0.1251629228E+06
  0.2286111111E+00  0.1243266660E+06
  0.2288888889E+00  0.1234904049E+06
  0.2291666667E+00  0.1226541480E+06
  0.2294444444E+00  0.1218178901E+06
  0.2297222222E+00  0.1209816300E+06
  0.2300000000E+00  0.1201453721E+06
  0.2302777778E+00  0.1196236268E+06
  0.2305555556E+00  0.1191018848E+06
  0.2308333333E+00  0.1185801405E+06
  0.2311111111E+00  0.1180583975E+06
  0.2313888889E+00  0.1175366533E+06
  0.2316666667E+00  0.1170149113E+06
  0.2319444444E+00  0.1164931659E+06
  0.2322222222E+00  0.1159714240E+06
  0.2325000000E+00  0.1154496786E+06
  0.2327777778E+00  0.1149279377E+06
  0.2330555556E+00  0.1144061924E+06
  0.2333333333E+00  0.1138844504E+06
  0.2336111111E+00  0.1133627084E+06
  0.2338888889E+00  0.1128409631E+06
  0.2341666667E+00  0.1123192208E+06
  0.2344444444E+00  0.1117974761E+06
  0.2347222222E+00  0.1112757336E+06
  0.2350000000E+00  0.1107539902E+06
  0.2352777778E+00  0.1104888448E+06
  0.2355555556E+00  0.1102237016E+06
  0.2358333333E+00  0.1099585565E+06
  0.2361111111E+00  0.1096934121E+06
  0.2363888889E+00  0.1094282682E+06
  0.2366666667E+00  0.1091631238E+06
  0.2369444444E+00  0.1088979784E+06
  0.2372222222E+00  0.1086328355E+06
  0.2375000000E+00  0.1083676901E+06
  0.2377777778E+00  0.1081025457E+06
  0.2380555556E+00  0.1078374016E+06
  0.2383333333E+00  0.1075722574E+06
  0.2386111111E+00  0.1073071133E+06
  0.2388888889E+00  0.1070419679E+06
  0.2391666667E+00  0.1067768247E+06
  0.2394444444E+00  0.1065116796E+06
  0.2397222222E+00  0.1062465357E+06
  0.2400000000E+00  0.1059813910E+06
  0.2402777778E+00  0.1059127967E+06
  0.2405555556E+00  0.1058442025E+06
  0.2408333333E+00  0.1057756081E+06
  0.2411111111E+00  0.1057070142E+06
  0.2413888889E+00  0.1056384200E+06
  0.2416666667E+00  0.1055698257E+06
  0.2419444444E+00  0.1055012304E+06
  0.2422222222E+00  0.1054326365E+06
  0.2425000000E+00  0.1053640422E+06
  0.2427777778E+00  0.1052954480E+06
  0.2430555556E+00  0.1052268537E+06
  0.2433333333E+00  0.1051582597E+06
  0.2436111111E+00  0.1050896655E+06
  0.2438888889E+00  0.1050210712E+06
  0.2441666667E+00  0.1049524769E+06
  0.2444444444E+00  0.1048838830E+06
  0.2447222222E+00  0.1048152888E+06
  0.2450000000E+00  0.1047466934E+06
  0.2452777778E+00  0.1048159641E+06
  0.2455555556E+00  0.1048852333E+06
  0.2458333333E+00  0.1049545040E+06
  0.2461111111E+00  0.1050237735E+06
  0.2463888889E+00  0.1050930438E+06
  0.2466666667E+00  0.1051623135E+06
  0.2469444444E+00  0.1052315831E+06
  0.2472222222E+00  0.1053008534E+06
  0.2475000000E+00  0.1053701229E+06
  0.2477777778E+00  0.1054393936E+06
  0.2480555556E+00  0.1055086632E+06
  0.2483333333E+00  0.1055779325E+06
  0.2486111111E+00  0.1056472030E+06
  0.2488888889E+00  0.1057164727E+06
  0.2491666667E+00  0.1057857429E+06
  0.2494444444E+00  0.1058550126E+06
  0.2497222222E+00  0.1059242821E+06
  0.2500000000E+00  0.1059935525E+06
  0.2502777778E+00  0.1061462867E+06
  0.2505555556E+00  0.1062990199E+06
  0.2508333333E+00  0.1064517542E+06
  0.2511111111E+00  0.1066044885E+06
  0.2513888889E+00  0.1067572217E+06
  0.2516666667E+00  0.1069099560E+06
  0.2519444444E+00  0.1070626902E+06
  0.2522222222E+00  0.1072154245E+06
  0.2525000000E+00  0.1073681578E+06
  0.2527777778E+00  0.1075208920E+06
  0.2530555556E+00  0.1076736262E+06
  0.2533333333E+00  0.1078263596E+06
  0.2536111111E+00  0.1079790938E+06
  0.2538888889E+00  0.1081318280E+06
  0.2541666667E+00  0.1082845623E+06
  0.2544444444E+00  0.1084372956E+06
  0.2547222222E+00  0.1085900298E+06
  0.2550000000E+00  0.1087427641E+06
  0.2552777778E+00  0.1089312696E+06
  0.2555555556E+00  0.1091197765E+06
  0.2558333333E+00  0.1093082819E+06
  0.2561111111E+00  0.1094967878E+06
  0.2563888889E+00  0.1096852947E+06
  0.2566666667E+00  0.1098738002E+06
  0.2569444444E+00  0.1100623071E+06
  0.2572222222E+00  0.1102508125E+06
  0.2575000000E+00  0.1104393184E+06
  0.2577777778E+00  0.1106278253E+06
  0.2580555556E+00  0.1108163308E+06
  0.2583333333E+00  0.1110048377E+06
  0.2586111111E+00  0.1111933432E+06
  0.2588888889E+00  0.1113818490E+06
  0.2591666667E+00  0.1115703556E+06
  0.2594444444E+00  0.1117588615E+06
  0.2597222222E+00  0.1119473673E+06
  0.2600000000E+00  0.1121358738E+06
  0.2602777778E+00  0.1123206493E+06
  0.2605555556E+00  0.1125054245E+06
  0.2608333333E+00  0.1126902007E+06
  0.2611111111E+00  0.1128749761E+06
  0.2613888889E+00  0.1130597514E+06
  0.2616666667E+00  0.1132445278E+06
  0.2619444444E+00  0.1134293031E+06
  0.2622222222E+00  0.1136140782E+06
  0.2625000000E+00  0.1137988538E+06
  0.2627777778E+00  0.1139836299E+06
  0.2630555556E+00  0.1141684054E+06
  0.2633333333E+00  0.1143531806E+06
  0.2636111111E+00  0.1145379568E+06
  0.2638888889E+00  0.1147227322E+06
  0.2641666667E+00  0.1149075075E+06
  0.2644444444E+00  0.1150922829E+06
  0.2647222222E+00  0.1152770592E+06
  0.2650000000E+00  0.1154618343E+06
  0.2652777778E+00  0.1156125658E+06
  0.2655555556E+00  0.1157632959E+06
  0.2658333333E+00  0.1159140270E+06
  0.2661111111E+00  0.1160647582E+06
  0.2663888889E+00  0.1162154883E+06
  0.2666666667E+00  0.1163662197E+06
  0.2669444444E+00  0.1165169509E+06
  0.2672222222E+00  0.1166676811E+06
  0.2675000000E+00  0.1168184121E+06
  0.2677777778E+00  0.1169691436E+06
  0.2680555556E+00  0.1171198738E+06
  0.2683333333E+00  0.1172706048E+06
  0.2686111111E+00  0.1174213360E+06
  0.2688888889E+00  0.1175720665E+06
  0.2691666667E+00  0.1177227976E+06
  0.2694444444E+00  0.1178735287E+06
  0.2697222222E+00  0.1180242589E+06
  0.2700000000E+00  0.1181749899E+06
  0.2702777778E+00  0.1182707580E+06
  0.2705555556E+00  0.1183665251E+06
  0.2708333333E+00  0.1184622932E+06
  0.2711111111E+00  0.1185580612E+06
  0.2713888889E+00  0.1186538290E+06
  0.2716666667E+00  0.1187495971E+06
  0.2719444444E+00  0.1188453641E+06
  0.2722222222E+00  0.1189411322E+06
  0.2725000000E+00  0.1190369003E+06
  0.2727777778E+00  0.1191326680E+06
  0.2730555556E+00  0.1192284351E+06
  0.2733333333E+00  0.1193242032E+06
  0.2736111111E+00  0.1194199713E+06
  0.2738888889E+00  0.1195157393E+06
  0.2741666667E+00  0.1196115071E+06
  0.2744444444E+00  0.1197072742E+06
  0.2747222222E+00  0.1198030422E+06
  0.2750000000E+00  0.1198988103E+06
  0.2752777778E+00  0.1199276485E+06
  0.2755555556E+00  0.1199564876E+06
  0.2758333333E+00  0.1199853258E+06
  0.2761111111E+00  0.1200141649E+06
  0.2763888889E+00  0.1200430031E+06
  0.2766666667E+00  0.1200718423E+06
  0.2769444444E+00  0.1201006803E+06
  0.2772222222E+00  0.1201295195E+06
  0.2775000000E+00  0.1201583576E+06
  0.2777777778E+00  0.1201871968E+06
  0.2780555556E+00  0.1202160349E+06
  0.2783333333E+00  0.1202448741E+06
  0.2786111111E+00  0.1202737123E+06
  0.2788888889E+00  0.1203025514E+06
  0.2791666667E+00  0.1203313896E+06
  0.2794444444E+00  0.1203602287E+06
  0.2797222222E+00  0.1203890669E+06
  0.2800000000E+00  0.1204179060E+06
  0.2802777778E+00  0.1203759619E+06
  0.2805555556E+00  0.1203340190E+06
  0.2808333333E+00  0.1202920758E+06
  0.2811111111E+00  0.1202501327E+06
  0.2813888889E+00  0.1202081898E+06
  0.2816666667E+00  0.1201662466E+06
  0.2819444444E+00  0.1201243035E+06
  0.2822222222E+00  0.1200823606E+06
  0.2825000000E+00  0.1200404164E+06
  0.2827777778E+00  0.1199984733E+06
  0.2830555556E+00  0.1199565304E+06
  0.2833333333E+00  0.1199145872E+06
  0.2836111111E+00  0.1198726441E+06
  0.2838888889E+00  0.1198307012E+06
  0.2841666667E+00  0.1197887580E+06
  0.2844444444E+00  0.1197468149E+06
  0.2847222222E+00  0.1197048710E+06
  0.2850000000E+00  0.1196629278E+06
  0.2852777778E+00  0.1195533078E+06
  0.2855555556E+00  0.1194436879E+06
  0.2858333333E+00  0.1193340677E+06
  0.2861111111E+00  0.1192244480E+06
  0.2863888889E+00  0.1191148278E+06
  0.2866666667E+00  0.1190052076E+06
  0.2869444444E+00  0.1188955879E+06
  0.2872222222E+00  0.1187859677E+06
  0.2875000000E+00  0.1186763479E+06
  0.2877777778E+00  0.1185667278E+06
  0.2880555556E+00  0.1184571076E+06
  0.2883333333E+00  0.1183474878E+06
  0.2886111111E+00  0.1182378677E+06
  0.2888888889E+00  0.1181282479E+06
  0.2891666667E+00  0.1180186277E+06
  0.2894444444E+00  0.1179090076E+06
  0.2897222222E+00  0.1177993878E+06
  0.2900000000E+00  0.1176897677E+06
  0.2902777778E+00  0.1175209062E+06
  0.2905555556E+00  0.1173520458E+06
  0.2908333333E+00  0.1171831850E+06
  0.2911111111E+00  0.1170143236E+06
  0.2913888889E+00  0.1168454631E+06
  0.2916666667E+00  0.1166766027E+06
  0.2919444444E+00  0.1165077409E+06
  0.2922222222E+00  0.1163388805E+06
  0.2925000000E+00  0.1161700201E+06
  0.2927777778E+00  0.1160011583E+06
  0.2930555556E+00  0.1158322978E+06
  0.2933333333E+00  0.1156634374E+06
  0.2936111111E+00  0.1154945760E+06
  0.2938888889E+00  0.1153257152E+06
  0.2941666667E+00  0.1151568547E+06
  0.2944444444E+00  0.1149879933E+06
  0.2947222222E+00  0.1148191325E+06
  0.2950000000E+00  0.1146502721E+06
  0.2952777778E+00  0.1144346343E+06
  0.2955555556E+00  0.1142189961E+06
  0.2958333333E+00  0.1140033593E+06
  0.2961111111E+00  0.1137877212E+06
  0.2963888889E+00  0.1135720833E+06
  0.2966666667E+00  0.1133564452E+06
  0.2969444444E+00  0.1131408083E+06
  0.2972222222E+00  0.1129251702E+06
  0.2975000000E+00  0.1127095324E+06
  0.2977777778E+00  0.1124938952E+06
  0.2980555556E+00  0.1122782574E+06
  0.2983333333E+00  0.1120626192E+06
  0.2986111111E+00  0.1118469814E+06
  0.2988888889E+00  0.1116313442E+06
  0.2991666667E+00  0.1114157064E+06
  0.2994444444E+00  0.1112000683E+06
  0.2997222222E+00  0.1109844305E+06
  0.3000000000E+00  0.1107687933E+06
  0.3002777778E+00  0.1105210671E+06
  0.3005555556E+00  0.1102733424E+06
  0.3008333333E+00  0.1100256173E+06
  0.3011111111E+00  0.1097778921E+06
  0.3013888889E+00  0.1095301660E+06
  0.3016666667E+00  0.1092824409E+06
  0.3019444444E+00  0.1090347157E+06
  0.3022222222E+00  0.1087869906E+06
  0.3025000000E+00  0.1085392645E+06
  0.3027777778E+00  0.1082915393E+06
  0.3030555556E+00  0.1080438142E+06
  0.3033333333E+00  0.1077960880E+06
  0.3036111111E+00  0.1075483629E+06
  0.3038888889E+00  0.1073006378E+06
  0.3041666667E+00  0.1070529126E+06
  0.3044444444E+00  0.1068051865E+06
  0.3047222222E+00  0.1065574614E+06
  0.3050000000E+00  0.1063097362E+06
  0.3052777778E+00  0.1060455252E+06
  0.3055555556E+00  0.1057813131E+06
  0.3058333333E+00  0.1055171023E+06
  0.3061111111E+00  0.1052528912E+06
  0.3063888889E+00  0.1049886803E+06
  0.3066666667E+00  0.1047244691E+06
  0.3069444444E+00  0.1044602570E+06
  0.3072222222E+00  0.1041960459E+06
  0.3075000000E+00  0.1039318349E+06
  0.3077777778E+00  0.1036676238E+06
  0.3080555556E+00  0.1034034117E+06
  0.3083333333E+00  0.1031392006E+06
  0.3086111111E+00  0.1028749896E+06
  0.3088888889E+00  0.1026107785E+06
  0.3091666667E+00  0.1023465674E+06
  0.3094444444E+00  0.1020823553E+06
  0.3097222222E+00  0.1018181443E+06
  0.3100000000E+00  0.1015539332E+06
  0.3102777778E+00  0.1012884587E+06
  0.3105555556E+00  0.1010229839E+06
  0.3108333333E+00  0.1007575090E+06
  0.3111111111E+00  0.1004920332E+06
  0.3113888889E+00  0.1002265584E+06
  0.3116666667E+00  0.9996108353E+05
  0.3119444444E+00  0.9969560865E+05
  0.3122222222E+00  0.9943013389E+05
  0.3125000000E+00  0.9916465901E+05
  0.3127777778E+00  0.9889918414E+05
  0.3130555556E+00  0.9863370937E+05
  0.3133333333E+00  0.9836823350E+05
  0.3136111111E+00  0.9810275896E+05
  0.3138888889E+00  0.9783728420E+05
  0.3141666667E+00  0.9757180932E+05
  0.3144444444E+00  0.9730633445E+05
  0.3147222222E+00  0.9704085968E+05
  0.3150000000E+00  0.9677538482E+05
  0.3152777778E+00  0.9652248776E+05
  0.3155555556E+00  0.9626959149E+05
  0.3158333333E+00  0.9601669444E+05
  0.3161111111E+00  0.9576379849E+05
  0.3163888889E+00  0.9551090111E+05
  0.3166666667E+00  0.9525800516E+05
  0.3169444444E+00  0.9500510812E+05
  0.3172222222E+00  0.9475221218E+05
  0.3175000000E+00  0.9449931479E+05
  0.3177777778E+00  0.9424641785E+05
  0.3180555556E+00  0.9399352181E+05
  0.3183333333E+00  0.9374062452E+05
  0.3186111111E+00  0.9348772848E+05
  0.3188888889E+00  0.9323483153E+05
  0.3191666667E+00  0.9298193515E+05
  0.3194444444E+00  0.9272903821E+05
  0.3197222222E+00  0.9247614215E+05
  0.3200000000E+00  0.9222324522E+05
  0.3202777778E+00  0.9199445094E+05
  0.3205555556E+00  0.9176565700E+05
  0.3208333333E+00  0.9153686283E+05
  0.3211111111E+00  0.9130806889E+05
  0.3213888889E+00  0.9107927560E+05
  0.3216666667E+00  0.9085048178E+05
  0.3219444444E+00  0.9062168750E+05
  0.3222222222E+00  0.9039289355E+05
  0.3225000000E+00  0.9016409939E+05
  0.3227777778E+00  0.8993530544E+05
  0.3230555556E+00  0.8970651117E+05
  0.3233333333E+00  0.8947771722E+05
  0.3236111111E+00  0.8924892306E+05
  0.3238888889E+00  0.8902012911E+05
  0.3241666667E+00  0.8879133484E+05
  0.3244444444E+00  0.8856254100E+05
  0.3247222222E+00  0.8833374672E+05
  0.3250000000E+00  0.8810495278E+05
  0.3252777778E+00  0.8790917115E+05
  0.3255555556E+00  0.8771338840E+05
  0.3258333333E+00  0.8751760599E+05
  0.3261111111E+00  0.8732182424E+05
  0.3263888889E+00  0.8712604150E+05
  0.3266666667E+00  0.8693026010E+05
  0.3269444444E+00  0.8673447735E+05
  0.3272222222E+00  0.8653869594E+05
  0.3275000000E+00  0.8634291320E+05
  0.3277777778E+00  0.8614713157E+05
  0.3280555556E+00  0.8595134915E+05
  0.3283333333E+00  0.8575556741E+05
  0.3286111111E+00  0.8555978466E+05
  0.3288888889E+00  0.8536400325E+05
  0.3291666667E+00  0.8516822052E+05
  0.3294444444E+00  0.8497243877E+05
  0.3297222222E+00  0.8477665636E+05
  0.3300000000E+00  0.8458087462E+05
  0.3302777778E+00  0.8442386939E+05
  0.3305555556E+00  0.8426686506E+05
  0.3308333333E+00  0.8410985984E+05
  0.3311111111E+00  0.8395285451E+05
  0.3313888889E+00  0.8379585029E+05
  0.3316666667E+00  0.8363884496E+05
  0.3319444444E+00  0.8348183974E+05
  0.3322222222E+00  0.8332483540E+05
  0.3325000000E+00  0.8316783018E+05
  0.3327777778E+00  0.8301082585E+05
  0.3330555556E+00  0.8285382063E+05
  0.3333333333E+00  0.8269681530E+05
  0.3336111111E+00  0.8253981097E+05
  0.3338888889E+00  0.8238280574E+05
  0.3341666667E+00  0.8222580041E+05
  0.3344444444E+00  0.8206879619E+05
  0.3347222222E+00  0.8191179086E+05
  0.3350000000E+00  0.8175478664E+05
  0.3352777778E+00  0.8163934702E+05
  0.3355555556E+00  0.8152390886E+05
  0.3358333333E+00  0.8140847068E+05
  0.3361111111E+00  0.8129303118E+05
  0.3363888889E+00  0.8117759291E+05
  0.3366666667E+00  0.8106215473E+05
  0.3369444444E+00  0.8094671523E+05
  0.3372222222E+00  0.8083127696E+05
  0.3375000000E+00  0.8071583878E+05
  0.3377777778E+00  0.8060039928E+05
  0.3380555556E+00  0.8048496100E+05
  0.3383333333E+00  0.8036952283E+05
  0.3386111111E+00  0.8025408366E+05
  0.3388888889E+00  0.8013864504E+05
  0.3391666667E+00  0.8002320688E+05
  0.3394444444E+00  0.7990776771E+05
  0.3397222222E+00  0.7979232921E+05
  0.3400000000E+00  0.7967689093E+05
  0.3402777778E+00  0.7960290675E+05
  0.3405555556E+00  0.7952892370E+05
  0.3408333333E+00  0.7945493953E+05
  0.3411111111E+00  0.7938095637E+05
  0.3413888889E+00  0.7930697252E+05
  0.3416666667E+00  0.7923298935E+05
  0.3419444444E+00  0.7915900519E+05
  0.3422222222E+00  0.7908502201E+05
  0.3425000000E+00  0.7901103796E+05
  0.3427777778E+00  0.7893705478E+05
  0.3430555556E+00  0.7886307063E+05
  0.3433333333E+00  0.7878908778E+05
  0.3436111111E+00  0.7871510361E+05
  0.3438888889E+00  0.7864112045E+05
  0.3441666667E+00  0.7856713727E+05
  0.3444444444E+00  0.7849315322E+05
  0.3447222222E+00  0.7841917004E+05
  0.3450000000E+00  0.7834518621E+05
  0.3452777778E+00  0.7830998978E+05
  0.3455555556E+00  0.7827479368E+05
  0.3458333333E+00  0.7823959658E+05
  0.3461111111E+00  0.7820440050E+05
  0.3463888889E+00  0.7816920440E+05
  0.3466666667E+00  0.7813400830E+05
  0.3469444444E+00  0.7809881087E+05
  0.3472222222E+00  0.7806361466E+05
  0.3475000000E+00  0.7802841857E+05
  0.3477777778E+00  0.7799322247E+05
  0.3480555556E+00  0.7795802637E+05
  0.3483333333E+00  0.7792282927E+05
  0.3486111111E+00  0.7788763285E+05
  0.3488888889E+00  0.7785243675E+05
  0.3491666667E+00  0.7781724065E+05
  0.3494444444E+00  0.7778204355E+05
  0.3497222222E+00  0.7774684746E+05
  0.3500000000E+00  0.7771165136E+05
  0.3502777778E+00  0.7771047242E+05
  0.3505555556E+00  0.7770929313E+05
  0.3508333333E+00  0.7770811419E+05
  0.3511111111E+00  0.7770693512E+05
  0.3513888889E+00  0.7770575618E+05
  0.3516666667E+00  0.7770457723E+05
  0.3519444444E+00  0.7770339828E+05
  0.3522222222E+00  0.7770221934E+05
  0.3525000000E+00  0.7770104039E+05
  0.3527777778E+00  0.7769986132E+05
  0.3530555556E+00  0.7769868238E+05
  0.3533333333E+00  0.7769750343E+05
  0.3536111111E+00  0.7769632448E+05
  0.3538888889E+00  0.7769514554E+05
  0.3541666667E+00  0.7769396658E+05
  0.3544444444E+00  0.7769278764E+05
  0.3547222222E+00  0.7769160858E+05
  0.3550000000E+00  0.7769042863E+05
  0.3552777778E+00  0.7771695909E+05
  0.3555555556E+00  0.7774348953E+05
  0.3558333333E+00  0.7777001988E+05
  0.3561111111E+00  0.7779655068E+05
  0.3563888889E+00  0.7782308112E+05
  0.3566666667E+00  0.7784961047E+05
  0.3569444444E+00  0.7787614093E+05
  0.3572222222E+00  0.7790267138E+05
  0.3575000000E+00  0.7792920172E+05
  0.3577777778E+00  0.7795573252E+05
  0.3580555556E+00  0.7798226296E+05
  0.3583333333E+00  0.7800879342E+05
  0.3586111111E+00  0.7803532277E+05
  0.3588888889E+00  0.7806185322E+05
  0.3591666667E+00  0.7808838401E+05
  0.3594444444E+00  0.7811491435E+05
  0.3597222222E+00  0.7814144480E+05
  0.3600000000E+00  0.7816797526E+05
  0.3602777778E+00  0.7821490802E+05
  0.3605555556E+00  0.7826184055E+05
  0.3608333333E+00  0.7830877442E+05
  0.3611111111E+00  0.7835570696E+05
  0.3613888889E+00  0.7840264082E+05
  0.3616666667E+00  0.7844957325E+05
  0.3619444444E+00  0.7849650712E+05
  0.3622222222E+00  0.7854343999E+05
  0.3625000000E+00  0.7859037352E+05
  0.3627777778E+00  0.7863730628E+05
  0.3630555556E+00  0.7868423982E+05
  0.3633333333E+00  0.7873117268E+05
  0.3636111111E+00  0.7877810522E+05
  0.3638888889E+00  0.7882503909E+05
  0.3641666667E+00  0.7887197151E+05
  0.3644444444E+00  0.7891890538E+05
  0.3647222222E+00  0.7896583825E+05
  0.3650000000E+00  0.7901277178E+05
  0.3652777778E+00  0.7907240799E+05
  0.3655555556E+00  0.7913204530E+05
  0.3658333333E+00  0.7919168249E+05
  0.3661111111E+00  0.7925131969E+05
  0.3663888889E+00  0.7931095600E+05
  0.3666666667E+00  0.7937059319E+05
  0.3669444444E+00  0.7943023051E+05
  0.3672222222E+00  0.7948986671E+05
  0.3675000000E+00  0.7954950401E+05
  0.3677777778E+00  0.7960914121E+05
  0.3680555556E+00  0.7966877851E+05
  0.3683333333E+00  0.7972841472E+05
  0.3686111111E+00  0.7978805170E+05
  0.3688888889E+00  0.7984768888E+05
  0.3691666667E+00  0.7990732509E+05
  0.3694444444E+00  0.7996696240E+05
  0.3697222222E+00  0.8002659959E+05
  0.3700000000E+00  0.8008623691E+05
  0.3702777778E+00  0.8015099185E+05
  0.3705555556E+00  0.8021574745E+05
  0.3708333333E+00  0.8028050295E+05
  0.3711111111E+00  0.8034525889E+05
  0.3713888889E+00  0.8041001450E+05
  0.3716666667E+00  0.8047477010E+05
  0.3719444444E+00  0.8053952604E+05
  0.3722222222E+00  0.8060428065E+05
  0.3725000000E+00  0.8066903659E+05
  0.3727777778E+00  0.8073379219E+05
  0.3730555556E+00  0.8079854781E+05
  0.3733333333E+00  0.8086330364E+05
  0.3736111111E+00  0.8092805924E+05
  0.3738888889E+00  0.8099281485E+05
  0.3741666667E+00  0.8105757079E+05
  0.3744444444E+00  0.8112232540E+05
  0.3747222222E+00  0.8118708133E+05
  0.3750000000E+00  0.8125183695E+05
  0.3752777778E+00  0.8131478077E+05
  0.3755555556E+00  0.8137772505E+05
  0.3758333333E+00  0.8144066888E+05
  0.3761111111E+00  0.8150361183E+05
  0.3763888889E+00  0.8156655610E+05
  0.3766666667E+00  0.8162949993E+05
  0.3769444444E+00  0.8169244421E+05
  0.3772222222E+00  0.8175538803E+05
  0.3775000000E+00  0.8181833098E+05
  0.3777777778E+00  0.8188127525E+05
  0.3780555556E+00  0.8194421909E+05
  0.3783333333E+00  0.8200716303E+05
  0.3786111111E+00  0.8207010719E+05
  0.3788888889E+00  0.8213305013E+05
  0.3791666667E+00  0.8219599407E+05
  0.3794444444E+00  0.8225893824E+05
  0.3797222222E+00  0.8232188218E+05
  0.3800000000E+00  0.8238482635E+05
  0.3802777778E+00  0.8243995211E+05
  0.3805555556E+00  0.8249507687E+05
  0.3808333333E+00  0.8255020298E+05
  0.3811111111E+00  0.8260532863E+05
  0.3813888889E+00  0.8266045473E+05
  0.3816666667E+00  0.8271558049E+05
  0.3819444444E+00  0.8277070660E+05
  0.3822222222E+00  0.8282583225E+05
  0.3825000000E+00  0.8288095701E+05
  0.3827777778E+00  0.8293608312E+05
  0.3830555556E+00  0.8299120888E+05
  0.3833333333E+00  0.8304633487E+05
  0.3836111111E+00  0.8310146064E+05
  0.3838888889E+00  0.8315658640E+05
  0.3841666667E+00  0.8321171250E+05
  0.3844444444E+00  0.8326683716E+05
  0.3847222222E+00  0.8332196326E+05
  0.3850000000E+00  0.8337708902E+05
  0.3852777778E+00  0.8341979229E+05
  0.3855555556E+00  0.8346249500E+05
  0.3858333333E+00  0.8350519827E+05
  0.3861111111E+00  0.8354790053E+05
  0.3863888889E+00  0.8359060425E+05
  0.3866666667E+00  0.8363330651E+05
  0.3869444444E+00  0.8367600988E+05
  0.3872222222E+00  0.8371871316E+05
  0.3875000000E+00  0.8376141587E+05
  0.3877777778E+00  0.8380411914E+05
  0.3880555556E+00  0.8384682151E+05
  0.3883333333E+00  0.8388952512E+05
  0.3886111111E+00  0.8393222738E+05
  0.3888888889E+00  0.8397493076E+05
  0.3891666667E+00  0.8401763336E+05
  0.3894444444E+00  0.8406033674E+05
  0.3897222222E+00  0.8410303900E+05
  0.3900000000E+00  0.8414574239E+05
  0.3902777778E+00  0.8417276191E+05
  0.3905555556E+00  0.8419978156E+05
  0.3908333333E+00  0.8422680142E+05
  0.3911111111E+00  0.8425382096E+05
  0.3913888889E+00  0.8428084159E+05
  0.3916666667E+00  0.8430786113E+05
  0.3919444444E+00  0.8433488078E+05
  0.3922222222E+00  0.8436190031E+05
  0.3925000000E+00  0.8438891996E+05
  0.3927777778E+00  0.8441593948E+05
  0.3930555556E+00  0.8444295913E+05
  0.3933333333E+00  0.8446997866E+05
  0.3936111111E+00  0.8449699831E+05
  0.3938888889E+00  0.8452401883E+05
  0.3941666667E+00  0.8455103848E+05
  0.3944444444E+00  0.8457805801E+05
  0.3947222222E+00  0.8460507766E+05
  0.3950000000E+00  0.8463209718E+05
  0.3952777778E+00  0.8464179750E+05
  0.3955555556E+00  0.8465149760E+05
  0.3958333333E+00  0.8466119892E+05
  0.3961111111E+00  0.8467089901E+05
  0.3963888889E+00  0.8468059933E+05
  0.3966666667E+00  0.8469030043E+05
  0.3969444444E+00  0.8470000075E+05
  0.3972222222E+00  0.8470970084E+05
  0.3975000000E+00  0.8471940083E+05
  0.3977777778E+00  0.8472910226E+05
  0.3980555556E+00  0.8473880225E+05
  0.3983333333E+00  0.8474850268E+05
  0.3986111111E+00  0.8475820266E+05
  0.3988888889E+00  0.8476790409E+05
  0.3991666667E+00  0.8477760408E+05
  0.3994444444E+00  0.8478730450E+05
  0.3997222222E+00  0.8479700448E+05
  0.4000000000E+00  0.8480670591E+05
  0.4002777778E+00  0.8479888405E+05
  0.4005555556E+00  0.8479106262E+05
  0.4008333333E+00  0.8478324108E+05
  0.4011111111E+00  0.8477541932E+05
  0.4013888889E+00  0.8476759889E+05
  0.4016666667E+00  0.8475977736E+05
  0.4019444444E+00  0.8475195559E+05
  0.4022222222E+00  0.8474413406E+05
  0.4025000000E+00  0.8473631263E+05
  0.4027777778E+00  0.8472849186E+05
  0.4030555556E+00  0.8472067033E+05
  0.4033333333E+00  0.8471284890E+05
  0.4036111111E+00  0.8470502736E+05
  0.4038888889E+00  0.8469720560E+05
  0.4041666667E+00  0.8468938517E+05
  0.4044444444E+00  0.8468156364E+05
  0.4047222222E+00  0.8467374188E+05
  0.4050000000E+00  0.8466592033E+05
  0.4052777778E+00  0.8464175532E+05
  0.4055555556E+00  0.8461758984E+05
  0.4058333333E+00  0.8459342472E+05
  0.4061111111E+00  0.8456926069E+05
  0.4063888889E+00  0.8454509556E+05
  0.4066666667E+00  0.8452093042E+05
  0.4069444444E+00  0.8449676496E+05
  0.4072222222E+00  0.8447259993E+05
  0.4075000000E+00  0.8444843480E+05
  0.4077777778E+00  0.8442426966E+05
  0.4080555556E+00  0.8440010531E+05
  0.4083333333E+00  0.8437594017E+05
  0.4086111111E+00  0.8435177504E+05
  0.4088888889E+00  0.8432761002E+05
  0.4091666667E+00  0.8430344489E+05
  0.4094444444E+00  0.8427927941E+05
  0.4097222222E+00  0.8425511440E+05
  0.4100000000E+00  0.8423094926E+05
  0.4102777778E+00  0.8419274654E+05
  0.4105555556E+00  0.8415454380E+05
  0.4108333333E+00  0.8411634219E+05
  0.4111111111E+00  0.8407813945E+05
  0.4113888889E+00  0.8403993673E+05
  0.4116666667E+00  0.8400173399E+05
  0.4119444444E+00  0.8396353159E+05
  0.4122222222E+00  0.8392532898E+05
  0.4125000000E+00  0.8388712624E+05
  0.4127777778E+00  0.8384892352E+05
  0.4130555556E+00  0.8381072078E+05
  0.4133333333E+00  0.8377251805E+05
  0.4136111111E+00  0.8373431544E+05
  0.4138888889E+00  0.8369611270E+05
  0.4141666667E+00  0.8365790998E+05
  0.4144444444E+00  0.8361970758E+05
  0.4147222222E+00  0.8358150497E+05
  0.4150000000E+00  0.8354330223E+05
  0.4152777778E+00  0.8349421182E+05
  0.4155555556E+00  0.8344512174E+05
  0.4158333333E+00  0.8339603133E+05
  0.4161111111E+00  0.8334694124E+05
  0.4163888889E+00  0.8329785216E+05
  0.4166666667E+00  0.8324876175E+05
  0.4169444444E+00  0.8319967167E+05
  0.4172222222E+00  0.8315058126E+05
  0.4175000000E+00  0.8310149130E+05
  0.4177777778E+00  0.8305240087E+05
  0.4180555556E+00  0.8300331079E+05
  0.4183333333E+00  0.8295422172E+05
  0.4186111111E+00  0.8290513131E+05
  0.4188888889E+00  0.8285604123E+05
  0.4191666667E+00  0.8280695082E+05
  0.4194444444E+00  0.8275786073E+05
  0.4197222222E+00  0.8270877031E+05
  0.4200000000E+00  0.8265968024E+05
  0.4202777778E+00  0.8260340697E+05
  0.4205555556E+00  0.8254713305E+05
  0.4208333333E+00  0.8249085868E+05
  0.4211111111E+00  0.8243458441E+05
  0.4213888889E+00  0.8237831149E+05
  0.4216666667E+00  0.8232203723E+05
  0.4219444444E+00  0.8226576319E+05
  0.4222222222E+00  0.8220948892E+05
  0.4225000000E+00  0.8215321567E+05
  0.4227777778E+00  0.8209694163E+05
  0.4230555556E+00  0.8204066736E+05
  0.4233333333E+00  0.8198439311E+05
  0.4236111111E+00  0.8192812007E+05
  0.4238888889E+00  0.8187184580E+05
  0.4241666667E+00  0.8181557188E+05
  0.4244444444E+00  0.8175929851E+05
  0.4247222222E+00  0.8170302424E+05
  0.4250000000E+00  0.8164675031E+05
  0.4252777778E+00  0.8158720818E+05
  0.4255555556E+00  0.8152766649E+05
  0.4258333333E+00  0.8146812436E+05
  0.4261111111E+00  0.8140858255E+05
  0.4263888889E+00  0.8134904053E+05
  0.4266666667E+00  0.8128949873E+05
  0.4269444444E+00  0.8122995660E+05
  0.4272222222E+00  0.8117041491E+05
  0.4275000000E+00  0.8111087277E+05
  0.4277777778E+00  0.8105133097E+05
  0.4280555556E+00  0.8099178895E+05
  0.4283333333E+00  0.8093224715E+05
  0.4286111111E+00  0.8087270545E+05
  0.4288888889E+00  0.8081316332E+05
  0.4291666667E+00  0.8075362152E+05
  0.4294444444E+00  0.8069407950E+05
  0.4297222222E+00  0.8063453769E+05
  0.4300000000E+00  0.8057499555E+05
  0.4302777778E+00  0.8051600054E+05
  0.4305555556E+00  0.8045700542E+05
  0.4308333333E+00  0.8039800996E+05
  0.4311111111E+00  0.8033901394E+05
  0.4313888889E+00  0.8028001881E+05
  0.4316666667E+00  0.8022102368E+05
  0.4319444444E+00  0.8016202867E+05
  0.4322222222E+00  0.8010303321E+05
  0.4325000000E+00  0.8004403708E+05
  0.4327777778E+00  0.7998504195E+05
  0.4330555556E+00  0.7992604694E+05
  0.4333333333E+00  0.7986705148E+05
  0.4336111111E+00  0.7980805635E+05
  0.4338888889E+00  0.7974906134E+05
  0.4341666667E+00  0.7969006521E+05
  0.4344444444E+00  0.7963107008E+05
  0.4347222222E+00  0.7957207473E+05
  0.4350000000E+00  0.7951307961E+05
  0.4352777778E+00  0.7945805212E+05
  0.4355555556E+00  0.7940302463E+05
  0.4358333333E+00  0.7934799682E+05
  0.4361111111E+00  0.7929296933E+05
  0.4363888889E+00  0.7923794184E+05
  0.4366666667E+00  0.7918291435E+05
  0.4369444444E+00  0.7912788754E+05
  0.4372222222E+00  0.7907286005E+05
  0.4375000000E+00  0.7901783256E+05
  0.4377777778E+00  0.7896280507E+05
  0.4380555556E+00  0.7890777726E+05
  0.4383333333E+00  0.7885274977E+05
  0.4386111111E+00  0.7879772228E+05
  0.4388888889E+00  0.7874269479E+05
  0.4391666667E+00  0.7868766751E+05
  0.4394444444E+00  0.7863263979E+05
  0.4397222222E+00  0.7857761231E+05
  0.4400000000E+00  0.7852258492E+05
  0.4402777778E+00  0.7847433905E+05
  0.4405555556E+00  0.7842609363E+05
  0.4408333333E+00  0.7837784810E+05
  0.4411111111E+00  0.7832960213E+05
  0.4413888889E+00  0.7828135672E+05
  0.4416666667E+00  0.7823311118E+05
  0.4419444444E+00  0.7818486543E+05
  0.4422222222E+00  0.7813661989E+05
  0.4425000000E+00  0.7808837426E+05
  0.4427777778E+00  0.7804012851E+05
  0.4430555556E+00  0.7799188298E+05
  0.4433333333E+00  0.7794363744E+05
  0.4436111111E+00  0.7789539169E+05
  0.4438888889E+00  0.7784714606E+05
  0.4441666667E+00  0.7779890053E+05
  0.4444444444E+00  0.7775065478E+05
  0.4447222222E+00  0.7770240924E+05
  0.4450000000E+00  0.7765416362E+05
  0.4452777778E+00  0.7761467443E+05
  0.4455555556E+00  0.7757518503E+05
  0.4458333333E+00  0.7753569564E+05
  0.4461111111E+00  0.7749620636E+05
  0.4463888889E+00  0.7745671730E+05
  0.4466666667E+00  0.7741722800E+05
  0.4469444444E+00  0.7737773873E+05
  0.4472222222E+00  0.7733824933E+05
  0.4475000000E+00  0.7729875994E+05
  0.4477777778E+00  0.7725927065E+05
  0.4480555556E+00  0.7721978136E+05
  0.4483333333E+00  0.7718029230E+05
  0.4486111111E+00  0.7714080302E+05
  0.4488888889E+00  0.7710131363E+05
  0.4491666667E+00  0.7706182424E+05
  0.4494444444E+00  0.7702233505E+05
  0.4497222222E+00  0.7698284565E+05
  0.4500000000E+00  0.7694335627E+05
  0.4502777778E+00  0.7691371035E+05
  0.4505555556E+00  0.7688406400E+05
  0.4508333333E+00  0.7685441809E+05
  0.4511111111E+00  0.7682477174E+05
  0.4513888889E+00  0.7679512572E+05
  0.4516666667E+00  0.7676547946E+05
  0.4519444444E+00  0.7673583345E+05
  0.4522222222E+00  0.7670618720E+05
  0.4525000000E+00  0.7667654109E+05
  0.4527777778E+00  0.7664689484E+05
  0.4530555556E+00  0.7661724859E+05
  0.4533333333E+00  0.7658760258E+05
  0.4536111111E+00  0.7655795622E+05
  0.4538888889E+00  0.7652831020E+05
  0.4541666667E+00  0.7649866395E+05
  0.4544444444E+00  0.7646901804E+05
  0.4547222222E+00  0.7643937158E+05
  0.4550000000E+00  0.7640972567E+05
  0.4552777778E+00  0.7639009123E+05
  0.4555555556E+00  0.7637045680E+05
  0.4558333333E+00  0.7635082268E+05
  0.4561111111E+00  0.7633118825E+05
  0.4563888889E+00  0.7631155424E+05
  0.4566666667E+00  0.7629191981E+05
  0.4569444444E+00  0.7627228525E+05
  0.4572222222E+00  0.7625265125E+05
  0.4575000000E+00  0.7623301681E+05
  0.4577777778E+00  0.7621338271E+05
  0.4580555556E+00  0.7619374837E+05
  0.4583333333E+00  0.7617411382E+05
  0.4586111111E+00  0.7615447972E+05
  0.4588888889E+00  0.7613484539E+05
  0.4591666667E+00  0.7611521128E+05
  0.4594444444E+00  0.7609557674E+05
  0.4597222222E+00  0.7607594240E+05
  0.4600000000E+00  0.7605630830E+05
  0.4602777778E+00  0.7604595770E+05
  0.4605555556E+00  0.7603560687E+05
  0.4608333333E+00  0.7602525629E+05
  0.4611111111E+00  0.7601490570E+05
  0.4613888889E+00  0.7600455511E+05
  0.4616666667E+00  0.7599420440E+05
  0.4619444444E+00  0.7598385381E+05
  0.4622222222E+00  0.7597350321E+05
  0.4625000000E+00  0.7596315229E+05
  0.4627777778E+00  0.7595280179E+05
  0.4630555556E+00  0.7594245120E+05
  0.4633333333E+00  0.7593210062E+05
  0.4636111111E+00  0.7592174969E+05
  0.4638888889E+00  0.7591139930E+05
  0.4641666667E+00  0.7590104872E+05
  0.4644444444E+00  0.7589069779E+05
  0.4647222222E+00  0.7588034720E+05
  0.4650000000E+00  0.7586999672E+05
  0.4652777778E+00  0.7586742805E+05
  0.4655555556E+00  0.7586485971E+05
  0.4658333333E+00  0.7586229126E+05
  0.4661111111E+00  0.7585972293E+05
  0.4663888889E+00  0.7585715468E+05
  0.4666666667E+00  0.7585458602E+05
  0.4669444444E+00  0.7585201779E+05
  0.4672222222E+00  0.7584944913E+05
  0.4675000000E+00  0.7584688100E+05
  0.4677777778E+00  0.7584431233E+05
  0.4680555556E+00  0.7584174400E+05
  0.4683333333E+00  0.7583917544E+05
  0.4686111111E+00  0.7583660710E+05
  0.4688888889E+00  0.7583403865E+05
  0.4691666667E+00  0.7583147032E+05
  0.4694444444E+00  0.7582890175E+05
  0.4697222222E+00  0.7582633341E+05
  0.4700000000E+00  0.7582376484E+05
  0.4702777778E+00  0.7582686271E+05
  0.4705555556E+00  0.7582996079E+05
  0.4708333333E+00  0.7583305876E+05
  0.4711111111E+00  0.7583615673E+05
  0.4713888889E+00  0.7583925469E+05
  0.4716666667E+00  0.7584235256E+05
  0.4719444444E+00  0.7584545053E+05
  0.4722222222E+00  0.7584854850E+05
  0.4725000000E+00  0.7585164613E+05
  0.4727777778E+00  0.7585474409E+05
  0.4730555556E+00  0.7585784206E+05
  0.4733333333E+00  0.7586093993E+05
  0.4736111111E+00  0.7586403788E+05
  0.4738888889E+00  0.7586713585E+05
  0.4741666667E+00  0.7587023393E+05
  0.4744444444E+00  0.7587333190E+05
  0.4747222222E+00  0.7587642987E+05
  0.4750000000E+00  0.7587952773E+05
  0.4752777778E+00  0.7588578531E+05
  0.4755555556E+00  0.7589204256E+05
  0.4758333333E+00  0.7589830016E+05
  0.4761111111E+00  0.7590455774E+05
  0.4763888889E+00  0.7591081522E+05
  0.4766666667E+00  0.7591707291E+05
  0.4769444444E+00  0.7592333049E+05
  0.4772222222E+00  0.7592958764E+05
  0.4775000000E+00  0.7593584533E+05
  0.4777777778E+00  0.7594210281E+05
  0.4780555556E+00  0.7594836052E+05
  0.4783333333E+00  0.7595461810E+05
  0.4786111111E+00  0.7596087558E+05
  0.4788888889E+00  0.7596713294E+05
  0.4791666667E+00  0.7597339042E+05
  0.4794444444E+00  0.7597964800E+05
  0.4797222222E+00  0.7598590560E+05
  0.4800000000E+00  0.7599216318E+05
  0.4802777778E+00  0.7599887596E+05
  0.4805555556E+00  0.7600558864E+05
  0.4808333333E+00  0.7601230144E+05
  0.4811111111E+00  0.7601901422E+05
  0.4813888889E+00  0.7602572690E+05
  0.4816666667E+00  0.7603243969E+05
  0.4819444444E+00  0.7603915248E+05
  0.4822222222E+00  0.7604586527E+05
  0.4825000000E+00  0.7605257795E+05
  0.4827777778E+00  0.7605929107E+05
  0.4830555556E+00  0.7606600387E+05
  0.4833333333E+00  0.7607271665E+05
  0.4836111111E+00  0.7607942933E+05
  0.4838888889E+00  0.7608614223E+05
  0.4841666667E+00  0.7609285491E+05
  0.4844444444E+00  0.7609956759E+05
  0.4847222222E+00  0.7610628038E+05
  0.4850000000E+00  0.7611299318E+05
  0.4852777778E+00  0.7611752495E+05
  0.4855555556E+00  0.7612205640E+05
  0.4858333333E+00  0.7612658828E+05
  0.4861111111E+00  0.7613111973E+05
  0.4863888889E+00  0.7613565151E+05
  0.4866666667E+00  0.7614018306E+05
  0.4869444444E+00  0.7614471484E+05
  0.4872222222E+00  0.7614924629E+05
  0.4875000000E+00  0.7615377817E+05
  0.4877777778E+00  0.7615830962E+05
  0.4880555556E+00  0.7616284140E+05
  0.4883333333E+00  0.7616737285E+05
  0.4886111111E+00  0.7617190430E+05
  0.4888888889E+00  0.7617643608E+05
  0.4891666667E+00  0.7618096763E+05
  0.4894444444E+00  0.7618549941E+05
  0.4897222222E+00  0.7619003097E+05
  0.4900000000E+00  0.7619456274E+05
  0.4902777778E+00  0.7619453281E+05
  0.4905555556E+00  0.7619450288E+05
  0.4908333333E+00  0.7619447294E+05
  0.4911111111E+00  0.7619444300E+05
  0.4913888889E+00  0.7619441340E+05
  0.4916666667E+00  0.7619438358E+05
  0.4919444444E+00  0.7619435374E+05
  0.4922222222E+00  0.7619432380E+05
  0.4925000000E+00  0.7619429386E+05
  0.4927777778E+00  0.7619426393E+05
  0.4930555556E+00  0.7619423399E+05
  0.4933333333E+00  0.7619420439E+05
  0.4936111111E+00  0.7619417446E+05
  0.4938888889E+00  0.7619414452E+05
  0.4941666667E+00  0.7619411458E+05
  0.4944444444E+00  0.7619408475E+05
  0.4947222222E+00  0.7619405482E+05
  0.4950000000E+00  0.7619402488E+05
