  0.1027777778E-01  0.2230934905E+08
  0.1055555556E-01  0.2228665827E+08
  0.1083333333E-01  0.2226396760E+08
  0.1111111111E-01  0.2224127682E+08
  0.1138888889E-01  0.2221858614E+08
  0.1166666667E-01  0.2219589535E+08
  0.1194444444E-01  0.2217320458E+08
  0.1222222222E-01  0.2215051380E+08
  0.1250000000E-01  0.2212782313E+08
  0.1277777778E-01  0.2210513269E+08
  0.1305555556E-01  0.2208244202E+08
  0.1333333333E-01  0.2205975124E+08
  0.1361111111E-01  0.2203706057E+08
  0.1388888889E-01  0.2201436979E+08
  0.1416666667E-01  0.2199167912E+08
  0.1444444444E-01  0.2196898824E+08
  0.1472222222E-01  0.2194629757E+08
  0.1500000000E-01  0.2192360679E+08
  0.1527777778E-01  0.2189249892E+08
  0.1555555556E-01  0.2186139095E+08
  0.1583333333E-01  0.2183028309E+08
  0.1611111111E-01  0.2179917511E+08
  0.1638888889E-01  0.2176806725E+08
  0.1666666667E-01  0.2173695928E+08
  0.1694444444E-01  0.2170585143E+08
  0.1722222222E-01  0.2167474356E+08
  0.1750000000E-01  0.2164363559E+08
  0.1777777778E-01  0.2161252773E+08
  0.1805555556E-01  0.2158141976E+08
  0.1833333333E-01  0.2155031189E+08
  0.1861111111E-01  0.2151920392E+08
  0.1888888889E-01  0.2148809573E+08
  0.1916666667E-01  0.2145698775E+08
  0.1944444444E-01  0.2142587989E+08
  0.1972222222E-01  0.2139477203E+08
  0.2000000000E-01  0.2136366407E+08
  0.2027777778E-01  0.2132475514E+08
  0.2055555556E-01  0.2128584610E+08
  0.2083333333E-01  0.2124693719E+08
  0.2111111111E-01  0.2120802793E+08
  0.2138888889E-01  0.2116911903E+08
  0.2166666667E-01  0.2113020977E+08
  0.2194444444E-01  0.2109130096E+08
  0.2222222222E-01  0.2105239172E+08
  0.2250000000E-01  0.2101348290E+08
  0.2277777778E-01  0.2097457365E+08
  0.2305555556E-01  0.2093566451E+08
  0.2333333333E-01  0.2089675559E+08
  0.2361111111E-01  0.2085784635E+08
  0.2388888889E-01  0.2081893743E+08
  0.2416666667E-01  0.2078002818E+08
  0.2444444444E-01  0.2074111947E+08
  0.2472222222E-01  0.2070221022E+08
  0.2500000000E-01  0.2066330131E+08
  0.2527777778E-01  0.2061736308E+08
  0.2555555556E-01  0.2057142518E+08
  0.2583333333E-01  0.2052548706E+08
  0.2611111111E-01  0.2047954907E+08
  0.2638888889E-01  0.2043361094E+08
  0.2666666667E-01  0.2038767294E+08
  0.2694444444E-01  0.2034173481E+08
  0.2722222222E-01  0.2029579681E+08
  0.2750000000E-01  0.2024985903E+08
  0.2777777778E-01  0.2020392069E+08
  0.2805555556E-01  0.2015798290E+08
  0.2833333333E-01  0.2011204467E+08
  0.2861111111E-01  0.2006610678E+08
  0.2888888889E-01  0.2002016854E+08
  0.2916666667E-01  0.1997423066E+08
  0.2944444444E-01  0.1992829242E+08
  0.2972222222E-01  0.1988235453E+08
  0.3000000000E-01  0.1983641630E+08
  0.3027777778E-01  0.1978435045E+08
  0.3055555556E-01  0.1973228426E+08
  0.3083333333E-01  0.1968021817E+08
  0.3111111111E-01  0.1962815187E+08
  0.3138888889E-01  0.1957608569E+08
  0.3166666667E-01  0.1952401960E+08
  0.3194444444E-01  0.1947195375E+08
  0.3222222222E-01  0.1941988757E+08
  0.3250000000E-01  0.1936782127E+08
  0.3277777778E-01  0.1931575518E+08
  0.3305555556E-01  0.1926368900E+08
  0.3333333333E-01  0.1921162281E+08
  0.3361111111E-01  0.1915955694E+08
  0.3388888889E-01  0.1910749077E+08
  0.3416666667E-01  0.1905542458E+08
  0.3444444444E-01  0.1900335839E+08
  0.3472222222E-01  0.1895129231E+08
  0.3500000000E-01  0.1889922601E+08
  0.3527777778E-01  0.1884200901E+08
  0.3555555556E-01  0.1878479192E+08
  0.3583333333E-01  0.1872757493E+08
  0.3611111111E-01  0.1867035762E+08
  0.3638888889E-01  0.1861314062E+08
  0.3666666667E-01  0.1855592353E+08
  0.3694444444E-01  0.1849870654E+08
  0.3722222222E-01  0.1844148921E+08
  0.3750000000E-01  0.1838427222E+08
  0.3777777778E-01  0.1832705514E+08
  0.3805555556E-01  0.1826983814E+08
  0.3833333333E-01  0.1821262082E+08
  0.3861111111E-01  0.1815540383E+08
  0.3888888889E-01  0.1809818673E+08
  0.3916666667E-01  0.1804096941E+08
  0.3944444444E-01  0.1798375242E+08
  0.3972222222E-01  0.1792653543E+08
  0.4000000000E-01  0.1786931834E+08
  0.4027777778E-01  0.1780800623E+08
  0.4055555556E-01  0.1774669435E+08
  0.4083333333E-01  0.1768538213E+08
  0.4111111111E-01  0.1762407024E+08
  0.4138888889E-01  0.1756275836E+08
  0.4166666667E-01  0.1750144615E+08
  0.4194444444E-01  0.1744013426E+08
  0.4222222222E-01  0.1737882216E+08
  0.4250000000E-01  0.1731751017E+08
  0.4277777778E-01  0.1725619829E+08
  0.4305555556E-01  0.1719488618E+08
  0.4333333333E-01  0.1713357430E+08
  0.4361111111E-01  0.1707226197E+08
  0.4388888889E-01  0.1701095009E+08
  0.4416666667E-01  0.1694963831E+08
  0.4444444444E-01  0.1688832609E+08
  0.4472222222E-01  0.1682701423E+08
  0.4500000000E-01  0.1676570200E+08
  0.4527777778E-01  0.1670138207E+08
  0.4555555556E-01  0.1663706211E+08
  0.4583333333E-01  0.1657274184E+08
  0.4611111111E-01  0.1650842190E+08
  0.4638888889E-01  0.1644410207E+08
  0.4666666667E-01  0.1637978169E+08
  0.4694444444E-01  0.1631546175E+08
  0.4722222222E-01  0.1625114181E+08
  0.4750000000E-01  0.1618682164E+08
  0.4777777778E-01  0.1612250170E+08
  0.4805555556E-01  0.1605818166E+08
  0.4833333333E-01  0.1599386138E+08
  0.4861111111E-01  0.1592954155E+08
  0.4888888889E-01  0.1586522161E+08
  0.4916666667E-01  0.1580090133E+08
  0.4944444444E-01  0.1573658129E+08
  0.4972222222E-01  0.1567226146E+08
  0.5000000000E-01  0.1560794118E+08
  0.5027777778E-01  0.1554170415E+08
  0.5055555556E-01  0.1547546712E+08
  0.5083333333E-01  0.1540923053E+08
  0.5111111111E-01  0.1534299351E+08
  0.5138888889E-01  0.1527675647E+08
  0.5166666667E-01  0.1521051945E+08
  0.5194444444E-01  0.1514428252E+08
  0.5222222222E-01  0.1507804539E+08
  0.5250000000E-01  0.1501180846E+08
  0.5277777778E-01  0.1494557144E+08
  0.5305555556E-01  0.1487933441E+08
  0.5333333333E-01  0.1481309738E+08
  0.5361111111E-01  0.1474686046E+08
  0.5388888889E-01  0.1468062342E+08
  0.5416666667E-01  0.1461438640E+08
  0.5444444444E-01  0.1454814947E+08
  0.5472222222E-01  0.1448191234E+08
  0.5500000000E-01  0.1441567542E+08
  0.5527777778E-01  0.1434858666E+08
  0.5555555556E-01  0.1428149756E+08
  0.5583333333E-01  0.1421440847E+08
  0.5611111111E-01  0.1414731982E+08
  0.5638888889E-01  0.1408023073E+08
  0.5666666667E-01  0.1401314207E+08
  0.5694444444E-01  0.1394605298E+08
  0.5722222222E-01  0.1387896388E+08
  0.5750000000E-01  0.1381187512E+08
  0.5777777778E-01  0.1374478603E+08
  0.5805555556E-01  0.1367769694E+08
  0.5833333333E-01  0.1361060828E+08
  0.5861111111E-01  0.1354351919E+08
  0.5888888889E-01  0.1347643054E+08
  0.5916666667E-01  0.1340934144E+08
  0.5944444444E-01  0.1334225235E+08
  0.5972222222E-01  0.1327516359E+08
  0.6000000000E-01  0.1320807450E+08
  0.6027777778E-01  0.1314115281E+08
  0.6055555556E-01  0.1307423091E+08
  0.6083333333E-01  0.1300730888E+08
  0.6111111111E-01  0.1294038698E+08
  0.6138888889E-01  0.1287346519E+08
  0.6166666667E-01  0.1280654317E+08
  0.6194444444E-01  0.1273962127E+08
  0.6222222222E-01  0.1267269958E+08
  0.6250000000E-01  0.1260577767E+08
  0.6277777778E-01  0.1253885565E+08
  0.6305555556E-01  0.1247193398E+08
  0.6333333333E-01  0.1240501196E+08
  0.6361111111E-01  0.1233808994E+08
  0.6388888889E-01  0.1227116827E+08
  0.6416666667E-01  0.1220424635E+08
  0.6444444444E-01  0.1213732444E+08
  0.6472222222E-01  0.1207040252E+08
  0.6500000000E-01  0.1200348071E+08
  0.6527777778E-01  0.1193766697E+08
  0.6555555556E-01  0.1187185314E+08
  0.6583333333E-01  0.1180603930E+08
  0.6611111111E-01  0.1174022553E+08
  0.6638888889E-01  0.1167441181E+08
  0.6666666667E-01  0.1160859807E+08
  0.6694444444E-01  0.1154278420E+08
  0.6722222222E-01  0.1147697046E+08
  0.6750000000E-01  0.1141115662E+08
  0.6777777778E-01  0.1134534296E+08
  0.6805555556E-01  0.1127952912E+08
  0.6833333333E-01  0.1121371539E+08
  0.6861111111E-01  0.1114790152E+08
  0.6888888889E-01  0.1108208789E+08
  0.6916666667E-01  0.1101627405E+08
  0.6944444444E-01  0.1095046032E+08
  0.6972222222E-01  0.1088464644E+08
  0.7000000000E-01  0.1081883271E+08
  0.7027777778E-01  0.1075497639E+08
  0.7055555556E-01  0.1069112007E+08
  0.7083333333E-01  0.1062726365E+08
  0.7111111111E-01  0.1056340733E+08
  0.7138888889E-01  0.1049955105E+08
  0.7166666667E-01  0.1043569473E+08
  0.7194444444E-01  0.1037183844E+08
  0.7222222222E-01  0.1030798211E+08
  0.7250000000E-01  0.1024412579E+08
  0.7277777778E-01  0.1018026948E+08
  0.7305555556E-01  0.1011641315E+08
  0.7333333333E-01  0.1005255683E+08
  0.7361111111E-01  0.9988700511E+07
  0.7388888889E-01  0.9924844223E+07
  0.7416666667E-01  0.9860987897E+07
  0.7444444444E-01  0.9797131580E+07
  0.7472222222E-01  0.9733275259E+07
  0.7500000000E-01  0.9669418932E+07
  0.7527777778E-01  0.9608256513E+07
  0.7555555556E-01  0.9547094159E+07
  0.7583333333E-01  0.9485931729E+07
  0.7611111111E-01  0.9424769274E+07
  0.7638888889E-01  0.9363606844E+07
  0.7666666667E-01  0.9302444490E+07
  0.7694444444E-01  0.9241282060E+07
  0.7722222222E-01  0.9180119605E+07
  0.7750000000E-01  0.9118957175E+07
  0.7777777778E-01  0.9057794724E+07
  0.7805555556E-01  0.8996632402E+07
  0.7833333333E-01  0.8935469939E+07
  0.7861111111E-01  0.8874307518E+07
  0.7888888889E-01  0.8813145054E+07
  0.7916666667E-01  0.8751982734E+07
  0.7944444444E-01  0.8690820270E+07
  0.7972222222E-01  0.8629657850E+07
  0.8000000000E-01  0.8568495398E+07
  0.8027777778E-01  0.8510645912E+07
  0.8055555556E-01  0.8452796427E+07
  0.8083333333E-01  0.8394946941E+07
  0.8111111111E-01  0.8337097456E+07
  0.8138888889E-01  0.8279247971E+07
  0.8166666667E-01  0.8221398485E+07
  0.8194444444E-01  0.8163548966E+07
  0.8222222222E-01  0.8105699482E+07
  0.8250000000E-01  0.8047849996E+07
  0.8277777778E-01  0.7990000510E+07
  0.8305555556E-01  0.7932151025E+07
  0.8333333333E-01  0.7874301540E+07
  0.8361111111E-01  0.7816452022E+07
  0.8388888889E-01  0.7758602536E+07
  0.8416666667E-01  0.7700753050E+07
  0.8444444444E-01  0.7642903465E+07
  0.8472222222E-01  0.7585053980E+07
  0.8500000000E-01  0.7527204494E+07
  0.8527777778E-01  0.7473156892E+07
  0.8555555556E-01  0.7419109288E+07
  0.8583333333E-01  0.7365061618E+07
  0.8611111111E-01  0.7311014016E+07
  0.8638888889E-01  0.7256966313E+07
  0.8666666667E-01  0.7202918743E+07
  0.8694444444E-01  0.7148871141E+07
  0.8722222222E-01  0.7094823437E+07
  0.8750000000E-01  0.7040775867E+07
  0.8777777778E-01  0.6986728165E+07
  0.8805555556E-01  0.6932680551E+07
  0.8833333333E-01  0.6878632981E+07
  0.8861111111E-01  0.6824585278E+07
  0.8888888889E-01  0.6770537675E+07
  0.8916666667E-01  0.6716489972E+07
  0.8944444444E-01  0.6662442403E+07
  0.8972222222E-01  0.6608394800E+07
  0.9000000000E-01  0.6554347096E+07
  0.9027777778E-01  0.6504462859E+07
  0.9055555556E-01  0.6454578531E+07
  0.9083333333E-01  0.6404694259E+07
  0.9111111111E-01  0.6354809922E+07
  0.9138888889E-01  0.6304925695E+07
  0.9166666667E-01  0.6255041323E+07
  0.9194444444E-01  0.6205157084E+07
  0.9222222222E-01  0.6155272758E+07
  0.9250000000E-01  0.6105388486E+07
  0.9277777778E-01  0.6055504148E+07
  0.9305555556E-01  0.6005619821E+07
  0.9333333333E-01  0.5955735549E+07
  0.9361111111E-01  0.5905851211E+07
  0.9388888889E-01  0.5855966983E+07
  0.9416666667E-01  0.5806082613E+07
  0.9444444444E-01  0.5756198374E+07
  0.9472222222E-01  0.5706314047E+07
  0.9500000000E-01  0.5656429776E+07
  0.9527777778E-01  0.5610943939E+07
  0.9555555556E-01  0.5565458202E+07
  0.9583333333E-01  0.5519972466E+07
  0.9611111111E-01  0.5474486663E+07
  0.9638888889E-01  0.5429000915E+07
  0.9666666667E-01  0.5383515079E+07
  0.9694444444E-01  0.5338029342E+07
  0.9722222222E-01  0.5292543565E+07
  0.9750000000E-01  0.5247057790E+07
  0.9777777778E-01  0.5201572013E+07
  0.9805555556E-01  0.5156086236E+07
  0.9833333333E-01  0.5110600450E+07
  0.9861111111E-01  0.5065114706E+07
  0.9888888889E-01  0.5019628929E+07
  0.9916666667E-01  0.4974143154E+07
  0.9944444444E-01  0.4928657377E+07
  0.9972222222E-01  0.4883171589E+07
  0.1000000000E+00  0.4837685813E+07
  0.1002777778E+00  0.4796710700E+07
  0.1005555556E+00  0.4755735597E+07
  0.1008333333E+00  0.4714760450E+07
  0.1011111111E+00  0.4673785337E+07
  0.1013888889E+00  0.4632810224E+07
  0.1016666667E+00  0.4591835121E+07
  0.1019444444E+00  0.4550859963E+07
  0.1022222222E+00  0.4509884861E+07
  0.1025000000E+00  0.4468909758E+07
  0.1027777778E+00  0.4427934634E+07
  0.1030555556E+00  0.4386959498E+07
  0.1033333333E+00  0.4345984384E+07
  0.1036111111E+00  0.4305009271E+07
  0.1038888889E+00  0.4264034168E+07
  0.1041666667E+00  0.4223059021E+07
  0.1044444444E+00  0.4182083918E+07
  0.1047222222E+00  0.4141108794E+07
  0.1050000000E+00  0.4100133692E+07
  0.1052777778E+00  0.4063675329E+07
  0.1055555556E+00  0.4027216977E+07
  0.1058333333E+00  0.3990758625E+07
  0.1061111111E+00  0.3954300296E+07
  0.1063888889E+00  0.3917841944E+07
  0.1066666667E+00  0.3881383582E+07
  0.1069444444E+00  0.3844925274E+07
  0.1072222222E+00  0.3808466912E+07
  0.1075000000E+00  0.3772008560E+07
  0.1077777778E+00  0.3735550198E+07
  0.1080555556E+00  0.3699091879E+07
  0.1083333333E+00  0.3662633527E+07
  0.1086111111E+00  0.3626175165E+07
  0.1088888889E+00  0.3589716812E+07
  0.1091666667E+00  0.3553258484E+07
  0.1094444444E+00  0.3516800131E+07
  0.1097222222E+00  0.3480341780E+07
  0.1100000000E+00  0.3443883462E+07
  0.1102777778E+00  0.3411846164E+07
  0.1105555556E+00  0.3379808877E+07
  0.1108333333E+00  0.3347771589E+07
  0.1111111111E+00  0.3315734325E+07
  0.1113888889E+00  0.3283697037E+07
  0.1116666667E+00  0.3251659750E+07
  0.1119444444E+00  0.3219622486E+07
  0.1122222222E+00  0.3187585198E+07
  0.1125000000E+00  0.3155547911E+07
  0.1127777778E+00  0.3123510647E+07
  0.1130555556E+00  0.3091473359E+07
  0.1133333333E+00  0.3059436071E+07
  0.1136111111E+00  0.3027398774E+07
  0.1138888889E+00  0.2995361520E+07
  0.1141666667E+00  0.2963324232E+07
  0.1144444444E+00  0.2931286935E+07
  0.1147222222E+00  0.2899249680E+07
  0.1150000000E+00  0.2867212393E+07
  0.1152777778E+00  0.2839418091E+07
  0.1155555556E+00  0.2811623832E+07
  0.1158333333E+00  0.2783829574E+07
  0.1161111111E+00  0.2756035293E+07
  0.1163888889E+00  0.2728241035E+07
  0.1166666667E+00  0.2700446743E+07
  0.1169444444E+00  0.2672652485E+07
  0.1172222222E+00  0.2644858183E+07
  0.1175000000E+00  0.2617063924E+07
  0.1177777778E+00  0.2589269643E+07
  0.1180555556E+00  0.2561475385E+07
  0.1183333333E+00  0.2533681126E+07
  0.1186111111E+00  0.2505886835E+07
  0.1188888889E+00  0.2478092576E+07
  0.1191666667E+00  0.2450298274E+07
  0.1194444444E+00  0.2422504016E+07
  0.1197222222E+00  0.2394709735E+07
  0.1200000000E+00  0.2366915477E+07
  0.1202777778E+00  0.2343117271E+07
  0.1205555556E+00  0.2319319088E+07
  0.1208333333E+00  0.2295520884E+07
  0.1211111111E+00  0.2271722678E+07
  0.1213888889E+00  0.2247924462E+07
  0.1216666667E+00  0.2224126300E+07
  0.1219444444E+00  0.2200328085E+07
  0.1222222222E+00  0.2176529879E+07
  0.1225000000E+00  0.2152731696E+07
  0.1227777778E+00  0.2128933502E+07
  0.1230555556E+00  0.2105135286E+07
  0.1233333333E+00  0.2081337103E+07
  0.1236111111E+00  0.2057538908E+07
  0.1238888889E+00  0.2033740693E+07
  0.1241666667E+00  0.2009942487E+07
  0.1244444444E+00  0.1986144315E+07
  0.1247222222E+00  0.1962346110E+07
  0.1250000000E+00  0.1938547894E+07
  0.1252777778E+00  0.1918445687E+07
  0.1255555556E+00  0.1898343437E+07
  0.1258333333E+00  0.1878241198E+07
  0.1261111111E+00  0.1858138981E+07
  0.1263888889E+00  0.1838036730E+07
  0.1266666667E+00  0.1817934481E+07
  0.1269444444E+00  0.1797832241E+07
  0.1272222222E+00  0.1777730034E+07
  0.1275000000E+00  0.1757627785E+07
  0.1277777778E+00  0.1737525545E+07
  0.1280555556E+00  0.1717423328E+07
  0.1283333333E+00  0.1697321077E+07
  0.1286111111E+00  0.1677218828E+07
  0.1288888889E+00  0.1657116621E+07
  0.1291666667E+00  0.1637014371E+07
  0.1294444444E+00  0.1616912132E+07
  0.1297222222E+00  0.1596809892E+07
  0.1300000000E+00  0.1576707675E+07
  0.1302777778E+00  0.1559965287E+07
  0.1305555556E+00  0.1543222888E+07
  0.1308333333E+00  0.1526480500E+07
  0.1311111111E+00  0.1509738113E+07
  0.1313888889E+00  0.1492995724E+07
  0.1316666667E+00  0.1476253326E+07
  0.1319444444E+00  0.1459510948E+07
  0.1322222222E+00  0.1442768550E+07
  0.1325000000E+00  0.1426026161E+07
  0.1327777778E+00  0.1409283763E+07
  0.1330555556E+00  0.1392541385E+07
  0.1333333333E+00  0.1375798997E+07
  0.1336111111E+00  0.1359056598E+07
  0.1338888889E+00  0.1342314221E+07
  0.1341666667E+00  0.1325571823E+07
  0.1344444444E+00  0.1308829434E+07
  0.1347222222E+00  0.1292087035E+07
  0.1350000000E+00  0.1275344658E+07
  0.1352777778E+00  0.1261603242E+07
  0.1355555556E+00  0.1247861826E+07
  0.1358333333E+00  0.1234120410E+07
  0.1361111111E+00  0.1220379038E+07
  0.1363888889E+00  0.1206637633E+07
  0.1366666667E+00  0.1192896216E+07
  0.1369444444E+00  0.1179154811E+07
  0.1372222222E+00  0.1165413384E+07
  0.1375000000E+00  0.1151671979E+07
  0.1377777778E+00  0.1137930607E+07
  0.1380555556E+00  0.1124189190E+07
  0.1383333333E+00  0.1110447785E+07
  0.1386111111E+00  0.1096706369E+07
  0.1388888889E+00  0.1082964953E+07
  0.1391666667E+00  0.1069223570E+07
  0.1394444444E+00  0.1055482165E+07
  0.1397222222E+00  0.1041740760E+07
  0.1400000000E+00  0.1027999343E+07
  0.1402777778E+00  0.1016892301E+07
  0.1405555556E+00  0.1005785259E+07
  0.1408333333E+00  0.9946781824E+06
  0.1411111111E+00  0.9835711296E+06
  0.1413888889E+00  0.9724640980E+06
  0.1416666667E+00  0.9613570118E+06
  0.1419444444E+00  0.9502499724E+06
  0.1422222222E+00  0.9391429096E+06
  0.1425000000E+00  0.9280358679E+06
  0.1427777778E+00  0.9169288151E+06
  0.1430555556E+00  0.9058217523E+06
  0.1433333333E+00  0.8947146995E+06
  0.1436111111E+00  0.8836076479E+06
  0.1438888889E+00  0.8725005951E+06
  0.1441666667E+00  0.8613935323E+06
  0.1444444444E+00  0.8502864906E+06
  0.1447222222E+00  0.8391794412E+06
  0.1450000000E+00  0.8280723784E+06
  0.1452777778E+00  0.8192368199E+06
  0.1455555556E+00  0.8104012615E+06
  0.1458333333E+00  0.8015656918E+06
  0.1461111111E+00  0.7927301367E+06
  0.1463888889E+00  0.7838945760E+06
  0.1466666667E+00  0.7750590052E+06
  0.1469444444E+00  0.7662234445E+06
  0.1472222222E+00  0.7573878839E+06
  0.1475000000E+00  0.7485523231E+06
  0.1477777778E+00  0.7397167624E+06
  0.1480555556E+00  0.7308812018E+06
  0.1483333333E+00  0.7220456410E+06
  0.1486111111E+00  0.7132100792E+06
  0.1488888889E+00  0.7043745085E+06
  0.1491666667E+00  0.6955389477E+06
  0.1494444444E+00  0.6867033871E+06
  0.1497222222E+00  0.6778678264E+06
  0.1500000000E+00  0.6690322657E+06
  0.1502777778E+00  0.6621192476E+06
  0.1505555556E+00  0.6552062184E+06
  0.1508333333E+00  0.6482932036E+06
  0.1511111111E+00  0.6413801855E+06
  0.1513888889E+00  0.6344671662E+06
  0.1516666667E+00  0.6275541515E+06
  0.1519444444E+00  0.6206411233E+06
  0.1522222222E+00  0.6137281041E+06
  0.1525000000E+00  0.6068150859E+06
  0.1527777778E+00  0.5999020701E+06
  0.1530555556E+00  0.5929890419E+06
  0.1533333333E+00  0.5860760238E+06
  0.1536111111E+00  0.5791630079E+06
  0.1538888889E+00  0.5722499898E+06
  0.1541666667E+00  0.5653369605E+06
  0.1544444444E+00  0.5584239457E+06
  0.1547222222E+00  0.5515109277E+06
  0.1550000000E+00  0.5445979084E+06
  0.1552777778E+00  0.5392808186E+06
  0.1555555556E+00  0.5339637289E+06
  0.1558333333E+00  0.5286466491E+06
  0.1561111111E+00  0.5233295593E+06
  0.1563888889E+00  0.5180124784E+06
  0.1566666667E+00  0.5126953887E+06
  0.1569444444E+00  0.5073782989E+06
  0.1572222222E+00  0.5020612191E+06
  0.1575000000E+00  0.4967441294E+06
  0.1577777778E+00  0.4914270385E+06
  0.1580555556E+00  0.4861099587E+06
  0.1583333333E+00  0.4807928689E+06
  0.1586111111E+00  0.4754757792E+06
  0.1588888889E+00  0.4701586994E+06
  0.1591666667E+00  0.4648416085E+06
  0.1594444444E+00  0.4595245187E+06
  0.1597222222E+00  0.4542074390E+06
  0.1600000000E+00  0.4488903492E+06
  0.1602777778E+00  0.4448710468E+06
  0.1605555556E+00  0.4408517454E+06
  0.1608333333E+00  0.4368324330E+06
  0.1611111111E+00  0.4328131317E+06
  0.1613888889E+00  0.4287938293E+06
  0.1616666667E+00  0.4247745179E+06
  0.1619444444E+00  0.4207552155E+06
  0.1622222222E+00  0.4167359101E+06
  0.1625000000E+00  0.4127166048E+06
  0.1627777778E+00  0.4086973004E+06
  0.1630555556E+00  0.4046779950E+06
  0.1633333333E+00  0.4006586906E+06
  0.1636111111E+00  0.3966393852E+06
  0.1638888889E+00  0.3926200809E+06
  0.1641666667E+00  0.3886007756E+06
  0.1644444444E+00  0.3845814701E+06
  0.1647222222E+00  0.3805621658E+06
  0.1650000000E+00  0.3765428603E+06
  0.1652777778E+00  0.3735551938E+06
  0.1655555556E+00  0.3705675272E+06
  0.1658333333E+00  0.3675798606E+06
  0.1661111111E+00  0.3645921940E+06
  0.1663888889E+00  0.3616045308E+06
  0.1666666667E+00  0.3586168642E+06
  0.1669444444E+00  0.3556291976E+06
  0.1672222222E+00  0.3526415310E+06
  0.1675000000E+00  0.3496538644E+06
  0.1677777778E+00  0.3466661979E+06
  0.1680555556E+00  0.3436785313E+06
  0.1683333333E+00  0.3406908647E+06
  0.1686111111E+00  0.3377031980E+06
  0.1688888889E+00  0.3347155315E+06
  0.1691666667E+00  0.3317278682E+06
  0.1694444444E+00  0.3287402016E+06
  0.1697222222E+00  0.3257525350E+06
  0.1700000000E+00  0.3227648684E+06
  0.1702777778E+00  0.3205776350E+06
  0.1705555556E+00  0.3183903962E+06
  0.1708333333E+00  0.3162031628E+06
  0.1711111111E+00  0.3140159284E+06
  0.1713888889E+00  0.3118286940E+06
  0.1716666667E+00  0.3096414606E+06
  0.1719444444E+00  0.3074542262E+06
  0.1722222222E+00  0.3052669916E+06
  0.1725000000E+00  0.3030797539E+06
  0.1727777778E+00  0.3008925205E+06
  0.1730555556E+00  0.2987052861E+06
  0.1733333333E+00  0.2965180526E+06
  0.1736111111E+00  0.2943308182E+06
  0.1738888889E+00  0.2921435837E+06
  0.1741666667E+00  0.2899563460E+06
  0.1744444444E+00  0.2877691125E+06
  0.1747222222E+00  0.2855818782E+06
  0.1750000000E+00  0.2833946438E+06
  0.1752777778E+00  0.2818115074E+06
  0.1755555556E+00  0.2802283700E+06
  0.1758333333E+00  0.2786452335E+06
  0.1761111111E+00  0.2770621005E+06
  0.1763888889E+00  0.2754789640E+06
  0.1766666667E+00  0.2738958266E+06
  0.1769444444E+00  0.2723126902E+06
  0.1772222222E+00  0.2707295539E+06
  0.1775000000E+00  0.2691464174E+06
  0.1777777778E+00  0.2675632834E+06
  0.1780555556E+00  0.2659801469E+06
  0.1783333333E+00  0.2643970106E+06
  0.1786111111E+00  0.2628138742E+06
  0.1788888889E+00  0.2612307368E+06
  0.1791666667E+00  0.2596476004E+06
  0.1794444444E+00  0.2580644674E+06
  0.1797222222E+00  0.2564813310E+06
  0.1800000000E+00  0.2548981936E+06
  0.1802777778E+00  0.2537568693E+06
  0.1805555556E+00  0.2526155418E+06
  0.1808333333E+00  0.2514742165E+06
  0.1811111111E+00  0.2503328923E+06
  0.1813888889E+00  0.2491915670E+06
  0.1816666667E+00  0.2480502394E+06
  0.1819444444E+00  0.2469089142E+06
  0.1822222222E+00  0.2457675899E+06
  0.1825000000E+00  0.2446262624E+06
  0.1827777778E+00  0.2434849382E+06
  0.1830555556E+00  0.2423436139E+06
  0.1833333333E+00  0.2412022876E+06
  0.1836111111E+00  0.2400609600E+06
  0.1838888889E+00  0.2389196358E+06
  0.1841666667E+00  0.2377783115E+06
  0.1844444444E+00  0.2366369830E+06
  0.1847222222E+00  0.2354956588E+06
  0.1850000000E+00  0.2343543334E+06
  0.1852777778E+00  0.2335246134E+06
  0.1855555556E+00  0.2326948967E+06
  0.1858333333E+00  0.2318651778E+06
  0.1861111111E+00  0.2310354578E+06
  0.1863888889E+00  0.2302057411E+06
  0.1866666667E+00  0.2293760199E+06
  0.1869444444E+00  0.2285463022E+06
  0.1872222222E+00  0.2277165821E+06
  0.1875000000E+00  0.2268868643E+06
  0.1877777778E+00  0.2260571476E+06
  0.1880555556E+00  0.2252274264E+06
  0.1883333333E+00  0.2243977087E+06
  0.1886111111E+00  0.2235679886E+06
  0.1888888889E+00  0.2227382708E+06
  0.1891666667E+00  0.2219085507E+06
  0.1894444444E+00  0.2210788330E+06
  0.1897222222E+00  0.2202491152E+06
  0.1900000000E+00  0.2194193951E+06
  0.1902777778E+00  0.2188001319E+06
  0.1905555556E+00  0.2181808687E+06
  0.1908333333E+00  0.2175616055E+06
  0.1911111111E+00  0.2169423422E+06
  0.1913888889E+00  0.2163230801E+06
  0.1916666667E+00  0.2157038169E+06
  0.1919444444E+00  0.2150845537E+06
  0.1922222222E+00  0.2144652905E+06
  0.1925000000E+00  0.2138460273E+06
  0.1927777778E+00  0.2132267641E+06
  0.1930555556E+00  0.2126075009E+06
  0.1933333333E+00  0.2119882387E+06
  0.1936111111E+00  0.2113689755E+06
  0.1938888889E+00  0.2107497123E+06
  0.1941666667E+00  0.2101304491E+06
  0.1944444444E+00  0.2095111859E+06
  0.1947222222E+00  0.2088919227E+06
  0.1950000000E+00  0.2082726605E+06
  0.1952777778E+00  0.2077882755E+06
  0.1955555556E+00  0.2073038905E+06
  0.1958333333E+00  0.2068195033E+06
  0.1961111111E+00  0.2063351183E+06
  0.1963888889E+00  0.2058507333E+06
  0.1966666667E+00  0.2053663461E+06
  0.1969444444E+00  0.2048819611E+06
  0.1972222222E+00  0.2043975761E+06
  0.1975000000E+00  0.2039131922E+06
  0.1977777778E+00  0.2034288039E+06
  0.1980555556E+00  0.2029444199E+06
  0.1983333333E+00  0.2024600360E+06
  0.1986111111E+00  0.2019756477E+06
  0.1988888889E+00  0.2014912627E+06
  0.1991666667E+00  0.2010068788E+06
  0.1994444444E+00  0.2005224905E+06
  0.1997222222E+00  0.2000381055E+06
  0.2000000000E+00  0.1995537216E+06
  0.2002777778E+00  0.1991502233E+06
  0.2005555556E+00  0.1987467208E+06
  0.2008333333E+00  0.1983432225E+06
  0.2011111111E+00  0.1979397222E+06
  0.2013888889E+00  0.1975362207E+06
  0.2016666667E+00  0.1971327214E+06
  0.2019444444E+00  0.1967292232E+06
  0.2022222222E+00  0.1963257240E+06
  0.2025000000E+00  0.1959222224E+06
  0.2027777778E+00  0.1955187231E+06
  0.2030555556E+00  0.1951152249E+06
  0.2033333333E+00  0.1947117257E+06
  0.2036111111E+00  0.1943082241E+06
  0.2038888889E+00  0.1939047249E+06
  0.2041666667E+00  0.1935012266E+06
  0.2044444444E+00  0.1930977241E+06
  0.2047222222E+00  0.1926942258E+06
  0.2050000000E+00  0.1922907276E+06
  0.2052777778E+00  0.1919320315E+06
  0.2055555556E+00  0.1915733388E+06
  0.2058333333E+00  0.1912146427E+06
  0.2061111111E+00  0.1908559499E+06
  0.2063888889E+00  0.1904972527E+06
  0.2066666667E+00  0.1901385600E+06
  0.2069444444E+00  0.1897798639E+06
  0.2072222222E+00  0.1894211711E+06
  0.2075000000E+00  0.1890624750E+06
  0.2077777778E+00  0.1887037823E+06
  0.2080555556E+00  0.1883450851E+06
  0.2083333333E+00  0.1879863923E+06
  0.2086111111E+00  0.1876276996E+06
  0.2088888889E+00  0.1872690035E+06
  0.2091666667E+00  0.1869103107E+06
  0.2094444444E+00  0.1865516135E+06
  0.2097222222E+00  0.1861929208E+06
  0.2100000000E+00  0.1858342247E+06
  0.2102777778E+00  0.1854982744E+06
  0.2105555556E+00  0.1851623196E+06
  0.2108333333E+00  0.1848263693E+06
  0.2111111111E+00  0.1844904156E+06
  0.2113888889E+00  0.1841544653E+06
  0.2116666667E+00  0.1838185106E+06
  0.2119444444E+00  0.1834825603E+06
  0.2122222222E+00  0.1831466100E+06
  0.2125000000E+00  0.1828106552E+06
  0.2127777778E+00  0.1824747049E+06
  0.2130555556E+00  0.1821387512E+06
  0.2133333333E+00  0.1818027998E+06
  0.2136111111E+00  0.1814668462E+06
  0.2138888889E+00  0.1811308959E+06
  0.2141666667E+00  0.1807949456E+06
  0.2144444444E+00  0.1804589908E+06
  0.2147222222E+00  0.1801230405E+06
  0.2150000000E+00  0.1797870868E+06
  0.2152777778E+00  0.1794622045E+06
  0.2155555556E+00  0.1791373232E+06
  0.2158333333E+00  0.1788124375E+06
  0.2161111111E+00  0.1784875552E+06
  0.2163888889E+00  0.1781626738E+06
  0.2166666667E+00  0.1778377882E+06
  0.2169444444E+00  0.1775129068E+06
  0.2172222222E+00  0.1771880245E+06
  0.2175000000E+00  0.1768631389E+06
  0.2177777778E+00  0.1765382575E+06
  0.2180555556E+00  0.1762133752E+06
  0.2183333333E+00  0.1758884895E+06
  0.2186111111E+00  0.1755636082E+06
  0.2188888889E+00  0.1752387259E+06
  0.2191666667E+00  0.1749138412E+06
  0.2194444444E+00  0.1745889589E+06
  0.2197222222E+00  0.1742640765E+06
  0.2200000000E+00  0.1739391930E+06
  0.2202777778E+00  0.1736212421E+06
  0.2205555556E+00  0.1733032879E+06
  0.2208333333E+00  0.1729853337E+06
  0.2211111111E+00  0.1726673795E+06
  0.2213888889E+00  0.1723494253E+06
  0.2216666667E+00  0.1720314755E+06
  0.2219444444E+00  0.1717135224E+06
  0.2222222222E+00  0.1713955682E+06
  0.2225000000E+00  0.1710776140E+06
  0.2227777778E+00  0.1707596632E+06
  0.2230555556E+00  0.1704417089E+06
  0.2233333333E+00  0.1701237547E+06
  0.2236111111E+00  0.1698058027E+06
  0.2238888889E+00  0.1694878518E+06
  0.2241666667E+00  0.1691698976E+06
  0.2244444444E+00  0.1688519434E+06
  0.2247222222E+00  0.1685339892E+06
  0.2250000000E+00  0.1682160350E+06
  0.2252777778E+00  0.1679054393E+06
  0.2255555556E+00  0.1675948382E+06
  0.2258333333E+00  0.1672842370E+06
  0.2261111111E+00  0.1669736380E+06
  0.2263888889E+00  0.1666630368E+06
  0.2266666667E+00  0.1663524390E+06
  0.2269444444E+00  0.1660418388E+06
  0.2272222222E+00  0.1657312388E+06
  0.2275000000E+00  0.1654206376E+06
  0.2277777778E+00  0.1651100364E+06
  0.2280555556E+00  0.1647994374E+06
  0.2283333333E+00  0.1644888396E+06
  0.2286111111E+00  0.1641782384E+06
  0.2288888889E+00  0.1638676382E+06
  0.2291666667E+00  0.1635570382E+06
  0.2294444444E+00  0.1632464370E+06
  0.2297222222E+00  0.1629358369E+06
  0.2300000000E+00  0.1626252402E+06
  0.2302777778E+00  0.1623251442E+06
  0.2305555556E+00  0.1620250493E+06
  0.2308333333E+00  0.1617249544E+06
  0.2311111111E+00  0.1614248586E+06
  0.2313888889E+00  0.1611247637E+06
  0.2316666667E+00  0.1608246688E+06
  0.2319444444E+00  0.1605245739E+06
  0.2322222222E+00  0.1602244791E+06
  0.2325000000E+00  0.1599243842E+06
  0.2327777778E+00  0.1596242883E+06
  0.2330555556E+00  0.1593241934E+06
  0.2333333333E+00  0.1590240986E+06
  0.2336111111E+00  0.1587240070E+06
  0.2338888889E+00  0.1584239122E+06
  0.2341666667E+00  0.1581238162E+06
  0.2344444444E+00  0.1578237203E+06
  0.2347222222E+00  0.1575236254E+06
  0.2350000000E+00  0.1572235306E+06
  0.2352777778E+00  0.1569378866E+06
  0.2355555556E+00  0.1566522450E+06
  0.2358333333E+00  0.1563666009E+06
  0.2361111111E+00  0.1560809570E+06
  0.2363888889E+00  0.1557953153E+06
  0.2366666667E+00  0.1555096714E+06
  0.2369444444E+00  0.1552240274E+06
  0.2372222222E+00  0.1549383857E+06
  0.2375000000E+00  0.1546527418E+06
  0.2377777778E+00  0.1543671001E+06
  0.2380555556E+00  0.1540814572E+06
  0.2383333333E+00  0.1537958121E+06
  0.2386111111E+00  0.1535101704E+06
  0.2388888889E+00  0.1532245265E+06
  0.2391666667E+00  0.1529388825E+06
  0.2394444444E+00  0.1526532408E+06
  0.2397222222E+00  0.1523675969E+06
  0.2400000000E+00  0.1520819519E+06
  0.2402777778E+00  0.1518144186E+06
  0.2405555556E+00  0.1515468851E+06
  0.2408333333E+00  0.1512793518E+06
  0.2411111111E+00  0.1510118141E+06
  0.2413888889E+00  0.1507442808E+06
  0.2416666667E+00  0.1504767463E+06
  0.2419444444E+00  0.1502092096E+06
  0.2422222222E+00  0.1499416763E+06
  0.2425000000E+00  0.1496741418E+06
  0.2427777778E+00  0.1494066052E+06
  0.2430555556E+00  0.1491390708E+06
  0.2433333333E+00  0.1488715385E+06
  0.2436111111E+00  0.1486040007E+06
  0.2438888889E+00  0.1483364674E+06
  0.2441666667E+00  0.1480689330E+06
  0.2444444444E+00  0.1478013997E+06
  0.2447222222E+00  0.1475338629E+06
  0.2450000000E+00  0.1472663285E+06
  0.2452777778E+00  0.1470195000E+06
  0.2455555556E+00  0.1467726670E+06
  0.2458333333E+00  0.1465258374E+06
  0.2461111111E+00  0.1462790089E+06
  0.2463888889E+00  0.1460321759E+06
  0.2466666667E+00  0.1457853463E+06
  0.2469444444E+00  0.1455385135E+06
  0.2472222222E+00  0.1452916838E+06
  0.2475000000E+00  0.1450448542E+06
  0.2477777778E+00  0.1447980224E+06
  0.2480555556E+00  0.1445511928E+06
  0.2483333333E+00  0.1443043631E+06
  0.2486111111E+00  0.1440575313E+06
  0.2488888889E+00  0.1438107017E+06
  0.2491666667E+00  0.1435638720E+06
  0.2494444444E+00  0.1433170402E+06
  0.2497222222E+00  0.1430702106E+06
  0.2500000000E+00  0.1428233776E+06
  0.2502777778E+00  0.1425982899E+06
  0.2505555556E+00  0.1423732032E+06
  0.2508333333E+00  0.1421481121E+06
  0.2511111111E+00  0.1419230253E+06
  0.2513888889E+00  0.1416979343E+06
  0.2516666667E+00  0.1414728475E+06
  0.2519444444E+00  0.1412477565E+06
  0.2522222222E+00  0.1410226708E+06
  0.2525000000E+00  0.1407975798E+06
  0.2527777778E+00  0.1405724930E+06
  0.2530555556E+00  0.1403474020E+06
  0.2533333333E+00  0.1401223152E+06
  0.2536111111E+00  0.1398972242E+06
  0.2538888889E+00  0.1396721374E+06
  0.2541666667E+00  0.1394470463E+06
  0.2544444444E+00  0.1392219596E+06
  0.2547222222E+00  0.1389968719E+06
  0.2550000000E+00  0.1387717818E+06
  0.2552777778E+00  0.1385679758E+06
  0.2555555556E+00  0.1383641707E+06
  0.2558333333E+00  0.1381603657E+06
  0.2561111111E+00  0.1379565606E+06
  0.2563888889E+00  0.1377527556E+06
  0.2566666667E+00  0.1375489494E+06
  0.2569444444E+00  0.1373451434E+06
  0.2572222222E+00  0.1371413350E+06
  0.2575000000E+00  0.1369375300E+06
  0.2577777778E+00  0.1367337249E+06
  0.2580555556E+00  0.1365299199E+06
  0.2583333333E+00  0.1363261148E+06
  0.2586111111E+00  0.1361223098E+06
  0.2588888889E+00  0.1359185038E+06
  0.2591666667E+00  0.1357146987E+06
  0.2594444444E+00  0.1355108926E+06
  0.2597222222E+00  0.1353070875E+06
  0.2600000000E+00  0.1351032825E+06
  0.2602777778E+00  0.1349186963E+06
  0.2605555556E+00  0.1347341112E+06
  0.2608333333E+00  0.1345495226E+06
  0.2611111111E+00  0.1343649364E+06
  0.2613888889E+00  0.1341803502E+06
  0.2616666667E+00  0.1339957661E+06
  0.2619444444E+00  0.1338111796E+06
  0.2622222222E+00  0.1336265931E+06
  0.2625000000E+00  0.1334420075E+06
  0.2627777778E+00  0.1332574221E+06
  0.2630555556E+00  0.1330728352E+06
  0.2633333333E+00  0.1328882487E+06
  0.2636111111E+00  0.1327036632E+06
  0.2638888889E+00  0.1325190777E+06
  0.2641666667E+00  0.1323344912E+06
  0.2644444444E+00  0.1321499053E+06
  0.2647222222E+00  0.1319653188E+06
  0.2650000000E+00  0.1317807323E+06
  0.2652777778E+00  0.1316121205E+06
  0.2655555556E+00  0.1314435085E+06
  0.2658333333E+00  0.1312748967E+06
  0.2661111111E+00  0.1311062835E+06
  0.2663888889E+00  0.1309376707E+06
  0.2666666667E+00  0.1307690586E+06
  0.2669444444E+00  0.1306004458E+06
  0.2672222222E+00  0.1304318337E+06
  0.2675000000E+00  0.1302632209E+06
  0.2677777778E+00  0.1300946078E+06
  0.2680555556E+00  0.1299259960E+06
  0.2683333333E+00  0.1297573829E+06
  0.2686111111E+00  0.1295887711E+06
  0.2688888889E+00  0.1294201579E+06
  0.2691666667E+00  0.1292515458E+06
  0.2694444444E+00  0.1290829330E+06
  0.2697222222E+00  0.1289143199E+06
  0.2700000000E+00  0.1287457081E+06
  0.2702777778E+00  0.1285889936E+06
  0.2705555556E+00  0.1284322776E+06
  0.2708333333E+00  0.1282755619E+06
  0.2711111111E+00  0.1281188462E+06
  0.2713888889E+00  0.1279621316E+06
  0.2716666667E+00  0.1278054156E+06
  0.2719444444E+00  0.1276486999E+06
  0.2722222222E+00  0.1274919854E+06
  0.2725000000E+00  0.1273352697E+06
  0.2727777778E+00  0.1271785537E+06
  0.2730555556E+00  0.1270218380E+06
  0.2733333333E+00  0.1268651224E+06
  0.2736111111E+00  0.1267084077E+06
  0.2738888889E+00  0.1265516917E+06
  0.2741666667E+00  0.1263949760E+06
  0.2744444444E+00  0.1262382615E+06
  0.2747222222E+00  0.1260815458E+06
  0.2750000000E+00  0.1259248298E+06
  0.2752777778E+00  0.1257754269E+06
  0.2755555556E+00  0.1256260251E+06
  0.2758333333E+00  0.1254766212E+06
  0.2761111111E+00  0.1253272194E+06
  0.2763888889E+00  0.1251778165E+06
  0.2766666667E+00  0.1250284137E+06
  0.2769444444E+00  0.1248790107E+06
  0.2772222222E+00  0.1247296078E+06
  0.2775000000E+00  0.1245802059E+06
  0.2777777778E+00  0.1244308024E+06
  0.2780555556E+00  0.1242814001E+06
  0.2783333333E+00  0.1241319976E+06
  0.2786111111E+00  0.1239825942E+06
  0.2788888889E+00  0.1238331918E+06
  0.2791666667E+00  0.1236837893E+06
  0.2794444444E+00  0.1235343869E+06
  0.2797222222E+00  0.1233849831E+06
  0.2800000000E+00  0.1232355808E+06
  0.2802777778E+00  0.1230888814E+06
  0.2805555556E+00  0.1229421816E+06
  0.2808333333E+00  0.1227954819E+06
  0.2811111111E+00  0.1226487822E+06
  0.2813888889E+00  0.1225020828E+06
  0.2816666667E+00  0.1223553831E+06
  0.2819444444E+00  0.1222086834E+06
  0.2822222222E+00  0.1220619836E+06
  0.2825000000E+00  0.1219152839E+06
  0.2827777778E+00  0.1217685845E+06
  0.2830555556E+00  0.1216218848E+06
  0.2833333333E+00  0.1214751851E+06
  0.2836111111E+00  0.1213284855E+06
  0.2838888889E+00  0.1211817861E+06
  0.2841666667E+00  0.1210350863E+06
  0.2844444444E+00  0.1208883866E+06
  0.2847222222E+00  0.1207416869E+06
  0.2850000000E+00  0.1205949875E+06
  0.2852777778E+00  0.1204467605E+06
  0.2855555556E+00  0.1202985329E+06
  0.2858333333E+00  0.1201503062E+06
  0.2861111111E+00  0.1200020786E+06
  0.2863888889E+00  0.1198538519E+06
  0.2866666667E+00  0.1197056243E+06
  0.2869444444E+00  0.1195573972E+06
  0.2872222222E+00  0.1194091697E+06
  0.2875000000E+00  0.1192609430E+06
  0.2877777778E+00  0.1191127164E+06
  0.2880555556E+00  0.1189644887E+06
  0.2883333333E+00  0.1188162621E+06
  0.2886111111E+00  0.1186680340E+06
  0.2888888889E+00  0.1185198074E+06
  0.2891666667E+00  0.1183715797E+06
  0.2894444444E+00  0.1182233531E+06
  0.2897222222E+00  0.1180751254E+06
  0.2900000000E+00  0.1179268988E+06
  0.2902777778E+00  0.1177734593E+06
  0.2905555556E+00  0.1176200191E+06
  0.2908333333E+00  0.1174665799E+06
  0.2911111111E+00  0.1173131394E+06
  0.2913888889E+00  0.1171597002E+06
  0.2916666667E+00  0.1170062609E+06
  0.2919444444E+00  0.1168528208E+06
  0.2922222222E+00  0.1166993812E+06
  0.2925000000E+00  0.1165459411E+06
  0.2927777778E+00  0.1163925018E+06
  0.2930555556E+00  0.1162390622E+06
  0.2933333333E+00  0.1160856221E+06
  0.2936111111E+00  0.1159321829E+06
  0.2938888889E+00  0.1157787427E+06
  0.2941666667E+00  0.1156253031E+06
  0.2944444444E+00  0.1154718639E+06
  0.2947222222E+00  0.1153184238E+06
  0.2950000000E+00  0.1151649842E+06
  0.2952777778E+00  0.1150036818E+06
  0.2955555556E+00  0.1148423794E+06
  0.2958333333E+00  0.1146810770E+06
  0.2961111111E+00  0.1145197746E+06
  0.2963888889E+00  0.1143584732E+06
  0.2966666667E+00  0.1141971705E+06
  0.2969444444E+00  0.1140358681E+06
  0.2972222222E+00  0.1138745657E+06
  0.2975000000E+00  0.1137132634E+06
  0.2977777778E+00  0.1135519620E+06
  0.2980555556E+00  0.1133906592E+06
  0.2983333333E+00  0.1132293569E+06
  0.2986111111E+00  0.1130680545E+06
  0.2988888889E+00  0.1129067521E+06
  0.2991666667E+00  0.1127454497E+06
  0.2994444444E+00  0.1125841480E+06
  0.2997222222E+00  0.1124228456E+06
  0.3000000000E+00  0.1122615432E+06
  0.3002777778E+00  0.1120906680E+06
  0.3005555556E+00  0.1119197917E+06
  0.3008333333E+00  0.1117489165E+06
  0.3011111111E+00  0.1115780403E+06
  0.3013888889E+00  0.1114071651E+06
  0.3016666667E+00  0.1112362899E+06
  0.3019444444E+00  0.1110654136E+06
  0.3022222222E+00  0.1108945388E+06
  0.3025000000E+00  0.1107236636E+06
  0.3027777778E+00  0.1105527874E+06
  0.3030555556E+00  0.1103819121E+06
  0.3033333333E+00  0.1102110369E+06
  0.3036111111E+00  0.1100401607E+06
  0.3038888889E+00  0.1098692855E+06
  0.3041666667E+00  0.1096984102E+06
  0.3044444444E+00  0.1095275341E+06
  0.3047222222E+00  0.1093566589E+06
  0.3050000000E+00  0.1091857837E+06
  0.3052777778E+00  0.1090047645E+06
  0.3055555556E+00  0.1088237464E+06
  0.3058333333E+00  0.1086427282E+06
  0.3061111111E+00  0.1084617097E+06
  0.3063888889E+00  0.1082806916E+06
  0.3066666667E+00  0.1080996724E+06
  0.3069444444E+00  0.1079186543E+06
  0.3072222222E+00  0.1077376358E+06
  0.3075000000E+00  0.1075566176E+06
  0.3077777778E+00  0.1073755995E+06
  0.3080555556E+00  0.1071945803E+06
  0.3083333333E+00  0.1070135622E+06
  0.3086111111E+00  0.1068325436E+06
  0.3088888889E+00  0.1066515255E+06
  0.3091666667E+00  0.1064705074E+06
  0.3094444444E+00  0.1062894882E+06
  0.3097222222E+00  0.1061084701E+06
  0.3100000000E+00  0.1059274515E+06
  0.3102777778E+00  0.1057368469E+06
  0.3105555556E+00  0.1055462422E+06
  0.3108333333E+00  0.1053556372E+06
  0.3111111111E+00  0.1051650325E+06
  0.3113888889E+00  0.1049744275E+06
  0.3116666667E+00  0.1047838228E+06
  0.3119444444E+00  0.1045932191E+06
  0.3122222222E+00  0.1044026141E+06
  0.3125000000E+00  0.1042120094E+06
  0.3127777778E+00  0.1040214047E+06
  0.3130555556E+00  0.1038307997E+06
  0.3133333333E+00  0.1036401950E+06
  0.3136111111E+00  0.1034495900E+06
  0.3138888889E+00  0.1032589853E+06
  0.3141666667E+00  0.1030683806E+06
  0.3144444444E+00  0.1028777756E+06
  0.3147222222E+00  0.1026871709E+06
  0.3150000000E+00  0.1024965662E+06
  0.3152777778E+00  0.1022980211E+06
  0.3155555556E+00  0.1020994755E+06
  0.3158333333E+00  0.1019009297E+06
  0.3161111111E+00  0.1017023846E+06
  0.3163888889E+00  0.1015038388E+06
  0.3166666667E+00  0.1013052932E+06
  0.3169444444E+00  0.1011067484E+06
  0.3172222222E+00  0.1009082023E+06
  0.3175000000E+00  0.1007096565E+06
  0.3177777778E+00  0.1005111119E+06
  0.3180555556E+00  0.1003125661E+06
  0.3183333333E+00  0.1001140200E+06
  0.3186111111E+00  0.9991547521E+05
  0.3188888889E+00  0.9971692955E+05
  0.3191666667E+00  0.9951838379E+05
  0.3194444444E+00  0.9931983869E+05
  0.3197222222E+00  0.9912129290E+05
  0.3200000000E+00  0.9892274725E+05
  0.3202777778E+00  0.9871872158E+05
  0.3205555556E+00  0.9851469736E+05
  0.3208333333E+00  0.9831067214E+05
  0.3211111111E+00  0.9810664647E+05
  0.3213888889E+00  0.9790262125E+05
  0.3216666667E+00  0.9769859569E+05
  0.3219444444E+00  0.9749457047E+05
  0.3222222222E+00  0.9729054514E+05
  0.3225000000E+00  0.9708651958E+05
  0.3227777778E+00  0.9688249436E+05
  0.3230555556E+00  0.9667846870E+05
  0.3233333333E+00  0.9647444348E+05
  0.3236111111E+00  0.9627041824E+05
  0.3238888889E+00  0.9606639258E+05
  0.3241666667E+00  0.9586236736E+05
  0.3244444444E+00  0.9565834181E+05
  0.3247222222E+00  0.9545431647E+05
  0.3250000000E+00  0.9525029124E+05
  0.3252777778E+00  0.9504412276E+05
  0.3255555556E+00  0.9483795349E+05
  0.3258333333E+00  0.9463178499E+05
  0.3261111111E+00  0.9442561539E+05
  0.3263888889E+00  0.9421944723E+05
  0.3266666667E+00  0.9401327762E+05
  0.3269444444E+00  0.9380710947E+05
  0.3272222222E+00  0.9360093987E+05
  0.3275000000E+00  0.9339477170E+05
  0.3277777778E+00  0.9318860211E+05
  0.3280555556E+00  0.9298243361E+05
  0.3283333333E+00  0.9277626434E+05
  0.3286111111E+00  0.9257009585E+05
  0.3288888889E+00  0.9236392658E+05
  0.3291666667E+00  0.9215775810E+05
  0.3294444444E+00  0.9195158882E+05
  0.3297222222E+00  0.9174542033E+05
  0.3300000000E+00  0.9153925073E+05
  0.3302777778E+00  0.9133466850E+05
  0.3305555556E+00  0.9113008583E+05
  0.3308333333E+00  0.9092550227E+05
  0.3311111111E+00  0.9072091960E+05
  0.3313888889E+00  0.9051633693E+05
  0.3316666667E+00  0.9031175337E+05
  0.3319444444E+00  0.9010717070E+05
  0.3322222222E+00  0.8990258715E+05
  0.3325000000E+00  0.8969800446E+05
  0.3327777778E+00  0.8949342224E+05
  0.3330555556E+00  0.8928883858E+05
  0.3333333333E+00  0.8908425601E+05
  0.3336111111E+00  0.8887967334E+05
  0.3338888889E+00  0.8867508978E+05
  0.3341666667E+00  0.8847050712E+05
  0.3344444444E+00  0.8826592355E+05
  0.3347222222E+00  0.8806134088E+05
  0.3350000000E+00  0.8785675832E+05
  0.3352777778E+00  0.8765787365E+05
  0.3355555556E+00  0.8745898907E+05
  0.3358333333E+00  0.8726010440E+05
  0.3361111111E+00  0.8706121984E+05
  0.3363888889E+00  0.8686233516E+05
  0.3366666667E+00  0.8666345059E+05
  0.3369444444E+00  0.8646456491E+05
  0.3372222222E+00  0.8626568035E+05
  0.3375000000E+00  0.8606679566E+05
  0.3377777778E+00  0.8586791110E+05
  0.3380555556E+00  0.8566902642E+05
  0.3383333333E+00  0.8547014186E+05
  0.3386111111E+00  0.8527125717E+05
  0.3388888889E+00  0.8507237261E+05
  0.3391666667E+00  0.8487348793E+05
  0.3394444444E+00  0.8467460336E+05
  0.3397222222E+00  0.8447571835E+05
  0.3400000000E+00  0.8427683379E+05
  0.3402777778E+00  0.8408781356E+05
  0.3405555556E+00  0.8389879299E+05
  0.3408333333E+00  0.8370977177E+05
  0.3411111111E+00  0.8352075121E+05
  0.3413888889E+00  0.8333173098E+05
  0.3416666667E+00  0.8314271040E+05
  0.3419444444E+00  0.8295368884E+05
  0.3422222222E+00  0.8276466861E+05
  0.3425000000E+00  0.8257564805E+05
  0.3427777778E+00  0.8238662782E+05
  0.3430555556E+00  0.8219760626E+05
  0.3433333333E+00  0.8200858603E+05
  0.3436111111E+00  0.8181956547E+05
  0.3438888889E+00  0.8163054524E+05
  0.3441666667E+00  0.8144152367E+05
  0.3444444444E+00  0.8125250312E+05
  0.3447222222E+00  0.8106348289E+05
  0.3450000000E+00  0.8087446232E+05
  0.3452777778E+00  0.8069929902E+05
  0.3455555556E+00  0.8052413492E+05
  0.3458333333E+00  0.8034897161E+05
  0.3461111111E+00  0.8017380819E+05
  0.3463888889E+00  0.7999864476E+05
  0.3466666667E+00  0.7982348046E+05
  0.3469444444E+00  0.7964831704E+05
  0.3472222222E+00  0.7947315372E+05
  0.3475000000E+00  0.7929799063E+05
  0.3477777778E+00  0.7912282732E+05
  0.3480555556E+00  0.7894766291E+05
  0.3483333333E+00  0.7877249948E+05
  0.3486111111E+00  0.7859733617E+05
  0.3488888889E+00  0.7842217275E+05
  0.3491666667E+00  0.7824700977E+05
  0.3494444444E+00  0.7807184535E+05
  0.3497222222E+00  0.7789668204E+05
  0.3500000000E+00  0.7772151861E+05
  0.3502777778E+00  0.7756385460E+05
  0.3505555556E+00  0.7740619158E+05
  0.3508333333E+00  0.7724852790E+05
  0.3511111111E+00  0.7709086488E+05
  0.3513888889E+00  0.7693320087E+05
  0.3516666667E+00  0.7677553785E+05
  0.3519444444E+00  0.7661787383E+05
  0.3522222222E+00  0.7646021126E+05
  0.3525000000E+00  0.7630254725E+05
  0.3527777778E+00  0.7614488423E+05
  0.3530555556E+00  0.7598722021E+05
  0.3533333333E+00  0.7582955719E+05
  0.3536111111E+00  0.7567189352E+05
  0.3538888889E+00  0.7551423050E+05
  0.3541666667E+00  0.7535656648E+05
  0.3544444444E+00  0.7519890346E+05
  0.3547222222E+00  0.7504123978E+05
  0.3550000000E+00  0.7488357677E+05
  0.3552777778E+00  0.7474650839E+05
  0.3555555556E+00  0.7460944093E+05
  0.3558333333E+00  0.7447237323E+05
  0.3561111111E+00  0.7433530575E+05
  0.3563888889E+00  0.7419823739E+05
  0.3566666667E+00  0.7406116991E+05
  0.3569444444E+00  0.7392410255E+05
  0.3572222222E+00  0.7378703419E+05
  0.3575000000E+00  0.7364996671E+05
  0.3577777778E+00  0.7351289934E+05
  0.3580555556E+00  0.7337583087E+05
  0.3583333333E+00  0.7323876317E+05
  0.3586111111E+00  0.7310169570E+05
  0.3588888889E+00  0.7296462734E+05
  0.3591666667E+00  0.7282755986E+05
  0.3594444444E+00  0.7269049250E+05
  0.3597222222E+00  0.7255342414E+05
  0.3600000000E+00  0.7241635666E+05
  0.3602777778E+00  0.7230227141E+05
  0.3605555556E+00  0.7218818590E+05
  0.3608333333E+00  0.7207410035E+05
  0.3611111111E+00  0.7196001480E+05
  0.3613888889E+00  0.7184592968E+05
  0.3616666667E+00  0.7173184413E+05
  0.3619444444E+00  0.7161775869E+05
  0.3622222222E+00  0.7150367337E+05
  0.3625000000E+00  0.7138958793E+05
  0.3627777778E+00  0.7127550237E+05
  0.3630555556E+00  0.7116141726E+05
  0.3633333333E+00  0.7104733170E+05
  0.3636111111E+00  0.7093324616E+05
  0.3638888889E+00  0.7081916094E+05
  0.3641666667E+00  0.7070507550E+05
  0.3644444444E+00  0.7059098994E+05
  0.3647222222E+00  0.7047690483E+05
  0.3650000000E+00  0.7036281918E+05
  0.3652777778E+00  0.7027331307E+05
  0.3655555556E+00  0.7018380730E+05
  0.3658333333E+00  0.7009430121E+05
  0.3661111111E+00  0.7000479544E+05
  0.3663888889E+00  0.6991528933E+05
  0.3666666667E+00  0.6982578313E+05
  0.3669444444E+00  0.6973627736E+05
  0.3672222222E+00  0.6964677137E+05
  0.3675000000E+00  0.6955726559E+05
  0.3677777778E+00  0.6946775950E+05
  0.3680555556E+00  0.6937825373E+05
  0.3683333333E+00  0.6928874752E+05
  0.3686111111E+00  0.6919924142E+05
  0.3688888889E+00  0.6910973565E+05
  0.3691666667E+00  0.6902022954E+05
  0.3694444444E+00  0.6893072377E+05
  0.3697222222E+00  0.6884121768E+05
  0.3700000000E+00  0.6875171181E+05
  0.3702777778E+00  0.6868748929E+05
  0.3705555556E+00  0.6862326691E+05
  0.3708333333E+00  0.6855904462E+05
  0.3711111111E+00  0.6849482223E+05
  0.3713888889E+00  0.6843059996E+05
  0.3716666667E+00  0.6836637756E+05
  0.3719444444E+00  0.6830215529E+05
  0.3722222222E+00  0.6823793300E+05
  0.3725000000E+00  0.6817371039E+05
  0.3727777778E+00  0.6810948799E+05
  0.3730555556E+00  0.6804526572E+05
  0.3733333333E+00  0.6798104333E+05
  0.3736111111E+00  0.6791682104E+05
  0.3738888889E+00  0.6785259877E+05
  0.3741666667E+00  0.6778837648E+05
  0.3744444444E+00  0.6772415421E+05
  0.3747222222E+00  0.6765993148E+05
  0.3750000000E+00  0.6759570920E+05
  0.3752777778E+00  0.6755662611E+05
  0.3755555556E+00  0.6751754337E+05
  0.3758333333E+00  0.6747846029E+05
  0.3761111111E+00  0.6743937731E+05
  0.3763888889E+00  0.6740029424E+05
  0.3766666667E+00  0.6736121114E+05
  0.3769444444E+00  0.6732212807E+05
  0.3772222222E+00  0.6728304509E+05
  0.3775000000E+00  0.6724396201E+05
  0.3777777778E+00  0.6720487893E+05
  0.3780555556E+00  0.6716579585E+05
  0.3783333333E+00  0.6712671287E+05
  0.3786111111E+00  0.6708763012E+05
  0.3788888889E+00  0.6704854714E+05
  0.3791666667E+00  0.6700946396E+05
  0.3794444444E+00  0.6697038098E+05
  0.3797222222E+00  0.6693129790E+05
  0.3800000000E+00  0.6689221492E+05
  0.3802777778E+00  0.6687718423E+05
  0.3805555556E+00  0.6686215388E+05
  0.3808333333E+00  0.6684712328E+05
  0.3811111111E+00  0.6683209259E+05
  0.3813888889E+00  0.6681706199E+05
  0.3816666667E+00  0.6680203164E+05
  0.3819444444E+00  0.6678700095E+05
  0.3822222222E+00  0.6677197024E+05
  0.3825000000E+00  0.6675693989E+05
  0.3827777778E+00  0.6674190920E+05
  0.3830555556E+00  0.6672687860E+05
  0.3833333333E+00  0.6671184791E+05
  0.3836111111E+00  0.6669681766E+05
  0.3838888889E+00  0.6668178696E+05
  0.3841666667E+00  0.6666675627E+05
  0.3844444444E+00  0.6665172568E+05
  0.3847222222E+00  0.6663669532E+05
  0.3850000000E+00  0.6662166473E+05
  0.3852777778E+00  0.6662890292E+05
  0.3855555556E+00  0.6663614109E+05
  0.3858333333E+00  0.6664337936E+05
  0.3861111111E+00  0.6665061743E+05
  0.3863888889E+00  0.6665785572E+05
  0.3866666667E+00  0.6666509379E+05
  0.3869444444E+00  0.6667233207E+05
  0.3872222222E+00  0.6667957024E+05
  0.3875000000E+00  0.6668680842E+05
  0.3877777778E+00  0.6669404659E+05
  0.3880555556E+00  0.6670128488E+05
  0.3883333333E+00  0.6670852295E+05
  0.3886111111E+00  0.6671576122E+05
  0.3888888889E+00  0.6672299939E+05
  0.3891666667E+00  0.6673023758E+05
  0.3894444444E+00  0.6673747575E+05
  0.3897222222E+00  0.6674471404E+05
  0.3900000000E+00  0.6675195209E+05
  0.3902777778E+00  0.6677885385E+05
  0.3905555556E+00  0.6680575596E+05
  0.3908333333E+00  0.6683265772E+05
  0.3911111111E+00  0.6685955982E+05
  0.3913888889E+00  0.6688646191E+05
  0.3916666667E+00  0.6691336367E+05
  0.3919444444E+00  0.6694026578E+05
  0.3922222222E+00  0.6696716754E+05
  0.3925000000E+00  0.6699406964E+05
  0.3927777778E+00  0.6702097140E+05
  0.3930555556E+00  0.6704787349E+05
  0.3933333333E+00  0.6707477560E+05
  0.3936111111E+00  0.6710167736E+05
  0.3938888889E+00  0.6712857946E+05
  0.3941666667E+00  0.6715548122E+05
  0.3944444444E+00  0.6718238321E+05
  0.3947222222E+00  0.6720928508E+05
  0.3950000000E+00  0.6723618717E+05
  0.3952777778E+00  0.6727966880E+05
  0.3955555556E+00  0.6732315053E+05
  0.3958333333E+00  0.6736663215E+05
  0.3961111111E+00  0.6741011376E+05
  0.3963888889E+00  0.6745359550E+05
  0.3966666667E+00  0.6749707711E+05
  0.3969444444E+00  0.6754055874E+05
  0.3972222222E+00  0.6758404035E+05
  0.3975000000E+00  0.6762752209E+05
  0.3977777778E+00  0.6767100338E+05
  0.3980555556E+00  0.6771448499E+05
  0.3983333333E+00  0.6775796673E+05
  0.3986111111E+00  0.6780144834E+05
  0.3988888889E+00  0.6784492997E+05
  0.3991666667E+00  0.6788841168E+05
  0.3994444444E+00  0.6793189342E+05
  0.3997222222E+00  0.6797537503E+05
  0.4000000000E+00  0.6801885666E+05
  0.4002777778E+00  0.6807536046E+05
  0.4005555556E+00  0.6813186426E+05
  0.4008333333E+00  0.6818836795E+05
  0.4011111111E+00  0.6824487165E+05
  0.4013888889E+00  0.6830137556E+05
  0.4016666667E+00  0.6835787925E+05
  0.4019444444E+00  0.6841438306E+05
  0.4022222222E+00  0.6847088686E+05
  0.4025000000E+00  0.6852739056E+05
  0.4027777778E+00  0.6858389402E+05
  0.4030555556E+00  0.6864039783E+05
  0.4033333333E+00  0.6869690162E+05
  0.4036111111E+00  0.6875340532E+05
  0.4038888889E+00  0.6880990901E+05
  0.4041666667E+00  0.6886641292E+05
  0.4044444444E+00  0.6892291661E+05
  0.4047222222E+00  0.6897942042E+05
  0.4050000000E+00  0.6903592423E+05
  0.4052777778E+00  0.6910167227E+05
  0.4055555556E+00  0.6916742043E+05
  0.4058333333E+00  0.6923316860E+05
  0.4061111111E+00  0.6929891676E+05
  0.4063888889E+00  0.6936466481E+05
  0.4066666667E+00  0.6943041297E+05
  0.4069444444E+00  0.6949616070E+05
  0.4072222222E+00  0.6956190886E+05
  0.4075000000E+00  0.6962765701E+05
  0.4077777778E+00  0.6969340518E+05
  0.4080555556E+00  0.6975915323E+05
  0.4083333333E+00  0.6982490140E+05
  0.4086111111E+00  0.6989064956E+05
  0.4088888889E+00  0.6995639762E+05
  0.4091666667E+00  0.7002214588E+05
  0.4094444444E+00  0.7008789393E+05
  0.4097222222E+00  0.7015364211E+05
  0.4100000000E+00  0.7021938982E+05
  0.4102777778E+00  0.7029053189E+05
  0.4105555556E+00  0.7036167405E+05
  0.4108333333E+00  0.7043281613E+05
  0.4111111111E+00  0.7050395818E+05
  0.4113888889E+00  0.7057510015E+05
  0.4116666667E+00  0.7064624232E+05
  0.4119444444E+00  0.7071738439E+05
  0.4122222222E+00  0.7078852644E+05
  0.4125000000E+00  0.7085966852E+05
  0.4127777778E+00  0.7093081057E+05
  0.4130555556E+00  0.7100195275E+05
  0.4133333333E+00  0.7107309437E+05
  0.4136111111E+00  0.7114423644E+05
  0.4138888889E+00  0.7121537850E+05
  0.4141666667E+00  0.7128652068E+05
  0.4144444444E+00  0.7135766274E+05
  0.4147222222E+00  0.7142880481E+05
  0.4150000000E+00  0.7149994686E+05
  0.4152777778E+00  0.7157271865E+05
  0.4155555556E+00  0.7164549034E+05
  0.4158333333E+00  0.7171826202E+05
  0.4161111111E+00  0.7179103380E+05
  0.4163888889E+00  0.7186380548E+05
  0.4166666667E+00  0.7193657717E+05
  0.4169444444E+00  0.7200934906E+05
  0.4172222222E+00  0.7208212073E+05
  0.4175000000E+00  0.7215489241E+05
  0.4177777778E+00  0.7222766421E+05
  0.4180555556E+00  0.7230043589E+05
  0.4183333333E+00  0.7237320757E+05
  0.4186111111E+00  0.7244597969E+05
  0.4188888889E+00  0.7251875148E+05
  0.4191666667E+00  0.7259152315E+05
  0.4194444444E+00  0.7266429494E+05
  0.4197222222E+00  0.7273706662E+05
  0.4200000000E+00  0.7280983831E+05
  0.4202777778E+00  0.7288075531E+05
  0.4205555556E+00  0.7295167232E+05
  0.4208333333E+00  0.7302258933E+05
  0.4211111111E+00  0.7309350634E+05
  0.4213888889E+00  0.7316442335E+05
  0.4216666667E+00  0.7323534036E+05
  0.4219444444E+00  0.7330625727E+05
  0.4222222222E+00  0.7337717427E+05
  0.4225000000E+00  0.7344809095E+05
  0.4227777778E+00  0.7351900796E+05
  0.4230555556E+00  0.7358992497E+05
  0.4233333333E+00  0.7366084198E+05
  0.4236111111E+00  0.7373175888E+05
  0.4238888889E+00  0.7380267579E+05
  0.4241666667E+00  0.7387359280E+05
  0.4244444444E+00  0.7394450981E+05
  0.4247222222E+00  0.7401542683E+05
  0.4250000000E+00  0.7408634383E+05
  0.4252777778E+00  0.7415232304E+05
  0.4255555556E+00  0.7421830257E+05
  0.4258333333E+00  0.7428428168E+05
  0.4261111111E+00  0.7435026089E+05
  0.4263888889E+00  0.7441623999E+05
  0.4266666667E+00  0.7448221954E+05
  0.4269444444E+00  0.7454819874E+05
  0.4272222222E+00  0.7461417785E+05
  0.4275000000E+00  0.7468015705E+05
  0.4277777778E+00  0.7474613671E+05
  0.4280555556E+00  0.7481211580E+05
  0.4283333333E+00  0.7487809501E+05
  0.4286111111E+00  0.7494407421E+05
  0.4288888889E+00  0.7501005366E+05
  0.4291666667E+00  0.7507603286E+05
  0.4294444444E+00  0.7514201197E+05
  0.4297222222E+00  0.7520799118E+05
  0.4300000000E+00  0.7527397071E+05
  0.4302777778E+00  0.7533244944E+05
  0.4305555556E+00  0.7539092840E+05
  0.4308333333E+00  0.7544940713E+05
  0.4311111111E+00  0.7550788608E+05
  0.4313888889E+00  0.7556636491E+05
  0.4316666667E+00  0.7562484398E+05
  0.4319444444E+00  0.7568332260E+05
  0.4322222222E+00  0.7574180166E+05
  0.4325000000E+00  0.7580028028E+05
  0.4327777778E+00  0.7585875901E+05
  0.4330555556E+00  0.7591723808E+05
  0.4333333333E+00  0.7597571681E+05
  0.4336111111E+00  0.7603419588E+05
  0.4338888889E+00  0.7609267449E+05
  0.4341666667E+00  0.7615115356E+05
  0.4344444444E+00  0.7620963228E+05
  0.4347222222E+00  0.7626811135E+05
  0.4350000000E+00  0.7632658997E+05
  0.4352777778E+00  0.7637560800E+05
  0.4355555556E+00  0.7642462579E+05
  0.4358333333E+00  0.7647364384E+05
  0.4361111111E+00  0.7652266164E+05
  0.4363888889E+00  0.7657167967E+05
  0.4366666667E+00  0.7662069748E+05
  0.4369444444E+00  0.7666971518E+05
  0.4372222222E+00  0.7671873331E+05
  0.4375000000E+00  0.7676775102E+05
  0.4377777778E+00  0.7681676915E+05
  0.4380555556E+00  0.7686578695E+05
  0.4383333333E+00  0.7691480498E+05
  0.4386111111E+00  0.7696382279E+05
  0.4388888889E+00  0.7701284082E+05
  0.4391666667E+00  0.7706185862E+05
  0.4394444444E+00  0.7711087622E+05
  0.4397222222E+00  0.7715989445E+05
  0.4400000000E+00  0.7720891195E+05
  0.4402777778E+00  0.7724718799E+05
  0.4405555556E+00  0.7728546260E+05
  0.4408333333E+00  0.7732373831E+05
  0.4411111111E+00  0.7736201291E+05
  0.4413888889E+00  0.7740028795E+05
  0.4416666667E+00  0.7743856356E+05
  0.4419444444E+00  0.7747683827E+05
  0.4422222222E+00  0.7751511431E+05
  0.4425000000E+00  0.7755338891E+05
  0.4427777778E+00  0.7759166463E+05
  0.4430555556E+00  0.7762993922E+05
  0.4433333333E+00  0.7766821527E+05
  0.4436111111E+00  0.7770648988E+05
  0.4438888889E+00  0.7774476559E+05
  0.4441666667E+00  0.7778304052E+05
  0.4444444444E+00  0.7782131622E+05
  0.4447222222E+00  0.7785959083E+05
  0.4450000000E+00  0.7789786654E+05
  0.4452777778E+00  0.7792474450E+05
  0.4455555556E+00  0.7795162357E+05
  0.4458333333E+00  0.7797850230E+05
  0.4461111111E+00  0.7800538138E+05
  0.4463888889E+00  0.7803226033E+05
  0.4466666667E+00  0.7805913908E+05
  0.4469444444E+00  0.7808601814E+05
  0.4472222222E+00  0.7811289677E+05
  0.4475000000E+00  0.7813977584E+05
  0.4477777778E+00  0.7816665492E+05
  0.4480555556E+00  0.7819353354E+05
  0.4483333333E+00  0.7822041261E+05
  0.4486111111E+00  0.7824729169E+05
  0.4488888889E+00  0.7827416931E+05
  0.4491666667E+00  0.7830104839E+05
  0.4494444444E+00  0.7832792745E+05
  0.4497222222E+00  0.7835480620E+05
  0.4500000000E+00  0.7838168515E+05
  0.4502777778E+00  0.7839717450E+05
  0.4505555556E+00  0.7841266285E+05
  0.4508333333E+00  0.7842815209E+05
  0.4511111111E+00  0.7844364144E+05
  0.4513888889E+00  0.7845912967E+05
  0.4516666667E+00  0.7847461902E+05
  0.4519444444E+00  0.7849010837E+05
  0.4522222222E+00  0.7850559661E+05
  0.4525000000E+00  0.7852108596E+05
  0.4527777778E+00  0.7853657564E+05
  0.4530555556E+00  0.7855206488E+05
  0.4533333333E+00  0.7856755322E+05
  0.4536111111E+00  0.7858304257E+05
  0.4538888889E+00  0.7859853181E+05
  0.4541666667E+00  0.7861402016E+05
  0.4544444444E+00  0.7862950939E+05
  0.4547222222E+00  0.7864499874E+05
  0.4550000000E+00  0.7866048709E+05
  0.4552777778E+00  0.7866520789E+05
  0.4555555556E+00  0.7866992833E+05
  0.4558333333E+00  0.7867464813E+05
  0.4561111111E+00  0.7867936858E+05
  0.4563888889E+00  0.7868408936E+05
  0.4566666667E+00  0.7868880982E+05
  0.4569444444E+00  0.7869352960E+05
  0.4572222222E+00  0.7869825006E+05
  0.4575000000E+00  0.7870297086E+05
  0.4577777778E+00  0.7870769030E+05
  0.4580555556E+00  0.7871241110E+05
  0.4583333333E+00  0.7871713156E+05
  0.4586111111E+00  0.7872185233E+05
  0.4588888889E+00  0.7872657179E+05
  0.4591666667E+00  0.7873129257E+05
  0.4594444444E+00  0.7873601303E+05
  0.4597222222E+00  0.7874073382E+05
  0.4600000000E+00  0.7874545327E+05
  0.4602777778E+00  0.7874051979E+05
  0.4605555556E+00  0.7873558619E+05
  0.4608333333E+00  0.7873065371E+05
  0.4611111111E+00  0.7872572022E+05
  0.4613888889E+00  0.7872078674E+05
  0.4616666667E+00  0.7871585326E+05
  0.4619444444E+00  0.7871091977E+05
  0.4622222222E+00  0.7870598629E+05
  0.4625000000E+00  0.7870105280E+05
  0.4627777778E+00  0.7869611932E+05
  0.4630555556E+00  0.7869118583E+05
  0.4633333333E+00  0.7868625234E+05
  0.4636111111E+00  0.7868131885E+05
  0.4638888889E+00  0.7867638537E+05
  0.4641666667E+00  0.7867145188E+05
  0.4644444444E+00  0.7866651929E+05
  0.4647222222E+00  0.7866158581E+05
  0.4650000000E+00  0.7865665232E+05
  0.4652777778E+00  0.7864358312E+05
  0.4655555556E+00  0.7863051490E+05
  0.4658333333E+00  0.7861744548E+05
  0.4661111111E+00  0.7860437727E+05
  0.4663888889E+00  0.7859130807E+05
  0.4666666667E+00  0.7857823986E+05
  0.4669444444E+00  0.7856517032E+05
  0.4672222222E+00  0.7855210212E+05
  0.4675000000E+00  0.7853903290E+05
  0.4677777778E+00  0.7852596437E+05
  0.4680555556E+00  0.7851289517E+05
  0.4683333333E+00  0.7849982695E+05
  0.4686111111E+00  0.7848675775E+05
  0.4688888889E+00  0.7847368921E+05
  0.4691666667E+00  0.7846062011E+05
  0.4694444444E+00  0.7844755191E+05
  0.4697222222E+00  0.7843448270E+05
  0.4700000000E+00  0.7842141415E+05
  0.4702777778E+00  0.7840202941E+05
  0.4705555556E+00  0.7838264434E+05
  0.4708333333E+00  0.7836325926E+05
  0.4711111111E+00  0.7834387440E+05
  0.4713888889E+00  0.7832448932E+05
  0.4716666667E+00  0.7830510524E+05
  0.4719444444E+00  0.7828572050E+05
  0.4722222222E+00  0.7826633542E+05
  0.4725000000E+00  0.7824695067E+05
  0.4727777778E+00  0.7822756559E+05
  0.4730555556E+00  0.7820818051E+05
  0.4733333333E+00  0.7818879578E+05
  0.4736111111E+00  0.7816941070E+05
  0.4738888889E+00  0.7815002562E+05
  0.4741666667E+00  0.7813064187E+05
  0.4744444444E+00  0.7811125679E+05
  0.4747222222E+00  0.7809187171E+05
  0.4750000000E+00  0.7807248696E+05
  0.4752777778E+00  0.7804876409E+05
  0.4755555556E+00  0.7802504212E+05
  0.4758333333E+00  0.7800131963E+05
  0.4761111111E+00  0.7797759694E+05
  0.4763888889E+00  0.7795387455E+05
  0.4766666667E+00  0.7793015219E+05
  0.4769444444E+00  0.7790642970E+05
  0.4772222222E+00  0.7788270743E+05
  0.4775000000E+00  0.7785898495E+05
  0.4777777778E+00  0.7783526258E+05
  0.4780555556E+00  0.7781154011E+05
  0.4783333333E+00  0.7778781783E+05
  0.4786111111E+00  0.7776409535E+05
  0.4788888889E+00  0.7774037298E+05
  0.4791666667E+00  0.7771665060E+05
  0.4794444444E+00  0.7769292824E+05
  0.4797222222E+00  0.7766920541E+05
  0.4800000000E+00  0.7764548315E+05
  0.4802777778E+00  0.7761942266E+05
  0.4805555556E+00  0.7759336195E+05
  0.4808333333E+00  0.7756730157E+05
  0.4811111111E+00  0.7754124075E+05
  0.4813888889E+00  0.7751518038E+05
  0.4816666667E+00  0.7748911956E+05
  0.4819444444E+00  0.7746305928E+05
  0.4822222222E+00  0.7743699847E+05
  0.4825000000E+00  0.7741093776E+05
  0.4827777778E+00  0.7738487727E+05
  0.4830555556E+00  0.7735881667E+05
  0.4833333333E+00  0.7733275618E+05
  0.4836111111E+00  0.7730669547E+05
  0.4838888889E+00  0.7728063508E+05
  0.4841666667E+00  0.7725457427E+05
  0.4844444444E+00  0.7722851389E+05
  0.4847222222E+00  0.7720245307E+05
  0.4850000000E+00  0.7717639247E+05
  0.4852777778E+00  0.7714993306E+05
  0.4855555556E+00  0.7712347354E+05
  0.4858333333E+00  0.7709701381E+05
  0.4861111111E+00  0.7707055440E+05
  0.4863888889E+00  0.7704409499E+05
  0.4866666667E+00  0.7701763526E+05
  0.4869444444E+00  0.7699117574E+05
  0.4872222222E+00  0.7696471633E+05
  0.4875000000E+00  0.7693825660E+05
  0.4877777778E+00  0.7691179719E+05
  0.4880555556E+00  0.7688533779E+05
  0.4883333333E+00  0.7685887804E+05
  0.4886111111E+00  0.7683241852E+05
  0.4888888889E+00  0.7680595912E+05
  0.4891666667E+00  0.7677949938E+05
  0.4894444444E+00  0.7675303997E+05
  0.4897222222E+00  0.7672658057E+05
  0.4900000000E+00  0.7670012062E+05
  0.4902777778E+00  0.7667499781E+05
  0.4905555556E+00  0.7664987456E+05
  0.4908333333E+00  0.7662475154E+05
  0.4911111111E+00  0.7659962828E+05
  0.4913888889E+00  0.7657450536E+05
  0.4916666667E+00  0.7654938245E+05
  0.4919444444E+00  0.7652425920E+05
  0.4922222222E+00  0.7649913618E+05
  0.4925000000E+00  0.7647401292E+05
  0.4927777778E+00  0.7644889000E+05
  0.4930555556E+00  0.7642376665E+05
  0.4933333333E+00  0.7639864384E+05
  0.4936111111E+00  0.7637352059E+05
  0.4938888889E+00  0.7634839756E+05
  0.4941666667E+00  0.7632327430E+05
  0.4944444444E+00  0.7629815129E+05
  0.4947222222E+00  0.7627302803E+05
  0.4950000000E+00  0.7624790523E+05
