  0.1027777778E-01  0.2256497734E+08
  0.1055555556E-01  0.2253796525E+08
  0.1083333333E-01  0.2251095339E+08
  0.1111111111E-01  0.2248394153E+08
  0.1138888889E-01  0.2245692922E+08
  0.1166666667E-01  0.2242991735E+08
  0.1194444444E-01  0.2240290549E+08
  0.1222222222E-01  0.2237589362E+08
  0.1250000000E-01  0.2234888155E+08
  0.1277777778E-01  0.2232186935E+08
  0.1305555556E-01  0.2229485748E+08
  0.1333333333E-01  0.2226784551E+08
  0.1361111111E-01  0.2224083364E+08
  0.1388888889E-01  0.2221382145E+08
  0.1416666667E-01  0.2218680937E+08
  0.1444444444E-01  0.2215979750E+08
  0.1472222222E-01  0.2213278564E+08
  0.1500000000E-01  0.2210577343E+08
  0.1527777778E-01  0.2206890348E+08
  0.1555555556E-01  0.2203203352E+08
  0.1583333333E-01  0.2199516323E+08
  0.1611111111E-01  0.2195829328E+08
  0.1638888889E-01  0.2192142331E+08
  0.1666666667E-01  0.2188455303E+08
  0.1694444444E-01  0.2184768318E+08
  0.1722222222E-01  0.2181081322E+08
  0.1750000000E-01  0.2177394293E+08
  0.1777777778E-01  0.2173707298E+08
  0.1805555556E-01  0.2170020269E+08
  0.1833333333E-01  0.2166333283E+08
  0.1861111111E-01  0.2162646288E+08
  0.1888888889E-01  0.2158959259E+08
  0.1916666667E-01  0.2155272263E+08
  0.1944444444E-01  0.2151585268E+08
  0.1972222222E-01  0.2147898239E+08
  0.2000000000E-01  0.2144211253E+08
  0.2027777778E-01  0.2139626997E+08
  0.2055555556E-01  0.2135042774E+08
  0.2083333333E-01  0.2130458518E+08
  0.2111111111E-01  0.2125874294E+08
  0.2138888889E-01  0.2121290039E+08
  0.2166666667E-01  0.2116705826E+08
  0.2194444444E-01  0.2112121570E+08
  0.2222222222E-01  0.2107537347E+08
  0.2250000000E-01  0.2102953101E+08
  0.2277777778E-01  0.2098368868E+08
  0.2305555556E-01  0.2093784622E+08
  0.2333333333E-01  0.2089200356E+08
  0.2361111111E-01  0.2084616143E+08
  0.2388888889E-01  0.2080031897E+08
  0.2416666667E-01  0.2075447664E+08
  0.2444444444E-01  0.2070863418E+08
  0.2472222222E-01  0.2066279184E+08
  0.2500000000E-01  0.2061694939E+08
  0.2527777778E-01  0.2056322893E+08
  0.2555555556E-01  0.2050950859E+08
  0.2583333333E-01  0.2045578813E+08
  0.2611111111E-01  0.2040206757E+08
  0.2638888889E-01  0.2034834735E+08
  0.2666666667E-01  0.2029462689E+08
  0.2694444444E-01  0.2024090631E+08
  0.2722222222E-01  0.2018718620E+08
  0.2750000000E-01  0.2013346564E+08
  0.2777777778E-01  0.2007974507E+08
  0.2805555556E-01  0.2002602462E+08
  0.2833333333E-01  0.1997230449E+08
  0.2861111111E-01  0.1991858382E+08
  0.2888888889E-01  0.1986486337E+08
  0.2916666667E-01  0.1981114313E+08
  0.2944444444E-01  0.1975742257E+08
  0.2972222222E-01  0.1970370211E+08
  0.3000000000E-01  0.1964998188E+08
  0.3027777778E-01  0.1958964222E+08
  0.3055555556E-01  0.1952930266E+08
  0.3083333333E-01  0.1946896289E+08
  0.3111111111E-01  0.1940862356E+08
  0.3138888889E-01  0.1934828389E+08
  0.3166666667E-01  0.1928794423E+08
  0.3194444444E-01  0.1922760467E+08
  0.3222222222E-01  0.1916726524E+08
  0.3250000000E-01  0.1910692558E+08
  0.3277777778E-01  0.1904658592E+08
  0.3305555556E-01  0.1898624626E+08
  0.3333333333E-01  0.1892590693E+08
  0.3361111111E-01  0.1886556726E+08
  0.3388888889E-01  0.1880522760E+08
  0.3416666667E-01  0.1874488793E+08
  0.3444444444E-01  0.1868454861E+08
  0.3472222222E-01  0.1862420895E+08
  0.3500000000E-01  0.1856386928E+08
  0.3527777778E-01  0.1849826413E+08
  0.3555555556E-01  0.1843265899E+08
  0.3583333333E-01  0.1836705385E+08
  0.3611111111E-01  0.1830144828E+08
  0.3638888889E-01  0.1823584302E+08
  0.3666666667E-01  0.1817023788E+08
  0.3694444444E-01  0.1810463273E+08
  0.3722222222E-01  0.1803902727E+08
  0.3750000000E-01  0.1797342212E+08
  0.3777777778E-01  0.1790781687E+08
  0.3805555556E-01  0.1784221172E+08
  0.3833333333E-01  0.1777660659E+08
  0.3861111111E-01  0.1771100110E+08
  0.3888888889E-01  0.1764539597E+08
  0.3916666667E-01  0.1757979071E+08
  0.3944444444E-01  0.1751418557E+08
  0.3972222222E-01  0.1744858009E+08
  0.4000000000E-01  0.1738297485E+08
  0.4027777778E-01  0.1731353529E+08
  0.4055555556E-01  0.1724409616E+08
  0.4083333333E-01  0.1717465659E+08
  0.4111111111E-01  0.1710521713E+08
  0.4138888889E-01  0.1703577789E+08
  0.4166666667E-01  0.1696633833E+08
  0.4194444444E-01  0.1689689887E+08
  0.4222222222E-01  0.1682745930E+08
  0.4250000000E-01  0.1675802018E+08
  0.4277777778E-01  0.1668858061E+08
  0.4305555556E-01  0.1661914115E+08
  0.4333333333E-01  0.1654970192E+08
  0.4361111111E-01  0.1648026235E+08
  0.4388888889E-01  0.1641082290E+08
  0.4416666667E-01  0.1634138365E+08
  0.4444444444E-01  0.1627194419E+08
  0.4472222222E-01  0.1620250463E+08
  0.4500000000E-01  0.1613306517E+08
  0.4527777778E-01  0.1606123541E+08
  0.4555555556E-01  0.1598940520E+08
  0.4583333333E-01  0.1591757511E+08
  0.4611111111E-01  0.1584574491E+08
  0.4638888889E-01  0.1577391481E+08
  0.4666666667E-01  0.1570208461E+08
  0.4694444444E-01  0.1563025451E+08
  0.4722222222E-01  0.1555842431E+08
  0.4750000000E-01  0.1548659422E+08
  0.4777777778E-01  0.1541476401E+08
  0.4805555556E-01  0.1534293392E+08
  0.4833333333E-01  0.1527110371E+08
  0.4861111111E-01  0.1519927395E+08
  0.4888888889E-01  0.1512744375E+08
  0.4916666667E-01  0.1505561365E+08
  0.4944444444E-01  0.1498378334E+08
  0.4972222222E-01  0.1491195324E+08
  0.5000000000E-01  0.1484012304E+08
  0.5027777778E-01  0.1476731460E+08
  0.5055555556E-01  0.1469450595E+08
  0.5083333333E-01  0.1462169741E+08
  0.5111111111E-01  0.1454888875E+08
  0.5138888889E-01  0.1447608010E+08
  0.5166666667E-01  0.1440327156E+08
  0.5194444444E-01  0.1433046257E+08
  0.5222222222E-01  0.1425765402E+08
  0.5250000000E-01  0.1418484548E+08
  0.5277777778E-01  0.1411203683E+08
  0.5305555556E-01  0.1403922829E+08
  0.5333333333E-01  0.1396641964E+08
  0.5361111111E-01  0.1389361098E+08
  0.5388888889E-01  0.1382080244E+08
  0.5416666667E-01  0.1374799389E+08
  0.5444444444E-01  0.1367518524E+08
  0.5472222222E-01  0.1360237670E+08
  0.5500000000E-01  0.1352956805E+08
  0.5527777778E-01  0.1345711701E+08
  0.5555555556E-01  0.1338466596E+08
  0.5583333333E-01  0.1331221492E+08
  0.5611111111E-01  0.1323976387E+08
  0.5638888889E-01  0.1316731283E+08
  0.5666666667E-01  0.1309486223E+08
  0.5694444444E-01  0.1302241108E+08
  0.5722222222E-01  0.1294996004E+08
  0.5750000000E-01  0.1287750910E+08
  0.5777777778E-01  0.1280505795E+08
  0.5805555556E-01  0.1273260735E+08
  0.5833333333E-01  0.1266015619E+08
  0.5861111111E-01  0.1258770525E+08
  0.5888888889E-01  0.1251525422E+08
  0.5916666667E-01  0.1244280313E+08
  0.5944444444E-01  0.1237035226E+08
  0.5972222222E-01  0.1229790118E+08
  0.6000000000E-01  0.1222545028E+08
  0.6027777778E-01  0.1215458530E+08
  0.6055555556E-01  0.1208372021E+08
  0.6083333333E-01  0.1201285523E+08
  0.6111111111E-01  0.1194199022E+08
  0.6138888889E-01  0.1187112524E+08
  0.6166666667E-01  0.1180026015E+08
  0.6194444444E-01  0.1172939524E+08
  0.6222222222E-01  0.1165853027E+08
  0.6250000000E-01  0.1158766518E+08
  0.6277777778E-01  0.1151680017E+08
  0.6305555556E-01  0.1144593519E+08
  0.6333333333E-01  0.1137507021E+08
  0.6361111111E-01  0.1130420509E+08
  0.6388888889E-01  0.1123334011E+08
  0.6416666667E-01  0.1116247514E+08
  0.6444444444E-01  0.1109161011E+08
  0.6472222222E-01  0.1102074513E+08
  0.6500000000E-01  0.1094988016E+08
  0.6527777778E-01  0.1088168235E+08
  0.6555555556E-01  0.1081348469E+08
  0.6583333333E-01  0.1074528678E+08
  0.6611111111E-01  0.1067708897E+08
  0.6638888889E-01  0.1060889125E+08
  0.6666666667E-01  0.1054069347E+08
  0.6694444444E-01  0.1047249570E+08
  0.6722222222E-01  0.1040429793E+08
  0.6750000000E-01  0.1033610019E+08
  0.6777777778E-01  0.1026790241E+08
  0.6805555556E-01  0.1019970454E+08
  0.6833333333E-01  0.1013150680E+08
  0.6861111111E-01  0.1006330903E+08
  0.6888888889E-01  0.9995111260E+07
  0.6916666667E-01  0.9926913521E+07
  0.6944444444E-01  0.9858715745E+07
  0.6972222222E-01  0.9790517973E+07
  0.7000000000E-01  0.9722320234E+07
  0.7027777778E-01  0.9657705438E+07
  0.7055555556E-01  0.9593090657E+07
  0.7083333333E-01  0.9528475809E+07
  0.7111111111E-01  0.9463861028E+07
  0.7138888889E-01  0.9399246248E+07
  0.7166666667E-01  0.9334631499E+07
  0.7194444444E-01  0.9270016704E+07
  0.7222222222E-01  0.9205401922E+07
  0.7250000000E-01  0.9140787175E+07
  0.7277777778E-01  0.9076172394E+07
  0.7305555556E-01  0.9011557613E+07
  0.7333333333E-01  0.8946942851E+07
  0.7361111111E-01  0.8882328069E+07
  0.7388888889E-01  0.8817713288E+07
  0.7416666667E-01  0.8753098541E+07
  0.7444444444E-01  0.8688483760E+07
  0.7472222222E-01  0.8623868968E+07
  0.7500000000E-01  0.8559254216E+07
  0.7527777778E-01  0.8498952234E+07
  0.7555555556E-01  0.8438650178E+07
  0.7583333333E-01  0.8378348230E+07
  0.7611111111E-01  0.8318046171E+07
  0.7638888889E-01  0.8257744211E+07
  0.7666666667E-01  0.8197442230E+07
  0.7694444444E-01  0.8137140170E+07
  0.7722222222E-01  0.8076838221E+07
  0.7750000000E-01  0.8016536162E+07
  0.7777777778E-01  0.7956234213E+07
  0.7805555556E-01  0.7895932122E+07
  0.7833333333E-01  0.7835630162E+07
  0.7861111111E-01  0.7775328214E+07
  0.7888888889E-01  0.7715026155E+07
  0.7916666667E-01  0.7654724207E+07
  0.7944444444E-01  0.7594422114E+07
  0.7972222222E-01  0.7534120166E+07
  0.8000000000E-01  0.7473818207E+07
  0.8027777778E-01  0.7418370775E+07
  0.8055555556E-01  0.7362923365E+07
  0.8083333333E-01  0.7307475932E+07
  0.8111111111E-01  0.7252028489E+07
  0.8138888889E-01  0.7196581090E+07
  0.8166666667E-01  0.7141133647E+07
  0.8194444444E-01  0.7085686215E+07
  0.8222222222E-01  0.7030238816E+07
  0.8250000000E-01  0.6974791373E+07
  0.8277777778E-01  0.6919344073E+07
  0.8305555556E-01  0.6863896631E+07
  0.8333333333E-01  0.6808449198E+07
  0.8361111111E-01  0.6753001789E+07
  0.8388888889E-01  0.6697554356E+07
  0.8416666667E-01  0.6642106912E+07
  0.8444444444E-01  0.6586659514E+07
  0.8472222222E-01  0.6531212081E+07
  0.8500000000E-01  0.6475764638E+07
  0.8527777778E-01  0.6425521065E+07
  0.8555555556E-01  0.6375277493E+07
  0.8583333333E-01  0.6325033919E+07
  0.8611111111E-01  0.6274790347E+07
  0.8638888889E-01  0.6224546674E+07
  0.8666666667E-01  0.6174303101E+07
  0.8694444444E-01  0.6124059528E+07
  0.8722222222E-01  0.6073815922E+07
  0.8750000000E-01  0.6023572349E+07
  0.8777777778E-01  0.5973328677E+07
  0.8805555556E-01  0.5923085092E+07
  0.8833333333E-01  0.5872841520E+07
  0.8861111111E-01  0.5822597946E+07
  0.8888888889E-01  0.5772354374E+07
  0.8916666667E-01  0.5722110701E+07
  0.8944444444E-01  0.5671867129E+07
  0.8972222222E-01  0.5621623522E+07
  0.9000000000E-01  0.5571379949E+07
  0.9027777778E-01  0.5526508598E+07
  0.9055555556E-01  0.5481637257E+07
  0.9083333333E-01  0.5436765922E+07
  0.9111111111E-01  0.5391894612E+07
  0.9138888889E-01  0.5347023258E+07
  0.9166666667E-01  0.5302151936E+07
  0.9194444444E-01  0.5257280615E+07
  0.9222222222E-01  0.5212409260E+07
  0.9250000000E-01  0.5167537950E+07
  0.9277777778E-01  0.5122666585E+07
  0.9305555556E-01  0.5077795263E+07
  0.9333333333E-01  0.5032923953E+07
  0.9361111111E-01  0.4988052589E+07
  0.9388888889E-01  0.4943181278E+07
  0.9416666667E-01  0.4898309956E+07
  0.9444444444E-01  0.4853438591E+07
  0.9472222222E-01  0.4808567281E+07
  0.9500000000E-01  0.4763695925E+07
  0.9527777778E-01  0.4724197692E+07
  0.9555555556E-01  0.4684699447E+07
  0.9583333333E-01  0.4645201202E+07
  0.9611111111E-01  0.4605702978E+07
  0.9638888889E-01  0.4566204732E+07
  0.9666666667E-01  0.4526706499E+07
  0.9694444444E-01  0.4487208253E+07
  0.9722222222E-01  0.4447710030E+07
  0.9750000000E-01  0.4408211784E+07
  0.9777777778E-01  0.4368713550E+07
  0.9805555556E-01  0.4329215305E+07
  0.9833333333E-01  0.4289717070E+07
  0.9861111111E-01  0.4250218836E+07
  0.9888888889E-01  0.4210720591E+07
  0.9916666667E-01  0.4171222356E+07
  0.9944444444E-01  0.4131724088E+07
  0.9972222222E-01  0.4092225854E+07
  0.1000000000E+00  0.4052727609E+07
  0.1002777778E+00  0.4018453279E+07
  0.1005555556E+00  0.3984178915E+07
  0.1008333333E+00  0.3949904541E+07
  0.1011111111E+00  0.3915630176E+07
  0.1013888889E+00  0.3881355814E+07
  0.1016666667E+00  0.3847081450E+07
  0.1019444444E+00  0.3812807087E+07
  0.1022222222E+00  0.3778532735E+07
  0.1025000000E+00  0.3744258371E+07
  0.1027777778E+00  0.3709984008E+07
  0.1030555556E+00  0.3675709644E+07
  0.1033333333E+00  0.3641435280E+07
  0.1036111111E+00  0.3607160905E+07
  0.1038888889E+00  0.3572886575E+07
  0.1041666667E+00  0.3538612212E+07
  0.1044444444E+00  0.3504337847E+07
  0.1047222222E+00  0.3470063485E+07
  0.1050000000E+00  0.3435789109E+07
  0.1052777778E+00  0.3406468721E+07
  0.1055555556E+00  0.3377148376E+07
  0.1058333333E+00  0.3347827976E+07
  0.1061111111E+00  0.3318507598E+07
  0.1063888889E+00  0.3289187198E+07
  0.1066666667E+00  0.3259866820E+07
  0.1069444444E+00  0.3230546420E+07
  0.1072222222E+00  0.3201226074E+07
  0.1075000000E+00  0.3171905675E+07
  0.1077777778E+00  0.3142585296E+07
  0.1080555556E+00  0.3113264897E+07
  0.1083333333E+00  0.3083944518E+07
  0.1086111111E+00  0.3054624118E+07
  0.1088888889E+00  0.3025303774E+07
  0.1091666667E+00  0.2995983385E+07
  0.1094444444E+00  0.2966662995E+07
  0.1097222222E+00  0.2937342607E+07
  0.1100000000E+00  0.2908022217E+07
  0.1102777778E+00  0.2883284749E+07
  0.1105555556E+00  0.2858547280E+07
  0.1108333333E+00  0.2833809811E+07
  0.1111111111E+00  0.2809072320E+07
  0.1113888889E+00  0.2784334841E+07
  0.1116666667E+00  0.2759597372E+07
  0.1119444444E+00  0.2734859903E+07
  0.1122222222E+00  0.2710122435E+07
  0.1125000000E+00  0.2685384932E+07
  0.1127777778E+00  0.2660647463E+07
  0.1130555556E+00  0.2635910005E+07
  0.1133333333E+00  0.2611172526E+07
  0.1136111111E+00  0.2586435068E+07
  0.1138888889E+00  0.2561697589E+07
  0.1141666667E+00  0.2536960087E+07
  0.1144444444E+00  0.2512222629E+07
  0.1147222222E+00  0.2487485149E+07
  0.1150000000E+00  0.2462747691E+07
  0.1152777778E+00  0.2442152306E+07
  0.1155555556E+00  0.2421556898E+07
  0.1158333333E+00  0.2400961524E+07
  0.1161111111E+00  0.2380366150E+07
  0.1163888889E+00  0.2359770765E+07
  0.1166666667E+00  0.2339175358E+07
  0.1169444444E+00  0.2318579983E+07
  0.1172222222E+00  0.2297984599E+07
  0.1175000000E+00  0.2277389191E+07
  0.1177777778E+00  0.2256793817E+07
  0.1180555556E+00  0.2236198442E+07
  0.1183333333E+00  0.2215603057E+07
  0.1186111111E+00  0.2195007661E+07
  0.1188888889E+00  0.2174412275E+07
  0.1191666667E+00  0.2153816891E+07
  0.1194444444E+00  0.2133221527E+07
  0.1197222222E+00  0.2112626109E+07
  0.1200000000E+00  0.2092030734E+07
  0.1202777778E+00  0.2075091826E+07
  0.1205555556E+00  0.2058152927E+07
  0.1208333333E+00  0.2041214018E+07
  0.1211111111E+00  0.2024275119E+07
  0.1213888889E+00  0.2007336220E+07
  0.1216666667E+00  0.1990397278E+07
  0.1219444444E+00  0.1973458379E+07
  0.1222222222E+00  0.1956519470E+07
  0.1225000000E+00  0.1939580572E+07
  0.1227777778E+00  0.1922641663E+07
  0.1230555556E+00  0.1905702764E+07
  0.1233333333E+00  0.1888763865E+07
  0.1236111111E+00  0.1871824956E+07
  0.1238888889E+00  0.1854886024E+07
  0.1241666667E+00  0.1837947115E+07
  0.1244444444E+00  0.1821008216E+07
  0.1247222222E+00  0.1804069308E+07
  0.1250000000E+00  0.1787130409E+07
  0.1252777778E+00  0.1773342501E+07
  0.1255555556E+00  0.1759554572E+07
  0.1258333333E+00  0.1745766654E+07
  0.1261111111E+00  0.1731978725E+07
  0.1263888889E+00  0.1718190806E+07
  0.1266666667E+00  0.1704402888E+07
  0.1269444444E+00  0.1690615003E+07
  0.1272222222E+00  0.1676827085E+07
  0.1275000000E+00  0.1663039156E+07
  0.1277777778E+00  0.1649251237E+07
  0.1280555556E+00  0.1635463318E+07
  0.1283333333E+00  0.1621675390E+07
  0.1286111111E+00  0.1607887471E+07
  0.1288888889E+00  0.1594099553E+07
  0.1291666667E+00  0.1580311635E+07
  0.1294444444E+00  0.1566523716E+07
  0.1297222222E+00  0.1552735787E+07
  0.1300000000E+00  0.1538947902E+07
  0.1302777778E+00  0.1527809370E+07
  0.1305555556E+00  0.1516670861E+07
  0.1308333333E+00  0.1505532319E+07
  0.1311111111E+00  0.1494393821E+07
  0.1313888889E+00  0.1483255278E+07
  0.1316666667E+00  0.1472116780E+07
  0.1319444444E+00  0.1460978238E+07
  0.1322222222E+00  0.1449839729E+07
  0.1325000000E+00  0.1438701197E+07
  0.1327777778E+00  0.1427562688E+07
  0.1330555556E+00  0.1416424146E+07
  0.1333333333E+00  0.1405285614E+07
  0.1336111111E+00  0.1394147105E+07
  0.1338888889E+00  0.1383008562E+07
  0.1341666667E+00  0.1371870065E+07
  0.1344444444E+00  0.1360731522E+07
  0.1347222222E+00  0.1349593024E+07
  0.1350000000E+00  0.1338454482E+07
  0.1352777778E+00  0.1329485332E+07
  0.1355555556E+00  0.1320516192E+07
  0.1358333333E+00  0.1311547064E+07
  0.1361111111E+00  0.1302577881E+07
  0.1363888889E+00  0.1293608741E+07
  0.1366666667E+00  0.1284639601E+07
  0.1369444444E+00  0.1275670473E+07
  0.1372222222E+00  0.1266701290E+07
  0.1375000000E+00  0.1257732150E+07
  0.1377777778E+00  0.1248763011E+07
  0.1380555556E+00  0.1239793872E+07
  0.1383333333E+00  0.1230824732E+07
  0.1386111111E+00  0.1221855559E+07
  0.1388888889E+00  0.1212886410E+07
  0.1391666667E+00  0.1203917281E+07
  0.1394444444E+00  0.1194948142E+07
  0.1397222222E+00  0.1185978959E+07
  0.1400000000E+00  0.1177009819E+07
  0.1402777778E+00  0.1169767988E+07
  0.1405555556E+00  0.1162526158E+07
  0.1408333333E+00  0.1155284327E+07
  0.1411111111E+00  0.1148042486E+07
  0.1413888889E+00  0.1140800655E+07
  0.1416666667E+00  0.1133558858E+07
  0.1419444444E+00  0.1126317038E+07
  0.1422222222E+00  0.1119075196E+07
  0.1425000000E+00  0.1111833365E+07
  0.1427777778E+00  0.1104591535E+07
  0.1430555556E+00  0.1097349704E+07
  0.1433333333E+00  0.1090107863E+07
  0.1436111111E+00  0.1082866032E+07
  0.1438888889E+00  0.1075624202E+07
  0.1441666667E+00  0.1068382371E+07
  0.1444444444E+00  0.1061140530E+07
  0.1447222222E+00  0.1053898699E+07
  0.1450000000E+00  0.1046656869E+07
  0.1452777778E+00  0.1040749102E+07
  0.1455555556E+00  0.1034841345E+07
  0.1458333333E+00  0.1028933545E+07
  0.1461111111E+00  0.1023025790E+07
  0.1463888889E+00  0.1017118006E+07
  0.1466666667E+00  0.1011210240E+07
  0.1469444444E+00  0.1005302460E+07
  0.1472222222E+00  0.9993946796E+06
  0.1475000000E+00  0.9934869107E+06
  0.1477777778E+00  0.9875791407E+06
  0.1480555556E+00  0.9816713607E+06
  0.1483333333E+00  0.9757635840E+06
  0.1486111111E+00  0.9698558040E+06
  0.1488888889E+00  0.9639480339E+06
  0.1491666667E+00  0.9580402651E+06
  0.1494444444E+00  0.9521324851E+06
  0.1497222222E+00  0.9462247050E+06
  0.1500000000E+00  0.9403169383E+06
  0.1502777778E+00  0.9354056239E+06
  0.1505555556E+00  0.9304943094E+06
  0.1508333333E+00  0.9255829983E+06
  0.1511111111E+00  0.9206716838E+06
  0.1513888889E+00  0.9157603694E+06
  0.1516666667E+00  0.9108490582E+06
  0.1519444444E+00  0.9059377438E+06
  0.1522222222E+00  0.9010264293E+06
  0.1525000000E+00  0.8961151182E+06
  0.1527777778E+00  0.8912038037E+06
  0.1530555556E+00  0.8862924893E+06
  0.1533333333E+00  0.8813811782E+06
  0.1536111111E+00  0.8764698525E+06
  0.1538888889E+00  0.8715585381E+06
  0.1541666667E+00  0.8666472303E+06
  0.1544444444E+00  0.8617359158E+06
  0.1547222222E+00  0.8568246003E+06
  0.1550000000E+00  0.8519132891E+06
  0.1552777778E+00  0.8477203178E+06
  0.1555555556E+00  0.8435273376E+06
  0.1558333333E+00  0.8393343674E+06
  0.1561111111E+00  0.8351413961E+06
  0.1563888889E+00  0.8309484159E+06
  0.1566666667E+00  0.8267554456E+06
  0.1569444444E+00  0.8225624743E+06
  0.1572222222E+00  0.8183694941E+06
  0.1575000000E+00  0.8141765239E+06
  0.1577777778E+00  0.8099835537E+06
  0.1580555556E+00  0.8057905724E+06
  0.1583333333E+00  0.8015976022E+06
  0.1586111111E+00  0.7974046320E+06
  0.1588888889E+00  0.7932116506E+06
  0.1591666667E+00  0.7890186804E+06
  0.1594444444E+00  0.7848257102E+06
  0.1597222222E+00  0.7806327322E+06
  0.1600000000E+00  0.7764397620E+06
  0.1602777778E+00  0.7727462340E+06
  0.1605555556E+00  0.7690526961E+06
  0.1608333333E+00  0.7653591670E+06
  0.1611111111E+00  0.7616656390E+06
  0.1613888889E+00  0.7579721010E+06
  0.1616666667E+00  0.7542785719E+06
  0.1619444444E+00  0.7505850439E+06
  0.1622222222E+00  0.7468915059E+06
  0.1625000000E+00  0.7431979768E+06
  0.1627777778E+00  0.7395044488E+06
  0.1630555556E+00  0.7358109109E+06
  0.1633333333E+00  0.7321173818E+06
  0.1636111111E+00  0.7284238538E+06
  0.1638888889E+00  0.7247303158E+06
  0.1641666667E+00  0.7210367901E+06
  0.1644444444E+00  0.7173432621E+06
  0.1647222222E+00  0.7136497241E+06
  0.1650000000E+00  0.7099561950E+06
  0.1652777778E+00  0.7065985881E+06
  0.1655555556E+00  0.7032409778E+06
  0.1658333333E+00  0.6998833809E+06
  0.1661111111E+00  0.6965257740E+06
  0.1663888889E+00  0.6931681660E+06
  0.1666666667E+00  0.6898105590E+06
  0.1669444444E+00  0.6864529488E+06
  0.1672222222E+00  0.6830953519E+06
  0.1675000000E+00  0.6797377439E+06
  0.1677777778E+00  0.6763801369E+06
  0.1680555556E+00  0.6730225300E+06
  0.1683333333E+00  0.6696649232E+06
  0.1686111111E+00  0.6663073218E+06
  0.1688888889E+00  0.6629497148E+06
  0.1691666667E+00  0.6595921079E+06
  0.1694444444E+00  0.6562345010E+06
  0.1697222222E+00  0.6528768930E+06
  0.1700000000E+00  0.6495192927E+06
  0.1702777778E+00  0.6463852912E+06
  0.1705555556E+00  0.6432512997E+06
  0.1708333333E+00  0.6401173081E+06
  0.1711111111E+00  0.6369833166E+06
  0.1713888889E+00  0.6338493151E+06
  0.1716666667E+00  0.6307153236E+06
  0.1719444444E+00  0.6275813321E+06
  0.1722222222E+00  0.6244473405E+06
  0.1725000000E+00  0.6213133390E+06
  0.1727777778E+00  0.6181793474E+06
  0.1730555556E+00  0.6150453559E+06
  0.1733333333E+00  0.6119113644E+06
  0.1736111111E+00  0.6087773728E+06
  0.1738888889E+00  0.6056433703E+06
  0.1741666667E+00  0.6025093787E+06
  0.1744444444E+00  0.5993753872E+06
  0.1747222222E+00  0.5962413957E+06
  0.1750000000E+00  0.5931073941E+06
  0.1752777778E+00  0.5901279461E+06
  0.1755555556E+00  0.5871484980E+06
  0.1758333333E+00  0.5841690501E+06
  0.1761111111E+00  0.5811895920E+06
  0.1763888889E+00  0.5782101440E+06
  0.1766666667E+00  0.5752306960E+06
  0.1769444444E+00  0.5722512479E+06
  0.1772222222E+00  0.5692717910E+06
  0.1775000000E+00  0.5662923431E+06
  0.1777777778E+00  0.5633128951E+06
  0.1780555556E+00  0.5603334470E+06
  0.1783333333E+00  0.5573539890E+06
  0.1786111111E+00  0.5543745410E+06
  0.1788888889E+00  0.5513950929E+06
  0.1791666667E+00  0.5484156450E+06
  0.1794444444E+00  0.5454361870E+06
  0.1797222222E+00  0.5424567389E+06
  0.1800000000E+00  0.5394772909E+06
  0.1802777778E+00  0.5366186389E+06
  0.1805555556E+00  0.5337599957E+06
  0.1808333333E+00  0.5309013504E+06
  0.1811111111E+00  0.5280426983E+06
  0.1813888889E+00  0.5251840530E+06
  0.1816666667E+00  0.5223253998E+06
  0.1819444444E+00  0.5194667544E+06
  0.1822222222E+00  0.5166081124E+06
  0.1825000000E+00  0.5137494570E+06
  0.1827777778E+00  0.5108908139E+06
  0.1830555556E+00  0.5080321585E+06
  0.1833333333E+00  0.5051735165E+06
  0.1836111111E+00  0.5023148712E+06
  0.1838888889E+00  0.4994562191E+06
  0.1841666667E+00  0.4965975726E+06
  0.1844444444E+00  0.4937389205E+06
  0.1847222222E+00  0.4908802751E+06
  0.1850000000E+00  0.4880216231E+06
  0.1852777778E+00  0.4852773859E+06
  0.1855555556E+00  0.4825331497E+06
  0.1858333333E+00  0.4797889168E+06
  0.1861111111E+00  0.4770446806E+06
  0.1863888889E+00  0.4743004344E+06
  0.1866666667E+00  0.4715561982E+06
  0.1869444444E+00  0.4688119633E+06
  0.1872222222E+00  0.4660677252E+06
  0.1875000000E+00  0.4633234870E+06
  0.1877777778E+00  0.4605792467E+06
  0.1880555556E+00  0.4578350085E+06
  0.1883333333E+00  0.4550907736E+06
  0.1886111111E+00  0.4523465354E+06
  0.1888888889E+00  0.4496022963E+06
  0.1891666667E+00  0.4468580581E+06
  0.1894444444E+00  0.4441138232E+06
  0.1897222222E+00  0.4413695840E+06
  0.1900000000E+00  0.4386253458E+06
  0.1902777778E+00  0.4360078697E+06
  0.1905555556E+00  0.4333903936E+06
  0.1908333333E+00  0.4307729154E+06
  0.1911111111E+00  0.4281554393E+06
  0.1913888889E+00  0.4255379632E+06
  0.1916666667E+00  0.4229204861E+06
  0.1919444444E+00  0.4203030133E+06
  0.1922222222E+00  0.4176855362E+06
  0.1925000000E+00  0.4150680602E+06
  0.1927777778E+00  0.4124505841E+06
  0.1930555556E+00  0.4098331070E+06
  0.1933333333E+00  0.4072156308E+06
  0.1936111111E+00  0.4045981547E+06
  0.1938888889E+00  0.4019806776E+06
  0.1941666667E+00  0.3993632015E+06
  0.1944444444E+00  0.3967457255E+06
  0.1947222222E+00  0.3941282484E+06
  0.1950000000E+00  0.3915107756E+06
  0.1952777778E+00  0.3890438702E+06
  0.1955555556E+00  0.3865769649E+06
  0.1958333333E+00  0.3841100596E+06
  0.1961111111E+00  0.3816431531E+06
  0.1963888889E+00  0.3791762488E+06
  0.1966666667E+00  0.3767093424E+06
  0.1969444444E+00  0.3742424381E+06
  0.1972222222E+00  0.3717755318E+06
  0.1975000000E+00  0.3693086275E+06
  0.1977777778E+00  0.3668417245E+06
  0.1980555556E+00  0.3643748202E+06
  0.1983333333E+00  0.3619079149E+06
  0.1986111111E+00  0.3594410085E+06
  0.1988888889E+00  0.3569741042E+06
  0.1991666667E+00  0.3545071977E+06
  0.1994444444E+00  0.3520402934E+06
  0.1997222222E+00  0.3495733871E+06
  0.2000000000E+00  0.3471064828E+06
  0.2002777778E+00  0.3448183839E+06
  0.2005555556E+00  0.3425302860E+06
  0.2008333333E+00  0.3402421880E+06
  0.2011111111E+00  0.3379540867E+06
  0.2013888889E+00  0.3356659888E+06
  0.2016666667E+00  0.3333778909E+06
  0.2019444444E+00  0.3310897919E+06
  0.2022222222E+00  0.3288016917E+06
  0.2025000000E+00  0.3265135927E+06
  0.2027777778E+00  0.3242254958E+06
  0.2030555556E+00  0.3219373935E+06
  0.2033333333E+00  0.3196492956E+06
  0.2036111111E+00  0.3173611977E+06
  0.2038888889E+00  0.3150730998E+06
  0.2041666667E+00  0.3127849974E+06
  0.2044444444E+00  0.3104969006E+06
  0.2047222222E+00  0.3082088016E+06
  0.2050000000E+00  0.3059207047E+06
  0.2052777778E+00  0.3038392048E+06
  0.2055555556E+00  0.3017577050E+06
  0.2058333333E+00  0.2996762097E+06
  0.2061111111E+00  0.2975947110E+06
  0.2063888889E+00  0.2955132112E+06
  0.2066666667E+00  0.2934317158E+06
  0.2069444444E+00  0.2913502170E+06
  0.2072222222E+00  0.2892687183E+06
  0.2075000000E+00  0.2871872219E+06
  0.2077777778E+00  0.2851057231E+06
  0.2080555556E+00  0.2830242244E+06
  0.2083333333E+00  0.2809427280E+06
  0.2086111111E+00  0.2788612291E+06
  0.2088888889E+00  0.2767797305E+06
  0.2091666667E+00  0.2746982340E+06
  0.2094444444E+00  0.2726167363E+06
  0.2097222222E+00  0.2705352399E+06
  0.2100000000E+00  0.2684537402E+06
  0.2102777778E+00  0.2666017533E+06
  0.2105555556E+00  0.2647497654E+06
  0.2108333333E+00  0.2628977786E+06
  0.2111111111E+00  0.2610457942E+06
  0.2113888889E+00  0.2591938063E+06
  0.2116666667E+00  0.2573418195E+06
  0.2119444444E+00  0.2554898316E+06
  0.2122222222E+00  0.2536378449E+06
  0.2125000000E+00  0.2517858615E+06
  0.2127777778E+00  0.2499338746E+06
  0.2130555556E+00  0.2480818867E+06
  0.2133333333E+00  0.2462299000E+06
  0.2136111111E+00  0.2443779122E+06
  0.2138888889E+00  0.2425259286E+06
  0.2141666667E+00  0.2406739408E+06
  0.2144444444E+00  0.2388219530E+06
  0.2147222222E+00  0.2369699662E+06
  0.2150000000E+00  0.2351179817E+06
  0.2152777778E+00  0.2335107174E+06
  0.2155555556E+00  0.2319034574E+06
  0.2158333333E+00  0.2302961965E+06
  0.2161111111E+00  0.2286889356E+06
  0.2163888889E+00  0.2270816756E+06
  0.2166666667E+00  0.2254744113E+06
  0.2169444444E+00  0.2238671503E+06
  0.2172222222E+00  0.2222598904E+06
  0.2175000000E+00  0.2206526294E+06
  0.2177777778E+00  0.2190453684E+06
  0.2180555556E+00  0.2174381053E+06
  0.2183333333E+00  0.2158308442E+06
  0.2186111111E+00  0.2142235833E+06
  0.2188888889E+00  0.2126163233E+06
  0.2191666667E+00  0.2110090624E+06
  0.2194444444E+00  0.2094017992E+06
  0.2197222222E+00  0.2077945382E+06
  0.2200000000E+00  0.2061872772E+06
  0.2202777778E+00  0.2048310155E+06
  0.2205555556E+00  0.2034747580E+06
  0.2208333333E+00  0.2021184952E+06
  0.2211111111E+00  0.2007622378E+06
  0.2213888889E+00  0.1994059749E+06
  0.2216666667E+00  0.1980497142E+06
  0.2219444444E+00  0.1966934558E+06
  0.2222222222E+00  0.1953371939E+06
  0.2225000000E+00  0.1939809365E+06
  0.2227777778E+00  0.1926246736E+06
  0.2230555556E+00  0.1912684129E+06
  0.2233333333E+00  0.1899121545E+06
  0.2236111111E+00  0.1885558926E+06
  0.2238888889E+00  0.1871996342E+06
  0.2241666667E+00  0.1858433724E+06
  0.2244444444E+00  0.1844871107E+06
  0.2247222222E+00  0.1831308533E+06
  0.2250000000E+00  0.1817745914E+06
  0.2252777778E+00  0.1806659102E+06
  0.2255555556E+00  0.1795572288E+06
  0.2258333333E+00  0.1784485475E+06
  0.2261111111E+00  0.1773398628E+06
  0.2263888889E+00  0.1762311815E+06
  0.2266666667E+00  0.1751225013E+06
  0.2269444444E+00  0.1740138189E+06
  0.2272222222E+00  0.1729051376E+06
  0.2275000000E+00  0.1717964562E+06
  0.2277777778E+00  0.1706877715E+06
  0.2280555556E+00  0.1695790914E+06
  0.2283333333E+00  0.1684704100E+06
  0.2286111111E+00  0.1673617277E+06
  0.2288888889E+00  0.1662530463E+06
  0.2291666667E+00  0.1651443661E+06
  0.2294444444E+00  0.1640356814E+06
  0.2297222222E+00  0.1629270001E+06
  0.2300000000E+00  0.1618183187E+06
  0.2302777778E+00  0.1609449208E+06
  0.2305555556E+00  0.1600715239E+06
  0.2308333333E+00  0.1591981258E+06
  0.2311111111E+00  0.1583247289E+06
  0.2313888889E+00  0.1574513275E+06
  0.2316666667E+00  0.1565779295E+06
  0.2319444444E+00  0.1557045315E+06
  0.2322222222E+00  0.1548311345E+06
  0.2325000000E+00  0.1539577376E+06
  0.2327777778E+00  0.1530843396E+06
  0.2330555556E+00  0.1522109416E+06
  0.2333333333E+00  0.1513375446E+06
  0.2336111111E+00  0.1504641433E+06
  0.2338888889E+00  0.1495907453E+06
  0.2341666667E+00  0.1487173484E+06
  0.2344444444E+00  0.1478439514E+06
  0.2347222222E+00  0.1469705534E+06
  0.2350000000E+00  0.1460971554E+06
  0.2352777778E+00  0.1454388343E+06
  0.2355555556E+00  0.1447805145E+06
  0.2358333333E+00  0.1441221967E+06
  0.2361111111E+00  0.1434638735E+06
  0.2363888889E+00  0.1428055558E+06
  0.2366666667E+00  0.1421472326E+06
  0.2369444444E+00  0.1414889149E+06
  0.2372222222E+00  0.1408305950E+06
  0.2375000000E+00  0.1401722740E+06
  0.2377777778E+00  0.1395139552E+06
  0.2380555556E+00  0.1388556330E+06
  0.2383333333E+00  0.1381973143E+06
  0.2386111111E+00  0.1375389955E+06
  0.2388888889E+00  0.1368806734E+06
  0.2391666667E+00  0.1362223545E+06
  0.2394444444E+00  0.1355640325E+06
  0.2397222222E+00  0.1349057147E+06
  0.2400000000E+00  0.1342473915E+06
  0.2402777778E+00  0.1337778421E+06
  0.2405555556E+00  0.1333082893E+06
  0.2408333333E+00  0.1328387376E+06
  0.2411111111E+00  0.1323691848E+06
  0.2413888889E+00  0.1318996321E+06
  0.2416666667E+00  0.1314300793E+06
  0.2419444444E+00  0.1309605275E+06
  0.2422222222E+00  0.1304909748E+06
  0.2425000000E+00  0.1300214220E+06
  0.2427777778E+00  0.1295518692E+06
  0.2430555556E+00  0.1290823208E+06
  0.2433333333E+00  0.1286127681E+06
  0.2436111111E+00  0.1281432153E+06
  0.2438888889E+00  0.1276736626E+06
  0.2441666667E+00  0.1272041098E+06
  0.2444444444E+00  0.1267345580E+06
  0.2447222222E+00  0.1262650052E+06
  0.2450000000E+00  0.1257954514E+06
  0.2452777778E+00  0.1254842203E+06
  0.2455555556E+00  0.1251729892E+06
  0.2458333333E+00  0.1248617581E+06
  0.2461111111E+00  0.1245505260E+06
  0.2463888889E+00  0.1242392935E+06
  0.2466666667E+00  0.1239280618E+06
  0.2469444444E+00  0.1236168304E+06
  0.2472222222E+00  0.1233055976E+06
  0.2475000000E+00  0.1229943661E+06
  0.2477777778E+00  0.1226831347E+06
  0.2480555556E+00  0.1223719029E+06
  0.2483333333E+00  0.1220606715E+06
  0.2486111111E+00  0.1217494387E+06
  0.2488888889E+00  0.1214382073E+06
  0.2491666667E+00  0.1211269759E+06
  0.2494444444E+00  0.1208157441E+06
  0.2497222222E+00  0.1205045116E+06
  0.2500000000E+00  0.1201932788E+06
  0.2502777778E+00  0.1200077739E+06
  0.2505555556E+00  0.1198222679E+06
  0.2508333333E+00  0.1196367617E+06
  0.2511111111E+00  0.1194512557E+06
  0.2513888889E+00  0.1192657497E+06
  0.2516666667E+00  0.1190802439E+06
  0.2519444444E+00  0.1188947375E+06
  0.2522222222E+00  0.1187092327E+06
  0.2525000000E+00  0.1185237257E+06
  0.2527777778E+00  0.1183382194E+06
  0.2530555556E+00  0.1181527145E+06
  0.2533333333E+00  0.1179672077E+06
  0.2536111111E+00  0.1177817019E+06
  0.2538888889E+00  0.1175961963E+06
  0.2541666667E+00  0.1174106898E+06
  0.2544444444E+00  0.1172251839E+06
  0.2547222222E+00  0.1170396784E+06
  0.2550000000E+00  0.1168541718E+06
  0.2552777778E+00  0.1167617217E+06
  0.2555555556E+00  0.1166692727E+06
  0.2558333333E+00  0.1165768229E+06
  0.2561111111E+00  0.1164843729E+06
  0.2563888889E+00  0.1163919232E+06
  0.2566666667E+00  0.1162994731E+06
  0.2569444444E+00  0.1162070230E+06
  0.2572222222E+00  0.1161145733E+06
  0.2575000000E+00  0.1160221232E+06
  0.2577777778E+00  0.1159296731E+06
  0.2580555556E+00  0.1158372234E+06
  0.2583333333E+00  0.1157447733E+06
  0.2586111111E+00  0.1156523233E+06
  0.2588888889E+00  0.1155598735E+06
  0.2591666667E+00  0.1154674235E+06
  0.2594444444E+00  0.1153749734E+06
  0.2597222222E+00  0.1152825247E+06
  0.2600000000E+00  0.1151900746E+06
  0.2602777778E+00  0.1151595223E+06
  0.2605555556E+00  0.1151289711E+06
  0.2608333333E+00  0.1150984200E+06
  0.2611111111E+00  0.1150678688E+06
  0.2613888889E+00  0.1150373164E+06
  0.2616666667E+00  0.1150067652E+06
  0.2619444444E+00  0.1149762139E+06
  0.2622222222E+00  0.1149456625E+06
  0.2625000000E+00  0.1149151103E+06
  0.2627777778E+00  0.1148845590E+06
  0.2630555556E+00  0.1148540077E+06
  0.2633333333E+00  0.1148234567E+06
  0.2636111111E+00  0.1147929044E+06
  0.2638888889E+00  0.1147623531E+06
  0.2641666667E+00  0.1147318019E+06
  0.2644444444E+00  0.1147012505E+06
  0.2647222222E+00  0.1146706982E+06
  0.2650000000E+00  0.1146401470E+06
  0.2652777778E+00  0.1146433935E+06
  0.2655555556E+00  0.1146466396E+06
  0.2658333333E+00  0.1146498851E+06
  0.2661111111E+00  0.1146531317E+06
  0.2663888889E+00  0.1146563779E+06
  0.2666666667E+00  0.1146596244E+06
  0.2669444444E+00  0.1146628696E+06
  0.2672222222E+00  0.1146661161E+06
  0.2675000000E+00  0.1146693626E+06
  0.2677777778E+00  0.1146726089E+06
  0.2680555556E+00  0.1146758544E+06
  0.2683333333E+00  0.1146791005E+06
  0.2686111111E+00  0.1146823471E+06
  0.2688888889E+00  0.1146855936E+06
  0.2691666667E+00  0.1146888388E+06
  0.2694444444E+00  0.1146920854E+06
  0.2697222222E+00  0.1146953315E+06
  0.2700000000E+00  0.1146985780E+06
  0.2702777778E+00  0.1147116320E+06
  0.2705555556E+00  0.1147246872E+06
  0.2708333333E+00  0.1147377412E+06
  0.2711111111E+00  0.1147507965E+06
  0.2713888889E+00  0.1147638503E+06
  0.2716666667E+00  0.1147769052E+06
  0.2719444444E+00  0.1147899595E+06
  0.2722222222E+00  0.1148030144E+06
  0.2725000000E+00  0.1148160687E+06
  0.2727777778E+00  0.1148291235E+06
  0.2730555556E+00  0.1148421785E+06
  0.2733333333E+00  0.1148552328E+06
  0.2736111111E+00  0.1148682877E+06
  0.2738888889E+00  0.1148813420E+06
  0.2741666667E+00  0.1148943968E+06
  0.2744444444E+00  0.1149074508E+06
  0.2747222222E+00  0.1149205060E+06
  0.2750000000E+00  0.1149335600E+06
  0.2752777778E+00  0.1149371789E+06
  0.2755555556E+00  0.1149407979E+06
  0.2758333333E+00  0.1149444159E+06
  0.2761111111E+00  0.1149480349E+06
  0.2763888889E+00  0.1149516538E+06
  0.2766666667E+00  0.1149552719E+06
  0.2769444444E+00  0.1149588909E+06
  0.2772222222E+00  0.1149625098E+06
  0.2775000000E+00  0.1149661279E+06
  0.2777777778E+00  0.1149697465E+06
  0.2780555556E+00  0.1149733655E+06
  0.2783333333E+00  0.1149769834E+06
  0.2786111111E+00  0.1149806025E+06
  0.2788888889E+00  0.1149842214E+06
  0.2791666667E+00  0.1149878394E+06
  0.2794444444E+00  0.1149914585E+06
  0.2797222222E+00  0.1149950774E+06
  0.2800000000E+00  0.1149986965E+06
  0.2802777778E+00  0.1149787381E+06
  0.2805555556E+00  0.1149587802E+06
  0.2808333333E+00  0.1149388221E+06
  0.2811111111E+00  0.1149188639E+06
  0.2813888889E+00  0.1148989069E+06
  0.2816666667E+00  0.1148789490E+06
  0.2819444444E+00  0.1148589906E+06
  0.2822222222E+00  0.1148390327E+06
  0.2825000000E+00  0.1148190753E+06
  0.2827777778E+00  0.1147991174E+06
  0.2830555556E+00  0.1147791594E+06
  0.2833333333E+00  0.1147592011E+06
  0.2836111111E+00  0.1147392431E+06
  0.2838888889E+00  0.1147192862E+06
  0.2841666667E+00  0.1146993278E+06
  0.2844444444E+00  0.1146793699E+06
  0.2847222222E+00  0.1146594115E+06
  0.2850000000E+00  0.1146394546E+06
  0.2852777778E+00  0.1145869063E+06
  0.2855555556E+00  0.1145343580E+06
  0.2858333333E+00  0.1144818097E+06
  0.2861111111E+00  0.1144292617E+06
  0.2863888889E+00  0.1143767133E+06
  0.2866666667E+00  0.1143241651E+06
  0.2869444444E+00  0.1142716167E+06
  0.2872222222E+00  0.1142190683E+06
  0.2875000000E+00  0.1141665201E+06
  0.2877777778E+00  0.1141139717E+06
  0.2880555556E+00  0.1140614244E+06
  0.2883333333E+00  0.1140088761E+06
  0.2886111111E+00  0.1139563281E+06
  0.2888888889E+00  0.1139037798E+06
  0.2891666667E+00  0.1138512314E+06
  0.2894444444E+00  0.1137986832E+06
  0.2897222222E+00  0.1137461348E+06
  0.2900000000E+00  0.1136935865E+06
  0.2902777778E+00  0.1136041206E+06
  0.2905555556E+00  0.1135146551E+06
  0.2908333333E+00  0.1134251892E+06
  0.2911111111E+00  0.1133357237E+06
  0.2913888889E+00  0.1132462578E+06
  0.2916666667E+00  0.1131567919E+06
  0.2919444444E+00  0.1130673254E+06
  0.2922222222E+00  0.1129778595E+06
  0.2925000000E+00  0.1128883937E+06
  0.2927777778E+00  0.1127989281E+06
  0.2930555556E+00  0.1127094623E+06
  0.2933333333E+00  0.1126199964E+06
  0.2936111111E+00  0.1125305308E+06
  0.2938888889E+00  0.1124410649E+06
  0.2941666667E+00  0.1123515990E+06
  0.2944444444E+00  0.1122621335E+06
  0.2947222222E+00  0.1121726676E+06
  0.2950000000E+00  0.1120832008E+06
  0.2952777778E+00  0.1119568565E+06
  0.2955555556E+00  0.1118305111E+06
  0.2958333333E+00  0.1117041658E+06
  0.2961111111E+00  0.1115778205E+06
  0.2963888889E+00  0.1114514751E+06
  0.2966666667E+00  0.1113251299E+06
  0.2969444444E+00  0.1111987846E+06
  0.2972222222E+00  0.1110724392E+06
  0.2975000000E+00  0.1109460949E+06
  0.2977777778E+00  0.1108197496E+06
  0.2980555556E+00  0.1106934044E+06
  0.2983333333E+00  0.1105670590E+06
  0.2986111111E+00  0.1104407137E+06
  0.2988888889E+00  0.1103143684E+06
  0.2991666667E+00  0.1101880230E+06
  0.2994444444E+00  0.1100616788E+06
  0.2997222222E+00  0.1099353335E+06
  0.3000000000E+00  0.1098089881E+06
  0.3002777778E+00  0.1096492437E+06
  0.3005555556E+00  0.1094894993E+06
  0.3008333333E+00  0.1093297539E+06
  0.3011111111E+00  0.1091700095E+06
  0.3013888889E+00  0.1090102651E+06
  0.3016666667E+00  0.1088505207E+06
  0.3019444444E+00  0.1086907763E+06
  0.3022222222E+00  0.1085310318E+06
  0.3025000000E+00  0.1083712875E+06
  0.3027777778E+00  0.1082115420E+06
  0.3030555556E+00  0.1080517977E+06
  0.3033333333E+00  0.1078920532E+06
  0.3036111111E+00  0.1077323089E+06
  0.3038888889E+00  0.1075725644E+06
  0.3041666667E+00  0.1074128201E+06
  0.3044444444E+00  0.1072530756E+06
  0.3047222222E+00  0.1070933313E+06
  0.3050000000E+00  0.1069335858E+06
  0.3052777778E+00  0.1067466786E+06
  0.3055555556E+00  0.1065597715E+06
  0.3058333333E+00  0.1063728633E+06
  0.3061111111E+00  0.1061859564E+06
  0.3063888889E+00  0.1059990483E+06
  0.3066666667E+00  0.1058121411E+06
  0.3069444444E+00  0.1056252339E+06
  0.3072222222E+00  0.1054383261E+06
  0.3075000000E+00  0.1052514190E+06
  0.3077777778E+00  0.1050645108E+06
  0.3080555556E+00  0.1048776036E+06
  0.3083333333E+00  0.1046906968E+06
  0.3086111111E+00  0.1045037886E+06
  0.3088888889E+00  0.1043168814E+06
  0.3091666667E+00  0.1041299732E+06
  0.3094444444E+00  0.1039430661E+06
  0.3097222222E+00  0.1037561592E+06
  0.3100000000E+00  0.1035692510E+06
  0.3102777778E+00  0.1033633185E+06
  0.3105555556E+00  0.1031573849E+06
  0.3108333333E+00  0.1029514517E+06
  0.3111111111E+00  0.1027455192E+06
  0.3113888889E+00  0.1025395855E+06
  0.3116666667E+00  0.1023336529E+06
  0.3119444444E+00  0.1021277197E+06
  0.3122222222E+00  0.1019217862E+06
  0.3125000000E+00  0.1017158536E+06
  0.3127777778E+00  0.1015099201E+06
  0.3130555556E+00  0.1013039879E+06
  0.3133333333E+00  0.1010980542E+06
  0.3136111111E+00  0.1008921207E+06
  0.3138888889E+00  0.1006861881E+06
  0.3141666667E+00  0.1004802549E+06
  0.3144444444E+00  0.1002743224E+06
  0.3147222222E+00  0.1000683888E+06
  0.3150000000E+00  0.9986245514E+05
  0.3152777778E+00  0.9964674836E+05
  0.3155555556E+00  0.9943104124E+05
  0.3158333333E+00  0.9921533434E+05
  0.3161111111E+00  0.9899962622E+05
  0.3163888889E+00  0.9878391944E+05
  0.3166666667E+00  0.9856821221E+05
  0.3169444444E+00  0.9835250543E+05
  0.3172222222E+00  0.9813679731E+05
  0.3175000000E+00  0.9792109041E+05
  0.3177777778E+00  0.9770538330E+05
  0.3180555556E+00  0.9748967618E+05
  0.3183333333E+00  0.9727396828E+05
  0.3186111111E+00  0.9705826116E+05
  0.3188888889E+00  0.9684255438E+05
  0.3191666667E+00  0.9662684715E+05
  0.3194444444E+00  0.9641113937E+05
  0.3197222222E+00  0.9619543225E+05
  0.3200000000E+00  0.9597972535E+05
  0.3202777778E+00  0.9576368843E+05
  0.3205555556E+00  0.9554765241E+05
  0.3208333333E+00  0.9533161505E+05
  0.3211111111E+00  0.9511557812E+05
  0.3213888889E+00  0.9489954109E+05
  0.3216666667E+00  0.9468350519E+05
  0.3219444444E+00  0.9446746815E+05
  0.3222222222E+00  0.9425143112E+05
  0.3225000000E+00  0.9403539520E+05
  0.3227777778E+00  0.9381935817E+05
  0.3230555556E+00  0.9360332115E+05
  0.3233333333E+00  0.9338728423E+05
  0.3236111111E+00  0.9317124787E+05
  0.3238888889E+00  0.9295521095E+05
  0.3241666667E+00  0.9273917393E+05
  0.3244444444E+00  0.9252313790E+05
  0.3247222222E+00  0.9230710098E+05
  0.3250000000E+00  0.9209106395E+05
  0.3252777778E+00  0.9188388697E+05
  0.3255555556E+00  0.9167670877E+05
  0.3258333333E+00  0.9146953179E+05
  0.3261111111E+00  0.9126235482E+05
  0.3263888889E+00  0.9105517695E+05
  0.3266666667E+00  0.9084799963E+05
  0.3269444444E+00  0.9064082265E+05
  0.3272222222E+00  0.9043364480E+05
  0.3275000000E+00  0.9022646782E+05
  0.3277777778E+00  0.9001929050E+05
  0.3280555556E+00  0.8981211263E+05
  0.3283333333E+00  0.8960493565E+05
  0.3286111111E+00  0.8939775868E+05
  0.3288888889E+00  0.8919058047E+05
  0.3291666667E+00  0.8898340350E+05
  0.3294444444E+00  0.8877622552E+05
  0.3297222222E+00  0.8856904865E+05
  0.3300000000E+00  0.8836187168E+05
  0.3302777778E+00  0.8817164995E+05
  0.3305555556E+00  0.8798142910E+05
  0.3308333333E+00  0.8779120871E+05
  0.3311111111E+00  0.8760098699E+05
  0.3313888889E+00  0.8741076648E+05
  0.3316666667E+00  0.8722054575E+05
  0.3319444444E+00  0.8703032436E+05
  0.3322222222E+00  0.8684010364E+05
  0.3325000000E+00  0.8664988313E+05
  0.3327777778E+00  0.8645966140E+05
  0.3330555556E+00  0.8626944102E+05
  0.3333333333E+00  0.8607922017E+05
  0.3336111111E+00  0.8588899878E+05
  0.3338888889E+00  0.8569877805E+05
  0.3341666667E+00  0.8550855665E+05
  0.3344444444E+00  0.8531833582E+05
  0.3347222222E+00  0.8512811543E+05
  0.3350000000E+00  0.8493789369E+05
  0.3352777778E+00  0.8477140503E+05
  0.3355555556E+00  0.8460491536E+05
  0.3358333333E+00  0.8443842569E+05
  0.3361111111E+00  0.8427193637E+05
  0.3363888889E+00  0.8410544670E+05
  0.3366666667E+00  0.8393895703E+05
  0.3369444444E+00  0.8377246737E+05
  0.3372222222E+00  0.8360597770E+05
  0.3375000000E+00  0.8343948904E+05
  0.3377777778E+00  0.8327299937E+05
  0.3380555556E+00  0.8310650970E+05
  0.3383333333E+00  0.8294002004E+05
  0.3386111111E+00  0.8277353070E+05
  0.3388888889E+00  0.8260704103E+05
  0.3391666667E+00  0.8244055138E+05
  0.3394444444E+00  0.8227406270E+05
  0.3397222222E+00  0.8210757303E+05
  0.3400000000E+00  0.8194108338E+05
  0.3402777778E+00  0.8180337094E+05
  0.3405555556E+00  0.8166565882E+05
  0.3408333333E+00  0.8152794638E+05
  0.3411111111E+00  0.8139023427E+05
  0.3413888889E+00  0.8125252183E+05
  0.3416666667E+00  0.8111480939E+05
  0.3419444444E+00  0.8097709717E+05
  0.3422222222E+00  0.8083938472E+05
  0.3425000000E+00  0.8070167261E+05
  0.3427777778E+00  0.8056396017E+05
  0.3430555556E+00  0.8042624774E+05
  0.3433333333E+00  0.8028853563E+05
  0.3436111111E+00  0.8015082319E+05
  0.3438888889E+00  0.8001311107E+05
  0.3441666667E+00  0.7987539863E+05
  0.3444444444E+00  0.7973768652E+05
  0.3447222222E+00  0.7959997397E+05
  0.3450000000E+00  0.7946226053E+05
  0.3452777778E+00  0.7935648700E+05
  0.3455555556E+00  0.7925071203E+05
  0.3458333333E+00  0.7914493739E+05
  0.3461111111E+00  0.7903916242E+05
  0.3463888889E+00  0.7893338789E+05
  0.3466666667E+00  0.7882761292E+05
  0.3469444444E+00  0.7872183827E+05
  0.3472222222E+00  0.7861606342E+05
  0.3475000000E+00  0.7851028844E+05
  0.3477777778E+00  0.7840451380E+05
  0.3480555556E+00  0.7829873883E+05
  0.3483333333E+00  0.7819296430E+05
  0.3486111111E+00  0.7808718934E+05
  0.3488888889E+00  0.7798141469E+05
  0.3491666667E+00  0.7787563972E+05
  0.3494444444E+00  0.7776986519E+05
  0.3497222222E+00  0.7766409023E+05
  0.3500000000E+00  0.7755831658E+05
  0.3502777778E+00  0.7748570912E+05
  0.3505555556E+00  0.7741310266E+05
  0.3508333333E+00  0.7734049543E+05
  0.3511111111E+00  0.7726788898E+05
  0.3513888889E+00  0.7719528185E+05
  0.3516666667E+00  0.7712267528E+05
  0.3519444444E+00  0.7705006881E+05
  0.3522222222E+00  0.7697746169E+05
  0.3525000000E+00  0.7690485512E+05
  0.3527777778E+00  0.7683224799E+05
  0.3530555556E+00  0.7675964154E+05
  0.3533333333E+00  0.7668703508E+05
  0.3536111111E+00  0.7661442785E+05
  0.3538888889E+00  0.7654182138E+05
  0.3541666667E+00  0.7646921426E+05
  0.3544444444E+00  0.7639660769E+05
  0.3547222222E+00  0.7632400023E+05
  0.3550000000E+00  0.7625139410E+05
  0.3552777778E+00  0.7621133436E+05
  0.3555555556E+00  0.7617127495E+05
  0.3558333333E+00  0.7613121521E+05
  0.3561111111E+00  0.7609115579E+05
  0.3563888889E+00  0.7605109605E+05
  0.3566666667E+00  0.7601103764E+05
  0.3569444444E+00  0.7597097790E+05
  0.3572222222E+00  0.7593091837E+05
  0.3575000000E+00  0.7589085863E+05
  0.3577777778E+00  0.7585079922E+05
  0.3580555556E+00  0.7581073947E+05
  0.3583333333E+00  0.7577068006E+05
  0.3586111111E+00  0.7573062032E+05
  0.3588888889E+00  0.7569056092E+05
  0.3591666667E+00  0.7565050116E+05
  0.3594444444E+00  0.7561044176E+05
  0.3597222222E+00  0.7557038301E+05
  0.3600000000E+00  0.7553032360E+05
  0.3602777778E+00  0.7552048546E+05
  0.3605555556E+00  0.7551064820E+05
  0.3608333333E+00  0.7550081139E+05
  0.3611111111E+00  0.7549097325E+05
  0.3613888889E+00  0.7548113633E+05
  0.3616666667E+00  0.7547129918E+05
  0.3619444444E+00  0.7546146226E+05
  0.3622222222E+00  0.7545162412E+05
  0.3625000000E+00  0.7544178686E+05
  0.3627777778E+00  0.7543195005E+05
  0.3630555556E+00  0.7542211190E+05
  0.3633333333E+00  0.7541227499E+05
  0.3636111111E+00  0.7540243785E+05
  0.3638888889E+00  0.7539260058E+05
  0.3641666667E+00  0.7538276278E+05
  0.3644444444E+00  0.7537292551E+05
  0.3647222222E+00  0.7536308871E+05
  0.3650000000E+00  0.7535325057E+05
  0.3652777778E+00  0.7536988365E+05
  0.3655555556E+00  0.7538651575E+05
  0.3658333333E+00  0.7540314751E+05
  0.3661111111E+00  0.7541978059E+05
  0.3663888889E+00  0.7543641269E+05
  0.3666666667E+00  0.7545304478E+05
  0.3669444444E+00  0.7546967754E+05
  0.3672222222E+00  0.7548630963E+05
  0.3675000000E+00  0.7550294173E+05
  0.3677777778E+00  0.7551957481E+05
  0.3680555556E+00  0.7553620669E+05
  0.3683333333E+00  0.7555283878E+05
  0.3686111111E+00  0.7556947187E+05
  0.3688888889E+00  0.7558610396E+05
  0.3691666667E+00  0.7560273572E+05
  0.3694444444E+00  0.7561936781E+05
  0.3697222222E+00  0.7563600090E+05
  0.3700000000E+00  0.7565263300E+05
  0.3702777778E+00  0.7569082176E+05
  0.3705555556E+00  0.7572901096E+05
  0.3708333333E+00  0.7576720106E+05
  0.3711111111E+00  0.7580538982E+05
  0.3713888889E+00  0.7584357892E+05
  0.3716666667E+00  0.7588176813E+05
  0.3719444444E+00  0.7591995690E+05
  0.3722222222E+00  0.7595814699E+05
  0.3725000000E+00  0.7599633608E+05
  0.3727777778E+00  0.7603452530E+05
  0.3730555556E+00  0.7607271405E+05
  0.3733333333E+00  0.7611090316E+05
  0.3736111111E+00  0.7614909325E+05
  0.3738888889E+00  0.7618728211E+05
  0.3741666667E+00  0.7622547122E+05
  0.3744444444E+00  0.7626366031E+05
  0.3747222222E+00  0.7630184908E+05
  0.3750000000E+00  0.7634003928E+05
  0.3752777778E+00  0.7639413343E+05
  0.3755555556E+00  0.7644822757E+05
  0.3758333333E+00  0.7650232271E+05
  0.3761111111E+00  0.7655641685E+05
  0.3763888889E+00  0.7661051200E+05
  0.3766666667E+00  0.7666460614E+05
  0.3769444444E+00  0.7671870061E+05
  0.3772222222E+00  0.7677279576E+05
  0.3775000000E+00  0.7682688990E+05
  0.3777777778E+00  0.7688098504E+05
  0.3780555556E+00  0.7693507919E+05
  0.3783333333E+00  0.7698917333E+05
  0.3786111111E+00  0.7704326847E+05
  0.3788888889E+00  0.7709736262E+05
  0.3791666667E+00  0.7715145776E+05
  0.3794444444E+00  0.7720555190E+05
  0.3797222222E+00  0.7725964604E+05
  0.3800000000E+00  0.7731374119E+05
  0.3802777778E+00  0.7737760178E+05
  0.3805555556E+00  0.7744146138E+05
  0.3808333333E+00  0.7750532197E+05
  0.3811111111E+00  0.7756918280E+05
  0.3813888889E+00  0.7763304339E+05
  0.3816666667E+00  0.7769690299E+05
  0.3819444444E+00  0.7776076347E+05
  0.3822222222E+00  0.7782462407E+05
  0.3825000000E+00  0.7788848467E+05
  0.3827777778E+00  0.7795234416E+05
  0.3830555556E+00  0.7801620475E+05
  0.3833333333E+00  0.7808006534E+05
  0.3836111111E+00  0.7814392616E+05
  0.3838888889E+00  0.7820778576E+05
  0.3841666667E+00  0.7827164636E+05
  0.3844444444E+00  0.7833550684E+05
  0.3847222222E+00  0.7839936744E+05
  0.3850000000E+00  0.7846322703E+05
  0.3852777778E+00  0.7853076870E+05
  0.3855555556E+00  0.7859831004E+05
  0.3858333333E+00  0.7866585282E+05
  0.3861111111E+00  0.7873339415E+05
  0.3863888889E+00  0.7880093593E+05
  0.3866666667E+00  0.7886847759E+05
  0.3869444444E+00  0.7893601893E+05
  0.3872222222E+00  0.7900356071E+05
  0.3875000000E+00  0.7907110205E+05
  0.3877777778E+00  0.7913864371E+05
  0.3880555556E+00  0.7920618516E+05
  0.3883333333E+00  0.7927372683E+05
  0.3886111111E+00  0.7934126849E+05
  0.3888888889E+00  0.7940880994E+05
  0.3891666667E+00  0.7947635160E+05
  0.3894444444E+00  0.7954389305E+05
  0.3897222222E+00  0.7961143472E+05
  0.3900000000E+00  0.7967897639E+05
  0.3902777778E+00  0.7974429425E+05
  0.3905555556E+00  0.7980961099E+05
  0.3908333333E+00  0.7987492873E+05
  0.3911111111E+00  0.7994024560E+05
  0.3913888889E+00  0.8000556335E+05
  0.3916666667E+00  0.8007088120E+05
  0.3919444444E+00  0.8013619795E+05
  0.3922222222E+00  0.8020151570E+05
  0.3925000000E+00  0.8026683289E+05
  0.3927777778E+00  0.8033215063E+05
  0.3930555556E+00  0.8039746749E+05
  0.3933333333E+00  0.8046278524E+05
  0.3936111111E+00  0.8052810199E+05
  0.3938888889E+00  0.8059341984E+05
  0.3941666667E+00  0.8065873759E+05
  0.3944444444E+00  0.8072405434E+05
  0.3947222222E+00  0.8078937220E+05
  0.3950000000E+00  0.8085468928E+05
  0.3952777778E+00  0.8091257142E+05
  0.3955555556E+00  0.8097045288E+05
  0.3958333333E+00  0.8102833537E+05
  0.3961111111E+00  0.8108621650E+05
  0.3963888889E+00  0.8114409886E+05
  0.3966666667E+00  0.8120198034E+05
  0.3969444444E+00  0.8125986281E+05
  0.3972222222E+00  0.8131774494E+05
  0.3975000000E+00  0.8137562642E+05
  0.3977777778E+00  0.8143350878E+05
  0.3980555556E+00  0.8149139026E+05
  0.3983333333E+00  0.8154927239E+05
  0.3986111111E+00  0.8160715387E+05
  0.3988888889E+00  0.8166503633E+05
  0.3991666667E+00  0.8172291748E+05
  0.3994444444E+00  0.8178079984E+05
  0.3997222222E+00  0.8183868131E+05
  0.4000000000E+00  0.8189656379E+05
  0.4002777778E+00  0.8194260506E+05
  0.4005555556E+00  0.8198864633E+05
  0.4008333333E+00  0.8203468761E+05
  0.4011111111E+00  0.8208072887E+05
  0.4013888889E+00  0.8212677014E+05
  0.4016666667E+00  0.8217281141E+05
  0.4019444444E+00  0.8221885268E+05
  0.4022222222E+00  0.8226489396E+05
  0.4025000000E+00  0.8231093556E+05
  0.4027777778E+00  0.8235697684E+05
  0.4030555556E+00  0.8240301811E+05
  0.4033333333E+00  0.8244905937E+05
  0.4036111111E+00  0.8249510064E+05
  0.4038888889E+00  0.8254114191E+05
  0.4041666667E+00  0.8258718319E+05
  0.4044444444E+00  0.8263322446E+05
  0.4047222222E+00  0.8267926673E+05
  0.4050000000E+00  0.8272530834E+05
  0.4052777778E+00  0.8275618285E+05
  0.4055555556E+00  0.8278705771E+05
  0.4058333333E+00  0.8281793258E+05
  0.4061111111E+00  0.8284880810E+05
  0.4063888889E+00  0.8287968296E+05
  0.4066666667E+00  0.8291055781E+05
  0.4069444444E+00  0.8294143267E+05
  0.4072222222E+00  0.8297230820E+05
  0.4075000000E+00  0.8300318306E+05
  0.4077777778E+00  0.8303405792E+05
  0.4080555556E+00  0.8306493344E+05
  0.4083333333E+00  0.8309580829E+05
  0.4086111111E+00  0.8312668315E+05
  0.4088888889E+00  0.8315755801E+05
  0.4091666667E+00  0.8318843354E+05
  0.4094444444E+00  0.8321930840E+05
  0.4097222222E+00  0.8325018325E+05
  0.4100000000E+00  0.8328105777E+05
  0.4102777778E+00  0.8329461319E+05
  0.4105555556E+00  0.8330816863E+05
  0.4108333333E+00  0.8332172382E+05
  0.4111111111E+00  0.8333527925E+05
  0.4113888889E+00  0.8334883378E+05
  0.4116666667E+00  0.8336238887E+05
  0.4119444444E+00  0.8337594440E+05
  0.4122222222E+00  0.8338949982E+05
  0.4125000000E+00  0.8340305503E+05
  0.4127777778E+00  0.8341660945E+05
  0.4130555556E+00  0.8343016499E+05
  0.4133333333E+00  0.8344372007E+05
  0.4136111111E+00  0.8345727561E+05
  0.4138888889E+00  0.8347083103E+05
  0.4141666667E+00  0.8348438523E+05
  0.4144444444E+00  0.8349794065E+05
  0.4147222222E+00  0.8351149586E+05
  0.4150000000E+00  0.8352505128E+05
  0.4152777778E+00  0.8352033810E+05
  0.4155555556E+00  0.8351562503E+05
  0.4158333333E+00  0.8351091152E+05
  0.4161111111E+00  0.8350619845E+05
  0.4163888889E+00  0.8350148527E+05
  0.4166666667E+00  0.8349677209E+05
  0.4169444444E+00  0.8349205869E+05
  0.4172222222E+00  0.8348734450E+05
  0.4175000000E+00  0.8348263144E+05
  0.4177777778E+00  0.8347791792E+05
  0.4180555556E+00  0.8347320485E+05
  0.4183333333E+00  0.8346849167E+05
  0.4186111111E+00  0.8346377849E+05
  0.4188888889E+00  0.8345906510E+05
  0.4191666667E+00  0.8345435192E+05
  0.4194444444E+00  0.8344963885E+05
  0.4197222222E+00  0.8344492567E+05
  0.4200000000E+00  0.8344021215E+05
  0.4202777778E+00  0.8341750028E+05
  0.4205555556E+00  0.8339478830E+05
  0.4208333333E+00  0.8337207499E+05
  0.4211111111E+00  0.8334936300E+05
  0.4213888889E+00  0.8332665114E+05
  0.4216666667E+00  0.8330393917E+05
  0.4219444444E+00  0.8328122585E+05
  0.4222222222E+00  0.8325851387E+05
  0.4225000000E+00  0.8323580190E+05
  0.4227777778E+00  0.8321309002E+05
  0.4230555556E+00  0.8319037771E+05
  0.4233333333E+00  0.8316766474E+05
  0.4236111111E+00  0.8314495275E+05
  0.4238888889E+00  0.8312224044E+05
  0.4241666667E+00  0.8309952858E+05
  0.4244444444E+00  0.8307681559E+05
  0.4247222222E+00  0.8305410361E+05
  0.4250000000E+00  0.8303139130E+05
  0.4252777778E+00  0.8299205229E+05
  0.4255555556E+00  0.8295271385E+05
  0.4258333333E+00  0.8291337473E+05
  0.4261111111E+00  0.8287403629E+05
  0.4263888889E+00  0.8283469684E+05
  0.4266666667E+00  0.8279535871E+05
  0.4269444444E+00  0.8275601938E+05
  0.4272222222E+00  0.8271668127E+05
  0.4275000000E+00  0.8267734182E+05
  0.4277777778E+00  0.8263800371E+05
  0.4280555556E+00  0.8259866426E+05
  0.4283333333E+00  0.8255932625E+05
  0.4286111111E+00  0.8251998681E+05
  0.4288888889E+00  0.8248064836E+05
  0.4291666667E+00  0.8244130925E+05
  0.4294444444E+00  0.8240197080E+05
  0.4297222222E+00  0.8236263179E+05
  0.4300000000E+00  0.8232329334E+05
  0.4302777778E+00  0.8226965642E+05
  0.4305555556E+00  0.8221601962E+05
  0.4308333333E+00  0.8216238281E+05
  0.4311111111E+00  0.8210874556E+05
  0.4313888889E+00  0.8205510875E+05
  0.4316666667E+00  0.8200147194E+05
  0.4319444444E+00  0.8194783502E+05
  0.4322222222E+00  0.8189419821E+05
  0.4325000000E+00  0.8184056107E+05
  0.4327777778E+00  0.8178692516E+05
  0.4330555556E+00  0.8173328835E+05
  0.4333333333E+00  0.8167965154E+05
  0.4336111111E+00  0.8162601462E+05
  0.4338888889E+00  0.8157237782E+05
  0.4341666667E+00  0.8151874067E+05
  0.4344444444E+00  0.8146510375E+05
  0.4347222222E+00  0.8141146696E+05
  0.4350000000E+00  0.8135783015E+05
  0.4352777778E+00  0.8129297896E+05
  0.4355555556E+00  0.8122812787E+05
  0.4358333333E+00  0.8116327679E+05
  0.4361111111E+00  0.8109842570E+05
  0.4363888889E+00  0.8103357450E+05
  0.4366666667E+00  0.8096872276E+05
  0.4369444444E+00  0.8090387168E+05
  0.4372222222E+00  0.8083902048E+05
  0.4375000000E+00  0.8077416940E+05
  0.4377777778E+00  0.8070931832E+05
  0.4380555556E+00  0.8064446724E+05
  0.4383333333E+00  0.8057961604E+05
  0.4386111111E+00  0.8051476429E+05
  0.4388888889E+00  0.8044991321E+05
  0.4391666667E+00  0.8038506213E+05
  0.4394444444E+00  0.8032021094E+05
  0.4397222222E+00  0.8025535986E+05
  0.4400000000E+00  0.8019050878E+05
  0.4402777778E+00  0.8011806904E+05
  0.4405555556E+00  0.8004562941E+05
  0.4408333333E+00  0.7997318933E+05
  0.4411111111E+00  0.7990075070E+05
  0.4413888889E+00  0.7982831096E+05
  0.4416666667E+00  0.7975587133E+05
  0.4419444444E+00  0.7968343126E+05
  0.4422222222E+00  0.7961099151E+05
  0.4425000000E+00  0.7953855288E+05
  0.4427777778E+00  0.7946611315E+05
  0.4430555556E+00  0.7939367319E+05
  0.4433333333E+00  0.7932123345E+05
  0.4436111111E+00  0.7924879482E+05
  0.4438888889E+00  0.7917635507E+05
  0.4441666667E+00  0.7910391511E+05
  0.4444444444E+00  0.7903147537E+05
  0.4447222222E+00  0.7895903674E+05
  0.4450000000E+00  0.7888659700E+05
  0.4452777778E+00  0.7881042093E+05
  0.4455555556E+00  0.7873424540E+05
  0.4458333333E+00  0.7865806987E+05
  0.4461111111E+00  0.7858189432E+05
  0.4463888889E+00  0.7850571879E+05
  0.4466666667E+00  0.7842954305E+05
  0.4469444444E+00  0.7835336752E+05
  0.4472222222E+00  0.7827719165E+05
  0.4475000000E+00  0.7820101602E+05
  0.4477777778E+00  0.7812484047E+05
  0.4480555556E+00  0.7804866494E+05
  0.4483333333E+00  0.7797248941E+05
  0.4486111111E+00  0.7789631378E+05
  0.4488888889E+00  0.7782013825E+05
  0.4491666667E+00  0.7774396227E+05
  0.4494444444E+00  0.7766778673E+05
  0.4497222222E+00  0.7759161109E+05
  0.4500000000E+00  0.7751543556E+05
  0.4502777778E+00  0.7743940760E+05
  0.4505555556E+00  0.7736338008E+05
  0.4508333333E+00  0.7728735223E+05
  0.4511111111E+00  0.7721132461E+05
  0.4513888889E+00  0.7713529665E+05
  0.4516666667E+00  0.7705926879E+05
  0.4519444444E+00  0.7698324128E+05
  0.4522222222E+00  0.7690721332E+05
  0.4525000000E+00  0.7683118546E+05
  0.4527777778E+00  0.7675515784E+05
  0.4530555556E+00  0.7667912988E+05
  0.4533333333E+00  0.7660310237E+05
  0.4536111111E+00  0.7652707451E+05
  0.4538888889E+00  0.7645104654E+05
  0.4541666667E+00  0.7637501892E+05
  0.4544444444E+00  0.7629899096E+05
  0.4547222222E+00  0.7622296321E+05
  0.4550000000E+00  0.7614693559E+05
  0.4552777778E+00  0.7607472162E+05
  0.4555555556E+00  0.7600250721E+05
  0.4558333333E+00  0.7593029314E+05
  0.4561111111E+00  0.7585807917E+05
  0.4563888889E+00  0.7578586519E+05
  0.4566666667E+00  0.7571365111E+05
  0.4569444444E+00  0.7564143714E+05
  0.4572222222E+00  0.7556922274E+05
  0.4575000000E+00  0.7549700876E+05
  0.4577777778E+00  0.7542479479E+05
  0.4580555556E+00  0.7535258071E+05
  0.4583333333E+00  0.7528036675E+05
  0.4586111111E+00  0.7520815234E+05
  0.4588888889E+00  0.7513593837E+05
  0.4591666667E+00  0.7506372428E+05
  0.4594444444E+00  0.7499151032E+05
  0.4597222222E+00  0.7491929635E+05
  0.4600000000E+00  0.7484708228E+05
  0.4602777778E+00  0.7478188817E+05
  0.4605555556E+00  0.7471669439E+05
  0.4608333333E+00  0.7465150029E+05
  0.4611111111E+00  0.7458630662E+05
  0.4613888889E+00  0.7452111284E+05
  0.4616666667E+00  0.7445591874E+05
  0.4619444444E+00  0.7439072508E+05
  0.4622222222E+00  0.7432553096E+05
  0.4625000000E+00  0.7426033720E+05
  0.4627777778E+00  0.7419514342E+05
  0.4630555556E+00  0.7412994942E+05
  0.4633333333E+00  0.7406475565E+05
  0.4636111111E+00  0.7399956187E+05
  0.4638888889E+00  0.7393436787E+05
  0.4641666667E+00  0.7386917410E+05
  0.4644444444E+00  0.7380397999E+05
  0.4647222222E+00  0.7373878622E+05
  0.4650000000E+00  0.7367359255E+05
  0.4652777778E+00  0.7361800398E+05
  0.4655555556E+00  0.7356241563E+05
  0.4658333333E+00  0.7350682739E+05
  0.4661111111E+00  0.7345123913E+05
  0.4663888889E+00  0.7339565056E+05
  0.4666666667E+00  0.7334006222E+05
  0.4669444444E+00  0.7328447397E+05
  0.4672222222E+00  0.7322888562E+05
  0.4675000000E+00  0.7317329704E+05
  0.4677777778E+00  0.7311770879E+05
  0.4680555556E+00  0.7306212056E+05
  0.4683333333E+00  0.7300653231E+05
  0.4686111111E+00  0.7295094373E+05
  0.4688888889E+00  0.7289535538E+05
  0.4691666667E+00  0.7283976714E+05
  0.4694444444E+00  0.7278417889E+05
  0.4697222222E+00  0.7272859031E+05
  0.4700000000E+00  0.7267300207E+05
  0.4702777778E+00  0.7262885054E+05
  0.4705555556E+00  0.7258469876E+05
  0.4708333333E+00  0.7254054700E+05
  0.4711111111E+00  0.7249639556E+05
  0.4713888889E+00  0.7245224380E+05
  0.4716666667E+00  0.7240809191E+05
  0.4719444444E+00  0.7236394048E+05
  0.4722222222E+00  0.7231978882E+05
  0.4725000000E+00  0.7227563695E+05
  0.4727777778E+00  0.7223148551E+05
  0.4730555556E+00  0.7218733364E+05
  0.4733333333E+00  0.7214318187E+05
  0.4736111111E+00  0.7209903054E+05
  0.4738888889E+00  0.7205487866E+05
  0.4741666667E+00  0.7201072690E+05
  0.4744444444E+00  0.7196657536E+05
  0.4747222222E+00  0.7192242369E+05
  0.4750000000E+00  0.7187827192E+05
  0.4752777778E+00  0.7184657722E+05
  0.4755555556E+00  0.7181488220E+05
  0.4758333333E+00  0.7178318749E+05
  0.4761111111E+00  0.7175149279E+05
  0.4763888889E+00  0.7171979776E+05
  0.4766666667E+00  0.7168810305E+05
  0.4769444444E+00  0.7165640846E+05
  0.4772222222E+00  0.7162471332E+05
  0.4775000000E+00  0.7159301872E+05
  0.4777777778E+00  0.7156132368E+05
  0.4780555556E+00  0.7152962887E+05
  0.4783333333E+00  0.7149793428E+05
  0.4786111111E+00  0.7146623924E+05
  0.4788888889E+00  0.7143454454E+05
  0.4791666667E+00  0.7140284983E+05
  0.4794444444E+00  0.7137115491E+05
  0.4797222222E+00  0.7133946010E+05
  0.4800000000E+00  0.7130776517E+05
  0.4802777778E+00  0.7128869202E+05
  0.4805555556E+00  0.7126961853E+05
  0.4808333333E+00  0.7125054549E+05
  0.4811111111E+00  0.7123147210E+05
  0.4813888889E+00  0.7121239872E+05
  0.4816666667E+00  0.7119332557E+05
  0.4819444444E+00  0.7117425218E+05
  0.4822222222E+00  0.7115517880E+05
  0.4825000000E+00  0.7113610565E+05
  0.4827777778E+00  0.7111703227E+05
  0.4830555556E+00  0.7109795889E+05
  0.4833333333E+00  0.7107888585E+05
  0.4836111111E+00  0.7105981235E+05
  0.4838888889E+00  0.7104073898E+05
  0.4841666667E+00  0.7102166593E+05
  0.4844444444E+00  0.7100259243E+05
  0.4847222222E+00  0.7098351895E+05
  0.4850000000E+00  0.7096444590E+05
  0.4852777778E+00  0.7095737907E+05
  0.4855555556E+00  0.7095031256E+05
  0.4858333333E+00  0.7094324586E+05
  0.4861111111E+00  0.7093617902E+05
  0.4863888889E+00  0.7092911252E+05
  0.4866666667E+00  0.7092204591E+05
  0.4869444444E+00  0.7091497931E+05
  0.4872222222E+00  0.7090791249E+05
  0.4875000000E+00  0.7090084587E+05
  0.4877777778E+00  0.7089377938E+05
  0.4880555556E+00  0.7088671254E+05
  0.4883333333E+00  0.7087964582E+05
  0.4886111111E+00  0.7087257933E+05
  0.4888888889E+00  0.7086551249E+05
  0.4891666667E+00  0.7085844589E+05
  0.4894444444E+00  0.7085137929E+05
  0.4897222222E+00  0.7084431246E+05
  0.4900000000E+00  0.7083724584E+05
  0.4902777778E+00  0.7084085484E+05
  0.4905555556E+00  0.7084446416E+05
  0.4908333333E+00  0.7084807304E+05
  0.4911111111E+00  0.7085168204E+05
  0.4913888889E+00  0.7085529091E+05
  0.4916666667E+00  0.7085889991E+05
  0.4919444444E+00  0.7086250913E+05
  0.4922222222E+00  0.7086611812E+05
  0.4925000000E+00  0.7086972711E+05
  0.4927777778E+00  0.7087333599E+05
  0.4930555556E+00  0.7087694521E+05
  0.4933333333E+00  0.7088055421E+05
  0.4936111111E+00  0.7088416319E+05
  0.4938888889E+00  0.7088777219E+05
  0.4941666667E+00  0.7089138140E+05
  0.4944444444E+00  0.7089499029E+05
  0.4947222222E+00  0.7089859927E+05
  0.4950000000E+00  0.7090220827E+05
