  0.1027777778E-01  0.2243693358E+08
  0.1055555556E-01  0.2241333236E+08
  0.1083333333E-01  0.2238973104E+08
  0.1111111111E-01  0.2236613005E+08
  0.1138888889E-01  0.2234252883E+08
  0.1166666667E-01  0.2231892752E+08
  0.1194444444E-01  0.2229532619E+08
  0.1222222222E-01  0.2227172497E+08
  0.1250000000E-01  0.2224812364E+08
  0.1277777778E-01  0.2222452233E+08
  0.1305555556E-01  0.2220092121E+08
  0.1333333333E-01  0.2217732022E+08
  0.1361111111E-01  0.2215371890E+08
  0.1388888889E-01  0.2213011768E+08
  0.1416666667E-01  0.2210651636E+08
  0.1444444444E-01  0.2208291503E+08
  0.1472222222E-01  0.2205931382E+08
  0.1500000000E-01  0.2203571250E+08
  0.1527777778E-01  0.2200338079E+08
  0.1555555556E-01  0.2197104875E+08
  0.1583333333E-01  0.2193871682E+08
  0.1611111111E-01  0.2190638479E+08
  0.1638888889E-01  0.2187405266E+08
  0.1666666667E-01  0.2184172095E+08
  0.1694444444E-01  0.2180938892E+08
  0.1722222222E-01  0.2177705688E+08
  0.1750000000E-01  0.2174472495E+08
  0.1777777778E-01  0.2171239325E+08
  0.1805555556E-01  0.2168006121E+08
  0.1833333333E-01  0.2164772908E+08
  0.1861111111E-01  0.2161539704E+08
  0.1888888889E-01  0.2158306534E+08
  0.1916666667E-01  0.2155073341E+08
  0.1944444444E-01  0.2151840137E+08
  0.1972222222E-01  0.2148606933E+08
  0.2000000000E-01  0.2145373763E+08
  0.2027777778E-01  0.2141333876E+08
  0.2055555556E-01  0.2137293988E+08
  0.2083333333E-01  0.2133254111E+08
  0.2111111111E-01  0.2129214268E+08
  0.2138888889E-01  0.2125174391E+08
  0.2166666667E-01  0.2121134503E+08
  0.2194444444E-01  0.2117094626E+08
  0.2222222222E-01  0.2113054782E+08
  0.2250000000E-01  0.2109014894E+08
  0.2277777778E-01  0.2104975018E+08
  0.2305555556E-01  0.2100935174E+08
  0.2333333333E-01  0.2096895297E+08
  0.2361111111E-01  0.2092855409E+08
  0.2388888889E-01  0.2088815532E+08
  0.2416666667E-01  0.2084775689E+08
  0.2444444444E-01  0.2080735812E+08
  0.2472222222E-01  0.2076695924E+08
  0.2500000000E-01  0.2072656047E+08
  0.2527777778E-01  0.2067892493E+08
  0.2555555556E-01  0.2063128960E+08
  0.2583333333E-01  0.2058365383E+08
  0.2611111111E-01  0.2053601829E+08
  0.2638888889E-01  0.2048838262E+08
  0.2666666667E-01  0.2044074709E+08
  0.2694444444E-01  0.2039311131E+08
  0.2722222222E-01  0.2034547597E+08
  0.2750000000E-01  0.2029784043E+08
  0.2777777778E-01  0.2025020466E+08
  0.2805555556E-01  0.2020256923E+08
  0.2833333333E-01  0.2015493345E+08
  0.2861111111E-01  0.2010729801E+08
  0.2888888889E-01  0.2005966225E+08
  0.2916666667E-01  0.2001202681E+08
  0.2944444444E-01  0.1996439127E+08
  0.2972222222E-01  0.1991675550E+08
  0.3000000000E-01  0.1986912017E+08
  0.3027777778E-01  0.1981521334E+08
  0.3055555556E-01  0.1976130662E+08
  0.3083333333E-01  0.1970740024E+08
  0.3111111111E-01  0.1965349342E+08
  0.3138888889E-01  0.1959958670E+08
  0.3166666667E-01  0.1954567998E+08
  0.3194444444E-01  0.1949177349E+08
  0.3222222222E-01  0.1943786688E+08
  0.3250000000E-01  0.1938396017E+08
  0.3277777778E-01  0.1933005368E+08
  0.3305555556E-01  0.1927614696E+08
  0.3333333333E-01  0.1922224024E+08
  0.3361111111E-01  0.1916833341E+08
  0.3388888889E-01  0.1911442703E+08
  0.3416666667E-01  0.1906052031E+08
  0.3444444444E-01  0.1900661349E+08
  0.3472222222E-01  0.1895270710E+08
  0.3500000000E-01  0.1889880049E+08
  0.3527777778E-01  0.1883966908E+08
  0.3555555556E-01  0.1878053786E+08
  0.3583333333E-01  0.1872140666E+08
  0.3611111111E-01  0.1866227535E+08
  0.3638888889E-01  0.1860314415E+08
  0.3666666667E-01  0.1854401327E+08
  0.3694444444E-01  0.1848488196E+08
  0.3722222222E-01  0.1842575064E+08
  0.3750000000E-01  0.1836661943E+08
  0.3777777778E-01  0.1830748813E+08
  0.3805555556E-01  0.1824835692E+08
  0.3833333333E-01  0.1818922572E+08
  0.3861111111E-01  0.1813009440E+08
  0.3888888889E-01  0.1807096342E+08
  0.3916666667E-01  0.1801183211E+08
  0.3944444444E-01  0.1795270091E+08
  0.3972222222E-01  0.1789356969E+08
  0.4000000000E-01  0.1783443838E+08
  0.4027777778E-01  0.1777120936E+08
  0.4055555556E-01  0.1770797999E+08
  0.4083333333E-01  0.1764475095E+08
  0.4111111111E-01  0.1758152204E+08
  0.4138888889E-01  0.1751829300E+08
  0.4166666667E-01  0.1745506364E+08
  0.4194444444E-01  0.1739183460E+08
  0.4222222222E-01  0.1732860557E+08
  0.4250000000E-01  0.1726537654E+08
  0.4277777778E-01  0.1720214717E+08
  0.4305555556E-01  0.1713891825E+08
  0.4333333333E-01  0.1707568922E+08
  0.4361111111E-01  0.1701246019E+08
  0.4388888889E-01  0.1694923082E+08
  0.4416666667E-01  0.1688600179E+08
  0.4444444444E-01  0.1682277275E+08
  0.4472222222E-01  0.1675954383E+08
  0.4500000000E-01  0.1669631447E+08
  0.4527777778E-01  0.1663014332E+08
  0.4555555556E-01  0.1656397218E+08
  0.4583333333E-01  0.1649780115E+08
  0.4611111111E-01  0.1643162991E+08
  0.4638888889E-01  0.1636545887E+08
  0.4666666667E-01  0.1629928762E+08
  0.4694444444E-01  0.1623311650E+08
  0.4722222222E-01  0.1616694546E+08
  0.4750000000E-01  0.1610077388E+08
  0.4777777778E-01  0.1603460284E+08
  0.4805555556E-01  0.1596843160E+08
  0.4833333333E-01  0.1590226056E+08
  0.4861111111E-01  0.1583608943E+08
  0.4888888889E-01  0.1576991818E+08
  0.4916666667E-01  0.1570374715E+08
  0.4944444444E-01  0.1563757590E+08
  0.4972222222E-01  0.1557140453E+08
  0.5000000000E-01  0.1550523329E+08
  0.5027777778E-01  0.1543727574E+08
  0.5055555556E-01  0.1536931786E+08
  0.5083333333E-01  0.1530136030E+08
  0.5111111111E-01  0.1523340276E+08
  0.5138888889E-01  0.1516544476E+08
  0.5166666667E-01  0.1509748721E+08
  0.5194444444E-01  0.1502952933E+08
  0.5222222222E-01  0.1496157178E+08
  0.5250000000E-01  0.1489361389E+08
  0.5277777778E-01  0.1482565623E+08
  0.5305555556E-01  0.1475769835E+08
  0.5333333333E-01  0.1468974080E+08
  0.5361111111E-01  0.1462178292E+08
  0.5388888889E-01  0.1455382526E+08
  0.5416666667E-01  0.1448586737E+08
  0.5444444444E-01  0.1441790982E+08
  0.5472222222E-01  0.1434995227E+08
  0.5500000000E-01  0.1428199439E+08
  0.5527777778E-01  0.1421337244E+08
  0.5555555556E-01  0.1414475026E+08
  0.5583333333E-01  0.1407612853E+08
  0.5611111111E-01  0.1400750658E+08
  0.5638888889E-01  0.1393888440E+08
  0.5666666667E-01  0.1387026266E+08
  0.5694444444E-01  0.1380164082E+08
  0.5722222222E-01  0.1373301854E+08
  0.5750000000E-01  0.1366439680E+08
  0.5777777778E-01  0.1359577496E+08
  0.5805555556E-01  0.1352715279E+08
  0.5833333333E-01  0.1345853094E+08
  0.5861111111E-01  0.1338990910E+08
  0.5888888889E-01  0.1332128693E+08
  0.5916666667E-01  0.1325266519E+08
  0.5944444444E-01  0.1318404290E+08
  0.5972222222E-01  0.1311542107E+08
  0.6000000000E-01  0.1304679933E+08
  0.6027777778E-01  0.1297858018E+08
  0.6055555556E-01  0.1291036092E+08
  0.6083333333E-01  0.1284214177E+08
  0.6111111111E-01  0.1277392273E+08
  0.6138888889E-01  0.1270570358E+08
  0.6166666667E-01  0.1263748443E+08
  0.6194444444E-01  0.1256926528E+08
  0.6222222222E-01  0.1250104602E+08
  0.6250000000E-01  0.1243282697E+08
  0.6277777778E-01  0.1236460773E+08
  0.6305555556E-01  0.1229638858E+08
  0.6333333333E-01  0.1222816943E+08
  0.6361111111E-01  0.1215995029E+08
  0.6388888889E-01  0.1209173113E+08
  0.6416666667E-01  0.1202351198E+08
  0.6444444444E-01  0.1195529283E+08
  0.6472222222E-01  0.1188707369E+08
  0.6500000000E-01  0.1181885454E+08
  0.6527777778E-01  0.1175201642E+08
  0.6555555556E-01  0.1168517831E+08
  0.6583333333E-01  0.1161834023E+08
  0.6611111111E-01  0.1155150213E+08
  0.6638888889E-01  0.1148466401E+08
  0.6666666667E-01  0.1141782593E+08
  0.6694444444E-01  0.1135098771E+08
  0.6722222222E-01  0.1128414971E+08
  0.6750000000E-01  0.1121731160E+08
  0.6777777778E-01  0.1115047342E+08
  0.6805555556E-01  0.1108363530E+08
  0.6833333333E-01  0.1101679730E+08
  0.6861111111E-01  0.1094995918E+08
  0.6888888889E-01  0.1088312100E+08
  0.6916666667E-01  0.1081628289E+08
  0.6944444444E-01  0.1074944489E+08
  0.6972222222E-01  0.1068260667E+08
  0.7000000000E-01  0.1061576859E+08
  0.7027777778E-01  0.1055118599E+08
  0.7055555556E-01  0.1048660345E+08
  0.7083333333E-01  0.1042202087E+08
  0.7111111111E-01  0.1035743832E+08
  0.7138888889E-01  0.1029285574E+08
  0.7166666667E-01  0.1022827305E+08
  0.7194444444E-01  0.1016369051E+08
  0.7222222222E-01  0.1009910792E+08
  0.7250000000E-01  0.1003452534E+08
  0.7277777778E-01  0.9969942759E+07
  0.7305555556E-01  0.9905360209E+07
  0.7333333333E-01  0.9840777629E+07
  0.7361111111E-01  0.9776195046E+07
  0.7388888889E-01  0.9711612465E+07
  0.7416666667E-01  0.9647029915E+07
  0.7444444444E-01  0.9582447235E+07
  0.7472222222E-01  0.9517864662E+07
  0.7500000000E-01  0.9453282112E+07
  0.7527777778E-01  0.9391704247E+07
  0.7555555556E-01  0.9330126428E+07
  0.7583333333E-01  0.9268548575E+07
  0.7611111111E-01  0.9206970744E+07
  0.7638888889E-01  0.9145392786E+07
  0.7666666667E-01  0.9083814967E+07
  0.7694444444E-01  0.9022237136E+07
  0.7722222222E-01  0.8960659283E+07
  0.7750000000E-01  0.8899081459E+07
  0.7777777778E-01  0.8837503495E+07
  0.7805555556E-01  0.8775925675E+07
  0.7833333333E-01  0.8714347855E+07
  0.7861111111E-01  0.8652770002E+07
  0.7888888889E-01  0.8591192169E+07
  0.7916666667E-01  0.8529614215E+07
  0.7944444444E-01  0.8468036394E+07
  0.7972222222E-01  0.8406458529E+07
  0.8000000000E-01  0.8344880709E+07
  0.8027777778E-01  0.8286926796E+07
  0.8055555556E-01  0.8228973029E+07
  0.8083333333E-01  0.8171019118E+07
  0.8111111111E-01  0.8113065217E+07
  0.8138888889E-01  0.8055111405E+07
  0.8166666667E-01  0.7997157527E+07
  0.8194444444E-01  0.7939203726E+07
  0.8222222222E-01  0.7881249814E+07
  0.8250000000E-01  0.7823295913E+07
  0.8277777778E-01  0.7765342135E+07
  0.8305555556E-01  0.7707388223E+07
  0.8333333333E-01  0.7649434323E+07
  0.8361111111E-01  0.7591480510E+07
  0.8388888889E-01  0.7533526599E+07
  0.8416666667E-01  0.7475572832E+07
  0.8444444444E-01  0.7417618920E+07
  0.8472222222E-01  0.7359665020E+07
  0.8500000000E-01  0.7301711207E+07
  0.8527777778E-01  0.7247858854E+07
  0.8555555556E-01  0.7194006568E+07
  0.8583333333E-01  0.7140154315E+07
  0.8611111111E-01  0.7086302028E+07
  0.8638888889E-01  0.7032449675E+07
  0.8666666667E-01  0.6978597378E+07
  0.8694444444E-01  0.6924745124E+07
  0.8722222222E-01  0.6870892738E+07
  0.8750000000E-01  0.6817040485E+07
  0.8777777778E-01  0.6763188199E+07
  0.8805555556E-01  0.6709335945E+07
  0.8833333333E-01  0.6655483559E+07
  0.8861111111E-01  0.6601631273E+07
  0.8888888889E-01  0.6547779020E+07
  0.8916666667E-01  0.6493926633E+07
  0.8944444444E-01  0.6440074369E+07
  0.8972222222E-01  0.6386222083E+07
  0.9000000000E-01  0.6332369830E+07
  0.9027777778E-01  0.6282958477E+07
  0.9055555556E-01  0.6233547247E+07
  0.9083333333E-01  0.6184135884E+07
  0.9111111111E-01  0.6134724632E+07
  0.9138888889E-01  0.6085313401E+07
  0.9166666667E-01  0.6035902038E+07
  0.9194444444E-01  0.5986490820E+07
  0.9222222222E-01  0.5937079555E+07
  0.9250000000E-01  0.5887668226E+07
  0.9277777778E-01  0.5838256974E+07
  0.9305555556E-01  0.5788845710E+07
  0.9333333333E-01  0.5739434391E+07
  0.9361111111E-01  0.5690023128E+07
  0.9388888889E-01  0.5640611898E+07
  0.9416666667E-01  0.5591200546E+07
  0.9444444444E-01  0.5541789282E+07
  0.9472222222E-01  0.5492378052E+07
  0.9500000000E-01  0.5442966700E+07
  0.9527777778E-01  0.5398200603E+07
  0.9555555556E-01  0.5353434427E+07
  0.9583333333E-01  0.5308668236E+07
  0.9611111111E-01  0.5263902090E+07
  0.9638888889E-01  0.5219135933E+07
  0.9666666667E-01  0.5174369778E+07
  0.9694444444E-01  0.5129603588E+07
  0.9722222222E-01  0.5084837442E+07
  0.9750000000E-01  0.5040071285E+07
  0.9777777778E-01  0.4995305095E+07
  0.9805555556E-01  0.4950538938E+07
  0.9833333333E-01  0.4905772781E+07
  0.9861111111E-01  0.4861006635E+07
  0.9888888889E-01  0.4816240446E+07
  0.9916666667E-01  0.4771474299E+07
  0.9944444444E-01  0.4726708142E+07
  0.9972222222E-01  0.4681941963E+07
  0.1000000000E+00  0.4637175806E+07
  0.1002777778E+00  0.4597128823E+07
  0.1005555556E+00  0.4557081873E+07
  0.1008333333E+00  0.4517034891E+07
  0.1011111111E+00  0.4476987918E+07
  0.1013888889E+00  0.4436940978E+07
  0.1016666667E+00  0.4396893995E+07
  0.1019444444E+00  0.4356847022E+07
  0.1022222222E+00  0.4316800028E+07
  0.1025000000E+00  0.4276753089E+07
  0.1027777778E+00  0.4236706106E+07
  0.1030555556E+00  0.4196659133E+07
  0.1033333333E+00  0.4156612160E+07
  0.1036111111E+00  0.4116565210E+07
  0.1038888889E+00  0.4076518237E+07
  0.1041666667E+00  0.4036471243E+07
  0.1044444444E+00  0.3996424272E+07
  0.1047222222E+00  0.3956377322E+07
  0.1050000000E+00  0.3916330349E+07
  0.1052777778E+00  0.3880965273E+07
  0.1055555556E+00  0.3845600220E+07
  0.1058333333E+00  0.3810235145E+07
  0.1061111111E+00  0.3774870092E+07
  0.1063888889E+00  0.3739505027E+07
  0.1066666667E+00  0.3704139975E+07
  0.1069444444E+00  0.3668774899E+07
  0.1072222222E+00  0.3633409813E+07
  0.1075000000E+00  0.3598044771E+07
  0.1077777778E+00  0.3562679685E+07
  0.1080555556E+00  0.3527314642E+07
  0.1083333333E+00  0.3491949556E+07
  0.1086111111E+00  0.3456584480E+07
  0.1088888889E+00  0.3421219449E+07
  0.1091666667E+00  0.3385854363E+07
  0.1094444444E+00  0.3350489320E+07
  0.1097222222E+00  0.3315124234E+07
  0.1100000000E+00  0.3279759192E+07
  0.1102777778E+00  0.3248934172E+07
  0.1105555556E+00  0.3218109162E+07
  0.1108333333E+00  0.3187284152E+07
  0.1111111111E+00  0.3156459132E+07
  0.1113888889E+00  0.3125634122E+07
  0.1116666667E+00  0.3094809112E+07
  0.1119444444E+00  0.3063984115E+07
  0.1122222222E+00  0.3033159105E+07
  0.1125000000E+00  0.3002334085E+07
  0.1127777778E+00  0.2971509075E+07
  0.1130555556E+00  0.2940684065E+07
  0.1133333333E+00  0.2909859045E+07
  0.1136111111E+00  0.2879034035E+07
  0.1138888889E+00  0.2848209059E+07
  0.1141666667E+00  0.2817384039E+07
  0.1144444444E+00  0.2786559029E+07
  0.1147222222E+00  0.2755734010E+07
  0.1150000000E+00  0.2724909000E+07
  0.1152777778E+00  0.2698398995E+07
  0.1155555556E+00  0.2671888945E+07
  0.1158333333E+00  0.2645378930E+07
  0.1161111111E+00  0.2618868892E+07
  0.1163888889E+00  0.2592358887E+07
  0.1166666667E+00  0.2565848871E+07
  0.1169444444E+00  0.2539338832E+07
  0.1172222222E+00  0.2512828817E+07
  0.1175000000E+00  0.2486318779E+07
  0.1177777778E+00  0.2459808774E+07
  0.1180555556E+00  0.2433298725E+07
  0.1183333333E+00  0.2406788709E+07
  0.1186111111E+00  0.2380278671E+07
  0.1188888889E+00  0.2353768666E+07
  0.1191666667E+00  0.2327258661E+07
  0.1194444444E+00  0.2300748602E+07
  0.1197222222E+00  0.2274238597E+07
  0.1200000000E+00  0.2247728558E+07
  0.1202777778E+00  0.2225240812E+07
  0.1205555556E+00  0.2202753023E+07
  0.1208333333E+00  0.2180265244E+07
  0.1211111111E+00  0.2157777498E+07
  0.1213888889E+00  0.2135289709E+07
  0.1216666667E+00  0.2112801930E+07
  0.1219444444E+00  0.2090314162E+07
  0.1222222222E+00  0.2067826383E+07
  0.1225000000E+00  0.2045338604E+07
  0.1227777778E+00  0.2022850848E+07
  0.1230555556E+00  0.2000363069E+07
  0.1233333333E+00  0.1977875323E+07
  0.1236111111E+00  0.1955387534E+07
  0.1238888889E+00  0.1932899755E+07
  0.1241666667E+00  0.1910412009E+07
  0.1244444444E+00  0.1887924219E+07
  0.1247222222E+00  0.1865436440E+07
  0.1250000000E+00  0.1842948684E+07
  0.1252777778E+00  0.1824140265E+07
  0.1255555556E+00  0.1805331879E+07
  0.1258333333E+00  0.1786523471E+07
  0.1261111111E+00  0.1767715085E+07
  0.1263888889E+00  0.1748906699E+07
  0.1266666667E+00  0.1730098290E+07
  0.1269444444E+00  0.1711289904E+07
  0.1272222222E+00  0.1692481485E+07
  0.1275000000E+00  0.1673673110E+07
  0.1277777778E+00  0.1654864690E+07
  0.1280555556E+00  0.1636056315E+07
  0.1283333333E+00  0.1617247896E+07
  0.1286111111E+00  0.1598439500E+07
  0.1288888889E+00  0.1579631125E+07
  0.1291666667E+00  0.1560822706E+07
  0.1294444444E+00  0.1542014320E+07
  0.1297222222E+00  0.1523205911E+07
  0.1300000000E+00  0.1504397525E+07
  0.1302777778E+00  0.1488894079E+07
  0.1305555556E+00  0.1473390622E+07
  0.1308333333E+00  0.1457887176E+07
  0.1311111111E+00  0.1442383719E+07
  0.1313888889E+00  0.1426880272E+07
  0.1316666667E+00  0.1411376816E+07
  0.1319444444E+00  0.1395873369E+07
  0.1322222222E+00  0.1380369923E+07
  0.1325000000E+00  0.1364866433E+07
  0.1327777778E+00  0.1349362986E+07
  0.1330555556E+00  0.1333859530E+07
  0.1333333333E+00  0.1318356072E+07
  0.1336111111E+00  0.1302852616E+07
  0.1338888889E+00  0.1287349169E+07
  0.1341666667E+00  0.1271845723E+07
  0.1344444444E+00  0.1256342266E+07
  0.1347222222E+00  0.1240838820E+07
  0.1350000000E+00  0.1225335363E+07
  0.1352777778E+00  0.1212745403E+07
  0.1355555556E+00  0.1200155454E+07
  0.1358333333E+00  0.1187565484E+07
  0.1361111111E+00  0.1174975524E+07
  0.1363888889E+00  0.1162385597E+07
  0.1366666667E+00  0.1149795639E+07
  0.1369444444E+00  0.1137205679E+07
  0.1372222222E+00  0.1124615718E+07
  0.1375000000E+00  0.1112025748E+07
  0.1377777778E+00  0.1099435788E+07
  0.1380555556E+00  0.1086845840E+07
  0.1383333333E+00  0.1074255870E+07
  0.1386111111E+00  0.1061665910E+07
  0.1388888889E+00  0.1049075940E+07
  0.1391666667E+00  0.1036485991E+07
  0.1394444444E+00  0.1023896031E+07
  0.1397222222E+00  0.1011306061E+07
  0.1400000000E+00  0.9987161340E+06
  0.1402777778E+00  0.9886469086E+06
  0.1405555556E+00  0.9785776820E+06
  0.1408333333E+00  0.9685084454E+06
  0.1411111111E+00  0.9584392434E+06
  0.1413888889E+00  0.9483700168E+06
  0.1416666667E+00  0.9383008114E+06
  0.1419444444E+00  0.9282315847E+06
  0.1422222222E+00  0.9181623693E+06
  0.1425000000E+00  0.9080931428E+06
  0.1427777778E+00  0.8980239262E+06
  0.1430555556E+00  0.8879547108E+06
  0.1433333333E+00  0.8778854842E+06
  0.1436111111E+00  0.8678162688E+06
  0.1438888889E+00  0.8577470522E+06
  0.1441666667E+00  0.8476778257E+06
  0.1444444444E+00  0.8376086103E+06
  0.1447222222E+00  0.8275393837E+06
  0.1450000000E+00  0.8174701783E+06
  0.1452777778E+00  0.8095396369E+06
  0.1455555556E+00  0.8016091122E+06
  0.1458333333E+00  0.7936785897E+06
  0.1461111111E+00  0.7857480639E+06
  0.1463888889E+00  0.7778175280E+06
  0.1466666667E+00  0.7698870033E+06
  0.1469444444E+00  0.7619564809E+06
  0.1472222222E+00  0.7540259550E+06
  0.1475000000E+00  0.7460954192E+06
  0.1477777778E+00  0.7381648945E+06
  0.1480555556E+00  0.7302343720E+06
  0.1483333333E+00  0.7223038462E+06
  0.1486111111E+00  0.7143733103E+06
  0.1488888889E+00  0.7064427856E+06
  0.1491666667E+00  0.6985122598E+06
  0.1494444444E+00  0.6905817373E+06
  0.1497222222E+00  0.6826512015E+06
  0.1500000000E+00  0.6747206768E+06
  0.1502777778E+00  0.6685676984E+06
  0.1505555556E+00  0.6624147167E+06
  0.1508333333E+00  0.6562617272E+06
  0.1511111111E+00  0.6501087489E+06
  0.1513888889E+00  0.6439557672E+06
  0.1516666667E+00  0.6378027790E+06
  0.1519444444E+00  0.6316498006E+06
  0.1522222222E+00  0.6254968189E+06
  0.1525000000E+00  0.6193438405E+06
  0.1527777778E+00  0.6131908522E+06
  0.1530555556E+00  0.6070378705E+06
  0.1533333333E+00  0.6008848921E+06
  0.1536111111E+00  0.5947319027E+06
  0.1538888889E+00  0.5885789210E+06
  0.1541666667E+00  0.5824259428E+06
  0.1544444444E+00  0.5762729644E+06
  0.1547222222E+00  0.5701199727E+06
  0.1550000000E+00  0.5639669943E+06
  0.1552777778E+00  0.5592595411E+06
  0.1555555556E+00  0.5545520779E+06
  0.1558333333E+00  0.5498446258E+06
  0.1561111111E+00  0.5451371625E+06
  0.1563888889E+00  0.5404297094E+06
  0.1566666667E+00  0.5357222462E+06
  0.1569444444E+00  0.5310147929E+06
  0.1572222222E+00  0.5263073264E+06
  0.1575000000E+00  0.5215998742E+06
  0.1577777778E+00  0.5168924210E+06
  0.1580555556E+00  0.5121849578E+06
  0.1583333333E+00  0.5074775047E+06
  0.1586111111E+00  0.5027700414E+06
  0.1588888889E+00  0.4980625882E+06
  0.1591666667E+00  0.4933551261E+06
  0.1594444444E+00  0.4886476728E+06
  0.1597222222E+00  0.4839402096E+06
  0.1600000000E+00  0.4792327564E+06
  0.1602777778E+00  0.4756734748E+06
  0.1605555556E+00  0.4721142043E+06
  0.1608333333E+00  0.4685549227E+06
  0.1611111111E+00  0.4649956410E+06
  0.1613888889E+00  0.4614363694E+06
  0.1616666667E+00  0.4578770878E+06
  0.1619444444E+00  0.4543178072E+06
  0.1622222222E+00  0.4507585356E+06
  0.1625000000E+00  0.4471992540E+06
  0.1627777778E+00  0.4436399724E+06
  0.1630555556E+00  0.4400807008E+06
  0.1633333333E+00  0.4365214203E+06
  0.1636111111E+00  0.4329621460E+06
  0.1638888889E+00  0.4294028673E+06
  0.1641666667E+00  0.4258435886E+06
  0.1644444444E+00  0.4222843110E+06
  0.1647222222E+00  0.4187250335E+06
  0.1650000000E+00  0.4151657559E+06
  0.1652777778E+00  0.4124947816E+06
  0.1655555556E+00  0.4098238093E+06
  0.1658333333E+00  0.4071528394E+06
  0.1661111111E+00  0.4044818672E+06
  0.1663888889E+00  0.4018108940E+06
  0.1666666667E+00  0.3991399239E+06
  0.1669444444E+00  0.3964689507E+06
  0.1672222222E+00  0.3937979774E+06
  0.1675000000E+00  0.3911270051E+06
  0.1677777778E+00  0.3884560341E+06
  0.1680555556E+00  0.3857850619E+06
  0.1683333333E+00  0.3831140886E+06
  0.1686111111E+00  0.3804431197E+06
  0.1688888889E+00  0.3777721454E+06
  0.1691666667E+00  0.3751011731E+06
  0.1694444444E+00  0.3724302032E+06
  0.1697222222E+00  0.3697592310E+06
  0.1700000000E+00  0.3670882578E+06
  0.1702777778E+00  0.3650852289E+06
  0.1705555556E+00  0.3630822057E+06
  0.1708333333E+00  0.3610791780E+06
  0.1711111111E+00  0.3590761524E+06
  0.1713888889E+00  0.3570731248E+06
  0.1716666667E+00  0.3550700960E+06
  0.1719444444E+00  0.3530670716E+06
  0.1722222222E+00  0.3510640440E+06
  0.1725000000E+00  0.3490610151E+06
  0.1727777778E+00  0.3470579908E+06
  0.1730555556E+00  0.3450549641E+06
  0.1733333333E+00  0.3430519353E+06
  0.1736111111E+00  0.3410489109E+06
  0.1738888889E+00  0.3390458833E+06
  0.1741666667E+00  0.3370428545E+06
  0.1744444444E+00  0.3350398301E+06
  0.1747222222E+00  0.3330368025E+06
  0.1750000000E+00  0.3310337736E+06
  0.1752777778E+00  0.3295167341E+06
  0.1755555556E+00  0.3279996936E+06
  0.1758333333E+00  0.3264826497E+06
  0.1761111111E+00  0.3249656102E+06
  0.1763888889E+00  0.3234485664E+06
  0.1766666667E+00  0.3219315268E+06
  0.1769444444E+00  0.3204144830E+06
  0.1772222222E+00  0.3188974424E+06
  0.1775000000E+00  0.3173803995E+06
  0.1777777778E+00  0.3158633591E+06
  0.1780555556E+00  0.3143463185E+06
  0.1783333333E+00  0.3128292757E+06
  0.1786111111E+00  0.3113122351E+06
  0.1788888889E+00  0.3097951923E+06
  0.1791666667E+00  0.3082781517E+06
  0.1794444444E+00  0.3067611079E+06
  0.1797222222E+00  0.3052440684E+06
  0.1800000000E+00  0.3037270278E+06
  0.1802777778E+00  0.3025505025E+06
  0.1805555556E+00  0.3013739806E+06
  0.1808333333E+00  0.3001974587E+06
  0.1811111111E+00  0.2990209367E+06
  0.1813888889E+00  0.2978444114E+06
  0.1816666667E+00  0.2966678895E+06
  0.1819444444E+00  0.2954913676E+06
  0.1822222222E+00  0.2943148456E+06
  0.1825000000E+00  0.2931383194E+06
  0.1827777778E+00  0.2919617974E+06
  0.1830555556E+00  0.2907852755E+06
  0.1833333333E+00  0.2896087535E+06
  0.1836111111E+00  0.2884322283E+06
  0.1838888889E+00  0.2872557063E+06
  0.1841666667E+00  0.2860791844E+06
  0.1844444444E+00  0.2849026625E+06
  0.1847222222E+00  0.2837261371E+06
  0.1850000000E+00  0.2825496152E+06
  0.1852777778E+00  0.2816016838E+06
  0.1855555556E+00  0.2806537513E+06
  0.1858333333E+00  0.2797058208E+06
  0.1861111111E+00  0.2787578883E+06
  0.1863888889E+00  0.2778099557E+06
  0.1866666667E+00  0.2768620243E+06
  0.1869444444E+00  0.2759140927E+06
  0.1872222222E+00  0.2749661613E+06
  0.1875000000E+00  0.2740182287E+06
  0.1877777778E+00  0.2730702962E+06
  0.1880555556E+00  0.2721223648E+06
  0.1883333333E+00  0.2711744332E+06
  0.1886111111E+00  0.2702265051E+06
  0.1888888889E+00  0.2692785726E+06
  0.1891666667E+00  0.2683306412E+06
  0.1894444444E+00  0.2673827096E+06
  0.1897222222E+00  0.2664347770E+06
  0.1900000000E+00  0.2654868456E+06
  0.1902777778E+00  0.2646850598E+06
  0.1905555556E+00  0.2638832750E+06
  0.1908333333E+00  0.2630814902E+06
  0.1911111111E+00  0.2622797043E+06
  0.1913888889E+00  0.2614779195E+06
  0.1916666667E+00  0.2606761337E+06
  0.1919444444E+00  0.2598743490E+06
  0.1922222222E+00  0.2590725641E+06
  0.1925000000E+00  0.2582707794E+06
  0.1927777778E+00  0.2574689969E+06
  0.1930555556E+00  0.2566672121E+06
  0.1933333333E+00  0.2558654262E+06
  0.1936111111E+00  0.2550636414E+06
  0.1938888889E+00  0.2542618567E+06
  0.1941666667E+00  0.2534600708E+06
  0.1944444444E+00  0.2526582861E+06
  0.1947222222E+00  0.2518565002E+06
  0.1950000000E+00  0.2510547155E+06
  0.1952777778E+00  0.2503418052E+06
  0.1955555556E+00  0.2496288916E+06
  0.1958333333E+00  0.2489159791E+06
  0.1961111111E+00  0.2482030689E+06
  0.1963888889E+00  0.2474901563E+06
  0.1966666667E+00  0.2467772461E+06
  0.1969444444E+00  0.2460643336E+06
  0.1972222222E+00  0.2453514234E+06
  0.1975000000E+00  0.2446385108E+06
  0.1977777778E+00  0.2439255973E+06
  0.1980555556E+00  0.2432126881E+06
  0.1983333333E+00  0.2424997745E+06
  0.1986111111E+00  0.2417868653E+06
  0.1988888889E+00  0.2410739518E+06
  0.1991666667E+00  0.2403610392E+06
  0.1994444444E+00  0.2396481290E+06
  0.1997222222E+00  0.2389352165E+06
  0.2000000000E+00  0.2382223063E+06
  0.2002777778E+00  0.2375613896E+06
  0.2005555556E+00  0.2369004718E+06
  0.2008333333E+00  0.2362395542E+06
  0.2011111111E+00  0.2355786375E+06
  0.2013888889E+00  0.2349177209E+06
  0.2016666667E+00  0.2342568042E+06
  0.2019444444E+00  0.2335958854E+06
  0.2022222222E+00  0.2329349688E+06
  0.2025000000E+00  0.2322740521E+06
  0.2027777778E+00  0.2316131354E+06
  0.2030555556E+00  0.2309522178E+06
  0.2033333333E+00  0.2302913001E+06
  0.2036111111E+00  0.2296303834E+06
  0.2038888889E+00  0.2289694657E+06
  0.2041666667E+00  0.2283085491E+06
  0.2044444444E+00  0.2276476324E+06
  0.2047222222E+00  0.2269867146E+06
  0.2050000000E+00  0.2263257970E+06
  0.2052777778E+00  0.2256962147E+06
  0.2055555556E+00  0.2250666347E+06
  0.2058333333E+00  0.2244370536E+06
  0.2061111111E+00  0.2238074746E+06
  0.2063888889E+00  0.2231778913E+06
  0.2066666667E+00  0.2225483114E+06
  0.2069444444E+00  0.2219187324E+06
  0.2072222222E+00  0.2212891513E+06
  0.2075000000E+00  0.2206595680E+06
  0.2077777778E+00  0.2200299890E+06
  0.2080555556E+00  0.2194004090E+06
  0.2083333333E+00  0.2187708280E+06
  0.2086111111E+00  0.2181412456E+06
  0.2088888889E+00  0.2175116656E+06
  0.2091666667E+00  0.2168820857E+06
  0.2094444444E+00  0.2162525034E+06
  0.2097222222E+00  0.2156229223E+06
  0.2100000000E+00  0.2149933423E+06
  0.2102777778E+00  0.2143862991E+06
  0.2105555556E+00  0.2137792583E+06
  0.2108333333E+00  0.2131722152E+06
  0.2111111111E+00  0.2125651755E+06
  0.2113888889E+00  0.2119581323E+06
  0.2116666667E+00  0.2113510925E+06
  0.2119444444E+00  0.2107440483E+06
  0.2122222222E+00  0.2101370085E+06
  0.2125000000E+00  0.2095299644E+06
  0.2127777778E+00  0.2089229245E+06
  0.2130555556E+00  0.2083158804E+06
  0.2133333333E+00  0.2077088405E+06
  0.2136111111E+00  0.2071017964E+06
  0.2138888889E+00  0.2064947566E+06
  0.2141666667E+00  0.2058877135E+06
  0.2144444444E+00  0.2052806703E+06
  0.2147222222E+00  0.2046736295E+06
  0.2150000000E+00  0.2040665864E+06
  0.2152777778E+00  0.2034812716E+06
  0.2155555556E+00  0.2028959546E+06
  0.2158333333E+00  0.2023106398E+06
  0.2161111111E+00  0.2017253228E+06
  0.2163888889E+00  0.2011400080E+06
  0.2166666667E+00  0.2005546920E+06
  0.2169444444E+00  0.1999693772E+06
  0.2172222222E+00  0.1993840602E+06
  0.2175000000E+00  0.1987987454E+06
  0.2177777778E+00  0.1982134273E+06
  0.2180555556E+00  0.1976281137E+06
  0.2183333333E+00  0.1970427956E+06
  0.2186111111E+00  0.1964574819E+06
  0.2188888889E+00  0.1958721648E+06
  0.2191666667E+00  0.1952868511E+06
  0.2194444444E+00  0.1947015330E+06
  0.2197222222E+00  0.1941162193E+06
  0.2200000000E+00  0.1935309012E+06
  0.2202777778E+00  0.1929715677E+06
  0.2205555556E+00  0.1924122307E+06
  0.2208333333E+00  0.1918528939E+06
  0.2211111111E+00  0.1912935593E+06
  0.2213888889E+00  0.1907342223E+06
  0.2216666667E+00  0.1901748855E+06
  0.2219444444E+00  0.1896155485E+06
  0.2222222222E+00  0.1890562150E+06
  0.2225000000E+00  0.1884968770E+06
  0.2227777778E+00  0.1879375401E+06
  0.2230555556E+00  0.1873782066E+06
  0.2233333333E+00  0.1868188686E+06
  0.2236111111E+00  0.1862595328E+06
  0.2238888889E+00  0.1857001948E+06
  0.2241666667E+00  0.1851408613E+06
  0.2244444444E+00  0.1845815244E+06
  0.2247222222E+00  0.1840221864E+06
  0.2250000000E+00  0.1834628529E+06
  0.2252777778E+00  0.1829358462E+06
  0.2255555556E+00  0.1824088395E+06
  0.2258333333E+00  0.1818818340E+06
  0.2261111111E+00  0.1813548273E+06
  0.2263888889E+00  0.1808278240E+06
  0.2266666667E+00  0.1803008162E+06
  0.2269444444E+00  0.1797738096E+06
  0.2272222222E+00  0.1792468052E+06
  0.2275000000E+00  0.1787197985E+06
  0.2277777778E+00  0.1781927951E+06
  0.2280555556E+00  0.1776657874E+06
  0.2283333333E+00  0.1771387807E+06
  0.2286111111E+00  0.1766117753E+06
  0.2288888889E+00  0.1760847685E+06
  0.2291666667E+00  0.1755577652E+06
  0.2294444444E+00  0.1750307575E+06
  0.2297222222E+00  0.1745037508E+06
  0.2300000000E+00  0.1739767474E+06
  0.2302777778E+00  0.1734888633E+06
  0.2305555556E+00  0.1730009802E+06
  0.2308333333E+00  0.1725130972E+06
  0.2311111111E+00  0.1720252140E+06
  0.2313888889E+00  0.1715373332E+06
  0.2316666667E+00  0.1710494501E+06
  0.2319444444E+00  0.1705615660E+06
  0.2322222222E+00  0.1700736840E+06
  0.2325000000E+00  0.1695857999E+06
  0.2327777778E+00  0.1690979167E+06
  0.2330555556E+00  0.1686100336E+06
  0.2333333333E+00  0.1681221506E+06
  0.2336111111E+00  0.1676342675E+06
  0.2338888889E+00  0.1671463867E+06
  0.2341666667E+00  0.1666585036E+06
  0.2344444444E+00  0.1661706195E+06
  0.2347222222E+00  0.1656827375E+06
  0.2350000000E+00  0.1651948533E+06
  0.2352777778E+00  0.1647516153E+06
  0.2355555556E+00  0.1643083739E+06
  0.2358333333E+00  0.1638651349E+06
  0.2361111111E+00  0.1634218935E+06
  0.2363888889E+00  0.1629786511E+06
  0.2366666667E+00  0.1625354131E+06
  0.2369444444E+00  0.1620921717E+06
  0.2372222222E+00  0.1616489327E+06
  0.2375000000E+00  0.1612056902E+06
  0.2377777778E+00  0.1607624511E+06
  0.2380555556E+00  0.1603192097E+06
  0.2383333333E+00  0.1598759717E+06
  0.2386111111E+00  0.1594327293E+06
  0.2388888889E+00  0.1589894913E+06
  0.2391666667E+00  0.1585462489E+06
  0.2394444444E+00  0.1581030109E+06
  0.2397222222E+00  0.1576597695E+06
  0.2400000000E+00  0.1572165304E+06
  0.2402777778E+00  0.1568214125E+06
  0.2405555556E+00  0.1564262922E+06
  0.2408333333E+00  0.1560311742E+06
  0.2411111111E+00  0.1556360562E+06
  0.2413888889E+00  0.1552409372E+06
  0.2416666667E+00  0.1548458169E+06
  0.2419444444E+00  0.1544506989E+06
  0.2422222222E+00  0.1540555809E+06
  0.2425000000E+00  0.1536604596E+06
  0.2427777778E+00  0.1532653427E+06
  0.2430555556E+00  0.1528702247E+06
  0.2433333333E+00  0.1524751056E+06
  0.2436111111E+00  0.1520799843E+06
  0.2438888889E+00  0.1516848664E+06
  0.2441666667E+00  0.1512897494E+06
  0.2444444444E+00  0.1508946314E+06
  0.2447222222E+00  0.1504995101E+06
  0.2450000000E+00  0.1501043922E+06
  0.2452777778E+00  0.1497584033E+06
  0.2455555556E+00  0.1494124112E+06
  0.2458333333E+00  0.1490664223E+06
  0.2461111111E+00  0.1487204301E+06
  0.2463888889E+00  0.1483744423E+06
  0.2466666667E+00  0.1480284501E+06
  0.2469444444E+00  0.1476824613E+06
  0.2472222222E+00  0.1473364691E+06
  0.2475000000E+00  0.1469904803E+06
  0.2477777778E+00  0.1466444881E+06
  0.2480555556E+00  0.1462984993E+06
  0.2483333333E+00  0.1459525070E+06
  0.2486111111E+00  0.1456065182E+06
  0.2488888889E+00  0.1452605271E+06
  0.2491666667E+00  0.1449145372E+06
  0.2494444444E+00  0.1445685461E+06
  0.2497222222E+00  0.1442225562E+06
  0.2500000000E+00  0.1438765651E+06
  0.2502777778E+00  0.1435780890E+06
  0.2505555556E+00  0.1432796076E+06
  0.2508333333E+00  0.1429811282E+06
  0.2511111111E+00  0.1426826522E+06
  0.2513888889E+00  0.1423841708E+06
  0.2516666667E+00  0.1420856947E+06
  0.2519444444E+00  0.1417872154E+06
  0.2522222222E+00  0.1414887339E+06
  0.2525000000E+00  0.1411902579E+06
  0.2527777778E+00  0.1408917785E+06
  0.2530555556E+00  0.1405933004E+06
  0.2533333333E+00  0.1402948211E+06
  0.2536111111E+00  0.1399963450E+06
  0.2538888889E+00  0.1396978647E+06
  0.2541666667E+00  0.1393993842E+06
  0.2544444444E+00  0.1391009082E+06
  0.2547222222E+00  0.1388024289E+06
  0.2550000000E+00  0.1385039507E+06
  0.2552777778E+00  0.1382491655E+06
  0.2555555556E+00  0.1379943814E+06
  0.2558333333E+00  0.1377395928E+06
  0.2561111111E+00  0.1374848075E+06
  0.2563888889E+00  0.1372300223E+06
  0.2566666667E+00  0.1369752371E+06
  0.2569444444E+00  0.1367204518E+06
  0.2572222222E+00  0.1364656666E+06
  0.2575000000E+00  0.1362108814E+06
  0.2577777778E+00  0.1359560972E+06
  0.2580555556E+00  0.1357013120E+06
  0.2583333333E+00  0.1354465268E+06
  0.2586111111E+00  0.1351917415E+06
  0.2588888889E+00  0.1349369563E+06
  0.2591666667E+00  0.1346821711E+06
  0.2594444444E+00  0.1344273858E+06
  0.2597222222E+00  0.1341726017E+06
  0.2600000000E+00  0.1339178131E+06
  0.2602777778E+00  0.1337009110E+06
  0.2605555556E+00  0.1334840057E+06
  0.2608333333E+00  0.1332671036E+06
  0.2611111111E+00  0.1330501993E+06
  0.2613888889E+00  0.1328332984E+06
  0.2616666667E+00  0.1326163939E+06
  0.2619444444E+00  0.1323994910E+06
  0.2622222222E+00  0.1321825872E+06
  0.2625000000E+00  0.1319656846E+06
  0.2627777778E+00  0.1317487819E+06
  0.2630555556E+00  0.1315318778E+06
  0.2633333333E+00  0.1313149752E+06
  0.2636111111E+00  0.1310980704E+06
  0.2638888889E+00  0.1308811675E+06
  0.2641666667E+00  0.1306642648E+06
  0.2644444444E+00  0.1304473611E+06
  0.2647222222E+00  0.1302304581E+06
  0.2650000000E+00  0.1300135543E+06
  0.2652777778E+00  0.1298274412E+06
  0.2655555556E+00  0.1296413294E+06
  0.2658333333E+00  0.1294552152E+06
  0.2661111111E+00  0.1292691030E+06
  0.2663888889E+00  0.1290829902E+06
  0.2666666667E+00  0.1288968770E+06
  0.2669444444E+00  0.1287107639E+06
  0.2672222222E+00  0.1285246521E+06
  0.2675000000E+00  0.1283385389E+06
  0.2677777778E+00  0.1281524257E+06
  0.2680555556E+00  0.1279663129E+06
  0.2683333333E+00  0.1277801997E+06
  0.2686111111E+00  0.1275940865E+06
  0.2688888889E+00  0.1274079737E+06
  0.2691666667E+00  0.1272218616E+06
  0.2694444444E+00  0.1270357473E+06
  0.2697222222E+00  0.1268496355E+06
  0.2700000000E+00  0.1266635224E+06
  0.2702777778E+00  0.1265004138E+06
  0.2705555556E+00  0.1263373031E+06
  0.2708333333E+00  0.1261741932E+06
  0.2711111111E+00  0.1260110846E+06
  0.2713888889E+00  0.1258479750E+06
  0.2716666667E+00  0.1256848654E+06
  0.2719444444E+00  0.1255217554E+06
  0.2722222222E+00  0.1253586458E+06
  0.2725000000E+00  0.1251955372E+06
  0.2727777778E+00  0.1250324276E+06
  0.2730555556E+00  0.1248693177E+06
  0.2733333333E+00  0.1247062091E+06
  0.2736111111E+00  0.1245430984E+06
  0.2738888889E+00  0.1243799888E+06
  0.2741666667E+00  0.1242168799E+06
  0.2744444444E+00  0.1240537702E+06
  0.2747222222E+00  0.1238906614E+06
  0.2750000000E+00  0.1237275517E+06
  0.2752777778E+00  0.1235794828E+06
  0.2755555556E+00  0.1234314149E+06
  0.2758333333E+00  0.1232833461E+06
  0.2761111111E+00  0.1231352782E+06
  0.2763888889E+00  0.1229872094E+06
  0.2766666667E+00  0.1228391415E+06
  0.2769444444E+00  0.1226910727E+06
  0.2772222222E+00  0.1225430048E+06
  0.2775000000E+00  0.1223949363E+06
  0.2777777778E+00  0.1222468674E+06
  0.2780555556E+00  0.1220987996E+06
  0.2783333333E+00  0.1219507307E+06
  0.2786111111E+00  0.1218026629E+06
  0.2788888889E+00  0.1216545940E+06
  0.2791666667E+00  0.1215065261E+06
  0.2794444444E+00  0.1213584573E+06
  0.2797222222E+00  0.1212103884E+06
  0.2800000000E+00  0.1210623209E+06
  0.2802777778E+00  0.1209217694E+06
  0.2805555556E+00  0.1207812169E+06
  0.2808333333E+00  0.1206406657E+06
  0.2811111111E+00  0.1205001142E+06
  0.2813888889E+00  0.1203595617E+06
  0.2816666667E+00  0.1202190106E+06
  0.2819444444E+00  0.1200784590E+06
  0.2822222222E+00  0.1199379066E+06
  0.2825000000E+00  0.1197973554E+06
  0.2827777778E+00  0.1196568038E+06
  0.2830555556E+00  0.1195162517E+06
  0.2833333333E+00  0.1193757002E+06
  0.2836111111E+00  0.1192351487E+06
  0.2838888889E+00  0.1190945965E+06
  0.2841666667E+00  0.1189540451E+06
  0.2844444444E+00  0.1188134935E+06
  0.2847222222E+00  0.1186729414E+06
  0.2850000000E+00  0.1185323899E+06
  0.2852777778E+00  0.1183927580E+06
  0.2855555556E+00  0.1182531248E+06
  0.2858333333E+00  0.1181134930E+06
  0.2861111111E+00  0.1179738601E+06
  0.2863888889E+00  0.1178342269E+06
  0.2866666667E+00  0.1176945950E+06
  0.2869444444E+00  0.1175549621E+06
  0.2872222222E+00  0.1174153299E+06
  0.2875000000E+00  0.1172756970E+06
  0.2877777778E+00  0.1171360652E+06
  0.2880555556E+00  0.1169964321E+06
  0.2883333333E+00  0.1168568002E+06
  0.2886111111E+00  0.1167171673E+06
  0.2888888889E+00  0.1165775341E+06
  0.2891666667E+00  0.1164379022E+06
  0.2894444444E+00  0.1162982693E+06
  0.2897222222E+00  0.1161586371E+06
  0.2900000000E+00  0.1160190043E+06
  0.2902777778E+00  0.1158748259E+06
  0.2905555556E+00  0.1157306468E+06
  0.2908333333E+00  0.1155864674E+06
  0.2911111111E+00  0.1154422894E+06
  0.2913888889E+00  0.1152981100E+06
  0.2916666667E+00  0.1151539315E+06
  0.2919444444E+00  0.1150097524E+06
  0.2922222222E+00  0.1148655730E+06
  0.2925000000E+00  0.1147213949E+06
  0.2927777778E+00  0.1145772156E+06
  0.2930555556E+00  0.1144330365E+06
  0.2933333333E+00  0.1142888580E+06
  0.2936111111E+00  0.1141446786E+06
  0.2938888889E+00  0.1140005005E+06
  0.2941666667E+00  0.1138563211E+06
  0.2944444444E+00  0.1137121421E+06
  0.2947222222E+00  0.1135679637E+06
  0.2950000000E+00  0.1134237846E+06
  0.2952777778E+00  0.1132712016E+06
  0.2955555556E+00  0.1131186190E+06
  0.2958333333E+00  0.1129660364E+06
  0.2961111111E+00  0.1128134537E+06
  0.2963888889E+00  0.1126608722E+06
  0.2966666667E+00  0.1125082895E+06
  0.2969444444E+00  0.1123557069E+06
  0.2972222222E+00  0.1122031243E+06
  0.2975000000E+00  0.1120505416E+06
  0.2977777778E+00  0.1118979590E+06
  0.2980555556E+00  0.1117453761E+06
  0.2983333333E+00  0.1115927934E+06
  0.2986111111E+00  0.1114402109E+06
  0.2988888889E+00  0.1112876283E+06
  0.2991666667E+00  0.1111350466E+06
  0.2994444444E+00  0.1109824640E+06
  0.2997222222E+00  0.1108298814E+06
  0.3000000000E+00  0.1106772987E+06
  0.3002777778E+00  0.1105139364E+06
  0.3005555556E+00  0.1103505750E+06
  0.3008333333E+00  0.1101872127E+06
  0.3011111111E+00  0.1100238512E+06
  0.3013888889E+00  0.1098604885E+06
  0.3016666667E+00  0.1096971272E+06
  0.3019444444E+00  0.1095337647E+06
  0.3022222222E+00  0.1093704033E+06
  0.3025000000E+00  0.1092070410E+06
  0.3027777778E+00  0.1090436796E+06
  0.3030555556E+00  0.1088803172E+06
  0.3033333333E+00  0.1087169558E+06
  0.3036111111E+00  0.1085535934E+06
  0.3038888889E+00  0.1083902321E+06
  0.3041666667E+00  0.1082268696E+06
  0.3044444444E+00  0.1080635083E+06
  0.3047222222E+00  0.1079001459E+06
  0.3050000000E+00  0.1077367835E+06
  0.3052777778E+00  0.1075618806E+06
  0.3055555556E+00  0.1073869767E+06
  0.3058333333E+00  0.1072120737E+06
  0.3061111111E+00  0.1070371698E+06
  0.3063888889E+00  0.1068622655E+06
  0.3066666667E+00  0.1066873626E+06
  0.3069444444E+00  0.1065124586E+06
  0.3072222222E+00  0.1063375547E+06
  0.3075000000E+00  0.1061626517E+06
  0.3077777778E+00  0.1059877478E+06
  0.3080555556E+00  0.1058128440E+06
  0.3083333333E+00  0.1056379410E+06
  0.3086111111E+00  0.1054630371E+06
  0.3088888889E+00  0.1052881341E+06
  0.3091666667E+00  0.1051132302E+06
  0.3094444444E+00  0.1049383262E+06
  0.3097222222E+00  0.1047634233E+06
  0.3100000000E+00  0.1045885193E+06
  0.3102777778E+00  0.1044028212E+06
  0.3105555556E+00  0.1042171234E+06
  0.3108333333E+00  0.1040314266E+06
  0.3111111111E+00  0.1038457285E+06
  0.3113888889E+00  0.1036600307E+06
  0.3116666667E+00  0.1034743325E+06
  0.3119444444E+00  0.1032886348E+06
  0.3122222222E+00  0.1031029369E+06
  0.3125000000E+00  0.1029172399E+06
  0.3127777778E+00  0.1027315421E+06
  0.3130555556E+00  0.1025458443E+06
  0.3133333333E+00  0.1023601462E+06
  0.3136111111E+00  0.1021744483E+06
  0.3138888889E+00  0.1019887516E+06
  0.3141666667E+00  0.1018030534E+06
  0.3144444444E+00  0.1016173557E+06
  0.3147222222E+00  0.1014316578E+06
  0.3150000000E+00  0.1012459597E+06
  0.3152777778E+00  0.1010515975E+06
  0.3155555556E+00  0.1008572353E+06
  0.3158333333E+00  0.1006628732E+06
  0.3161111111E+00  0.1004685110E+06
  0.3163888889E+00  0.1002741489E+06
  0.3166666667E+00  0.1000797857E+06
  0.3169444444E+00  0.9988542350E+05
  0.3172222222E+00  0.9969106136E+05
  0.3175000000E+00  0.9949669921E+05
  0.3177777778E+00  0.9930233696E+05
  0.3180555556E+00  0.9910797481E+05
  0.3183333333E+00  0.9891361301E+05
  0.3186111111E+00  0.9871924986E+05
  0.3188888889E+00  0.9852488761E+05
  0.3191666667E+00  0.9833052546E+05
  0.3194444444E+00  0.9813616332E+05
  0.3197222222E+00  0.9794180117E+05
  0.3200000000E+00  0.9774743903E+05
  0.3202777778E+00  0.9754754658E+05
  0.3205555556E+00  0.9734765490E+05
  0.3208333333E+00  0.9714776345E+05
  0.3211111111E+00  0.9694787111E+05
  0.3213888889E+00  0.9674797977E+05
  0.3216666667E+00  0.9654808832E+05
  0.3219444444E+00  0.9634819597E+05
  0.3222222222E+00  0.9614830464E+05
  0.3225000000E+00  0.9594841319E+05
  0.3227777778E+00  0.9574852084E+05
  0.3230555556E+00  0.9554862951E+05
  0.3233333333E+00  0.9534873806E+05
  0.3236111111E+00  0.9514884538E+05
  0.3238888889E+00  0.9494895393E+05
  0.3241666667E+00  0.9474906158E+05
  0.3244444444E+00  0.9454917025E+05
  0.3247222222E+00  0.9434927880E+05
  0.3250000000E+00  0.9414938646E+05
  0.3252777778E+00  0.9394806805E+05
  0.3255555556E+00  0.9374674919E+05
  0.3258333333E+00  0.9354543077E+05
  0.3261111111E+00  0.9334411126E+05
  0.3263888889E+00  0.9314279251E+05
  0.3266666667E+00  0.9294147398E+05
  0.3269444444E+00  0.9274015423E+05
  0.3272222222E+00  0.9253883583E+05
  0.3275000000E+00  0.9233751731E+05
  0.3277777778E+00  0.9213619856E+05
  0.3280555556E+00  0.9193487904E+05
  0.3283333333E+00  0.9173356062E+05
  0.3286111111E+00  0.9153224188E+05
  0.3288888889E+00  0.9133092235E+05
  0.3291666667E+00  0.9112960361E+05
  0.3294444444E+00  0.9092828508E+05
  0.3297222222E+00  0.9072696667E+05
  0.3300000000E+00  0.9052564682E+05
  0.3302777778E+00  0.9032740259E+05
  0.3305555556E+00  0.9012915791E+05
  0.3308333333E+00  0.8993091358E+05
  0.3311111111E+00  0.8973266835E+05
  0.3313888889E+00  0.8953442367E+05
  0.3316666667E+00  0.8933617934E+05
  0.3319444444E+00  0.8913793378E+05
  0.3322222222E+00  0.8893968943E+05
  0.3325000000E+00  0.8874144477E+05
  0.3327777778E+00  0.8854320054E+05
  0.3330555556E+00  0.8834495486E+05
  0.3333333333E+00  0.8814671053E+05
  0.3336111111E+00  0.8794846630E+05
  0.3338888889E+00  0.8775022163E+05
  0.3341666667E+00  0.8755197629E+05
  0.3344444444E+00  0.8735373173E+05
  0.3347222222E+00  0.8715548740E+05
  0.3350000000E+00  0.8695724172E+05
  0.3352777778E+00  0.8676688308E+05
  0.3355555556E+00  0.8657652333E+05
  0.3358333333E+00  0.8638616469E+05
  0.3361111111E+00  0.8619580505E+05
  0.3363888889E+00  0.8600544497E+05
  0.3366666667E+00  0.8581508633E+05
  0.3369444444E+00  0.8562472658E+05
  0.3372222222E+00  0.8543436794E+05
  0.3375000000E+00  0.8524400830E+05
  0.3377777778E+00  0.8505364822E+05
  0.3380555556E+00  0.8486328958E+05
  0.3383333333E+00  0.8467292983E+05
  0.3386111111E+00  0.8448257119E+05
  0.3388888889E+00  0.8429221155E+05
  0.3391666667E+00  0.8410185146E+05
  0.3394444444E+00  0.8391149282E+05
  0.3397222222E+00  0.8372113307E+05
  0.3400000000E+00  0.8353077443E+05
  0.3402777778E+00  0.8335302414E+05
  0.3405555556E+00  0.8317527474E+05
  0.3408333333E+00  0.8299752544E+05
  0.3411111111E+00  0.8281977470E+05
  0.3413888889E+00  0.8264202541E+05
  0.3416666667E+00  0.8246427612E+05
  0.3419444444E+00  0.8228652571E+05
  0.3422222222E+00  0.8210877643E+05
  0.3425000000E+00  0.8193102603E+05
  0.3427777778E+00  0.8175327673E+05
  0.3430555556E+00  0.8157552744E+05
  0.3433333333E+00  0.8139777703E+05
  0.3436111111E+00  0.8122002741E+05
  0.3438888889E+00  0.8104227800E+05
  0.3441666667E+00  0.8086452771E+05
  0.3444444444E+00  0.8068677831E+05
  0.3447222222E+00  0.8050902901E+05
  0.3450000000E+00  0.8033127872E+05
  0.3452777778E+00  0.8017051578E+05
  0.3455555556E+00  0.8000975195E+05
  0.3458333333E+00  0.7984898801E+05
  0.3461111111E+00  0.7968822386E+05
  0.3463888889E+00  0.7952746003E+05
  0.3466666667E+00  0.7936669609E+05
  0.3469444444E+00  0.7920593326E+05
  0.3472222222E+00  0.7904516933E+05
  0.3475000000E+00  0.7888440549E+05
  0.3477777778E+00  0.7872364167E+05
  0.3480555556E+00  0.7856287740E+05
  0.3483333333E+00  0.7840211356E+05
  0.3486111111E+00  0.7824135063E+05
  0.3488888889E+00  0.7808058681E+05
  0.3491666667E+00  0.7791982297E+05
  0.3494444444E+00  0.7775905904E+05
  0.3497222222E+00  0.7759829521E+05
  0.3500000000E+00  0.7743753227E+05
  0.3502777778E+00  0.7729756251E+05
  0.3505555556E+00  0.7715759297E+05
  0.3508333333E+00  0.7701762444E+05
  0.3511111111E+00  0.7687765456E+05
  0.3513888889E+00  0.7673768514E+05
  0.3516666667E+00  0.7659771660E+05
  0.3519444444E+00  0.7645774707E+05
  0.3522222222E+00  0.7631777730E+05
  0.3525000000E+00  0.7617780877E+05
  0.3527777778E+00  0.7603783923E+05
  0.3530555556E+00  0.7589787081E+05
  0.3533333333E+00  0.7575790093E+05
  0.3536111111E+00  0.7561793140E+05
  0.3538888889E+00  0.7547796285E+05
  0.3541666667E+00  0.7533799310E+05
  0.3544444444E+00  0.7519802356E+05
  0.3547222222E+00  0.7505805502E+05
  0.3550000000E+00  0.7491808559E+05
  0.3552777778E+00  0.7480195022E+05
  0.3555555556E+00  0.7468581617E+05
  0.3558333333E+00  0.7456968124E+05
  0.3561111111E+00  0.7445354686E+05
  0.3563888889E+00  0.7433741193E+05
  0.3566666667E+00  0.7422127789E+05
  0.3569444444E+00  0.7410514251E+05
  0.3572222222E+00  0.7398900758E+05
  0.3575000000E+00  0.7387287353E+05
  0.3577777778E+00  0.7375673816E+05
  0.3580555556E+00  0.7364060422E+05
  0.3583333333E+00  0.7352446918E+05
  0.3586111111E+00  0.7340833492E+05
  0.3588888889E+00  0.7329219987E+05
  0.3591666667E+00  0.7317606483E+05
  0.3594444444E+00  0.7305993056E+05
  0.3597222222E+00  0.7294379552E+05
  0.3600000000E+00  0.7282766147E+05
  0.3602777778E+00  0.7273747242E+05
  0.3605555556E+00  0.7264728425E+05
  0.3608333333E+00  0.7255709508E+05
  0.3611111111E+00  0.7246690736E+05
  0.3613888889E+00  0.7237671819E+05
  0.3616666667E+00  0.7228652902E+05
  0.3619444444E+00  0.7219634097E+05
  0.3622222222E+00  0.7210615180E+05
  0.3625000000E+00  0.7201596397E+05
  0.3627777778E+00  0.7192577491E+05
  0.3630555556E+00  0.7183558673E+05
  0.3633333333E+00  0.7174539757E+05
  0.3636111111E+00  0.7165520984E+05
  0.3638888889E+00  0.7156502088E+05
  0.3641666667E+00  0.7147483210E+05
  0.3644444444E+00  0.7138464344E+05
  0.3647222222E+00  0.7129445478E+05
  0.3650000000E+00  0.7120426645E+05
  0.3652777778E+00  0.7114114669E+05
  0.3655555556E+00  0.7107802706E+05
  0.3658333333E+00  0.7101490765E+05
  0.3661111111E+00  0.7095178822E+05
  0.3663888889E+00  0.7088866859E+05
  0.3666666667E+00  0.7082554916E+05
  0.3669444444E+00  0.7076242953E+05
  0.3672222222E+00  0.7069931012E+05
  0.3675000000E+00  0.7063619069E+05
  0.3677777778E+00  0.7057307073E+05
  0.3680555556E+00  0.7050995131E+05
  0.3683333333E+00  0.7044683177E+05
  0.3686111111E+00  0.7038371226E+05
  0.3688888889E+00  0.7032059283E+05
  0.3691666667E+00  0.7025747320E+05
  0.3694444444E+00  0.7019435379E+05
  0.3697222222E+00  0.7013123436E+05
  0.3700000000E+00  0.7006811440E+05
  0.3702777778E+00  0.7003211875E+05
  0.3705555556E+00  0.6999612275E+05
  0.3708333333E+00  0.6996012709E+05
  0.3711111111E+00  0.6992413121E+05
  0.3713888889E+00  0.6988813556E+05
  0.3716666667E+00  0.6985213957E+05
  0.3719444444E+00  0.6981614391E+05
  0.3722222222E+00  0.6978014782E+05
  0.3725000000E+00  0.6974415217E+05
  0.3727777778E+00  0.6970815617E+05
  0.3730555556E+00  0.6967216019E+05
  0.3733333333E+00  0.6963616452E+05
  0.3736111111E+00  0.6960016865E+05
  0.3738888889E+00  0.6956417300E+05
  0.3741666667E+00  0.6952817700E+05
  0.3744444444E+00  0.6949218135E+05
  0.3747222222E+00  0.6945618535E+05
  0.3750000000E+00  0.6942018960E+05
  0.3752777778E+00  0.6941039112E+05
  0.3755555556E+00  0.6940059264E+05
  0.3758333333E+00  0.6939079449E+05
  0.3761111111E+00  0.6938099602E+05
  0.3763888889E+00  0.6937119743E+05
  0.3766666667E+00  0.6936139929E+05
  0.3769444444E+00  0.6935160081E+05
  0.3772222222E+00  0.6934180266E+05
  0.3775000000E+00  0.6933200419E+05
  0.3777777778E+00  0.6932220571E+05
  0.3780555556E+00  0.6931240746E+05
  0.3783333333E+00  0.6930260898E+05
  0.3786111111E+00  0.6929281051E+05
  0.3788888889E+00  0.6928301235E+05
  0.3791666667E+00  0.6927321388E+05
  0.3794444444E+00  0.6926341530E+05
  0.3797222222E+00  0.6925361715E+05
  0.3800000000E+00  0.6924381867E+05
  0.3802777778E+00  0.6925826320E+05
  0.3805555556E+00  0.6927270750E+05
  0.3808333333E+00  0.6928715203E+05
  0.3811111111E+00  0.6930159643E+05
  0.3813888889E+00  0.6931604107E+05
  0.3816666667E+00  0.6933048526E+05
  0.3819444444E+00  0.6934492990E+05
  0.3822222222E+00  0.6935937409E+05
  0.3825000000E+00  0.6937381873E+05
  0.3827777778E+00  0.6938826292E+05
  0.3830555556E+00  0.6940270756E+05
  0.3833333333E+00  0.6941715186E+05
  0.3836111111E+00  0.6943159639E+05
  0.3838888889E+00  0.6944604079E+05
  0.3841666667E+00  0.6946048532E+05
  0.3844444444E+00  0.6947492962E+05
  0.3847222222E+00  0.6948937414E+05
  0.3850000000E+00  0.6950381845E+05
  0.3852777778E+00  0.6953981110E+05
  0.3855555556E+00  0.6957580364E+05
  0.3858333333E+00  0.6961179630E+05
  0.3861111111E+00  0.6964778871E+05
  0.3863888889E+00  0.6968378126E+05
  0.3866666667E+00  0.6971977390E+05
  0.3869444444E+00  0.6975576646E+05
  0.3872222222E+00  0.6979175876E+05
  0.3875000000E+00  0.6982775142E+05
  0.3877777778E+00  0.6986374407E+05
  0.3880555556E+00  0.6989973672E+05
  0.3883333333E+00  0.6993572903E+05
  0.3886111111E+00  0.6997172158E+05
  0.3888888889E+00  0.7000771422E+05
  0.3891666667E+00  0.7004370687E+05
  0.3894444444E+00  0.7007969908E+05
  0.3897222222E+00  0.7011569184E+05
  0.3900000000E+00  0.7015168449E+05
  0.3902777778E+00  0.7020571395E+05
  0.3905555556E+00  0.7025974375E+05
  0.3908333333E+00  0.7031377321E+05
  0.3911111111E+00  0.7036780310E+05
  0.3913888889E+00  0.7042183258E+05
  0.3916666667E+00  0.7047586204E+05
  0.3919444444E+00  0.7052989183E+05
  0.3922222222E+00  0.7058392129E+05
  0.3925000000E+00  0.7063795119E+05
  0.3927777778E+00  0.7069198066E+05
  0.3930555556E+00  0.7074601012E+05
  0.3933333333E+00  0.7080003991E+05
  0.3936111111E+00  0.7085406947E+05
  0.3938888889E+00  0.7090809927E+05
  0.3941666667E+00  0.7096212874E+05
  0.3944444444E+00  0.7101615854E+05
  0.3947222222E+00  0.7107018810E+05
  0.3950000000E+00  0.7112421756E+05
  0.3952777778E+00  0.7119234648E+05
  0.3955555556E+00  0.7126047548E+05
  0.3958333333E+00  0.7132860440E+05
  0.3961111111E+00  0.7139673342E+05
  0.3963888889E+00  0.7146486244E+05
  0.3966666667E+00  0.7153299135E+05
  0.3969444444E+00  0.7160112026E+05
  0.3972222222E+00  0.7166924928E+05
  0.3975000000E+00  0.7173737818E+05
  0.3977777778E+00  0.7180550711E+05
  0.3980555556E+00  0.7187363622E+05
  0.3983333333E+00  0.7194176514E+05
  0.3986111111E+00  0.7200989405E+05
  0.3988888889E+00  0.7207802307E+05
  0.3991666667E+00  0.7214615198E+05
  0.3994444444E+00  0.7221428090E+05
  0.3997222222E+00  0.7228241002E+05
  0.4000000000E+00  0.7235053894E+05
  0.4002777778E+00  0.7242845260E+05
  0.4005555556E+00  0.7250636638E+05
  0.4008333333E+00  0.7258427971E+05
  0.4011111111E+00  0.7266219348E+05
  0.4013888889E+00  0.7274010715E+05
  0.4016666667E+00  0.7281802093E+05
  0.4019444444E+00  0.7289593426E+05
  0.4022222222E+00  0.7297384804E+05
  0.4025000000E+00  0.7305176171E+05
  0.4027777778E+00  0.7312967516E+05
  0.4030555556E+00  0.7320758883E+05
  0.4033333333E+00  0.7328550250E+05
  0.4036111111E+00  0.7336341627E+05
  0.4038888889E+00  0.7344132960E+05
  0.4041666667E+00  0.7351924338E+05
  0.4044444444E+00  0.7359715705E+05
  0.4047222222E+00  0.7367507082E+05
  0.4050000000E+00  0.7375298415E+05
  0.4052777778E+00  0.7383626590E+05
  0.4055555556E+00  0.7391954732E+05
  0.4058333333E+00  0.7400282883E+05
  0.4061111111E+00  0.7408611058E+05
  0.4063888889E+00  0.7416939189E+05
  0.4066666667E+00  0.7425267331E+05
  0.4069444444E+00  0.7433595506E+05
  0.4072222222E+00  0.7441923647E+05
  0.4075000000E+00  0.7450251789E+05
  0.4077777778E+00  0.7458579974E+05
  0.4080555556E+00  0.7466908115E+05
  0.4083333333E+00  0.7475236290E+05
  0.4086111111E+00  0.7483564421E+05
  0.4088888889E+00  0.7491892562E+05
  0.4091666667E+00  0.7500220737E+05
  0.4094444444E+00  0.7508548879E+05
  0.4097222222E+00  0.7516877030E+05
  0.4100000000E+00  0.7525205205E+05
  0.4102777778E+00  0.7533637210E+05
  0.4105555556E+00  0.7542069215E+05
  0.4108333333E+00  0.7550501264E+05
  0.4111111111E+00  0.7558933268E+05
  0.4113888889E+00  0.7567365283E+05
  0.4116666667E+00  0.7575797321E+05
  0.4119444444E+00  0.7584229308E+05
  0.4122222222E+00  0.7592661323E+05
  0.4125000000E+00  0.7601093337E+05
  0.4127777778E+00  0.7609525386E+05
  0.4130555556E+00  0.7617957400E+05
  0.4133333333E+00  0.7626389416E+05
  0.4136111111E+00  0.7634821464E+05
  0.4138888889E+00  0.7643253479E+05
  0.4141666667E+00  0.7651685505E+05
  0.4144444444E+00  0.7660117519E+05
  0.4147222222E+00  0.7668549568E+05
  0.4150000000E+00  0.7676981584E+05
  0.4152777778E+00  0.7685109044E+05
  0.4155555556E+00  0.7693236605E+05
  0.4158333333E+00  0.7701364167E+05
  0.4161111111E+00  0.7709491627E+05
  0.4163888889E+00  0.7717619188E+05
  0.4166666667E+00  0.7725746750E+05
  0.4169444444E+00  0.7733874211E+05
  0.4172222222E+00  0.7742001771E+05
  0.4175000000E+00  0.7750129333E+05
  0.4177777778E+00  0.7758256882E+05
  0.4180555556E+00  0.7766384343E+05
  0.4183333333E+00  0.7774511905E+05
  0.4186111111E+00  0.7782639466E+05
  0.4188888889E+00  0.7790766959E+05
  0.4191666667E+00  0.7798894521E+05
  0.4194444444E+00  0.7807022082E+05
  0.4197222222E+00  0.7815149542E+05
  0.4200000000E+00  0.7823277104E+05
  0.4202777778E+00  0.7830737723E+05
  0.4205555556E+00  0.7838198475E+05
  0.4208333333E+00  0.7845659115E+05
  0.4211111111E+00  0.7853119834E+05
  0.4213888889E+00  0.7860580488E+05
  0.4216666667E+00  0.7868041139E+05
  0.4219444444E+00  0.7875501880E+05
  0.4222222222E+00  0.7882962499E+05
  0.4225000000E+00  0.7890423252E+05
  0.4227777778E+00  0.7897883904E+05
  0.4230555556E+00  0.7905344511E+05
  0.4233333333E+00  0.7912805263E+05
  0.4236111111E+00  0.7920265915E+05
  0.4238888889E+00  0.7927726635E+05
  0.4241666667E+00  0.7935187276E+05
  0.4244444444E+00  0.7942647928E+05
  0.4247222222E+00  0.7950108680E+05
  0.4250000000E+00  0.7957569299E+05
  0.4252777778E+00  0.7964057707E+05
  0.4255555556E+00  0.7970546157E+05
  0.4258333333E+00  0.7977034575E+05
  0.4261111111E+00  0.7983522993E+05
  0.4263888889E+00  0.7990011512E+05
  0.4266666667E+00  0.7996499930E+05
  0.4269444444E+00  0.8002988348E+05
  0.4272222222E+00  0.8009476766E+05
  0.4275000000E+00  0.8015965184E+05
  0.4277777778E+00  0.8022453636E+05
  0.4280555556E+00  0.8028942054E+05
  0.4283333333E+00  0.8035430472E+05
  0.4286111111E+00  0.8041918879E+05
  0.4288888889E+00  0.8048407297E+05
  0.4291666667E+00  0.8054895716E+05
  0.4294444444E+00  0.8061384134E+05
  0.4297222222E+00  0.8067872552E+05
  0.4300000000E+00  0.8074361103E+05
  0.4302777778E+00  0.8079640529E+05
  0.4305555556E+00  0.8084919954E+05
  0.4308333333E+00  0.8090199523E+05
  0.4311111111E+00  0.8095478949E+05
  0.4313888889E+00  0.8100758508E+05
  0.4316666667E+00  0.8106037933E+05
  0.4319444444E+00  0.8111317358E+05
  0.4322222222E+00  0.8116596928E+05
  0.4325000000E+00  0.8121876353E+05
  0.4327777778E+00  0.8127155912E+05
  0.4330555556E+00  0.8132435336E+05
  0.4333333333E+00  0.8137714896E+05
  0.4336111111E+00  0.8142994332E+05
  0.4338888889E+00  0.8148273757E+05
  0.4341666667E+00  0.8153553316E+05
  0.4344444444E+00  0.8158832741E+05
  0.4347222222E+00  0.8164112299E+05
  0.4350000000E+00  0.8169391736E+05
  0.4352777778E+00  0.8173300178E+05
  0.4355555556E+00  0.8177208631E+05
  0.4358333333E+00  0.8181117085E+05
  0.4361111111E+00  0.8185025527E+05
  0.4363888889E+00  0.8188933981E+05
  0.4366666667E+00  0.8192842456E+05
  0.4369444444E+00  0.8196750910E+05
  0.4372222222E+00  0.8200659363E+05
  0.4375000000E+00  0.8204567806E+05
  0.4377777778E+00  0.8208476159E+05
  0.4380555556E+00  0.8212384612E+05
  0.4383333333E+00  0.8216293055E+05
  0.4386111111E+00  0.8220201507E+05
  0.4388888889E+00  0.8224109961E+05
  0.4391666667E+00  0.8228018403E+05
  0.4394444444E+00  0.8231926890E+05
  0.4397222222E+00  0.8235835343E+05
  0.4400000000E+00  0.8239743785E+05
  0.4402777778E+00  0.8242199096E+05
  0.4405555556E+00  0.8244654472E+05
  0.4408333333E+00  0.8247109781E+05
  0.4411111111E+00  0.8249565091E+05
  0.4413888889E+00  0.8252020368E+05
  0.4416666667E+00  0.8254475677E+05
  0.4419444444E+00  0.8256931087E+05
  0.4422222222E+00  0.8259386386E+05
  0.4425000000E+00  0.8261841661E+05
  0.4427777778E+00  0.8264296971E+05
  0.4430555556E+00  0.8266752382E+05
  0.4433333333E+00  0.8269207690E+05
  0.4436111111E+00  0.8271662967E+05
  0.4438888889E+00  0.8274118277E+05
  0.4441666667E+00  0.8276573586E+05
  0.4444444444E+00  0.8279028996E+05
  0.4447222222E+00  0.8281484262E+05
  0.4450000000E+00  0.8283939571E+05
  0.4452777778E+00  0.8284931898E+05
  0.4455555556E+00  0.8285924103E+05
  0.4458333333E+00  0.8286916396E+05
  0.4461111111E+00  0.8287908624E+05
  0.4463888889E+00  0.8288900918E+05
  0.4466666667E+00  0.8289893144E+05
  0.4469444444E+00  0.8290885338E+05
  0.4472222222E+00  0.8291877677E+05
  0.4475000000E+00  0.8292869871E+05
  0.4477777778E+00  0.8293862197E+05
  0.4480555556E+00  0.8294854391E+05
  0.4483333333E+00  0.8295846719E+05
  0.4486111111E+00  0.8296838912E+05
  0.4488888889E+00  0.8297831250E+05
  0.4491666667E+00  0.8298823444E+05
  0.4494444444E+00  0.8299815770E+05
  0.4497222222E+00  0.8300807965E+05
  0.4500000000E+00  0.8301800292E+05
  0.4502777778E+00  0.8301392116E+05
  0.4505555556E+00  0.8300984072E+05
  0.4508333333E+00  0.8300575896E+05
  0.4511111111E+00  0.8300167864E+05
  0.4513888889E+00  0.8299759721E+05
  0.4516666667E+00  0.8299351644E+05
  0.4519444444E+00  0.8298943502E+05
  0.4522222222E+00  0.8298535325E+05
  0.4525000000E+00  0.8298127281E+05
  0.4527777778E+00  0.8297719105E+05
  0.4530555556E+00  0.8297311063E+05
  0.4533333333E+00  0.8296902920E+05
  0.4536111111E+00  0.8296494842E+05
  0.4538888889E+00  0.8296086700E+05
  0.4541666667E+00  0.8295678623E+05
  0.4544444444E+00  0.8295270492E+05
  0.4547222222E+00  0.8294862415E+05
  0.4550000000E+00  0.8294454272E+05
  0.4552777778E+00  0.8292773444E+05
  0.4555555556E+00  0.8291092629E+05
  0.4558333333E+00  0.8289411801E+05
  0.4561111111E+00  0.8287730884E+05
  0.4563888889E+00  0.8286050067E+05
  0.4566666667E+00  0.8284369240E+05
  0.4569444444E+00  0.8282688423E+05
  0.4572222222E+00  0.8281007596E+05
  0.4575000000E+00  0.8279326780E+05
  0.4577777778E+00  0.8277645863E+05
  0.4580555556E+00  0.8275965036E+05
  0.4583333333E+00  0.8274284219E+05
  0.4586111111E+00  0.8272603392E+05
  0.4588888889E+00  0.8270922608E+05
  0.4591666667E+00  0.8269241793E+05
  0.4594444444E+00  0.8267560965E+05
  0.4597222222E+00  0.8265880048E+05
  0.4600000000E+00  0.8264199221E+05
  0.4602777778E+00  0.8261422875E+05
  0.4605555556E+00  0.8258646562E+05
  0.4608333333E+00  0.8255870117E+05
  0.4611111111E+00  0.8253093803E+05
  0.4613888889E+00  0.8250317357E+05
  0.4616666667E+00  0.8247541000E+05
  0.4619444444E+00  0.8244764688E+05
  0.4622222222E+00  0.8241988242E+05
  0.4625000000E+00  0.8239211929E+05
  0.4627777778E+00  0.8236435582E+05
  0.4630555556E+00  0.8233659170E+05
  0.4633333333E+00  0.8230882824E+05
  0.4636111111E+00  0.8228106512E+05
  0.4638888889E+00  0.8225330055E+05
  0.4641666667E+00  0.8222553742E+05
  0.4644444444E+00  0.8219777395E+05
  0.4647222222E+00  0.8217000983E+05
  0.4650000000E+00  0.8214224637E+05
  0.4652777778E+00  0.8210568360E+05
  0.4655555556E+00  0.8206912117E+05
  0.4658333333E+00  0.8203255752E+05
  0.4661111111E+00  0.8199599475E+05
  0.4663888889E+00  0.8195943199E+05
  0.4666666667E+00  0.8192286967E+05
  0.4669444444E+00  0.8188630690E+05
  0.4672222222E+00  0.8184974414E+05
  0.4675000000E+00  0.8181318149E+05
  0.4677777778E+00  0.8177661807E+05
  0.4680555556E+00  0.8174005530E+05
  0.4683333333E+00  0.8170349265E+05
  0.4686111111E+00  0.8166693022E+05
  0.4688888889E+00  0.8163036745E+05
  0.4691666667E+00  0.8159380480E+05
  0.4694444444E+00  0.8155724203E+05
  0.4697222222E+00  0.8152067860E+05
  0.4700000000E+00  0.8148411595E+05
  0.4702777778E+00  0.8144116157E+05
  0.4705555556E+00  0.8139820654E+05
  0.4708333333E+00  0.8135525118E+05
  0.4711111111E+00  0.8131229726E+05
  0.4713888889E+00  0.8126934188E+05
  0.4716666667E+00  0.8122638786E+05
  0.4719444444E+00  0.8118343249E+05
  0.4722222222E+00  0.8114047756E+05
  0.4725000000E+00  0.8109752320E+05
  0.4727777778E+00  0.8105456817E+05
  0.4730555556E+00  0.8101161279E+05
  0.4733333333E+00  0.8096865876E+05
  0.4736111111E+00  0.8092570351E+05
  0.4738888889E+00  0.8088274947E+05
  0.4741666667E+00  0.8083979410E+05
  0.4744444444E+00  0.8079683907E+05
  0.4747222222E+00  0.8075388514E+05
  0.4750000000E+00  0.8071092978E+05
  0.4752777778E+00  0.8066408761E+05
  0.4755555556E+00  0.8061724511E+05
  0.4758333333E+00  0.8057040395E+05
  0.4761111111E+00  0.8052356156E+05
  0.4763888889E+00  0.8047671939E+05
  0.4766666667E+00  0.8042987689E+05
  0.4769444444E+00  0.8038303472E+05
  0.4772222222E+00  0.8033619223E+05
  0.4775000000E+00  0.8028935117E+05
  0.4777777778E+00  0.8024250901E+05
  0.4780555556E+00  0.8019566650E+05
  0.4783333333E+00  0.8014882433E+05
  0.4786111111E+00  0.8010198183E+05
  0.4788888889E+00  0.8005514079E+05
  0.4791666667E+00  0.8000829829E+05
  0.4794444444E+00  0.7996145612E+05
  0.4797222222E+00  0.7991461395E+05
  0.4800000000E+00  0.7986777145E+05
  0.4802777778E+00  0.7981948681E+05
  0.4805555556E+00  0.7977120216E+05
  0.4808333333E+00  0.7972291752E+05
  0.4811111111E+00  0.7967463176E+05
  0.4813888889E+00  0.7962634712E+05
  0.4816666667E+00  0.7957806247E+05
  0.4819444444E+00  0.7952977752E+05
  0.4822222222E+00  0.7948149267E+05
  0.4825000000E+00  0.7943320782E+05
  0.4827777778E+00  0.7938492298E+05
  0.4830555556E+00  0.7933663802E+05
  0.4833333333E+00  0.7928835319E+05
  0.4836111111E+00  0.7924006834E+05
  0.4838888889E+00  0.7919178349E+05
  0.4841666667E+00  0.7914349854E+05
  0.4844444444E+00  0.7909521369E+05
  0.4847222222E+00  0.7904692885E+05
  0.4850000000E+00  0.7899864389E+05
  0.4852777778E+00  0.7895121046E+05
  0.4855555556E+00  0.7890377736E+05
  0.4858333333E+00  0.7885634404E+05
  0.4861111111E+00  0.7880891062E+05
  0.4863888889E+00  0.7876147752E+05
  0.4866666667E+00  0.7871404409E+05
  0.4869444444E+00  0.7866661066E+05
  0.4872222222E+00  0.7861917766E+05
  0.4875000000E+00  0.7857174423E+05
  0.4877777778E+00  0.7852431080E+05
  0.4880555556E+00  0.7847687770E+05
  0.4883333333E+00  0.7842944427E+05
  0.4886111111E+00  0.7838201085E+05
  0.4888888889E+00  0.7833457775E+05
  0.4891666667E+00  0.7828714432E+05
  0.4894444444E+00  0.7823971089E+05
  0.4897222222E+00  0.7819227779E+05
  0.4900000000E+00  0.7814484436E+05
  0.4902777778E+00  0.7810026554E+05
  0.4905555556E+00  0.7805568638E+05
  0.4908333333E+00  0.7801110757E+05
  0.4911111111E+00  0.7796652842E+05
  0.4913888889E+00  0.7792194971E+05
  0.4916666667E+00  0.7787737089E+05
  0.4919444444E+00  0.7783279174E+05
  0.4922222222E+00  0.7778821292E+05
  0.4925000000E+00  0.7774363377E+05
  0.4927777778E+00  0.7769905496E+05
  0.4930555556E+00  0.7765447580E+05
  0.4933333333E+00  0.7760989698E+05
  0.4936111111E+00  0.7756531782E+05
  0.4938888889E+00  0.7752073901E+05
  0.4941666667E+00  0.7747616019E+05
  0.4944444444E+00  0.7743158113E+05
  0.4947222222E+00  0.7738700243E+05
  0.4950000000E+00  0.7734242328E+05
