  0.1027777778E-01  0.2258089447E+08
  0.1055555556E-01  0.2255244263E+08
  0.1083333333E-01  0.2252399058E+08
  0.1111111111E-01  0.2249553874E+08
  0.1138888889E-01  0.2246708690E+08
  0.1166666667E-01  0.2243863506E+08
  0.1194444444E-01  0.2241018322E+08
  0.1222222222E-01  0.2238173118E+08
  0.1250000000E-01  0.2235327935E+08
  0.1277777778E-01  0.2232482751E+08
  0.1305555556E-01  0.2229637567E+08
  0.1333333333E-01  0.2226792383E+08
  0.1361111111E-01  0.2223947188E+08
  0.1388888889E-01  0.2221101994E+08
  0.1416666667E-01  0.2218256811E+08
  0.1444444444E-01  0.2215411627E+08
  0.1472222222E-01  0.2212566443E+08
  0.1500000000E-01  0.2209721249E+08
  0.1527777778E-01  0.2205844394E+08
  0.1555555556E-01  0.2201967583E+08
  0.1583333333E-01  0.2198090738E+08
  0.1611111111E-01  0.2194213928E+08
  0.1638888889E-01  0.2190337073E+08
  0.1666666667E-01  0.2186460228E+08
  0.1694444444E-01  0.2182583406E+08
  0.1722222222E-01  0.2178706551E+08
  0.1750000000E-01  0.2174829741E+08
  0.1777777778E-01  0.2170952895E+08
  0.1805555556E-01  0.2167076085E+08
  0.1833333333E-01  0.2163199230E+08
  0.1861111111E-01  0.2159322420E+08
  0.1888888889E-01  0.2155445575E+08
  0.1916666667E-01  0.2151568718E+08
  0.1944444444E-01  0.2147691898E+08
  0.1972222222E-01  0.2143815053E+08
  0.2000000000E-01  0.2139938243E+08
  0.2027777778E-01  0.2135129229E+08
  0.2055555556E-01  0.2130320216E+08
  0.2083333333E-01  0.2125511203E+08
  0.2111111111E-01  0.2120702223E+08
  0.2138888889E-01  0.2115893211E+08
  0.2166666667E-01  0.2111084197E+08
  0.2194444444E-01  0.2106275184E+08
  0.2222222222E-01  0.2101466181E+08
  0.2250000000E-01  0.2096657201E+08
  0.2277777778E-01  0.2091848188E+08
  0.2305555556E-01  0.2087039175E+08
  0.2333333333E-01  0.2082230173E+08
  0.2361111111E-01  0.2077421159E+08
  0.2388888889E-01  0.2072612169E+08
  0.2416666667E-01  0.2067803155E+08
  0.2444444444E-01  0.2062994143E+08
  0.2472222222E-01  0.2058185140E+08
  0.2500000000E-01  0.2053376160E+08
  0.2527777778E-01  0.2047757259E+08
  0.2555555556E-01  0.2042138367E+08
  0.2583333333E-01  0.2036519465E+08
  0.2611111111E-01  0.2030900563E+08
  0.2638888889E-01  0.2025281705E+08
  0.2666666667E-01  0.2019662804E+08
  0.2694444444E-01  0.2014043912E+08
  0.2722222222E-01  0.2008425001E+08
  0.2750000000E-01  0.2002806143E+08
  0.2777777778E-01  0.1997187241E+08
  0.2805555556E-01  0.1991568339E+08
  0.2833333333E-01  0.1985949448E+08
  0.2861111111E-01  0.1980330579E+08
  0.2888888889E-01  0.1974711689E+08
  0.2916666667E-01  0.1969092786E+08
  0.2944444444E-01  0.1963473896E+08
  0.2972222222E-01  0.1957855027E+08
  0.3000000000E-01  0.1952236125E+08
  0.3027777778E-01  0.1945947279E+08
  0.3055555556E-01  0.1939658422E+08
  0.3083333333E-01  0.1933369565E+08
  0.3111111111E-01  0.1927080743E+08
  0.3138888889E-01  0.1920791886E+08
  0.3166666667E-01  0.1914503029E+08
  0.3194444444E-01  0.1908214173E+08
  0.3222222222E-01  0.1901925316E+08
  0.3250000000E-01  0.1895636492E+08
  0.3277777778E-01  0.1889347635E+08
  0.3305555556E-01  0.1883058779E+08
  0.3333333333E-01  0.1876769922E+08
  0.3361111111E-01  0.1870481076E+08
  0.3388888889E-01  0.1864192253E+08
  0.3416666667E-01  0.1857903396E+08
  0.3444444444E-01  0.1851614539E+08
  0.3472222222E-01  0.1845325682E+08
  0.3500000000E-01  0.1839036826E+08
  0.3527777778E-01  0.1832227785E+08
  0.3555555556E-01  0.1825418732E+08
  0.3583333333E-01  0.1818609701E+08
  0.3611111111E-01  0.1811800649E+08
  0.3638888889E-01  0.1804991607E+08
  0.3666666667E-01  0.1798182556E+08
  0.3694444444E-01  0.1791373547E+08
  0.3722222222E-01  0.1784564495E+08
  0.3750000000E-01  0.1777755465E+08
  0.3777777778E-01  0.1770946412E+08
  0.3805555556E-01  0.1764137370E+08
  0.3833333333E-01  0.1757328318E+08
  0.3861111111E-01  0.1750519276E+08
  0.3888888889E-01  0.1743710246E+08
  0.3916666667E-01  0.1736901194E+08
  0.3944444444E-01  0.1730092152E+08
  0.3972222222E-01  0.1723283100E+08
  0.4000000000E-01  0.1716474057E+08
  0.4027777778E-01  0.1709301884E+08
  0.4055555556E-01  0.1702129744E+08
  0.4083333333E-01  0.1694957613E+08
  0.4111111111E-01  0.1687785440E+08
  0.4138888889E-01  0.1680613300E+08
  0.4166666667E-01  0.1673441124E+08
  0.4194444444E-01  0.1666268984E+08
  0.4222222222E-01  0.1659096810E+08
  0.4250000000E-01  0.1651924680E+08
  0.4277777778E-01  0.1644752540E+08
  0.4305555556E-01  0.1637580376E+08
  0.4333333333E-01  0.1630408224E+08
  0.4361111111E-01  0.1623236050E+08
  0.4388888889E-01  0.1616063920E+08
  0.4416666667E-01  0.1608891780E+08
  0.4444444444E-01  0.1601719606E+08
  0.4472222222E-01  0.1594547476E+08
  0.4500000000E-01  0.1587375290E+08
  0.4527777778E-01  0.1579997062E+08
  0.4555555556E-01  0.1572618843E+08
  0.4583333333E-01  0.1565240613E+08
  0.4611111111E-01  0.1557862350E+08
  0.4638888889E-01  0.1550484119E+08
  0.4666666667E-01  0.1543105890E+08
  0.4694444444E-01  0.1535727660E+08
  0.4722222222E-01  0.1528349441E+08
  0.4750000000E-01  0.1520971212E+08
  0.4777777778E-01  0.1513592949E+08
  0.4805555556E-01  0.1506214719E+08
  0.4833333333E-01  0.1498836490E+08
  0.4861111111E-01  0.1491458270E+08
  0.4888888889E-01  0.1484080041E+08
  0.4916666667E-01  0.1476701778E+08
  0.4944444444E-01  0.1469323548E+08
  0.4972222222E-01  0.1461945319E+08
  0.5000000000E-01  0.1454567089E+08
  0.5027777778E-01  0.1447134708E+08
  0.5055555556E-01  0.1439702339E+08
  0.5083333333E-01  0.1432269958E+08
  0.5111111111E-01  0.1424837622E+08
  0.5138888889E-01  0.1417405241E+08
  0.5166666667E-01  0.1409972871E+08
  0.5194444444E-01  0.1402540491E+08
  0.5222222222E-01  0.1395108121E+08
  0.5250000000E-01  0.1387675740E+08
  0.5277777778E-01  0.1380243404E+08
  0.5305555556E-01  0.1372811023E+08
  0.5333333333E-01  0.1365378654E+08
  0.5361111111E-01  0.1357946273E+08
  0.5388888889E-01  0.1350513903E+08
  0.5416666667E-01  0.1343081556E+08
  0.5444444444E-01  0.1335649186E+08
  0.5472222222E-01  0.1328216806E+08
  0.5500000000E-01  0.1320784436E+08
  0.5527777778E-01  0.1313439771E+08
  0.5555555556E-01  0.1306095095E+08
  0.5583333333E-01  0.1298750396E+08
  0.5611111111E-01  0.1291405721E+08
  0.5638888889E-01  0.1284061046E+08
  0.5666666667E-01  0.1276716391E+08
  0.5694444444E-01  0.1269371716E+08
  0.5722222222E-01  0.1262027017E+08
  0.5750000000E-01  0.1254682345E+08
  0.5777777778E-01  0.1247337663E+08
  0.5805555556E-01  0.1239992991E+08
  0.5833333333E-01  0.1232648306E+08
  0.5861111111E-01  0.1225303624E+08
  0.5888888889E-01  0.1217958951E+08
  0.5916666667E-01  0.1210614269E+08
  0.5944444444E-01  0.1203269608E+08
  0.5972222222E-01  0.1195924926E+08
  0.6000000000E-01  0.1188580241E+08
  0.6027777778E-01  0.1181451377E+08
  0.6055555556E-01  0.1174322511E+08
  0.6083333333E-01  0.1167193637E+08
  0.6111111111E-01  0.1160064781E+08
  0.6138888889E-01  0.1152935907E+08
  0.6166666667E-01  0.1145807041E+08
  0.6194444444E-01  0.1138678167E+08
  0.6222222222E-01  0.1131549311E+08
  0.6250000000E-01  0.1124420437E+08
  0.6277777778E-01  0.1117291571E+08
  0.6305555556E-01  0.1110162707E+08
  0.6333333333E-01  0.1103033841E+08
  0.6361111111E-01  0.1095904964E+08
  0.6388888889E-01  0.1088776111E+08
  0.6416666667E-01  0.1081647234E+08
  0.6444444444E-01  0.1074518371E+08
  0.6472222222E-01  0.1067389494E+08
  0.6500000000E-01  0.1060260637E+08
  0.6527777778E-01  0.1053457874E+08
  0.6555555556E-01  0.1046655098E+08
  0.6583333333E-01  0.1039852335E+08
  0.6611111111E-01  0.1033049572E+08
  0.6638888889E-01  0.1026246809E+08
  0.6666666667E-01  0.1019444046E+08
  0.6694444444E-01  0.1012641282E+08
  0.6722222222E-01  0.1005838516E+08
  0.6750000000E-01  0.9990357531E+07
  0.6777777778E-01  0.9922329802E+07
  0.6805555556E-01  0.9854302173E+07
  0.6833333333E-01  0.9786274541E+07
  0.6861111111E-01  0.9718246878E+07
  0.6888888889E-01  0.9650219250E+07
  0.6916666667E-01  0.9582191622E+07
  0.6944444444E-01  0.9514163992E+07
  0.6972222222E-01  0.9446136264E+07
  0.7000000000E-01  0.9378108635E+07
  0.7027777778E-01  0.9314247795E+07
  0.7055555556E-01  0.9250387063E+07
  0.7083333333E-01  0.9186526257E+07
  0.7111111111E-01  0.9122665424E+07
  0.7138888889E-01  0.9058804585E+07
  0.7166666667E-01  0.8994943779E+07
  0.7194444444E-01  0.8931083046E+07
  0.7222222222E-01  0.8867222207E+07
  0.7250000000E-01  0.8803361409E+07
  0.7277777778E-01  0.8739500569E+07
  0.7305555556E-01  0.8675639763E+07
  0.7333333333E-01  0.8611778931E+07
  0.7361111111E-01  0.8547918191E+07
  0.7388888889E-01  0.8484057392E+07
  0.7416666667E-01  0.8420196553E+07
  0.7444444444E-01  0.8356335709E+07
  0.7472222222E-01  0.8292474914E+07
  0.7500000000E-01  0.8228614175E+07
  0.7527777778E-01  0.8169610344E+07
  0.7555555556E-01  0.8110606502E+07
  0.7583333333E-01  0.8051602660E+07
  0.7611111111E-01  0.7992598819E+07
  0.7638888889E-01  0.7933594977E+07
  0.7666666667E-01  0.7874591142E+07
  0.7694444444E-01  0.7815587300E+07
  0.7722222222E-01  0.7756583461E+07
  0.7750000000E-01  0.7697579619E+07
  0.7777777778E-01  0.7638575777E+07
  0.7805555556E-01  0.7579571945E+07
  0.7833333333E-01  0.7520568103E+07
  0.7861111111E-01  0.7461564262E+07
  0.7888888889E-01  0.7402560420E+07
  0.7916666667E-01  0.7343556578E+07
  0.7944444444E-01  0.7284552747E+07
  0.7972222222E-01  0.7225548904E+07
  0.8000000000E-01  0.7166545063E+07
  0.8027777778E-01  0.7112873727E+07
  0.8055555556E-01  0.7059202391E+07
  0.8083333333E-01  0.7005531055E+07
  0.8111111111E-01  0.6951859608E+07
  0.8138888889E-01  0.6898188273E+07
  0.8166666667E-01  0.6844516936E+07
  0.8194444444E-01  0.6790845567E+07
  0.8222222222E-01  0.6737174231E+07
  0.8250000000E-01  0.6683502884E+07
  0.8277777778E-01  0.6629831447E+07
  0.8305555556E-01  0.6576160112E+07
  0.8333333333E-01  0.6522488776E+07
  0.8361111111E-01  0.6468817440E+07
  0.8388888889E-01  0.6415146093E+07
  0.8416666667E-01  0.6361474757E+07
  0.8444444444E-01  0.6307803287E+07
  0.8472222222E-01  0.6254131952E+07
  0.8500000000E-01  0.6200460616E+07
  0.8527777778E-01  0.6152383077E+07
  0.8555555556E-01  0.6104305416E+07
  0.8583333333E-01  0.6056227879E+07
  0.8611111111E-01  0.6008150251E+07
  0.8638888889E-01  0.5960072690E+07
  0.8666666667E-01  0.5911995151E+07
  0.8694444444E-01  0.5863917523E+07
  0.8722222222E-01  0.5815839963E+07
  0.8750000000E-01  0.5767762324E+07
  0.8777777778E-01  0.5719684764E+07
  0.8805555556E-01  0.5671607236E+07
  0.8833333333E-01  0.5623529598E+07
  0.8861111111E-01  0.5575452037E+07
  0.8888888889E-01  0.5527374498E+07
  0.8916666667E-01  0.5479296837E+07
  0.8944444444E-01  0.5431219291E+07
  0.8972222222E-01  0.5383141712E+07
  0.9000000000E-01  0.5335064111E+07
  0.9027777778E-01  0.5292644808E+07
  0.9055555556E-01  0.5250225515E+07
  0.9083333333E-01  0.5207806212E+07
  0.9111111111E-01  0.5165386919E+07
  0.9138888889E-01  0.5122967616E+07
  0.9166666667E-01  0.5080548323E+07
  0.9194444444E-01  0.5038128987E+07
  0.9222222222E-01  0.4995709694E+07
  0.9250000000E-01  0.4953290391E+07
  0.9277777778E-01  0.4910871097E+07
  0.9305555556E-01  0.4868451804E+07
  0.9333333333E-01  0.4826032501E+07
  0.9361111111E-01  0.4783613208E+07
  0.9388888889E-01  0.4741193871E+07
  0.9416666667E-01  0.4698774579E+07
  0.9444444444E-01  0.4656355275E+07
  0.9472222222E-01  0.4613935982E+07
  0.9500000000E-01  0.4571516679E+07
  0.9527777778E-01  0.4534643023E+07
  0.9555555556E-01  0.4497769402E+07
  0.9583333333E-01  0.4460895736E+07
  0.9611111111E-01  0.4424022103E+07
  0.9638888889E-01  0.4387148447E+07
  0.9666666667E-01  0.4350274815E+07
  0.9694444444E-01  0.4313401159E+07
  0.9722222222E-01  0.4276527526E+07
  0.9750000000E-01  0.4239653860E+07
  0.9777777778E-01  0.4202780239E+07
  0.9805555556E-01  0.4165906583E+07
  0.9833333333E-01  0.4129032951E+07
  0.9861111111E-01  0.4092159284E+07
  0.9888888889E-01  0.4055285619E+07
  0.9916666667E-01  0.4018411996E+07
  0.9944444444E-01  0.3981538341E+07
  0.9972222222E-01  0.3944664708E+07
  0.1000000000E+00  0.3907791042E+07
  0.1002777778E+00  0.3876197677E+07
  0.1005555556E+00  0.3844604300E+07
  0.1008333333E+00  0.3813010889E+07
  0.1011111111E+00  0.3781417513E+07
  0.1013888889E+00  0.3749824114E+07
  0.1016666667E+00  0.3718230738E+07
  0.1019444444E+00  0.3686637361E+07
  0.1022222222E+00  0.3655043951E+07
  0.1025000000E+00  0.3623450586E+07
  0.1027777778E+00  0.3591857209E+07
  0.1030555556E+00  0.3560263788E+07
  0.1033333333E+00  0.3528670412E+07
  0.1036111111E+00  0.3497077013E+07
  0.1038888889E+00  0.3465483637E+07
  0.1041666667E+00  0.3433890260E+07
  0.1044444444E+00  0.3402296850E+07
  0.1047222222E+00  0.3370703485E+07
  0.1050000000E+00  0.3339110107E+07
  0.1052777778E+00  0.3312414347E+07
  0.1055555556E+00  0.3285718608E+07
  0.1058333333E+00  0.3259022880E+07
  0.1061111111E+00  0.3232327097E+07
  0.1063888889E+00  0.3205631371E+07
  0.1066666667E+00  0.3178935599E+07
  0.1069444444E+00  0.3152239871E+07
  0.1072222222E+00  0.3125544133E+07
  0.1075000000E+00  0.3098848371E+07
  0.1077777778E+00  0.3072152634E+07
  0.1080555556E+00  0.3045456906E+07
  0.1083333333E+00  0.3018761135E+07
  0.1086111111E+00  0.2992065406E+07
  0.1088888889E+00  0.2965369657E+07
  0.1091666667E+00  0.2938673896E+07
  0.1094444444E+00  0.2911978158E+07
  0.1097222222E+00  0.2885282397E+07
  0.1100000000E+00  0.2858586659E+07
  0.1102777778E+00  0.2836314341E+07
  0.1105555556E+00  0.2814042022E+07
  0.1108333333E+00  0.2791769714E+07
  0.1111111111E+00  0.2769497362E+07
  0.1113888889E+00  0.2747225044E+07
  0.1116666667E+00  0.2724952725E+07
  0.1119444444E+00  0.2702680406E+07
  0.1122222222E+00  0.2680408098E+07
  0.1125000000E+00  0.2658135779E+07
  0.1127777778E+00  0.2635863461E+07
  0.1130555556E+00  0.2613591120E+07
  0.1133333333E+00  0.2591318802E+07
  0.1136111111E+00  0.2569046493E+07
  0.1138888889E+00  0.2546774175E+07
  0.1141666667E+00  0.2524501857E+07
  0.1144444444E+00  0.2502229538E+07
  0.1147222222E+00  0.2479957219E+07
  0.1150000000E+00  0.2457684867E+07
  0.1152777778E+00  0.2439306389E+07
  0.1155555556E+00  0.2420927901E+07
  0.1158333333E+00  0.2402549423E+07
  0.1161111111E+00  0.2384170901E+07
  0.1163888889E+00  0.2365792413E+07
  0.1166666667E+00  0.2347413934E+07
  0.1169444444E+00  0.2329035446E+07
  0.1172222222E+00  0.2310656924E+07
  0.1175000000E+00  0.2292278446E+07
  0.1177777778E+00  0.2273899957E+07
  0.1180555556E+00  0.2255521446E+07
  0.1183333333E+00  0.2237142958E+07
  0.1186111111E+00  0.2218764469E+07
  0.1188888889E+00  0.2200385991E+07
  0.1191666667E+00  0.2182007469E+07
  0.1194444444E+00  0.2163628981E+07
  0.1197222222E+00  0.2145250513E+07
  0.1200000000E+00  0.2126872025E+07
  0.1202777778E+00  0.2111831126E+07
  0.1205555556E+00  0.2096790261E+07
  0.1208333333E+00  0.2081749395E+07
  0.1211111111E+00  0.2066708507E+07
  0.1213888889E+00  0.2051667631E+07
  0.1216666667E+00  0.2036626776E+07
  0.1219444444E+00  0.2021585910E+07
  0.1222222222E+00  0.2006545012E+07
  0.1225000000E+00  0.1991504146E+07
  0.1227777778E+00  0.1976463291E+07
  0.1230555556E+00  0.1961422392E+07
  0.1233333333E+00  0.1946381527E+07
  0.1236111111E+00  0.1931340661E+07
  0.1238888889E+00  0.1916299806E+07
  0.1241666667E+00  0.1901258897E+07
  0.1244444444E+00  0.1886218042E+07
  0.1247222222E+00  0.1871177176E+07
  0.1250000000E+00  0.1856136278E+07
  0.1252777778E+00  0.1843877567E+07
  0.1255555556E+00  0.1831618900E+07
  0.1258333333E+00  0.1819360201E+07
  0.1261111111E+00  0.1807101491E+07
  0.1263888889E+00  0.1794842791E+07
  0.1266666667E+00  0.1782584092E+07
  0.1269444444E+00  0.1770325392E+07
  0.1272222222E+00  0.1758066682E+07
  0.1275000000E+00  0.1745807982E+07
  0.1277777778E+00  0.1733549283E+07
  0.1280555556E+00  0.1721290583E+07
  0.1283333333E+00  0.1709031873E+07
  0.1286111111E+00  0.1696773162E+07
  0.1288888889E+00  0.1684514462E+07
  0.1291666667E+00  0.1672255763E+07
  0.1294444444E+00  0.1659997063E+07
  0.1297222222E+00  0.1647738353E+07
  0.1300000000E+00  0.1635479653E+07
  0.1302777778E+00  0.1625473293E+07
  0.1305555556E+00  0.1615466977E+07
  0.1308333333E+00  0.1605460617E+07
  0.1311111111E+00  0.1595454257E+07
  0.1313888889E+00  0.1585447907E+07
  0.1316666667E+00  0.1575441547E+07
  0.1319444444E+00  0.1565435220E+07
  0.1322222222E+00  0.1555428870E+07
  0.1325000000E+00  0.1545422510E+07
  0.1327777778E+00  0.1535416150E+07
  0.1330555556E+00  0.1525409811E+07
  0.1333333333E+00  0.1515403485E+07
  0.1336111111E+00  0.1505397125E+07
  0.1338888889E+00  0.1495390775E+07
  0.1341666667E+00  0.1485384415E+07
  0.1344444444E+00  0.1475378055E+07
  0.1347222222E+00  0.1465371738E+07
  0.1350000000E+00  0.1455365378E+07
  0.1352777778E+00  0.1447124601E+07
  0.1355555556E+00  0.1438883846E+07
  0.1358333333E+00  0.1430643047E+07
  0.1361111111E+00  0.1422402270E+07
  0.1363888889E+00  0.1414161505E+07
  0.1366666667E+00  0.1405920738E+07
  0.1369444444E+00  0.1397679972E+07
  0.1372222222E+00  0.1389439207E+07
  0.1375000000E+00  0.1381198440E+07
  0.1377777778E+00  0.1372957641E+07
  0.1380555556E+00  0.1364716864E+07
  0.1383333333E+00  0.1356476099E+07
  0.1386111111E+00  0.1348235332E+07
  0.1388888889E+00  0.1339994566E+07
  0.1391666667E+00  0.1331753801E+07
  0.1394444444E+00  0.1323513024E+07
  0.1397222222E+00  0.1315272235E+07
  0.1400000000E+00  0.1307031458E+07
  0.1402777778E+00  0.1300127480E+07
  0.1405555556E+00  0.1293223493E+07
  0.1408333333E+00  0.1286319481E+07
  0.1411111111E+00  0.1279415493E+07
  0.1413888889E+00  0.1272511482E+07
  0.1416666667E+00  0.1265607494E+07
  0.1419444444E+00  0.1258703516E+07
  0.1422222222E+00  0.1251799495E+07
  0.1425000000E+00  0.1244895517E+07
  0.1427777778E+00  0.1237991529E+07
  0.1430555556E+00  0.1231087518E+07
  0.1433333333E+00  0.1224183530E+07
  0.1436111111E+00  0.1217279552E+07
  0.1438888889E+00  0.1210375531E+07
  0.1441666667E+00  0.1203471553E+07
  0.1444444444E+00  0.1196567532E+07
  0.1447222222E+00  0.1189663554E+07
  0.1450000000E+00  0.1182759566E+07
  0.1452777778E+00  0.1176829874E+07
  0.1455555556E+00  0.1170900192E+07
  0.1458333333E+00  0.1164970500E+07
  0.1461111111E+00  0.1159040808E+07
  0.1463888889E+00  0.1153111125E+07
  0.1466666667E+00  0.1147181433E+07
  0.1469444444E+00  0.1141251751E+07
  0.1472222222E+00  0.1135322059E+07
  0.1475000000E+00  0.1129392367E+07
  0.1477777778E+00  0.1123462685E+07
  0.1480555556E+00  0.1117533026E+07
  0.1483333333E+00  0.1111603334E+07
  0.1486111111E+00  0.1105673652E+07
  0.1488888889E+00  0.1099743959E+07
  0.1491666667E+00  0.1093814267E+07
  0.1494444444E+00  0.1087884585E+07
  0.1497222222E+00  0.1081954893E+07
  0.1500000000E+00  0.1076025201E+07
  0.1502777778E+00  0.1070777232E+07
  0.1505555556E+00  0.1065529254E+07
  0.1508333333E+00  0.1060281276E+07
  0.1511111111E+00  0.1055033264E+07
  0.1513888889E+00  0.1049785296E+07
  0.1516666667E+00  0.1044537328E+07
  0.1519444444E+00  0.1039289350E+07
  0.1522222222E+00  0.1034041365E+07
  0.1525000000E+00  0.1028793393E+07
  0.1527777778E+00  0.1023545408E+07
  0.1530555556E+00  0.1018297427E+07
  0.1533333333E+00  0.1013049442E+07
  0.1536111111E+00  0.1007801470E+07
  0.1538888889E+00  0.1002553485E+07
  0.1541666667E+00  0.9973055032E+06
  0.1544444444E+00  0.9920575181E+06
  0.1547222222E+00  0.9868095464E+06
  0.1550000000E+00  0.9815615726E+06
  0.1552777778E+00  0.9767726022E+06
  0.1555555556E+00  0.9719836530E+06
  0.1558333333E+00  0.9671946938E+06
  0.1561111111E+00  0.9624057235E+06
  0.1563888889E+00  0.9576167743E+06
  0.1566666667E+00  0.9528278118E+06
  0.1569444444E+00  0.9480388514E+06
  0.1572222222E+00  0.9432498922E+06
  0.1575000000E+00  0.9384609330E+06
  0.1577777778E+00  0.9336719838E+06
  0.1580555556E+00  0.9288830135E+06
  0.1583333333E+00  0.9240940543E+06
  0.1586111111E+00  0.9193051051E+06
  0.1588888889E+00  0.9145161348E+06
  0.1591666667E+00  0.9097271856E+06
  0.1594444444E+00  0.9049382231E+06
  0.1597222222E+00  0.9001492527E+06
  0.1600000000E+00  0.8953603035E+06
  0.1602777778E+00  0.8908733223E+06
  0.1605555556E+00  0.8863863356E+06
  0.1608333333E+00  0.8818993533E+06
  0.1611111111E+00  0.8774123687E+06
  0.1613888889E+00  0.8729253831E+06
  0.1616666667E+00  0.8684383986E+06
  0.1619444444E+00  0.8639514140E+06
  0.1622222222E+00  0.8594644283E+06
  0.1625000000E+00  0.8549774438E+06
  0.1627777778E+00  0.8504904582E+06
  0.1630555556E+00  0.8460034736E+06
  0.1633333333E+00  0.8415164891E+06
  0.1636111111E+00  0.8370295068E+06
  0.1638888889E+00  0.8325425223E+06
  0.1641666667E+00  0.8280555366E+06
  0.1644444444E+00  0.8235685521E+06
  0.1647222222E+00  0.8190815675E+06
  0.1650000000E+00  0.8145945819E+06
  0.1652777778E+00  0.8103101986E+06
  0.1655555556E+00  0.8060258008E+06
  0.1658333333E+00  0.8017414175E+06
  0.1661111111E+00  0.7974570297E+06
  0.1663888889E+00  0.7931726364E+06
  0.1666666667E+00  0.7888882519E+06
  0.1669444444E+00  0.7846038553E+06
  0.1672222222E+00  0.7803194708E+06
  0.1675000000E+00  0.7760350842E+06
  0.1677777778E+00  0.7717506897E+06
  0.1680555556E+00  0.7674663064E+06
  0.1683333333E+00  0.7631819086E+06
  0.1686111111E+00  0.7588975253E+06
  0.1688888889E+00  0.7546131375E+06
  0.1691666667E+00  0.7503287441E+06
  0.1694444444E+00  0.7460443563E+06
  0.1697222222E+00  0.7417599631E+06
  0.1700000000E+00  0.7374755786E+06
  0.1702777778E+00  0.7333443491E+06
  0.1705555556E+00  0.7292131084E+06
  0.1708333333E+00  0.7250818777E+06
  0.1711111111E+00  0.7209506469E+06
  0.1713888889E+00  0.7168194062E+06
  0.1716666667E+00  0.7126881755E+06
  0.1719444444E+00  0.7085569449E+06
  0.1722222222E+00  0.7044257042E+06
  0.1725000000E+00  0.7002944769E+06
  0.1727777778E+00  0.6961632461E+06
  0.1730555556E+00  0.6920320165E+06
  0.1733333333E+00  0.6879007758E+06
  0.1736111111E+00  0.6837695451E+06
  0.1738888889E+00  0.6796383146E+06
  0.1741666667E+00  0.6755070739E+06
  0.1744444444E+00  0.6713758431E+06
  0.1747222222E+00  0.6672446124E+06
  0.1750000000E+00  0.6631133717E+06
  0.1752777778E+00  0.6591244572E+06
  0.1755555556E+00  0.6551355294E+06
  0.1758333333E+00  0.6511466149E+06
  0.1761111111E+00  0.6471576903E+06
  0.1763888889E+00  0.6431687725E+06
  0.1766666667E+00  0.6391798480E+06
  0.1769444444E+00  0.6351909301E+06
  0.1772222222E+00  0.6312020056E+06
  0.1775000000E+00  0.6272130878E+06
  0.1777777778E+00  0.6232241733E+06
  0.1780555556E+00  0.6192352454E+06
  0.1783333333E+00  0.6152463309E+06
  0.1786111111E+00  0.6112574031E+06
  0.1788888889E+00  0.6072684886E+06
  0.1791666667E+00  0.6032795607E+06
  0.1794444444E+00  0.5992906463E+06
  0.1797222222E+00  0.5953017183E+06
  0.1800000000E+00  0.5913128038E+06
  0.1802777778E+00  0.5874834271E+06
  0.1805555556E+00  0.5836540594E+06
  0.1808333333E+00  0.5798246860E+06
  0.1811111111E+00  0.5759953083E+06
  0.1813888889E+00  0.5721659449E+06
  0.1816666667E+00  0.5683365671E+06
  0.1819444444E+00  0.5645071994E+06
  0.1822222222E+00  0.5606778260E+06
  0.1825000000E+00  0.5568484582E+06
  0.1827777778E+00  0.5530190816E+06
  0.1830555556E+00  0.5491897171E+06
  0.1833333333E+00  0.5453603405E+06
  0.1836111111E+00  0.5415309660E+06
  0.1838888889E+00  0.5377015993E+06
  0.1841666667E+00  0.5338722216E+06
  0.1844444444E+00  0.5300428582E+06
  0.1847222222E+00  0.5262134805E+06
  0.1850000000E+00  0.5223841127E+06
  0.1852777778E+00  0.5187497776E+06
  0.1855555556E+00  0.5151154482E+06
  0.1858333333E+00  0.5114811220E+06
  0.1861111111E+00  0.5078467924E+06
  0.1863888889E+00  0.5042124640E+06
  0.1866666667E+00  0.5005781278E+06
  0.1869444444E+00  0.4969437984E+06
  0.1872222222E+00  0.4933094723E+06
  0.1875000000E+00  0.4896751427E+06
  0.1877777778E+00  0.4860408143E+06
  0.1880555556E+00  0.4824064781E+06
  0.1883333333E+00  0.4787721487E+06
  0.1886111111E+00  0.4751378225E+06
  0.1888888889E+00  0.4715034941E+06
  0.1891666667E+00  0.4678691546E+06
  0.1894444444E+00  0.4642348284E+06
  0.1897222222E+00  0.4606004998E+06
  0.1900000000E+00  0.4569661707E+06
  0.1902777778E+00  0.4535708133E+06
  0.1905555556E+00  0.4501754573E+06
  0.1908333333E+00  0.4467800979E+06
  0.1911111111E+00  0.4433847438E+06
  0.1913888889E+00  0.4399893844E+06
  0.1916666667E+00  0.4365940284E+06
  0.1919444444E+00  0.4331986700E+06
  0.1922222222E+00  0.4298033116E+06
  0.1925000000E+00  0.4264079555E+06
  0.1927777778E+00  0.4230125961E+06
  0.1930555556E+00  0.4196172420E+06
  0.1933333333E+00  0.4162218826E+06
  0.1936111111E+00  0.4128265266E+06
  0.1938888889E+00  0.4094311680E+06
  0.1941666667E+00  0.4060358131E+06
  0.1944444444E+00  0.4026404537E+06
  0.1947222222E+00  0.3992450987E+06
  0.1950000000E+00  0.3958497391E+06
  0.1952777778E+00  0.3927380967E+06
  0.1955555556E+00  0.3896264531E+06
  0.1958333333E+00  0.3865148096E+06
  0.1961111111E+00  0.3834031618E+06
  0.1963888889E+00  0.3802915182E+06
  0.1966666667E+00  0.3771798747E+06
  0.1969444444E+00  0.3740682311E+06
  0.1972222222E+00  0.3709565842E+06
  0.1975000000E+00  0.3678449419E+06
  0.1977777778E+00  0.3647332983E+06
  0.1980555556E+00  0.3616216548E+06
  0.1983333333E+00  0.3585100078E+06
  0.1986111111E+00  0.3553983643E+06
  0.1988888889E+00  0.3522867208E+06
  0.1991666667E+00  0.3491750762E+06
  0.1994444444E+00  0.3460634294E+06
  0.1997222222E+00  0.3429517869E+06
  0.2000000000E+00  0.3398401434E+06
  0.2002777778E+00  0.3370509922E+06
  0.2005555556E+00  0.3342618424E+06
  0.2008333333E+00  0.3314726913E+06
  0.2011111111E+00  0.3286835436E+06
  0.2013888889E+00  0.3258943926E+06
  0.2016666667E+00  0.3231052405E+06
  0.2019444444E+00  0.3203160928E+06
  0.2022222222E+00  0.3175269417E+06
  0.2025000000E+00  0.3147377930E+06
  0.2027777778E+00  0.3119486419E+06
  0.2030555556E+00  0.3091594909E+06
  0.2033333333E+00  0.3063703421E+06
  0.2036111111E+00  0.3035811911E+06
  0.2038888889E+00  0.3007920433E+06
  0.2041666667E+00  0.2980028902E+06
  0.2044444444E+00  0.2952137391E+06
  0.2047222222E+00  0.2924245914E+06
  0.2050000000E+00  0.2896354393E+06
  0.2052777778E+00  0.2871976114E+06
  0.2055555556E+00  0.2847597822E+06
  0.2058333333E+00  0.2823219576E+06
  0.2061111111E+00  0.2798841285E+06
  0.2063888889E+00  0.2774463005E+06
  0.2066666667E+00  0.2750084714E+06
  0.2069444444E+00  0.2725706434E+06
  0.2072222222E+00  0.2701328143E+06
  0.2075000000E+00  0.2676949886E+06
  0.2077777778E+00  0.2652571606E+06
  0.2080555556E+00  0.2628193315E+06
  0.2083333333E+00  0.2603815035E+06
  0.2086111111E+00  0.2579436744E+06
  0.2088888889E+00  0.2555058464E+06
  0.2091666667E+00  0.2530680207E+06
  0.2094444444E+00  0.2506301927E+06
  0.2097222222E+00  0.2481923636E+06
  0.2100000000E+00  0.2457545356E+06
  0.2102777778E+00  0.2436837650E+06
  0.2105555556E+00  0.2416129955E+06
  0.2108333333E+00  0.2395422239E+06
  0.2111111111E+00  0.2374714578E+06
  0.2113888889E+00  0.2354006883E+06
  0.2116666667E+00  0.2333299177E+06
  0.2119444444E+00  0.2312591472E+06
  0.2122222222E+00  0.2291883766E+06
  0.2125000000E+00  0.2271176071E+06
  0.2127777778E+00  0.2250468366E+06
  0.2130555556E+00  0.2229760660E+06
  0.2133333333E+00  0.2209052999E+06
  0.2136111111E+00  0.2188345283E+06
  0.2138888889E+00  0.2167637588E+06
  0.2141666667E+00  0.2146929893E+06
  0.2144444444E+00  0.2126222187E+06
  0.2147222222E+00  0.2105514482E+06
  0.2150000000E+00  0.2084806776E+06
  0.2152777778E+00  0.2067784814E+06
  0.2155555556E+00  0.2050762809E+06
  0.2158333333E+00  0.2033740848E+06
  0.2161111111E+00  0.2016718843E+06
  0.2163888889E+00  0.1999696871E+06
  0.2166666667E+00  0.1982674875E+06
  0.2169444444E+00  0.1965652904E+06
  0.2172222222E+00  0.1948630909E+06
  0.2175000000E+00  0.1931608938E+06
  0.2177777778E+00  0.1914586965E+06
  0.2180555556E+00  0.1897564969E+06
  0.2183333333E+00  0.1880542998E+06
  0.2186111111E+00  0.1863521003E+06
  0.2188888889E+00  0.1846499032E+06
  0.2191666667E+00  0.1829477025E+06
  0.2194444444E+00  0.1812455064E+06
  0.2197222222E+00  0.1795433059E+06
  0.2200000000E+00  0.1778411098E+06
  0.2202777778E+00  0.1764952684E+06
  0.2205555556E+00  0.1751494271E+06
  0.2208333333E+00  0.1738035857E+06
  0.2211111111E+00  0.1724577420E+06
  0.2213888889E+00  0.1711119006E+06
  0.2216666667E+00  0.1697660604E+06
  0.2219444444E+00  0.1684202189E+06
  0.2222222222E+00  0.1670743786E+06
  0.2225000000E+00  0.1657285362E+06
  0.2227777778E+00  0.1643826959E+06
  0.2230555556E+00  0.1630368545E+06
  0.2233333333E+00  0.1616910142E+06
  0.2236111111E+00  0.1603451728E+06
  0.2238888889E+00  0.1589993326E+06
  0.2241666667E+00  0.1576534901E+06
  0.2244444444E+00  0.1563076498E+06
  0.2247222222E+00  0.1549618084E+06
  0.2250000000E+00  0.1536159681E+06
  0.2252777778E+00  0.1526016825E+06
  0.2255555556E+00  0.1515873935E+06
  0.2258333333E+00  0.1505731079E+06
  0.2261111111E+00  0.1495588222E+06
  0.2263888889E+00  0.1485445366E+06
  0.2266666667E+00  0.1475302499E+06
  0.2269444444E+00  0.1465159610E+06
  0.2272222222E+00  0.1455016753E+06
  0.2275000000E+00  0.1444873897E+06
  0.2277777778E+00  0.1434731040E+06
  0.2280555556E+00  0.1424588184E+06
  0.2283333333E+00  0.1414445294E+06
  0.2286111111E+00  0.1404302437E+06
  0.2288888889E+00  0.1394159581E+06
  0.2291666667E+00  0.1384016724E+06
  0.2294444444E+00  0.1373873858E+06
  0.2297222222E+00  0.1363730968E+06
  0.2300000000E+00  0.1353588112E+06
  0.2302777778E+00  0.1346412071E+06
  0.2305555556E+00  0.1339236020E+06
  0.2308333333E+00  0.1332059946E+06
  0.2311111111E+00  0.1324883905E+06
  0.2313888889E+00  0.1317707865E+06
  0.2316666667E+00  0.1310531791E+06
  0.2319444444E+00  0.1303355741E+06
  0.2322222222E+00  0.1296179700E+06
  0.2325000000E+00  0.1289003615E+06
  0.2327777778E+00  0.1281827586E+06
  0.2330555556E+00  0.1274651545E+06
  0.2333333333E+00  0.1267475461E+06
  0.2336111111E+00  0.1260299420E+06
  0.2338888889E+00  0.1253123369E+06
  0.2341666667E+00  0.1245947306E+06
  0.2344444444E+00  0.1238771255E+06
  0.2347222222E+00  0.1231595214E+06
  0.2350000000E+00  0.1224419140E+06
  0.2352777778E+00  0.1219786184E+06
  0.2355555556E+00  0.1215153205E+06
  0.2358333333E+00  0.1210520225E+06
  0.2361111111E+00  0.1205887235E+06
  0.2363888889E+00  0.1201254245E+06
  0.2366666667E+00  0.1196621266E+06
  0.2369444444E+00  0.1191988276E+06
  0.2372222222E+00  0.1187355286E+06
  0.2375000000E+00  0.1182722306E+06
  0.2377777778E+00  0.1178089327E+06
  0.2380555556E+00  0.1173456338E+06
  0.2383333333E+00  0.1168823361E+06
  0.2386111111E+00  0.1164190371E+06
  0.2388888889E+00  0.1159557385E+06
  0.2391666667E+00  0.1154924405E+06
  0.2394444444E+00  0.1150291418E+06
  0.2397222222E+00  0.1145658440E+06
  0.2400000000E+00  0.1141025463E+06
  0.2402777778E+00  0.1138467545E+06
  0.2405555556E+00  0.1135909647E+06
  0.2408333333E+00  0.1133351728E+06
  0.2411111111E+00  0.1130793831E+06
  0.2413888889E+00  0.1128235916E+06
  0.2416666667E+00  0.1125678019E+06
  0.2419444444E+00  0.1123120100E+06
  0.2422222222E+00  0.1120562203E+06
  0.2425000000E+00  0.1118004284E+06
  0.2427777778E+00  0.1115446377E+06
  0.2430555556E+00  0.1112888468E+06
  0.2433333333E+00  0.1110330564E+06
  0.2436111111E+00  0.1107772656E+06
  0.2438888889E+00  0.1105214748E+06
  0.2441666667E+00  0.1102656840E+06
  0.2444444444E+00  0.1100098927E+06
  0.2447222222E+00  0.1097541024E+06
  0.2450000000E+00  0.1094983114E+06
  0.2452777778E+00  0.1094017797E+06
  0.2455555556E+00  0.1093052479E+06
  0.2458333333E+00  0.1092087151E+06
  0.2461111111E+00  0.1091121832E+06
  0.2463888889E+00  0.1090156504E+06
  0.2466666667E+00  0.1089191187E+06
  0.2469444444E+00  0.1088225869E+06
  0.2472222222E+00  0.1087260545E+06
  0.2475000000E+00  0.1086295227E+06
  0.2477777778E+00  0.1085329909E+06
  0.2480555556E+00  0.1084364580E+06
  0.2483333333E+00  0.1083399262E+06
  0.2486111111E+00  0.1082433935E+06
  0.2488888889E+00  0.1081468617E+06
  0.2491666667E+00  0.1080503302E+06
  0.2494444444E+00  0.1079537975E+06
  0.2497222222E+00  0.1078572657E+06
  0.2500000000E+00  0.1077607338E+06
  0.2502777778E+00  0.1077764332E+06
  0.2505555556E+00  0.1077921334E+06
  0.2508333333E+00  0.1078078337E+06
  0.2511111111E+00  0.1078235341E+06
  0.2513888889E+00  0.1078392344E+06
  0.2516666667E+00  0.1078549345E+06
  0.2519444444E+00  0.1078706340E+06
  0.2522222222E+00  0.1078863343E+06
  0.2525000000E+00  0.1079020347E+06
  0.2527777778E+00  0.1079177348E+06
  0.2530555556E+00  0.1079334352E+06
  0.2533333333E+00  0.1079491356E+06
  0.2536111111E+00  0.1079648346E+06
  0.2538888889E+00  0.1079805350E+06
  0.2541666667E+00  0.1079962355E+06
  0.2544444444E+00  0.1080119358E+06
  0.2547222222E+00  0.1080276359E+06
  0.2550000000E+00  0.1080433362E+06
  0.2552777778E+00  0.1081278624E+06
  0.2555555556E+00  0.1082123892E+06
  0.2558333333E+00  0.1082969163E+06
  0.2561111111E+00  0.1083814435E+06
  0.2563888889E+00  0.1084659703E+06
  0.2566666667E+00  0.1085504965E+06
  0.2569444444E+00  0.1086350237E+06
  0.2572222222E+00  0.1087195504E+06
  0.2575000000E+00  0.1088040776E+06
  0.2577777778E+00  0.1088886037E+06
  0.2580555556E+00  0.1089731305E+06
  0.2583333333E+00  0.1090576576E+06
  0.2586111111E+00  0.1091421848E+06
  0.2588888889E+00  0.1092267116E+06
  0.2591666667E+00  0.1093112377E+06
  0.2594444444E+00  0.1093957649E+06
  0.2597222222E+00  0.1094802917E+06
  0.2600000000E+00  0.1095648189E+06
  0.2602777778E+00  0.1096800526E+06
  0.2605555556E+00  0.1097952877E+06
  0.2608333333E+00  0.1099105215E+06
  0.2611111111E+00  0.1100257563E+06
  0.2613888889E+00  0.1101409904E+06
  0.2616666667E+00  0.1102562251E+06
  0.2619444444E+00  0.1103714593E+06
  0.2622222222E+00  0.1104866940E+06
  0.2625000000E+00  0.1106019278E+06
  0.2627777778E+00  0.1107171629E+06
  0.2630555556E+00  0.1108323967E+06
  0.2633333333E+00  0.1109476315E+06
  0.2636111111E+00  0.1110628656E+06
  0.2638888889E+00  0.1111781003E+06
  0.2641666667E+00  0.1112933344E+06
  0.2644444444E+00  0.1114085692E+06
  0.2647222222E+00  0.1115238030E+06
  0.2650000000E+00  0.1116390381E+06
  0.2652777778E+00  0.1117534843E+06
  0.2655555556E+00  0.1118679304E+06
  0.2658333333E+00  0.1119823765E+06
  0.2661111111E+00  0.1120968227E+06
  0.2663888889E+00  0.1122112689E+06
  0.2666666667E+00  0.1123257150E+06
  0.2669444444E+00  0.1124401612E+06
  0.2672222222E+00  0.1125546073E+06
  0.2675000000E+00  0.1126690535E+06
  0.2677777778E+00  0.1127834996E+06
  0.2680555556E+00  0.1128979458E+06
  0.2683333333E+00  0.1130123930E+06
  0.2686111111E+00  0.1131268392E+06
  0.2688888889E+00  0.1132412853E+06
  0.2691666667E+00  0.1133557314E+06
  0.2694444444E+00  0.1134701780E+06
  0.2697222222E+00  0.1135846241E+06
  0.2700000000E+00  0.1136990702E+06
  0.2702777778E+00  0.1137885195E+06
  0.2705555556E+00  0.1138779688E+06
  0.2708333333E+00  0.1139674194E+06
  0.2711111111E+00  0.1140568687E+06
  0.2713888889E+00  0.1141463183E+06
  0.2716666667E+00  0.1142357676E+06
  0.2719444444E+00  0.1143252172E+06
  0.2722222222E+00  0.1144146674E+06
  0.2725000000E+00  0.1145041170E+06
  0.2727777778E+00  0.1145935663E+06
  0.2730555556E+00  0.1146830156E+06
  0.2733333333E+00  0.1147724652E+06
  0.2736111111E+00  0.1148619155E+06
  0.2738888889E+00  0.1149513651E+06
  0.2741666667E+00  0.1150408144E+06
  0.2744444444E+00  0.1151302640E+06
  0.2747222222E+00  0.1152197132E+06
  0.2750000000E+00  0.1153091638E+06
  0.2752777778E+00  0.1153567881E+06
  0.2755555556E+00  0.1154044127E+06
  0.2758333333E+00  0.1154520373E+06
  0.2761111111E+00  0.1154996619E+06
  0.2763888889E+00  0.1155472862E+06
  0.2766666667E+00  0.1155949099E+06
  0.2769444444E+00  0.1156425345E+06
  0.2772222222E+00  0.1156901591E+06
  0.2775000000E+00  0.1157377837E+06
  0.2777777778E+00  0.1157854080E+06
  0.2780555556E+00  0.1158330326E+06
  0.2783333333E+00  0.1158806573E+06
  0.2786111111E+00  0.1159282819E+06
  0.2788888889E+00  0.1159759062E+06
  0.2791666667E+00  0.1160235308E+06
  0.2794444444E+00  0.1160711554E+06
  0.2797222222E+00  0.1161187800E+06
  0.2800000000E+00  0.1161664043E+06
  0.2802777778E+00  0.1161624733E+06
  0.2805555556E+00  0.1161585419E+06
  0.2808333333E+00  0.1161546108E+06
  0.2811111111E+00  0.1161506784E+06
  0.2813888889E+00  0.1161467474E+06
  0.2816666667E+00  0.1161428160E+06
  0.2819444444E+00  0.1161388849E+06
  0.2822222222E+00  0.1161349536E+06
  0.2825000000E+00  0.1161310221E+06
  0.2827777778E+00  0.1161270901E+06
  0.2830555556E+00  0.1161231587E+06
  0.2833333333E+00  0.1161192276E+06
  0.2836111111E+00  0.1161152962E+06
  0.2838888889E+00  0.1161113651E+06
  0.2841666667E+00  0.1161074338E+06
  0.2844444444E+00  0.1161035014E+06
  0.2847222222E+00  0.1160995703E+06
  0.2850000000E+00  0.1160956390E+06
  0.2852777778E+00  0.1160368988E+06
  0.2855555556E+00  0.1159781594E+06
  0.2858333333E+00  0.1159194192E+06
  0.2861111111E+00  0.1158606801E+06
  0.2863888889E+00  0.1158019397E+06
  0.2866666667E+00  0.1157431996E+06
  0.2869444444E+00  0.1156844601E+06
  0.2872222222E+00  0.1156257200E+06
  0.2875000000E+00  0.1155669807E+06
  0.2877777778E+00  0.1155082405E+06
  0.2880555556E+00  0.1154495014E+06
  0.2883333333E+00  0.1153907609E+06
  0.2886111111E+00  0.1153320208E+06
  0.2888888889E+00  0.1152732814E+06
  0.2891666667E+00  0.1152145413E+06
  0.2894444444E+00  0.1151558018E+06
  0.2897222222E+00  0.1150970617E+06
  0.2900000000E+00  0.1150383216E+06
  0.2902777778E+00  0.1149268904E+06
  0.2905555556E+00  0.1148154595E+06
  0.2908333333E+00  0.1147040283E+06
  0.2911111111E+00  0.1145925973E+06
  0.2913888889E+00  0.1144811662E+06
  0.2916666667E+00  0.1143697342E+06
  0.2919444444E+00  0.1142583031E+06
  0.2922222222E+00  0.1141468721E+06
  0.2925000000E+00  0.1140354409E+06
  0.2927777778E+00  0.1139240097E+06
  0.2930555556E+00  0.1138125778E+06
  0.2933333333E+00  0.1137011465E+06
  0.2936111111E+00  0.1135897157E+06
  0.2938888889E+00  0.1134782844E+06
  0.2941666667E+00  0.1133668536E+06
  0.2944444444E+00  0.1132554213E+06
  0.2947222222E+00  0.1131439903E+06
  0.2950000000E+00  0.1130325592E+06
  0.2952777778E+00  0.1128750298E+06
  0.2955555556E+00  0.1127174996E+06
  0.2958333333E+00  0.1125599699E+06
  0.2961111111E+00  0.1124024397E+06
  0.2963888889E+00  0.1122449104E+06
  0.2966666667E+00  0.1120873797E+06
  0.2969444444E+00  0.1119298504E+06
  0.2972222222E+00  0.1117723208E+06
  0.2975000000E+00  0.1116147904E+06
  0.2977777778E+00  0.1114572612E+06
  0.2980555556E+00  0.1112997305E+06
  0.2983333333E+00  0.1111422013E+06
  0.2986111111E+00  0.1109846716E+06
  0.2988888889E+00  0.1108271413E+06
  0.2991666667E+00  0.1106696120E+06
  0.2994444444E+00  0.1105120814E+06
  0.2997222222E+00  0.1103545521E+06
  0.3000000000E+00  0.1101970218E+06
  0.3002777778E+00  0.1100030164E+06
  0.3005555556E+00  0.1098090100E+06
  0.3008333333E+00  0.1096150037E+06
  0.3011111111E+00  0.1094209984E+06
  0.3013888889E+00  0.1092269920E+06
  0.3016666667E+00  0.1090329856E+06
  0.3019444444E+00  0.1088389793E+06
  0.3022222222E+00  0.1086449739E+06
  0.3025000000E+00  0.1084509675E+06
  0.3027777778E+00  0.1082569612E+06
  0.3030555556E+00  0.1080629548E+06
  0.3033333333E+00  0.1078689495E+06
  0.3036111111E+00  0.1076749431E+06
  0.3038888889E+00  0.1074809371E+06
  0.3041666667E+00  0.1072869308E+06
  0.3044444444E+00  0.1070929254E+06
  0.3047222222E+00  0.1068989190E+06
  0.3050000000E+00  0.1067049127E+06
  0.3052777778E+00  0.1064860035E+06
  0.3055555556E+00  0.1062670942E+06
  0.3058333333E+00  0.1060481853E+06
  0.3061111111E+00  0.1058292761E+06
  0.3063888889E+00  0.1056103668E+06
  0.3066666667E+00  0.1053914576E+06
  0.3069444444E+00  0.1051725488E+06
  0.3072222222E+00  0.1049536396E+06
  0.3075000000E+00  0.1047347303E+06
  0.3077777778E+00  0.1045158211E+06
  0.3080555556E+00  0.1042969122E+06
  0.3083333333E+00  0.1040780029E+06
  0.3086111111E+00  0.1038590937E+06
  0.3088888889E+00  0.1036401845E+06
  0.3091666667E+00  0.1034212756E+06
  0.3094444444E+00  0.1032023664E+06
  0.3097222222E+00  0.1029834572E+06
  0.3100000000E+00  0.1027645480E+06
  0.3102777778E+00  0.1025331130E+06
  0.3105555556E+00  0.1023016782E+06
  0.3108333333E+00  0.1020702424E+06
  0.3111111111E+00  0.1018388074E+06
  0.3113888889E+00  0.1016073716E+06
  0.3116666667E+00  0.1013759367E+06
  0.3119444444E+00  0.1011445008E+06
  0.3122222222E+00  0.1009130659E+06
  0.3125000000E+00  0.1006816311E+06
  0.3127777778E+00  0.1004501951E+06
  0.3130555556E+00  0.1002187603E+06
  0.3133333333E+00  0.9998732441E+05
  0.3136111111E+00  0.9975588946E+05
  0.3138888889E+00  0.9952445461E+05
  0.3141666667E+00  0.9929301877E+05
  0.3144444444E+00  0.9906158381E+05
  0.3147222222E+00  0.9883014797E+05
  0.3150000000E+00  0.9859871311E+05
  0.3152777778E+00  0.9836697715E+05
  0.3155555556E+00  0.9813524129E+05
  0.3158333333E+00  0.9790350644E+05
  0.3161111111E+00  0.9767177047E+05
  0.3163888889E+00  0.9744003495E+05
  0.3166666667E+00  0.9720829997E+05
  0.3169444444E+00  0.9697656412E+05
  0.3172222222E+00  0.9674482826E+05
  0.3175000000E+00  0.9651309330E+05
  0.3177777778E+00  0.9628135744E+05
  0.3180555556E+00  0.9604962158E+05
  0.3183333333E+00  0.9581788561E+05
  0.3186111111E+00  0.9558615076E+05
  0.3188888889E+00  0.9535441490E+05
  0.3191666667E+00  0.9512267894E+05
  0.3194444444E+00  0.9489094442E+05
  0.3197222222E+00  0.9465920855E+05
  0.3200000000E+00  0.9442747259E+05
  0.3202777778E+00  0.9420653029E+05
  0.3205555556E+00  0.9398558833E+05
  0.3208333333E+00  0.9376464636E+05
  0.3211111111E+00  0.9354370438E+05
  0.3213888889E+00  0.9332276197E+05
  0.3216666667E+00  0.9310182001E+05
  0.3219444444E+00  0.9288087705E+05
  0.3222222222E+00  0.9265993475E+05
  0.3225000000E+00  0.9243899277E+05
  0.3227777778E+00  0.9221805081E+05
  0.3230555556E+00  0.9199710840E+05
  0.3233333333E+00  0.9177616643E+05
  0.3236111111E+00  0.9155522447E+05
  0.3238888889E+00  0.9133428249E+05
  0.3241666667E+00  0.9111334020E+05
  0.3244444444E+00  0.9089239812E+05
  0.3247222222E+00  0.9067145615E+05
  0.3250000000E+00  0.9045051385E+05
  0.3252777778E+00  0.9024991714E+05
  0.3255555556E+00  0.9004931997E+05
  0.3258333333E+00  0.8984872325E+05
  0.3261111111E+00  0.8964812609E+05
  0.3263888889E+00  0.8944752904E+05
  0.3266666667E+00  0.8924693321E+05
  0.3269444444E+00  0.8904633616E+05
  0.3272222222E+00  0.8884573934E+05
  0.3275000000E+00  0.8864514229E+05
  0.3277777778E+00  0.8844454512E+05
  0.3280555556E+00  0.8824394840E+05
  0.3283333333E+00  0.8804335224E+05
  0.3286111111E+00  0.8784275552E+05
  0.3288888889E+00  0.8764215835E+05
  0.3291666667E+00  0.8744156130E+05
  0.3294444444E+00  0.8724096458E+05
  0.3297222222E+00  0.8704036743E+05
  0.3300000000E+00  0.8683977171E+05
  0.3302777778E+00  0.8666682464E+05
  0.3305555556E+00  0.8649387789E+05
  0.3308333333E+00  0.8632093215E+05
  0.3311111111E+00  0.8614798542E+05
  0.3313888889E+00  0.8597503968E+05
  0.3316666667E+00  0.8580209305E+05
  0.3319444444E+00  0.8562914630E+05
  0.3322222222E+00  0.8545620057E+05
  0.3325000000E+00  0.8528325350E+05
  0.3327777778E+00  0.8511030675E+05
  0.3330555556E+00  0.8493736101E+05
  0.3333333333E+00  0.8476441439E+05
  0.3336111111E+00  0.8459146865E+05
  0.3338888889E+00  0.8441852191E+05
  0.3341666667E+00  0.8424557518E+05
  0.3344444444E+00  0.8407262910E+05
  0.3347222222E+00  0.8389968236E+05
  0.3350000000E+00  0.8372673573E+05
  0.3352777778E+00  0.8358645289E+05
  0.3355555556E+00  0.8344616983E+05
  0.3358333333E+00  0.8330588709E+05
  0.3361111111E+00  0.8316560404E+05
  0.3363888889E+00  0.8302532130E+05
  0.3366666667E+00  0.8288503825E+05
  0.3369444444E+00  0.8274475518E+05
  0.3372222222E+00  0.8260447245E+05
  0.3375000000E+00  0.8246418928E+05
  0.3377777778E+00  0.8232390655E+05
  0.3380555556E+00  0.8218362248E+05
  0.3383333333E+00  0.8204333976E+05
  0.3386111111E+00  0.8190305669E+05
  0.3388888889E+00  0.8176277397E+05
  0.3391666667E+00  0.8162249090E+05
  0.3394444444E+00  0.8148220817E+05
  0.3397222222E+00  0.8134192500E+05
  0.3400000000E+00  0.8120164227E+05
  0.3402777778E+00  0.8109658319E+05
  0.3405555556E+00  0.8099152500E+05
  0.3408333333E+00  0.8088646693E+05
  0.3411111111E+00  0.8078140874E+05
  0.3413888889E+00  0.8067635000E+05
  0.3416666667E+00  0.8057129182E+05
  0.3419444444E+00  0.8046623374E+05
  0.3422222222E+00  0.8036117555E+05
  0.3425000000E+00  0.8025611648E+05
  0.3427777778E+00  0.8015105829E+05
  0.3430555556E+00  0.8004600055E+05
  0.3433333333E+00  0.7994094137E+05
  0.3436111111E+00  0.7983588329E+05
  0.3438888889E+00  0.7973082510E+05
  0.3441666667E+00  0.7962576702E+05
  0.3444444444E+00  0.7952070817E+05
  0.3447222222E+00  0.7941564999E+05
  0.3450000000E+00  0.7931059191E+05
  0.3452777778E+00  0.7924096697E+05
  0.3455555556E+00  0.7917134293E+05
  0.3458333333E+00  0.7910171900E+05
  0.3461111111E+00  0.7903209395E+05
  0.3463888889E+00  0.7896247002E+05
  0.3466666667E+00  0.7889284608E+05
  0.3469444444E+00  0.7882322204E+05
  0.3472222222E+00  0.7875359711E+05
  0.3475000000E+00  0.7868397317E+05
  0.3477777778E+00  0.7861434912E+05
  0.3480555556E+00  0.7854472419E+05
  0.3483333333E+00  0.7847509981E+05
  0.3486111111E+00  0.7840547587E+05
  0.3488888889E+00  0.7833585094E+05
  0.3491666667E+00  0.7826622689E+05
  0.3494444444E+00  0.7819660296E+05
  0.3497222222E+00  0.7812697802E+05
  0.3500000000E+00  0.7805735397E+05
  0.3502777778E+00  0.7802125087E+05
  0.3505555556E+00  0.7798514710E+05
  0.3508333333E+00  0.7794904388E+05
  0.3511111111E+00  0.7791294076E+05
  0.3513888889E+00  0.7787683766E+05
  0.3516666667E+00  0.7784073378E+05
  0.3519444444E+00  0.7780463067E+05
  0.3522222222E+00  0.7776852756E+05
  0.3525000000E+00  0.7773242434E+05
  0.3527777778E+00  0.7769632157E+05
  0.3530555556E+00  0.7766021746E+05
  0.3533333333E+00  0.7762411436E+05
  0.3536111111E+00  0.7758801113E+05
  0.3538888889E+00  0.7755190803E+05
  0.3541666667E+00  0.7751580425E+05
  0.3544444444E+00  0.7747970104E+05
  0.3547222222E+00  0.7744359792E+05
  0.3550000000E+00  0.7740749482E+05
  0.3552777778E+00  0.7740122581E+05
  0.3555555556E+00  0.7739495778E+05
  0.3558333333E+00  0.7738868978E+05
  0.3561111111E+00  0.7738242177E+05
  0.3563888889E+00  0.7737615374E+05
  0.3566666667E+00  0.7736988573E+05
  0.3569444444E+00  0.7736361772E+05
  0.3572222222E+00  0.7735734970E+05
  0.3575000000E+00  0.7735108169E+05
  0.3577777778E+00  0.7734481268E+05
  0.3580555556E+00  0.7733854433E+05
  0.3583333333E+00  0.7733227632E+05
  0.3586111111E+00  0.7732600831E+05
  0.3588888889E+00  0.7731974028E+05
  0.3591666667E+00  0.7731347227E+05
  0.3594444444E+00  0.7730720426E+05
  0.3597222222E+00  0.7730093624E+05
  0.3600000000E+00  0.7729466723E+05
  0.3602777778E+00  0.7731314955E+05
  0.3605555556E+00  0.7733163110E+05
  0.3608333333E+00  0.7735011331E+05
  0.3611111111E+00  0.7736859484E+05
  0.3613888889E+00  0.7738707606E+05
  0.3616666667E+00  0.7740555838E+05
  0.3619444444E+00  0.7742403993E+05
  0.3622222222E+00  0.7744252213E+05
  0.3625000000E+00  0.7746100367E+05
  0.3627777778E+00  0.7747948489E+05
  0.3630555556E+00  0.7749796754E+05
  0.3633333333E+00  0.7751644874E+05
  0.3636111111E+00  0.7753493129E+05
  0.3638888889E+00  0.7755341250E+05
  0.3641666667E+00  0.7757189371E+05
  0.3644444444E+00  0.7759037625E+05
  0.3647222222E+00  0.7760885757E+05
  0.3650000000E+00  0.7762734012E+05
  0.3652777778E+00  0.7766456662E+05
  0.3655555556E+00  0.7770179299E+05
  0.3658333333E+00  0.7773901983E+05
  0.3661111111E+00  0.7777624633E+05
  0.3663888889E+00  0.7781347271E+05
  0.3666666667E+00  0.7785069955E+05
  0.3669444444E+00  0.7788792704E+05
  0.3672222222E+00  0.7792515354E+05
  0.3675000000E+00  0.7796238025E+05
  0.3677777778E+00  0.7799960675E+05
  0.3680555556E+00  0.7803683325E+05
  0.3683333333E+00  0.7807405974E+05
  0.3686111111E+00  0.7811128746E+05
  0.3688888889E+00  0.7814851396E+05
  0.3691666667E+00  0.7818574046E+05
  0.3694444444E+00  0.7822296718E+05
  0.3697222222E+00  0.7826019367E+05
  0.3700000000E+00  0.7829742017E+05
  0.3702777778E+00  0.7834688871E+05
  0.3705555556E+00  0.7839635636E+05
  0.3708333333E+00  0.7844582391E+05
  0.3711111111E+00  0.7849529255E+05
  0.3713888889E+00  0.7854476009E+05
  0.3716666667E+00  0.7859422874E+05
  0.3719444444E+00  0.7864369628E+05
  0.3722222222E+00  0.7869316360E+05
  0.3725000000E+00  0.7874263214E+05
  0.3727777778E+00  0.7879209978E+05
  0.3730555556E+00  0.7884156732E+05
  0.3733333333E+00  0.7889103597E+05
  0.3736111111E+00  0.7894050351E+05
  0.3738888889E+00  0.7898997217E+05
  0.3741666667E+00  0.7903943971E+05
  0.3744444444E+00  0.7908890703E+05
  0.3747222222E+00  0.7913837556E+05
  0.3750000000E+00  0.7918784321E+05
  0.3752777778E+00  0.7924306650E+05
  0.3755555556E+00  0.7929828980E+05
  0.3758333333E+00  0.7935351276E+05
  0.3761111111E+00  0.7940873593E+05
  0.3763888889E+00  0.7946395923E+05
  0.3766666667E+00  0.7951918219E+05
  0.3769444444E+00  0.7957440547E+05
  0.3772222222E+00  0.7962962978E+05
  0.3775000000E+00  0.7968485306E+05
  0.3777777778E+00  0.7974007602E+05
  0.3780555556E+00  0.7979529932E+05
  0.3783333333E+00  0.7985052261E+05
  0.3786111111E+00  0.7990574556E+05
  0.3788888889E+00  0.7996096886E+05
  0.3791666667E+00  0.8001619215E+05
  0.3794444444E+00  0.8007141510E+05
  0.3797222222E+00  0.8012663841E+05
  0.3800000000E+00  0.8018186169E+05
  0.3802777778E+00  0.8023666019E+05
  0.3805555556E+00  0.8029145813E+05
  0.3808333333E+00  0.8034625608E+05
  0.3811111111E+00  0.8040105457E+05
  0.3813888889E+00  0.8045585251E+05
  0.3816666667E+00  0.8051065145E+05
  0.3819444444E+00  0.8056544906E+05
  0.3822222222E+00  0.8062024789E+05
  0.3825000000E+00  0.8067504550E+05
  0.3827777778E+00  0.8072984345E+05
  0.3830555556E+00  0.8078464227E+05
  0.3833333333E+00  0.8083943988E+05
  0.3836111111E+00  0.8089423882E+05
  0.3838888889E+00  0.8094903665E+05
  0.3841666667E+00  0.8100383526E+05
  0.3844444444E+00  0.8105863321E+05
  0.3847222222E+00  0.8111343202E+05
  0.3850000000E+00  0.8116822963E+05
  0.3852777778E+00  0.8121726025E+05
  0.3855555556E+00  0.8126629199E+05
  0.3858333333E+00  0.8131532227E+05
  0.3861111111E+00  0.8136435388E+05
  0.3863888889E+00  0.8141338462E+05
  0.3866666667E+00  0.8146241490E+05
  0.3869444444E+00  0.8151144652E+05
  0.3872222222E+00  0.8156047714E+05
  0.3875000000E+00  0.8160950853E+05
  0.3877777778E+00  0.8165853915E+05
  0.3880555556E+00  0.8170756977E+05
  0.3883333333E+00  0.8175660117E+05
  0.3886111111E+00  0.8180563178E+05
  0.3888888889E+00  0.8185466240E+05
  0.3891666667E+00  0.8190369379E+05
  0.3894444444E+00  0.8195272442E+05
  0.3897222222E+00  0.8200175603E+05
  0.3900000000E+00  0.8205078642E+05
  0.3902777778E+00  0.8208959592E+05
  0.3905555556E+00  0.8212840420E+05
  0.3908333333E+00  0.8216721348E+05
  0.3911111111E+00  0.8220602275E+05
  0.3913888889E+00  0.8224483202E+05
  0.3916666667E+00  0.8228364063E+05
  0.3919444444E+00  0.8232244979E+05
  0.3922222222E+00  0.8236125906E+05
  0.3925000000E+00  0.8240006833E+05
  0.3927777778E+00  0.8243887661E+05
  0.3930555556E+00  0.8247768588E+05
  0.3933333333E+00  0.8251649537E+05
  0.3936111111E+00  0.8255530365E+05
  0.3938888889E+00  0.8259411292E+05
  0.3941666667E+00  0.8263292219E+05
  0.3944444444E+00  0.8267173146E+05
  0.3947222222E+00  0.8271053974E+05
  0.3950000000E+00  0.8274934923E+05
  0.3952777778E+00  0.8277476762E+05
  0.3955555556E+00  0.8280018589E+05
  0.3958333333E+00  0.8282560451E+05
  0.3961111111E+00  0.8285102277E+05
  0.3963888889E+00  0.8287644117E+05
  0.3966666667E+00  0.8290185978E+05
  0.3969444444E+00  0.8292727805E+05
  0.3972222222E+00  0.8295269633E+05
  0.3975000000E+00  0.8297811504E+05
  0.3977777778E+00  0.8300353332E+05
  0.3980555556E+00  0.8302895159E+05
  0.3983333333E+00  0.8305437020E+05
  0.3986111111E+00  0.8307978858E+05
  0.3988888889E+00  0.8310520686E+05
  0.3991666667E+00  0.8313062547E+05
  0.3994444444E+00  0.8315604374E+05
  0.3997222222E+00  0.8318146213E+05
  0.4000000000E+00  0.8320688074E+05
  0.4002777778E+00  0.8321698136E+05
  0.4005555556E+00  0.8322708241E+05
  0.4008333333E+00  0.8323718314E+05
  0.4011111111E+00  0.8324728420E+05
  0.4013888889E+00  0.8325738582E+05
  0.4016666667E+00  0.8326748688E+05
  0.4019444444E+00  0.8327758793E+05
  0.4022222222E+00  0.8328768855E+05
  0.4025000000E+00  0.8329778961E+05
  0.4027777778E+00  0.8330789034E+05
  0.4030555556E+00  0.8331799228E+05
  0.4033333333E+00  0.8332809301E+05
  0.4036111111E+00  0.8333819408E+05
  0.4038888889E+00  0.8334829469E+05
  0.4041666667E+00  0.8335839576E+05
  0.4044444444E+00  0.8336849648E+05
  0.4047222222E+00  0.8337859854E+05
  0.4050000000E+00  0.8338869915E+05
  0.4052777778E+00  0.8338288997E+05
  0.4055555556E+00  0.8337708177E+05
  0.4058333333E+00  0.8337127359E+05
  0.4061111111E+00  0.8336546439E+05
  0.4063888889E+00  0.8335965620E+05
  0.4066666667E+00  0.8335384802E+05
  0.4069444444E+00  0.8334803982E+05
  0.4072222222E+00  0.8334223064E+05
  0.4075000000E+00  0.8333642244E+05
  0.4077777778E+00  0.8333061426E+05
  0.4080555556E+00  0.8332480507E+05
  0.4083333333E+00  0.8331899687E+05
  0.4086111111E+00  0.8331318869E+05
  0.4088888889E+00  0.8330737949E+05
  0.4091666667E+00  0.8330157130E+05
  0.4094444444E+00  0.8329576312E+05
  0.4097222222E+00  0.8328995492E+05
  0.4100000000E+00  0.8328414574E+05
  0.4102777778E+00  0.8326306139E+05
  0.4105555556E+00  0.8324197660E+05
  0.4108333333E+00  0.8322089227E+05
  0.4111111111E+00  0.8319980748E+05
  0.4113888889E+00  0.8317872313E+05
  0.4116666667E+00  0.8315763868E+05
  0.4119444444E+00  0.8313655401E+05
  0.4122222222E+00  0.8311546956E+05
  0.4125000000E+00  0.8309438488E+05
  0.4127777778E+00  0.8307330054E+05
  0.4130555556E+00  0.8305221609E+05
  0.4133333333E+00  0.8303113141E+05
  0.4136111111E+00  0.8301004696E+05
  0.4138888889E+00  0.8298896328E+05
  0.4141666667E+00  0.8296787883E+05
  0.4144444444E+00  0.8294679449E+05
  0.4147222222E+00  0.8292570970E+05
  0.4150000000E+00  0.8290462536E+05
  0.4152777778E+00  0.8286996531E+05
  0.4155555556E+00  0.8283530560E+05
  0.4158333333E+00  0.8280064543E+05
  0.4161111111E+00  0.8276598572E+05
  0.4163888889E+00  0.8273132567E+05
  0.4166666667E+00  0.8269666596E+05
  0.4169444444E+00  0.8266200691E+05
  0.4172222222E+00  0.8262734720E+05
  0.4175000000E+00  0.8259268704E+05
  0.4177777778E+00  0.8255802732E+05
  0.4180555556E+00  0.8252336728E+05
  0.4183333333E+00  0.8248870756E+05
  0.4186111111E+00  0.8245404751E+05
  0.4188888889E+00  0.8241938780E+05
  0.4191666667E+00  0.8238472864E+05
  0.4194444444E+00  0.8235006893E+05
  0.4197222222E+00  0.8231540888E+05
  0.4200000000E+00  0.8228074917E+05
  0.4202777778E+00  0.8223509914E+05
  0.4205555556E+00  0.8218945023E+05
  0.4208333333E+00  0.8214379987E+05
  0.4211111111E+00  0.8209814996E+05
  0.4213888889E+00  0.8205250093E+05
  0.4216666667E+00  0.8200685091E+05
  0.4219444444E+00  0.8196120099E+05
  0.4222222222E+00  0.8191555163E+05
  0.4225000000E+00  0.8186990172E+05
  0.4227777778E+00  0.8182425170E+05
  0.4230555556E+00  0.8177860266E+05
  0.4233333333E+00  0.8173295241E+05
  0.4236111111E+00  0.8168730239E+05
  0.4238888889E+00  0.8164165347E+05
  0.4241666667E+00  0.8159600345E+05
  0.4244444444E+00  0.8155035342E+05
  0.4247222222E+00  0.8150470418E+05
  0.4250000000E+00  0.8145905415E+05
  0.4252777778E+00  0.8140561172E+05
  0.4255555556E+00  0.8135216884E+05
  0.4258333333E+00  0.8129872597E+05
  0.4261111111E+00  0.8124528355E+05
  0.4263888889E+00  0.8119184067E+05
  0.4266666667E+00  0.8113839779E+05
  0.4269444444E+00  0.8108495536E+05
  0.4272222222E+00  0.8103151248E+05
  0.4275000000E+00  0.8097806960E+05
  0.4277777778E+00  0.8092462718E+05
  0.4280555556E+00  0.8087118430E+05
  0.4283333333E+00  0.8081774142E+05
  0.4286111111E+00  0.8076429899E+05
  0.4288888889E+00  0.8071085611E+05
  0.4291666667E+00  0.8065741323E+05
  0.4294444444E+00  0.8060397081E+05
  0.4297222222E+00  0.8055052793E+05
  0.4300000000E+00  0.8049708506E+05
  0.4302777778E+00  0.8043938499E+05
  0.4305555556E+00  0.8038168458E+05
  0.4308333333E+00  0.8032398517E+05
  0.4311111111E+00  0.8026628476E+05
  0.4313888889E+00  0.8020858557E+05
  0.4316666667E+00  0.8015088516E+05
  0.4319444444E+00  0.8009318575E+05
  0.4322222222E+00  0.8003548535E+05
  0.4325000000E+00  0.7997778627E+05
  0.4327777778E+00  0.7992008575E+05
  0.4330555556E+00  0.7986238634E+05
  0.4333333333E+00  0.7980468593E+05
  0.4336111111E+00  0.7974698552E+05
  0.4338888889E+00  0.7968928634E+05
  0.4341666667E+00  0.7963158593E+05
  0.4344444444E+00  0.7957388652E+05
  0.4347222222E+00  0.7951618611E+05
  0.4350000000E+00  0.7945848703E+05
  0.4352777778E+00  0.7940011587E+05
  0.4355555556E+00  0.7934174416E+05
  0.4358333333E+00  0.7928337299E+05
  0.4361111111E+00  0.7922500228E+05
  0.4363888889E+00  0.7916663123E+05
  0.4366666667E+00  0.7910826041E+05
  0.4369444444E+00  0.7904988936E+05
  0.4372222222E+00  0.7899151865E+05
  0.4375000000E+00  0.7893314749E+05
  0.4377777778E+00  0.7887477678E+05
  0.4380555556E+00  0.7881640461E+05
  0.4383333333E+00  0.7875803357E+05
  0.4386111111E+00  0.7869966285E+05
  0.4388888889E+00  0.7864129170E+05
  0.4391666667E+00  0.7858292088E+05
  0.4394444444E+00  0.7852454961E+05
  0.4397222222E+00  0.7846617880E+05
  0.4400000000E+00  0.7840780765E+05
  0.4402777778E+00  0.7835215251E+05
  0.4405555556E+00  0.7829649714E+05
  0.4408333333E+00  0.7824084187E+05
  0.4411111111E+00  0.7818518684E+05
  0.4413888889E+00  0.7812953147E+05
  0.4416666667E+00  0.7807387644E+05
  0.4419444444E+00  0.7801822106E+05
  0.4422222222E+00  0.7796256569E+05
  0.4425000000E+00  0.7790691065E+05
  0.4427777778E+00  0.7785125528E+05
  0.4430555556E+00  0.7779560001E+05
  0.4433333333E+00  0.7773994498E+05
  0.4436111111E+00  0.7768428950E+05
  0.4438888889E+00  0.7762863413E+05
  0.4441666667E+00  0.7757297909E+05
  0.4444444444E+00  0.7751732383E+05
  0.4447222222E+00  0.7746166846E+05
  0.4450000000E+00  0.7740601343E+05
  0.4452777778E+00  0.7735596797E+05
  0.4455555556E+00  0.7730592208E+05
  0.4458333333E+00  0.7725587662E+05
  0.4461111111E+00  0.7720583107E+05
  0.4463888889E+00  0.7715578564E+05
  0.4466666667E+00  0.7710573985E+05
  0.4469444444E+00  0.7705569430E+05
  0.4472222222E+00  0.7700564884E+05
  0.4475000000E+00  0.7695560340E+05
  0.4477777778E+00  0.7690555761E+05
  0.4480555556E+00  0.7685551206E+05
  0.4483333333E+00  0.7680546661E+05
  0.4486111111E+00  0.7675542116E+05
  0.4488888889E+00  0.7670537528E+05
  0.4491666667E+00  0.7665532982E+05
  0.4494444444E+00  0.7660528427E+05
  0.4497222222E+00  0.7655523881E+05
  0.4500000000E+00  0.7650519304E+05
  0.4502777778E+00  0.7646302145E+05
  0.4505555556E+00  0.7642084941E+05
  0.4508333333E+00  0.7637867782E+05
  0.4511111111E+00  0.7633650589E+05
  0.4513888889E+00  0.7629433430E+05
  0.4516666667E+00  0.7625216238E+05
  0.4519444444E+00  0.7620999068E+05
  0.4522222222E+00  0.7616781875E+05
  0.4525000000E+00  0.7612564716E+05
  0.4527777778E+00  0.7608347513E+05
  0.4530555556E+00  0.7604130364E+05
  0.4533333333E+00  0.7599913161E+05
  0.4536111111E+00  0.7595696002E+05
  0.4538888889E+00  0.7591478809E+05
  0.4541666667E+00  0.7587261639E+05
  0.4544444444E+00  0.7583044446E+05
  0.4547222222E+00  0.7578827288E+05
  0.4550000000E+00  0.7574610095E+05
  0.4552777778E+00  0.7571330168E+05
  0.4555555556E+00  0.7568050231E+05
  0.4558333333E+00  0.7564770315E+05
  0.4561111111E+00  0.7561490380E+05
  0.4563888889E+00  0.7558210453E+05
  0.4566666667E+00  0.7554930527E+05
  0.4569444444E+00  0.7551650600E+05
  0.4572222222E+00  0.7548370664E+05
  0.4575000000E+00  0.7545090748E+05
  0.4577777778E+00  0.7541810821E+05
  0.4580555556E+00  0.7538530884E+05
  0.4583333333E+00  0.7535250969E+05
  0.4586111111E+00  0.7531971033E+05
  0.4588888889E+00  0.7528691106E+05
  0.4591666667E+00  0.7525411180E+05
  0.4594444444E+00  0.7522131254E+05
  0.4597222222E+00  0.7518851284E+05
  0.4600000000E+00  0.7515571368E+05
  0.4602777778E+00  0.7513292631E+05
  0.4605555556E+00  0.7511013883E+05
  0.4608333333E+00  0.7508735136E+05
  0.4611111111E+00  0.7506456400E+05
  0.4613888889E+00  0.7504177662E+05
  0.4616666667E+00  0.7501898892E+05
  0.4619444444E+00  0.7499620155E+05
  0.4622222222E+00  0.7497341409E+05
  0.4625000000E+00  0.7495062672E+05
  0.4627777778E+00  0.7492783935E+05
  0.4630555556E+00  0.7490505198E+05
  0.4633333333E+00  0.7488226428E+05
  0.4636111111E+00  0.7485947681E+05
  0.4638888889E+00  0.7483668944E+05
  0.4641666667E+00  0.7481390208E+05
  0.4644444444E+00  0.7479111459E+05
  0.4647222222E+00  0.7476832689E+05
  0.4650000000E+00  0.7474553942E+05
  0.4652777778E+00  0.7473255598E+05
  0.4655555556E+00  0.7471957242E+05
  0.4658333333E+00  0.7470658897E+05
  0.4661111111E+00  0.7469360508E+05
  0.4663888889E+00  0.7468062152E+05
  0.4666666667E+00  0.7466763797E+05
  0.4669444444E+00  0.7465465440E+05
  0.4672222222E+00  0.7464167063E+05
  0.4675000000E+00  0.7462868707E+05
  0.4677777778E+00  0.7461570352E+05
  0.4680555556E+00  0.7460271997E+05
  0.4683333333E+00  0.7458973618E+05
  0.4686111111E+00  0.7457675262E+05
  0.4688888889E+00  0.7456376905E+05
  0.4691666667E+00  0.7455078561E+05
  0.4694444444E+00  0.7453780163E+05
  0.4697222222E+00  0.7452481817E+05
  0.4700000000E+00  0.7451183462E+05
  0.4702777778E+00  0.7450765393E+05
  0.4705555556E+00  0.7450347347E+05
  0.4708333333E+00  0.7449929268E+05
  0.4711111111E+00  0.7449511233E+05
  0.4713888889E+00  0.7449093153E+05
  0.4716666667E+00  0.7448675117E+05
  0.4719444444E+00  0.7448257050E+05
  0.4722222222E+00  0.7447838994E+05
  0.4725000000E+00  0.7447420958E+05
  0.4727777778E+00  0.7447002879E+05
  0.4730555556E+00  0.7446584844E+05
  0.4733333333E+00  0.7446166775E+05
  0.4736111111E+00  0.7445748718E+05
  0.4738888889E+00  0.7445330650E+05
  0.4741666667E+00  0.7444912614E+05
  0.4744444444E+00  0.7444494536E+05
  0.4747222222E+00  0.7444076501E+05
  0.4750000000E+00  0.7443658422E+05
  0.4752777778E+00  0.7443955034E+05
  0.4755555556E+00  0.7444251612E+05
  0.4758333333E+00  0.7444548191E+05
  0.4761111111E+00  0.7444844770E+05
  0.4763888889E+00  0.7445141382E+05
  0.4766666667E+00  0.7445437961E+05
  0.4769444444E+00  0.7445734539E+05
  0.4772222222E+00  0.7446031151E+05
  0.4775000000E+00  0.7446327730E+05
  0.4777777778E+00  0.7446624309E+05
  0.4780555556E+00  0.7446920921E+05
  0.4783333333E+00  0.7447217498E+05
  0.4786111111E+00  0.7447514077E+05
  0.4788888889E+00  0.7447810689E+05
  0.4791666667E+00  0.7448107268E+05
  0.4794444444E+00  0.7448403848E+05
  0.4797222222E+00  0.7448700459E+05
  0.4800000000E+00  0.7448997038E+05
  0.4802777778E+00  0.7449790188E+05
  0.4805555556E+00  0.7450583347E+05
  0.4808333333E+00  0.7451376498E+05
  0.4811111111E+00  0.7452169657E+05
  0.4813888889E+00  0.7452962808E+05
  0.4816666667E+00  0.7453755956E+05
  0.4819444444E+00  0.7454549117E+05
  0.4822222222E+00  0.7455342266E+05
  0.4825000000E+00  0.7456135427E+05
  0.4827777778E+00  0.7456928565E+05
  0.4830555556E+00  0.7457721725E+05
  0.4833333333E+00  0.7458514885E+05
  0.4836111111E+00  0.7459308036E+05
  0.4838888889E+00  0.7460101184E+05
  0.4841666667E+00  0.7460894344E+05
  0.4844444444E+00  0.7461687494E+05
  0.4847222222E+00  0.7462480654E+05
  0.4850000000E+00  0.7463273770E+05
  0.4852777778E+00  0.7464316132E+05
  0.4855555556E+00  0.7465358506E+05
  0.4858333333E+00  0.7466400845E+05
  0.4861111111E+00  0.7467443207E+05
  0.4863888889E+00  0.7468485590E+05
  0.4866666667E+00  0.7469527930E+05
  0.4869444444E+00  0.7470570303E+05
  0.4872222222E+00  0.7471612665E+05
  0.4875000000E+00  0.7472655005E+05
  0.4877777778E+00  0.7473697378E+05
  0.4880555556E+00  0.7474739718E+05
  0.4883333333E+00  0.7475782081E+05
  0.4886111111E+00  0.7476824454E+05
  0.4888888889E+00  0.7477866794E+05
  0.4891666667E+00  0.7478909167E+05
  0.4894444444E+00  0.7479951529E+05
  0.4897222222E+00  0.7480993868E+05
  0.4900000000E+00  0.7482036242E+05
  0.4902777778E+00  0.7483069334E+05
  0.4905555556E+00  0.7484102460E+05
  0.4908333333E+00  0.7485135607E+05
  0.4911111111E+00  0.7486168700E+05
  0.4913888889E+00  0.7487201837E+05
  0.4916666667E+00  0.7488234929E+05
  0.4919444444E+00  0.7489268055E+05
  0.4922222222E+00  0.7490301159E+05
  0.4925000000E+00  0.7491334295E+05
  0.4927777778E+00  0.7492367387E+05
  0.4930555556E+00  0.7493400524E+05
  0.4933333333E+00  0.7494433650E+05
  0.4936111111E+00  0.7495466754E+05
  0.4938888889E+00  0.7496499890E+05
  0.4941666667E+00  0.7497532982E+05
  0.4944444444E+00  0.7498566120E+05
  0.4947222222E+00  0.7499599213E+05
  0.4950000000E+00  0.7500632339E+05
