  0.1027777778E-01  0.2236123303E+08
  0.1055555556E-01  0.2233814498E+08
  0.1083333333E-01  0.2231505692E+08
  0.1111111111E-01  0.2229196887E+08
  0.1138888889E-01  0.2226888070E+08
  0.1166666667E-01  0.2224579276E+08
  0.1194444444E-01  0.2222270460E+08
  0.1222222222E-01  0.2219961655E+08
  0.1250000000E-01  0.2217652859E+08
  0.1277777778E-01  0.2215344043E+08
  0.1305555556E-01  0.2213035205E+08
  0.1333333333E-01  0.2210726400E+08
  0.1361111111E-01  0.2208417593E+08
  0.1388888889E-01  0.2206108788E+08
  0.1416666667E-01  0.2203799973E+08
  0.1444444444E-01  0.2201491168E+08
  0.1472222222E-01  0.2199182372E+08
  0.1500000000E-01  0.2196873556E+08
  0.1527777778E-01  0.2193709367E+08
  0.1555555556E-01  0.2190545177E+08
  0.1583333333E-01  0.2187381009E+08
  0.1611111111E-01  0.2184216820E+08
  0.1638888889E-01  0.2181052630E+08
  0.1666666667E-01  0.2177888463E+08
  0.1694444444E-01  0.2174724273E+08
  0.1722222222E-01  0.2171560117E+08
  0.1750000000E-01  0.2168395918E+08
  0.1777777778E-01  0.2165231717E+08
  0.1805555556E-01  0.2162067560E+08
  0.1833333333E-01  0.2158903371E+08
  0.1861111111E-01  0.2155739170E+08
  0.1888888889E-01  0.2152575013E+08
  0.1916666667E-01  0.2149410824E+08
  0.1944444444E-01  0.2146246623E+08
  0.1972222222E-01  0.2143082468E+08
  0.2000000000E-01  0.2139918278E+08
  0.2027777778E-01  0.2135962455E+08
  0.2055555556E-01  0.2132006632E+08
  0.2083333333E-01  0.2128050766E+08
  0.2111111111E-01  0.2124094955E+08
  0.2138888889E-01  0.2120139131E+08
  0.2166666667E-01  0.2116183309E+08
  0.2194444444E-01  0.2112227486E+08
  0.2222222222E-01  0.2108271665E+08
  0.2250000000E-01  0.2104315808E+08
  0.2277777778E-01  0.2100359986E+08
  0.2305555556E-01  0.2096404163E+08
  0.2333333333E-01  0.2092448341E+08
  0.2361111111E-01  0.2088492518E+08
  0.2388888889E-01  0.2084536663E+08
  0.2416666667E-01  0.2080580839E+08
  0.2444444444E-01  0.2076625018E+08
  0.2472222222E-01  0.2072669194E+08
  0.2500000000E-01  0.2068713373E+08
  0.2527777778E-01  0.2064045656E+08
  0.2555555556E-01  0.2059377940E+08
  0.2583333333E-01  0.2054710256E+08
  0.2611111111E-01  0.2050042540E+08
  0.2638888889E-01  0.2045374824E+08
  0.2666666667E-01  0.2040707107E+08
  0.2694444444E-01  0.2036039424E+08
  0.2722222222E-01  0.2031371709E+08
  0.2750000000E-01  0.2026703992E+08
  0.2777777778E-01  0.2022036276E+08
  0.2805555556E-01  0.2017368592E+08
  0.2833333333E-01  0.2012700877E+08
  0.2861111111E-01  0.2008033149E+08
  0.2888888889E-01  0.2003365433E+08
  0.2916666667E-01  0.1998697750E+08
  0.2944444444E-01  0.1994030034E+08
  0.2972222222E-01  0.1989362318E+08
  0.3000000000E-01  0.1984694602E+08
  0.3027777778E-01  0.1979407964E+08
  0.3055555556E-01  0.1974121360E+08
  0.3083333333E-01  0.1968834722E+08
  0.3111111111E-01  0.1963548074E+08
  0.3138888889E-01  0.1958261437E+08
  0.3166666667E-01  0.1952974800E+08
  0.3194444444E-01  0.1947688162E+08
  0.3222222222E-01  0.1942401514E+08
  0.3250000000E-01  0.1937114888E+08
  0.3277777778E-01  0.1931828240E+08
  0.3305555556E-01  0.1926541602E+08
  0.3333333333E-01  0.1921254999E+08
  0.3361111111E-01  0.1915968361E+08
  0.3388888889E-01  0.1910681713E+08
  0.3416666667E-01  0.1905395075E+08
  0.3444444444E-01  0.1900108437E+08
  0.3472222222E-01  0.1894821800E+08
  0.3500000000E-01  0.1889535152E+08
  0.3527777778E-01  0.1883730342E+08
  0.3555555556E-01  0.1877925574E+08
  0.3583333333E-01  0.1872120764E+08
  0.3611111111E-01  0.1866315953E+08
  0.3638888889E-01  0.1860511175E+08
  0.3666666667E-01  0.1854706374E+08
  0.3694444444E-01  0.1848901563E+08
  0.3722222222E-01  0.1843096787E+08
  0.3750000000E-01  0.1837291986E+08
  0.3777777778E-01  0.1831487208E+08
  0.3805555556E-01  0.1825682398E+08
  0.3833333333E-01  0.1819877597E+08
  0.3861111111E-01  0.1814072819E+08
  0.3888888889E-01  0.1808268008E+08
  0.3916666667E-01  0.1802463197E+08
  0.3944444444E-01  0.1796658431E+08
  0.3972222222E-01  0.1790853620E+08
  0.4000000000E-01  0.1785048808E+08
  0.4027777778E-01  0.1778834579E+08
  0.4055555556E-01  0.1772620317E+08
  0.4083333333E-01  0.1766406066E+08
  0.4111111111E-01  0.1760191836E+08
  0.4138888889E-01  0.1753977574E+08
  0.4166666667E-01  0.1747763323E+08
  0.4194444444E-01  0.1741549084E+08
  0.4222222222E-01  0.1735334821E+08
  0.4250000000E-01  0.1729120570E+08
  0.4277777778E-01  0.1722906341E+08
  0.4305555556E-01  0.1716692090E+08
  0.4333333333E-01  0.1710477827E+08
  0.4361111111E-01  0.1704263598E+08
  0.4388888889E-01  0.1698049337E+08
  0.4416666667E-01  0.1691835075E+08
  0.4444444444E-01  0.1685620846E+08
  0.4472222222E-01  0.1679406594E+08
  0.4500000000E-01  0.1673192332E+08
  0.4527777778E-01  0.1666680359E+08
  0.4555555556E-01  0.1660168354E+08
  0.4583333333E-01  0.1653656349E+08
  0.4611111111E-01  0.1647144376E+08
  0.4638888889E-01  0.1640632371E+08
  0.4666666667E-01  0.1634120366E+08
  0.4694444444E-01  0.1627608394E+08
  0.4722222222E-01  0.1621096388E+08
  0.4750000000E-01  0.1614584383E+08
  0.4777777778E-01  0.1608072411E+08
  0.4805555556E-01  0.1601560406E+08
  0.4833333333E-01  0.1595048400E+08
  0.4861111111E-01  0.1588536428E+08
  0.4888888889E-01  0.1582024433E+08
  0.4916666667E-01  0.1575512417E+08
  0.4944444444E-01  0.1569000445E+08
  0.4972222222E-01  0.1562488439E+08
  0.5000000000E-01  0.1555976479E+08
  0.5027777778E-01  0.1549278637E+08
  0.5055555556E-01  0.1542580807E+08
  0.5083333333E-01  0.1535882978E+08
  0.5111111111E-01  0.1529185181E+08
  0.5138888889E-01  0.1522487362E+08
  0.5166666667E-01  0.1515789532E+08
  0.5194444444E-01  0.1509091736E+08
  0.5222222222E-01  0.1502393906E+08
  0.5250000000E-01  0.1495696075E+08
  0.5277777778E-01  0.1488998278E+08
  0.5305555556E-01  0.1482300448E+08
  0.5333333333E-01  0.1475602619E+08
  0.5361111111E-01  0.1468904799E+08
  0.5388888889E-01  0.1462207003E+08
  0.5416666667E-01  0.1455509173E+08
  0.5444444444E-01  0.1448811343E+08
  0.5472222222E-01  0.1442113535E+08
  0.5500000000E-01  0.1435415715E+08
  0.5527777778E-01  0.1428641061E+08
  0.5555555556E-01  0.1421866395E+08
  0.5583333333E-01  0.1415091741E+08
  0.5611111111E-01  0.1408317108E+08
  0.5638888889E-01  0.1401542454E+08
  0.5666666667E-01  0.1394767788E+08
  0.5694444444E-01  0.1387993133E+08
  0.5722222222E-01  0.1381218467E+08
  0.5750000000E-01  0.1374443812E+08
  0.5777777778E-01  0.1367669190E+08
  0.5805555556E-01  0.1360894536E+08
  0.5833333333E-01  0.1354119870E+08
  0.5861111111E-01  0.1347345215E+08
  0.5888888889E-01  0.1340570549E+08
  0.5916666667E-01  0.1333795894E+08
  0.5944444444E-01  0.1327021229E+08
  0.5972222222E-01  0.1320246608E+08
  0.6000000000E-01  0.1313471942E+08
  0.6027777778E-01  0.1306724434E+08
  0.6055555556E-01  0.1299976906E+08
  0.6083333333E-01  0.1293229388E+08
  0.6111111111E-01  0.1286481860E+08
  0.6138888889E-01  0.1279734353E+08
  0.6166666667E-01  0.1272986824E+08
  0.6194444444E-01  0.1266239306E+08
  0.6222222222E-01  0.1259491788E+08
  0.6250000000E-01  0.1252744271E+08
  0.6277777778E-01  0.1245996742E+08
  0.6305555556E-01  0.1239249224E+08
  0.6333333333E-01  0.1232501696E+08
  0.6361111111E-01  0.1225754167E+08
  0.6388888889E-01  0.1219006650E+08
  0.6416666667E-01  0.1212259131E+08
  0.6444444444E-01  0.1205511611E+08
  0.6472222222E-01  0.1198764082E+08
  0.6500000000E-01  0.1192016565E+08
  0.6527777778E-01  0.1185391873E+08
  0.6555555556E-01  0.1178767172E+08
  0.6583333333E-01  0.1172142477E+08
  0.6611111111E-01  0.1165517776E+08
  0.6638888889E-01  0.1158893082E+08
  0.6666666667E-01  0.1152268380E+08
  0.6694444444E-01  0.1145643689E+08
  0.6722222222E-01  0.1139018984E+08
  0.6750000000E-01  0.1132394293E+08
  0.6777777778E-01  0.1125769592E+08
  0.6805555556E-01  0.1119144897E+08
  0.6833333333E-01  0.1112520196E+08
  0.6861111111E-01  0.1105895505E+08
  0.6888888889E-01  0.1099270800E+08
  0.6916666667E-01  0.1092646099E+08
  0.6944444444E-01  0.1086021404E+08
  0.6972222222E-01  0.1079396703E+08
  0.7000000000E-01  0.1072772012E+08
  0.7027777778E-01  0.1066356116E+08
  0.7055555556E-01  0.1059940230E+08
  0.7083333333E-01  0.1053524334E+08
  0.7111111111E-01  0.1047108448E+08
  0.7138888889E-01  0.1040692558E+08
  0.7166666667E-01  0.1034276672E+08
  0.7194444444E-01  0.1027860775E+08
  0.7222222222E-01  0.1021444880E+08
  0.7250000000E-01  0.1015028993E+08
  0.7277777778E-01  0.1008613097E+08
  0.7305555556E-01  0.1002197211E+08
  0.7333333333E-01  0.9957813176E+07
  0.7361111111E-01  0.9893654318E+07
  0.7388888889E-01  0.9829495356E+07
  0.7416666667E-01  0.9765336498E+07
  0.7444444444E-01  0.9701177536E+07
  0.7472222222E-01  0.9637018567E+07
  0.7500000000E-01  0.9572859705E+07
  0.7527777778E-01  0.9511530332E+07
  0.7555555556E-01  0.9450200860E+07
  0.7583333333E-01  0.9388871484E+07
  0.7611111111E-01  0.9327542123E+07
  0.7638888889E-01  0.9266212652E+07
  0.7666666667E-01  0.9204883276E+07
  0.7694444444E-01  0.9143553904E+07
  0.7722222222E-01  0.9082224498E+07
  0.7750000000E-01  0.9020895022E+07
  0.7777777778E-01  0.8959565650E+07
  0.7805555556E-01  0.8898236278E+07
  0.7833333333E-01  0.8836906802E+07
  0.7861111111E-01  0.8775577430E+07
  0.7888888889E-01  0.8714248068E+07
  0.7916666667E-01  0.8652918694E+07
  0.7944444444E-01  0.8591589188E+07
  0.7972222222E-01  0.8530259815E+07
  0.8000000000E-01  0.8468930441E+07
  0.8027777778E-01  0.8411049061E+07
  0.8055555556E-01  0.8353167614E+07
  0.8083333333E-01  0.8295286233E+07
  0.8111111111E-01  0.8237404842E+07
  0.8138888889E-01  0.8179523495E+07
  0.8166666667E-01  0.8121642115E+07
  0.8194444444E-01  0.8063760734E+07
  0.8222222222E-01  0.8005879388E+07
  0.8250000000E-01  0.7947997907E+07
  0.8277777778E-01  0.7890116527E+07
  0.8305555556E-01  0.7832235146E+07
  0.8333333333E-01  0.7774353799E+07
  0.8361111111E-01  0.7716472419E+07
  0.8388888889E-01  0.7658591027E+07
  0.8416666667E-01  0.7600709680E+07
  0.8444444444E-01  0.7542828299E+07
  0.8472222222E-01  0.7484946820E+07
  0.8500000000E-01  0.7427065439E+07
  0.8527777778E-01  0.7373115477E+07
  0.8555555556E-01  0.7319165480E+07
  0.8583333333E-01  0.7265215485E+07
  0.8611111111E-01  0.7211265378E+07
  0.8638888889E-01  0.7157315415E+07
  0.8666666667E-01  0.7103365420E+07
  0.8694444444E-01  0.7049415423E+07
  0.8722222222E-01  0.6995465461E+07
  0.8750000000E-01  0.6941515365E+07
  0.8777777778E-01  0.6887565358E+07
  0.8805555556E-01  0.6833615362E+07
  0.8833333333E-01  0.6779665400E+07
  0.8861111111E-01  0.6725715404E+07
  0.8888888889E-01  0.6671765408E+07
  0.8916666667E-01  0.6617815312E+07
  0.8944444444E-01  0.6563865338E+07
  0.8972222222E-01  0.6509915343E+07
  0.9000000000E-01  0.6455965346E+07
  0.9027777778E-01  0.6406298006E+07
  0.9055555556E-01  0.6356630621E+07
  0.9083333333E-01  0.6306963247E+07
  0.9111111111E-01  0.6257295906E+07
  0.9138888889E-01  0.6207628522E+07
  0.9166666667E-01  0.6157961148E+07
  0.9194444444E-01  0.6108293908E+07
  0.9222222222E-01  0.6058626522E+07
  0.9250000000E-01  0.6008959149E+07
  0.9277777778E-01  0.5959291797E+07
  0.9305555556E-01  0.5909624424E+07
  0.9333333333E-01  0.5859957049E+07
  0.9361111111E-01  0.5810289698E+07
  0.9388888889E-01  0.5760622324E+07
  0.9416666667E-01  0.5710955050E+07
  0.9444444444E-01  0.5661287699E+07
  0.9472222222E-01  0.5611620325E+07
  0.9500000000E-01  0.5561952985E+07
  0.9527777778E-01  0.5516789289E+07
  0.9555555556E-01  0.5471625738E+07
  0.9583333333E-01  0.5426462176E+07
  0.9611111111E-01  0.5381298526E+07
  0.9638888889E-01  0.5336134953E+07
  0.9666666667E-01  0.5290971362E+07
  0.9694444444E-01  0.5245807761E+07
  0.9722222222E-01  0.5200644136E+07
  0.9750000000E-01  0.5155480534E+07
  0.9777777778E-01  0.5110316943E+07
  0.9805555556E-01  0.5065153351E+07
  0.9833333333E-01  0.5019989760E+07
  0.9861111111E-01  0.4974826158E+07
  0.9888888889E-01  0.4929662523E+07
  0.9916666667E-01  0.4884498932E+07
  0.9944444444E-01  0.4839335330E+07
  0.9972222222E-01  0.4794171739E+07
  0.1000000000E+00  0.4749008137E+07
  0.1002777778E+00  0.4708443398E+07
  0.1005555556E+00  0.4667878680E+07
  0.1008333333E+00  0.4627313954E+07
  0.1011111111E+00  0.4586749203E+07
  0.1013888889E+00  0.4546184497E+07
  0.1016666667E+00  0.4505619745E+07
  0.1019444444E+00  0.4465055019E+07
  0.1022222222E+00  0.4424490268E+07
  0.1025000000E+00  0.4383925562E+07
  0.1027777778E+00  0.4343360802E+07
  0.1030555556E+00  0.4302796084E+07
  0.1033333333E+00  0.4262231368E+07
  0.1036111111E+00  0.4221666628E+07
  0.1038888889E+00  0.4181101901E+07
  0.1041666667E+00  0.4140537151E+07
  0.1044444444E+00  0.4099972434E+07
  0.1047222222E+00  0.4059407684E+07
  0.1050000000E+00  0.4018842967E+07
  0.1052777778E+00  0.3982864016E+07
  0.1055555556E+00  0.3946885011E+07
  0.1058333333E+00  0.3910906049E+07
  0.1061111111E+00  0.3874927098E+07
  0.1063888889E+00  0.3838948104E+07
  0.1066666667E+00  0.3802969152E+07
  0.1069444444E+00  0.3766990157E+07
  0.1072222222E+00  0.3731011207E+07
  0.1075000000E+00  0.3695032245E+07
  0.1077777778E+00  0.3659053239E+07
  0.1080555556E+00  0.3623074288E+07
  0.1083333333E+00  0.3587095327E+07
  0.1086111111E+00  0.3551116342E+07
  0.1088888889E+00  0.3515137381E+07
  0.1091666667E+00  0.3479158429E+07
  0.1094444444E+00  0.3443179435E+07
  0.1097222222E+00  0.3407200473E+07
  0.1100000000E+00  0.3371221478E+07
  0.1102777778E+00  0.3339712312E+07
  0.1105555556E+00  0.3308203135E+07
  0.1108333333E+00  0.3276693958E+07
  0.1111111111E+00  0.3245184792E+07
  0.1113888889E+00  0.3213675615E+07
  0.1116666667E+00  0.3182166438E+07
  0.1119444444E+00  0.3150657273E+07
  0.1122222222E+00  0.3119148096E+07
  0.1125000000E+00  0.3087638919E+07
  0.1127777778E+00  0.3056129753E+07
  0.1130555556E+00  0.3024620586E+07
  0.1133333333E+00  0.2993111409E+07
  0.1136111111E+00  0.2961602232E+07
  0.1138888889E+00  0.2930093066E+07
  0.1141666667E+00  0.2898583889E+07
  0.1144444444E+00  0.2867074712E+07
  0.1147222222E+00  0.2835565546E+07
  0.1150000000E+00  0.2804056369E+07
  0.1152777778E+00  0.2776818468E+07
  0.1155555556E+00  0.2749580565E+07
  0.1158333333E+00  0.2722342652E+07
  0.1161111111E+00  0.2695104750E+07
  0.1163888889E+00  0.2667866838E+07
  0.1166666667E+00  0.2640628912E+07
  0.1169444444E+00  0.2613391000E+07
  0.1172222222E+00  0.2586153098E+07
  0.1175000000E+00  0.2558915195E+07
  0.1177777778E+00  0.2531677294E+07
  0.1180555556E+00  0.2504439381E+07
  0.1183333333E+00  0.2477201478E+07
  0.1186111111E+00  0.2449963576E+07
  0.1188888889E+00  0.2422725664E+07
  0.1191666667E+00  0.2395487772E+07
  0.1194444444E+00  0.2368249859E+07
  0.1197222222E+00  0.2341011924E+07
  0.1200000000E+00  0.2313774021E+07
  0.1202777778E+00  0.2290540674E+07
  0.1205555556E+00  0.2267307327E+07
  0.1208333333E+00  0.2244073967E+07
  0.1211111111E+00  0.2220840620E+07
  0.1213888889E+00  0.2197607283E+07
  0.1216666667E+00  0.2174373902E+07
  0.1219444444E+00  0.2151140565E+07
  0.1222222222E+00  0.2127907218E+07
  0.1225000000E+00  0.2104673847E+07
  0.1227777778E+00  0.2081440500E+07
  0.1230555556E+00  0.2058207140E+07
  0.1233333333E+00  0.2034973793E+07
  0.1236111111E+00  0.2011740456E+07
  0.1238888889E+00  0.1988507075E+07
  0.1241666667E+00  0.1965273738E+07
  0.1244444444E+00  0.1942040391E+07
  0.1247222222E+00  0.1918807020E+07
  0.1250000000E+00  0.1895573673E+07
  0.1252777778E+00  0.1876026485E+07
  0.1255555556E+00  0.1856479276E+07
  0.1258333333E+00  0.1836932055E+07
  0.1261111111E+00  0.1817384847E+07
  0.1263888889E+00  0.1797837648E+07
  0.1266666667E+00  0.1778290450E+07
  0.1269444444E+00  0.1758743251E+07
  0.1272222222E+00  0.1739196064E+07
  0.1275000000E+00  0.1719648822E+07
  0.1277777778E+00  0.1700101623E+07
  0.1280555556E+00  0.1680554425E+07
  0.1283333333E+00  0.1661007227E+07
  0.1286111111E+00  0.1641460029E+07
  0.1288888889E+00  0.1621912797E+07
  0.1291666667E+00  0.1602365588E+07
  0.1294444444E+00  0.1582818401E+07
  0.1297222222E+00  0.1563271202E+07
  0.1300000000E+00  0.1543724004E+07
  0.1302777778E+00  0.1527510616E+07
  0.1305555556E+00  0.1511297228E+07
  0.1308333333E+00  0.1495083851E+07
  0.1311111111E+00  0.1478870462E+07
  0.1313888889E+00  0.1462657064E+07
  0.1316666667E+00  0.1446443676E+07
  0.1319444444E+00  0.1430230299E+07
  0.1322222222E+00  0.1414016910E+07
  0.1325000000E+00  0.1397803522E+07
  0.1327777778E+00  0.1381590145E+07
  0.1330555556E+00  0.1365376747E+07
  0.1333333333E+00  0.1349163358E+07
  0.1336111111E+00  0.1332949970E+07
  0.1338888889E+00  0.1316736593E+07
  0.1341666667E+00  0.1300523205E+07
  0.1344444444E+00  0.1284309816E+07
  0.1347222222E+00  0.1268096439E+07
  0.1350000000E+00  0.1251883041E+07
  0.1352777778E+00  0.1238630992E+07
  0.1355555556E+00  0.1225378944E+07
  0.1358333333E+00  0.1212126940E+07
  0.1361111111E+00  0.1198874881E+07
  0.1363888889E+00  0.1185622843E+07
  0.1366666667E+00  0.1172370795E+07
  0.1369444444E+00  0.1159118780E+07
  0.1372222222E+00  0.1145866732E+07
  0.1375000000E+00  0.1132614694E+07
  0.1377777778E+00  0.1119362668E+07
  0.1380555556E+00  0.1106110621E+07
  0.1383333333E+00  0.1092858583E+07
  0.1386111111E+00  0.1079606557E+07
  0.1388888889E+00  0.1066354519E+07
  0.1391666667E+00  0.1053102472E+07
  0.1394444444E+00  0.1039850423E+07
  0.1397222222E+00  0.1026598408E+07
  0.1400000000E+00  0.1013346370E+07
  0.1402777778E+00  0.1002678355E+07
  0.1405555556E+00  0.9920103286E+06
  0.1408333333E+00  0.9813422794E+06
  0.1411111111E+00  0.9706742635E+06
  0.1413888889E+00  0.9600062476E+06
  0.1416666667E+00  0.9493382084E+06
  0.1419444444E+00  0.9386701825E+06
  0.1422222222E+00  0.9280021499E+06
  0.1425000000E+00  0.9173341239E+06
  0.1427777778E+00  0.9066660980E+06
  0.1430555556E+00  0.8959980721E+06
  0.1433333333E+00  0.8853300462E+06
  0.1436111111E+00  0.8746620203E+06
  0.1438888889E+00  0.8639939944E+06
  0.1441666667E+00  0.8533259585E+06
  0.1444444444E+00  0.8426579326E+06
  0.1447222222E+00  0.8319899067E+06
  0.1450000000E+00  0.8213218808E+06
  0.1452777778E+00  0.8128673692E+06
  0.1455555556E+00  0.8044128363E+06
  0.1458333333E+00  0.7959583201E+06
  0.1461111111E+00  0.7875038040E+06
  0.1463888889E+00  0.7790492856E+06
  0.1466666667E+00  0.7705947594E+06
  0.1469444444E+00  0.7621402433E+06
  0.1472222222E+00  0.7536857237E+06
  0.1475000000E+00  0.7452312086E+06
  0.1477777778E+00  0.7367766824E+06
  0.1480555556E+00  0.7283221629E+06
  0.1483333333E+00  0.7198676467E+06
  0.1486111111E+00  0.7114131184E+06
  0.1488888889E+00  0.7029586022E+06
  0.1491666667E+00  0.6945040860E+06
  0.1494444444E+00  0.6860495665E+06
  0.1497222222E+00  0.6775950415E+06
  0.1500000000E+00  0.6691405219E+06
  0.1502777778E+00  0.6625459655E+06
  0.1505555556E+00  0.6559514156E+06
  0.1508333333E+00  0.6493568559E+06
  0.1511111111E+00  0.6427622961E+06
  0.1513888889E+00  0.6361677451E+06
  0.1516666667E+00  0.6295731854E+06
  0.1519444444E+00  0.6229786256E+06
  0.1522222222E+00  0.6163840758E+06
  0.1525000000E+00  0.6097895194E+06
  0.1527777778E+00  0.6031949596E+06
  0.1530555556E+00  0.5966004098E+06
  0.1533333333E+00  0.5900058500E+06
  0.1536111111E+00  0.5834112902E+06
  0.1538888889E+00  0.5768167393E+06
  0.1541666667E+00  0.5702221795E+06
  0.1544444444E+00  0.5636276197E+06
  0.1547222222E+00  0.5570330633E+06
  0.1550000000E+00  0.5504385135E+06
  0.1552777778E+00  0.5453756355E+06
  0.1555555556E+00  0.5403127566E+06
  0.1558333333E+00  0.5352498886E+06
  0.1561111111E+00  0.5301870107E+06
  0.1563888889E+00  0.5251241328E+06
  0.1566666667E+00  0.5200612638E+06
  0.1569444444E+00  0.5149983892E+06
  0.1572222222E+00  0.5099355113E+06
  0.1575000000E+00  0.5048726423E+06
  0.1577777778E+00  0.4998097644E+06
  0.1580555556E+00  0.4947468864E+06
  0.1583333333E+00  0.4896840175E+06
  0.1586111111E+00  0.4846211396E+06
  0.1588888889E+00  0.4795582650E+06
  0.1591666667E+00  0.4744953860E+06
  0.1594444444E+00  0.4694325181E+06
  0.1597222222E+00  0.4643696402E+06
  0.1600000000E+00  0.4593067622E+06
  0.1602777778E+00  0.4554783873E+06
  0.1605555556E+00  0.4516500024E+06
  0.1608333333E+00  0.4478216174E+06
  0.1611111111E+00  0.4439932436E+06
  0.1613888889E+00  0.4401648587E+06
  0.1616666667E+00  0.4363364804E+06
  0.1619444444E+00  0.4325080966E+06
  0.1622222222E+00  0.4286797117E+06
  0.1625000000E+00  0.4248513337E+06
  0.1627777778E+00  0.4210229539E+06
  0.1630555556E+00  0.4171945720E+06
  0.1633333333E+00  0.4133661911E+06
  0.1636111111E+00  0.4095378079E+06
  0.1638888889E+00  0.4057094260E+06
  0.1641666667E+00  0.4018810450E+06
  0.1644444444E+00  0.3980526652E+06
  0.1647222222E+00  0.3942242843E+06
  0.1650000000E+00  0.3903959024E+06
  0.1652777778E+00  0.3875391157E+06
  0.1655555556E+00  0.3846823259E+06
  0.1658333333E+00  0.3818255383E+06
  0.1661111111E+00  0.3789687518E+06
  0.1663888889E+00  0.3761119652E+06
  0.1666666667E+00  0.3732551777E+06
  0.1669444444E+00  0.3703983877E+06
  0.1672222222E+00  0.3675416012E+06
  0.1675000000E+00  0.3646848136E+06
  0.1677777778E+00  0.3618280270E+06
  0.1680555556E+00  0.3589712404E+06
  0.1683333333E+00  0.3561144507E+06
  0.1686111111E+00  0.3532576641E+06
  0.1688888889E+00  0.3504008776E+06
  0.1691666667E+00  0.3475440899E+06
  0.1694444444E+00  0.3446873001E+06
  0.1697222222E+00  0.3418305135E+06
  0.1700000000E+00  0.3389737259E+06
  0.1702777778E+00  0.3368624345E+06
  0.1705555556E+00  0.3347511419E+06
  0.1708333333E+00  0.3326398516E+06
  0.1711111111E+00  0.3305285568E+06
  0.1713888889E+00  0.3284172643E+06
  0.1716666667E+00  0.3263059739E+06
  0.1719444444E+00  0.3241946814E+06
  0.1722222222E+00  0.3220833899E+06
  0.1725000000E+00  0.3199720974E+06
  0.1727777778E+00  0.3178608037E+06
  0.1730555556E+00  0.3157495112E+06
  0.1733333333E+00  0.3136382199E+06
  0.1736111111E+00  0.3115269295E+06
  0.1738888889E+00  0.3094156370E+06
  0.1741666667E+00  0.3073043455E+06
  0.1744444444E+00  0.3051930541E+06
  0.1747222222E+00  0.3030817593E+06
  0.1750000000E+00  0.3009704668E+06
  0.1752777778E+00  0.2994148436E+06
  0.1755555556E+00  0.2978592171E+06
  0.1758333333E+00  0.2963035896E+06
  0.1761111111E+00  0.2947479653E+06
  0.1763888889E+00  0.2931923387E+06
  0.1766666667E+00  0.2916367155E+06
  0.1769444444E+00  0.2900810879E+06
  0.1772222222E+00  0.2885254615E+06
  0.1775000000E+00  0.2869698383E+06
  0.1777777778E+00  0.2854142096E+06
  0.1780555556E+00  0.2838585864E+06
  0.1783333333E+00  0.2823029600E+06
  0.1786111111E+00  0.2807473334E+06
  0.1788888889E+00  0.2791917092E+06
  0.1791666667E+00  0.2776360816E+06
  0.1794444444E+00  0.2760804584E+06
  0.1797222222E+00  0.2745248309E+06
  0.1800000000E+00  0.2729692044E+06
  0.1802777778E+00  0.2718143800E+06
  0.1805555556E+00  0.2706595591E+06
  0.1808333333E+00  0.2695047347E+06
  0.1811111111E+00  0.2683499115E+06
  0.1813888889E+00  0.2671950872E+06
  0.1816666667E+00  0.2660402619E+06
  0.1819444444E+00  0.2648854376E+06
  0.1822222222E+00  0.2637306133E+06
  0.1825000000E+00  0.2625757889E+06
  0.1827777778E+00  0.2614209691E+06
  0.1830555556E+00  0.2602661447E+06
  0.1833333333E+00  0.2591113204E+06
  0.1836111111E+00  0.2579564961E+06
  0.1838888889E+00  0.2568016708E+06
  0.1841666667E+00  0.2556468465E+06
  0.1844444444E+00  0.2544920233E+06
  0.1847222222E+00  0.2533371990E+06
  0.1850000000E+00  0.2521823780E+06
  0.1852777778E+00  0.2513060577E+06
  0.1855555556E+00  0.2504297385E+06
  0.1858333333E+00  0.2495534193E+06
  0.1861111111E+00  0.2486771013E+06
  0.1863888889E+00  0.2478007821E+06
  0.1866666667E+00  0.2469244618E+06
  0.1869444444E+00  0.2460481459E+06
  0.1872222222E+00  0.2451718256E+06
  0.1875000000E+00  0.2442955064E+06
  0.1877777778E+00  0.2434191895E+06
  0.1880555556E+00  0.2425428703E+06
  0.1883333333E+00  0.2416665511E+06
  0.1886111111E+00  0.2407902298E+06
  0.1888888889E+00  0.2399139139E+06
  0.1891666667E+00  0.2390375936E+06
  0.1894444444E+00  0.2381612744E+06
  0.1897222222E+00  0.2372849574E+06
  0.1900000000E+00  0.2364086382E+06
  0.1902777778E+00  0.2357176335E+06
  0.1905555556E+00  0.2350266244E+06
  0.1908333333E+00  0.2343356197E+06
  0.1911111111E+00  0.2336446150E+06
  0.1913888889E+00  0.2329536069E+06
  0.1916666667E+00  0.2322626022E+06
  0.1919444444E+00  0.2315715974E+06
  0.1922222222E+00  0.2308805893E+06
  0.1925000000E+00  0.2301895836E+06
  0.1927777778E+00  0.2294985755E+06
  0.1930555556E+00  0.2288075708E+06
  0.1933333333E+00  0.2281165660E+06
  0.1936111111E+00  0.2274255580E+06
  0.1938888889E+00  0.2267345532E+06
  0.1941666667E+00  0.2260435485E+06
  0.1944444444E+00  0.2253525394E+06
  0.1947222222E+00  0.2246615347E+06
  0.1950000000E+00  0.2239705311E+06
  0.1952777778E+00  0.2233969177E+06
  0.1955555556E+00  0.2228233068E+06
  0.1958333333E+00  0.2222496968E+06
  0.1961111111E+00  0.2216760880E+06
  0.1963888889E+00  0.2211024736E+06
  0.1966666667E+00  0.2205288637E+06
  0.1969444444E+00  0.2199552527E+06
  0.1972222222E+00  0.2193816405E+06
  0.1975000000E+00  0.2188080305E+06
  0.1977777778E+00  0.2182344195E+06
  0.1980555556E+00  0.2176608073E+06
  0.1983333333E+00  0.2170871974E+06
  0.1986111111E+00  0.2165135864E+06
  0.1988888889E+00  0.2159399731E+06
  0.1991666667E+00  0.2153663642E+06
  0.1994444444E+00  0.2147927533E+06
  0.1997222222E+00  0.2142191433E+06
  0.2000000000E+00  0.2136455290E+06
  0.2002777778E+00  0.2131423675E+06
  0.2005555556E+00  0.2126392061E+06
  0.2008333333E+00  0.2121360437E+06
  0.2011111111E+00  0.2116328811E+06
  0.2013888889E+00  0.2111297197E+06
  0.2016666667E+00  0.2106265583E+06
  0.2019444444E+00  0.2101233958E+06
  0.2022222222E+00  0.2096202333E+06
  0.2025000000E+00  0.2091170685E+06
  0.2027777778E+00  0.2086139061E+06
  0.2030555556E+00  0.2081107447E+06
  0.2033333333E+00  0.2076075822E+06
  0.2036111111E+00  0.2071044197E+06
  0.2038888889E+00  0.2066012583E+06
  0.2041666667E+00  0.2060980958E+06
  0.2044444444E+00  0.2055949333E+06
  0.2047222222E+00  0.2050917719E+06
  0.2050000000E+00  0.2045886105E+06
  0.2052777778E+00  0.2041260483E+06
  0.2055555556E+00  0.2036634873E+06
  0.2058333333E+00  0.2032009252E+06
  0.2061111111E+00  0.2027383685E+06
  0.2063888889E+00  0.2022758064E+06
  0.2066666667E+00  0.2018132454E+06
  0.2069444444E+00  0.2013506832E+06
  0.2072222222E+00  0.2008881222E+06
  0.2075000000E+00  0.2004255611E+06
  0.2077777778E+00  0.1999630034E+06
  0.2080555556E+00  0.1995004413E+06
  0.2083333333E+00  0.1990378803E+06
  0.2086111111E+00  0.1985753181E+06
  0.2088888889E+00  0.1981127581E+06
  0.2091666667E+00  0.1976501993E+06
  0.2094444444E+00  0.1971876383E+06
  0.2097222222E+00  0.1967250762E+06
  0.2100000000E+00  0.1962625152E+06
  0.2102777778E+00  0.1958237462E+06
  0.2105555556E+00  0.1953849739E+06
  0.2108333333E+00  0.1949462016E+06
  0.2111111111E+00  0.1945074326E+06
  0.2113888889E+00  0.1940686603E+06
  0.2116666667E+00  0.1936298880E+06
  0.2119444444E+00  0.1931911190E+06
  0.2122222222E+00  0.1927523467E+06
  0.2125000000E+00  0.1923135777E+06
  0.2127777778E+00  0.1918748054E+06
  0.2130555556E+00  0.1914360331E+06
  0.2133333333E+00  0.1909972641E+06
  0.2136111111E+00  0.1905584918E+06
  0.2138888889E+00  0.1901197194E+06
  0.2141666667E+00  0.1896809516E+06
  0.2144444444E+00  0.1892421793E+06
  0.2147222222E+00  0.1888034103E+06
  0.2150000000E+00  0.1883646380E+06
  0.2152777778E+00  0.1879421707E+06
  0.2155555556E+00  0.1875197057E+06
  0.2158333333E+00  0.1870972408E+06
  0.2161111111E+00  0.1866747735E+06
  0.2163888889E+00  0.1862523086E+06
  0.2166666667E+00  0.1858298403E+06
  0.2169444444E+00  0.1854073763E+06
  0.2172222222E+00  0.1849849114E+06
  0.2175000000E+00  0.1845624431E+06
  0.2177777778E+00  0.1841399791E+06
  0.2180555556E+00  0.1837175109E+06
  0.2183333333E+00  0.1832950459E+06
  0.2186111111E+00  0.1828725786E+06
  0.2188888889E+00  0.1824501137E+06
  0.2191666667E+00  0.1820276487E+06
  0.2194444444E+00  0.1816051814E+06
  0.2197222222E+00  0.1811827165E+06
  0.2200000000E+00  0.1807602482E+06
  0.2202777778E+00  0.1803530719E+06
  0.2205555556E+00  0.1799458956E+06
  0.2208333333E+00  0.1795387205E+06
  0.2211111111E+00  0.1791315432E+06
  0.2213888889E+00  0.1787243669E+06
  0.2216666667E+00  0.1783171918E+06
  0.2219444444E+00  0.1779100145E+06
  0.2222222222E+00  0.1775028382E+06
  0.2225000000E+00  0.1770956619E+06
  0.2227777778E+00  0.1766884834E+06
  0.2230555556E+00  0.1762813061E+06
  0.2233333333E+00  0.1758741298E+06
  0.2236111111E+00  0.1754669547E+06
  0.2238888889E+00  0.1750597774E+06
  0.2241666667E+00  0.1746526011E+06
  0.2244444444E+00  0.1742454259E+06
  0.2247222222E+00  0.1738382497E+06
  0.2250000000E+00  0.1734310724E+06
  0.2252777778E+00  0.1730416966E+06
  0.2255555556E+00  0.1726523198E+06
  0.2258333333E+00  0.1722629463E+06
  0.2261111111E+00  0.1718735706E+06
  0.2263888889E+00  0.1714841937E+06
  0.2266666667E+00  0.1710948169E+06
  0.2269444444E+00  0.1707054412E+06
  0.2272222222E+00  0.1703160676E+06
  0.2275000000E+00  0.1699266908E+06
  0.2277777778E+00  0.1695373140E+06
  0.2280555556E+00  0.1691479382E+06
  0.2283333333E+00  0.1687585647E+06
  0.2286111111E+00  0.1683691879E+06
  0.2288888889E+00  0.1679798121E+06
  0.2291666667E+00  0.1675904353E+06
  0.2294444444E+00  0.1672010618E+06
  0.2297222222E+00  0.1668116861E+06
  0.2300000000E+00  0.1664223092E+06
  0.2302777778E+00  0.1660550336E+06
  0.2305555556E+00  0.1656877569E+06
  0.2308333333E+00  0.1653204824E+06
  0.2311111111E+00  0.1649532057E+06
  0.2313888889E+00  0.1645859301E+06
  0.2316666667E+00  0.1642186545E+06
  0.2319444444E+00  0.1638513788E+06
  0.2322222222E+00  0.1634841032E+06
  0.2325000000E+00  0.1631168276E+06
  0.2327777778E+00  0.1627495509E+06
  0.2330555556E+00  0.1623822763E+06
  0.2333333333E+00  0.1620150007E+06
  0.2336111111E+00  0.1616477241E+06
  0.2338888889E+00  0.1612804485E+06
  0.2341666667E+00  0.1609131739E+06
  0.2344444444E+00  0.1605458972E+06
  0.2347222222E+00  0.1601786216E+06
  0.2350000000E+00  0.1598113460E+06
  0.2352777778E+00  0.1594704380E+06
  0.2355555556E+00  0.1591295311E+06
  0.2358333333E+00  0.1587886232E+06
  0.2361111111E+00  0.1584477130E+06
  0.2363888889E+00  0.1581068040E+06
  0.2366666667E+00  0.1577658971E+06
  0.2369444444E+00  0.1574249903E+06
  0.2372222222E+00  0.1570840779E+06
  0.2375000000E+00  0.1567431710E+06
  0.2377777778E+00  0.1564022642E+06
  0.2380555556E+00  0.1560613563E+06
  0.2383333333E+00  0.1557204449E+06
  0.2386111111E+00  0.1553795371E+06
  0.2388888889E+00  0.1550386302E+06
  0.2391666667E+00  0.1546977222E+06
  0.2394444444E+00  0.1543568110E+06
  0.2397222222E+00  0.1540159041E+06
  0.2400000000E+00  0.1536749972E+06
  0.2402777778E+00  0.1533637541E+06
  0.2405555556E+00  0.1530525086E+06
  0.2408333333E+00  0.1527412655E+06
  0.2411111111E+00  0.1524300234E+06
  0.2413888889E+00  0.1521187768E+06
  0.2416666667E+00  0.1518075337E+06
  0.2419444444E+00  0.1514962915E+06
  0.2422222222E+00  0.1511850451E+06
  0.2425000000E+00  0.1508738029E+06
  0.2427777778E+00  0.1505625608E+06
  0.2430555556E+00  0.1502513144E+06
  0.2433333333E+00  0.1499400722E+06
  0.2436111111E+00  0.1496288291E+06
  0.2438888889E+00  0.1493175836E+06
  0.2441666667E+00  0.1490063405E+06
  0.2444444444E+00  0.1486950984E+06
  0.2447222222E+00  0.1483838529E+06
  0.2450000000E+00  0.1480726098E+06
  0.2452777778E+00  0.1477927421E+06
  0.2455555556E+00  0.1475128744E+06
  0.2458333333E+00  0.1472330033E+06
  0.2461111111E+00  0.1469531356E+06
  0.2463888889E+00  0.1466732679E+06
  0.2466666667E+00  0.1463934002E+06
  0.2469444444E+00  0.1461135325E+06
  0.2472222222E+00  0.1458336636E+06
  0.2475000000E+00  0.1455537959E+06
  0.2477777778E+00  0.1452739248E+06
  0.2480555556E+00  0.1449940571E+06
  0.2483333333E+00  0.1447141894E+06
  0.2486111111E+00  0.1444343217E+06
  0.2488888889E+00  0.1441544540E+06
  0.2491666667E+00  0.1438745863E+06
  0.2494444444E+00  0.1435947185E+06
  0.2497222222E+00  0.1433148475E+06
  0.2500000000E+00  0.1430349798E+06
  0.2502777778E+00  0.1427862665E+06
  0.2505555556E+00  0.1425375511E+06
  0.2508333333E+00  0.1422888347E+06
  0.2511111111E+00  0.1420401192E+06
  0.2513888889E+00  0.1417914071E+06
  0.2516666667E+00  0.1415426896E+06
  0.2519444444E+00  0.1412939741E+06
  0.2522222222E+00  0.1410452620E+06
  0.2525000000E+00  0.1407965466E+06
  0.2527777778E+00  0.1405478301E+06
  0.2530555556E+00  0.1402991169E+06
  0.2533333333E+00  0.1400504015E+06
  0.2536111111E+00  0.1398016850E+06
  0.2538888889E+00  0.1395529696E+06
  0.2541666667E+00  0.1393042575E+06
  0.2544444444E+00  0.1390555421E+06
  0.2547222222E+00  0.1388068245E+06
  0.2550000000E+00  0.1385581124E+06
  0.2552777778E+00  0.1383386098E+06
  0.2555555556E+00  0.1381191060E+06
  0.2558333333E+00  0.1378996034E+06
  0.2561111111E+00  0.1376801006E+06
  0.2563888889E+00  0.1374605980E+06
  0.2566666667E+00  0.1372410943E+06
  0.2569444444E+00  0.1370215916E+06
  0.2572222222E+00  0.1368020890E+06
  0.2575000000E+00  0.1365825853E+06
  0.2577777778E+00  0.1363630826E+06
  0.2580555556E+00  0.1361435789E+06
  0.2583333333E+00  0.1359240772E+06
  0.2586111111E+00  0.1357045735E+06
  0.2588888889E+00  0.1354850709E+06
  0.2591666667E+00  0.1352655671E+06
  0.2594444444E+00  0.1350460645E+06
  0.2597222222E+00  0.1348265607E+06
  0.2600000000E+00  0.1346070581E+06
  0.2602777778E+00  0.1344131282E+06
  0.2605555556E+00  0.1342191993E+06
  0.2608333333E+00  0.1340252694E+06
  0.2611111111E+00  0.1338313395E+06
  0.2613888889E+00  0.1336374096E+06
  0.2616666667E+00  0.1334434818E+06
  0.2619444444E+00  0.1332495526E+06
  0.2622222222E+00  0.1330556231E+06
  0.2625000000E+00  0.1328616935E+06
  0.2627777778E+00  0.1326677643E+06
  0.2630555556E+00  0.1324738347E+06
  0.2633333333E+00  0.1322799051E+06
  0.2636111111E+00  0.1320859759E+06
  0.2638888889E+00  0.1318920463E+06
  0.2641666667E+00  0.1316981168E+06
  0.2644444444E+00  0.1315041887E+06
  0.2647222222E+00  0.1313102601E+06
  0.2650000000E+00  0.1311163305E+06
  0.2652777778E+00  0.1309431770E+06
  0.2655555556E+00  0.1307700232E+06
  0.2658333333E+00  0.1305968704E+06
  0.2661111111E+00  0.1304237166E+06
  0.2663888889E+00  0.1302505631E+06
  0.2666666667E+00  0.1300774103E+06
  0.2669444444E+00  0.1299042565E+06
  0.2672222222E+00  0.1297311030E+06
  0.2675000000E+00  0.1295579492E+06
  0.2677777778E+00  0.1293847963E+06
  0.2680555556E+00  0.1292116425E+06
  0.2683333333E+00  0.1290384890E+06
  0.2686111111E+00  0.1288653373E+06
  0.2688888889E+00  0.1286921835E+06
  0.2691666667E+00  0.1285190297E+06
  0.2694444444E+00  0.1283458772E+06
  0.2697222222E+00  0.1281727234E+06
  0.2700000000E+00  0.1279995696E+06
  0.2702777778E+00  0.1278416766E+06
  0.2705555556E+00  0.1276837836E+06
  0.2708333333E+00  0.1275258907E+06
  0.2711111111E+00  0.1273679973E+06
  0.2713888889E+00  0.1272101044E+06
  0.2716666667E+00  0.1270522114E+06
  0.2719444444E+00  0.1268943174E+06
  0.2722222222E+00  0.1267364233E+06
  0.2725000000E+00  0.1265785300E+06
  0.2727777778E+00  0.1264206371E+06
  0.2730555556E+00  0.1262627441E+06
  0.2733333333E+00  0.1261048511E+06
  0.2736111111E+00  0.1259469578E+06
  0.2738888889E+00  0.1257890648E+06
  0.2741666667E+00  0.1256311709E+06
  0.2744444444E+00  0.1254732779E+06
  0.2747222222E+00  0.1253153846E+06
  0.2750000000E+00  0.1251574916E+06
  0.2752777778E+00  0.1250090179E+06
  0.2755555556E+00  0.1248605451E+06
  0.2758333333E+00  0.1247120731E+06
  0.2761111111E+00  0.1245635990E+06
  0.2763888889E+00  0.1244151265E+06
  0.2766666667E+00  0.1242666526E+06
  0.2769444444E+00  0.1241181800E+06
  0.2772222222E+00  0.1239697064E+06
  0.2775000000E+00  0.1238212338E+06
  0.2777777778E+00  0.1236727600E+06
  0.2780555556E+00  0.1235242874E+06
  0.2783333333E+00  0.1233758138E+06
  0.2786111111E+00  0.1232273409E+06
  0.2788888889E+00  0.1230788673E+06
  0.2791666667E+00  0.1229303948E+06
  0.2794444444E+00  0.1227819208E+06
  0.2797222222E+00  0.1226334483E+06
  0.2800000000E+00  0.1224849747E+06
  0.2802777778E+00  0.1223402835E+06
  0.2805555556E+00  0.1221955911E+06
  0.2808333333E+00  0.1220508990E+06
  0.2811111111E+00  0.1219062078E+06
  0.2813888889E+00  0.1217615158E+06
  0.2816666667E+00  0.1216168247E+06
  0.2819444444E+00  0.1214721325E+06
  0.2822222222E+00  0.1213274410E+06
  0.2825000000E+00  0.1211827490E+06
  0.2827777778E+00  0.1210380578E+06
  0.2830555556E+00  0.1208933657E+06
  0.2833333333E+00  0.1207486746E+06
  0.2836111111E+00  0.1206039821E+06
  0.2838888889E+00  0.1204592900E+06
  0.2841666667E+00  0.1203145989E+06
  0.2844444444E+00  0.1201699067E+06
  0.2847222222E+00  0.1200252156E+06
  0.2850000000E+00  0.1198805232E+06
  0.2852777778E+00  0.1197346037E+06
  0.2855555556E+00  0.1195886838E+06
  0.2858333333E+00  0.1194427640E+06
  0.2861111111E+00  0.1192968441E+06
  0.2863888889E+00  0.1191509246E+06
  0.2866666667E+00  0.1190050047E+06
  0.2869444444E+00  0.1188590848E+06
  0.2872222222E+00  0.1187131650E+06
  0.2875000000E+00  0.1185672455E+06
  0.2877777778E+00  0.1184213256E+06
  0.2880555556E+00  0.1182754058E+06
  0.2883333333E+00  0.1181294859E+06
  0.2886111111E+00  0.1179835660E+06
  0.2888888889E+00  0.1178376465E+06
  0.2891666667E+00  0.1176917266E+06
  0.2894444444E+00  0.1175458068E+06
  0.2897222222E+00  0.1173998869E+06
  0.2900000000E+00  0.1172539674E+06
  0.2902777778E+00  0.1171026097E+06
  0.2905555556E+00  0.1169512520E+06
  0.2908333333E+00  0.1167998943E+06
  0.2911111111E+00  0.1166485371E+06
  0.2913888889E+00  0.1164971794E+06
  0.2916666667E+00  0.1163458217E+06
  0.2919444444E+00  0.1161944630E+06
  0.2922222222E+00  0.1160431053E+06
  0.2925000000E+00  0.1158917479E+06
  0.2927777778E+00  0.1157403902E+06
  0.2930555556E+00  0.1155890327E+06
  0.2933333333E+00  0.1154376750E+06
  0.2936111111E+00  0.1152863176E+06
  0.2938888889E+00  0.1151349599E+06
  0.2941666667E+00  0.1149836012E+06
  0.2944444444E+00  0.1148322435E+06
  0.2947222222E+00  0.1146808862E+06
  0.2950000000E+00  0.1145295286E+06
  0.2952777778E+00  0.1143697960E+06
  0.2955555556E+00  0.1142100627E+06
  0.2958333333E+00  0.1140503305E+06
  0.2961111111E+00  0.1138905978E+06
  0.2963888889E+00  0.1137308646E+06
  0.2966666667E+00  0.1135711320E+06
  0.2969444444E+00  0.1134113987E+06
  0.2972222222E+00  0.1132516664E+06
  0.2975000000E+00  0.1130919338E+06
  0.2977777778E+00  0.1129322006E+06
  0.2980555556E+00  0.1127724683E+06
  0.2983333333E+00  0.1126127357E+06
  0.2986111111E+00  0.1124530025E+06
  0.2988888889E+00  0.1122932699E+06
  0.2991666667E+00  0.1121335366E+06
  0.2994444444E+00  0.1119738043E+06
  0.2997222222E+00  0.1118140717E+06
  0.3000000000E+00  0.1116543385E+06
  0.3002777778E+00  0.1114844480E+06
  0.3005555556E+00  0.1113145575E+06
  0.3008333333E+00  0.1111446670E+06
  0.3011111111E+00  0.1109747765E+06
  0.3013888889E+00  0.1108048860E+06
  0.3016666667E+00  0.1106349945E+06
  0.3019444444E+00  0.1104651041E+06
  0.3022222222E+00  0.1102952137E+06
  0.3025000000E+00  0.1101253232E+06
  0.3027777778E+00  0.1099554327E+06
  0.3030555556E+00  0.1097855419E+06
  0.3033333333E+00  0.1096156514E+06
  0.3036111111E+00  0.1094457599E+06
  0.3038888889E+00  0.1092758694E+06
  0.3041666667E+00  0.1091059791E+06
  0.3044444444E+00  0.1089360886E+06
  0.3047222222E+00  0.1087661981E+06
  0.3050000000E+00  0.1085963076E+06
  0.3052777778E+00  0.1084157947E+06
  0.3055555556E+00  0.1082352818E+06
  0.3058333333E+00  0.1080547689E+06
  0.3061111111E+00  0.1078742560E+06
  0.3063888889E+00  0.1076937430E+06
  0.3066666667E+00  0.1075132302E+06
  0.3069444444E+00  0.1073327173E+06
  0.3072222222E+00  0.1071522044E+06
  0.3075000000E+00  0.1069716915E+06
  0.3077777778E+00  0.1067911786E+06
  0.3080555556E+00  0.1066106657E+06
  0.3083333333E+00  0.1064301528E+06
  0.3086111111E+00  0.1062496399E+06
  0.3088888889E+00  0.1060691269E+06
  0.3091666667E+00  0.1058886130E+06
  0.3094444444E+00  0.1057081001E+06
  0.3097222222E+00  0.1055275872E+06
  0.3100000000E+00  0.1053470743E+06
  0.3102777778E+00  0.1051567350E+06
  0.3105555556E+00  0.1049663956E+06
  0.3108333333E+00  0.1047760554E+06
  0.3111111111E+00  0.1045857160E+06
  0.3113888889E+00  0.1043953756E+06
  0.3116666667E+00  0.1042050363E+06
  0.3119444444E+00  0.1040146969E+06
  0.3122222222E+00  0.1038243565E+06
  0.3125000000E+00  0.1036340173E+06
  0.3127777778E+00  0.1034436769E+06
  0.3130555556E+00  0.1032533375E+06
  0.3133333333E+00  0.1030629982E+06
  0.3136111111E+00  0.1028726578E+06
  0.3138888889E+00  0.1026823188E+06
  0.3141666667E+00  0.1024919785E+06
  0.3144444444E+00  0.1023016391E+06
  0.3147222222E+00  0.1021112997E+06
  0.3150000000E+00  0.1019209595E+06
  0.3152777778E+00  0.1017227680E+06
  0.3155555556E+00  0.1015245766E+06
  0.3158333333E+00  0.1013263855E+06
  0.3161111111E+00  0.1011281941E+06
  0.3163888889E+00  0.1009300027E+06
  0.3166666667E+00  0.1007318116E+06
  0.3169444444E+00  0.1005336200E+06
  0.3172222222E+00  0.1003354286E+06
  0.3175000000E+00  0.1001372375E+06
  0.3177777778E+00  0.9993904506E+05
  0.3180555556E+00  0.9974085364E+05
  0.3183333333E+00  0.9954266254E+05
  0.3186111111E+00  0.9934447111E+05
  0.3188888889E+00  0.9914628001E+05
  0.3191666667E+00  0.9894808858E+05
  0.3194444444E+00  0.9874989715E+05
  0.3197222222E+00  0.9855170605E+05
  0.3200000000E+00  0.9835351462E+05
  0.3202777778E+00  0.9815030718E+05
  0.3205555556E+00  0.9794709942E+05
  0.3208333333E+00  0.9774389188E+05
  0.3211111111E+00  0.9754068444E+05
  0.3213888889E+00  0.9733747690E+05
  0.3216666667E+00  0.9713427013E+05
  0.3219444444E+00  0.9693106270E+05
  0.3222222222E+00  0.9672785515E+05
  0.3225000000E+00  0.9652464772E+05
  0.3227777778E+00  0.9632143984E+05
  0.3230555556E+00  0.9611823240E+05
  0.3233333333E+00  0.9591502497E+05
  0.3236111111E+00  0.9571181843E+05
  0.3238888889E+00  0.9550861066E+05
  0.3241666667E+00  0.9530540312E+05
  0.3244444444E+00  0.9510219568E+05
  0.3247222222E+00  0.9489898825E+05
  0.3250000000E+00  0.9469578037E+05
  0.3252777778E+00  0.9449126946E+05
  0.3255555556E+00  0.9428675854E+05
  0.3258333333E+00  0.9408224728E+05
  0.3261111111E+00  0.9387773637E+05
  0.3263888889E+00  0.9367322501E+05
  0.3266666667E+00  0.9346871409E+05
  0.3269444444E+00  0.9326420318E+05
  0.3272222222E+00  0.9305969193E+05
  0.3275000000E+00  0.9285518101E+05
  0.3277777778E+00  0.9265066976E+05
  0.3280555556E+00  0.9244615984E+05
  0.3283333333E+00  0.9224164882E+05
  0.3286111111E+00  0.9203713757E+05
  0.3288888889E+00  0.9183262665E+05
  0.3291666667E+00  0.9162811540E+05
  0.3294444444E+00  0.9142360449E+05
  0.3297222222E+00  0.9121909356E+05
  0.3300000000E+00  0.9101458231E+05
  0.3302777778E+00  0.9081283948E+05
  0.3305555556E+00  0.9061109645E+05
  0.3308333333E+00  0.9040935473E+05
  0.3311111111E+00  0.9020761191E+05
  0.3313888889E+00  0.9000586986E+05
  0.3316666667E+00  0.8980412715E+05
  0.3319444444E+00  0.8960238410E+05
  0.3322222222E+00  0.8940064227E+05
  0.3325000000E+00  0.8919889956E+05
  0.3327777778E+00  0.8899715751E+05
  0.3330555556E+00  0.8879541479E+05
  0.3333333333E+00  0.8859367163E+05
  0.3336111111E+00  0.8839192993E+05
  0.3338888889E+00  0.8819018721E+05
  0.3341666667E+00  0.8798844416E+05
  0.3344444444E+00  0.8778670234E+05
  0.3347222222E+00  0.8758495929E+05
  0.3350000000E+00  0.8738321758E+05
  0.3352777778E+00  0.8718863215E+05
  0.3355555556E+00  0.8699404640E+05
  0.3358333333E+00  0.8679946097E+05
  0.3361111111E+00  0.8660487622E+05
  0.3363888889E+00  0.8641029079E+05
  0.3366666667E+00  0.8621570548E+05
  0.3369444444E+00  0.8602112072E+05
  0.3372222222E+00  0.8582653530E+05
  0.3375000000E+00  0.8563194988E+05
  0.3377777778E+00  0.8543736512E+05
  0.3380555556E+00  0.8524277970E+05
  0.3383333333E+00  0.8504819438E+05
  0.3386111111E+00  0.8485360963E+05
  0.3388888889E+00  0.8465902421E+05
  0.3391666667E+00  0.8446443845E+05
  0.3394444444E+00  0.8426985303E+05
  0.3397222222E+00  0.8407526860E+05
  0.3400000000E+00  0.8388068285E+05
  0.3402777778E+00  0.8369760652E+05
  0.3405555556E+00  0.8351453087E+05
  0.3408333333E+00  0.8333145421E+05
  0.3411111111E+00  0.8314837888E+05
  0.3413888889E+00  0.8296530223E+05
  0.3416666667E+00  0.8278222657E+05
  0.3419444444E+00  0.8259915025E+05
  0.3422222222E+00  0.8241607359E+05
  0.3425000000E+00  0.8223299782E+05
  0.3427777778E+00  0.8204992150E+05
  0.3430555556E+00  0.8186684584E+05
  0.3433333333E+00  0.8168376918E+05
  0.3436111111E+00  0.8150069286E+05
  0.3438888889E+00  0.8131761720E+05
  0.3441666667E+00  0.8113454054E+05
  0.3444444444E+00  0.8095146522E+05
  0.3447222222E+00  0.8076838856E+05
  0.3450000000E+00  0.8058531180E+05
  0.3452777778E+00  0.8041782098E+05
  0.3455555556E+00  0.8025033017E+05
  0.3458333333E+00  0.8008283903E+05
  0.3461111111E+00  0.7991534821E+05
  0.3463888889E+00  0.7974785740E+05
  0.3466666667E+00  0.7958036514E+05
  0.3469444444E+00  0.7941287433E+05
  0.3472222222E+00  0.7924538352E+05
  0.3475000000E+00  0.7907789237E+05
  0.3477777778E+00  0.7891040155E+05
  0.3480555556E+00  0.7874291030E+05
  0.3483333333E+00  0.7857541848E+05
  0.3486111111E+00  0.7840792768E+05
  0.3488888889E+00  0.7824043654E+05
  0.3491666667E+00  0.7807294572E+05
  0.3494444444E+00  0.7790545480E+05
  0.3497222222E+00  0.7773796365E+05
  0.3500000000E+00  0.7757047284E+05
  0.3502777778E+00  0.7742217822E+05
  0.3505555556E+00  0.7727388393E+05
  0.3508333333E+00  0.7712558964E+05
  0.3511111111E+00  0.7697729602E+05
  0.3513888889E+00  0.7682900173E+05
  0.3516666667E+00  0.7668070711E+05
  0.3519444444E+00  0.7653241272E+05
  0.3522222222E+00  0.7638411910E+05
  0.3525000000E+00  0.7623582481E+05
  0.3527777778E+00  0.7608753052E+05
  0.3530555556E+00  0.7593923691E+05
  0.3533333333E+00  0.7579094262E+05
  0.3536111111E+00  0.7564264799E+05
  0.3538888889E+00  0.7549435371E+05
  0.3541666667E+00  0.7534606009E+05
  0.3544444444E+00  0.7519776581E+05
  0.3547222222E+00  0.7504947151E+05
  0.3550000000E+00  0.7490117779E+05
  0.3552777778E+00  0.7477503331E+05
  0.3555555556E+00  0.7464888938E+05
  0.3558333333E+00  0.7452274545E+05
  0.3561111111E+00  0.7439660186E+05
  0.3563888889E+00  0.7427045805E+05
  0.3566666667E+00  0.7414431346E+05
  0.3569444444E+00  0.7401816953E+05
  0.3572222222E+00  0.7389202560E+05
  0.3575000000E+00  0.7376588201E+05
  0.3577777778E+00  0.7363973820E+05
  0.3580555556E+00  0.7351359360E+05
  0.3583333333E+00  0.7338744969E+05
  0.3586111111E+00  0.7326130577E+05
  0.3588888889E+00  0.7313516217E+05
  0.3591666667E+00  0.7300901836E+05
  0.3594444444E+00  0.7288287377E+05
  0.3597222222E+00  0.7275672984E+05
  0.3600000000E+00  0.7263058592E+05
  0.3602777778E+00  0.7252873191E+05
  0.3605555556E+00  0.7242687903E+05
  0.3608333333E+00  0.7232502470E+05
  0.3611111111E+00  0.7222317071E+05
  0.3613888889E+00  0.7212131740E+05
  0.3616666667E+00  0.7201946348E+05
  0.3619444444E+00  0.7191760978E+05
  0.3622222222E+00  0.7181575630E+05
  0.3625000000E+00  0.7171390226E+05
  0.3627777778E+00  0.7161204867E+05
  0.3630555556E+00  0.7151019507E+05
  0.3633333333E+00  0.7140834104E+05
  0.3636111111E+00  0.7130648744E+05
  0.3638888889E+00  0.7120463352E+05
  0.3641666667E+00  0.7110277992E+05
  0.3644444444E+00  0.7100092623E+05
  0.3647222222E+00  0.7089907231E+05
  0.3650000000E+00  0.7079721861E+05
  0.3652777778E+00  0.7072091691E+05
  0.3655555556E+00  0.7064461522E+05
  0.3658333333E+00  0.7056831354E+05
  0.3661111111E+00  0.7049201175E+05
  0.3663888889E+00  0.7041571005E+05
  0.3666666667E+00  0.7033940837E+05
  0.3669444444E+00  0.7026310657E+05
  0.3672222222E+00  0.7018680489E+05
  0.3675000000E+00  0.7011050309E+05
  0.3677777778E+00  0.7003420151E+05
  0.3680555556E+00  0.6995789971E+05
  0.3683333333E+00  0.6988159802E+05
  0.3686111111E+00  0.6980529623E+05
  0.3688888889E+00  0.6972899444E+05
  0.3691666667E+00  0.6965269285E+05
  0.3694444444E+00  0.6957639106E+05
  0.3697222222E+00  0.6950008936E+05
  0.3700000000E+00  0.6942378758E+05
  0.3702777778E+00  0.6937333467E+05
  0.3705555556E+00  0.6932288209E+05
  0.3708333333E+00  0.6927242920E+05
  0.3711111111E+00  0.6922197662E+05
  0.3713888889E+00  0.6917152406E+05
  0.3716666667E+00  0.6912107115E+05
  0.3719444444E+00  0.6907061847E+05
  0.3722222222E+00  0.6902016591E+05
  0.3725000000E+00  0.6896971300E+05
  0.3727777778E+00  0.6891926044E+05
  0.3730555556E+00  0.6886880786E+05
  0.3733333333E+00  0.6881835495E+05
  0.3736111111E+00  0.6876790239E+05
  0.3738888889E+00  0.6871744948E+05
  0.3741666667E+00  0.6866699682E+05
  0.3744444444E+00  0.6861654424E+05
  0.3747222222E+00  0.6856609133E+05
  0.3750000000E+00  0.6851563877E+05
  0.3752777778E+00  0.6849043706E+05
  0.3755555556E+00  0.6846523502E+05
  0.3758333333E+00  0.6844003330E+05
  0.3761111111E+00  0.6841483125E+05
  0.3763888889E+00  0.6838962955E+05
  0.3766666667E+00  0.6836442761E+05
  0.3769444444E+00  0.6833922592E+05
  0.3772222222E+00  0.6831402420E+05
  0.3775000000E+00  0.6828882216E+05
  0.3777777778E+00  0.6826362045E+05
  0.3780555556E+00  0.6823841840E+05
  0.3783333333E+00  0.6821321670E+05
  0.3786111111E+00  0.6818801465E+05
  0.3788888889E+00  0.6816281295E+05
  0.3791666667E+00  0.6813761135E+05
  0.3794444444E+00  0.6811240931E+05
  0.3797222222E+00  0.6808720759E+05
  0.3800000000E+00  0.6806200555E+05
  0.3802777778E+00  0.6806049253E+05
  0.3805555556E+00  0.6805897906E+05
  0.3808333333E+00  0.6805746604E+05
  0.3811111111E+00  0.6805595246E+05
  0.3813888889E+00  0.6805443944E+05
  0.3816666667E+00  0.6805292608E+05
  0.3819444444E+00  0.6805141294E+05
  0.3822222222E+00  0.6804989992E+05
  0.3825000000E+00  0.6804838656E+05
  0.3827777778E+00  0.6804687343E+05
  0.3830555556E+00  0.6804536007E+05
  0.3833333333E+00  0.6804384684E+05
  0.3836111111E+00  0.6804233347E+05
  0.3838888889E+00  0.6804082045E+05
  0.3841666667E+00  0.6803930698E+05
  0.3844444444E+00  0.6803779395E+05
  0.3847222222E+00  0.6803628060E+05
  0.3850000000E+00  0.6803476746E+05
  0.3852777778E+00  0.6805468714E+05
  0.3855555556E+00  0.6807460671E+05
  0.3858333333E+00  0.6809452662E+05
  0.3861111111E+00  0.6811444619E+05
  0.3863888889E+00  0.6813436588E+05
  0.3866666667E+00  0.6815428544E+05
  0.3869444444E+00  0.6817420545E+05
  0.3872222222E+00  0.6819412502E+05
  0.3875000000E+00  0.6821404471E+05
  0.3877777778E+00  0.6823396427E+05
  0.3880555556E+00  0.6825388428E+05
  0.3883333333E+00  0.6827380384E+05
  0.3886111111E+00  0.6829372353E+05
  0.3888888889E+00  0.6831364310E+05
  0.3891666667E+00  0.6833356301E+05
  0.3894444444E+00  0.6835348258E+05
  0.3897222222E+00  0.6837340226E+05
  0.3900000000E+00  0.6839332183E+05
  0.3902777778E+00  0.6843162619E+05
  0.3905555556E+00  0.6846993066E+05
  0.3908333333E+00  0.6850823493E+05
  0.3911111111E+00  0.6854653929E+05
  0.3913888889E+00  0.6858484365E+05
  0.3916666667E+00  0.6862314803E+05
  0.3919444444E+00  0.6866145239E+05
  0.3922222222E+00  0.6869975675E+05
  0.3925000000E+00  0.6873806078E+05
  0.3927777778E+00  0.6877636515E+05
  0.3930555556E+00  0.6881466951E+05
  0.3933333333E+00  0.6885297387E+05
  0.3936111111E+00  0.6889127824E+05
  0.3938888889E+00  0.6892958261E+05
  0.3941666667E+00  0.6896788697E+05
  0.3944444444E+00  0.6900619123E+05
  0.3947222222E+00  0.6904449570E+05
  0.3950000000E+00  0.6908280007E+05
  0.3952777778E+00  0.6913601355E+05
  0.3955555556E+00  0.6918922695E+05
  0.3958333333E+00  0.6924244043E+05
  0.3961111111E+00  0.6929565393E+05
  0.3963888889E+00  0.6934886730E+05
  0.3966666667E+00  0.6940208070E+05
  0.3969444444E+00  0.6945529418E+05
  0.3972222222E+00  0.6950850768E+05
  0.3975000000E+00  0.6956172106E+05
  0.3977777778E+00  0.6961493456E+05
  0.3980555556E+00  0.6966814804E+05
  0.3983333333E+00  0.6972136154E+05
  0.3986111111E+00  0.6977457492E+05
  0.3988888889E+00  0.6982778842E+05
  0.3991666667E+00  0.6988100190E+05
  0.3994444444E+00  0.6993421540E+05
  0.3997222222E+00  0.6998742867E+05
  0.4000000000E+00  0.7004064217E+05
  0.4002777778E+00  0.7010488929E+05
  0.4005555556E+00  0.7016913676E+05
  0.4008333333E+00  0.7023338387E+05
  0.4011111111E+00  0.7029763100E+05
  0.4013888889E+00  0.7036187846E+05
  0.4016666667E+00  0.7042612548E+05
  0.4019444444E+00  0.7049037261E+05
  0.4022222222E+00  0.7055462017E+05
  0.4025000000E+00  0.7061886719E+05
  0.4027777778E+00  0.7068311431E+05
  0.4030555556E+00  0.7074736178E+05
  0.4033333333E+00  0.7081160879E+05
  0.4036111111E+00  0.7087585592E+05
  0.4038888889E+00  0.7094010349E+05
  0.4041666667E+00  0.7100435050E+05
  0.4044444444E+00  0.7106859797E+05
  0.4047222222E+00  0.7113284509E+05
  0.4050000000E+00  0.7119709211E+05
  0.4052777778E+00  0.7126836128E+05
  0.4055555556E+00  0.7133963034E+05
  0.4058333333E+00  0.7141089907E+05
  0.4061111111E+00  0.7148216814E+05
  0.4063888889E+00  0.7155343686E+05
  0.4066666667E+00  0.7162470592E+05
  0.4069444444E+00  0.7169597499E+05
  0.4072222222E+00  0.7176724371E+05
  0.4075000000E+00  0.7183851288E+05
  0.4077777778E+00  0.7190978195E+05
  0.4080555556E+00  0.7198105067E+05
  0.4083333333E+00  0.7205231974E+05
  0.4086111111E+00  0.7212358880E+05
  0.4088888889E+00  0.7219485752E+05
  0.4091666667E+00  0.7226612659E+05
  0.4094444444E+00  0.7233739566E+05
  0.4097222222E+00  0.7240866437E+05
  0.4100000000E+00  0.7247993344E+05
  0.4102777778E+00  0.7255423972E+05
  0.4105555556E+00  0.7262854601E+05
  0.4108333333E+00  0.7270285219E+05
  0.4111111111E+00  0.7277715881E+05
  0.4113888889E+00  0.7285146498E+05
  0.4116666667E+00  0.7292577127E+05
  0.4119444444E+00  0.7300007765E+05
  0.4122222222E+00  0.7307438416E+05
  0.4125000000E+00  0.7314869044E+05
  0.4127777778E+00  0.7322299662E+05
  0.4130555556E+00  0.7329730291E+05
  0.4133333333E+00  0.7337160920E+05
  0.4136111111E+00  0.7344591571E+05
  0.4138888889E+00  0.7352022199E+05
  0.4141666667E+00  0.7359452826E+05
  0.4144444444E+00  0.7366883454E+05
  0.4147222222E+00  0.7374314116E+05
  0.4150000000E+00  0.7381744735E+05
  0.4152777778E+00  0.7389099034E+05
  0.4155555556E+00  0.7396453279E+05
  0.4158333333E+00  0.7403807580E+05
  0.4161111111E+00  0.7411161870E+05
  0.4163888889E+00  0.7418516158E+05
  0.4166666667E+00  0.7425870425E+05
  0.4169444444E+00  0.7433224703E+05
  0.4172222222E+00  0.7440579004E+05
  0.4175000000E+00  0.7447933260E+05
  0.4177777778E+00  0.7455287548E+05
  0.4180555556E+00  0.7462641849E+05
  0.4183333333E+00  0.7469996127E+05
  0.4186111111E+00  0.7477350394E+05
  0.4188888889E+00  0.7484704684E+05
  0.4191666667E+00  0.7492058973E+05
  0.4194444444E+00  0.7499413273E+05
  0.4197222222E+00  0.7506767518E+05
  0.4200000000E+00  0.7514121817E+05
  0.4202777778E+00  0.7521057915E+05
  0.4205555556E+00  0.7527993958E+05
  0.4208333333E+00  0.7534930057E+05
  0.4211111111E+00  0.7541866155E+05
  0.4213888889E+00  0.7548802209E+05
  0.4216666667E+00  0.7555738295E+05
  0.4219444444E+00  0.7562674359E+05
  0.4222222222E+00  0.7569610447E+05
  0.4225000000E+00  0.7576546534E+05
  0.4227777778E+00  0.7583482588E+05
  0.4230555556E+00  0.7590418685E+05
  0.4233333333E+00  0.7597354738E+05
  0.4236111111E+00  0.7604290827E+05
  0.4238888889E+00  0.7611226924E+05
  0.4241666667E+00  0.7618162978E+05
  0.4244444444E+00  0.7625099065E+05
  0.4247222222E+00  0.7632035129E+05
  0.4250000000E+00  0.7638971216E+05
  0.4252777778E+00  0.7645196476E+05
  0.4255555556E+00  0.7651421701E+05
  0.4258333333E+00  0.7657646950E+05
  0.4261111111E+00  0.7663872168E+05
  0.4263888889E+00  0.7670097393E+05
  0.4266666667E+00  0.7676322663E+05
  0.4269444444E+00  0.7682547887E+05
  0.4272222222E+00  0.7688773157E+05
  0.4275000000E+00  0.7694998414E+05
  0.4277777778E+00  0.7701223650E+05
  0.4280555556E+00  0.7707448909E+05
  0.4283333333E+00  0.7713674145E+05
  0.4286111111E+00  0.7719899403E+05
  0.4288888889E+00  0.7726124672E+05
  0.4291666667E+00  0.7732349808E+05
  0.4294444444E+00  0.7738575066E+05
  0.4297222222E+00  0.7744800302E+05
  0.4300000000E+00  0.7751025560E+05
  0.4302777778E+00  0.7756307781E+05
  0.4305555556E+00  0.7761590001E+05
  0.4308333333E+00  0.7766872222E+05
  0.4311111111E+00  0.7772154432E+05
  0.4313888889E+00  0.7777436654E+05
  0.4316666667E+00  0.7782718840E+05
  0.4319444444E+00  0.7788001061E+05
  0.4322222222E+00  0.7793283282E+05
  0.4325000000E+00  0.7798565492E+05
  0.4327777778E+00  0.7803847712E+05
  0.4330555556E+00  0.7809129933E+05
  0.4333333333E+00  0.7814412154E+05
  0.4336111111E+00  0.7819694374E+05
  0.4338888889E+00  0.7824976584E+05
  0.4341666667E+00  0.7830258805E+05
  0.4344444444E+00  0.7835541027E+05
  0.4347222222E+00  0.7840823213E+05
  0.4350000000E+00  0.7846105434E+05
  0.4352777778E+00  0.7850279317E+05
  0.4355555556E+00  0.7854453077E+05
  0.4358333333E+00  0.7858626826E+05
  0.4361111111E+00  0.7862800586E+05
  0.4363888889E+00  0.7866974336E+05
  0.4366666667E+00  0.7871148196E+05
  0.4369444444E+00  0.7875321945E+05
  0.4372222222E+00  0.7879495706E+05
  0.4375000000E+00  0.7883669466E+05
  0.4377777778E+00  0.7887843315E+05
  0.4380555556E+00  0.7892017108E+05
  0.4383333333E+00  0.7896190858E+05
  0.4386111111E+00  0.7900364619E+05
  0.4388888889E+00  0.7904538367E+05
  0.4391666667E+00  0.7908712228E+05
  0.4394444444E+00  0.7912885977E+05
  0.4397222222E+00  0.7917059737E+05
  0.4400000000E+00  0.7921233486E+05
  0.4402777778E+00  0.7924206164E+05
  0.4405555556E+00  0.7927178841E+05
  0.4408333333E+00  0.7930151508E+05
  0.4411111111E+00  0.7933124184E+05
  0.4413888889E+00  0.7936096751E+05
  0.4416666667E+00  0.7939069428E+05
  0.4419444444E+00  0.7942042060E+05
  0.4422222222E+00  0.7945014738E+05
  0.4425000000E+00  0.7947987404E+05
  0.4427777778E+00  0.7950959982E+05
  0.4430555556E+00  0.7953932648E+05
  0.4433333333E+00  0.7956905326E+05
  0.4436111111E+00  0.7959877991E+05
  0.4438888889E+00  0.7962850669E+05
  0.4441666667E+00  0.7965823202E+05
  0.4444444444E+00  0.7968795879E+05
  0.4447222222E+00  0.7971768556E+05
  0.4450000000E+00  0.7974741222E+05
  0.4452777778E+00  0.7976485616E+05
  0.4455555556E+00  0.7978230119E+05
  0.4458333333E+00  0.7979974479E+05
  0.4461111111E+00  0.7981718883E+05
  0.4463888889E+00  0.7983463376E+05
  0.4466666667E+00  0.7985207768E+05
  0.4469444444E+00  0.7986952239E+05
  0.4472222222E+00  0.7988696633E+05
  0.4475000000E+00  0.7990441136E+05
  0.4477777778E+00  0.7992185529E+05
  0.4480555556E+00  0.7993929988E+05
  0.4483333333E+00  0.7995674393E+05
  0.4486111111E+00  0.7997418885E+05
  0.4488888889E+00  0.7999163289E+05
  0.4491666667E+00  0.8000907649E+05
  0.4494444444E+00  0.8002652142E+05
  0.4497222222E+00  0.8004396545E+05
  0.4500000000E+00  0.8006141039E+05
  0.4502777778E+00  0.8006696967E+05
  0.4505555556E+00  0.8007253030E+05
  0.4508333333E+00  0.8007809091E+05
  0.4511111111E+00  0.8008365020E+05
  0.4513888889E+00  0.8008921082E+05
  0.4516666667E+00  0.8009477045E+05
  0.4519444444E+00  0.8010033073E+05
  0.4522222222E+00  0.8010589135E+05
  0.4525000000E+00  0.8011145097E+05
  0.4527777778E+00  0.8011701114E+05
  0.4530555556E+00  0.8012257076E+05
  0.4533333333E+00  0.8012813138E+05
  0.4536111111E+00  0.8013369167E+05
  0.4538888889E+00  0.8013925129E+05
  0.4541666667E+00  0.8014481191E+05
  0.4544444444E+00  0.8015037120E+05
  0.4547222222E+00  0.8015593182E+05
  0.4550000000E+00  0.8016149244E+05
  0.4552777778E+00  0.8015616958E+05
  0.4555555556E+00  0.8015084671E+05
  0.4558333333E+00  0.8014552384E+05
  0.4561111111E+00  0.8014020097E+05
  0.4563888889E+00  0.8013487811E+05
  0.4566666667E+00  0.8012955625E+05
  0.4569444444E+00  0.8012423338E+05
  0.4572222222E+00  0.8011891051E+05
  0.4575000000E+00  0.8011358764E+05
  0.4577777778E+00  0.8010826467E+05
  0.4580555556E+00  0.8010294180E+05
  0.4583333333E+00  0.8009761993E+05
  0.4586111111E+00  0.8009229706E+05
  0.4588888889E+00  0.8008697420E+05
  0.4591666667E+00  0.8008165133E+05
  0.4594444444E+00  0.8007632847E+05
  0.4597222222E+00  0.8007100560E+05
  0.4600000000E+00  0.8006568373E+05
  0.4602777778E+00  0.8005094223E+05
  0.4605555556E+00  0.8003620027E+05
  0.4608333333E+00  0.8002145878E+05
  0.4611111111E+00  0.8000671682E+05
  0.4613888889E+00  0.7999197532E+05
  0.4616666667E+00  0.7997723348E+05
  0.4619444444E+00  0.7996249186E+05
  0.4622222222E+00  0.7994775102E+05
  0.4625000000E+00  0.7993300941E+05
  0.4627777778E+00  0.7991826757E+05
  0.4630555556E+00  0.7990352595E+05
  0.4633333333E+00  0.7988878411E+05
  0.4636111111E+00  0.7987404261E+05
  0.4638888889E+00  0.7985930065E+05
  0.4641666667E+00  0.7984455915E+05
  0.4644444444E+00  0.7982981720E+05
  0.4647222222E+00  0.7981507670E+05
  0.4650000000E+00  0.7980033475E+05
  0.4652777778E+00  0.7977799675E+05
  0.4655555556E+00  0.7975565999E+05
  0.4658333333E+00  0.7973332289E+05
  0.4661111111E+00  0.7971098578E+05
  0.4663888889E+00  0.7968864779E+05
  0.4666666667E+00  0.7966631069E+05
  0.4669444444E+00  0.7964397358E+05
  0.4672222222E+00  0.7962163559E+05
  0.4675000000E+00  0.7959929849E+05
  0.4677777778E+00  0.7957696138E+05
  0.4680555556E+00  0.7955462461E+05
  0.4683333333E+00  0.7953228663E+05
  0.4686111111E+00  0.7950994952E+05
  0.4688888889E+00  0.7948761242E+05
  0.4691666667E+00  0.7946527543E+05
  0.4694444444E+00  0.7944293732E+05
  0.4697222222E+00  0.7942060022E+05
  0.4700000000E+00  0.7939826312E+05
  0.4702777778E+00  0.7937039603E+05
  0.4705555556E+00  0.7934252995E+05
  0.4708333333E+00  0.7931466287E+05
  0.4711111111E+00  0.7928679645E+05
  0.4713888889E+00  0.7925892925E+05
  0.4716666667E+00  0.7923106318E+05
  0.4719444444E+00  0.7920319609E+05
  0.4722222222E+00  0.7917532968E+05
  0.4725000000E+00  0.7914746259E+05
  0.4727777778E+00  0.7911959539E+05
  0.4730555556E+00  0.7909172932E+05
  0.4733333333E+00  0.7906386190E+05
  0.4736111111E+00  0.7903599581E+05
  0.4738888889E+00  0.7900812874E+05
  0.4741666667E+00  0.7898026254E+05
  0.4744444444E+00  0.7895239513E+05
  0.4747222222E+00  0.7892452904E+05
  0.4750000000E+00  0.7889666195E+05
  0.4752777778E+00  0.7886542706E+05
  0.4755555556E+00  0.7883419216E+05
  0.4758333333E+00  0.7880295760E+05
  0.4761111111E+00  0.7877172369E+05
  0.4763888889E+00  0.7874048879E+05
  0.4766666667E+00  0.7870925435E+05
  0.4769444444E+00  0.7867801945E+05
  0.4772222222E+00  0.7864678455E+05
  0.4775000000E+00  0.7861554998E+05
  0.4777777778E+00  0.7858431508E+05
  0.4780555556E+00  0.7855308019E+05
  0.4783333333E+00  0.7852184562E+05
  0.4786111111E+00  0.7849061083E+05
  0.4788888889E+00  0.7845937623E+05
  0.4791666667E+00  0.7842814176E+05
  0.4794444444E+00  0.7839690697E+05
  0.4797222222E+00  0.7836567217E+05
  0.4800000000E+00  0.7833443727E+05
  0.4802777778E+00  0.7830194828E+05
  0.4805555556E+00  0.7826945885E+05
  0.4808333333E+00  0.7823696954E+05
  0.4811111111E+00  0.7820448022E+05
  0.4813888889E+00  0.7817199079E+05
  0.4816666667E+00  0.7813950158E+05
  0.4819444444E+00  0.7810701249E+05
  0.4822222222E+00  0.7807452317E+05
  0.4825000000E+00  0.7804203375E+05
  0.4827777778E+00  0.7800954443E+05
  0.4830555556E+00  0.7797705500E+05
  0.4833333333E+00  0.7794456568E+05
  0.4836111111E+00  0.7791207658E+05
  0.4838888889E+00  0.7787958727E+05
  0.4841666667E+00  0.7784709784E+05
  0.4844444444E+00  0.7781460852E+05
  0.4847222222E+00  0.7778211909E+05
  0.4850000000E+00  0.7774962977E+05
  0.4852777778E+00  0.7771787048E+05
  0.4855555556E+00  0.7768611075E+05
  0.4858333333E+00  0.7765435122E+05
  0.4861111111E+00  0.7762259159E+05
  0.4863888889E+00  0.7759083196E+05
  0.4866666667E+00  0.7755907223E+05
  0.4869444444E+00  0.7752731271E+05
  0.4872222222E+00  0.7749555308E+05
  0.4875000000E+00  0.7746379379E+05
  0.4877777778E+00  0.7743203415E+05
  0.4880555556E+00  0.7740027453E+05
  0.4883333333E+00  0.7736851491E+05
  0.4886111111E+00  0.7733675527E+05
  0.4888888889E+00  0.7730499564E+05
  0.4891666667E+00  0.7727323591E+05
  0.4894444444E+00  0.7724147638E+05
  0.4897222222E+00  0.7720971709E+05
  0.4900000000E+00  0.7717795746E+05
  0.4902777778E+00  0.7714864510E+05
  0.4905555556E+00  0.7711933283E+05
  0.4908333333E+00  0.7709002047E+05
  0.4911111111E+00  0.7706070820E+05
  0.4913888889E+00  0.7703139583E+05
  0.4916666667E+00  0.7700208347E+05
  0.4919444444E+00  0.7697277120E+05
  0.4922222222E+00  0.7694345885E+05
  0.4925000000E+00  0.7691414658E+05
  0.4927777778E+00  0.7688483421E+05
  0.4930555556E+00  0.7685552229E+05
  0.4933333333E+00  0.7682620992E+05
  0.4936111111E+00  0.7679689766E+05
  0.4938888889E+00  0.7676758529E+05
  0.4941666667E+00  0.7673827303E+05
  0.4944444444E+00  0.7670896068E+05
  0.4947222222E+00  0.7667964830E+05
  0.4950000000E+00  0.7665033603E+05
