  0.1027777778E-01  0.2257019347E+08
  0.1055555556E-01  0.2254357735E+08
  0.1083333333E-01  0.2251696068E+08
  0.1111111111E-01  0.2249034455E+08
  0.1138888889E-01  0.2246372799E+08
  0.1166666667E-01  0.2243711185E+08
  0.1194444444E-01  0.2241049529E+08
  0.1222222222E-01  0.2238387917E+08
  0.1250000000E-01  0.2235726261E+08
  0.1277777778E-01  0.2233064637E+08
  0.1305555556E-01  0.2230402981E+08
  0.1333333333E-01  0.2227741334E+08
  0.1361111111E-01  0.2225079711E+08
  0.1388888889E-01  0.2222418065E+08
  0.1416666667E-01  0.2219756443E+08
  0.1444444444E-01  0.2217094785E+08
  0.1472222222E-01  0.2214433163E+08
  0.1500000000E-01  0.2211771516E+08
  0.1527777778E-01  0.2208136751E+08
  0.1555555556E-01  0.2204501977E+08
  0.1583333333E-01  0.2200867212E+08
  0.1611111111E-01  0.2197232447E+08
  0.1638888889E-01  0.2193597682E+08
  0.1666666667E-01  0.2189962907E+08
  0.1694444444E-01  0.2186328142E+08
  0.1722222222E-01  0.2182693367E+08
  0.1750000000E-01  0.2179058603E+08
  0.1777777778E-01  0.2175423837E+08
  0.1805555556E-01  0.2171789073E+08
  0.1833333333E-01  0.2168154309E+08
  0.1861111111E-01  0.2164519543E+08
  0.1888888889E-01  0.2160884779E+08
  0.1916666667E-01  0.2157249992E+08
  0.1944444444E-01  0.2153615228E+08
  0.1972222222E-01  0.2149980463E+08
  0.2000000000E-01  0.2146345699E+08
  0.2027777778E-01  0.2141823448E+08
  0.2055555556E-01  0.2137301197E+08
  0.2083333333E-01  0.2132778958E+08
  0.2111111111E-01  0.2128256708E+08
  0.2138888889E-01  0.2123734434E+08
  0.2166666667E-01  0.2119212182E+08
  0.2194444444E-01  0.2114689943E+08
  0.2222222222E-01  0.2110167693E+08
  0.2250000000E-01  0.2105645442E+08
  0.2277777778E-01  0.2101123158E+08
  0.2305555556E-01  0.2096600908E+08
  0.2333333333E-01  0.2092078668E+08
  0.2361111111E-01  0.2087556417E+08
  0.2388888889E-01  0.2083034177E+08
  0.2416666667E-01  0.2078511927E+08
  0.2444444444E-01  0.2073989642E+08
  0.2472222222E-01  0.2069467403E+08
  0.2500000000E-01  0.2064945153E+08
  0.2527777778E-01  0.2059641379E+08
  0.2555555556E-01  0.2054337604E+08
  0.2583333333E-01  0.2049033831E+08
  0.2611111111E-01  0.2043730057E+08
  0.2638888889E-01  0.2038426294E+08
  0.2666666667E-01  0.2033122510E+08
  0.2694444444E-01  0.2027818736E+08
  0.2722222222E-01  0.2022514972E+08
  0.2750000000E-01  0.2017211199E+08
  0.2777777778E-01  0.2011907425E+08
  0.2805555556E-01  0.2006603651E+08
  0.2833333333E-01  0.2001299911E+08
  0.2861111111E-01  0.1995996138E+08
  0.2888888889E-01  0.1990692375E+08
  0.2916666667E-01  0.1985388589E+08
  0.2944444444E-01  0.1980084816E+08
  0.2972222222E-01  0.1974781052E+08
  0.3000000000E-01  0.1969477279E+08
  0.3027777778E-01  0.1963514058E+08
  0.3055555556E-01  0.1957550870E+08
  0.3083333333E-01  0.1951587659E+08
  0.3111111111E-01  0.1945624482E+08
  0.3138888889E-01  0.1939661261E+08
  0.3166666667E-01  0.1933698073E+08
  0.3194444444E-01  0.1927734862E+08
  0.3222222222E-01  0.1921771685E+08
  0.3250000000E-01  0.1915808464E+08
  0.3277777778E-01  0.1909845276E+08
  0.3305555556E-01  0.1903882055E+08
  0.3333333333E-01  0.1897918888E+08
  0.3361111111E-01  0.1891955667E+08
  0.3388888889E-01  0.1885992479E+08
  0.3416666667E-01  0.1880029258E+08
  0.3444444444E-01  0.1874066080E+08
  0.3472222222E-01  0.1868102870E+08
  0.3500000000E-01  0.1862139682E+08
  0.3527777778E-01  0.1855648484E+08
  0.3555555556E-01  0.1849157250E+08
  0.3583333333E-01  0.1842666052E+08
  0.3611111111E-01  0.1836174853E+08
  0.3638888889E-01  0.1829683655E+08
  0.3666666667E-01  0.1823192467E+08
  0.3694444444E-01  0.1816701223E+08
  0.3722222222E-01  0.1810210025E+08
  0.3750000000E-01  0.1803718826E+08
  0.3777777778E-01  0.1797227628E+08
  0.3805555556E-01  0.1790736440E+08
  0.3833333333E-01  0.1784245229E+08
  0.3861111111E-01  0.1777754008E+08
  0.3888888889E-01  0.1771262799E+08
  0.3916666667E-01  0.1764771601E+08
  0.3944444444E-01  0.1758280413E+08
  0.3972222222E-01  0.1751789202E+08
  0.4000000000E-01  0.1745297981E+08
  0.4027777778E-01  0.1738418121E+08
  0.4055555556E-01  0.1731538227E+08
  0.4083333333E-01  0.1724658333E+08
  0.4111111111E-01  0.1717778473E+08
  0.4138888889E-01  0.1710898580E+08
  0.4166666667E-01  0.1704018686E+08
  0.4194444444E-01  0.1697138792E+08
  0.4222222222E-01  0.1690258932E+08
  0.4250000000E-01  0.1683379048E+08
  0.4277777778E-01  0.1676499155E+08
  0.4305555556E-01  0.1669619295E+08
  0.4333333333E-01  0.1662739401E+08
  0.4361111111E-01  0.1655859507E+08
  0.4388888889E-01  0.1648979624E+08
  0.4416666667E-01  0.1642099764E+08
  0.4444444444E-01  0.1635219870E+08
  0.4472222222E-01  0.1628339976E+08
  0.4500000000E-01  0.1621460116E+08
  0.4527777778E-01  0.1614332365E+08
  0.4555555556E-01  0.1607204638E+08
  0.4583333333E-01  0.1600076920E+08
  0.4611111111E-01  0.1592949203E+08
  0.4638888889E-01  0.1585821452E+08
  0.4666666667E-01  0.1578693724E+08
  0.4694444444E-01  0.1571566006E+08
  0.4722222222E-01  0.1564438289E+08
  0.4750000000E-01  0.1557310538E+08
  0.4777777778E-01  0.1550182821E+08
  0.4805555556E-01  0.1543055103E+08
  0.4833333333E-01  0.1535927376E+08
  0.4861111111E-01  0.1528799614E+08
  0.4888888889E-01  0.1521671896E+08
  0.4916666667E-01  0.1514544179E+08
  0.4944444444E-01  0.1507416462E+08
  0.4972222222E-01  0.1500288711E+08
  0.5000000000E-01  0.1493160994E+08
  0.5027777778E-01  0.1485923624E+08
  0.5055555556E-01  0.1478686231E+08
  0.5083333333E-01  0.1471448872E+08
  0.5111111111E-01  0.1464211479E+08
  0.5138888889E-01  0.1456974110E+08
  0.5166666667E-01  0.1449736751E+08
  0.5194444444E-01  0.1442499359E+08
  0.5222222222E-01  0.1435261999E+08
  0.5250000000E-01  0.1428024607E+08
  0.5277777778E-01  0.1420787248E+08
  0.5305555556E-01  0.1413549856E+08
  0.5333333333E-01  0.1406312496E+08
  0.5361111111E-01  0.1399075104E+08
  0.5388888889E-01  0.1391837745E+08
  0.5416666667E-01  0.1384600352E+08
  0.5444444444E-01  0.1377362993E+08
  0.5472222222E-01  0.1370125613E+08
  0.5500000000E-01  0.1362888220E+08
  0.5527777778E-01  0.1355672463E+08
  0.5555555556E-01  0.1348456662E+08
  0.5583333333E-01  0.1341240895E+08
  0.5611111111E-01  0.1334025093E+08
  0.5638888889E-01  0.1326809336E+08
  0.5666666667E-01  0.1319593525E+08
  0.5694444444E-01  0.1312377757E+08
  0.5722222222E-01  0.1305162000E+08
  0.5750000000E-01  0.1297946189E+08
  0.5777777778E-01  0.1290730431E+08
  0.5805555556E-01  0.1283514620E+08
  0.5833333333E-01  0.1276298852E+08
  0.5861111111E-01  0.1269083062E+08
  0.5888888889E-01  0.1261867283E+08
  0.5916666667E-01  0.1254651507E+08
  0.5944444444E-01  0.1247435725E+08
  0.5972222222E-01  0.1240219942E+08
  0.6000000000E-01  0.1233004160E+08
  0.6027777778E-01  0.1225931203E+08
  0.6055555556E-01  0.1218858239E+08
  0.6083333333E-01  0.1211785282E+08
  0.6111111111E-01  0.1204712304E+08
  0.6138888889E-01  0.1197639351E+08
  0.6166666667E-01  0.1190566383E+08
  0.6194444444E-01  0.1183493430E+08
  0.6222222222E-01  0.1176420462E+08
  0.6250000000E-01  0.1169347509E+08
  0.6277777778E-01  0.1162274540E+08
  0.6305555556E-01  0.1155201584E+08
  0.6333333333E-01  0.1148128609E+08
  0.6361111111E-01  0.1141055652E+08
  0.6388888889E-01  0.1133982699E+08
  0.6416666667E-01  0.1126909731E+08
  0.6444444444E-01  0.1119836775E+08
  0.6472222222E-01  0.1112763810E+08
  0.6500000000E-01  0.1105690853E+08
  0.6527777778E-01  0.1098868048E+08
  0.6555555556E-01  0.1092045253E+08
  0.6583333333E-01  0.1085222457E+08
  0.6611111111E-01  0.1078399662E+08
  0.6638888889E-01  0.1071576866E+08
  0.6666666667E-01  0.1064754071E+08
  0.6694444444E-01  0.1057931272E+08
  0.6722222222E-01  0.1051108476E+08
  0.6750000000E-01  0.1044285681E+08
  0.6777777778E-01  0.1037462886E+08
  0.6805555556E-01  0.1030640091E+08
  0.6833333333E-01  0.1023817286E+08
  0.6861111111E-01  0.1016994490E+08
  0.6888888889E-01  0.1010171692E+08
  0.6916666667E-01  0.1003348896E+08
  0.6944444444E-01  0.9965261007E+07
  0.6972222222E-01  0.9897033054E+07
  0.7000000000E-01  0.9828805098E+07
  0.7027777778E-01  0.9763995185E+07
  0.7055555556E-01  0.9699185360E+07
  0.7083333333E-01  0.9634375543E+07
  0.7111111111E-01  0.9569565629E+07
  0.7138888889E-01  0.9504755805E+07
  0.7166666667E-01  0.9439945888E+07
  0.7194444444E-01  0.9375136075E+07
  0.7222222222E-01  0.9310326150E+07
  0.7250000000E-01  0.9245516337E+07
  0.7277777778E-01  0.9180706420E+07
  0.7305555556E-01  0.9115896595E+07
  0.7333333333E-01  0.9051086782E+07
  0.7361111111E-01  0.8986276864E+07
  0.7388888889E-01  0.8921467040E+07
  0.7416666667E-01  0.8856657126E+07
  0.7444444444E-01  0.8791847314E+07
  0.7472222222E-01  0.8727037385E+07
  0.7500000000E-01  0.8662227572E+07
  0.7527777778E-01  0.8601574422E+07
  0.7555555556E-01  0.8540921138E+07
  0.7583333333E-01  0.8480267951E+07
  0.7611111111E-01  0.8419614801E+07
  0.7638888889E-01  0.8358961617E+07
  0.7666666667E-01  0.8298308333E+07
  0.7694444444E-01  0.8237655139E+07
  0.7722222222E-01  0.8177001985E+07
  0.7750000000E-01  0.8116348801E+07
  0.7777777778E-01  0.8055695517E+07
  0.7805555556E-01  0.7995042367E+07
  0.7833333333E-01  0.7934389182E+07
  0.7861111111E-01  0.7873735998E+07
  0.7888888889E-01  0.7813082714E+07
  0.7916666667E-01  0.7752429564E+07
  0.7944444444E-01  0.7691776379E+07
  0.7972222222E-01  0.7631123195E+07
  0.8000000000E-01  0.7570469944E+07
  0.8027777778E-01  0.7514531458E+07
  0.8055555556E-01  0.7458592871E+07
  0.8083333333E-01  0.7402654386E+07
  0.8111111111E-01  0.7346715933E+07
  0.8138888889E-01  0.7290777347E+07
  0.8166666667E-01  0.7234838860E+07
  0.8194444444E-01  0.7178900275E+07
  0.8222222222E-01  0.7122961822E+07
  0.8250000000E-01  0.7067023336E+07
  0.8277777778E-01  0.7011084751E+07
  0.8305555556E-01  0.6955146264E+07
  0.8333333333E-01  0.6899207711E+07
  0.8361111111E-01  0.6843269226E+07
  0.8388888889E-01  0.6787330740E+07
  0.8416666667E-01  0.6731392154E+07
  0.8444444444E-01  0.6675453713E+07
  0.8472222222E-01  0.6619515127E+07
  0.8500000000E-01  0.6563576640E+07
  0.8527777778E-01  0.6512724380E+07
  0.8555555556E-01  0.6461872220E+07
  0.8583333333E-01  0.6411019959E+07
  0.8611111111E-01  0.6360167799E+07
  0.8638888889E-01  0.6309315572E+07
  0.8666666667E-01  0.6258463412E+07
  0.8694444444E-01  0.6207611251E+07
  0.8722222222E-01  0.6156758991E+07
  0.8750000000E-01  0.6105906830E+07
  0.8777777778E-01  0.6055054569E+07
  0.8805555556E-01  0.6004202410E+07
  0.8833333333E-01  0.5953350149E+07
  0.8861111111E-01  0.5902497989E+07
  0.8888888889E-01  0.5851645728E+07
  0.8916666667E-01  0.5800793602E+07
  0.8944444444E-01  0.5749941341E+07
  0.8972222222E-01  0.5699089180E+07
  0.9000000000E-01  0.5648236920E+07
  0.9027777778E-01  0.5602666735E+07
  0.9055555556E-01  0.5557096417E+07
  0.9083333333E-01  0.5511526232E+07
  0.9111111111E-01  0.5465955936E+07
  0.9138888889E-01  0.5420385678E+07
  0.9166666667E-01  0.5374815442E+07
  0.9194444444E-01  0.5329245208E+07
  0.9222222222E-01  0.5283674973E+07
  0.9250000000E-01  0.5238104683E+07
  0.9277777778E-01  0.5192534448E+07
  0.9305555556E-01  0.5146964214E+07
  0.9333333333E-01  0.5101393979E+07
  0.9361111111E-01  0.5055823700E+07
  0.9388888889E-01  0.5010253465E+07
  0.9416666667E-01  0.4964683220E+07
  0.9444444444E-01  0.4919112985E+07
  0.9472222222E-01  0.4873542706E+07
  0.9500000000E-01  0.4827972471E+07
  0.9527777778E-01  0.4787715351E+07
  0.9555555556E-01  0.4747458242E+07
  0.9583333333E-01  0.4707201088E+07
  0.9611111111E-01  0.4666943970E+07
  0.9638888889E-01  0.4626686861E+07
  0.9666666667E-01  0.4586429740E+07
  0.9694444444E-01  0.4546172599E+07
  0.9722222222E-01  0.4505915479E+07
  0.9750000000E-01  0.4465658370E+07
  0.9777777778E-01  0.4425401249E+07
  0.9805555556E-01  0.4385144141E+07
  0.9833333333E-01  0.4344886977E+07
  0.9861111111E-01  0.4304629868E+07
  0.9888888889E-01  0.4264372760E+07
  0.9916666667E-01  0.4224115639E+07
  0.9944444444E-01  0.4183858530E+07
  0.9972222222E-01  0.4143601377E+07
  0.1000000000E+00  0.4103344268E+07
  0.1002777778E+00  0.4068282749E+07
  0.1005555556E+00  0.4033221240E+07
  0.1008333333E+00  0.3998159721E+07
  0.1011111111E+00  0.3963098212E+07
  0.1013888889E+00  0.3928036693E+07
  0.1016666667E+00  0.3892975140E+07
  0.1019444444E+00  0.3857913621E+07
  0.1022222222E+00  0.3822852112E+07
  0.1025000000E+00  0.3787790603E+07
  0.1027777778E+00  0.3752729084E+07
  0.1030555556E+00  0.3717667575E+07
  0.1033333333E+00  0.3682606056E+07
  0.1036111111E+00  0.3647544546E+07
  0.1038888889E+00  0.3612483027E+07
  0.1041666667E+00  0.3577421518E+07
  0.1044444444E+00  0.3542359967E+07
  0.1047222222E+00  0.3507298458E+07
  0.1050000000E+00  0.3472236939E+07
  0.1052777778E+00  0.3442132570E+07
  0.1055555556E+00  0.3412028167E+07
  0.1058333333E+00  0.3381923788E+07
  0.1061111111E+00  0.3351819386E+07
  0.1063888889E+00  0.3321715007E+07
  0.1066666667E+00  0.3291610605E+07
  0.1069444444E+00  0.3261506226E+07
  0.1072222222E+00  0.3231401824E+07
  0.1075000000E+00  0.3201297445E+07
  0.1077777778E+00  0.3171193076E+07
  0.1080555556E+00  0.3141088673E+07
  0.1083333333E+00  0.3110984294E+07
  0.1086111111E+00  0.3080879893E+07
  0.1088888889E+00  0.3050775524E+07
  0.1091666667E+00  0.3020671122E+07
  0.1094444444E+00  0.2990566743E+07
  0.1097222222E+00  0.2960462341E+07
  0.1100000000E+00  0.2930357962E+07
  0.1102777778E+00  0.2904869095E+07
  0.1105555556E+00  0.2879380207E+07
  0.1108333333E+00  0.2853891373E+07
  0.1111111111E+00  0.2828402496E+07
  0.1113888889E+00  0.2802913628E+07
  0.1116666667E+00  0.2777424773E+07
  0.1119444444E+00  0.2751935906E+07
  0.1122222222E+00  0.2726447029E+07
  0.1125000000E+00  0.2700958195E+07
  0.1127777778E+00  0.2675469318E+07
  0.1130555556E+00  0.2649980440E+07
  0.1133333333E+00  0.2624491563E+07
  0.1136111111E+00  0.2599002729E+07
  0.1138888889E+00  0.2573513852E+07
  0.1141666667E+00  0.2548024984E+07
  0.1144444444E+00  0.2522536130E+07
  0.1147222222E+00  0.2497047262E+07
  0.1150000000E+00  0.2471558385E+07
  0.1152777778E+00  0.2450270413E+07
  0.1155555556E+00  0.2428982397E+07
  0.1158333333E+00  0.2407694391E+07
  0.1161111111E+00  0.2386406386E+07
  0.1163888889E+00  0.2365118370E+07
  0.1166666667E+00  0.2343830398E+07
  0.1169444444E+00  0.2322542382E+07
  0.1172222222E+00  0.2301254377E+07
  0.1175000000E+00  0.2279966371E+07
  0.1177777778E+00  0.2258678355E+07
  0.1180555556E+00  0.2237390383E+07
  0.1183333333E+00  0.2216102377E+07
  0.1186111111E+00  0.2194814361E+07
  0.1188888889E+00  0.2173526356E+07
  0.1191666667E+00  0.2152238350E+07
  0.1194444444E+00  0.2130950368E+07
  0.1197222222E+00  0.2109662362E+07
  0.1200000000E+00  0.2088374346E+07
  0.1202777778E+00  0.2070823325E+07
  0.1205555556E+00  0.2053272292E+07
  0.1208333333E+00  0.2035721271E+07
  0.1211111111E+00  0.2018170249E+07
  0.1213888889E+00  0.2000619217E+07
  0.1216666667E+00  0.1983068195E+07
  0.1219444444E+00  0.1965517163E+07
  0.1222222222E+00  0.1947966131E+07
  0.1225000000E+00  0.1930415110E+07
  0.1227777778E+00  0.1912864077E+07
  0.1230555556E+00  0.1895313056E+07
  0.1233333333E+00  0.1877761990E+07
  0.1236111111E+00  0.1860210968E+07
  0.1238888889E+00  0.1842659947E+07
  0.1241666667E+00  0.1825108914E+07
  0.1244444444E+00  0.1807557883E+07
  0.1247222222E+00  0.1790006861E+07
  0.1250000000E+00  0.1772455829E+07
  0.1252777778E+00  0.1758152786E+07
  0.1255555556E+00  0.1743849722E+07
  0.1258333333E+00  0.1729546680E+07
  0.1261111111E+00  0.1715243626E+07
  0.1263888889E+00  0.1700940574E+07
  0.1266666667E+00  0.1686637520E+07
  0.1269444444E+00  0.1672334467E+07
  0.1272222222E+00  0.1658031425E+07
  0.1275000000E+00  0.1643728371E+07
  0.1277777778E+00  0.1629425285E+07
  0.1280555556E+00  0.1615122231E+07
  0.1283333333E+00  0.1600819189E+07
  0.1286111111E+00  0.1586516125E+07
  0.1288888889E+00  0.1572213083E+07
  0.1291666667E+00  0.1557910019E+07
  0.1294444444E+00  0.1543606976E+07
  0.1297222222E+00  0.1529303923E+07
  0.1300000000E+00  0.1515000870E+07
  0.1302777778E+00  0.1503454987E+07
  0.1305555556E+00  0.1491909138E+07
  0.1308333333E+00  0.1480363288E+07
  0.1311111111E+00  0.1468817405E+07
  0.1313888889E+00  0.1457271556E+07
  0.1316666667E+00  0.1445725706E+07
  0.1319444444E+00  0.1434179823E+07
  0.1322222222E+00  0.1422633974E+07
  0.1325000000E+00  0.1411088114E+07
  0.1327777778E+00  0.1399542265E+07
  0.1330555556E+00  0.1387996382E+07
  0.1333333333E+00  0.1376450532E+07
  0.1336111111E+00  0.1364904683E+07
  0.1338888889E+00  0.1353358800E+07
  0.1341666667E+00  0.1341812950E+07
  0.1344444444E+00  0.1330267101E+07
  0.1347222222E+00  0.1318721218E+07
  0.1350000000E+00  0.1307175368E+07
  0.1352777778E+00  0.1297911718E+07
  0.1355555556E+00  0.1288648058E+07
  0.1358333333E+00  0.1279384408E+07
  0.1361111111E+00  0.1270120725E+07
  0.1363888889E+00  0.1260857075E+07
  0.1366666667E+00  0.1251593426E+07
  0.1369444444E+00  0.1242329776E+07
  0.1372222222E+00  0.1233066126E+07
  0.1375000000E+00  0.1223802476E+07
  0.1377777778E+00  0.1214538815E+07
  0.1380555556E+00  0.1205275132E+07
  0.1383333333E+00  0.1196011482E+07
  0.1386111111E+00  0.1186747832E+07
  0.1388888889E+00  0.1177484182E+07
  0.1391666667E+00  0.1168220522E+07
  0.1394444444E+00  0.1158956883E+07
  0.1397222222E+00  0.1149693233E+07
  0.1400000000E+00  0.1140429550E+07
  0.1402777778E+00  0.1133005549E+07
  0.1405555556E+00  0.1125581505E+07
  0.1408333333E+00  0.1118157504E+07
  0.1411111111E+00  0.1110733481E+07
  0.1413888889E+00  0.1103309446E+07
  0.1416666667E+00  0.1095885446E+07
  0.1419444444E+00  0.1088461411E+07
  0.1422222222E+00  0.1081037411E+07
  0.1425000000E+00  0.1073613377E+07
  0.1427777778E+00  0.1066189387E+07
  0.1430555556E+00  0.1058765353E+07
  0.1433333333E+00  0.1051341318E+07
  0.1436111111E+00  0.1043917318E+07
  0.1438888889E+00  0.1036493283E+07
  0.1441666667E+00  0.1029069284E+07
  0.1444444444E+00  0.1021645250E+07
  0.1447222222E+00  0.1014221215E+07
  0.1450000000E+00  0.1006797208E+07
  0.1452777778E+00  0.1000814017E+07
  0.1455555556E+00  0.9948308161E+06
  0.1458333333E+00  0.9888476252E+06
  0.1461111111E+00  0.9828644343E+06
  0.1463888889E+00  0.9768812222E+06
  0.1466666667E+00  0.9708980313E+06
  0.1469444444E+00  0.9649148304E+06
  0.1472222222E+00  0.9589316395E+06
  0.1475000000E+00  0.9529484385E+06
  0.1477777778E+00  0.9469652443E+06
  0.1480555556E+00  0.9409820422E+06
  0.1483333333E+00  0.9349988413E+06
  0.1486111111E+00  0.9290156503E+06
  0.1488888889E+00  0.9230324494E+06
  0.1491666667E+00  0.9170492585E+06
  0.1494444444E+00  0.9110660676E+06
  0.1497222222E+00  0.9050828555E+06
  0.1500000000E+00  0.8990996646E+06
  0.1502777778E+00  0.8942098768E+06
  0.1505555556E+00  0.8893200857E+06
  0.1508333333E+00  0.8844302979E+06
  0.1511111111E+00  0.8795405068E+06
  0.1513888889E+00  0.8746507079E+06
  0.1516666667E+00  0.8697609168E+06
  0.1519444444E+00  0.8648711290E+06
  0.1522222222E+00  0.8599813379E+06
  0.1525000000E+00  0.8550915445E+06
  0.1527777778E+00  0.8502017512E+06
  0.1530555556E+00  0.8453119578E+06
  0.1533333333E+00  0.8404221678E+06
  0.1536111111E+00  0.8355323745E+06
  0.1538888889E+00  0.8306425845E+06
  0.1541666667E+00  0.8257527922E+06
  0.1544444444E+00  0.8208630022E+06
  0.1547222222E+00  0.8159732089E+06
  0.1550000000E+00  0.8110834189E+06
  0.1552777778E+00  0.8069957124E+06
  0.1555555556E+00  0.8029080204E+06
  0.1558333333E+00  0.7988203184E+06
  0.1561111111E+00  0.7947326131E+06
  0.1563888889E+00  0.7906449099E+06
  0.1566666667E+00  0.7865572146E+06
  0.1569444444E+00  0.7824695126E+06
  0.1572222222E+00  0.7783818061E+06
  0.1575000000E+00  0.7742941041E+06
  0.1577777778E+00  0.7702064121E+06
  0.1580555556E+00  0.7661187068E+06
  0.1583333333E+00  0.7620310037E+06
  0.1586111111E+00  0.7579432983E+06
  0.1588888889E+00  0.7538556063E+06
  0.1591666667E+00  0.7497679010E+06
  0.1594444444E+00  0.7456801978E+06
  0.1597222222E+00  0.7415924958E+06
  0.1600000000E+00  0.7375048005E+06
  0.1602777778E+00  0.7339847399E+06
  0.1605555556E+00  0.7304646770E+06
  0.1608333333E+00  0.7269446264E+06
  0.1611111111E+00  0.7234245624E+06
  0.1613888889E+00  0.7199044996E+06
  0.1616666667E+00  0.7163844390E+06
  0.1619444444E+00  0.7128643861E+06
  0.1622222222E+00  0.7093443255E+06
  0.1625000000E+00  0.7058242615E+06
  0.1627777778E+00  0.7023042120E+06
  0.1630555556E+00  0.6987841481E+06
  0.1633333333E+00  0.6952640885E+06
  0.1636111111E+00  0.6917440346E+06
  0.1638888889E+00  0.6882239717E+06
  0.1641666667E+00  0.6847039111E+06
  0.1644444444E+00  0.6811838472E+06
  0.1647222222E+00  0.6776637977E+06
  0.1650000000E+00  0.6741437337E+06
  0.1652777778E+00  0.6710109837E+06
  0.1655555556E+00  0.6678782193E+06
  0.1658333333E+00  0.6647454659E+06
  0.1661111111E+00  0.6616127148E+06
  0.1663888889E+00  0.6584799503E+06
  0.1666666667E+00  0.6553471970E+06
  0.1669444444E+00  0.6522144459E+06
  0.1672222222E+00  0.6490816825E+06
  0.1675000000E+00  0.6459489314E+06
  0.1677777778E+00  0.6428161781E+06
  0.1680555556E+00  0.6396834136E+06
  0.1683333333E+00  0.6365506636E+06
  0.1686111111E+00  0.6334179091E+06
  0.1688888889E+00  0.6302851458E+06
  0.1691666667E+00  0.6271523947E+06
  0.1694444444E+00  0.6240196402E+06
  0.1697222222E+00  0.6208868769E+06
  0.1700000000E+00  0.6177541257E+06
  0.1702777778E+00  0.6148792103E+06
  0.1705555556E+00  0.6120042948E+06
  0.1708333333E+00  0.6091293928E+06
  0.1711111111E+00  0.6062544773E+06
  0.1713888889E+00  0.6033795619E+06
  0.1716666667E+00  0.6005046598E+06
  0.1719444444E+00  0.5976297443E+06
  0.1722222222E+00  0.5947548290E+06
  0.1725000000E+00  0.5918799135E+06
  0.1727777778E+00  0.5890050115E+06
  0.1730555556E+00  0.5861300960E+06
  0.1733333333E+00  0.5832551805E+06
  0.1736111111E+00  0.5803802674E+06
  0.1738888889E+00  0.5775053619E+06
  0.1741666667E+00  0.5746304464E+06
  0.1744444444E+00  0.5717555344E+06
  0.1747222222E+00  0.5688806189E+06
  0.1750000000E+00  0.5660057136E+06
  0.1752777778E+00  0.5633030722E+06
  0.1755555556E+00  0.5606004296E+06
  0.1758333333E+00  0.5578977882E+06
  0.1761111111E+00  0.5551951457E+06
  0.1763888889E+00  0.5524925044E+06
  0.1766666667E+00  0.5497898630E+06
  0.1769444444E+00  0.5470872204E+06
  0.1772222222E+00  0.5443845790E+06
  0.1775000000E+00  0.5416819365E+06
  0.1777777778E+00  0.5389792952E+06
  0.1780555556E+00  0.5362766538E+06
  0.1783333333E+00  0.5335740112E+06
  0.1786111111E+00  0.5308713698E+06
  0.1788888889E+00  0.5281687374E+06
  0.1791666667E+00  0.5254660960E+06
  0.1794444444E+00  0.5227634535E+06
  0.1797222222E+00  0.5200608120E+06
  0.1800000000E+00  0.5173581706E+06
  0.1802777778E+00  0.5147789621E+06
  0.1805555556E+00  0.5121997612E+06
  0.1808333333E+00  0.5096205505E+06
  0.1811111111E+00  0.5070413520E+06
  0.1813888889E+00  0.5044621511E+06
  0.1816666667E+00  0.5018829393E+06
  0.1819444444E+00  0.4993037385E+06
  0.1822222222E+00  0.4967245310E+06
  0.1825000000E+00  0.4941453291E+06
  0.1827777778E+00  0.4915661183E+06
  0.1830555556E+00  0.4889869175E+06
  0.1833333333E+00  0.4864077190E+06
  0.1836111111E+00  0.4838285081E+06
  0.1838888889E+00  0.4812493063E+06
  0.1841666667E+00  0.4786700988E+06
  0.1844444444E+00  0.4760908980E+06
  0.1847222222E+00  0.4735116862E+06
  0.1850000000E+00  0.4709324853E+06
  0.1852777778E+00  0.4684572350E+06
  0.1855555556E+00  0.4659819845E+06
  0.1858333333E+00  0.4635067351E+06
  0.1861111111E+00  0.4610314824E+06
  0.1863888889E+00  0.4585562331E+06
  0.1866666667E+00  0.4560809825E+06
  0.1869444444E+00  0.4536057331E+06
  0.1872222222E+00  0.4511304838E+06
  0.1875000000E+00  0.4486552311E+06
  0.1877777778E+00  0.4461799806E+06
  0.1880555556E+00  0.4437047312E+06
  0.1883333333E+00  0.4412294819E+06
  0.1886111111E+00  0.4387542325E+06
  0.1888888889E+00  0.4362789787E+06
  0.1891666667E+00  0.4338037293E+06
  0.1894444444E+00  0.4313284799E+06
  0.1897222222E+00  0.4288532305E+06
  0.1900000000E+00  0.4263779812E+06
  0.1902777778E+00  0.4240083976E+06
  0.1905555556E+00  0.4216388184E+06
  0.1908333333E+00  0.4192692349E+06
  0.1911111111E+00  0.4168996558E+06
  0.1913888889E+00  0.4145300745E+06
  0.1916666667E+00  0.4121604920E+06
  0.1919444444E+00  0.4097909118E+06
  0.1922222222E+00  0.4074213294E+06
  0.1925000000E+00  0.4050517481E+06
  0.1927777778E+00  0.4026821656E+06
  0.1930555556E+00  0.4003125854E+06
  0.1933333333E+00  0.3979430062E+06
  0.1936111111E+00  0.3955734226E+06
  0.1938888889E+00  0.3932038426E+06
  0.1941666667E+00  0.3908342590E+06
  0.1944444444E+00  0.3884646798E+06
  0.1947222222E+00  0.3860950996E+06
  0.1950000000E+00  0.3837255161E+06
  0.1952777778E+00  0.3814774468E+06
  0.1955555556E+00  0.3792293741E+06
  0.1958333333E+00  0.3769813003E+06
  0.1961111111E+00  0.3747332277E+06
  0.1963888889E+00  0.3724851583E+06
  0.1966666667E+00  0.3702370857E+06
  0.1969444444E+00  0.3679890130E+06
  0.1972222222E+00  0.3657409393E+06
  0.1975000000E+00  0.3634928700E+06
  0.1977777778E+00  0.3612447962E+06
  0.1980555556E+00  0.3589967235E+06
  0.1983333333E+00  0.3567486509E+06
  0.1986111111E+00  0.3545005815E+06
  0.1988888889E+00  0.3522525089E+06
  0.1991666667E+00  0.3500044351E+06
  0.1994444444E+00  0.3477563614E+06
  0.1997222222E+00  0.3455082921E+06
  0.2000000000E+00  0.3432602194E+06
  0.2002777778E+00  0.3411566530E+06
  0.2005555556E+00  0.3390530865E+06
  0.2008333333E+00  0.3369495201E+06
  0.2011111111E+00  0.3348459536E+06
  0.2013888889E+00  0.3327423872E+06
  0.2016666667E+00  0.3306388240E+06
  0.2019444444E+00  0.3285352577E+06
  0.2022222222E+00  0.3264316922E+06
  0.2025000000E+00  0.3243281247E+06
  0.2027777778E+00  0.3222245593E+06
  0.2030555556E+00  0.3201209919E+06
  0.2033333333E+00  0.3180174264E+06
  0.2036111111E+00  0.3159138590E+06
  0.2038888889E+00  0.3138102935E+06
  0.2041666667E+00  0.3117067260E+06
  0.2044444444E+00  0.3096031640E+06
  0.2047222222E+00  0.3074995976E+06
  0.2050000000E+00  0.3053960310E+06
  0.2052777778E+00  0.3034621359E+06
  0.2055555556E+00  0.3015282452E+06
  0.2058333333E+00  0.2995943511E+06
  0.2061111111E+00  0.2976604560E+06
  0.2063888889E+00  0.2957265641E+06
  0.2066666667E+00  0.2937926700E+06
  0.2069444444E+00  0.2918587782E+06
  0.2072222222E+00  0.2899248842E+06
  0.2075000000E+00  0.2879909934E+06
  0.2077777778E+00  0.2860570983E+06
  0.2080555556E+00  0.2841232075E+06
  0.2083333333E+00  0.2821893123E+06
  0.2086111111E+00  0.2802554173E+06
  0.2088888889E+00  0.2783215265E+06
  0.2091666667E+00  0.2763876324E+06
  0.2094444444E+00  0.2744537406E+06
  0.2097222222E+00  0.2725198465E+06
  0.2100000000E+00  0.2705859547E+06
  0.2102777778E+00  0.2688443880E+06
  0.2105555556E+00  0.2671028224E+06
  0.2108333333E+00  0.2653612569E+06
  0.2111111111E+00  0.2636196912E+06
  0.2113888889E+00  0.2618781245E+06
  0.2116666667E+00  0.2601365589E+06
  0.2119444444E+00  0.2583949966E+06
  0.2122222222E+00  0.2566534311E+06
  0.2125000000E+00  0.2549118654E+06
  0.2127777778E+00  0.2531702987E+06
  0.2130555556E+00  0.2514287331E+06
  0.2133333333E+00  0.2496871675E+06
  0.2136111111E+00  0.2479456018E+06
  0.2138888889E+00  0.2462040351E+06
  0.2141666667E+00  0.2444624729E+06
  0.2144444444E+00  0.2427209073E+06
  0.2147222222E+00  0.2409793417E+06
  0.2150000000E+00  0.2392377760E+06
  0.2152777778E+00  0.2377055060E+06
  0.2155555556E+00  0.2361732349E+06
  0.2158333333E+00  0.2346409659E+06
  0.2161111111E+00  0.2331086958E+06
  0.2163888889E+00  0.2315764214E+06
  0.2166666667E+00  0.2300441524E+06
  0.2169444444E+00  0.2285118823E+06
  0.2172222222E+00  0.2269796113E+06
  0.2175000000E+00  0.2254473423E+06
  0.2177777778E+00  0.2239150722E+06
  0.2180555556E+00  0.2223828011E+06
  0.2183333333E+00  0.2208505322E+06
  0.2186111111E+00  0.2193182611E+06
  0.2188888889E+00  0.2177859909E+06
  0.2191666667E+00  0.2162537220E+06
  0.2194444444E+00  0.2147214509E+06
  0.2197222222E+00  0.2131891808E+06
  0.2200000000E+00  0.2116569085E+06
  0.2202777778E+00  0.2103435688E+06
  0.2205555556E+00  0.2090302278E+06
  0.2208333333E+00  0.2077168891E+06
  0.2211111111E+00  0.2064035481E+06
  0.2213888889E+00  0.2050902051E+06
  0.2216666667E+00  0.2037768674E+06
  0.2219444444E+00  0.2024635254E+06
  0.2222222222E+00  0.2011501844E+06
  0.2225000000E+00  0.1998368447E+06
  0.2227777778E+00  0.1985235037E+06
  0.2230555556E+00  0.1972101616E+06
  0.2233333333E+00  0.1958968240E+06
  0.2236111111E+00  0.1945834809E+06
  0.2238888889E+00  0.1932701400E+06
  0.2241666667E+00  0.1919568012E+06
  0.2244444444E+00  0.1906434603E+06
  0.2247222222E+00  0.1893301172E+06
  0.2250000000E+00  0.1880167796E+06
  0.2252777778E+00  0.1869234435E+06
  0.2255555556E+00  0.1858301075E+06
  0.2258333333E+00  0.1847367769E+06
  0.2261111111E+00  0.1836434409E+06
  0.2263888889E+00  0.1825501048E+06
  0.2266666667E+00  0.1814567732E+06
  0.2269444444E+00  0.1803634372E+06
  0.2272222222E+00  0.1792701012E+06
  0.2275000000E+00  0.1781767685E+06
  0.2277777778E+00  0.1770834346E+06
  0.2280555556E+00  0.1759900985E+06
  0.2283333333E+00  0.1748967658E+06
  0.2286111111E+00  0.1738034309E+06
  0.2288888889E+00  0.1727100948E+06
  0.2291666667E+00  0.1716167622E+06
  0.2294444444E+00  0.1705234272E+06
  0.2297222222E+00  0.1694300922E+06
  0.2300000000E+00  0.1683367561E+06
  0.2302777778E+00  0.1674563356E+06
  0.2305555556E+00  0.1665759160E+06
  0.2308333333E+00  0.1656954964E+06
  0.2311111111E+00  0.1648150747E+06
  0.2313888889E+00  0.1639346552E+06
  0.2316666667E+00  0.1630542312E+06
  0.2319444444E+00  0.1621738117E+06
  0.2322222222E+00  0.1612933921E+06
  0.2325000000E+00  0.1604129704E+06
  0.2327777778E+00  0.1595325508E+06
  0.2330555556E+00  0.1586521269E+06
  0.2333333333E+00  0.1577717074E+06
  0.2336111111E+00  0.1568912868E+06
  0.2338888889E+00  0.1560108661E+06
  0.2341666667E+00  0.1551304465E+06
  0.2344444444E+00  0.1542500226E+06
  0.2347222222E+00  0.1533696030E+06
  0.2350000000E+00  0.1524891825E+06
  0.2352777778E+00  0.1518069396E+06
  0.2355555556E+00  0.1511246923E+06
  0.2358333333E+00  0.1504424484E+06
  0.2361111111E+00  0.1497602054E+06
  0.2363888889E+00  0.1490779615E+06
  0.2366666667E+00  0.1483957142E+06
  0.2369444444E+00  0.1477134724E+06
  0.2372222222E+00  0.1470312285E+06
  0.2375000000E+00  0.1463489846E+06
  0.2377777778E+00  0.1456667383E+06
  0.2380555556E+00  0.1449844944E+06
  0.2383333333E+00  0.1443022505E+06
  0.2386111111E+00  0.1436200042E+06
  0.2388888889E+00  0.1429377614E+06
  0.2391666667E+00  0.1422555175E+06
  0.2394444444E+00  0.1415732746E+06
  0.2397222222E+00  0.1408910273E+06
  0.2400000000E+00  0.1402087833E+06
  0.2402777778E+00  0.1397037760E+06
  0.2405555556E+00  0.1391987676E+06
  0.2408333333E+00  0.1386937591E+06
  0.2411111111E+00  0.1381887507E+06
  0.2413888889E+00  0.1376837433E+06
  0.2416666667E+00  0.1371787338E+06
  0.2419444444E+00  0.1366737254E+06
  0.2422222222E+00  0.1361687180E+06
  0.2425000000E+00  0.1356637085E+06
  0.2427777778E+00  0.1351587011E+06
  0.2430555556E+00  0.1346536927E+06
  0.2433333333E+00  0.1341486853E+06
  0.2436111111E+00  0.1336436758E+06
  0.2438888889E+00  0.1331386684E+06
  0.2441666667E+00  0.1326336600E+06
  0.2444444444E+00  0.1321286515E+06
  0.2447222222E+00  0.1316236431E+06
  0.2450000000E+00  0.1311186357E+06
  0.2452777778E+00  0.1307653743E+06
  0.2455555556E+00  0.1304121163E+06
  0.2458333333E+00  0.1300588572E+06
  0.2461111111E+00  0.1297056002E+06
  0.2463888889E+00  0.1293523422E+06
  0.2466666667E+00  0.1289990842E+06
  0.2469444444E+00  0.1286458228E+06
  0.2472222222E+00  0.1282925658E+06
  0.2475000000E+00  0.1279393078E+06
  0.2477777778E+00  0.1275860486E+06
  0.2480555556E+00  0.1272327906E+06
  0.2483333333E+00  0.1268795303E+06
  0.2486111111E+00  0.1265262733E+06
  0.2488888889E+00  0.1261730146E+06
  0.2491666667E+00  0.1258197559E+06
  0.2494444444E+00  0.1254664982E+06
  0.2497222222E+00  0.1251132395E+06
  0.2500000000E+00  0.1247599801E+06
  0.2502777778E+00  0.1245301922E+06
  0.2505555556E+00  0.1243004023E+06
  0.2508333333E+00  0.1240706134E+06
  0.2511111111E+00  0.1238408249E+06
  0.2513888889E+00  0.1236110360E+06
  0.2516666667E+00  0.1233812461E+06
  0.2519444444E+00  0.1231514575E+06
  0.2522222222E+00  0.1229216686E+06
  0.2525000000E+00  0.1226918797E+06
  0.2527777778E+00  0.1224620901E+06
  0.2530555556E+00  0.1222323023E+06
  0.2533333333E+00  0.1220025124E+06
  0.2536111111E+00  0.1217727238E+06
  0.2538888889E+00  0.1215429339E+06
  0.2541666667E+00  0.1213131460E+06
  0.2544444444E+00  0.1210833561E+06
  0.2547222222E+00  0.1208535675E+06
  0.2550000000E+00  0.1206237776E+06
  0.2552777778E+00  0.1204883149E+06
  0.2555555556E+00  0.1203528526E+06
  0.2558333333E+00  0.1202173878E+06
  0.2561111111E+00  0.1200819251E+06
  0.2563888889E+00  0.1199464625E+06
  0.2566666667E+00  0.1198109994E+06
  0.2569444444E+00  0.1196755354E+06
  0.2572222222E+00  0.1195400727E+06
  0.2575000000E+00  0.1194046097E+06
  0.2577777778E+00  0.1192691465E+06
  0.2580555556E+00  0.1191336839E+06
  0.2583333333E+00  0.1189982198E+06
  0.2586111111E+00  0.1188627570E+06
  0.2588888889E+00  0.1187272940E+06
  0.2591666667E+00  0.1185918310E+06
  0.2594444444E+00  0.1184563672E+06
  0.2597222222E+00  0.1183209042E+06
  0.2600000000E+00  0.1181854412E+06
  0.2602777778E+00  0.1181157952E+06
  0.2605555556E+00  0.1180461490E+06
  0.2608333333E+00  0.1179765030E+06
  0.2611111111E+00  0.1179068568E+06
  0.2613888889E+00  0.1178372109E+06
  0.2616666667E+00  0.1177675646E+06
  0.2619444444E+00  0.1176979197E+06
  0.2622222222E+00  0.1176282734E+06
  0.2625000000E+00  0.1175586275E+06
  0.2627777778E+00  0.1174889812E+06
  0.2630555556E+00  0.1174193353E+06
  0.2633333333E+00  0.1173496891E+06
  0.2636111111E+00  0.1172800431E+06
  0.2638888889E+00  0.1172103969E+06
  0.2641666667E+00  0.1171407509E+06
  0.2644444444E+00  0.1170711057E+06
  0.2647222222E+00  0.1170014597E+06
  0.2650000000E+00  0.1169318135E+06
  0.2652777778E+00  0.1169016546E+06
  0.2655555556E+00  0.1168714948E+06
  0.2658333333E+00  0.1168413360E+06
  0.2661111111E+00  0.1168111771E+06
  0.2663888889E+00  0.1167810183E+06
  0.2666666667E+00  0.1167508595E+06
  0.2669444444E+00  0.1167207006E+06
  0.2672222222E+00  0.1166905418E+06
  0.2675000000E+00  0.1166603830E+06
  0.2677777778E+00  0.1166302241E+06
  0.2680555556E+00  0.1166000643E+06
  0.2683333333E+00  0.1165699055E+06
  0.2686111111E+00  0.1165397466E+06
  0.2688888889E+00  0.1165095878E+06
  0.2691666667E+00  0.1164794290E+06
  0.2694444444E+00  0.1164492701E+06
  0.2697222222E+00  0.1164191113E+06
  0.2700000000E+00  0.1163889525E+06
  0.2702777778E+00  0.1163752308E+06
  0.2705555556E+00  0.1163615100E+06
  0.2708333333E+00  0.1163477893E+06
  0.2711111111E+00  0.1163340686E+06
  0.2713888889E+00  0.1163203469E+06
  0.2716666667E+00  0.1163066262E+06
  0.2719444444E+00  0.1162929055E+06
  0.2722222222E+00  0.1162791847E+06
  0.2725000000E+00  0.1162654631E+06
  0.2727777778E+00  0.1162517424E+06
  0.2730555556E+00  0.1162380217E+06
  0.2733333333E+00  0.1162243010E+06
  0.2736111111E+00  0.1162105803E+06
  0.2738888889E+00  0.1161968586E+06
  0.2741666667E+00  0.1161831378E+06
  0.2744444444E+00  0.1161694171E+06
  0.2747222222E+00  0.1161556964E+06
  0.2750000000E+00  0.1161419747E+06
  0.2752777778E+00  0.1161256509E+06
  0.2755555556E+00  0.1161093270E+06
  0.2758333333E+00  0.1160930032E+06
  0.2761111111E+00  0.1160766793E+06
  0.2763888889E+00  0.1160603556E+06
  0.2766666667E+00  0.1160440313E+06
  0.2769444444E+00  0.1160277074E+06
  0.2772222222E+00  0.1160113847E+06
  0.2775000000E+00  0.1159950608E+06
  0.2777777778E+00  0.1159787370E+06
  0.2780555556E+00  0.1159624131E+06
  0.2783333333E+00  0.1159460893E+06
  0.2786111111E+00  0.1159297654E+06
  0.2788888889E+00  0.1159134415E+06
  0.2791666667E+00  0.1158971177E+06
  0.2794444444E+00  0.1158807938E+06
  0.2797222222E+00  0.1158644697E+06
  0.2800000000E+00  0.1158481458E+06
  0.2802777778E+00  0.1158146783E+06
  0.2805555556E+00  0.1157812119E+06
  0.2808333333E+00  0.1157477443E+06
  0.2811111111E+00  0.1157142778E+06
  0.2813888889E+00  0.1156808103E+06
  0.2816666667E+00  0.1156473437E+06
  0.2819444444E+00  0.1156138772E+06
  0.2822222222E+00  0.1155804098E+06
  0.2825000000E+00  0.1155469436E+06
  0.2827777778E+00  0.1155134761E+06
  0.2830555556E+00  0.1154800095E+06
  0.2833333333E+00  0.1154465420E+06
  0.2836111111E+00  0.1154130755E+06
  0.2838888889E+00  0.1153796080E+06
  0.2841666667E+00  0.1153461415E+06
  0.2844444444E+00  0.1153126740E+06
  0.2847222222E+00  0.1152792074E+06
  0.2850000000E+00  0.1152457399E+06
  0.2852777778E+00  0.1151852555E+06
  0.2855555556E+00  0.1151247713E+06
  0.2858333333E+00  0.1150642869E+06
  0.2861111111E+00  0.1150038027E+06
  0.2863888889E+00  0.1149433186E+06
  0.2866666667E+00  0.1148828342E+06
  0.2869444444E+00  0.1148223500E+06
  0.2872222222E+00  0.1147618659E+06
  0.2875000000E+00  0.1147013814E+06
  0.2877777778E+00  0.1146408973E+06
  0.2880555556E+00  0.1145804131E+06
  0.2883333333E+00  0.1145199287E+06
  0.2886111111E+00  0.1144594445E+06
  0.2888888889E+00  0.1143989601E+06
  0.2891666667E+00  0.1143384759E+06
  0.2894444444E+00  0.1142779918E+06
  0.2897222222E+00  0.1142175073E+06
  0.2900000000E+00  0.1141570232E+06
  0.2902777778E+00  0.1140640293E+06
  0.2905555556E+00  0.1139710342E+06
  0.2908333333E+00  0.1138780403E+06
  0.2911111111E+00  0.1137850457E+06
  0.2913888889E+00  0.1136920518E+06
  0.2916666667E+00  0.1135990568E+06
  0.2919444444E+00  0.1135060628E+06
  0.2922222222E+00  0.1134130679E+06
  0.2925000000E+00  0.1133200739E+06
  0.2927777778E+00  0.1132270790E+06
  0.2930555556E+00  0.1131340854E+06
  0.2933333333E+00  0.1130410914E+06
  0.2936111111E+00  0.1129480964E+06
  0.2938888889E+00  0.1128551025E+06
  0.2941666667E+00  0.1127621076E+06
  0.2944444444E+00  0.1126691135E+06
  0.2947222222E+00  0.1125761190E+06
  0.2950000000E+00  0.1124831250E+06
  0.2952777778E+00  0.1123563366E+06
  0.2955555556E+00  0.1122295483E+06
  0.2958333333E+00  0.1121027599E+06
  0.2961111111E+00  0.1119759716E+06
  0.2963888889E+00  0.1118491832E+06
  0.2966666667E+00  0.1117223949E+06
  0.2969444444E+00  0.1115956068E+06
  0.2972222222E+00  0.1114688172E+06
  0.2975000000E+00  0.1113420291E+06
  0.2977777778E+00  0.1112152405E+06
  0.2980555556E+00  0.1110884524E+06
  0.2983333333E+00  0.1109616638E+06
  0.2986111111E+00  0.1108348757E+06
  0.2988888889E+00  0.1107080871E+06
  0.2991666667E+00  0.1105812990E+06
  0.2994444444E+00  0.1104545104E+06
  0.2997222222E+00  0.1103277223E+06
  0.3000000000E+00  0.1102009341E+06
  0.3002777778E+00  0.1100424872E+06
  0.3005555556E+00  0.1098840406E+06
  0.3008333333E+00  0.1097255926E+06
  0.3011111111E+00  0.1095671461E+06
  0.3013888889E+00  0.1094086992E+06
  0.3016666667E+00  0.1092502522E+06
  0.3019444444E+00  0.1090918057E+06
  0.3022222222E+00  0.1089333588E+06
  0.3025000000E+00  0.1087749112E+06
  0.3027777778E+00  0.1086164642E+06
  0.3030555556E+00  0.1084580177E+06
  0.3033333333E+00  0.1082995708E+06
  0.3036111111E+00  0.1081411241E+06
  0.3038888889E+00  0.1079826773E+06
  0.3041666667E+00  0.1078242307E+06
  0.3044444444E+00  0.1076657827E+06
  0.3047222222E+00  0.1075073362E+06
  0.3050000000E+00  0.1073488893E+06
  0.3052777778E+00  0.1071637689E+06
  0.3055555556E+00  0.1069786474E+06
  0.3058333333E+00  0.1067935270E+06
  0.3061111111E+00  0.1066084068E+06
  0.3063888889E+00  0.1064232852E+06
  0.3066666667E+00  0.1062381648E+06
  0.3069444444E+00  0.1060530433E+06
  0.3072222222E+00  0.1058679229E+06
  0.3075000000E+00  0.1056828027E+06
  0.3077777778E+00  0.1054976810E+06
  0.3080555556E+00  0.1053125608E+06
  0.3083333333E+00  0.1051274404E+06
  0.3086111111E+00  0.1049423189E+06
  0.3088888889E+00  0.1047571985E+06
  0.3091666667E+00  0.1045720779E+06
  0.3094444444E+00  0.1043869566E+06
  0.3097222222E+00  0.1042018363E+06
  0.3100000000E+00  0.1040167148E+06
  0.3102777778E+00  0.1038119886E+06
  0.3105555556E+00  0.1036072628E+06
  0.3108333333E+00  0.1034025367E+06
  0.3111111111E+00  0.1031978116E+06
  0.3113888889E+00  0.1029930858E+06
  0.3116666667E+00  0.1027883597E+06
  0.3119444444E+00  0.1025836335E+06
  0.3122222222E+00  0.1023789077E+06
  0.3125000000E+00  0.1021741816E+06
  0.3127777778E+00  0.1019694555E+06
  0.3130555556E+00  0.1017647294E+06
  0.3133333333E+00  0.1015600037E+06
  0.3136111111E+00  0.1013552775E+06
  0.3138888889E+00  0.1011505514E+06
  0.3141666667E+00  0.1009458256E+06
  0.3144444444E+00  0.1007410995E+06
  0.3147222222E+00  0.1005363734E+06
  0.3150000000E+00  0.1003316476E+06
  0.3152777778E+00  0.1001157455E+06
  0.3155555556E+00  0.9989984344E+05
  0.3158333333E+00  0.9968394135E+05
  0.3161111111E+00  0.9946803937E+05
  0.3163888889E+00  0.9925213661E+05
  0.3166666667E+00  0.9903623453E+05
  0.3169444444E+00  0.9882033244E+05
  0.3172222222E+00  0.9860443045E+05
  0.3175000000E+00  0.9838852869E+05
  0.3177777778E+00  0.9817262660E+05
  0.3180555556E+00  0.9795672451E+05
  0.3183333333E+00  0.9774082254E+05
  0.3186111111E+00  0.9752492044E+05
  0.3188888889E+00  0.9730901869E+05
  0.3191666667E+00  0.9709311659E+05
  0.3194444444E+00  0.9687721461E+05
  0.3197222222E+00  0.9666131252E+05
  0.3200000000E+00  0.9644541044E+05
  0.3202777778E+00  0.9622723878E+05
  0.3205555556E+00  0.9600906667E+05
  0.3208333333E+00  0.9579089501E+05
  0.3211111111E+00  0.9557272290E+05
  0.3213888889E+00  0.9535455124E+05
  0.3216666667E+00  0.9513638013E+05
  0.3219444444E+00  0.9491820847E+05
  0.3222222222E+00  0.9470003647E+05
  0.3225000000E+00  0.9448186470E+05
  0.3227777778E+00  0.9426369270E+05
  0.3230555556E+00  0.9404552193E+05
  0.3233333333E+00  0.9382734993E+05
  0.3236111111E+00  0.9360917783E+05
  0.3238888889E+00  0.9339100616E+05
  0.3241666667E+00  0.9317283417E+05
  0.3244444444E+00  0.9295466239E+05
  0.3247222222E+00  0.9273649140E+05
  0.3250000000E+00  0.9251831962E+05
  0.3252777778E+00  0.9230682466E+05
  0.3255555556E+00  0.9209533092E+05
  0.3258333333E+00  0.9188383584E+05
  0.3261111111E+00  0.9167234209E+05
  0.3263888889E+00  0.9146084713E+05
  0.3266666667E+00  0.9124935238E+05
  0.3269444444E+00  0.9103785831E+05
  0.3272222222E+00  0.9082636334E+05
  0.3275000000E+00  0.9061486960E+05
  0.3277777778E+00  0.9040337452E+05
  0.3280555556E+00  0.9019188078E+05
  0.3283333333E+00  0.8998038581E+05
  0.3286111111E+00  0.8976889107E+05
  0.3288888889E+00  0.8955739699E+05
  0.3291666667E+00  0.8934590236E+05
  0.3294444444E+00  0.8913440828E+05
  0.3297222222E+00  0.8892291354E+05
  0.3300000000E+00  0.8871141945E+05
  0.3302777778E+00  0.8851474141E+05
  0.3305555556E+00  0.8831806290E+05
  0.3308333333E+00  0.8812138441E+05
  0.3311111111E+00  0.8792470624E+05
  0.3313888889E+00  0.8772802774E+05
  0.3316666667E+00  0.8753134958E+05
  0.3319444444E+00  0.8733467108E+05
  0.3322222222E+00  0.8713799191E+05
  0.3325000000E+00  0.8694131342E+05
  0.3327777778E+00  0.8674463491E+05
  0.3330555556E+00  0.8654795687E+05
  0.3333333333E+00  0.8635127836E+05
  0.3336111111E+00  0.8615460020E+05
  0.3338888889E+00  0.8595792170E+05
  0.3341666667E+00  0.8576124321E+05
  0.3344444444E+00  0.8556456504E+05
  0.3347222222E+00  0.8536788654E+05
  0.3350000000E+00  0.8517120837E+05
  0.3352777778E+00  0.8499642044E+05
  0.3355555556E+00  0.8482163151E+05
  0.3358333333E+00  0.8464684247E+05
  0.3361111111E+00  0.8447205387E+05
  0.3363888889E+00  0.8429726594E+05
  0.3366666667E+00  0.8412247689E+05
  0.3369444444E+00  0.8394768796E+05
  0.3372222222E+00  0.8377290036E+05
  0.3375000000E+00  0.8359811132E+05
  0.3377777778E+00  0.8342332239E+05
  0.3380555556E+00  0.8324853346E+05
  0.3383333333E+00  0.8307374575E+05
  0.3386111111E+00  0.8289895680E+05
  0.3388888889E+00  0.8272416787E+05
  0.3391666667E+00  0.8254937983E+05
  0.3394444444E+00  0.8237459123E+05
  0.3397222222E+00  0.8219980230E+05
  0.3400000000E+00  0.8202501326E+05
  0.3402777778E+00  0.8187766718E+05
  0.3405555556E+00  0.8173032012E+05
  0.3408333333E+00  0.8158297404E+05
  0.3411111111E+00  0.8143562686E+05
  0.3413888889E+00  0.8128828079E+05
  0.3416666667E+00  0.8114093372E+05
  0.3419444444E+00  0.8099358664E+05
  0.3422222222E+00  0.8084624058E+05
  0.3425000000E+00  0.8069889339E+05
  0.3427777778E+00  0.8055154731E+05
  0.3430555556E+00  0.8040420025E+05
  0.3433333333E+00  0.8025685418E+05
  0.3436111111E+00  0.8010950710E+05
  0.3438888889E+00  0.7996216026E+05
  0.3441666667E+00  0.7981481418E+05
  0.3444444444E+00  0.7966746711E+05
  0.3447222222E+00  0.7952012105E+05
  0.3450000000E+00  0.7937277386E+05
  0.3452777778E+00  0.7925669284E+05
  0.3455555556E+00  0.7914061304E+05
  0.3458333333E+00  0.7902453191E+05
  0.3461111111E+00  0.7890845122E+05
  0.3463888889E+00  0.7879237009E+05
  0.3466666667E+00  0.7867629029E+05
  0.3469444444E+00  0.7856020927E+05
  0.3472222222E+00  0.7844412847E+05
  0.3475000000E+00  0.7832804734E+05
  0.3477777778E+00  0.7821196755E+05
  0.3480555556E+00  0.7809588653E+05
  0.3483333333E+00  0.7797980573E+05
  0.3486111111E+00  0.7786372460E+05
  0.3488888889E+00  0.7774764491E+05
  0.3491666667E+00  0.7763156378E+05
  0.3494444444E+00  0.7751548298E+05
  0.3497222222E+00  0.7739940296E+05
  0.3500000000E+00  0.7728332216E+05
  0.3502777778E+00  0.7720049376E+05
  0.3505555556E+00  0.7711766569E+05
  0.3508333333E+00  0.7703483729E+05
  0.3511111111E+00  0.7695200922E+05
  0.3513888889E+00  0.7686918082E+05
  0.3516666667E+00  0.7678635241E+05
  0.3519444444E+00  0.7670352435E+05
  0.3522222222E+00  0.7662069593E+05
  0.3525000000E+00  0.7653786786E+05
  0.3527777778E+00  0.7645503946E+05
  0.3530555556E+00  0.7637221140E+05
  0.3533333333E+00  0.7628938299E+05
  0.3536111111E+00  0.7620655492E+05
  0.3538888889E+00  0.7612372652E+05
  0.3541666667E+00  0.7604089812E+05
  0.3544444444E+00  0.7595807005E+05
  0.3547222222E+00  0.7587524176E+05
  0.3550000000E+00  0.7579241369E+05
  0.3552777778E+00  0.7574300104E+05
  0.3555555556E+00  0.7569358840E+05
  0.3558333333E+00  0.7564417575E+05
  0.3561111111E+00  0.7559476210E+05
  0.3563888889E+00  0.7554534945E+05
  0.3566666667E+00  0.7549593692E+05
  0.3569444444E+00  0.7544652427E+05
  0.3572222222E+00  0.7539711195E+05
  0.3575000000E+00  0.7534769931E+05
  0.3577777778E+00  0.7529828666E+05
  0.3580555556E+00  0.7524887402E+05
  0.3583333333E+00  0.7519946048E+05
  0.3586111111E+00  0.7515004784E+05
  0.3588888889E+00  0.7510063519E+05
  0.3591666667E+00  0.7505122254E+05
  0.3594444444E+00  0.7500180989E+05
  0.3597222222E+00  0.7495239758E+05
  0.3600000000E+00  0.7490298504E+05
  0.3602777778E+00  0.7488541427E+05
  0.3605555556E+00  0.7486784461E+05
  0.3608333333E+00  0.7485027350E+05
  0.3611111111E+00  0.7483270373E+05
  0.3613888889E+00  0.7481513307E+05
  0.3616666667E+00  0.7479756330E+05
  0.3619444444E+00  0.7477999263E+05
  0.3622222222E+00  0.7476242287E+05
  0.3625000000E+00  0.7474485220E+05
  0.3627777778E+00  0.7472728243E+05
  0.3630555556E+00  0.7470971176E+05
  0.3633333333E+00  0.7469214200E+05
  0.3636111111E+00  0.7467457133E+05
  0.3638888889E+00  0.7465700155E+05
  0.3641666667E+00  0.7463943079E+05
  0.3644444444E+00  0.7462186113E+05
  0.3647222222E+00  0.7460429035E+05
  0.3650000000E+00  0.7458672070E+05
  0.3652777778E+00  0.7459790244E+05
  0.3655555556E+00  0.7460908306E+05
  0.3658333333E+00  0.7462026514E+05
  0.3661111111E+00  0.7463144688E+05
  0.3663888889E+00  0.7464262762E+05
  0.3666666667E+00  0.7465380937E+05
  0.3669444444E+00  0.7466499144E+05
  0.3672222222E+00  0.7467617318E+05
  0.3675000000E+00  0.7468735381E+05
  0.3677777778E+00  0.7469853555E+05
  0.3680555556E+00  0.7470971763E+05
  0.3683333333E+00  0.7472089838E+05
  0.3686111111E+00  0.7473208012E+05
  0.3688888889E+00  0.7474326186E+05
  0.3691666667E+00  0.7475444382E+05
  0.3694444444E+00  0.7476562456E+05
  0.3697222222E+00  0.7477680630E+05
  0.3700000000E+00  0.7478798804E+05
  0.3702777778E+00  0.7482353119E+05
  0.3705555556E+00  0.7485907433E+05
  0.3708333333E+00  0.7489461759E+05
  0.3711111111E+00  0.7493016174E+05
  0.3713888889E+00  0.7496570488E+05
  0.3716666667E+00  0.7500124803E+05
  0.3719444444E+00  0.7503679129E+05
  0.3722222222E+00  0.7507233443E+05
  0.3725000000E+00  0.7510787758E+05
  0.3727777778E+00  0.7514342172E+05
  0.3730555556E+00  0.7517896499E+05
  0.3733333333E+00  0.7521450813E+05
  0.3736111111E+00  0.7525005128E+05
  0.3738888889E+00  0.7528559442E+05
  0.3741666667E+00  0.7532113823E+05
  0.3744444444E+00  0.7535668149E+05
  0.3747222222E+00  0.7539222464E+05
  0.3750000000E+00  0.7542776778E+05
  0.3752777778E+00  0.7548236609E+05
  0.3755555556E+00  0.7553696572E+05
  0.3758333333E+00  0.7559156402E+05
  0.3761111111E+00  0.7564616232E+05
  0.3763888889E+00  0.7570076163E+05
  0.3766666667E+00  0.7575535992E+05
  0.3769444444E+00  0.7580995956E+05
  0.3772222222E+00  0.7586455787E+05
  0.3775000000E+00  0.7591915617E+05
  0.3777777778E+00  0.7597375546E+05
  0.3780555556E+00  0.7602835377E+05
  0.3783333333E+00  0.7608295240E+05
  0.3786111111E+00  0.7613755170E+05
  0.3788888889E+00  0.7619215000E+05
  0.3791666667E+00  0.7624674831E+05
  0.3794444444E+00  0.7630134761E+05
  0.3797222222E+00  0.7635594623E+05
  0.3800000000E+00  0.7641054454E+05
  0.3802777778E+00  0.7647820299E+05
  0.3805555556E+00  0.7654586075E+05
  0.3808333333E+00  0.7661351818E+05
  0.3811111111E+00  0.7668117696E+05
  0.3813888889E+00  0.7674883473E+05
  0.3816666667E+00  0.7681649318E+05
  0.3819444444E+00  0.7688415094E+05
  0.3822222222E+00  0.7695180839E+05
  0.3825000000E+00  0.7701946716E+05
  0.3827777778E+00  0.7708712459E+05
  0.3830555556E+00  0.7715478337E+05
  0.3833333333E+00  0.7722244080E+05
  0.3836111111E+00  0.7729009858E+05
  0.3838888889E+00  0.7735775701E+05
  0.3841666667E+00  0.7742541479E+05
  0.3844444444E+00  0.7749307323E+05
  0.3847222222E+00  0.7756073099E+05
  0.3850000000E+00  0.7762838844E+05
  0.3852777778E+00  0.7770294937E+05
  0.3855555556E+00  0.7777751031E+05
  0.3858333333E+00  0.7785207081E+05
  0.3861111111E+00  0.7792663075E+05
  0.3863888889E+00  0.7800119124E+05
  0.3866666667E+00  0.7807575218E+05
  0.3869444444E+00  0.7815031202E+05
  0.3872222222E+00  0.7822487261E+05
  0.3875000000E+00  0.7829943344E+05
  0.3877777778E+00  0.7837399405E+05
  0.3880555556E+00  0.7844855387E+05
  0.3883333333E+00  0.7852311481E+05
  0.3886111111E+00  0.7859767531E+05
  0.3888888889E+00  0.7867223624E+05
  0.3891666667E+00  0.7874679585E+05
  0.3894444444E+00  0.7882135668E+05
  0.3897222222E+00  0.7889591761E+05
  0.3900000000E+00  0.7897047811E+05
  0.3902777778E+00  0.7904574751E+05
  0.3905555556E+00  0.7912101825E+05
  0.3908333333E+00  0.7919628854E+05
  0.3911111111E+00  0.7927155893E+05
  0.3913888889E+00  0.7934682933E+05
  0.3916666667E+00  0.7942209973E+05
  0.3919444444E+00  0.7949737002E+05
  0.3922222222E+00  0.7957263942E+05
  0.3925000000E+00  0.7964790982E+05
  0.3927777778E+00  0.7972318021E+05
  0.3930555556E+00  0.7979845083E+05
  0.3933333333E+00  0.7987372123E+05
  0.3936111111E+00  0.7994899163E+05
  0.3938888889E+00  0.8002426203E+05
  0.3941666667E+00  0.8009953143E+05
  0.3944444444E+00  0.8017480172E+05
  0.3947222222E+00  0.8025007211E+05
  0.3950000000E+00  0.8032534251E+05
  0.3952777778E+00  0.8039562639E+05
  0.3955555556E+00  0.8046590928E+05
  0.3958333333E+00  0.8053619349E+05
  0.3961111111E+00  0.8060647738E+05
  0.3963888889E+00  0.8067676026E+05
  0.3966666667E+00  0.8074704414E+05
  0.3969444444E+00  0.8081732802E+05
  0.3972222222E+00  0.8088761091E+05
  0.3975000000E+00  0.8095789479E+05
  0.3977777778E+00  0.8102817879E+05
  0.3980555556E+00  0.8109846167E+05
  0.3983333333E+00  0.8116874556E+05
  0.3986111111E+00  0.8123902844E+05
  0.3988888889E+00  0.8130931231E+05
  0.3991666667E+00  0.8137959620E+05
  0.3994444444E+00  0.8144987908E+05
  0.3997222222E+00  0.8152016297E+05
  0.4000000000E+00  0.8159044685E+05
  0.4002777778E+00  0.8165068123E+05
  0.4005555556E+00  0.8171091650E+05
  0.4008333333E+00  0.8177115176E+05
  0.4011111111E+00  0.8183138613E+05
  0.4013888889E+00  0.8189162107E+05
  0.4016666667E+00  0.8195185644E+05
  0.4019444444E+00  0.8201209071E+05
  0.4022222222E+00  0.8207232609E+05
  0.4025000000E+00  0.8213256003E+05
  0.4027777778E+00  0.8219279529E+05
  0.4030555556E+00  0.8225303066E+05
  0.4033333333E+00  0.8231326493E+05
  0.4036111111E+00  0.8237350031E+05
  0.4038888889E+00  0.8243373524E+05
  0.4041666667E+00  0.8249396962E+05
  0.4044444444E+00  0.8255420489E+05
  0.4047222222E+00  0.8261444027E+05
  0.4050000000E+00  0.8267467420E+05
  0.4052777778E+00  0.8272074390E+05
  0.4055555556E+00  0.8276681362E+05
  0.4058333333E+00  0.8281288222E+05
  0.4061111111E+00  0.8285895160E+05
  0.4063888889E+00  0.8290502129E+05
  0.4066666667E+00  0.8295109001E+05
  0.4069444444E+00  0.8299715972E+05
  0.4072222222E+00  0.8304322910E+05
  0.4075000000E+00  0.8308929869E+05
  0.4077777778E+00  0.8313536740E+05
  0.4080555556E+00  0.8318143711E+05
  0.4083333333E+00  0.8322750649E+05
  0.4086111111E+00  0.8327357620E+05
  0.4088888889E+00  0.8331964491E+05
  0.4091666667E+00  0.8336571416E+05
  0.4094444444E+00  0.8341178388E+05
  0.4097222222E+00  0.8345785258E+05
  0.4100000000E+00  0.8350392230E+05
  0.4102777778E+00  0.8353279673E+05
  0.4105555556E+00  0.8356167040E+05
  0.4108333333E+00  0.8359054483E+05
  0.4111111111E+00  0.8361941960E+05
  0.4113888889E+00  0.8364829294E+05
  0.4116666667E+00  0.8367716771E+05
  0.4119444444E+00  0.8370604215E+05
  0.4122222222E+00  0.8373491592E+05
  0.4125000000E+00  0.8376379025E+05
  0.4127777778E+00  0.8379266502E+05
  0.4130555556E+00  0.8382153845E+05
  0.4133333333E+00  0.8385041324E+05
  0.4136111111E+00  0.8387928756E+05
  0.4138888889E+00  0.8390816133E+05
  0.4141666667E+00  0.8393703611E+05
  0.4144444444E+00  0.8396590943E+05
  0.4147222222E+00  0.8399478420E+05
  0.4150000000E+00  0.8402365865E+05
  0.4152777778E+00  0.8403347780E+05
  0.4155555556E+00  0.8404329694E+05
  0.4158333333E+00  0.8405311720E+05
  0.4161111111E+00  0.8406293668E+05
  0.4163888889E+00  0.8407275583E+05
  0.4166666667E+00  0.8408257597E+05
  0.4169444444E+00  0.8409239523E+05
  0.4172222222E+00  0.8410221438E+05
  0.4175000000E+00  0.8411203453E+05
  0.4177777778E+00  0.8412185368E+05
  0.4180555556E+00  0.8413167294E+05
  0.4183333333E+00  0.8414149309E+05
  0.4186111111E+00  0.8415131224E+05
  0.4188888889E+00  0.8416113138E+05
  0.4191666667E+00  0.8417095198E+05
  0.4194444444E+00  0.8418077113E+05
  0.4197222222E+00  0.8419059027E+05
  0.4200000000E+00  0.8420041042E+05
  0.4202777778E+00  0.8419055618E+05
  0.4205555556E+00  0.8418070306E+05
  0.4208333333E+00  0.8417084982E+05
  0.4211111111E+00  0.8416099559E+05
  0.4213888889E+00  0.8415114202E+05
  0.4216666667E+00  0.8414128879E+05
  0.4219444444E+00  0.8413143454E+05
  0.4222222222E+00  0.8412158131E+05
  0.4225000000E+00  0.8411172808E+05
  0.4227777778E+00  0.8410187385E+05
  0.4230555556E+00  0.8409202072E+05
  0.4233333333E+00  0.8408216749E+05
  0.4236111111E+00  0.8407231425E+05
  0.4238888889E+00  0.8406246001E+05
  0.4241666667E+00  0.8405260678E+05
  0.4244444444E+00  0.8404275354E+05
  0.4247222222E+00  0.8403289931E+05
  0.4250000000E+00  0.8402304574E+05
  0.4252777778E+00  0.8399408089E+05
  0.4255555556E+00  0.8396511569E+05
  0.4258333333E+00  0.8393614950E+05
  0.4261111111E+00  0.8390718432E+05
  0.4263888889E+00  0.8387821901E+05
  0.4266666667E+00  0.8384925382E+05
  0.4269444444E+00  0.8382028896E+05
  0.4272222222E+00  0.8379132377E+05
  0.4275000000E+00  0.8376235847E+05
  0.4277777778E+00  0.8373339328E+05
  0.4280555556E+00  0.8370442709E+05
  0.4283333333E+00  0.8367546191E+05
  0.4286111111E+00  0.8364649704E+05
  0.4288888889E+00  0.8361753174E+05
  0.4291666667E+00  0.8358856656E+05
  0.4294444444E+00  0.8355960136E+05
  0.4297222222E+00  0.8353063618E+05
  0.4300000000E+00  0.8350167099E+05
  0.4302777778E+00  0.8345523865E+05
  0.4305555556E+00  0.8340880731E+05
  0.4308333333E+00  0.8336237464E+05
  0.4311111111E+00  0.8331594231E+05
  0.4313888889E+00  0.8326951086E+05
  0.4316666667E+00  0.8322307818E+05
  0.4319444444E+00  0.8317664685E+05
  0.4322222222E+00  0.8313021451E+05
  0.4325000000E+00  0.8308378284E+05
  0.4327777778E+00  0.8303735050E+05
  0.4330555556E+00  0.8299091883E+05
  0.4333333333E+00  0.8294448651E+05
  0.4336111111E+00  0.8289805517E+05
  0.4338888889E+00  0.8285162250E+05
  0.4341666667E+00  0.8280519116E+05
  0.4344444444E+00  0.8275875882E+05
  0.4347222222E+00  0.8271232715E+05
  0.4350000000E+00  0.8266589481E+05
  0.4352777778E+00  0.8260456822E+05
  0.4355555556E+00  0.8254324128E+05
  0.4358333333E+00  0.8248191367E+05
  0.4361111111E+00  0.8242058663E+05
  0.4363888889E+00  0.8235926002E+05
  0.4366666667E+00  0.8229793242E+05
  0.4369444444E+00  0.8223660549E+05
  0.4372222222E+00  0.8217527878E+05
  0.4375000000E+00  0.8211395117E+05
  0.4377777778E+00  0.8205262424E+05
  0.4380555556E+00  0.8199129763E+05
  0.4383333333E+00  0.8192997004E+05
  0.4386111111E+00  0.8186864299E+05
  0.4388888889E+00  0.8180731639E+05
  0.4391666667E+00  0.8174598879E+05
  0.4394444444E+00  0.8168466184E+05
  0.4397222222E+00  0.8162333525E+05
  0.4400000000E+00  0.8156200720E+05
  0.4402777778E+00  0.8148910667E+05
  0.4405555556E+00  0.8141620481E+05
  0.4408333333E+00  0.8134330284E+05
  0.4411111111E+00  0.8127040231E+05
  0.4413888889E+00  0.8119750045E+05
  0.4416666667E+00  0.8112459948E+05
  0.4419444444E+00  0.8105169761E+05
  0.4422222222E+00  0.8097879597E+05
  0.4425000000E+00  0.8090589511E+05
  0.4427777778E+00  0.8083299325E+05
  0.4430555556E+00  0.8076009161E+05
  0.4433333333E+00  0.8068719075E+05
  0.4436111111E+00  0.8061428888E+05
  0.4438888889E+00  0.8054138691E+05
  0.4441666667E+00  0.8046848639E+05
  0.4444444444E+00  0.8039558441E+05
  0.4447222222E+00  0.8032268255E+05
  0.4450000000E+00  0.8024978169E+05
  0.4452777778E+00  0.8016907823E+05
  0.4455555556E+00  0.8008837355E+05
  0.4458333333E+00  0.8000766986E+05
  0.4461111111E+00  0.7992696618E+05
  0.4463888889E+00  0.7984626250E+05
  0.4466666667E+00  0.7976555904E+05
  0.4469444444E+00  0.7968485535E+05
  0.4472222222E+00  0.7960415168E+05
  0.4475000000E+00  0.7952344799E+05
  0.4477777778E+00  0.7944274419E+05
  0.4480555556E+00  0.7936203985E+05
  0.4483333333E+00  0.7928133616E+05
  0.4486111111E+00  0.7920063249E+05
  0.4488888889E+00  0.7911992869E+05
  0.4491666667E+00  0.7903922501E+05
  0.4494444444E+00  0.7895852132E+05
  0.4497222222E+00  0.7887781798E+05
  0.4500000000E+00  0.7879711399E+05
  0.4502777778E+00  0.7871264766E+05
  0.4505555556E+00  0.7862818089E+05
  0.4508333333E+00  0.7854371456E+05
  0.4511111111E+00  0.7845924813E+05
  0.4513888889E+00  0.7837478191E+05
  0.4516666667E+00  0.7829031548E+05
  0.4519444444E+00  0.7820584881E+05
  0.4522222222E+00  0.7812138238E+05
  0.4525000000E+00  0.7803691616E+05
  0.4527777778E+00  0.7795244973E+05
  0.4530555556E+00  0.7786798307E+05
  0.4533333333E+00  0.7778351664E+05
  0.4536111111E+00  0.7769905031E+05
  0.4538888889E+00  0.7761458399E+05
  0.4541666667E+00  0.7753011732E+05
  0.4544444444E+00  0.7744565089E+05
  0.4547222222E+00  0.7736118456E+05
  0.4550000000E+00  0.7727671824E+05
  0.4552777778E+00  0.7719253847E+05
  0.4555555556E+00  0.7710835880E+05
  0.4558333333E+00  0.7702417903E+05
  0.4561111111E+00  0.7693999927E+05
  0.4563888889E+00  0.7685581971E+05
  0.4566666667E+00  0.7677163994E+05
  0.4569444444E+00  0.7668746017E+05
  0.4572222222E+00  0.7660328051E+05
  0.4575000000E+00  0.7651910075E+05
  0.4577777778E+00  0.7643492097E+05
  0.4580555556E+00  0.7635074142E+05
  0.4583333333E+00  0.7626656164E+05
  0.4586111111E+00  0.7618238188E+05
  0.4588888889E+00  0.7609820221E+05
  0.4591666667E+00  0.7601402244E+05
  0.4594444444E+00  0.7592984278E+05
  0.4597222222E+00  0.7584566312E+05
  0.4600000000E+00  0.7576148335E+05
  0.4602777778E+00  0.7568138789E+05
  0.4605555556E+00  0.7560129287E+05
  0.4608333333E+00  0.7552119741E+05
  0.4611111111E+00  0.7544110228E+05
  0.4613888889E+00  0.7536100692E+05
  0.4616666667E+00  0.7528091180E+05
  0.4619444444E+00  0.7520081645E+05
  0.4622222222E+00  0.7512072132E+05
  0.4625000000E+00  0.7504062586E+05
  0.4627777778E+00  0.7496053083E+05
  0.4630555556E+00  0.7488043537E+05
  0.4633333333E+00  0.7480034024E+05
  0.4636111111E+00  0.7472024499E+05
  0.4638888889E+00  0.7464014987E+05
  0.4641666667E+00  0.7456005450E+05
  0.4644444444E+00  0.7447995938E+05
  0.4647222222E+00  0.7439986392E+05
  0.4650000000E+00  0.7431976890E+05
  0.4652777778E+00  0.7424710771E+05
  0.4655555556E+00  0.7417444673E+05
  0.4658333333E+00  0.7410178566E+05
  0.4661111111E+00  0.7402912491E+05
  0.4663888889E+00  0.7395646383E+05
  0.4666666667E+00  0.7388380286E+05
  0.4669444444E+00  0.7381114177E+05
  0.4672222222E+00  0.7373848069E+05
  0.4675000000E+00  0.7366581971E+05
  0.4677777778E+00  0.7359315853E+05
  0.4680555556E+00  0.7352049789E+05
  0.4683333333E+00  0.7344783669E+05
  0.4686111111E+00  0.7337517573E+05
  0.4688888889E+00  0.7330251465E+05
  0.4691666667E+00  0.7322985356E+05
  0.4694444444E+00  0.7315719249E+05
  0.4697222222E+00  0.7308453151E+05
  0.4700000000E+00  0.7301187075E+05
  0.4702777778E+00  0.7294937026E+05
  0.4705555556E+00  0.7288686999E+05
  0.4708333333E+00  0.7282436960E+05
  0.4711111111E+00  0.7276186921E+05
  0.4713888889E+00  0.7269936905E+05
  0.4716666667E+00  0.7263686866E+05
  0.4719444444E+00  0.7257436839E+05
  0.4722222222E+00  0.7251186800E+05
  0.4725000000E+00  0.7244936751E+05
  0.4727777778E+00  0.7238686745E+05
  0.4730555556E+00  0.7232436706E+05
  0.4733333333E+00  0.7226186679E+05
  0.4736111111E+00  0.7219936641E+05
  0.4738888889E+00  0.7213686592E+05
  0.4741666667E+00  0.7207436586E+05
  0.4744444444E+00  0.7201186547E+05
  0.4747222222E+00  0.7194936519E+05
  0.4750000000E+00  0.7188686471E+05
  0.4752777778E+00  0.7183651608E+05
  0.4755555556E+00  0.7178616756E+05
  0.4758333333E+00  0.7173581904E+05
  0.4761111111E+00  0.7168547052E+05
  0.4763888889E+00  0.7163512189E+05
  0.4766666667E+00  0.7158477337E+05
  0.4769444444E+00  0.7153442484E+05
  0.4772222222E+00  0.7148407621E+05
  0.4775000000E+00  0.7143372770E+05
  0.4777777778E+00  0.7138337917E+05
  0.4780555556E+00  0.7133303055E+05
  0.4783333333E+00  0.7128268169E+05
  0.4786111111E+00  0.7123233307E+05
  0.4788888889E+00  0.7118198444E+05
  0.4791666667E+00  0.7113163592E+05
  0.4794444444E+00  0.7108128741E+05
  0.4797222222E+00  0.7103093889E+05
  0.4800000000E+00  0.7098059026E+05
  0.4802777778E+00  0.7094354879E+05
  0.4805555556E+00  0.7090650734E+05
  0.4808333333E+00  0.7086946611E+05
  0.4811111111E+00  0.7083242454E+05
  0.4813888889E+00  0.7079538308E+05
  0.4816666667E+00  0.7075834151E+05
  0.4819444444E+00  0.7072130006E+05
  0.4822222222E+00  0.7068425882E+05
  0.4825000000E+00  0.7064721736E+05
  0.4827777778E+00  0.7061017579E+05
  0.4830555556E+00  0.7057313433E+05
  0.4833333333E+00  0.7053609277E+05
  0.4836111111E+00  0.7049905120E+05
  0.4838888889E+00  0.7046201007E+05
  0.4841666667E+00  0.7042496861E+05
  0.4844444444E+00  0.7038792703E+05
  0.4847222222E+00  0.7035088547E+05
  0.4850000000E+00  0.7031384402E+05
  0.4852777778E+00  0.7029044637E+05
  0.4855555556E+00  0.7026704848E+05
  0.4858333333E+00  0.7024365038E+05
  0.4861111111E+00  0.7022025284E+05
  0.4863888889E+00  0.7019685486E+05
  0.4866666667E+00  0.7017345697E+05
  0.4869444444E+00  0.7015005932E+05
  0.4872222222E+00  0.7012666132E+05
  0.4875000000E+00  0.7010326335E+05
  0.4877777778E+00  0.7007986579E+05
  0.4880555556E+00  0.7005646781E+05
  0.4883333333E+00  0.7003306981E+05
  0.4886111111E+00  0.7000967216E+05
  0.4888888889E+00  0.6998627428E+05
  0.4891666667E+00  0.6996287630E+05
  0.4894444444E+00  0.6993947875E+05
  0.4897222222E+00  0.6991608065E+05
  0.4900000000E+00  0.6989268276E+05
  0.4902777778E+00  0.6988245468E+05
  0.4905555556E+00  0.6987222659E+05
  0.4908333333E+00  0.6986199827E+05
  0.4911111111E+00  0.6985177029E+05
  0.4913888889E+00  0.6984154187E+05
  0.4916666667E+00  0.6983131388E+05
  0.4919444444E+00  0.6982108579E+05
  0.4922222222E+00  0.6981085736E+05
  0.4925000000E+00  0.6980062938E+05
  0.4927777778E+00  0.6979040129E+05
  0.4930555556E+00  0.6978017287E+05
  0.4933333333E+00  0.6976994488E+05
  0.4936111111E+00  0.6975971646E+05
  0.4938888889E+00  0.6974948836E+05
  0.4941666667E+00  0.6973926037E+05
  0.4944444444E+00  0.6972903196E+05
  0.4947222222E+00  0.6971880386E+05
  0.4950000000E+00  0.6970857599E+05
