  0.1027777778E-01  0.2256574899E+08
  0.1055555556E-01  0.2253818254E+08
  0.1083333333E-01  0.2251061577E+08
  0.1111111111E-01  0.2248304909E+08
  0.1138888889E-01  0.2245548231E+08
  0.1166666667E-01  0.2242791553E+08
  0.1194444444E-01  0.2240034875E+08
  0.1222222222E-01  0.2237278208E+08
  0.1250000000E-01  0.2234521530E+08
  0.1277777778E-01  0.2231764853E+08
  0.1305555556E-01  0.2229008174E+08
  0.1333333333E-01  0.2226251496E+08
  0.1361111111E-01  0.2223494829E+08
  0.1388888889E-01  0.2220738151E+08
  0.1416666667E-01  0.2217981507E+08
  0.1444444444E-01  0.2215224840E+08
  0.1472222222E-01  0.2212468173E+08
  0.1500000000E-01  0.2209711495E+08
  0.1527777778E-01  0.2205951270E+08
  0.1555555556E-01  0.2202191079E+08
  0.1583333333E-01  0.2198430888E+08
  0.1611111111E-01  0.2194670674E+08
  0.1638888889E-01  0.2190910493E+08
  0.1666666667E-01  0.2187150269E+08
  0.1694444444E-01  0.2183390089E+08
  0.1722222222E-01  0.2179629898E+08
  0.1750000000E-01  0.2175869673E+08
  0.1777777778E-01  0.2172109482E+08
  0.1805555556E-01  0.2168349278E+08
  0.1833333333E-01  0.2164589087E+08
  0.1861111111E-01  0.2160828896E+08
  0.1888888889E-01  0.2157068682E+08
  0.1916666667E-01  0.2153308491E+08
  0.1944444444E-01  0.2149548267E+08
  0.1972222222E-01  0.2145788086E+08
  0.2000000000E-01  0.2142027906E+08
  0.2027777778E-01  0.2137356877E+08
  0.2055555556E-01  0.2132685861E+08
  0.2083333333E-01  0.2128014866E+08
  0.2111111111E-01  0.2123343871E+08
  0.2138888889E-01  0.2118672877E+08
  0.2166666667E-01  0.2114001881E+08
  0.2194444444E-01  0.2109330842E+08
  0.2222222222E-01  0.2104659847E+08
  0.2250000000E-01  0.2099988852E+08
  0.2277777778E-01  0.2095317856E+08
  0.2305555556E-01  0.2090646852E+08
  0.2333333333E-01  0.2085975812E+08
  0.2361111111E-01  0.2081304818E+08
  0.2388888889E-01  0.2076633823E+08
  0.2416666667E-01  0.2071962827E+08
  0.2444444444E-01  0.2067291833E+08
  0.2472222222E-01  0.2062620804E+08
  0.2500000000E-01  0.2057949799E+08
  0.2527777778E-01  0.2052482317E+08
  0.2555555556E-01  0.2047014835E+08
  0.2583333333E-01  0.2041547363E+08
  0.2611111111E-01  0.2036079882E+08
  0.2638888889E-01  0.2030612410E+08
  0.2666666667E-01  0.2025144928E+08
  0.2694444444E-01  0.2019677446E+08
  0.2722222222E-01  0.2014209965E+08
  0.2750000000E-01  0.2008742483E+08
  0.2777777778E-01  0.2003275011E+08
  0.2805555556E-01  0.1997807529E+08
  0.2833333333E-01  0.1992340048E+08
  0.2861111111E-01  0.1986872610E+08
  0.2888888889E-01  0.1981405128E+08
  0.2916666667E-01  0.1975937656E+08
  0.2944444444E-01  0.1970470175E+08
  0.2972222222E-01  0.1965002682E+08
  0.3000000000E-01  0.1959535210E+08
  0.3027777778E-01  0.1953402484E+08
  0.3055555556E-01  0.1947269803E+08
  0.3083333333E-01  0.1941137100E+08
  0.3111111111E-01  0.1935004418E+08
  0.3138888889E-01  0.1928871693E+08
  0.3166666667E-01  0.1922738990E+08
  0.3194444444E-01  0.1916606308E+08
  0.3222222222E-01  0.1910473616E+08
  0.3250000000E-01  0.1904340890E+08
  0.3277777778E-01  0.1898208197E+08
  0.3305555556E-01  0.1892075506E+08
  0.3333333333E-01  0.1885942824E+08
  0.3361111111E-01  0.1879810088E+08
  0.3388888889E-01  0.1873677406E+08
  0.3416666667E-01  0.1867544715E+08
  0.3444444444E-01  0.1861412011E+08
  0.3472222222E-01  0.1855279295E+08
  0.3500000000E-01  0.1849146604E+08
  0.3527777778E-01  0.1842489560E+08
  0.3555555556E-01  0.1835832496E+08
  0.3583333333E-01  0.1829175443E+08
  0.3611111111E-01  0.1822518399E+08
  0.3638888889E-01  0.1815861345E+08
  0.3666666667E-01  0.1809204291E+08
  0.3694444444E-01  0.1802547248E+08
  0.3722222222E-01  0.1795890194E+08
  0.3750000000E-01  0.1789233184E+08
  0.3777777778E-01  0.1782576131E+08
  0.3805555556E-01  0.1775919077E+08
  0.3833333333E-01  0.1769262034E+08
  0.3861111111E-01  0.1762604969E+08
  0.3888888889E-01  0.1755947916E+08
  0.3916666667E-01  0.1749290873E+08
  0.3944444444E-01  0.1742633819E+08
  0.3972222222E-01  0.1735976776E+08
  0.4000000000E-01  0.1729319722E+08
  0.4027777778E-01  0.1722286844E+08
  0.4055555556E-01  0.1715253945E+08
  0.4083333333E-01  0.1708221067E+08
  0.4111111111E-01  0.1701188190E+08
  0.4138888889E-01  0.1694155268E+08
  0.4166666667E-01  0.1687122380E+08
  0.4194444444E-01  0.1680089491E+08
  0.4222222222E-01  0.1673056613E+08
  0.4250000000E-01  0.1666023736E+08
  0.4277777778E-01  0.1658990837E+08
  0.4305555556E-01  0.1651957960E+08
  0.4333333333E-01  0.1644925082E+08
  0.4361111111E-01  0.1637892193E+08
  0.4388888889E-01  0.1630859273E+08
  0.4416666667E-01  0.1623826396E+08
  0.4444444444E-01  0.1616793507E+08
  0.4472222222E-01  0.1609760629E+08
  0.4500000000E-01  0.1602727731E+08
  0.4527777778E-01  0.1595468261E+08
  0.4555555556E-01  0.1588208781E+08
  0.4583333333E-01  0.1580949313E+08
  0.4611111111E-01  0.1573689833E+08
  0.4638888889E-01  0.1566430387E+08
  0.4666666667E-01  0.1559170908E+08
  0.4694444444E-01  0.1551911439E+08
  0.4722222222E-01  0.1544651959E+08
  0.4750000000E-01  0.1537392480E+08
  0.4777777778E-01  0.1530133011E+08
  0.4805555556E-01  0.1522873520E+08
  0.4833333333E-01  0.1515614052E+08
  0.4861111111E-01  0.1508354572E+08
  0.4888888889E-01  0.1501095104E+08
  0.4916666667E-01  0.1493835624E+08
  0.4944444444E-01  0.1486576178E+08
  0.4972222222E-01  0.1479316699E+08
  0.5000000000E-01  0.1472057219E+08
  0.5027777778E-01  0.1464716560E+08
  0.5055555556E-01  0.1457375913E+08
  0.5083333333E-01  0.1450035233E+08
  0.5111111111E-01  0.1442694596E+08
  0.5138888889E-01  0.1435353926E+08
  0.5166666667E-01  0.1428013279E+08
  0.5194444444E-01  0.1420672609E+08
  0.5222222222E-01  0.1413331962E+08
  0.5250000000E-01  0.1405991293E+08
  0.5277777778E-01  0.1398650655E+08
  0.5305555556E-01  0.1391309975E+08
  0.5333333333E-01  0.1383969328E+08
  0.5361111111E-01  0.1376628669E+08
  0.5388888889E-01  0.1369288022E+08
  0.5416666667E-01  0.1361947342E+08
  0.5444444444E-01  0.1354606705E+08
  0.5472222222E-01  0.1347266035E+08
  0.5500000000E-01  0.1339925388E+08
  0.5527777778E-01  0.1332640411E+08
  0.5555555556E-01  0.1325355401E+08
  0.5583333333E-01  0.1318070435E+08
  0.5611111111E-01  0.1310785458E+08
  0.5638888889E-01  0.1303500481E+08
  0.5666666667E-01  0.1296215505E+08
  0.5694444444E-01  0.1288930505E+08
  0.5722222222E-01  0.1281645529E+08
  0.5750000000E-01  0.1274360552E+08
  0.5777777778E-01  0.1267075575E+08
  0.5805555556E-01  0.1259790609E+08
  0.5833333333E-01  0.1252505608E+08
  0.5861111111E-01  0.1245220625E+08
  0.5888888889E-01  0.1237935641E+08
  0.5916666667E-01  0.1230650669E+08
  0.5944444444E-01  0.1223365685E+08
  0.5972222222E-01  0.1216080688E+08
  0.6000000000E-01  0.1208795705E+08
  0.6027777778E-01  0.1201691385E+08
  0.6055555556E-01  0.1194587056E+08
  0.6083333333E-01  0.1187482726E+08
  0.6111111111E-01  0.1180378406E+08
  0.6138888889E-01  0.1173274077E+08
  0.6166666667E-01  0.1166169744E+08
  0.6194444444E-01  0.1159065403E+08
  0.6222222222E-01  0.1151961084E+08
  0.6250000000E-01  0.1144856754E+08
  0.6277777778E-01  0.1137752424E+08
  0.6305555556E-01  0.1130648095E+08
  0.6333333333E-01  0.1123543772E+08
  0.6361111111E-01  0.1116439443E+08
  0.6388888889E-01  0.1109335102E+08
  0.6416666667E-01  0.1102230782E+08
  0.6444444444E-01  0.1095126453E+08
  0.6472222222E-01  0.1088022123E+08
  0.6500000000E-01  0.1080917790E+08
  0.6527777778E-01  0.1074103207E+08
  0.6555555556E-01  0.1067288622E+08
  0.6583333333E-01  0.1060474046E+08
  0.6611111111E-01  0.1053659455E+08
  0.6638888889E-01  0.1046844878E+08
  0.6666666667E-01  0.1040030288E+08
  0.6694444444E-01  0.1033215701E+08
  0.6722222222E-01  0.1026401121E+08
  0.6750000000E-01  0.1019586531E+08
  0.6777777778E-01  0.1012771953E+08
  0.6805555556E-01  0.1005957364E+08
  0.6833333333E-01  0.9991427862E+07
  0.6861111111E-01  0.9923281968E+07
  0.6888888889E-01  0.9855136092E+07
  0.6916666667E-01  0.9786990287E+07
  0.6944444444E-01  0.9718844389E+07
  0.6972222222E-01  0.9650698618E+07
  0.7000000000E-01  0.9582552720E+07
  0.7027777778E-01  0.9518217737E+07
  0.7055555556E-01  0.9453882726E+07
  0.7083333333E-01  0.9389547710E+07
  0.7111111111E-01  0.9325212696E+07
  0.7138888889E-01  0.9260877580E+07
  0.7166666667E-01  0.9196542598E+07
  0.7194444444E-01  0.9132207582E+07
  0.7222222222E-01  0.9067872557E+07
  0.7250000000E-01  0.9003537542E+07
  0.7277777778E-01  0.8939202563E+07
  0.7305555556E-01  0.8874867548E+07
  0.7333333333E-01  0.8810532432E+07
  0.7361111111E-01  0.8746197418E+07
  0.7388888889E-01  0.8681862435E+07
  0.7416666667E-01  0.8617527420E+07
  0.7444444444E-01  0.8553192404E+07
  0.7472222222E-01  0.8488857390E+07
  0.7500000000E-01  0.8424522377E+07
  0.7527777778E-01  0.8364714127E+07
  0.7555555556E-01  0.8304905945E+07
  0.7583333333E-01  0.8245097760E+07
  0.7611111111E-01  0.8185289567E+07
  0.7638888889E-01  0.8125481386E+07
  0.7666666667E-01  0.8065673101E+07
  0.7694444444E-01  0.8005864909E+07
  0.7722222222E-01  0.7946056728E+07
  0.7750000000E-01  0.7886248576E+07
  0.7777777778E-01  0.7826440394E+07
  0.7805555556E-01  0.7766632100E+07
  0.7833333333E-01  0.7706823918E+07
  0.7861111111E-01  0.7647015735E+07
  0.7888888889E-01  0.7587207541E+07
  0.7916666667E-01  0.7527399358E+07
  0.7944444444E-01  0.7467591075E+07
  0.7972222222E-01  0.7407782926E+07
  0.8000000000E-01  0.7347974733E+07
  0.8027777778E-01  0.7293211080E+07
  0.8055555556E-01  0.7238447348E+07
  0.8083333333E-01  0.7183683685E+07
  0.8111111111E-01  0.7128919920E+07
  0.8138888889E-01  0.7074156289E+07
  0.8166666667E-01  0.7019392535E+07
  0.8194444444E-01  0.6964628905E+07
  0.8222222222E-01  0.6909865240E+07
  0.8250000000E-01  0.6855101509E+07
  0.8277777778E-01  0.6800337857E+07
  0.8305555556E-01  0.6745574092E+07
  0.8333333333E-01  0.6690810461E+07
  0.8361111111E-01  0.6636046796E+07
  0.8388888889E-01  0.6581283077E+07
  0.8416666667E-01  0.6526519412E+07
  0.8444444444E-01  0.6471755681E+07
  0.8472222222E-01  0.6416992017E+07
  0.8500000000E-01  0.6362228352E+07
  0.8527777778E-01  0.6312825812E+07
  0.8555555556E-01  0.6263423173E+07
  0.8583333333E-01  0.6214020588E+07
  0.8611111111E-01  0.6164618048E+07
  0.8638888889E-01  0.6115215497E+07
  0.8666666667E-01  0.6065812924E+07
  0.8694444444E-01  0.6016410373E+07
  0.8722222222E-01  0.5967007833E+07
  0.8750000000E-01  0.5917605249E+07
  0.8777777778E-01  0.5868202709E+07
  0.8805555556E-01  0.5818800158E+07
  0.8833333333E-01  0.5769397485E+07
  0.8861111111E-01  0.5719994934E+07
  0.8888888889E-01  0.5670592394E+07
  0.8916666667E-01  0.5621189809E+07
  0.8944444444E-01  0.5571787270E+07
  0.8972222222E-01  0.5522384718E+07
  0.9000000000E-01  0.5472982146E+07
  0.9027777778E-01  0.5429070054E+07
  0.9055555556E-01  0.5385157995E+07
  0.9083333333E-01  0.5341245915E+07
  0.9111111111E-01  0.5297333844E+07
  0.9138888889E-01  0.5253421775E+07
  0.9166666667E-01  0.5209509705E+07
  0.9194444444E-01  0.5165597634E+07
  0.9222222222E-01  0.5121685565E+07
  0.9250000000E-01  0.5077773494E+07
  0.9277777778E-01  0.5033861424E+07
  0.9305555556E-01  0.4989949354E+07
  0.9333333333E-01  0.4946037283E+07
  0.9361111111E-01  0.4902125214E+07
  0.9388888889E-01  0.4858213144E+07
  0.9416666667E-01  0.4814301063E+07
  0.9444444444E-01  0.4770389004E+07
  0.9472222222E-01  0.4726476900E+07
  0.9500000000E-01  0.4682564819E+07
  0.9527777778E-01  0.4644100973E+07
  0.9555555556E-01  0.4605637128E+07
  0.9583333333E-01  0.4567173247E+07
  0.9611111111E-01  0.4528709402E+07
  0.9638888889E-01  0.4490245555E+07
  0.9666666667E-01  0.4451781676E+07
  0.9694444444E-01  0.4413317829E+07
  0.9722222222E-01  0.4374853984E+07
  0.9750000000E-01  0.4336390093E+07
  0.9777777778E-01  0.4297926248E+07
  0.9805555556E-01  0.4259462401E+07
  0.9833333333E-01  0.4220998522E+07
  0.9861111111E-01  0.4182534676E+07
  0.9888888889E-01  0.4144070819E+07
  0.9916666667E-01  0.4105606939E+07
  0.9944444444E-01  0.4067143094E+07
  0.9972222222E-01  0.4028679248E+07
  0.1000000000E+00  0.3990215379E+07
  0.1002777778E+00  0.3957005934E+07
  0.1005555556E+00  0.3923796477E+07
  0.1008333333E+00  0.3890587020E+07
  0.1011111111E+00  0.3857377563E+07
  0.1013888889E+00  0.3824168129E+07
  0.1016666667E+00  0.3790958672E+07
  0.1019444444E+00  0.3757749215E+07
  0.1022222222E+00  0.3724539780E+07
  0.1025000000E+00  0.3691330324E+07
  0.1027777778E+00  0.3658120857E+07
  0.1030555556E+00  0.3624911400E+07
  0.1033333333E+00  0.3591701966E+07
  0.1036111111E+00  0.3558492508E+07
  0.1038888889E+00  0.3525283052E+07
  0.1041666667E+00  0.3492073629E+07
  0.1044444444E+00  0.3458864161E+07
  0.1047222222E+00  0.3425654704E+07
  0.1050000000E+00  0.3392445248E+07
  0.1052777778E+00  0.3364176595E+07
  0.1055555556E+00  0.3335907897E+07
  0.1058333333E+00  0.3307639211E+07
  0.1061111111E+00  0.3279370525E+07
  0.1063888889E+00  0.3251101872E+07
  0.1066666667E+00  0.3222833186E+07
  0.1069444444E+00  0.3194564510E+07
  0.1072222222E+00  0.3166295813E+07
  0.1075000000E+00  0.3138027159E+07
  0.1077777778E+00  0.3109758473E+07
  0.1080555556E+00  0.3081489788E+07
  0.1083333333E+00  0.3053221101E+07
  0.1086111111E+00  0.3024952437E+07
  0.1088888889E+00  0.2996683761E+07
  0.1091666667E+00  0.2968415075E+07
  0.1094444444E+00  0.2940146389E+07
  0.1097222222E+00  0.2911877736E+07
  0.1100000000E+00  0.2883609050E+07
  0.1102777778E+00  0.2859869559E+07
  0.1105555556E+00  0.2836130067E+07
  0.1108333333E+00  0.2812390575E+07
  0.1111111111E+00  0.2788651050E+07
  0.1113888889E+00  0.2764911559E+07
  0.1116666667E+00  0.2741172067E+07
  0.1119444444E+00  0.2717432576E+07
  0.1122222222E+00  0.2693693084E+07
  0.1125000000E+00  0.2669953593E+07
  0.1127777778E+00  0.2646214101E+07
  0.1130555556E+00  0.2622474610E+07
  0.1133333333E+00  0.2598735118E+07
  0.1136111111E+00  0.2574995593E+07
  0.1138888889E+00  0.2551256102E+07
  0.1141666667E+00  0.2527516610E+07
  0.1144444444E+00  0.2503777119E+07
  0.1147222222E+00  0.2480037627E+07
  0.1150000000E+00  0.2456298147E+07
  0.1152777778E+00  0.2436611562E+07
  0.1155555556E+00  0.2416925021E+07
  0.1158333333E+00  0.2397238437E+07
  0.1161111111E+00  0.2377551862E+07
  0.1163888889E+00  0.2357865321E+07
  0.1166666667E+00  0.2338178737E+07
  0.1169444444E+00  0.2318492163E+07
  0.1172222222E+00  0.2298805611E+07
  0.1175000000E+00  0.2279119037E+07
  0.1177777778E+00  0.2259432452E+07
  0.1180555556E+00  0.2239745912E+07
  0.1183333333E+00  0.2220059327E+07
  0.1186111111E+00  0.2200372786E+07
  0.1188888889E+00  0.2180686223E+07
  0.1191666667E+00  0.2160999638E+07
  0.1194444444E+00  0.2141313097E+07
  0.1197222222E+00  0.2121626513E+07
  0.1200000000E+00  0.2101939938E+07
  0.1202777778E+00  0.2085791863E+07
  0.1205555556E+00  0.2069643798E+07
  0.1208333333E+00  0.2053495734E+07
  0.1211111111E+00  0.2037347658E+07
  0.1213888889E+00  0.2021199593E+07
  0.1216666667E+00  0.2005051517E+07
  0.1219444444E+00  0.1988903487E+07
  0.1222222222E+00  0.1972755421E+07
  0.1225000000E+00  0.1956607346E+07
  0.1227777778E+00  0.1940459282E+07
  0.1230555556E+00  0.1924311217E+07
  0.1233333333E+00  0.1908163141E+07
  0.1236111111E+00  0.1892015066E+07
  0.1238888889E+00  0.1875867012E+07
  0.1241666667E+00  0.1859718936E+07
  0.1244444444E+00  0.1843570871E+07
  0.1247222222E+00  0.1827422807E+07
  0.1250000000E+00  0.1811274732E+07
  0.1252777778E+00  0.1798138484E+07
  0.1255555556E+00  0.1785002260E+07
  0.1258333333E+00  0.1771866012E+07
  0.1261111111E+00  0.1758729765E+07
  0.1263888889E+00  0.1745593551E+07
  0.1266666667E+00  0.1732457304E+07
  0.1269444444E+00  0.1719321079E+07
  0.1272222222E+00  0.1706184832E+07
  0.1275000000E+00  0.1693048618E+07
  0.1277777778E+00  0.1679912371E+07
  0.1280555556E+00  0.1666776114E+07
  0.1283333333E+00  0.1653639889E+07
  0.1286111111E+00  0.1640503642E+07
  0.1288888889E+00  0.1627367428E+07
  0.1291666667E+00  0.1614231181E+07
  0.1294444444E+00  0.1601094956E+07
  0.1297222222E+00  0.1587958708E+07
  0.1300000000E+00  0.1574822495E+07
  0.1302777778E+00  0.1564183471E+07
  0.1305555556E+00  0.1553544490E+07
  0.1308333333E+00  0.1542905477E+07
  0.1311111111E+00  0.1532266486E+07
  0.1313888889E+00  0.1521627472E+07
  0.1316666667E+00  0.1510988482E+07
  0.1319444444E+00  0.1500349491E+07
  0.1322222222E+00  0.1489710477E+07
  0.1325000000E+00  0.1479071486E+07
  0.1327777778E+00  0.1468432474E+07
  0.1330555556E+00  0.1457793493E+07
  0.1333333333E+00  0.1447154502E+07
  0.1336111111E+00  0.1436515478E+07
  0.1338888889E+00  0.1425876498E+07
  0.1341666667E+00  0.1415237474E+07
  0.1344444444E+00  0.1404598483E+07
  0.1347222222E+00  0.1393959470E+07
  0.1350000000E+00  0.1383320489E+07
  0.1352777778E+00  0.1374693883E+07
  0.1355555556E+00  0.1366067277E+07
  0.1358333333E+00  0.1357440716E+07
  0.1361111111E+00  0.1348814100E+07
  0.1363888889E+00  0.1340187494E+07
  0.1366666667E+00  0.1331560899E+07
  0.1369444444E+00  0.1322934326E+07
  0.1372222222E+00  0.1314307720E+07
  0.1375000000E+00  0.1305681125E+07
  0.1377777778E+00  0.1297054519E+07
  0.1380555556E+00  0.1288427947E+07
  0.1383333333E+00  0.1279801352E+07
  0.1386111111E+00  0.1271174746E+07
  0.1388888889E+00  0.1262548130E+07
  0.1391666667E+00  0.1253921524E+07
  0.1394444444E+00  0.1245294962E+07
  0.1397222222E+00  0.1236668356E+07
  0.1400000000E+00  0.1228041750E+07
  0.1402777778E+00  0.1220988463E+07
  0.1405555556E+00  0.1213935133E+07
  0.1408333333E+00  0.1206881846E+07
  0.1411111111E+00  0.1199828526E+07
  0.1413888889E+00  0.1192775229E+07
  0.1416666667E+00  0.1185721909E+07
  0.1419444444E+00  0.1178668611E+07
  0.1422222222E+00  0.1171615281E+07
  0.1425000000E+00  0.1164561994E+07
  0.1427777778E+00  0.1157508674E+07
  0.1430555556E+00  0.1150455377E+07
  0.1433333333E+00  0.1143402057E+07
  0.1436111111E+00  0.1136348760E+07
  0.1438888889E+00  0.1129295429E+07
  0.1441666667E+00  0.1122242142E+07
  0.1444444444E+00  0.1115188812E+07
  0.1447222222E+00  0.1108135525E+07
  0.1450000000E+00  0.1101082238E+07
  0.1452777778E+00  0.1095218787E+07
  0.1455555556E+00  0.1089355357E+07
  0.1458333333E+00  0.1083491949E+07
  0.1461111111E+00  0.1077628531E+07
  0.1463888889E+00  0.1071765123E+07
  0.1466666667E+00  0.1065901672E+07
  0.1469444444E+00  0.1060038243E+07
  0.1472222222E+00  0.1054174835E+07
  0.1475000000E+00  0.1048311417E+07
  0.1477777778E+00  0.1042448009E+07
  0.1480555556E+00  0.1036584546E+07
  0.1483333333E+00  0.1030721128E+07
  0.1486111111E+00  0.1024857724E+07
  0.1488888889E+00  0.1018994299E+07
  0.1491666667E+00  0.1013130884E+07
  0.1494444444E+00  0.1007267449E+07
  0.1497222222E+00  0.1001404024E+07
  0.1500000000E+00  0.9955406091E+06
  0.1502777778E+00  0.9905450687E+06
  0.1505555556E+00  0.9855495360E+06
  0.1508333333E+00  0.9805539922E+06
  0.1511111111E+00  0.9755584517E+06
  0.1513888889E+00  0.9705629290E+06
  0.1516666667E+00  0.9655673885E+06
  0.1519444444E+00  0.9605718447E+06
  0.1522222222E+00  0.9555763121E+06
  0.1525000000E+00  0.9505807716E+06
  0.1527777778E+00  0.9455852389E+06
  0.1530555556E+00  0.9405897084E+06
  0.1533333333E+00  0.9355941646E+06
  0.1536111111E+00  0.9305986319E+06
  0.1538888889E+00  0.9256030915E+06
  0.1541666667E+00  0.9206075476E+06
  0.1544444444E+00  0.9156120283E+06
  0.1547222222E+00  0.9106164845E+06
  0.1550000000E+00  0.9056209407E+06
  0.1552777778E+00  0.9012351561E+06
  0.1555555556E+00  0.8968493672E+06
  0.1558333333E+00  0.8924635682E+06
  0.1561111111E+00  0.8880777725E+06
  0.1563888889E+00  0.8836919946E+06
  0.1566666667E+00  0.8793061957E+06
  0.1569444444E+00  0.8749204000E+06
  0.1572222222E+00  0.8705346132E+06
  0.1575000000E+00  0.8661488176E+06
  0.1577777778E+00  0.8617630208E+06
  0.1580555556E+00  0.8573772374E+06
  0.1583333333E+00  0.8529914406E+06
  0.1586111111E+00  0.8486056450E+06
  0.1588888889E+00  0.8442198615E+06
  0.1591666667E+00  0.8398340648E+06
  0.1594444444E+00  0.8354482680E+06
  0.1597222222E+00  0.8310624846E+06
  0.1600000000E+00  0.8266766889E+06
  0.1602777778E+00  0.8227046170E+06
  0.1605555556E+00  0.8187325428E+06
  0.1608333333E+00  0.8147604620E+06
  0.1611111111E+00  0.8107883912E+06
  0.1613888889E+00  0.8068163204E+06
  0.1616666667E+00  0.8028442495E+06
  0.1619444444E+00  0.7988721787E+06
  0.1622222222E+00  0.7949001045E+06
  0.1625000000E+00  0.7909280226E+06
  0.1627777778E+00  0.7869559518E+06
  0.1630555556E+00  0.7829838810E+06
  0.1633333333E+00  0.7790118101E+06
  0.1636111111E+00  0.7750397360E+06
  0.1638888889E+00  0.7710676652E+06
  0.1641666667E+00  0.7670955843E+06
  0.1644444444E+00  0.7631235135E+06
  0.1647222222E+00  0.7591514416E+06
  0.1650000000E+00  0.7551793674E+06
  0.1652777778E+00  0.7514817084E+06
  0.1655555556E+00  0.7477840449E+06
  0.1658333333E+00  0.7440863759E+06
  0.1661111111E+00  0.7403887123E+06
  0.1663888889E+00  0.7366910533E+06
  0.1666666667E+00  0.7329933898E+06
  0.1669444444E+00  0.7292957263E+06
  0.1672222222E+00  0.7255980673E+06
  0.1675000000E+00  0.7219003938E+06
  0.1677777778E+00  0.7182027348E+06
  0.1680555556E+00  0.7145050713E+06
  0.1683333333E+00  0.7108074123E+06
  0.1686111111E+00  0.7071097488E+06
  0.1688888889E+00  0.7034120764E+06
  0.1691666667E+00  0.6997144163E+06
  0.1694444444E+00  0.6960167539E+06
  0.1697222222E+00  0.6923190937E+06
  0.1700000000E+00  0.6886214313E+06
  0.1702777778E+00  0.6851100521E+06
  0.1705555556E+00  0.6815986762E+06
  0.1708333333E+00  0.6780873081E+06
  0.1711111111E+00  0.6745759289E+06
  0.1713888889E+00  0.6710645597E+06
  0.1716666667E+00  0.6675531849E+06
  0.1719444444E+00  0.6640418058E+06
  0.1722222222E+00  0.6605304366E+06
  0.1725000000E+00  0.6570190584E+06
  0.1727777778E+00  0.6535076826E+06
  0.1730555556E+00  0.6499963133E+06
  0.1733333333E+00  0.6464849352E+06
  0.1736111111E+00  0.6429735560E+06
  0.1738888889E+00  0.6394621901E+06
  0.1741666667E+00  0.6359508120E+06
  0.1744444444E+00  0.6324394327E+06
  0.1747222222E+00  0.6289280670E+06
  0.1750000000E+00  0.6254166888E+06
  0.1752777778E+00  0.6220453801E+06
  0.1755555556E+00  0.6186740680E+06
  0.1758333333E+00  0.6153027681E+06
  0.1761111111E+00  0.6119314594E+06
  0.1763888889E+00  0.6085601506E+06
  0.1766666667E+00  0.6051888385E+06
  0.1769444444E+00  0.6018175298E+06
  0.1772222222E+00  0.5984462310E+06
  0.1775000000E+00  0.5950749223E+06
  0.1777777778E+00  0.5917036135E+06
  0.1780555556E+00  0.5883323014E+06
  0.1783333333E+00  0.5849609915E+06
  0.1786111111E+00  0.5815896927E+06
  0.1788888889E+00  0.5782183839E+06
  0.1791666667E+00  0.5748470751E+06
  0.1794444444E+00  0.5714757630E+06
  0.1797222222E+00  0.5681044543E+06
  0.1800000000E+00  0.5647331555E+06
  0.1802777778E+00  0.5614886259E+06
  0.1805555556E+00  0.5582441052E+06
  0.1808333333E+00  0.5549995755E+06
  0.1811111111E+00  0.5517550459E+06
  0.1813888889E+00  0.5485105262E+06
  0.1816666667E+00  0.5452659954E+06
  0.1819444444E+00  0.5420214758E+06
  0.1822222222E+00  0.5387769495E+06
  0.1825000000E+00  0.5355324299E+06
  0.1827777778E+00  0.5322879002E+06
  0.1830555556E+00  0.5290433794E+06
  0.1833333333E+00  0.5257988498E+06
  0.1836111111E+00  0.5225543302E+06
  0.1838888889E+00  0.5193098006E+06
  0.1841666667E+00  0.5160652697E+06
  0.1844444444E+00  0.5128207501E+06
  0.1847222222E+00  0.5095762205E+06
  0.1850000000E+00  0.5063317009E+06
  0.1852777778E+00  0.5032248629E+06
  0.1855555556E+00  0.5001180160E+06
  0.1858333333E+00  0.4970111791E+06
  0.1861111111E+00  0.4939043423E+06
  0.1863888889E+00  0.4907974943E+06
  0.1866666667E+00  0.4876906574E+06
  0.1869444444E+00  0.4845838172E+06
  0.1872222222E+00  0.4814769803E+06
  0.1875000000E+00  0.4783701324E+06
  0.1877777778E+00  0.4752632956E+06
  0.1880555556E+00  0.4721564586E+06
  0.1883333333E+00  0.4690496118E+06
  0.1886111111E+00  0.4659427758E+06
  0.1888888889E+00  0.4628359326E+06
  0.1891666667E+00  0.4597290927E+06
  0.1894444444E+00  0.4566222527E+06
  0.1897222222E+00  0.4535154129E+06
  0.1900000000E+00  0.4504085730E+06
  0.1902777778E+00  0.4474653479E+06
  0.1905555556E+00  0.4445221228E+06
  0.1908333333E+00  0.4415788987E+06
  0.1911111111E+00  0.4386356747E+06
  0.1913888889E+00  0.4356924530E+06
  0.1916666667E+00  0.4327492279E+06
  0.1919444444E+00  0.4298060038E+06
  0.1922222222E+00  0.4268627786E+06
  0.1925000000E+00  0.4239195547E+06
  0.1927777778E+00  0.4209763297E+06
  0.1930555556E+00  0.4180331056E+06
  0.1933333333E+00  0.4150898805E+06
  0.1936111111E+00  0.4121466587E+06
  0.1938888889E+00  0.4092034347E+06
  0.1941666667E+00  0.4062602106E+06
  0.1944444444E+00  0.4033169855E+06
  0.1947222222E+00  0.4003737604E+06
  0.1950000000E+00  0.3974305353E+06
  0.1952777778E+00  0.3946843866E+06
  0.1955555556E+00  0.3919382378E+06
  0.1958333333E+00  0.3891920857E+06
  0.1961111111E+00  0.3864459370E+06
  0.1963888889E+00  0.3836997882E+06
  0.1966666667E+00  0.3809536383E+06
  0.1969444444E+00  0.3782074862E+06
  0.1972222222E+00  0.3754613374E+06
  0.1975000000E+00  0.3727151887E+06
  0.1977777778E+00  0.3699690365E+06
  0.1980555556E+00  0.3672228877E+06
  0.1983333333E+00  0.3644767379E+06
  0.1986111111E+00  0.3617305858E+06
  0.1988888889E+00  0.3589844371E+06
  0.1991666667E+00  0.3562382882E+06
  0.1994444444E+00  0.3534921361E+06
  0.1997222222E+00  0.3507459874E+06
  0.2000000000E+00  0.3479998375E+06
  0.2002777778E+00  0.3454847160E+06
  0.2005555556E+00  0.3429695977E+06
  0.2008333333E+00  0.3404544796E+06
  0.2011111111E+00  0.3379393579E+06
  0.2013888889E+00  0.3354242386E+06
  0.2016666667E+00  0.3329091181E+06
  0.2019444444E+00  0.3303939989E+06
  0.2022222222E+00  0.3278788773E+06
  0.2025000000E+00  0.3253637591E+06
  0.2027777778E+00  0.3228486374E+06
  0.2030555556E+00  0.3203335192E+06
  0.2033333333E+00  0.3178183977E+06
  0.2036111111E+00  0.3153032784E+06
  0.2038888889E+00  0.3127881579E+06
  0.2041666667E+00  0.3102730386E+06
  0.2044444444E+00  0.3077579202E+06
  0.2047222222E+00  0.3052427988E+06
  0.2050000000E+00  0.3027276805E+06
  0.2052777778E+00  0.3004734301E+06
  0.2055555556E+00  0.2982191797E+06
  0.2058333333E+00  0.2959649292E+06
  0.2061111111E+00  0.2937106832E+06
  0.2063888889E+00  0.2914564328E+06
  0.2066666667E+00  0.2892021823E+06
  0.2069444444E+00  0.2869479362E+06
  0.2072222222E+00  0.2846936859E+06
  0.2075000000E+00  0.2824394354E+06
  0.2077777778E+00  0.2801851882E+06
  0.2080555556E+00  0.2779309378E+06
  0.2083333333E+00  0.2756766874E+06
  0.2086111111E+00  0.2734224379E+06
  0.2088888889E+00  0.2711681909E+06
  0.2091666667E+00  0.2689139405E+06
  0.2094444444E+00  0.2666596900E+06
  0.2097222222E+00  0.2644054439E+06
  0.2100000000E+00  0.2621511935E+06
  0.2102777778E+00  0.2601795145E+06
  0.2105555556E+00  0.2582078345E+06
  0.2108333333E+00  0.2562361522E+06
  0.2111111111E+00  0.2542644731E+06
  0.2113888889E+00  0.2522927931E+06
  0.2116666667E+00  0.2503211141E+06
  0.2119444444E+00  0.2483494351E+06
  0.2122222222E+00  0.2463777517E+06
  0.2125000000E+00  0.2444060728E+06
  0.2127777778E+00  0.2424343937E+06
  0.2130555556E+00  0.2404627138E+06
  0.2133333333E+00  0.2384910303E+06
  0.2136111111E+00  0.2365193512E+06
  0.2138888889E+00  0.2345476713E+06
  0.2141666667E+00  0.2325759923E+06
  0.2144444444E+00  0.2306043132E+06
  0.2147222222E+00  0.2286326300E+06
  0.2150000000E+00  0.2266609509E+06
  0.2152777778E+00  0.2249831651E+06
  0.2155555556E+00  0.2233053795E+06
  0.2158333333E+00  0.2216275928E+06
  0.2161111111E+00  0.2199498070E+06
  0.2163888889E+00  0.2182720180E+06
  0.2166666667E+00  0.2165942313E+06
  0.2169444444E+00  0.2149164455E+06
  0.2172222222E+00  0.2132386587E+06
  0.2175000000E+00  0.2115608731E+06
  0.2177777778E+00  0.2098830840E+06
  0.2180555556E+00  0.2082052972E+06
  0.2183333333E+00  0.2065275115E+06
  0.2186111111E+00  0.2048497259E+06
  0.2188888889E+00  0.2031719391E+06
  0.2191666667E+00  0.2014941523E+06
  0.2194444444E+00  0.1998163644E+06
  0.2197222222E+00  0.1981385776E+06
  0.2200000000E+00  0.1964607908E+06
  0.2202777778E+00  0.1950772221E+06
  0.2205555556E+00  0.1936936557E+06
  0.2208333333E+00  0.1923100891E+06
  0.2211111111E+00  0.1909265193E+06
  0.2213888889E+00  0.1895429539E+06
  0.2216666667E+00  0.1881593840E+06
  0.2219444444E+00  0.1867758175E+06
  0.2222222222E+00  0.1853922488E+06
  0.2225000000E+00  0.1840086813E+06
  0.2227777778E+00  0.1826251115E+06
  0.2230555556E+00  0.1812415450E+06
  0.2233333333E+00  0.1798579763E+06
  0.2236111111E+00  0.1784744097E+06
  0.2238888889E+00  0.1770908399E+06
  0.2241666667E+00  0.1757072734E+06
  0.2244444444E+00  0.1743237046E+06
  0.2247222222E+00  0.1729401382E+06
  0.2250000000E+00  0.1715565673E+06
  0.2252777778E+00  0.1704564812E+06
  0.2255555556E+00  0.1693563930E+06
  0.2258333333E+00  0.1682563025E+06
  0.2261111111E+00  0.1671562153E+06
  0.2263888889E+00  0.1660561282E+06
  0.2266666667E+00  0.1649560400E+06
  0.2269444444E+00  0.1638559506E+06
  0.2272222222E+00  0.1627558623E+06
  0.2275000000E+00  0.1616557752E+06
  0.2277777778E+00  0.1605556870E+06
  0.2280555556E+00  0.1594555965E+06
  0.2283333333E+00  0.1583555094E+06
  0.2286111111E+00  0.1572554212E+06
  0.2288888889E+00  0.1561553350E+06
  0.2291666667E+00  0.1550552435E+06
  0.2294444444E+00  0.1539551564E+06
  0.2297222222E+00  0.1528550681E+06
  0.2300000000E+00  0.1517549787E+06
  0.2302777778E+00  0.1509180257E+06
  0.2305555556E+00  0.1500810749E+06
  0.2308333333E+00  0.1492441206E+06
  0.2311111111E+00  0.1484071687E+06
  0.2313888889E+00  0.1475702168E+06
  0.2316666667E+00  0.1467332615E+06
  0.2319444444E+00  0.1458963106E+06
  0.2322222222E+00  0.1450593586E+06
  0.2325000000E+00  0.1442224034E+06
  0.2327777778E+00  0.1433854525E+06
  0.2330555556E+00  0.1425484972E+06
  0.2333333333E+00  0.1417115453E+06
  0.2336111111E+00  0.1408745934E+06
  0.2338888889E+00  0.1400376391E+06
  0.2341666667E+00  0.1392006872E+06
  0.2344444444E+00  0.1383637353E+06
  0.2347222222E+00  0.1375267811E+06
  0.2350000000E+00  0.1366898291E+06
  0.2352777778E+00  0.1360876413E+06
  0.2355555556E+00  0.1354854544E+06
  0.2358333333E+00  0.1348832665E+06
  0.2361111111E+00  0.1342810786E+06
  0.2363888889E+00  0.1336788917E+06
  0.2366666667E+00  0.1330767005E+06
  0.2369444444E+00  0.1324745137E+06
  0.2372222222E+00  0.1318723247E+06
  0.2375000000E+00  0.1312701379E+06
  0.2377777778E+00  0.1306679500E+06
  0.2380555556E+00  0.1300657632E+06
  0.2383333333E+00  0.1294635753E+06
  0.2386111111E+00  0.1288613873E+06
  0.2388888889E+00  0.1282591995E+06
  0.2391666667E+00  0.1276570126E+06
  0.2394444444E+00  0.1270548257E+06
  0.2397222222E+00  0.1264526368E+06
  0.2400000000E+00  0.1258504499E+06
  0.2402777778E+00  0.1254489388E+06
  0.2405555556E+00  0.1250474310E+06
  0.2408333333E+00  0.1246459221E+06
  0.2411111111E+00  0.1242444109E+06
  0.2413888889E+00  0.1238429042E+06
  0.2416666667E+00  0.1234413953E+06
  0.2419444444E+00  0.1230398841E+06
  0.2422222222E+00  0.1226383762E+06
  0.2425000000E+00  0.1222368651E+06
  0.2427777778E+00  0.1218353573E+06
  0.2430555556E+00  0.1214338470E+06
  0.2433333333E+00  0.1210323378E+06
  0.2436111111E+00  0.1206308301E+06
  0.2438888889E+00  0.1202293199E+06
  0.2441666667E+00  0.1198278107E+06
  0.2444444444E+00  0.1194263005E+06
  0.2447222222E+00  0.1190247924E+06
  0.2450000000E+00  0.1186232832E+06
  0.2452777778E+00  0.1183850290E+06
  0.2455555556E+00  0.1181467755E+06
  0.2458333333E+00  0.1179085234E+06
  0.2461111111E+00  0.1176702688E+06
  0.2463888889E+00  0.1174320156E+06
  0.2466666667E+00  0.1171937624E+06
  0.2469444444E+00  0.1169555090E+06
  0.2472222222E+00  0.1167172558E+06
  0.2475000000E+00  0.1164790013E+06
  0.2477777778E+00  0.1162407492E+06
  0.2480555556E+00  0.1160024956E+06
  0.2483333333E+00  0.1157642414E+06
  0.2486111111E+00  0.1155259879E+06
  0.2488888889E+00  0.1152877358E+06
  0.2491666667E+00  0.1150494813E+06
  0.2494444444E+00  0.1148112284E+06
  0.2497222222E+00  0.1145729745E+06
  0.2500000000E+00  0.1143347212E+06
  0.2502777778E+00  0.1142212559E+06
  0.2505555556E+00  0.1141077912E+06
  0.2508333333E+00  0.1139943258E+06
  0.2511111111E+00  0.1138808602E+06
  0.2513888889E+00  0.1137673958E+06
  0.2516666667E+00  0.1136539301E+06
  0.2519444444E+00  0.1135404648E+06
  0.2522222222E+00  0.1134270001E+06
  0.2525000000E+00  0.1133135348E+06
  0.2527777778E+00  0.1132000704E+06
  0.2530555556E+00  0.1130866047E+06
  0.2533333333E+00  0.1129731394E+06
  0.2536111111E+00  0.1128596746E+06
  0.2538888889E+00  0.1127462093E+06
  0.2541666667E+00  0.1126327436E+06
  0.2544444444E+00  0.1125192792E+06
  0.2547222222E+00  0.1124058136E+06
  0.2550000000E+00  0.1122923482E+06
  0.2552777778E+00  0.1122663945E+06
  0.2555555556E+00  0.1122404407E+06
  0.2558333333E+00  0.1122144871E+06
  0.2561111111E+00  0.1121885333E+06
  0.2563888889E+00  0.1121625797E+06
  0.2566666667E+00  0.1121366259E+06
  0.2569444444E+00  0.1121106721E+06
  0.2572222222E+00  0.1120847185E+06
  0.2575000000E+00  0.1120587647E+06
  0.2577777778E+00  0.1120328110E+06
  0.2580555556E+00  0.1120068583E+06
  0.2583333333E+00  0.1119809046E+06
  0.2586111111E+00  0.1119549508E+06
  0.2588888889E+00  0.1119289972E+06
  0.2591666667E+00  0.1119030434E+06
  0.2594444444E+00  0.1118770896E+06
  0.2597222222E+00  0.1118511360E+06
  0.2600000000E+00  0.1118251822E+06
  0.2602777778E+00  0.1118523201E+06
  0.2605555556E+00  0.1118794589E+06
  0.2608333333E+00  0.1119065972E+06
  0.2611111111E+00  0.1119337360E+06
  0.2613888889E+00  0.1119608742E+06
  0.2616666667E+00  0.1119880130E+06
  0.2619444444E+00  0.1120151518E+06
  0.2622222222E+00  0.1120422900E+06
  0.2625000000E+00  0.1120694288E+06
  0.2627777778E+00  0.1120965667E+06
  0.2630555556E+00  0.1121237058E+06
  0.2633333333E+00  0.1121508437E+06
  0.2636111111E+00  0.1121779829E+06
  0.2638888889E+00  0.1122051218E+06
  0.2641666667E+00  0.1122322596E+06
  0.2644444444E+00  0.1122593988E+06
  0.2647222222E+00  0.1122865366E+06
  0.2650000000E+00  0.1123136758E+06
  0.2652777778E+00  0.1123638526E+06
  0.2655555556E+00  0.1124140290E+06
  0.2658333333E+00  0.1124642059E+06
  0.2661111111E+00  0.1125143827E+06
  0.2663888889E+00  0.1125645596E+06
  0.2666666667E+00  0.1126147363E+06
  0.2669444444E+00  0.1126649132E+06
  0.2672222222E+00  0.1127150900E+06
  0.2675000000E+00  0.1127652668E+06
  0.2677777778E+00  0.1128154436E+06
  0.2680555556E+00  0.1128656205E+06
  0.2683333333E+00  0.1129157972E+06
  0.2686111111E+00  0.1129659741E+06
  0.2688888889E+00  0.1130161509E+06
  0.2691666667E+00  0.1130663278E+06
  0.2694444444E+00  0.1131165045E+06
  0.2697222222E+00  0.1131666814E+06
  0.2700000000E+00  0.1132168582E+06
  0.2702777778E+00  0.1132653313E+06
  0.2705555556E+00  0.1133138047E+06
  0.2708333333E+00  0.1133622791E+06
  0.2711111111E+00  0.1134107522E+06
  0.2713888889E+00  0.1134592258E+06
  0.2716666667E+00  0.1135076998E+06
  0.2719444444E+00  0.1135561733E+06
  0.2722222222E+00  0.1136046467E+06
  0.2725000000E+00  0.1136531208E+06
  0.2727777778E+00  0.1137015943E+06
  0.2730555556E+00  0.1137500674E+06
  0.2733333333E+00  0.1137985418E+06
  0.2736111111E+00  0.1138470149E+06
  0.2738888889E+00  0.1138954883E+06
  0.2741666667E+00  0.1139439628E+06
  0.2744444444E+00  0.1139924359E+06
  0.2747222222E+00  0.1140409093E+06
  0.2750000000E+00  0.1140893834E+06
  0.2752777778E+00  0.1141171897E+06
  0.2755555556E+00  0.1141449955E+06
  0.2758333333E+00  0.1141728024E+06
  0.2761111111E+00  0.1142006085E+06
  0.2763888889E+00  0.1142284154E+06
  0.2766666667E+00  0.1142562213E+06
  0.2769444444E+00  0.1142840274E+06
  0.2772222222E+00  0.1143118343E+06
  0.2775000000E+00  0.1143396401E+06
  0.2777777778E+00  0.1143674461E+06
  0.2780555556E+00  0.1143952532E+06
  0.2783333333E+00  0.1144230591E+06
  0.2786111111E+00  0.1144508659E+06
  0.2788888889E+00  0.1144786722E+06
  0.2791666667E+00  0.1145064780E+06
  0.2794444444E+00  0.1145342849E+06
  0.2797222222E+00  0.1145620911E+06
  0.2800000000E+00  0.1145898970E+06
  0.2802777778E+00  0.1145839924E+06
  0.2805555556E+00  0.1145780868E+06
  0.2808333333E+00  0.1145721815E+06
  0.2811111111E+00  0.1145662769E+06
  0.2813888889E+00  0.1145603713E+06
  0.2816666667E+00  0.1145544667E+06
  0.2819444444E+00  0.1145485615E+06
  0.2822222222E+00  0.1145426559E+06
  0.2825000000E+00  0.1145367513E+06
  0.2827777778E+00  0.1145308458E+06
  0.2830555556E+00  0.1145249405E+06
  0.2833333333E+00  0.1145190359E+06
  0.2836111111E+00  0.1145131303E+06
  0.2838888889E+00  0.1145072247E+06
  0.2841666667E+00  0.1145013201E+06
  0.2844444444E+00  0.1144954149E+06
  0.2847222222E+00  0.1144895103E+06
  0.2850000000E+00  0.1144836047E+06
  0.2852777778E+00  0.1144366645E+06
  0.2855555556E+00  0.1143897244E+06
  0.2858333333E+00  0.1143427841E+06
  0.2861111111E+00  0.1142958437E+06
  0.2863888889E+00  0.1142489034E+06
  0.2866666667E+00  0.1142019634E+06
  0.2869444444E+00  0.1141550230E+06
  0.2872222222E+00  0.1141080827E+06
  0.2875000000E+00  0.1140611423E+06
  0.2877777778E+00  0.1140142024E+06
  0.2880555556E+00  0.1139672611E+06
  0.2883333333E+00  0.1139203207E+06
  0.2886111111E+00  0.1138733804E+06
  0.2888888889E+00  0.1138264404E+06
  0.2891666667E+00  0.1137795000E+06
  0.2894444444E+00  0.1137325597E+06
  0.2897222222E+00  0.1136856197E+06
  0.2900000000E+00  0.1136386793E+06
  0.2902777778E+00  0.1135484226E+06
  0.2905555556E+00  0.1134581651E+06
  0.2908333333E+00  0.1133679074E+06
  0.2911111111E+00  0.1132776508E+06
  0.2913888889E+00  0.1131873930E+06
  0.2916666667E+00  0.1130971353E+06
  0.2919444444E+00  0.1130068788E+06
  0.2922222222E+00  0.1129166209E+06
  0.2925000000E+00  0.1128263635E+06
  0.2927777778E+00  0.1127361067E+06
  0.2930555556E+00  0.1126458493E+06
  0.2933333333E+00  0.1125555914E+06
  0.2936111111E+00  0.1124653350E+06
  0.2938888889E+00  0.1123750772E+06
  0.2941666667E+00  0.1122848193E+06
  0.2944444444E+00  0.1121945629E+06
  0.2947222222E+00  0.1121043051E+06
  0.2950000000E+00  0.1120140477E+06
  0.2952777778E+00  0.1118826997E+06
  0.2955555556E+00  0.1117513510E+06
  0.2958333333E+00  0.1116200019E+06
  0.2961111111E+00  0.1114886528E+06
  0.2963888889E+00  0.1113573041E+06
  0.2966666667E+00  0.1112259551E+06
  0.2969444444E+00  0.1110946064E+06
  0.2972222222E+00  0.1109632574E+06
  0.2975000000E+00  0.1108319094E+06
  0.2977777778E+00  0.1107005607E+06
  0.2980555556E+00  0.1105692117E+06
  0.2983333333E+00  0.1104378630E+06
  0.2986111111E+00  0.1103065140E+06
  0.2988888889E+00  0.1101751653E+06
  0.2991666667E+00  0.1100438163E+06
  0.2994444444E+00  0.1099124672E+06
  0.2997222222E+00  0.1097811196E+06
  0.3000000000E+00  0.1096497705E+06
  0.3002777778E+00  0.1094829430E+06
  0.3005555556E+00  0.1093161152E+06
  0.3008333333E+00  0.1091492878E+06
  0.3011111111E+00  0.1089824604E+06
  0.3013888889E+00  0.1088156325E+06
  0.3016666667E+00  0.1086488050E+06
  0.3019444444E+00  0.1084819773E+06
  0.3022222222E+00  0.1083151497E+06
  0.3025000000E+00  0.1081483219E+06
  0.3027777778E+00  0.1079814945E+06
  0.3030555556E+00  0.1078146670E+06
  0.3033333333E+00  0.1076478392E+06
  0.3036111111E+00  0.1074810118E+06
  0.3038888889E+00  0.1073141840E+06
  0.3041666667E+00  0.1071473564E+06
  0.3044444444E+00  0.1069805287E+06
  0.3047222222E+00  0.1068137012E+06
  0.3050000000E+00  0.1066468737E+06
  0.3052777778E+00  0.1064527246E+06
  0.3055555556E+00  0.1062585765E+06
  0.3058333333E+00  0.1060644274E+06
  0.3061111111E+00  0.1058702783E+06
  0.3063888889E+00  0.1056761302E+06
  0.3066666667E+00  0.1054819811E+06
  0.3069444444E+00  0.1052878330E+06
  0.3072222222E+00  0.1050936839E+06
  0.3075000000E+00  0.1048995348E+06
  0.3077777778E+00  0.1047053867E+06
  0.3080555556E+00  0.1045112380E+06
  0.3083333333E+00  0.1043170889E+06
  0.3086111111E+00  0.1041229408E+06
  0.3088888889E+00  0.1039287917E+06
  0.3091666667E+00  0.1037346426E+06
  0.3094444444E+00  0.1035404945E+06
  0.3097222222E+00  0.1033463454E+06
  0.3100000000E+00  0.1031521963E+06
  0.3102777778E+00  0.1029404532E+06
  0.3105555556E+00  0.1027287091E+06
  0.3108333333E+00  0.1025169657E+06
  0.3111111111E+00  0.1023052226E+06
  0.3113888889E+00  0.1020934785E+06
  0.3116666667E+00  0.1018817354E+06
  0.3119444444E+00  0.1016699913E+06
  0.3122222222E+00  0.1014582480E+06
  0.3125000000E+00  0.1012465038E+06
  0.3127777778E+00  0.1010347607E+06
  0.3130555556E+00  0.1008230176E+06
  0.3133333333E+00  0.1006112732E+06
  0.3136111111E+00  0.1003995302E+06
  0.3138888889E+00  0.1001877860E+06
  0.3141666667E+00  0.9997604297E+05
  0.3144444444E+00  0.9976429882E+05
  0.3147222222E+00  0.9955255543E+05
  0.3150000000E+00  0.9934081239E+05
  0.3152777778E+00  0.9912190341E+05
  0.3155555556E+00  0.9890299521E+05
  0.3158333333E+00  0.9868408590E+05
  0.3161111111E+00  0.9846517792E+05
  0.3163888889E+00  0.9824626971E+05
  0.3166666667E+00  0.9802736073E+05
  0.3169444444E+00  0.9780845253E+05
  0.3172222222E+00  0.9758954422E+05
  0.3175000000E+00  0.9737063535E+05
  0.3177777778E+00  0.9715172703E+05
  0.3180555556E+00  0.9693281817E+05
  0.3183333333E+00  0.9671390985E+05
  0.3186111111E+00  0.9649500165E+05
  0.3188888889E+00  0.9627609267E+05
  0.3191666667E+00  0.9605718447E+05
  0.3194444444E+00  0.9583827549E+05
  0.3197222222E+00  0.9561936729E+05
  0.3200000000E+00  0.9540045897E+05
  0.3202777778E+00  0.9518455888E+05
  0.3205555556E+00  0.9496865734E+05
  0.3208333333E+00  0.9475275679E+05
  0.3211111111E+00  0.9453685637E+05
  0.3213888889E+00  0.9432095583E+05
  0.3216666667E+00  0.9410505529E+05
  0.3219444444E+00  0.9388915486E+05
  0.3222222222E+00  0.9367325432E+05
  0.3225000000E+00  0.9345735377E+05
  0.3227777778E+00  0.9324145368E+05
  0.3230555556E+00  0.9302555314E+05
  0.3233333333E+00  0.9280965260E+05
  0.3236111111E+00  0.9259375117E+05
  0.3238888889E+00  0.9237785063E+05
  0.3241666667E+00  0.9216195009E+05
  0.3244444444E+00  0.9194604966E+05
  0.3247222222E+00  0.9173014914E+05
  0.3250000000E+00  0.9151424893E+05
  0.3252777778E+00  0.9131081988E+05
  0.3255555556E+00  0.9110739217E+05
  0.3258333333E+00  0.9090396312E+05
  0.3261111111E+00  0.9070053542E+05
  0.3263888889E+00  0.9049710638E+05
  0.3266666667E+00  0.9029367866E+05
  0.3269444444E+00  0.9009024963E+05
  0.3272222222E+00  0.8988682192E+05
  0.3275000000E+00  0.8968339287E+05
  0.3277777778E+00  0.8947996517E+05
  0.3280555556E+00  0.8927653635E+05
  0.3283333333E+00  0.8907310830E+05
  0.3286111111E+00  0.8886967960E+05
  0.3288888889E+00  0.8866625155E+05
  0.3291666667E+00  0.8846282284E+05
  0.3294444444E+00  0.8825939480E+05
  0.3297222222E+00  0.8805596609E+05
  0.3300000000E+00  0.8785253805E+05
  0.3302777778E+00  0.8766953368E+05
  0.3305555556E+00  0.8748652932E+05
  0.3308333333E+00  0.8730352494E+05
  0.3311111111E+00  0.8712052058E+05
  0.3313888889E+00  0.8693751621E+05
  0.3316666667E+00  0.8675451195E+05
  0.3319444444E+00  0.8657150758E+05
  0.3322222222E+00  0.8638850321E+05
  0.3325000000E+00  0.8620549985E+05
  0.3327777778E+00  0.8602249548E+05
  0.3330555556E+00  0.8583949110E+05
  0.3333333333E+00  0.8565648674E+05
  0.3336111111E+00  0.8547348237E+05
  0.3338888889E+00  0.8529047801E+05
  0.3341666667E+00  0.8510747363E+05
  0.3344444444E+00  0.8492446937E+05
  0.3347222222E+00  0.8474146501E+05
  0.3350000000E+00  0.8455846064E+05
  0.3352777778E+00  0.8440214275E+05
  0.3355555556E+00  0.8424582521E+05
  0.3358333333E+00  0.8408950732E+05
  0.3361111111E+00  0.8393318943E+05
  0.3363888889E+00  0.8377687178E+05
  0.3366666667E+00  0.8362055389E+05
  0.3369444444E+00  0.8346423635E+05
  0.3372222222E+00  0.8330791847E+05
  0.3375000000E+00  0.8315160058E+05
  0.3377777778E+00  0.8299528303E+05
  0.3380555556E+00  0.8283896515E+05
  0.3383333333E+00  0.8268264760E+05
  0.3386111111E+00  0.8252632972E+05
  0.3388888889E+00  0.8237001184E+05
  0.3391666667E+00  0.8221369328E+05
  0.3394444444E+00  0.8205737540E+05
  0.3397222222E+00  0.8190105785E+05
  0.3400000000E+00  0.8174473997E+05
  0.3402777778E+00  0.8161935589E+05
  0.3405555556E+00  0.8149397081E+05
  0.3408333333E+00  0.8136858539E+05
  0.3411111111E+00  0.8124320131E+05
  0.3413888889E+00  0.8111781622E+05
  0.3416666667E+00  0.8099243115E+05
  0.3419444444E+00  0.8086704684E+05
  0.3422222222E+00  0.8074166176E+05
  0.3425000000E+00  0.8061627668E+05
  0.3427777778E+00  0.8049089259E+05
  0.3430555556E+00  0.8036550718E+05
  0.3433333333E+00  0.8024012210E+05
  0.3436111111E+00  0.8011473802E+05
  0.3438888889E+00  0.7998935293E+05
  0.3441666667E+00  0.7986396862E+05
  0.3444444444E+00  0.7973858355E+05
  0.3447222222E+00  0.7961319846E+05
  0.3450000000E+00  0.7948781438E+05
  0.3452777778E+00  0.7939552041E+05
  0.3455555556E+00  0.7930322755E+05
  0.3458333333E+00  0.7921093458E+05
  0.3461111111E+00  0.7911864072E+05
  0.3463888889E+00  0.7902634786E+05
  0.3466666667E+00  0.7893405489E+05
  0.3469444444E+00  0.7884176237E+05
  0.3472222222E+00  0.7874946839E+05
  0.3475000000E+00  0.7865717553E+05
  0.3477777778E+00  0.7856488256E+05
  0.3480555556E+00  0.7847258871E+05
  0.3483333333E+00  0.7838029573E+05
  0.3486111111E+00  0.7828800287E+05
  0.3488888889E+00  0.7819570890E+05
  0.3491666667E+00  0.7810341638E+05
  0.3494444444E+00  0.7801112340E+05
  0.3497222222E+00  0.7791882955E+05
  0.3500000000E+00  0.7782653658E+05
  0.3502777778E+00  0.7776745860E+05
  0.3505555556E+00  0.7770838129E+05
  0.3508333333E+00  0.7764930320E+05
  0.3511111111E+00  0.7759022488E+05
  0.3513888889E+00  0.7753114690E+05
  0.3516666667E+00  0.7747206992E+05
  0.3519444444E+00  0.7741299150E+05
  0.3522222222E+00  0.7735391352E+05
  0.3525000000E+00  0.7729483521E+05
  0.3527777778E+00  0.7723575822E+05
  0.3530555556E+00  0.7717667979E+05
  0.3533333333E+00  0.7711760182E+05
  0.3536111111E+00  0.7705852383E+05
  0.3538888889E+00  0.7699944652E+05
  0.3541666667E+00  0.7694036843E+05
  0.3544444444E+00  0.7688129012E+05
  0.3547222222E+00  0.7682221214E+05
  0.3550000000E+00  0.7676313416E+05
  0.3552777778E+00  0.7673553680E+05
  0.3555555556E+00  0.7670793977E+05
  0.3558333333E+00  0.7668034141E+05
  0.3561111111E+00  0.7665274438E+05
  0.3563888889E+00  0.7662514747E+05
  0.3566666667E+00  0.7659755010E+05
  0.3569444444E+00  0.7656995208E+05
  0.3572222222E+00  0.7654235506E+05
  0.3575000000E+00  0.7651475769E+05
  0.3577777778E+00  0.7648715977E+05
  0.3580555556E+00  0.7645956241E+05
  0.3583333333E+00  0.7643196538E+05
  0.3586111111E+00  0.7640436735E+05
  0.3588888889E+00  0.7637677011E+05
  0.3591666667E+00  0.7634917308E+05
  0.3594444444E+00  0.7632157505E+05
  0.3597222222E+00  0.7629397769E+05
  0.3600000000E+00  0.7626638067E+05
  0.3602777778E+00  0.7626690142E+05
  0.3605555556E+00  0.7626742352E+05
  0.3608333333E+00  0.7626794561E+05
  0.3611111111E+00  0.7626846770E+05
  0.3613888889E+00  0.7626898947E+05
  0.3616666667E+00  0.7626951055E+05
  0.3619444444E+00  0.7627003254E+05
  0.3622222222E+00  0.7627055464E+05
  0.3625000000E+00  0.7627107639E+05
  0.3627777778E+00  0.7627159749E+05
  0.3630555556E+00  0.7627211959E+05
  0.3633333333E+00  0.7627264167E+05
  0.3636111111E+00  0.7627316333E+05
  0.3638888889E+00  0.7627368441E+05
  0.3641666667E+00  0.7627420651E+05
  0.3644444444E+00  0.7627472861E+05
  0.3647222222E+00  0.7627525036E+05
  0.3650000000E+00  0.7627577246E+05
  0.3652777778E+00  0.7629978338E+05
  0.3655555556E+00  0.7632379475E+05
  0.3658333333E+00  0.7634780567E+05
  0.3661111111E+00  0.7637181670E+05
  0.3663888889E+00  0.7639582797E+05
  0.3666666667E+00  0.7641983900E+05
  0.3669444444E+00  0.7644385092E+05
  0.3672222222E+00  0.7646786229E+05
  0.3675000000E+00  0.7649187321E+05
  0.3677777778E+00  0.7651588425E+05
  0.3680555556E+00  0.7653989551E+05
  0.3683333333E+00  0.7656390654E+05
  0.3686111111E+00  0.7658791746E+05
  0.3688888889E+00  0.7661192983E+05
  0.3691666667E+00  0.7663594075E+05
  0.3694444444E+00  0.7665995178E+05
  0.3697222222E+00  0.7668396315E+05
  0.3700000000E+00  0.7670797408E+05
  0.3702777778E+00  0.7674990817E+05
  0.3705555556E+00  0.7679184115E+05
  0.3708333333E+00  0.7683377524E+05
  0.3711111111E+00  0.7687570834E+05
  0.3713888889E+00  0.7691764198E+05
  0.3716666667E+00  0.7695957507E+05
  0.3719444444E+00  0.7700150906E+05
  0.3722222222E+00  0.7704344214E+05
  0.3725000000E+00  0.7708537623E+05
  0.3727777778E+00  0.7712730921E+05
  0.3730555556E+00  0.7716924331E+05
  0.3733333333E+00  0.7721117595E+05
  0.3736111111E+00  0.7725311004E+05
  0.3738888889E+00  0.7729504314E+05
  0.3741666667E+00  0.7733697711E+05
  0.3744444444E+00  0.7737891020E+05
  0.3747222222E+00  0.7742084429E+05
  0.3750000000E+00  0.7746277728E+05
  0.3752777778E+00  0.7751659588E+05
  0.3755555556E+00  0.7757041483E+05
  0.3758333333E+00  0.7762423477E+05
  0.3761111111E+00  0.7767805337E+05
  0.3763888889E+00  0.7773187231E+05
  0.3766666667E+00  0.7778569126E+05
  0.3769444444E+00  0.7783950986E+05
  0.3772222222E+00  0.7789332980E+05
  0.3775000000E+00  0.7794714874E+05
  0.3777777778E+00  0.7800096734E+05
  0.3780555556E+00  0.7805478628E+05
  0.3783333333E+00  0.7810860522E+05
  0.3786111111E+00  0.7816242382E+05
  0.3788888889E+00  0.7821624376E+05
  0.3791666667E+00  0.7827006271E+05
  0.3794444444E+00  0.7832388131E+05
  0.3797222222E+00  0.7837770025E+05
  0.3800000000E+00  0.7843151919E+05
  0.3802777778E+00  0.7849099276E+05
  0.3805555556E+00  0.7855046567E+05
  0.3808333333E+00  0.7860993824E+05
  0.3811111111E+00  0.7866941191E+05
  0.3813888889E+00  0.7872888482E+05
  0.3816666667E+00  0.7878835739E+05
  0.3819444444E+00  0.7884783129E+05
  0.3822222222E+00  0.7890730385E+05
  0.3825000000E+00  0.7896677687E+05
  0.3827777778E+00  0.7902625044E+05
  0.3830555556E+00  0.7908572301E+05
  0.3833333333E+00  0.7914519591E+05
  0.3836111111E+00  0.7920466947E+05
  0.3838888889E+00  0.7926414249E+05
  0.3841666667E+00  0.7932361506E+05
  0.3844444444E+00  0.7938308863E+05
  0.3847222222E+00  0.7944256153E+05
  0.3850000000E+00  0.7950203409E+05
  0.3852777778E+00  0.7956128730E+05
  0.3855555556E+00  0.7962053949E+05
  0.3858333333E+00  0.7967979125E+05
  0.3861111111E+00  0.7973904344E+05
  0.3863888889E+00  0.7979829553E+05
  0.3866666667E+00  0.7985754839E+05
  0.3869444444E+00  0.7991680058E+05
  0.3872222222E+00  0.7997605267E+05
  0.3875000000E+00  0.8003530487E+05
  0.3877777778E+00  0.8009455663E+05
  0.3880555556E+00  0.8015380882E+05
  0.3883333333E+00  0.8021306191E+05
  0.3886111111E+00  0.8027231377E+05
  0.3888888889E+00  0.8033156597E+05
  0.3891666667E+00  0.8039081805E+05
  0.3894444444E+00  0.8045007025E+05
  0.3897222222E+00  0.8050932200E+05
  0.3900000000E+00  0.8056857521E+05
  0.3902777778E+00  0.8062219614E+05
  0.3905555556E+00  0.8067581797E+05
  0.3908333333E+00  0.8072943926E+05
  0.3911111111E+00  0.8078306108E+05
  0.3913888889E+00  0.8083668202E+05
  0.3916666667E+00  0.8089030398E+05
  0.3919444444E+00  0.8094392480E+05
  0.3922222222E+00  0.8099754675E+05
  0.3925000000E+00  0.8105116891E+05
  0.3927777778E+00  0.8110478985E+05
  0.3930555556E+00  0.8115841169E+05
  0.3933333333E+00  0.8121203263E+05
  0.3936111111E+00  0.8126565457E+05
  0.3938888889E+00  0.8131927575E+05
  0.3941666667E+00  0.8137289769E+05
  0.3944444444E+00  0.8142651853E+05
  0.3947222222E+00  0.8148014047E+05
  0.3950000000E+00  0.8153376240E+05
  0.3952777778E+00  0.8157728857E+05
  0.3955555556E+00  0.8162081451E+05
  0.3958333333E+00  0.8166434135E+05
  0.3961111111E+00  0.8170786729E+05
  0.3963888889E+00  0.8175139412E+05
  0.3966666667E+00  0.8179492040E+05
  0.3969444444E+00  0.8183844734E+05
  0.3972222222E+00  0.8188197317E+05
  0.3975000000E+00  0.8192550011E+05
  0.3977777778E+00  0.8196902628E+05
  0.3980555556E+00  0.8201255321E+05
  0.3983333333E+00  0.8205607916E+05
  0.3986111111E+00  0.8209960599E+05
  0.3988888889E+00  0.8214313227E+05
  0.3991666667E+00  0.8218665809E+05
  0.3994444444E+00  0.8223018504E+05
  0.3997222222E+00  0.8227371087E+05
  0.4000000000E+00  0.8231723782E+05
  0.4002777778E+00  0.8234721277E+05
  0.4005555556E+00  0.8237718739E+05
  0.4008333333E+00  0.8240716101E+05
  0.4011111111E+00  0.8243713563E+05
  0.4013888889E+00  0.8246711025E+05
  0.4016666667E+00  0.8249708476E+05
  0.4019444444E+00  0.8252705939E+05
  0.4022222222E+00  0.8255703401E+05
  0.4025000000E+00  0.8258700863E+05
  0.4027777778E+00  0.8261698324E+05
  0.4030555556E+00  0.8264695786E+05
  0.4033333333E+00  0.8267693182E+05
  0.4036111111E+00  0.8270690643E+05
  0.4038888889E+00  0.8273688106E+05
  0.4041666667E+00  0.8276685557E+05
  0.4044444444E+00  0.8279683019E+05
  0.4047222222E+00  0.8282680481E+05
  0.4050000000E+00  0.8285677943E+05
  0.4052777778E+00  0.8287096356E+05
  0.4055555556E+00  0.8288514659E+05
  0.4058333333E+00  0.8289933094E+05
  0.4061111111E+00  0.8291351507E+05
  0.4063888889E+00  0.8292769910E+05
  0.4066666667E+00  0.8294188223E+05
  0.4069444444E+00  0.8295606625E+05
  0.4072222222E+00  0.8297025028E+05
  0.4075000000E+00  0.8298443441E+05
  0.4077777778E+00  0.8299861876E+05
  0.4080555556E+00  0.8301280190E+05
  0.4083333333E+00  0.8302698592E+05
  0.4086111111E+00  0.8304116994E+05
  0.4088888889E+00  0.8305535408E+05
  0.4091666667E+00  0.8306953710E+05
  0.4094444444E+00  0.8308372122E+05
  0.4097222222E+00  0.8309790559E+05
  0.4100000000E+00  0.8311208972E+05
  0.4102777778E+00  0.8310947953E+05
  0.4105555556E+00  0.8310687035E+05
  0.4108333333E+00  0.8310426018E+05
  0.4111111111E+00  0.8310165000E+05
  0.4113888889E+00  0.8309904081E+05
  0.4116666667E+00  0.8309643063E+05
  0.4119444444E+00  0.8309382145E+05
  0.4122222222E+00  0.8309121127E+05
  0.4125000000E+00  0.8308860220E+05
  0.4127777778E+00  0.8308599201E+05
  0.4130555556E+00  0.8308338183E+05
  0.4133333333E+00  0.8308077299E+05
  0.4136111111E+00  0.8307816281E+05
  0.4138888889E+00  0.8307555362E+05
  0.4141666667E+00  0.8307294344E+05
  0.4144444444E+00  0.8307033425E+05
  0.4147222222E+00  0.8306772419E+05
  0.4150000000E+00  0.8306511401E+05
  0.4152777778E+00  0.8304590292E+05
  0.4155555556E+00  0.8302669116E+05
  0.4158333333E+00  0.8300748007E+05
  0.4161111111E+00  0.8298826810E+05
  0.4163888889E+00  0.8296905700E+05
  0.4166666667E+00  0.8294984525E+05
  0.4169444444E+00  0.8293063416E+05
  0.4172222222E+00  0.8291142218E+05
  0.4175000000E+00  0.8289221009E+05
  0.4177777778E+00  0.8287299934E+05
  0.4180555556E+00  0.8285378724E+05
  0.4183333333E+00  0.8283457615E+05
  0.4186111111E+00  0.8281536417E+05
  0.4188888889E+00  0.8279615342E+05
  0.4191666667E+00  0.8277694133E+05
  0.4194444444E+00  0.8275773023E+05
  0.4197222222E+00  0.8273851826E+05
  0.4200000000E+00  0.8271930651E+05
  0.4202777778E+00  0.8268481284E+05
  0.4205555556E+00  0.8265031863E+05
  0.4208333333E+00  0.8261582408E+05
  0.4211111111E+00  0.8258132975E+05
  0.4213888889E+00  0.8254683554E+05
  0.4216666667E+00  0.8251234187E+05
  0.4219444444E+00  0.8247784767E+05
  0.4222222222E+00  0.8244335301E+05
  0.4225000000E+00  0.8240885879E+05
  0.4227777778E+00  0.8237436447E+05
  0.4230555556E+00  0.8233987091E+05
  0.4233333333E+00  0.8230537670E+05
  0.4236111111E+00  0.8227088204E+05
  0.4238888889E+00  0.8223638782E+05
  0.4241666667E+00  0.8220189316E+05
  0.4244444444E+00  0.8216739994E+05
  0.4247222222E+00  0.8213290562E+05
  0.4250000000E+00  0.8209841108E+05
  0.4252777778E+00  0.8205089574E+05
  0.4255555556E+00  0.8200338130E+05
  0.4258333333E+00  0.8195586597E+05
  0.4261111111E+00  0.8190835064E+05
  0.4263888889E+00  0.8186083530E+05
  0.4266666667E+00  0.8181332086E+05
  0.4269444444E+00  0.8176580553E+05
  0.4272222222E+00  0.8171829019E+05
  0.4275000000E+00  0.8167077576E+05
  0.4277777778E+00  0.8162326042E+05
  0.4280555556E+00  0.8157574509E+05
  0.4283333333E+00  0.8152822976E+05
  0.4286111111E+00  0.8148071531E+05
  0.4288888889E+00  0.8143319998E+05
  0.4291666667E+00  0.8138568465E+05
  0.4294444444E+00  0.8133817032E+05
  0.4297222222E+00  0.8129065487E+05
  0.4300000000E+00  0.8124313921E+05
  0.4302777778E+00  0.8118560078E+05
  0.4305555556E+00  0.8112806136E+05
  0.4308333333E+00  0.8107052293E+05
  0.4311111111E+00  0.8101298451E+05
  0.4313888889E+00  0.8095544475E+05
  0.4316666667E+00  0.8089790621E+05
  0.4319444444E+00  0.8084036778E+05
  0.4322222222E+00  0.8078282836E+05
  0.4325000000E+00  0.8072528960E+05
  0.4327777778E+00  0.8066775017E+05
  0.4330555556E+00  0.8061021174E+05
  0.4333333333E+00  0.8055267333E+05
  0.4336111111E+00  0.8049513390E+05
  0.4338888889E+00  0.8043759514E+05
  0.4341666667E+00  0.8038005671E+05
  0.4344444444E+00  0.8032251729E+05
  0.4347222222E+00  0.8026497886E+05
  0.4350000000E+00  0.8020744010E+05
  0.4352777778E+00  0.8014336083E+05
  0.4355555556E+00  0.8007928122E+05
  0.4358333333E+00  0.8001520162E+05
  0.4361111111E+00  0.7995112201E+05
  0.4363888889E+00  0.7988704273E+05
  0.4366666667E+00  0.7982296313E+05
  0.4369444444E+00  0.7975888352E+05
  0.4372222222E+00  0.7969480392E+05
  0.4375000000E+00  0.7963072564E+05
  0.4377777778E+00  0.7956664604E+05
  0.4380555556E+00  0.7950256643E+05
  0.4383333333E+00  0.7943848682E+05
  0.4386111111E+00  0.7937440755E+05
  0.4388888889E+00  0.7931032795E+05
  0.4391666667E+00  0.7924624833E+05
  0.4394444444E+00  0.7918216906E+05
  0.4397222222E+00  0.7911808957E+05
  0.4400000000E+00  0.7905401096E+05
  0.4402777778E+00  0.7898711600E+05
  0.4405555556E+00  0.7892022238E+05
  0.4408333333E+00  0.7885332752E+05
  0.4411111111E+00  0.7878643356E+05
  0.4413888889E+00  0.7871953993E+05
  0.4416666667E+00  0.7865264538E+05
  0.4419444444E+00  0.7858575146E+05
  0.4422222222E+00  0.7851885720E+05
  0.4425000000E+00  0.7845196285E+05
  0.4427777778E+00  0.7838506891E+05
  0.4430555556E+00  0.7831817467E+05
  0.4433333333E+00  0.7825128031E+05
  0.4436111111E+00  0.7818438638E+05
  0.4438888889E+00  0.7811749213E+05
  0.4441666667E+00  0.7805059778E+05
  0.4444444444E+00  0.7798370395E+05
  0.4447222222E+00  0.7791680960E+05
  0.4450000000E+00  0.7784991556E+05
  0.4452777778E+00  0.7778385186E+05
  0.4455555556E+00  0.7771778816E+05
  0.4458333333E+00  0.7765172445E+05
  0.4461111111E+00  0.7758566120E+05
  0.4463888889E+00  0.7751959750E+05
  0.4466666667E+00  0.7745353379E+05
  0.4469444444E+00  0.7738747032E+05
  0.4472222222E+00  0.7732140661E+05
  0.4475000000E+00  0.7725534291E+05
  0.4477777778E+00  0.7718927921E+05
  0.4480555556E+00  0.7712321584E+05
  0.4483333333E+00  0.7705715214E+05
  0.4486111111E+00  0.7699108844E+05
  0.4488888889E+00  0.7692502496E+05
  0.4491666667E+00  0.7685896126E+05
  0.4494444444E+00  0.7679289756E+05
  0.4497222222E+00  0.7672683419E+05
  0.4500000000E+00  0.7666077049E+05
  0.4502777778E+00  0.7659891416E+05
  0.4505555556E+00  0.7653705781E+05
  0.4508333333E+00  0.7647520149E+05
  0.4511111111E+00  0.7641334515E+05
  0.4513888889E+00  0.7635148882E+05
  0.4516666667E+00  0.7628963249E+05
  0.4519444444E+00  0.7622777638E+05
  0.4522222222E+00  0.7616592015E+05
  0.4525000000E+00  0.7610406372E+05
  0.4527777778E+00  0.7604220749E+05
  0.4530555556E+00  0.7598035105E+05
  0.4533333333E+00  0.7591849471E+05
  0.4536111111E+00  0.7585663838E+05
  0.4538888889E+00  0.7579478205E+05
  0.4541666667E+00  0.7573292572E+05
  0.4544444444E+00  0.7567106938E+05
  0.4547222222E+00  0.7560921338E+05
  0.4550000000E+00  0.7554735704E+05
  0.4552777778E+00  0.7549259795E+05
  0.4555555556E+00  0.7543783895E+05
  0.4558333333E+00  0.7538308019E+05
  0.4561111111E+00  0.7532832119E+05
  0.4563888889E+00  0.7527356243E+05
  0.4566666667E+00  0.7521880344E+05
  0.4569444444E+00  0.7516404423E+05
  0.4572222222E+00  0.7510928546E+05
  0.4575000000E+00  0.7505452646E+05
  0.4577777778E+00  0.7499976770E+05
  0.4580555556E+00  0.7494500871E+05
  0.4583333333E+00  0.7489024961E+05
  0.4586111111E+00  0.7483549095E+05
  0.4588888889E+00  0.7478073185E+05
  0.4591666667E+00  0.7472597285E+05
  0.4594444444E+00  0.7467121409E+05
  0.4597222222E+00  0.7461645499E+05
  0.4600000000E+00  0.7456169633E+05
  0.4602777778E+00  0.7451624369E+05
  0.4605555556E+00  0.7447079139E+05
  0.4608333333E+00  0.7442533884E+05
  0.4611111111E+00  0.7437988664E+05
  0.4613888889E+00  0.7433443423E+05
  0.4616666667E+00  0.7428898169E+05
  0.4619444444E+00  0.7424352948E+05
  0.4622222222E+00  0.7419807695E+05
  0.4625000000E+00  0.7415262454E+05
  0.4627777778E+00  0.7410717233E+05
  0.4630555556E+00  0.7406171980E+05
  0.4633333333E+00  0.7401626750E+05
  0.4636111111E+00  0.7397081518E+05
  0.4638888889E+00  0.7392536264E+05
  0.4641666667E+00  0.7387991044E+05
  0.4644444444E+00  0.7383445781E+05
  0.4647222222E+00  0.7378900550E+05
  0.4650000000E+00  0.7374355328E+05
  0.4652777778E+00  0.7370883669E+05
  0.4655555556E+00  0.7367412019E+05
  0.4658333333E+00  0.7363940358E+05
  0.4661111111E+00  0.7360468698E+05
  0.4663888889E+00  0.7356997037E+05
  0.4666666667E+00  0.7353525378E+05
  0.4669444444E+00  0.7350053762E+05
  0.4672222222E+00  0.7346582101E+05
  0.4675000000E+00  0.7343110440E+05
  0.4677777778E+00  0.7339638779E+05
  0.4680555556E+00  0.7336167131E+05
  0.4683333333E+00  0.7332695470E+05
  0.4686111111E+00  0.7329223810E+05
  0.4688888889E+00  0.7325752182E+05
  0.4691666667E+00  0.7322280533E+05
  0.4694444444E+00  0.7318808873E+05
  0.4697222222E+00  0.7315337212E+05
  0.4700000000E+00  0.7311865552E+05
  0.4702777778E+00  0.7309526294E+05
  0.4705555556E+00  0.7307187002E+05
  0.4708333333E+00  0.7304847754E+05
  0.4711111111E+00  0.7302508462E+05
  0.4713888889E+00  0.7300169204E+05
  0.4716666667E+00  0.7297829912E+05
  0.4719444444E+00  0.7295490665E+05
  0.4722222222E+00  0.7293151373E+05
  0.4725000000E+00  0.7290812115E+05
  0.4727777778E+00  0.7288472823E+05
  0.4730555556E+00  0.7286133565E+05
  0.4733333333E+00  0.7283794284E+05
  0.4736111111E+00  0.7281455025E+05
  0.4738888889E+00  0.7279115734E+05
  0.4741666667E+00  0.7276776476E+05
  0.4744444444E+00  0.7274437228E+05
  0.4747222222E+00  0.7272097936E+05
  0.4750000000E+00  0.7269758678E+05
  0.4752777778E+00  0.7268528860E+05
  0.4755555556E+00  0.7267299075E+05
  0.4758333333E+00  0.7266069280E+05
  0.4761111111E+00  0.7264839507E+05
  0.4763888889E+00  0.7263609722E+05
  0.4766666667E+00  0.7262379893E+05
  0.4769444444E+00  0.7261150108E+05
  0.4772222222E+00  0.7259920335E+05
  0.4775000000E+00  0.7258690540E+05
  0.4777777778E+00  0.7257460754E+05
  0.4780555556E+00  0.7256230936E+05
  0.4783333333E+00  0.7255001163E+05
  0.4786111111E+00  0.7253771368E+05
  0.4788888889E+00  0.7252541583E+05
  0.4791666667E+00  0.7251311764E+05
  0.4794444444E+00  0.7250081981E+05
  0.4797222222E+00  0.7248852197E+05
  0.4800000000E+00  0.7247622411E+05
  0.4802777778E+00  0.7247400798E+05
  0.4805555556E+00  0.7247179219E+05
  0.4808333333E+00  0.7246957605E+05
  0.4811111111E+00  0.7246735993E+05
  0.4813888889E+00  0.7246514412E+05
  0.4816666667E+00  0.7246292810E+05
  0.4819444444E+00  0.7246071229E+05
  0.4822222222E+00  0.7245849617E+05
  0.4825000000E+00  0.7245628037E+05
  0.4827777778E+00  0.7245406424E+05
  0.4830555556E+00  0.7245184810E+05
  0.4833333333E+00  0.7244963241E+05
  0.4836111111E+00  0.7244741628E+05
  0.4838888889E+00  0.7244520048E+05
  0.4841666667E+00  0.7244298435E+05
  0.4844444444E+00  0.7244076821E+05
  0.4847222222E+00  0.7243855242E+05
  0.4850000000E+00  0.7243633639E+05
  0.4852777778E+00  0.7244255742E+05
  0.4855555556E+00  0.7244877800E+05
  0.4858333333E+00  0.7245499859E+05
  0.4861111111E+00  0.7246121962E+05
  0.4863888889E+00  0.7246744021E+05
  0.4866666667E+00  0.7247366078E+05
  0.4869444444E+00  0.7247988170E+05
  0.4872222222E+00  0.7248610240E+05
  0.4875000000E+00  0.7249232331E+05
  0.4877777778E+00  0.7249854390E+05
  0.4880555556E+00  0.7250476459E+05
  0.4883333333E+00  0.7251098552E+05
  0.4886111111E+00  0.7251720610E+05
  0.4888888889E+00  0.7252342680E+05
  0.4891666667E+00  0.7252964771E+05
  0.4894444444E+00  0.7253586830E+05
  0.4897222222E+00  0.7254208932E+05
  0.4900000000E+00  0.7254830991E+05
  0.4902777778E+00  0.7256081672E+05
  0.4905555556E+00  0.7257332354E+05
  0.4908333333E+00  0.7258583035E+05
  0.4911111111E+00  0.7259833717E+05
  0.4913888889E+00  0.7261084398E+05
  0.4916666667E+00  0.7262335080E+05
  0.4919444444E+00  0.7263585762E+05
  0.4922222222E+00  0.7264836443E+05
  0.4925000000E+00  0.7266087124E+05
  0.4927777778E+00  0.7267337807E+05
  0.4930555556E+00  0.7268588488E+05
  0.4933333333E+00  0.7269839169E+05
  0.4936111111E+00  0.7271089850E+05
  0.4938888889E+00  0.7272340533E+05
  0.4941666667E+00  0.7273591213E+05
  0.4944444444E+00  0.7274841895E+05
  0.4947222222E+00  0.7276092577E+05
  0.4950000000E+00  0.7277343258E+05
