  0.1027777778E-01  0.2238071201E+08
  0.1055555556E-01  0.2235749507E+08
  0.1083333333E-01  0.2233427771E+08
  0.1111111111E-01  0.2231106045E+08
  0.1138888889E-01  0.2228784309E+08
  0.1166666667E-01  0.2226462616E+08
  0.1194444444E-01  0.2224140889E+08
  0.1222222222E-01  0.2221819153E+08
  0.1250000000E-01  0.2219497460E+08
  0.1277777778E-01  0.2217175734E+08
  0.1305555556E-01  0.2214854008E+08
  0.1333333333E-01  0.2212532281E+08
  0.1361111111E-01  0.2210210579E+08
  0.1388888889E-01  0.2207888852E+08
  0.1416666667E-01  0.2205567127E+08
  0.1444444444E-01  0.2203245434E+08
  0.1472222222E-01  0.2200923697E+08
  0.1500000000E-01  0.2198601961E+08
  0.1527777778E-01  0.2195420411E+08
  0.1555555556E-01  0.2192238883E+08
  0.1583333333E-01  0.2189057332E+08
  0.1611111111E-01  0.2185875783E+08
  0.1638888889E-01  0.2182694200E+08
  0.1666666667E-01  0.2179512651E+08
  0.1694444444E-01  0.2176331102E+08
  0.1722222222E-01  0.2173149552E+08
  0.1750000000E-01  0.2169968013E+08
  0.1777777778E-01  0.2166786464E+08
  0.1805555556E-01  0.2163604924E+08
  0.1833333333E-01  0.2160423375E+08
  0.1861111111E-01  0.2157241792E+08
  0.1888888889E-01  0.2154060243E+08
  0.1916666667E-01  0.2150878694E+08
  0.1944444444E-01  0.2147697144E+08
  0.1972222222E-01  0.2144515605E+08
  0.2000000000E-01  0.2141334055E+08
  0.2027777778E-01  0.2137357045E+08
  0.2055555556E-01  0.2133380068E+08
  0.2083333333E-01  0.2129403069E+08
  0.2111111111E-01  0.2125426092E+08
  0.2138888889E-01  0.2121449093E+08
  0.2166666667E-01  0.2117472106E+08
  0.2194444444E-01  0.2113495094E+08
  0.2222222222E-01  0.2109518129E+08
  0.2250000000E-01  0.2105541119E+08
  0.2277777778E-01  0.2101564142E+08
  0.2305555556E-01  0.2097587132E+08
  0.2333333333E-01  0.2093610166E+08
  0.2361111111E-01  0.2089633155E+08
  0.2388888889E-01  0.2085656179E+08
  0.2416666667E-01  0.2081679169E+08
  0.2444444444E-01  0.2077702191E+08
  0.2472222222E-01  0.2073725192E+08
  0.2500000000E-01  0.2069748215E+08
  0.2527777778E-01  0.2065056354E+08
  0.2555555556E-01  0.2060364470E+08
  0.2583333333E-01  0.2055672621E+08
  0.2611111111E-01  0.2050980770E+08
  0.2638888889E-01  0.2046288877E+08
  0.2666666667E-01  0.2041597026E+08
  0.2694444444E-01  0.2036905176E+08
  0.2722222222E-01  0.2032213315E+08
  0.2750000000E-01  0.2027521431E+08
  0.2777777778E-01  0.2022829581E+08
  0.2805555556E-01  0.2018137730E+08
  0.2833333333E-01  0.2013445871E+08
  0.2861111111E-01  0.2008753986E+08
  0.2888888889E-01  0.2004062137E+08
  0.2916666667E-01  0.1999370286E+08
  0.2944444444E-01  0.1994678425E+08
  0.2972222222E-01  0.1989986542E+08
  0.3000000000E-01  0.1985294691E+08
  0.3027777778E-01  0.1979981803E+08
  0.3055555556E-01  0.1974668959E+08
  0.3083333333E-01  0.1969356082E+08
  0.3111111111E-01  0.1964043193E+08
  0.3138888889E-01  0.1958730337E+08
  0.3166666667E-01  0.1953417460E+08
  0.3194444444E-01  0.1948104572E+08
  0.3222222222E-01  0.1942791694E+08
  0.3250000000E-01  0.1937478838E+08
  0.3277777778E-01  0.1932165950E+08
  0.3305555556E-01  0.1926853073E+08
  0.3333333333E-01  0.1921540218E+08
  0.3361111111E-01  0.1916227341E+08
  0.3388888889E-01  0.1910914451E+08
  0.3416666667E-01  0.1905601597E+08
  0.3444444444E-01  0.1900288719E+08
  0.3472222222E-01  0.1894975841E+08
  0.3500000000E-01  0.1889662941E+08
  0.3527777778E-01  0.1883830818E+08
  0.3555555556E-01  0.1877998662E+08
  0.3583333333E-01  0.1872166516E+08
  0.3611111111E-01  0.1866334359E+08
  0.3638888889E-01  0.1860502192E+08
  0.3666666667E-01  0.1854670058E+08
  0.3694444444E-01  0.1848837900E+08
  0.3722222222E-01  0.1843005767E+08
  0.3750000000E-01  0.1837173598E+08
  0.3777777778E-01  0.1831341441E+08
  0.3805555556E-01  0.1825509307E+08
  0.3833333333E-01  0.1819677139E+08
  0.3861111111E-01  0.1813845015E+08
  0.3888888889E-01  0.1808012848E+08
  0.3916666667E-01  0.1802180681E+08
  0.3944444444E-01  0.1796348556E+08
  0.3972222222E-01  0.1790516390E+08
  0.4000000000E-01  0.1784684254E+08
  0.4027777778E-01  0.1778442514E+08
  0.4055555556E-01  0.1772200806E+08
  0.4083333333E-01  0.1765959054E+08
  0.4111111111E-01  0.1759717337E+08
  0.4138888889E-01  0.1753475596E+08
  0.4166666667E-01  0.1747233888E+08
  0.4194444444E-01  0.1740992137E+08
  0.4222222222E-01  0.1734750429E+08
  0.4250000000E-01  0.1728508689E+08
  0.4277777778E-01  0.1722266926E+08
  0.4305555556E-01  0.1716025218E+08
  0.4333333333E-01  0.1709783478E+08
  0.4361111111E-01  0.1703541759E+08
  0.4388888889E-01  0.1697300019E+08
  0.4416666667E-01  0.1691058311E+08
  0.4444444444E-01  0.1684816549E+08
  0.4472222222E-01  0.1678574842E+08
  0.4500000000E-01  0.1672333101E+08
  0.4527777778E-01  0.1665794481E+08
  0.4555555556E-01  0.1659255851E+08
  0.4583333333E-01  0.1652717198E+08
  0.4611111111E-01  0.1646178578E+08
  0.4638888889E-01  0.1639639948E+08
  0.4666666667E-01  0.1633101295E+08
  0.4694444444E-01  0.1626562675E+08
  0.4722222222E-01  0.1620024045E+08
  0.4750000000E-01  0.1613485392E+08
  0.4777777778E-01  0.1606946772E+08
  0.4805555556E-01  0.1600408152E+08
  0.4833333333E-01  0.1593869488E+08
  0.4861111111E-01  0.1587330880E+08
  0.4888888889E-01  0.1580792260E+08
  0.4916666667E-01  0.1574253596E+08
  0.4944444444E-01  0.1567714976E+08
  0.4972222222E-01  0.1561176356E+08
  0.5000000000E-01  0.1554637693E+08
  0.5027777778E-01  0.1547914997E+08
  0.5055555556E-01  0.1541192302E+08
  0.5083333333E-01  0.1534469573E+08
  0.5111111111E-01  0.1527746877E+08
  0.5138888889E-01  0.1521024148E+08
  0.5166666667E-01  0.1514301463E+08
  0.5194444444E-01  0.1507578756E+08
  0.5222222222E-01  0.1500856028E+08
  0.5250000000E-01  0.1494133343E+08
  0.5277777778E-01  0.1487410603E+08
  0.5305555556E-01  0.1480687918E+08
  0.5333333333E-01  0.1473965223E+08
  0.5361111111E-01  0.1467242493E+08
  0.5388888889E-01  0.1460519798E+08
  0.5416666667E-01  0.1453797058E+08
  0.5444444444E-01  0.1447074373E+08
  0.5472222222E-01  0.1440351678E+08
  0.5500000000E-01  0.1433628948E+08
  0.5527777778E-01  0.1426831975E+08
  0.5555555556E-01  0.1420034979E+08
  0.5583333333E-01  0.1413238006E+08
  0.5611111111E-01  0.1406441043E+08
  0.5638888889E-01  0.1399644047E+08
  0.5666666667E-01  0.1392847074E+08
  0.5694444444E-01  0.1386050078E+08
  0.5722222222E-01  0.1379253105E+08
  0.5750000000E-01  0.1372456109E+08
  0.5777777778E-01  0.1365659146E+08
  0.5805555556E-01  0.1358862173E+08
  0.5833333333E-01  0.1352065166E+08
  0.5861111111E-01  0.1345268193E+08
  0.5888888889E-01  0.1338471197E+08
  0.5916666667E-01  0.1331674224E+08
  0.5944444444E-01  0.1324877262E+08
  0.5972222222E-01  0.1318080265E+08
  0.6000000000E-01  0.1311283292E+08
  0.6027777778E-01  0.1304516703E+08
  0.6055555556E-01  0.1297750080E+08
  0.6083333333E-01  0.1290983480E+08
  0.6111111111E-01  0.1284216891E+08
  0.6138888889E-01  0.1277450301E+08
  0.6166666667E-01  0.1270683712E+08
  0.6194444444E-01  0.1263917089E+08
  0.6222222222E-01  0.1257150489E+08
  0.6250000000E-01  0.1250383900E+08
  0.6277777778E-01  0.1243617311E+08
  0.6305555556E-01  0.1236850711E+08
  0.6333333333E-01  0.1230084116E+08
  0.6361111111E-01  0.1223317508E+08
  0.6388888889E-01  0.1216550912E+08
  0.6416666667E-01  0.1209784316E+08
  0.6444444444E-01  0.1203017721E+08
  0.6472222222E-01  0.1196251125E+08
  0.6500000000E-01  0.1189484517E+08
  0.6527777778E-01  0.1182844539E+08
  0.6555555556E-01  0.1176204551E+08
  0.6583333333E-01  0.1169564562E+08
  0.6611111111E-01  0.1162924573E+08
  0.6638888889E-01  0.1156284593E+08
  0.6666666667E-01  0.1149644604E+08
  0.6694444444E-01  0.1143004616E+08
  0.6722222222E-01  0.1136364637E+08
  0.6750000000E-01  0.1129724649E+08
  0.6777777778E-01  0.1123084660E+08
  0.6805555556E-01  0.1116444672E+08
  0.6833333333E-01  0.1109804680E+08
  0.6861111111E-01  0.1103164691E+08
  0.6888888889E-01  0.1096524713E+08
  0.6916666667E-01  0.1089884724E+08
  0.6944444444E-01  0.1083244736E+08
  0.6972222222E-01  0.1076604747E+08
  0.7000000000E-01  0.1069964759E+08
  0.7027777778E-01  0.1063537742E+08
  0.7055555556E-01  0.1057110724E+08
  0.7083333333E-01  0.1050683696E+08
  0.7111111111E-01  0.1044256678E+08
  0.7138888889E-01  0.1037829665E+08
  0.7166666667E-01  0.1031402645E+08
  0.7194444444E-01  0.1024975622E+08
  0.7222222222E-01  0.1018548599E+08
  0.7250000000E-01  0.1012121585E+08
  0.7277777778E-01  0.1005694562E+08
  0.7305555556E-01  0.9992675391E+07
  0.7333333333E-01  0.9928405254E+07
  0.7361111111E-01  0.9864135055E+07
  0.7388888889E-01  0.9799864829E+07
  0.7416666667E-01  0.9735594597E+07
  0.7444444444E-01  0.9671324460E+07
  0.7472222222E-01  0.9607054223E+07
  0.7500000000E-01  0.9542784001E+07
  0.7527777778E-01  0.9481386999E+07
  0.7555555556E-01  0.9419989878E+07
  0.7583333333E-01  0.9358592852E+07
  0.7611111111E-01  0.9297195817E+07
  0.7638888889E-01  0.9235798692E+07
  0.7666666667E-01  0.9174401671E+07
  0.7694444444E-01  0.9113004536E+07
  0.7722222222E-01  0.9051607511E+07
  0.7750000000E-01  0.8990210490E+07
  0.7777777778E-01  0.8928813355E+07
  0.7805555556E-01  0.8867416364E+07
  0.7833333333E-01  0.8806019243E+07
  0.7861111111E-01  0.8744622207E+07
  0.7888888889E-01  0.8683225083E+07
  0.7916666667E-01  0.8621828048E+07
  0.7944444444E-01  0.8560431024E+07
  0.7972222222E-01  0.8499033901E+07
  0.8000000000E-01  0.8437636867E+07
  0.8027777778E-01  0.8379731721E+07
  0.8055555556E-01  0.8321826529E+07
  0.8083333333E-01  0.8263921438E+07
  0.8111111111E-01  0.8206016292E+07
  0.8138888889E-01  0.8148111101E+07
  0.8166666667E-01  0.8090206009E+07
  0.8194444444E-01  0.8032300863E+07
  0.8222222222E-01  0.7974395672E+07
  0.8250000000E-01  0.7916490592E+07
  0.8277777778E-01  0.7858585434E+07
  0.8305555556E-01  0.7800680243E+07
  0.8333333333E-01  0.7742775164E+07
  0.8361111111E-01  0.7684870006E+07
  0.8388888889E-01  0.7626964815E+07
  0.8416666667E-01  0.7569059768E+07
  0.8444444444E-01  0.7511154577E+07
  0.8472222222E-01  0.7453249386E+07
  0.8500000000E-01  0.7395344340E+07
  0.8527777778E-01  0.7341413149E+07
  0.8555555556E-01  0.7287481869E+07
  0.8583333333E-01  0.7233550677E+07
  0.8611111111E-01  0.7179619497E+07
  0.8638888889E-01  0.7125688206E+07
  0.8666666667E-01  0.7071757060E+07
  0.8694444444E-01  0.7017825880E+07
  0.8722222222E-01  0.6963894690E+07
  0.8750000000E-01  0.6909963409E+07
  0.8777777778E-01  0.6856032218E+07
  0.8805555556E-01  0.6802101038E+07
  0.8833333333E-01  0.6748169847E+07
  0.8861111111E-01  0.6694238601E+07
  0.8888888889E-01  0.6640307409E+07
  0.8916666667E-01  0.6586376229E+07
  0.8944444444E-01  0.6532445038E+07
  0.8972222222E-01  0.6478513759E+07
  0.9000000000E-01  0.6424582579E+07
  0.9027777778E-01  0.6374973758E+07
  0.9055555556E-01  0.6325364917E+07
  0.9083333333E-01  0.6275756075E+07
  0.9111111111E-01  0.6226147254E+07
  0.9138888889E-01  0.6176538413E+07
  0.9166666667E-01  0.6126929570E+07
  0.9194444444E-01  0.6077320751E+07
  0.9222222222E-01  0.6027711908E+07
  0.9250000000E-01  0.5978103067E+07
  0.9277777778E-01  0.5928494213E+07
  0.9305555556E-01  0.5878885404E+07
  0.9333333333E-01  0.5829276562E+07
  0.9361111111E-01  0.5779667709E+07
  0.9388888889E-01  0.5730058901E+07
  0.9416666667E-01  0.5680450058E+07
  0.9444444444E-01  0.5630841217E+07
  0.9472222222E-01  0.5581232396E+07
  0.9500000000E-01  0.5531623554E+07
  0.9527777778E-01  0.5486553978E+07
  0.9555555556E-01  0.5441484525E+07
  0.9583333333E-01  0.5396415083E+07
  0.9611111111E-01  0.5351345507E+07
  0.9638888889E-01  0.5306276024E+07
  0.9666666667E-01  0.5261206508E+07
  0.9694444444E-01  0.5216137005E+07
  0.9722222222E-01  0.5171067489E+07
  0.9750000000E-01  0.5125997997E+07
  0.9777777778E-01  0.5080928504E+07
  0.9805555556E-01  0.5035858988E+07
  0.9833333333E-01  0.4990789495E+07
  0.9861111111E-01  0.4945719968E+07
  0.9888888889E-01  0.4900650476E+07
  0.9916666667E-01  0.4855580961E+07
  0.9944444444E-01  0.4810511457E+07
  0.9972222222E-01  0.4765441942E+07
  0.1000000000E+00  0.4720372460E+07
  0.1002777778E+00  0.4679932265E+07
  0.1005555556E+00  0.4639492036E+07
  0.1008333333E+00  0.4599051841E+07
  0.1011111111E+00  0.4558611646E+07
  0.1013888889E+00  0.4518171429E+07
  0.1016666667E+00  0.4477731234E+07
  0.1019444444E+00  0.4437291038E+07
  0.1022222222E+00  0.4396850842E+07
  0.1025000000E+00  0.4356410635E+07
  0.1027777778E+00  0.4315970440E+07
  0.1030555556E+00  0.4275530245E+07
  0.1033333333E+00  0.4235090017E+07
  0.1036111111E+00  0.4194649822E+07
  0.1038888889E+00  0.4154209638E+07
  0.1041666667E+00  0.4113769409E+07
  0.1044444444E+00  0.4073329214E+07
  0.1047222222E+00  0.4032889019E+07
  0.1050000000E+00  0.3992448802E+07
  0.1052777778E+00  0.3956618868E+07
  0.1055555556E+00  0.3920788945E+07
  0.1058333333E+00  0.3884958979E+07
  0.1061111111E+00  0.3849129045E+07
  0.1063888889E+00  0.3813299121E+07
  0.1066666667E+00  0.3777469155E+07
  0.1069444444E+00  0.3741639221E+07
  0.1072222222E+00  0.3705809298E+07
  0.1075000000E+00  0.3669979332E+07
  0.1077777778E+00  0.3634149398E+07
  0.1080555556E+00  0.3598319475E+07
  0.1083333333E+00  0.3562489542E+07
  0.1086111111E+00  0.3526659575E+07
  0.1088888889E+00  0.3490829652E+07
  0.1091666667E+00  0.3454999719E+07
  0.1094444444E+00  0.3419169751E+07
  0.1097222222E+00  0.3383339829E+07
  0.1100000000E+00  0.3347509896E+07
  0.1102777778E+00  0.3316167868E+07
  0.1105555556E+00  0.3284825851E+07
  0.1108333333E+00  0.3253483858E+07
  0.1111111111E+00  0.3222141841E+07
  0.1113888889E+00  0.3190799825E+07
  0.1116666667E+00  0.3159457821E+07
  0.1119444444E+00  0.3128115804E+07
  0.1122222222E+00  0.3096773787E+07
  0.1125000000E+00  0.3065431794E+07
  0.1127777778E+00  0.3034089766E+07
  0.1130555556E+00  0.3002747783E+07
  0.1133333333E+00  0.2971405757E+07
  0.1136111111E+00  0.2940063740E+07
  0.1138888889E+00  0.2908721745E+07
  0.1141666667E+00  0.2877379719E+07
  0.1144444444E+00  0.2846037702E+07
  0.1147222222E+00  0.2814695719E+07
  0.1150000000E+00  0.2783353682E+07
  0.1152777778E+00  0.2756294538E+07
  0.1155555556E+00  0.2729235384E+07
  0.1158333333E+00  0.2702176240E+07
  0.1161111111E+00  0.2675117086E+07
  0.1163888889E+00  0.2648057909E+07
  0.1166666667E+00  0.2620998754E+07
  0.1169444444E+00  0.2593939600E+07
  0.1172222222E+00  0.2566880456E+07
  0.1175000000E+00  0.2539821303E+07
  0.1177777778E+00  0.2512762159E+07
  0.1180555556E+00  0.2485703015E+07
  0.1183333333E+00  0.2458643850E+07
  0.1186111111E+00  0.2431584673E+07
  0.1188888889E+00  0.2404525519E+07
  0.1191666667E+00  0.2377466375E+07
  0.1194444444E+00  0.2350407221E+07
  0.1197222222E+00  0.2323348066E+07
  0.1200000000E+00  0.2296288922E+07
  0.1202777778E+00  0.2273239479E+07
  0.1205555556E+00  0.2250190046E+07
  0.1208333333E+00  0.2227140603E+07
  0.1211111111E+00  0.2204091159E+07
  0.1213888889E+00  0.2181041726E+07
  0.1216666667E+00  0.2157992282E+07
  0.1219444444E+00  0.2134942839E+07
  0.1222222222E+00  0.2111893395E+07
  0.1225000000E+00  0.2088843951E+07
  0.1227777778E+00  0.2065794508E+07
  0.1230555556E+00  0.2042745085E+07
  0.1233333333E+00  0.2019695642E+07
  0.1236111111E+00  0.1996646198E+07
  0.1238888889E+00  0.1973596788E+07
  0.1241666667E+00  0.1950547344E+07
  0.1244444444E+00  0.1927497911E+07
  0.1247222222E+00  0.1904448467E+07
  0.1250000000E+00  0.1881399024E+07
  0.1252777778E+00  0.1862034835E+07
  0.1255555556E+00  0.1842670637E+07
  0.1258333333E+00  0.1823306438E+07
  0.1261111111E+00  0.1803942273E+07
  0.1263888889E+00  0.1784578074E+07
  0.1266666667E+00  0.1765213886E+07
  0.1269444444E+00  0.1745849688E+07
  0.1272222222E+00  0.1726485522E+07
  0.1275000000E+00  0.1707121324E+07
  0.1277777778E+00  0.1687757124E+07
  0.1280555556E+00  0.1668392926E+07
  0.1283333333E+00  0.1649028760E+07
  0.1286111111E+00  0.1629664572E+07
  0.1288888889E+00  0.1610300374E+07
  0.1291666667E+00  0.1590936175E+07
  0.1294444444E+00  0.1571572010E+07
  0.1297222222E+00  0.1552207811E+07
  0.1300000000E+00  0.1532843622E+07
  0.1302777778E+00  0.1516806843E+07
  0.1305555556E+00  0.1500770109E+07
  0.1308333333E+00  0.1484733340E+07
  0.1311111111E+00  0.1468696560E+07
  0.1313888889E+00  0.1452659836E+07
  0.1316666667E+00  0.1436623057E+07
  0.1319444444E+00  0.1420586288E+07
  0.1322222222E+00  0.1404549553E+07
  0.1325000000E+00  0.1388512784E+07
  0.1327777778E+00  0.1372476005E+07
  0.1330555556E+00  0.1356439280E+07
  0.1333333333E+00  0.1340402501E+07
  0.1336111111E+00  0.1324365732E+07
  0.1338888889E+00  0.1308328998E+07
  0.1341666667E+00  0.1292292229E+07
  0.1344444444E+00  0.1276255461E+07
  0.1347222222E+00  0.1260218715E+07
  0.1350000000E+00  0.1244181946E+07
  0.1352777778E+00  0.1231095396E+07
  0.1355555556E+00  0.1218008890E+07
  0.1358333333E+00  0.1204922340E+07
  0.1361111111E+00  0.1191835834E+07
  0.1363888889E+00  0.1178749284E+07
  0.1366666667E+00  0.1165662745E+07
  0.1369444444E+00  0.1152576228E+07
  0.1372222222E+00  0.1139489689E+07
  0.1375000000E+00  0.1126403182E+07
  0.1377777778E+00  0.1113316621E+07
  0.1380555556E+00  0.1100230115E+07
  0.1383333333E+00  0.1087143566E+07
  0.1386111111E+00  0.1074057026E+07
  0.1388888889E+00  0.1060970510E+07
  0.1391666667E+00  0.1047883970E+07
  0.1394444444E+00  0.1034797454E+07
  0.1397222222E+00  0.1021710914E+07
  0.1400000000E+00  0.1008624398E+07
  0.1402777778E+00  0.9981068696E+06
  0.1405555556E+00  0.9875893650E+06
  0.1408333333E+00  0.9770718704E+06
  0.1411111111E+00  0.9665543324E+06
  0.1413888889E+00  0.9560368412E+06
  0.1416666667E+00  0.9455193365E+06
  0.1419444444E+00  0.9350018219E+06
  0.1422222222E+00  0.9244843206E+06
  0.1425000000E+00  0.9139668060E+06
  0.1427777778E+00  0.9034493014E+06
  0.1430555556E+00  0.8929317867E+06
  0.1433333333E+00  0.8824142821E+06
  0.1436111111E+00  0.8718967775E+06
  0.1438888889E+00  0.8613792629E+06
  0.1441666667E+00  0.8508617582E+06
  0.1444444444E+00  0.8403442435E+06
  0.1447222222E+00  0.8298267389E+06
  0.1450000000E+00  0.8193092276E+06
  0.1452777778E+00  0.8109873231E+06
  0.1455555556E+00  0.8026653974E+06
  0.1458333333E+00  0.7943434973E+06
  0.1461111111E+00  0.7860215828E+06
  0.1463888889E+00  0.7776996706E+06
  0.1466666667E+00  0.7693777649E+06
  0.1469444444E+00  0.7610558504E+06
  0.1472222222E+00  0.7527339347E+06
  0.1475000000E+00  0.7444120335E+06
  0.1477777778E+00  0.7360901179E+06
  0.1480555556E+00  0.7277682133E+06
  0.1483333333E+00  0.7194462977E+06
  0.1486111111E+00  0.7111243831E+06
  0.1488888889E+00  0.7028024808E+06
  0.1491666667E+00  0.6944805663E+06
  0.1494444444E+00  0.6861586506E+06
  0.1497222222E+00  0.6778367450E+06
  0.1500000000E+00  0.6695148305E+06
  0.1502777778E+00  0.6630330200E+06
  0.1505555556E+00  0.6565512061E+06
  0.1508333333E+00  0.6500693857E+06
  0.1511111111E+00  0.6435875718E+06
  0.1513888889E+00  0.6371057579E+06
  0.1516666667E+00  0.6306239375E+06
  0.1519444444E+00  0.6241421236E+06
  0.1522222222E+00  0.6176602998E+06
  0.1525000000E+00  0.6111784893E+06
  0.1527777778E+00  0.6046966755E+06
  0.1530555556E+00  0.5982148549E+06
  0.1533333333E+00  0.5917330412E+06
  0.1536111111E+00  0.5852512273E+06
  0.1538888889E+00  0.5787694068E+06
  0.1541666667E+00  0.5722875929E+06
  0.1544444444E+00  0.5658057792E+06
  0.1547222222E+00  0.5593239586E+06
  0.1550000000E+00  0.5528421448E+06
  0.1552777778E+00  0.5478711292E+06
  0.1555555556E+00  0.5429001148E+06
  0.1558333333E+00  0.5379290892E+06
  0.1561111111E+00  0.5329580781E+06
  0.1563888889E+00  0.5279870636E+06
  0.1566666667E+00  0.5230160381E+06
  0.1569444444E+00  0.5180450237E+06
  0.1572222222E+00  0.5130740080E+06
  0.1575000000E+00  0.5081029936E+06
  0.1577777778E+00  0.5031319680E+06
  0.1580555556E+00  0.4981609536E+06
  0.1583333333E+00  0.4931899391E+06
  0.1586111111E+00  0.4882189236E+06
  0.1588888889E+00  0.4832479024E+06
  0.1591666667E+00  0.4782768869E+06
  0.1594444444E+00  0.4733058724E+06
  0.1597222222E+00  0.4683348580E+06
  0.1600000000E+00  0.4633638324E+06
  0.1602777778E+00  0.4596062944E+06
  0.1605555556E+00  0.4558487529E+06
  0.1608333333E+00  0.4520912049E+06
  0.1611111111E+00  0.4483336669E+06
  0.1613888889E+00  0.4445761255E+06
  0.1616666667E+00  0.4408185774E+06
  0.1619444444E+00  0.4370610360E+06
  0.1622222222E+00  0.4333034979E+06
  0.1625000000E+00  0.4295459519E+06
  0.1627777778E+00  0.4257884075E+06
  0.1630555556E+00  0.4220308654E+06
  0.1633333333E+00  0.4182733234E+06
  0.1636111111E+00  0.4145157789E+06
  0.1638888889E+00  0.4107582370E+06
  0.1641666667E+00  0.4070006959E+06
  0.1644444444E+00  0.4032431505E+06
  0.1647222222E+00  0.3994856094E+06
  0.1650000000E+00  0.3957280673E+06
  0.1652777778E+00  0.3929217434E+06
  0.1655555556E+00  0.3901154217E+06
  0.1658333333E+00  0.3873091023E+06
  0.1661111111E+00  0.3845027774E+06
  0.1663888889E+00  0.3816964568E+06
  0.1666666667E+00  0.3788901352E+06
  0.1669444444E+00  0.3760838146E+06
  0.1672222222E+00  0.3732774896E+06
  0.1675000000E+00  0.3704711680E+06
  0.1677777778E+00  0.3676648485E+06
  0.1680555556E+00  0.3648585236E+06
  0.1683333333E+00  0.3620522029E+06
  0.1686111111E+00  0.3592458813E+06
  0.1688888889E+00  0.3564395574E+06
  0.1691666667E+00  0.3536332358E+06
  0.1694444444E+00  0.3508269163E+06
  0.1697222222E+00  0.3480205913E+06
  0.1700000000E+00  0.3452142697E+06
  0.1702777778E+00  0.3431343839E+06
  0.1705555556E+00  0.3410544982E+06
  0.1708333333E+00  0.3389746145E+06
  0.1711111111E+00  0.3368947287E+06
  0.1713888889E+00  0.3348148429E+06
  0.1716666667E+00  0.3327349571E+06
  0.1719444444E+00  0.3306550712E+06
  0.1722222222E+00  0.3285751855E+06
  0.1725000000E+00  0.3264952996E+06
  0.1727777778E+00  0.3244154139E+06
  0.1730555556E+00  0.3223355281E+06
  0.1733333333E+00  0.3202556401E+06
  0.1736111111E+00  0.3181757577E+06
  0.1738888889E+00  0.3160958719E+06
  0.1741666667E+00  0.3140159860E+06
  0.1744444444E+00  0.3119361003E+06
  0.1747222222E+00  0.3098562144E+06
  0.1750000000E+00  0.3077763287E+06
  0.1752777778E+00  0.3062348917E+06
  0.1755555556E+00  0.3046934548E+06
  0.1758333333E+00  0.3031520224E+06
  0.1761111111E+00  0.3016105854E+06
  0.1763888889E+00  0.3000691485E+06
  0.1766666667E+00  0.2985277116E+06
  0.1769444444E+00  0.2969862747E+06
  0.1772222222E+00  0.2954448378E+06
  0.1775000000E+00  0.2939034020E+06
  0.1777777778E+00  0.2923619651E+06
  0.1780555556E+00  0.2908205315E+06
  0.1783333333E+00  0.2892790956E+06
  0.1786111111E+00  0.2877376587E+06
  0.1788888889E+00  0.2861962217E+06
  0.1791666667E+00  0.2846547859E+06
  0.1794444444E+00  0.2831133490E+06
  0.1797222222E+00  0.2815719121E+06
  0.1800000000E+00  0.2800304796E+06
  0.1802777778E+00  0.2788748491E+06
  0.1805555556E+00  0.2777192230E+06
  0.1808333333E+00  0.2765635969E+06
  0.1811111111E+00  0.2754079708E+06
  0.1813888889E+00  0.2742523448E+06
  0.1816666667E+00  0.2730967176E+06
  0.1819444444E+00  0.2719410881E+06
  0.1822222222E+00  0.2707854621E+06
  0.1825000000E+00  0.2696298360E+06
  0.1827777778E+00  0.2684742088E+06
  0.1830555556E+00  0.2673185827E+06
  0.1833333333E+00  0.2661629566E+06
  0.1836111111E+00  0.2650073272E+06
  0.1838888889E+00  0.2638517011E+06
  0.1841666667E+00  0.2626960749E+06
  0.1844444444E+00  0.2615404489E+06
  0.1847222222E+00  0.2603848228E+06
  0.1850000000E+00  0.2592291967E+06
  0.1852777778E+00  0.2583395526E+06
  0.1855555556E+00  0.2574499087E+06
  0.1858333333E+00  0.2565602659E+06
  0.1861111111E+00  0.2556706218E+06
  0.1863888889E+00  0.2547809778E+06
  0.1866666667E+00  0.2538913371E+06
  0.1869444444E+00  0.2530016931E+06
  0.1872222222E+00  0.2521120491E+06
  0.1875000000E+00  0.2512224084E+06
  0.1877777778E+00  0.2503327644E+06
  0.1880555556E+00  0.2494431226E+06
  0.1883333333E+00  0.2485534786E+06
  0.1886111111E+00  0.2476638346E+06
  0.1888888889E+00  0.2467741939E+06
  0.1891666667E+00  0.2458845488E+06
  0.1894444444E+00  0.2449949048E+06
  0.1897222222E+00  0.2441052641E+06
  0.1900000000E+00  0.2432156201E+06
  0.1902777778E+00  0.2425013447E+06
  0.1905555556E+00  0.2417870692E+06
  0.1908333333E+00  0.2410727904E+06
  0.1911111111E+00  0.2403585150E+06
  0.1913888889E+00  0.2396442395E+06
  0.1916666667E+00  0.2389299641E+06
  0.1919444444E+00  0.2382156853E+06
  0.1922222222E+00  0.2375014098E+06
  0.1925000000E+00  0.2367871334E+06
  0.1927777778E+00  0.2360728579E+06
  0.1930555556E+00  0.2353585791E+06
  0.1933333333E+00  0.2346443036E+06
  0.1936111111E+00  0.2339300282E+06
  0.1938888889E+00  0.2332157528E+06
  0.1941666667E+00  0.2325014740E+06
  0.1944444444E+00  0.2317871985E+06
  0.1947222222E+00  0.2310729230E+06
  0.1950000000E+00  0.2303586476E+06
  0.1952777778E+00  0.2297543789E+06
  0.1955555556E+00  0.2291501136E+06
  0.1958333333E+00  0.2285458482E+06
  0.1961111111E+00  0.2279415829E+06
  0.1963888889E+00  0.2273373165E+06
  0.1966666667E+00  0.2267330522E+06
  0.1969444444E+00  0.2261287825E+06
  0.1972222222E+00  0.2255245171E+06
  0.1975000000E+00  0.2249202517E+06
  0.1977777778E+00  0.2243159864E+06
  0.1980555556E+00  0.2237117200E+06
  0.1983333333E+00  0.2231074547E+06
  0.1986111111E+00  0.2225031859E+06
  0.1988888889E+00  0.2218989206E+06
  0.1991666667E+00  0.2212946542E+06
  0.1994444444E+00  0.2206903899E+06
  0.1997222222E+00  0.2200861246E+06
  0.2000000000E+00  0.2194818582E+06
  0.2002777778E+00  0.2189430864E+06
  0.2005555556E+00  0.2184043180E+06
  0.2008333333E+00  0.2178655486E+06
  0.2011111111E+00  0.2173267813E+06
  0.2013888889E+00  0.2167880129E+06
  0.2016666667E+00  0.2162492435E+06
  0.2019444444E+00  0.2157104750E+06
  0.2022222222E+00  0.2151717033E+06
  0.2025000000E+00  0.2146329339E+06
  0.2027777778E+00  0.2140941655E+06
  0.2030555556E+00  0.2135553982E+06
  0.2033333333E+00  0.2130166287E+06
  0.2036111111E+00  0.2124778603E+06
  0.2038888889E+00  0.2119390919E+06
  0.2041666667E+00  0.2114003192E+06
  0.2044444444E+00  0.2108615507E+06
  0.2047222222E+00  0.2103227823E+06
  0.2050000000E+00  0.2097840150E+06
  0.2052777778E+00  0.2092831258E+06
  0.2055555556E+00  0.2087822378E+06
  0.2058333333E+00  0.2082813486E+06
  0.2061111111E+00  0.2077804605E+06
  0.2063888889E+00  0.2072795714E+06
  0.2066666667E+00  0.2067786843E+06
  0.2069444444E+00  0.2062777963E+06
  0.2072222222E+00  0.2057769071E+06
  0.2075000000E+00  0.2052760190E+06
  0.2077777778E+00  0.2047751299E+06
  0.2080555556E+00  0.2042742428E+06
  0.2083333333E+00  0.2037733537E+06
  0.2086111111E+00  0.2032724656E+06
  0.2088888889E+00  0.2027715775E+06
  0.2091666667E+00  0.2022706883E+06
  0.2094444444E+00  0.2017698013E+06
  0.2097222222E+00  0.2012689121E+06
  0.2100000000E+00  0.2007680241E+06
  0.2102777778E+00  0.2002901612E+06
  0.2105555556E+00  0.1998122995E+06
  0.2108333333E+00  0.1993344376E+06
  0.2111111111E+00  0.1988565758E+06
  0.2113888889E+00  0.1983787096E+06
  0.2116666667E+00  0.1979008468E+06
  0.2119444444E+00  0.1974229860E+06
  0.2122222222E+00  0.1969451232E+06
  0.2125000000E+00  0.1964672614E+06
  0.2127777778E+00  0.1959893952E+06
  0.2130555556E+00  0.1955115345E+06
  0.2133333333E+00  0.1950336716E+06
  0.2136111111E+00  0.1945558087E+06
  0.2138888889E+00  0.1940779436E+06
  0.2141666667E+00  0.1936000808E+06
  0.2144444444E+00  0.1931222200E+06
  0.2147222222E+00  0.1926443572E+06
  0.2150000000E+00  0.1921664954E+06
  0.2152777778E+00  0.1917058126E+06
  0.2155555556E+00  0.1912451299E+06
  0.2158333333E+00  0.1907844471E+06
  0.2161111111E+00  0.1903237676E+06
  0.2163888889E+00  0.1898630848E+06
  0.2166666667E+00  0.1894024021E+06
  0.2169444444E+00  0.1889417193E+06
  0.2172222222E+00  0.1884810398E+06
  0.2175000000E+00  0.1880203571E+06
  0.2177777778E+00  0.1875596754E+06
  0.2180555556E+00  0.1870989926E+06
  0.2183333333E+00  0.1866383132E+06
  0.2186111111E+00  0.1861776304E+06
  0.2188888889E+00  0.1857169476E+06
  0.2191666667E+00  0.1852562648E+06
  0.2194444444E+00  0.1847955854E+06
  0.2197222222E+00  0.1843349026E+06
  0.2200000000E+00  0.1838742198E+06
  0.2202777778E+00  0.1834310136E+06
  0.2205555556E+00  0.1829878062E+06
  0.2208333333E+00  0.1825445979E+06
  0.2211111111E+00  0.1821013905E+06
  0.2213888889E+00  0.1816581832E+06
  0.2216666667E+00  0.1812149769E+06
  0.2219444444E+00  0.1807717696E+06
  0.2222222222E+00  0.1803285612E+06
  0.2225000000E+00  0.1798853539E+06
  0.2227777778E+00  0.1794421465E+06
  0.2230555556E+00  0.1789989392E+06
  0.2233333333E+00  0.1785557319E+06
  0.2236111111E+00  0.1781125246E+06
  0.2238888889E+00  0.1776693139E+06
  0.2241666667E+00  0.1772261065E+06
  0.2244444444E+00  0.1767828992E+06
  0.2247222222E+00  0.1763396920E+06
  0.2250000000E+00  0.1758964846E+06
  0.2252777778E+00  0.1754742306E+06
  0.2255555556E+00  0.1750519778E+06
  0.2258333333E+00  0.1746297249E+06
  0.2261111111E+00  0.1742074720E+06
  0.2263888889E+00  0.1737852180E+06
  0.2266666667E+00  0.1733629662E+06
  0.2269444444E+00  0.1729407133E+06
  0.2272222222E+00  0.1725184593E+06
  0.2275000000E+00  0.1720962065E+06
  0.2277777778E+00  0.1716739569E+06
  0.2280555556E+00  0.1712517041E+06
  0.2283333333E+00  0.1708294501E+06
  0.2286111111E+00  0.1704071972E+06
  0.2288888889E+00  0.1699849444E+06
  0.2291666667E+00  0.1695626904E+06
  0.2294444444E+00  0.1691404375E+06
  0.2297222222E+00  0.1687181847E+06
  0.2300000000E+00  0.1682959318E+06
  0.2302777778E+00  0.1678995823E+06
  0.2305555556E+00  0.1675032285E+06
  0.2308333333E+00  0.1671068780E+06
  0.2311111111E+00  0.1667105276E+06
  0.2313888889E+00  0.1663141771E+06
  0.2316666667E+00  0.1659178288E+06
  0.2319444444E+00  0.1655214750E+06
  0.2322222222E+00  0.1651251245E+06
  0.2325000000E+00  0.1647287740E+06
  0.2327777778E+00  0.1643324235E+06
  0.2330555556E+00  0.1639360741E+06
  0.2333333333E+00  0.1635397214E+06
  0.2336111111E+00  0.1631433709E+06
  0.2338888889E+00  0.1627470205E+06
  0.2341666667E+00  0.1623506700E+06
  0.2344444444E+00  0.1619543195E+06
  0.2347222222E+00  0.1615579667E+06
  0.2350000000E+00  0.1611616174E+06
  0.2352777778E+00  0.1607957889E+06
  0.2355555556E+00  0.1604299571E+06
  0.2358333333E+00  0.1600641287E+06
  0.2361111111E+00  0.1596983013E+06
  0.2363888889E+00  0.1593324695E+06
  0.2366666667E+00  0.1589666410E+06
  0.2369444444E+00  0.1586008093E+06
  0.2372222222E+00  0.1582349808E+06
  0.2375000000E+00  0.1578691534E+06
  0.2377777778E+00  0.1575033216E+06
  0.2380555556E+00  0.1571374932E+06
  0.2383333333E+00  0.1567716648E+06
  0.2386111111E+00  0.1564058330E+06
  0.2388888889E+00  0.1560400045E+06
  0.2391666667E+00  0.1556741738E+06
  0.2394444444E+00  0.1553083453E+06
  0.2397222222E+00  0.1549425169E+06
  0.2400000000E+00  0.1545766851E+06
  0.2402777778E+00  0.1542447689E+06
  0.2405555556E+00  0.1539128527E+06
  0.2408333333E+00  0.1535809365E+06
  0.2411111111E+00  0.1532490192E+06
  0.2413888889E+00  0.1529171030E+06
  0.2416666667E+00  0.1525851867E+06
  0.2419444444E+00  0.1522532695E+06
  0.2422222222E+00  0.1519213533E+06
  0.2425000000E+00  0.1515894360E+06
  0.2427777778E+00  0.1512575208E+06
  0.2430555556E+00  0.1509256002E+06
  0.2433333333E+00  0.1505936840E+06
  0.2436111111E+00  0.1502617667E+06
  0.2438888889E+00  0.1499298516E+06
  0.2441666667E+00  0.1495979343E+06
  0.2444444444E+00  0.1492660170E+06
  0.2447222222E+00  0.1489341008E+06
  0.2450000000E+00  0.1486021845E+06
  0.2452777778E+00  0.1483057720E+06
  0.2455555556E+00  0.1480093604E+06
  0.2458333333E+00  0.1477129477E+06
  0.2461111111E+00  0.1474165328E+06
  0.2463888889E+00  0.1471201201E+06
  0.2466666667E+00  0.1468237086E+06
  0.2469444444E+00  0.1465272960E+06
  0.2472222222E+00  0.1462308834E+06
  0.2475000000E+00  0.1459344718E+06
  0.2477777778E+00  0.1456380591E+06
  0.2480555556E+00  0.1453416442E+06
  0.2483333333E+00  0.1450452315E+06
  0.2486111111E+00  0.1447488190E+06
  0.2488888889E+00  0.1444524074E+06
  0.2491666667E+00  0.1441559948E+06
  0.2494444444E+00  0.1438595832E+06
  0.2497222222E+00  0.1435631672E+06
  0.2500000000E+00  0.1432667546E+06
  0.2502777778E+00  0.1430053386E+06
  0.2505555556E+00  0.1427439181E+06
  0.2508333333E+00  0.1424825020E+06
  0.2511111111E+00  0.1422210816E+06
  0.2513888889E+00  0.1419596611E+06
  0.2516666667E+00  0.1416982451E+06
  0.2519444444E+00  0.1414368247E+06
  0.2522222222E+00  0.1411754075E+06
  0.2525000000E+00  0.1409139881E+06
  0.2527777778E+00  0.1406525721E+06
  0.2530555556E+00  0.1403911517E+06
  0.2533333333E+00  0.1401297312E+06
  0.2536111111E+00  0.1398683151E+06
  0.2538888889E+00  0.1396068947E+06
  0.2541666667E+00  0.1393454775E+06
  0.2544444444E+00  0.1390840582E+06
  0.2547222222E+00  0.1388226411E+06
  0.2550000000E+00  0.1385612206E+06
  0.2552777778E+00  0.1383324454E+06
  0.2555555556E+00  0.1381036756E+06
  0.2558333333E+00  0.1378749038E+06
  0.2561111111E+00  0.1376461286E+06
  0.2563888889E+00  0.1374173567E+06
  0.2566666667E+00  0.1371885815E+06
  0.2569444444E+00  0.1369598108E+06
  0.2572222222E+00  0.1367310365E+06
  0.2575000000E+00  0.1365022647E+06
  0.2577777778E+00  0.1362734895E+06
  0.2580555556E+00  0.1360447176E+06
  0.2583333333E+00  0.1358159435E+06
  0.2586111111E+00  0.1355871717E+06
  0.2588888889E+00  0.1353583975E+06
  0.2591666667E+00  0.1351296256E+06
  0.2594444444E+00  0.1349008504E+06
  0.2597222222E+00  0.1346720796E+06
  0.2600000000E+00  0.1344433044E+06
  0.2602777778E+00  0.1342430571E+06
  0.2605555556E+00  0.1340428097E+06
  0.2608333333E+00  0.1338425592E+06
  0.2611111111E+00  0.1336423118E+06
  0.2613888889E+00  0.1334420644E+06
  0.2616666667E+00  0.1332418152E+06
  0.2619444444E+00  0.1330415665E+06
  0.2622222222E+00  0.1328413182E+06
  0.2625000000E+00  0.1326410709E+06
  0.2627777778E+00  0.1324408216E+06
  0.2630555556E+00  0.1322405732E+06
  0.2633333333E+00  0.1320403260E+06
  0.2636111111E+00  0.1318400766E+06
  0.2638888889E+00  0.1316398279E+06
  0.2641666667E+00  0.1314395807E+06
  0.2644444444E+00  0.1312393323E+06
  0.2647222222E+00  0.1310390830E+06
  0.2650000000E+00  0.1308388357E+06
  0.2652777778E+00  0.1306617967E+06
  0.2655555556E+00  0.1304847595E+06
  0.2658333333E+00  0.1303077216E+06
  0.2661111111E+00  0.1301306847E+06
  0.2663888889E+00  0.1299536468E+06
  0.2666666667E+00  0.1297766086E+06
  0.2669444444E+00  0.1295995717E+06
  0.2672222222E+00  0.1294225327E+06
  0.2675000000E+00  0.1292454958E+06
  0.2677777778E+00  0.1290684579E+06
  0.2680555556E+00  0.1288914197E+06
  0.2683333333E+00  0.1287143828E+06
  0.2686111111E+00  0.1285373449E+06
  0.2688888889E+00  0.1283603071E+06
  0.2691666667E+00  0.1281832687E+06
  0.2694444444E+00  0.1280062308E+06
  0.2697222222E+00  0.1278291939E+06
  0.2700000000E+00  0.1276521561E+06
  0.2702777778E+00  0.1274922960E+06
  0.2705555556E+00  0.1273324374E+06
  0.2708333333E+00  0.1271725773E+06
  0.2711111111E+00  0.1270127186E+06
  0.2713888889E+00  0.1268528586E+06
  0.2716666667E+00  0.1266930000E+06
  0.2719444444E+00  0.1265331410E+06
  0.2722222222E+00  0.1263732813E+06
  0.2725000000E+00  0.1262134223E+06
  0.2727777778E+00  0.1260535626E+06
  0.2730555556E+00  0.1258937026E+06
  0.2733333333E+00  0.1257338439E+06
  0.2736111111E+00  0.1255739839E+06
  0.2738888889E+00  0.1254141252E+06
  0.2741666667E+00  0.1252542652E+06
  0.2744444444E+00  0.1250944076E+06
  0.2747222222E+00  0.1249345476E+06
  0.2750000000E+00  0.1247746879E+06
  0.2752777778E+00  0.1246256809E+06
  0.2755555556E+00  0.1244766738E+06
  0.2758333333E+00  0.1243276668E+06
  0.2761111111E+00  0.1241786600E+06
  0.2763888889E+00  0.1240296519E+06
  0.2766666667E+00  0.1238806448E+06
  0.2769444444E+00  0.1237316381E+06
  0.2772222222E+00  0.1235826310E+06
  0.2775000000E+00  0.1234336242E+06
  0.2777777778E+00  0.1232846172E+06
  0.2780555556E+00  0.1231356095E+06
  0.2783333333E+00  0.1229866023E+06
  0.2786111111E+00  0.1228375956E+06
  0.2788888889E+00  0.1226885886E+06
  0.2791666667E+00  0.1225395814E+06
  0.2794444444E+00  0.1223905747E+06
  0.2797222222E+00  0.1222415676E+06
  0.2800000000E+00  0.1220925598E+06
  0.2802777778E+00  0.1219483315E+06
  0.2805555556E+00  0.1218041028E+06
  0.2808333333E+00  0.1216598753E+06
  0.2811111111E+00  0.1215156469E+06
  0.2813888889E+00  0.1213714185E+06
  0.2816666667E+00  0.1212271900E+06
  0.2819444444E+00  0.1210829617E+06
  0.2822222222E+00  0.1209387333E+06
  0.2825000000E+00  0.1207945048E+06
  0.2827777778E+00  0.1206502761E+06
  0.2830555556E+00  0.1205060477E+06
  0.2833333333E+00  0.1203618192E+06
  0.2836111111E+00  0.1202175908E+06
  0.2838888889E+00  0.1200733625E+06
  0.2841666667E+00  0.1199291340E+06
  0.2844444444E+00  0.1197849066E+06
  0.2847222222E+00  0.1196406782E+06
  0.2850000000E+00  0.1194964494E+06
  0.2852777778E+00  0.1193516222E+06
  0.2855555556E+00  0.1192067935E+06
  0.2858333333E+00  0.1190619658E+06
  0.2861111111E+00  0.1189171383E+06
  0.2863888889E+00  0.1187723106E+06
  0.2866666667E+00  0.1186274819E+06
  0.2869444444E+00  0.1184826547E+06
  0.2872222222E+00  0.1183378270E+06
  0.2875000000E+00  0.1181929994E+06
  0.2877777778E+00  0.1180481708E+06
  0.2880555556E+00  0.1179033431E+06
  0.2883333333E+00  0.1177585155E+06
  0.2886111111E+00  0.1176136883E+06
  0.2888888889E+00  0.1174688606E+06
  0.2891666667E+00  0.1173240319E+06
  0.2894444444E+00  0.1171792044E+06
  0.2897222222E+00  0.1170343767E+06
  0.2900000000E+00  0.1168895491E+06
  0.2902777778E+00  0.1167396173E+06
  0.2905555556E+00  0.1165896867E+06
  0.2908333333E+00  0.1164397557E+06
  0.2911111111E+00  0.1162898250E+06
  0.2913888889E+00  0.1161398932E+06
  0.2916666667E+00  0.1159899622E+06
  0.2919444444E+00  0.1158400315E+06
  0.2922222222E+00  0.1156900999E+06
  0.2925000000E+00  0.1155401691E+06
  0.2927777778E+00  0.1153902381E+06
  0.2930555556E+00  0.1152403064E+06
  0.2933333333E+00  0.1150903757E+06
  0.2936111111E+00  0.1149404447E+06
  0.2938888889E+00  0.1147905139E+06
  0.2941666667E+00  0.1146405822E+06
  0.2944444444E+00  0.1144906512E+06
  0.2947222222E+00  0.1143407206E+06
  0.2950000000E+00  0.1141907888E+06
  0.2952777778E+00  0.1140325994E+06
  0.2955555556E+00  0.1138744104E+06
  0.2958333333E+00  0.1137162203E+06
  0.2961111111E+00  0.1135580310E+06
  0.2963888889E+00  0.1133998418E+06
  0.2966666667E+00  0.1132416528E+06
  0.2969444444E+00  0.1130834624E+06
  0.2972222222E+00  0.1129252734E+06
  0.2975000000E+00  0.1127670840E+06
  0.2977777778E+00  0.1126088948E+06
  0.2980555556E+00  0.1124507048E+06
  0.2983333333E+00  0.1122925154E+06
  0.2986111111E+00  0.1121343264E+06
  0.2988888889E+00  0.1119761359E+06
  0.2991666667E+00  0.1118179469E+06
  0.2994444444E+00  0.1116597578E+06
  0.2997222222E+00  0.1115015685E+06
  0.3000000000E+00  0.1113433784E+06
  0.3002777778E+00  0.1111750051E+06
  0.3005555556E+00  0.1110066304E+06
  0.3008333333E+00  0.1108382572E+06
  0.3011111111E+00  0.1106698828E+06
  0.3013888889E+00  0.1105015091E+06
  0.3016666667E+00  0.1103331349E+06
  0.3019444444E+00  0.1101647616E+06
  0.3022222222E+00  0.1099963869E+06
  0.3025000000E+00  0.1098280126E+06
  0.3027777778E+00  0.1096596393E+06
  0.3030555556E+00  0.1094912647E+06
  0.3033333333E+00  0.1093228914E+06
  0.3036111111E+00  0.1091545170E+06
  0.3038888889E+00  0.1089861435E+06
  0.3041666667E+00  0.1088177691E+06
  0.3044444444E+00  0.1086493958E+06
  0.3047222222E+00  0.1084810215E+06
  0.3050000000E+00  0.1083126469E+06
  0.3052777778E+00  0.1081335486E+06
  0.3055555556E+00  0.1079544495E+06
  0.3058333333E+00  0.1077753503E+06
  0.3061111111E+00  0.1075962520E+06
  0.3063888889E+00  0.1074171526E+06
  0.3066666667E+00  0.1072380534E+06
  0.3069444444E+00  0.1070589550E+06
  0.3072222222E+00  0.1068798560E+06
  0.3075000000E+00  0.1067007568E+06
  0.3077777778E+00  0.1065216584E+06
  0.3080555556E+00  0.1063425591E+06
  0.3083333333E+00  0.1061634599E+06
  0.3086111111E+00  0.1059843615E+06
  0.3088888889E+00  0.1058052625E+06
  0.3091666667E+00  0.1056261631E+06
  0.3094444444E+00  0.1054470649E+06
  0.3097222222E+00  0.1052679656E+06
  0.3100000000E+00  0.1050888662E+06
  0.3102777778E+00  0.1048998189E+06
  0.3105555556E+00  0.1047107717E+06
  0.3108333333E+00  0.1045217244E+06
  0.3111111111E+00  0.1043326771E+06
  0.3113888889E+00  0.1041436298E+06
  0.3116666667E+00  0.1039545822E+06
  0.3119444444E+00  0.1037655349E+06
  0.3122222222E+00  0.1035764877E+06
  0.3125000000E+00  0.1033874414E+06
  0.3127777778E+00  0.1031983941E+06
  0.3130555556E+00  0.1030093468E+06
  0.3133333333E+00  0.1028202995E+06
  0.3136111111E+00  0.1026312519E+06
  0.3138888889E+00  0.1024422046E+06
  0.3141666667E+00  0.1022531573E+06
  0.3144444444E+00  0.1020641100E+06
  0.3147222222E+00  0.1018750627E+06
  0.3150000000E+00  0.1016860154E+06
  0.3152777778E+00  0.1014890219E+06
  0.3155555556E+00  0.1012920281E+06
  0.3158333333E+00  0.1010950355E+06
  0.3161111111E+00  0.1008980420E+06
  0.3163888889E+00  0.1007010485E+06
  0.3166666667E+00  0.1005040560E+06
  0.3169444444E+00  0.1003070624E+06
  0.3172222222E+00  0.1001100699E+06
  0.3175000000E+00  0.9991307602E+05
  0.3177777778E+00  0.9971608240E+05
  0.3180555556E+00  0.9951908990E+05
  0.3183333333E+00  0.9932209640E+05
  0.3186111111E+00  0.9912510279E+05
  0.3188888889E+00  0.9892811029E+05
  0.3191666667E+00  0.9873111679E+05
  0.3194444444E+00  0.9853412384E+05
  0.3197222222E+00  0.9833713035E+05
  0.3200000000E+00  0.9814013685E+05
  0.3202777778E+00  0.9793809357E+05
  0.3205555556E+00  0.9773605076E+05
  0.3208333333E+00  0.9753400750E+05
  0.3211111111E+00  0.9733196434E+05
  0.3213888889E+00  0.9712992141E+05
  0.3216666667E+00  0.9692787715E+05
  0.3219444444E+00  0.9672583400E+05
  0.3222222222E+00  0.9652379106E+05
  0.3225000000E+00  0.9632174791E+05
  0.3227777778E+00  0.9611970465E+05
  0.3230555556E+00  0.9591766149E+05
  0.3233333333E+00  0.9571561856E+05
  0.3236111111E+00  0.9551357541E+05
  0.3238888889E+00  0.9531153114E+05
  0.3241666667E+00  0.9510948821E+05
  0.3244444444E+00  0.9490744506E+05
  0.3247222222E+00  0.9470540179E+05
  0.3250000000E+00  0.9450335898E+05
  0.3252777778E+00  0.9430005836E+05
  0.3255555556E+00  0.9409675807E+05
  0.3258333333E+00  0.9389345779E+05
  0.3261111111E+00  0.9369015716E+05
  0.3263888889E+00  0.9348685587E+05
  0.3266666667E+00  0.9328355559E+05
  0.3269444444E+00  0.9308025485E+05
  0.3272222222E+00  0.9287695457E+05
  0.3275000000E+00  0.9267365428E+05
  0.3277777778E+00  0.9247035400E+05
  0.3280555556E+00  0.9226705337E+05
  0.3283333333E+00  0.9206375309E+05
  0.3286111111E+00  0.9186045280E+05
  0.3288888889E+00  0.9165715218E+05
  0.3291666667E+00  0.9145385189E+05
  0.3294444444E+00  0.9125055060E+05
  0.3297222222E+00  0.9104724998E+05
  0.3300000000E+00  0.9084394969E+05
  0.3302777778E+00  0.9064355329E+05
  0.3305555556E+00  0.9044315633E+05
  0.3308333333E+00  0.9024275892E+05
  0.3311111111E+00  0.9004236262E+05
  0.3313888889E+00  0.8984196522E+05
  0.3316666667E+00  0.8964156827E+05
  0.3319444444E+00  0.8944117186E+05
  0.3322222222E+00  0.8924077456E+05
  0.3325000000E+00  0.8904037815E+05
  0.3327777778E+00  0.8883998120E+05
  0.3330555556E+00  0.8863958379E+05
  0.3333333333E+00  0.8843918750E+05
  0.3336111111E+00  0.8823879009E+05
  0.3338888889E+00  0.8803839314E+05
  0.3341666667E+00  0.8783799673E+05
  0.3344444444E+00  0.8763759943E+05
  0.3347222222E+00  0.8743720302E+05
  0.3350000000E+00  0.8723680606E+05
  0.3352777778E+00  0.8704378716E+05
  0.3355555556E+00  0.8685076869E+05
  0.3358333333E+00  0.8665774990E+05
  0.3361111111E+00  0.8646473133E+05
  0.3363888889E+00  0.8627171253E+05
  0.3366666667E+00  0.8607869507E+05
  0.3369444444E+00  0.8588567616E+05
  0.3372222222E+00  0.8569265770E+05
  0.3375000000E+00  0.8549963924E+05
  0.3377777778E+00  0.8530662033E+05
  0.3380555556E+00  0.8511360187E+05
  0.3383333333E+00  0.8492058307E+05
  0.3386111111E+00  0.8472756461E+05
  0.3388888889E+00  0.8453454670E+05
  0.3391666667E+00  0.8434152824E+05
  0.3394444444E+00  0.8414850944E+05
  0.3397222222E+00  0.8395549088E+05
  0.3400000000E+00  0.8376247207E+05
  0.3402777778E+00  0.8358125695E+05
  0.3405555556E+00  0.8340004228E+05
  0.3408333333E+00  0.8321882815E+05
  0.3411111111E+00  0.8303761303E+05
  0.3413888889E+00  0.8285639791E+05
  0.3416666667E+00  0.8267518290E+05
  0.3419444444E+00  0.8249396777E+05
  0.3422222222E+00  0.8231275299E+05
  0.3425000000E+00  0.8213153897E+05
  0.3427777778E+00  0.8195032385E+05
  0.3430555556E+00  0.8176910873E+05
  0.3433333333E+00  0.8158789361E+05
  0.3436111111E+00  0.8140667860E+05
  0.3438888889E+00  0.8122546481E+05
  0.3441666667E+00  0.8104424969E+05
  0.3444444444E+00  0.8086303467E+05
  0.3447222222E+00  0.8068181955E+05
  0.3450000000E+00  0.8050060443E+05
  0.3452777778E+00  0.8033532487E+05
  0.3455555556E+00  0.8017004543E+05
  0.3458333333E+00  0.8000476588E+05
  0.3461111111E+00  0.7983948632E+05
  0.3463888889E+00  0.7967420576E+05
  0.3466666667E+00  0.7950892632E+05
  0.3469444444E+00  0.7934364676E+05
  0.3472222222E+00  0.7917836721E+05
  0.3475000000E+00  0.7901308766E+05
  0.3477777778E+00  0.7884780710E+05
  0.3480555556E+00  0.7868252766E+05
  0.3483333333E+00  0.7851724811E+05
  0.3486111111E+00  0.7835196854E+05
  0.3488888889E+00  0.7818668899E+05
  0.3491666667E+00  0.7802140956E+05
  0.3494444444E+00  0.7785612899E+05
  0.3497222222E+00  0.7769084944E+05
  0.3500000000E+00  0.7752556989E+05
  0.3502777778E+00  0.7737986771E+05
  0.3505555556E+00  0.7723416586E+05
  0.3508333333E+00  0.7708846401E+05
  0.3511111111E+00  0.7694276216E+05
  0.3513888889E+00  0.7679705998E+05
  0.3516666667E+00  0.7665135814E+05
  0.3519444444E+00  0.7650565629E+05
  0.3522222222E+00  0.7635995300E+05
  0.3525000000E+00  0.7621425115E+05
  0.3527777778E+00  0.7606854931E+05
  0.3530555556E+00  0.7592284713E+05
  0.3533333333E+00  0.7577714528E+05
  0.3536111111E+00  0.7563144344E+05
  0.3538888889E+00  0.7548574124E+05
  0.3541666667E+00  0.7534003940E+05
  0.3544444444E+00  0.7519433755E+05
  0.3547222222E+00  0.7504863537E+05
  0.3550000000E+00  0.7490293341E+05
  0.3552777778E+00  0.7477976687E+05
  0.3555555556E+00  0.7465659997E+05
  0.3558333333E+00  0.7453343331E+05
  0.3561111111E+00  0.7441026643E+05
  0.3563888889E+00  0.7428709987E+05
  0.3566666667E+00  0.7416393321E+05
  0.3569444444E+00  0.7404076632E+05
  0.3572222222E+00  0.7391759977E+05
  0.3575000000E+00  0.7379443177E+05
  0.3577777778E+00  0.7367126522E+05
  0.3580555556E+00  0.7354809867E+05
  0.3583333333E+00  0.7342493167E+05
  0.3586111111E+00  0.7330176512E+05
  0.3588888889E+00  0.7317859824E+05
  0.3591666667E+00  0.7305543157E+05
  0.3594444444E+00  0.7293226501E+05
  0.3597222222E+00  0.7280909813E+05
  0.3600000000E+00  0.7268593146E+05
  0.3602777778E+00  0.7258741744E+05
  0.3605555556E+00  0.7248890243E+05
  0.3608333333E+00  0.7239038841E+05
  0.3611111111E+00  0.7229187328E+05
  0.3613888889E+00  0.7219335926E+05
  0.3616666667E+00  0.7209484425E+05
  0.3619444444E+00  0.7199632983E+05
  0.3622222222E+00  0.7189781532E+05
  0.3625000000E+00  0.7179930080E+05
  0.3627777778E+00  0.7170078617E+05
  0.3630555556E+00  0.7160227165E+05
  0.3633333333E+00  0.7150375714E+05
  0.3636111111E+00  0.7140524251E+05
  0.3638888889E+00  0.7130672810E+05
  0.3641666667E+00  0.7120821358E+05
  0.3644444444E+00  0.7110969895E+05
  0.3647222222E+00  0.7101118443E+05
  0.3650000000E+00  0.7091266992E+05
  0.3652777778E+00  0.7084002073E+05
  0.3655555556E+00  0.7076737153E+05
  0.3658333333E+00  0.7069472245E+05
  0.3661111111E+00  0.7062207335E+05
  0.3663888889E+00  0.7054942427E+05
  0.3666666667E+00  0.7047677518E+05
  0.3669444444E+00  0.7040412610E+05
  0.3672222222E+00  0.7033147691E+05
  0.3675000000E+00  0.7025882771E+05
  0.3677777778E+00  0.7018617863E+05
  0.3680555556E+00  0.7011352954E+05
  0.3683333333E+00  0.7004088045E+05
  0.3686111111E+00  0.6996823125E+05
  0.3688888889E+00  0.6989558217E+05
  0.3691666667E+00  0.6982293309E+05
  0.3694444444E+00  0.6975028399E+05
  0.3697222222E+00  0.6967763481E+05
  0.3700000000E+00  0.6960498572E+05
  0.3702777778E+00  0.6955842660E+05
  0.3705555556E+00  0.6951186802E+05
  0.3708333333E+00  0.6946530889E+05
  0.3711111111E+00  0.6941875021E+05
  0.3713888889E+00  0.6937219109E+05
  0.3716666667E+00  0.6932563250E+05
  0.3719444444E+00  0.6927907338E+05
  0.3722222222E+00  0.6923251470E+05
  0.3725000000E+00  0.6918595557E+05
  0.3727777778E+00  0.6913939689E+05
  0.3730555556E+00  0.6909283787E+05
  0.3733333333E+00  0.6904627919E+05
  0.3736111111E+00  0.6899972017E+05
  0.3738888889E+00  0.6895316138E+05
  0.3741666667E+00  0.6890660237E+05
  0.3744444444E+00  0.6886004367E+05
  0.3747222222E+00  0.6881348466E+05
  0.3750000000E+00  0.6876692588E+05
  0.3752777778E+00  0.6874576820E+05
  0.3755555556E+00  0.6872461064E+05
  0.3758333333E+00  0.6870345287E+05
  0.3761111111E+00  0.6868229520E+05
  0.3763888889E+00  0.6866113764E+05
  0.3766666667E+00  0.6863997997E+05
  0.3769444444E+00  0.6861882254E+05
  0.3772222222E+00  0.6859766487E+05
  0.3775000000E+00  0.6857650731E+05
  0.3777777778E+00  0.6855534964E+05
  0.3780555556E+00  0.6853419187E+05
  0.3783333333E+00  0.6851303431E+05
  0.3786111111E+00  0.6849187664E+05
  0.3788888889E+00  0.6847071897E+05
  0.3791666667E+00  0.6844956121E+05
  0.3794444444E+00  0.6842840398E+05
  0.3797222222E+00  0.6840724631E+05
  0.3800000000E+00  0.6838608864E+05
  0.3802777778E+00  0.6838866582E+05
  0.3805555556E+00  0.6839124334E+05
  0.3808333333E+00  0.6839382085E+05
  0.3811111111E+00  0.6839639803E+05
  0.3813888889E+00  0.6839897543E+05
  0.3816666667E+00  0.6840155295E+05
  0.3819444444E+00  0.6840413047E+05
  0.3822222222E+00  0.6840670765E+05
  0.3825000000E+00  0.6840928517E+05
  0.3827777778E+00  0.6841186257E+05
  0.3830555556E+00  0.6841443975E+05
  0.3833333333E+00  0.6841701727E+05
  0.3836111111E+00  0.6841959478E+05
  0.3838888889E+00  0.6842217196E+05
  0.3841666667E+00  0.6842474937E+05
  0.3844444444E+00  0.6842732688E+05
  0.3847222222E+00  0.6842990406E+05
  0.3850000000E+00  0.6843248158E+05
  0.3852777778E+00  0.6845642621E+05
  0.3855555556E+00  0.6848037061E+05
  0.3858333333E+00  0.6850431513E+05
  0.3861111111E+00  0.6852825943E+05
  0.3863888889E+00  0.6855220406E+05
  0.3866666667E+00  0.6857614879E+05
  0.3869444444E+00  0.6860009298E+05
  0.3872222222E+00  0.6862403761E+05
  0.3875000000E+00  0.6864798202E+05
  0.3877777778E+00  0.6867192664E+05
  0.3880555556E+00  0.6869587117E+05
  0.3883333333E+00  0.6871981557E+05
  0.3886111111E+00  0.6874376019E+05
  0.3888888889E+00  0.6876770448E+05
  0.3891666667E+00  0.6879164923E+05
  0.3894444444E+00  0.6881559375E+05
  0.3897222222E+00  0.6883953804E+05
  0.3900000000E+00  0.6886348267E+05
  0.3902777778E+00  0.6890563140E+05
  0.3905555556E+00  0.6894778047E+05
  0.3908333333E+00  0.6898992919E+05
  0.3911111111E+00  0.6903207826E+05
  0.3913888889E+00  0.6907422700E+05
  0.3916666667E+00  0.6911637606E+05
  0.3919444444E+00  0.6915852480E+05
  0.3922222222E+00  0.6920067353E+05
  0.3925000000E+00  0.6924282259E+05
  0.3927777778E+00  0.6928497133E+05
  0.3930555556E+00  0.6932712040E+05
  0.3933333333E+00  0.6936926912E+05
  0.3936111111E+00  0.6941141820E+05
  0.3938888889E+00  0.6945356693E+05
  0.3941666667E+00  0.6949571599E+05
  0.3944444444E+00  0.6953786473E+05
  0.3947222222E+00  0.6958001379E+05
  0.3950000000E+00  0.6962216251E+05
  0.3952777778E+00  0.6967892969E+05
  0.3955555556E+00  0.6973569663E+05
  0.3958333333E+00  0.6979246390E+05
  0.3961111111E+00  0.6984923117E+05
  0.3963888889E+00  0.6990599801E+05
  0.3966666667E+00  0.6996276528E+05
  0.3969444444E+00  0.7001953255E+05
  0.3972222222E+00  0.7007629948E+05
  0.3975000000E+00  0.7013306676E+05
  0.3977777778E+00  0.7018983394E+05
  0.3980555556E+00  0.7024660087E+05
  0.3983333333E+00  0.7030336814E+05
  0.3986111111E+00  0.7036013508E+05
  0.3988888889E+00  0.7041690225E+05
  0.3991666667E+00  0.7047366952E+05
  0.3994444444E+00  0.7053043647E+05
  0.3997222222E+00  0.7058720374E+05
  0.4000000000E+00  0.7064397091E+05
  0.4002777778E+00  0.7071137991E+05
  0.4005555556E+00  0.7077878893E+05
  0.4008333333E+00  0.7084619805E+05
  0.4011111111E+00  0.7091360706E+05
  0.4013888889E+00  0.7098101596E+05
  0.4016666667E+00  0.7104842531E+05
  0.4019444444E+00  0.7111583420E+05
  0.4022222222E+00  0.7118324311E+05
  0.4025000000E+00  0.7125065245E+05
  0.4027777778E+00  0.7131806125E+05
  0.4030555556E+00  0.7138547026E+05
  0.4033333333E+00  0.7145287960E+05
  0.4036111111E+00  0.7152028840E+05
  0.4038888889E+00  0.7158769740E+05
  0.4041666667E+00  0.7165510665E+05
  0.4044444444E+00  0.7172251554E+05
  0.4047222222E+00  0.7178992455E+05
  0.4050000000E+00  0.7185733379E+05
  0.4052777778E+00  0.7193128398E+05
  0.4055555556E+00  0.7200523406E+05
  0.4058333333E+00  0.7207918436E+05
  0.4061111111E+00  0.7215313445E+05
  0.4063888889E+00  0.7222708475E+05
  0.4066666667E+00  0.7230103483E+05
  0.4069444444E+00  0.7237498502E+05
  0.4072222222E+00  0.7244893532E+05
  0.4075000000E+00  0.7252288540E+05
  0.4077777778E+00  0.7259683593E+05
  0.4080555556E+00  0.7267078612E+05
  0.4083333333E+00  0.7274473631E+05
  0.4086111111E+00  0.7281868639E+05
  0.4088888889E+00  0.7289263669E+05
  0.4091666667E+00  0.7296658688E+05
  0.4094444444E+00  0.7304053708E+05
  0.4097222222E+00  0.7311448727E+05
  0.4100000000E+00  0.7318843735E+05
  0.4102777778E+00  0.7326487450E+05
  0.4105555556E+00  0.7334131111E+05
  0.4108333333E+00  0.7341774815E+05
  0.4111111111E+00  0.7349418486E+05
  0.4113888889E+00  0.7357062190E+05
  0.4116666667E+00  0.7364705861E+05
  0.4119444444E+00  0.7372349564E+05
  0.4122222222E+00  0.7379993236E+05
  0.4125000000E+00  0.7387636941E+05
  0.4127777778E+00  0.7395280600E+05
  0.4130555556E+00  0.7402924304E+05
  0.4133333333E+00  0.7410567986E+05
  0.4136111111E+00  0.7418211680E+05
  0.4138888889E+00  0.7425855351E+05
  0.4141666667E+00  0.7433499055E+05
  0.4144444444E+00  0.7441142726E+05
  0.4147222222E+00  0.7448786430E+05
  0.4150000000E+00  0.7456430090E+05
  0.4152777778E+00  0.7463937166E+05
  0.4155555556E+00  0.7471444253E+05
  0.4158333333E+00  0.7478951317E+05
  0.4161111111E+00  0.7486458416E+05
  0.4163888889E+00  0.7493965481E+05
  0.4166666667E+00  0.7501472567E+05
  0.4169444444E+00  0.7508979643E+05
  0.4172222222E+00  0.7516486731E+05
  0.4175000000E+00  0.7523993796E+05
  0.4177777778E+00  0.7531500882E+05
  0.4180555556E+00  0.7539007958E+05
  0.4183333333E+00  0.7546515012E+05
  0.4186111111E+00  0.7554022110E+05
  0.4188888889E+00  0.7561529174E+05
  0.4191666667E+00  0.7569036272E+05
  0.4194444444E+00  0.7576543327E+05
  0.4197222222E+00  0.7584050425E+05
  0.4200000000E+00  0.7591557489E+05
  0.4202777778E+00  0.7598583090E+05
  0.4205555556E+00  0.7605608746E+05
  0.4208333333E+00  0.7612634357E+05
  0.4211111111E+00  0.7619659969E+05
  0.4213888889E+00  0.7626685569E+05
  0.4216666667E+00  0.7633711181E+05
  0.4219444444E+00  0.7640736826E+05
  0.4222222222E+00  0.7647762397E+05
  0.4225000000E+00  0.7654788028E+05
  0.4227777778E+00  0.7661813660E+05
  0.4230555556E+00  0.7668839291E+05
  0.4233333333E+00  0.7675864946E+05
  0.4236111111E+00  0.7682890477E+05
  0.4238888889E+00  0.7689916109E+05
  0.4241666667E+00  0.7696941729E+05
  0.4244444444E+00  0.7703967395E+05
  0.4247222222E+00  0.7710993026E+05
  0.4250000000E+00  0.7718018558E+05
  0.4252777778E+00  0.7724269208E+05
  0.4255555556E+00  0.7730519824E+05
  0.4258333333E+00  0.7736770373E+05
  0.4261111111E+00  0.7743020989E+05
  0.4263888889E+00  0.7749271539E+05
  0.4266666667E+00  0.7755522188E+05
  0.4269444444E+00  0.7761772804E+05
  0.4272222222E+00  0.7768023354E+05
  0.4275000000E+00  0.7774273970E+05
  0.4277777778E+00  0.7780524520E+05
  0.4280555556E+00  0.7786775170E+05
  0.4283333333E+00  0.7793025686E+05
  0.4286111111E+00  0.7799276336E+05
  0.4288888889E+00  0.7805526952E+05
  0.4291666667E+00  0.7811777501E+05
  0.4294444444E+00  0.7818028151E+05
  0.4297222222E+00  0.7824278667E+05
  0.4300000000E+00  0.7830529317E+05
  0.4302777778E+00  0.7835773937E+05
  0.4305555556E+00  0.7841018426E+05
  0.4308333333E+00  0.7846263047E+05
  0.4311111111E+00  0.7851507669E+05
  0.4313888889E+00  0.7856752178E+05
  0.4316666667E+00  0.7861996800E+05
  0.4319444444E+00  0.7867241421E+05
  0.4322222222E+00  0.7872486043E+05
  0.4325000000E+00  0.7877730564E+05
  0.4327777778E+00  0.7882975152E+05
  0.4330555556E+00  0.7888219762E+05
  0.4333333333E+00  0.7893464384E+05
  0.4336111111E+00  0.7898708904E+05
  0.4338888889E+00  0.7903953526E+05
  0.4341666667E+00  0.7909198147E+05
  0.4344444444E+00  0.7914442658E+05
  0.4347222222E+00  0.7919687245E+05
  0.4350000000E+00  0.7924931867E+05
  0.4352777778E+00  0.7929008166E+05
  0.4355555556E+00  0.7933084332E+05
  0.4358333333E+00  0.7937160597E+05
  0.4361111111E+00  0.7941236896E+05
  0.4363888889E+00  0.7945313162E+05
  0.4366666667E+00  0.7949389417E+05
  0.4369444444E+00  0.7953465716E+05
  0.4372222222E+00  0.7957541882E+05
  0.4375000000E+00  0.7961618181E+05
  0.4377777778E+00  0.7965694446E+05
  0.4380555556E+00  0.7969770712E+05
  0.4383333333E+00  0.7973847011E+05
  0.4386111111E+00  0.7977923277E+05
  0.4388888889E+00  0.7981999442E+05
  0.4391666667E+00  0.7986075730E+05
  0.4394444444E+00  0.7990151996E+05
  0.4397222222E+00  0.7994228262E+05
  0.4400000000E+00  0.7998304561E+05
  0.4402777778E+00  0.8001124475E+05
  0.4405555556E+00  0.8003944534E+05
  0.4408333333E+00  0.8006764482E+05
  0.4411111111E+00  0.8009584497E+05
  0.4413888889E+00  0.8012404544E+05
  0.4416666667E+00  0.8015224492E+05
  0.4419444444E+00  0.8018044518E+05
  0.4422222222E+00  0.8020864465E+05
  0.4425000000E+00  0.8023684513E+05
  0.4427777778E+00  0.8026504461E+05
  0.4430555556E+00  0.8029324488E+05
  0.4433333333E+00  0.8032144435E+05
  0.4436111111E+00  0.8034964483E+05
  0.4438888889E+00  0.8037784497E+05
  0.4441666667E+00  0.8040604456E+05
  0.4444444444E+00  0.8043424504E+05
  0.4447222222E+00  0.8046244419E+05
  0.4450000000E+00  0.8049064466E+05
  0.4452777778E+00  0.8050607222E+05
  0.4455555556E+00  0.8052149977E+05
  0.4458333333E+00  0.8053692732E+05
  0.4461111111E+00  0.8055235576E+05
  0.4463888889E+00  0.8056778331E+05
  0.4466666667E+00  0.8058321087E+05
  0.4469444444E+00  0.8059863841E+05
  0.4472222222E+00  0.8061406697E+05
  0.4475000000E+00  0.8062949452E+05
  0.4477777778E+00  0.8064492195E+05
  0.4480555556E+00  0.8066034951E+05
  0.4483333333E+00  0.8067577706E+05
  0.4486111111E+00  0.8069120561E+05
  0.4488888889E+00  0.8070663316E+05
  0.4491666667E+00  0.8072206060E+05
  0.4494444444E+00  0.8073748815E+05
  0.4497222222E+00  0.8075291670E+05
  0.4500000000E+00  0.8076834426E+05
  0.4502777778E+00  0.8077146977E+05
  0.4505555556E+00  0.8077459484E+05
  0.4508333333E+00  0.8077772035E+05
  0.4511111111E+00  0.8078084542E+05
  0.4513888889E+00  0.8078397160E+05
  0.4516666667E+00  0.8078709700E+05
  0.4519444444E+00  0.8079022219E+05
  0.4522222222E+00  0.8079334770E+05
  0.4525000000E+00  0.8079647276E+05
  0.4527777778E+00  0.8079959828E+05
  0.4530555556E+00  0.8080272435E+05
  0.4533333333E+00  0.8080584987E+05
  0.4536111111E+00  0.8080897493E+05
  0.4538888889E+00  0.8081210045E+05
  0.4541666667E+00  0.8081522563E+05
  0.4544444444E+00  0.8081835069E+05
  0.4547222222E+00  0.8082147621E+05
  0.4550000000E+00  0.8082460228E+05
  0.4552777778E+00  0.8081650630E+05
  0.4555555556E+00  0.8080840987E+05
  0.4558333333E+00  0.8080031345E+05
  0.4561111111E+00  0.8079221748E+05
  0.4563888889E+00  0.8078412105E+05
  0.4566666667E+00  0.8077602474E+05
  0.4569444444E+00  0.8076792865E+05
  0.4572222222E+00  0.8075983222E+05
  0.4575000000E+00  0.8075173591E+05
  0.4577777778E+00  0.8074363983E+05
  0.4580555556E+00  0.8073554351E+05
  0.4583333333E+00  0.8072744709E+05
  0.4586111111E+00  0.8071935112E+05
  0.4588888889E+00  0.8071125569E+05
  0.4591666667E+00  0.8070315927E+05
  0.4594444444E+00  0.8069506329E+05
  0.4597222222E+00  0.8068696686E+05
  0.4600000000E+00  0.8067887089E+05
  0.4602777778E+00  0.8066109919E+05
  0.4605555556E+00  0.8064332662E+05
  0.4608333333E+00  0.8062555537E+05
  0.4611111111E+00  0.8060778379E+05
  0.4613888889E+00  0.8059001245E+05
  0.4616666667E+00  0.8057223987E+05
  0.4619444444E+00  0.8055446828E+05
  0.4622222222E+00  0.8053669705E+05
  0.4625000000E+00  0.8051892535E+05
  0.4627777778E+00  0.8050115411E+05
  0.4630555556E+00  0.8048338153E+05
  0.4633333333E+00  0.8046560995E+05
  0.4636111111E+00  0.8044783859E+05
  0.4638888889E+00  0.8043006702E+05
  0.4641666667E+00  0.8041229477E+05
  0.4644444444E+00  0.8039452319E+05
  0.4647222222E+00  0.8037675151E+05
  0.4650000000E+00  0.8035898026E+05
  0.4652777778E+00  0.8033343904E+05
  0.4655555556E+00  0.8030789771E+05
  0.4658333333E+00  0.8028235750E+05
  0.4661111111E+00  0.8025681662E+05
  0.4663888889E+00  0.8023127529E+05
  0.4666666667E+00  0.8020573507E+05
  0.4669444444E+00  0.8018019385E+05
  0.4672222222E+00  0.8015465253E+05
  0.4675000000E+00  0.8012911265E+05
  0.4677777778E+00  0.8010357143E+05
  0.4680555556E+00  0.8007803010E+05
  0.4683333333E+00  0.8005248988E+05
  0.4686111111E+00  0.8002694867E+05
  0.4688888889E+00  0.8000140767E+05
  0.4691666667E+00  0.7997586746E+05
  0.4694444444E+00  0.7995032624E+05
  0.4697222222E+00  0.7992478491E+05
  0.4700000000E+00  0.7989924470E+05
  0.4702777778E+00  0.7986808062E+05
  0.4705555556E+00  0.7983691665E+05
  0.4708333333E+00  0.7980575224E+05
  0.4711111111E+00  0.7977458816E+05
  0.4713888889E+00  0.7974342487E+05
  0.4716666667E+00  0.7971226079E+05
  0.4719444444E+00  0.7968109671E+05
  0.4722222222E+00  0.7964993241E+05
  0.4725000000E+00  0.7961876833E+05
  0.4727777778E+00  0.7958760425E+05
  0.4730555556E+00  0.7955643985E+05
  0.4733333333E+00  0.7952527688E+05
  0.4736111111E+00  0.7949411280E+05
  0.4738888889E+00  0.7946294839E+05
  0.4741666667E+00  0.7943178442E+05
  0.4744444444E+00  0.7940062035E+05
  0.4747222222E+00  0.7936945594E+05
  0.4750000000E+00  0.7933829297E+05
  0.4752777778E+00  0.7930374168E+05
  0.4755555556E+00  0.7926919152E+05
  0.4758333333E+00  0.7923464024E+05
  0.4761111111E+00  0.7920008908E+05
  0.4763888889E+00  0.7916553879E+05
  0.4766666667E+00  0.7913098795E+05
  0.4769444444E+00  0.7909643768E+05
  0.4772222222E+00  0.7906188650E+05
  0.4775000000E+00  0.7902733634E+05
  0.4777777778E+00  0.7899278505E+05
  0.4780555556E+00  0.7895823489E+05
  0.4783333333E+00  0.7892368360E+05
  0.4786111111E+00  0.7888913344E+05
  0.4788888889E+00  0.7885458249E+05
  0.4791666667E+00  0.7882003231E+05
  0.4794444444E+00  0.7878548104E+05
  0.4797222222E+00  0.7875093086E+05
  0.4800000000E+00  0.7871637979E+05
  0.4802777778E+00  0.7868062321E+05
  0.4805555556E+00  0.7864486630E+05
  0.4808333333E+00  0.7860910972E+05
  0.4811111111E+00  0.7857335303E+05
  0.4813888889E+00  0.7853759612E+05
  0.4816666667E+00  0.7850183954E+05
  0.4819444444E+00  0.7846608285E+05
  0.4822222222E+00  0.7843032593E+05
  0.4825000000E+00  0.7839456935E+05
  0.4827777778E+00  0.7835881266E+05
  0.4830555556E+00  0.7832305575E+05
  0.4833333333E+00  0.7828729917E+05
  0.4836111111E+00  0.7825154248E+05
  0.4838888889E+00  0.7821578557E+05
  0.4841666667E+00  0.7818002889E+05
  0.4844444444E+00  0.7814427220E+05
  0.4847222222E+00  0.7810851529E+05
  0.4850000000E+00  0.7807275871E+05
  0.4852777778E+00  0.7803783843E+05
  0.4855555556E+00  0.7800291817E+05
  0.4858333333E+00  0.7796799757E+05
  0.4861111111E+00  0.7793307730E+05
  0.4863888889E+00  0.7789815704E+05
  0.4866666667E+00  0.7786323654E+05
  0.4869444444E+00  0.7782831618E+05
  0.4872222222E+00  0.7779339590E+05
  0.4875000000E+00  0.7775847541E+05
  0.4877777778E+00  0.7772355504E+05
  0.4880555556E+00  0.7768863477E+05
  0.4883333333E+00  0.7765371427E+05
  0.4886111111E+00  0.7761879391E+05
  0.4888888889E+00  0.7758387364E+05
  0.4891666667E+00  0.7754895314E+05
  0.4894444444E+00  0.7751403278E+05
  0.4897222222E+00  0.7747911250E+05
  0.4900000000E+00  0.7744419201E+05
  0.4902777778E+00  0.7741187421E+05
  0.4905555556E+00  0.7737955638E+05
  0.4908333333E+00  0.7734723858E+05
  0.4911111111E+00  0.7731492087E+05
  0.4913888889E+00  0.7728260306E+05
  0.4916666667E+00  0.7725028525E+05
  0.4919444444E+00  0.7721796754E+05
  0.4922222222E+00  0.7718564974E+05
  0.4925000000E+00  0.7715333203E+05
  0.4927777778E+00  0.7712101421E+05
  0.4930555556E+00  0.7708869650E+05
  0.4933333333E+00  0.7705637870E+05
  0.4936111111E+00  0.7702406078E+05
  0.4938888889E+00  0.7699174308E+05
  0.4941666667E+00  0.7695942526E+05
  0.4944444444E+00  0.7692710755E+05
  0.4947222222E+00  0.7689478975E+05
  0.4950000000E+00  0.7686247204E+05
