  0.1027777778E-01  0.2257160258E+08
  0.1055555556E-01  0.2254374478E+08
  0.1083333333E-01  0.2251588675E+08
  0.1111111111E-01  0.2248802863E+08
  0.1138888889E-01  0.2246017060E+08
  0.1166666667E-01  0.2243231270E+08
  0.1194444444E-01  0.2240445467E+08
  0.1222222222E-01  0.2237659664E+08
  0.1250000000E-01  0.2234873884E+08
  0.1277777778E-01  0.2232088081E+08
  0.1305555556E-01  0.2229302257E+08
  0.1333333333E-01  0.2226516454E+08
  0.1361111111E-01  0.2223730686E+08
  0.1388888889E-01  0.2220944873E+08
  0.1416666667E-01  0.2218159059E+08
  0.1444444444E-01  0.2215373279E+08
  0.1472222222E-01  0.2212587476E+08
  0.1500000000E-01  0.2209801673E+08
  0.1527777778E-01  0.2206003036E+08
  0.1555555556E-01  0.2202204432E+08
  0.1583333333E-01  0.2198405807E+08
  0.1611111111E-01  0.2194607180E+08
  0.1638888889E-01  0.2190808587E+08
  0.1666666667E-01  0.2187009960E+08
  0.1694444444E-01  0.2183211334E+08
  0.1722222222E-01  0.2179412740E+08
  0.1750000000E-01  0.2175614102E+08
  0.1777777778E-01  0.2171815477E+08
  0.1805555556E-01  0.2168016850E+08
  0.1833333333E-01  0.2164218257E+08
  0.1861111111E-01  0.2160419630E+08
  0.1888888889E-01  0.2156620994E+08
  0.1916666667E-01  0.2152822389E+08
  0.1944444444E-01  0.2149023763E+08
  0.1972222222E-01  0.2145225136E+08
  0.2000000000E-01  0.2141426544E+08
  0.2027777778E-01  0.2136710015E+08
  0.2055555556E-01  0.2131993488E+08
  0.2083333333E-01  0.2127276960E+08
  0.2111111111E-01  0.2122560433E+08
  0.2138888889E-01  0.2117843906E+08
  0.2166666667E-01  0.2113127379E+08
  0.2194444444E-01  0.2108410850E+08
  0.2222222222E-01  0.2103694323E+08
  0.2250000000E-01  0.2098977795E+08
  0.2277777778E-01  0.2094261268E+08
  0.2305555556E-01  0.2089544740E+08
  0.2333333333E-01  0.2084828213E+08
  0.2361111111E-01  0.2080111685E+08
  0.2388888889E-01  0.2075395158E+08
  0.2416666667E-01  0.2070678631E+08
  0.2444444444E-01  0.2065962136E+08
  0.2472222222E-01  0.2061245609E+08
  0.2500000000E-01  0.2056529081E+08
  0.2527777778E-01  0.2051011540E+08
  0.2555555556E-01  0.2045494030E+08
  0.2583333333E-01  0.2039976520E+08
  0.2611111111E-01  0.2034458989E+08
  0.2638888889E-01  0.2028941479E+08
  0.2666666667E-01  0.2023423938E+08
  0.2694444444E-01  0.2017906428E+08
  0.2722222222E-01  0.2012388918E+08
  0.2750000000E-01  0.2006871387E+08
  0.2777777778E-01  0.2001353867E+08
  0.2805555556E-01  0.1995836358E+08
  0.2833333333E-01  0.1990318826E+08
  0.2861111111E-01  0.1984801316E+08
  0.2888888889E-01  0.1979283785E+08
  0.2916666667E-01  0.1973766265E+08
  0.2944444444E-01  0.1968248756E+08
  0.2972222222E-01  0.1962731224E+08
  0.3000000000E-01  0.1957213714E+08
  0.3027777778E-01  0.1951029258E+08
  0.3055555556E-01  0.1944844813E+08
  0.3083333333E-01  0.1938660402E+08
  0.3111111111E-01  0.1932475946E+08
  0.3138888889E-01  0.1926291512E+08
  0.3166666667E-01  0.1920107055E+08
  0.3194444444E-01  0.1913922634E+08
  0.3222222222E-01  0.1907738199E+08
  0.3250000000E-01  0.1901553744E+08
  0.3277777778E-01  0.1895369298E+08
  0.3305555556E-01  0.1889184886E+08
  0.3333333333E-01  0.1883000431E+08
  0.3361111111E-01  0.1876815985E+08
  0.3388888889E-01  0.1870631541E+08
  0.3416666667E-01  0.1864447085E+08
  0.3444444444E-01  0.1858262673E+08
  0.3472222222E-01  0.1852078228E+08
  0.3500000000E-01  0.1845893783E+08
  0.3527777778E-01  0.1839186200E+08
  0.3555555556E-01  0.1832478618E+08
  0.3583333333E-01  0.1825771003E+08
  0.3611111111E-01  0.1819063430E+08
  0.3638888889E-01  0.1812355849E+08
  0.3666666667E-01  0.1805648232E+08
  0.3694444444E-01  0.1798940640E+08
  0.3722222222E-01  0.1792233067E+08
  0.3750000000E-01  0.1785525451E+08
  0.3777777778E-01  0.1778817870E+08
  0.3805555556E-01  0.1772110287E+08
  0.3833333333E-01  0.1765402682E+08
  0.3861111111E-01  0.1758695099E+08
  0.3888888889E-01  0.1751987517E+08
  0.3916666667E-01  0.1745279902E+08
  0.3944444444E-01  0.1738572329E+08
  0.3972222222E-01  0.1731864748E+08
  0.4000000000E-01  0.1725157165E+08
  0.4027777778E-01  0.1718077739E+08
  0.4055555556E-01  0.1710998301E+08
  0.4083333333E-01  0.1703918874E+08
  0.4111111111E-01  0.1696839448E+08
  0.4138888889E-01  0.1689760022E+08
  0.4166666667E-01  0.1682680596E+08
  0.4194444444E-01  0.1675601158E+08
  0.4222222222E-01  0.1668521732E+08
  0.4250000000E-01  0.1661442306E+08
  0.4277777778E-01  0.1654362878E+08
  0.4305555556E-01  0.1647283452E+08
  0.4333333333E-01  0.1640204015E+08
  0.4361111111E-01  0.1633124589E+08
  0.4388888889E-01  0.1626045162E+08
  0.4416666667E-01  0.1618965769E+08
  0.4444444444E-01  0.1611886342E+08
  0.4472222222E-01  0.1604806905E+08
  0.4500000000E-01  0.1597727479E+08
  0.4527777778E-01  0.1590427996E+08
  0.4555555556E-01  0.1583128557E+08
  0.4583333333E-01  0.1575829130E+08
  0.4611111111E-01  0.1568529646E+08
  0.4638888889E-01  0.1561230207E+08
  0.4666666667E-01  0.1553930735E+08
  0.4694444444E-01  0.1546631285E+08
  0.4722222222E-01  0.1539331847E+08
  0.4750000000E-01  0.1532032374E+08
  0.4777777778E-01  0.1524732925E+08
  0.4805555556E-01  0.1517433464E+08
  0.4833333333E-01  0.1510134025E+08
  0.4861111111E-01  0.1502834576E+08
  0.4888888889E-01  0.1495535103E+08
  0.4916666667E-01  0.1488235664E+08
  0.4944444444E-01  0.1480936182E+08
  0.4972222222E-01  0.1473636742E+08
  0.5000000000E-01  0.1466337270E+08
  0.5027777778E-01  0.1458965363E+08
  0.5055555556E-01  0.1451593465E+08
  0.5083333333E-01  0.1444221514E+08
  0.5111111111E-01  0.1436849617E+08
  0.5138888889E-01  0.1429477719E+08
  0.5166666667E-01  0.1422105767E+08
  0.5194444444E-01  0.1414733870E+08
  0.5222222222E-01  0.1407361973E+08
  0.5250000000E-01  0.1399990021E+08
  0.5277777778E-01  0.1392618124E+08
  0.5305555556E-01  0.1385246217E+08
  0.5333333333E-01  0.1377874275E+08
  0.5361111111E-01  0.1370502377E+08
  0.5388888889E-01  0.1363130470E+08
  0.5416666667E-01  0.1355758529E+08
  0.5444444444E-01  0.1348386631E+08
  0.5472222222E-01  0.1341014724E+08
  0.5500000000E-01  0.1333642782E+08
  0.5527777778E-01  0.1326336931E+08
  0.5555555556E-01  0.1319031089E+08
  0.5583333333E-01  0.1311725238E+08
  0.5611111111E-01  0.1304419387E+08
  0.5638888889E-01  0.1297113501E+08
  0.5666666667E-01  0.1289807649E+08
  0.5694444444E-01  0.1282501798E+08
  0.5722222222E-01  0.1275195957E+08
  0.5750000000E-01  0.1267890105E+08
  0.5777777778E-01  0.1260584219E+08
  0.5805555556E-01  0.1253278371E+08
  0.5833333333E-01  0.1245972513E+08
  0.5861111111E-01  0.1238666665E+08
  0.5888888889E-01  0.1231360807E+08
  0.5916666667E-01  0.1224054949E+08
  0.5944444444E-01  0.1216749090E+08
  0.5972222222E-01  0.1209443232E+08
  0.6000000000E-01  0.1202137384E+08
  0.6027777778E-01  0.1195023642E+08
  0.6055555556E-01  0.1187909891E+08
  0.6083333333E-01  0.1180796149E+08
  0.6111111111E-01  0.1173682408E+08
  0.6138888889E-01  0.1166568666E+08
  0.6166666667E-01  0.1159454925E+08
  0.6194444444E-01  0.1152341183E+08
  0.6222222222E-01  0.1145227441E+08
  0.6250000000E-01  0.1138113700E+08
  0.6277777778E-01  0.1130999959E+08
  0.6305555556E-01  0.1123886217E+08
  0.6333333333E-01  0.1116772476E+08
  0.6361111111E-01  0.1109658734E+08
  0.6388888889E-01  0.1102544982E+08
  0.6416666667E-01  0.1095431241E+08
  0.6444444444E-01  0.1088317499E+08
  0.6472222222E-01  0.1081203758E+08
  0.6500000000E-01  0.1074090013E+08
  0.6527777778E-01  0.1067277924E+08
  0.6555555556E-01  0.1060465837E+08
  0.6583333333E-01  0.1053653757E+08
  0.6611111111E-01  0.1046841664E+08
  0.6638888889E-01  0.1040029586E+08
  0.6666666667E-01  0.1033217503E+08
  0.6694444444E-01  0.1026405413E+08
  0.6722222222E-01  0.1019593330E+08
  0.6750000000E-01  0.1012781241E+08
  0.6777777778E-01  0.1005969158E+08
  0.6805555556E-01  0.9991570686E+07
  0.6833333333E-01  0.9923449856E+07
  0.6861111111E-01  0.9855328967E+07
  0.6888888889E-01  0.9787208138E+07
  0.6916666667E-01  0.9719087341E+07
  0.6944444444E-01  0.9650966423E+07
  0.6972222222E-01  0.9582845626E+07
  0.7000000000E-01  0.9514724693E+07
  0.7027777778E-01  0.9450531982E+07
  0.7055555556E-01  0.9386339337E+07
  0.7083333333E-01  0.9322146625E+07
  0.7111111111E-01  0.9257953877E+07
  0.7138888889E-01  0.9193761165E+07
  0.7166666667E-01  0.9129568419E+07
  0.7194444444E-01  0.9065375692E+07
  0.7222222222E-01  0.9001182948E+07
  0.7250000000E-01  0.8936990236E+07
  0.7277777778E-01  0.8872797491E+07
  0.7305555556E-01  0.8808604776E+07
  0.7333333333E-01  0.8744412064E+07
  0.7361111111E-01  0.8680219419E+07
  0.7388888889E-01  0.8616026704E+07
  0.7416666667E-01  0.8551833958E+07
  0.7444444444E-01  0.8487641246E+07
  0.7472222222E-01  0.8423448498E+07
  0.7500000000E-01  0.8359255775E+07
  0.7527777778E-01  0.8299699376E+07
  0.7555555556E-01  0.8240143075E+07
  0.7583333333E-01  0.8180586665E+07
  0.7611111111E-01  0.8121030297E+07
  0.7638888889E-01  0.8061473898E+07
  0.7666666667E-01  0.8001917588E+07
  0.7694444444E-01  0.7942361187E+07
  0.7722222222E-01  0.7882804788E+07
  0.7750000000E-01  0.7823248509E+07
  0.7777777778E-01  0.7763692109E+07
  0.7805555556E-01  0.7704135708E+07
  0.7833333333E-01  0.7644579298E+07
  0.7861111111E-01  0.7585022997E+07
  0.7888888889E-01  0.7525466631E+07
  0.7916666667E-01  0.7465910220E+07
  0.7944444444E-01  0.7406353919E+07
  0.7972222222E-01  0.7346797520E+07
  0.8000000000E-01  0.7287241108E+07
  0.8027777778E-01  0.7232825729E+07
  0.8055555556E-01  0.7178410206E+07
  0.8083333333E-01  0.7123994782E+07
  0.8111111111E-01  0.7069579260E+07
  0.8138888889E-01  0.7015163869E+07
  0.8166666667E-01  0.6960748356E+07
  0.8194444444E-01  0.6906332934E+07
  0.8222222222E-01  0.6851917410E+07
  0.8250000000E-01  0.6797502020E+07
  0.8277777778E-01  0.6743086497E+07
  0.8305555556E-01  0.6688671084E+07
  0.8333333333E-01  0.6634255695E+07
  0.8361111111E-01  0.6579840171E+07
  0.8388888889E-01  0.6525424747E+07
  0.8416666667E-01  0.6471009224E+07
  0.8444444444E-01  0.6416593845E+07
  0.8472222222E-01  0.6362178322E+07
  0.8500000000E-01  0.6307762899E+07
  0.8527777778E-01  0.6258787372E+07
  0.8555555556E-01  0.6209811979E+07
  0.8583333333E-01  0.6160836551E+07
  0.8611111111E-01  0.6111861169E+07
  0.8638888889E-01  0.6062885642E+07
  0.8666666667E-01  0.6013910249E+07
  0.8694444444E-01  0.5964934821E+07
  0.8722222222E-01  0.5915959328E+07
  0.8750000000E-01  0.5866983901E+07
  0.8777777778E-01  0.5818008508E+07
  0.8805555556E-01  0.5769033082E+07
  0.8833333333E-01  0.5720057599E+07
  0.8861111111E-01  0.5671082172E+07
  0.8888888889E-01  0.5622106779E+07
  0.8916666667E-01  0.5573131252E+07
  0.8944444444E-01  0.5524155859E+07
  0.8972222222E-01  0.5475180431E+07
  0.9000000000E-01  0.5426204988E+07
  0.9027777778E-01  0.5382778195E+07
  0.9055555556E-01  0.5339351412E+07
  0.9083333333E-01  0.5295924662E+07
  0.9111111111E-01  0.5252497858E+07
  0.9138888889E-01  0.5209071108E+07
  0.9166666667E-01  0.5165644315E+07
  0.9194444444E-01  0.5122217554E+07
  0.9222222222E-01  0.5078790771E+07
  0.9250000000E-01  0.5035364011E+07
  0.9277777778E-01  0.4991937228E+07
  0.9305555556E-01  0.4948510467E+07
  0.9333333333E-01  0.4905083673E+07
  0.9361111111E-01  0.4861656924E+07
  0.9388888889E-01  0.4818230120E+07
  0.9416666667E-01  0.4774803337E+07
  0.9444444444E-01  0.4731376587E+07
  0.9472222222E-01  0.4687949783E+07
  0.9500000000E-01  0.4644523033E+07
  0.9527777778E-01  0.4606579975E+07
  0.9555555556E-01  0.4568636871E+07
  0.9583333333E-01  0.4530693813E+07
  0.9611111111E-01  0.4492750766E+07
  0.9638888889E-01  0.4454807695E+07
  0.9666666667E-01  0.4416864638E+07
  0.9694444444E-01  0.4378921580E+07
  0.9722222222E-01  0.4340978520E+07
  0.9750000000E-01  0.4303035428E+07
  0.9777777778E-01  0.4265092359E+07
  0.9805555556E-01  0.4227149301E+07
  0.9833333333E-01  0.4189206252E+07
  0.9861111111E-01  0.4151263183E+07
  0.9888888889E-01  0.4113320125E+07
  0.9916666667E-01  0.4075377033E+07
  0.9944444444E-01  0.4037433964E+07
  0.9972222222E-01  0.3999490916E+07
  0.1000000000E+00  0.3961547857E+07
  0.1002777778E+00  0.3928871423E+07
  0.1005555556E+00  0.3896195022E+07
  0.1008333333E+00  0.3863518588E+07
  0.1011111111E+00  0.3830842186E+07
  0.1013888889E+00  0.3798165752E+07
  0.1016666667E+00  0.3765489361E+07
  0.1019444444E+00  0.3732812959E+07
  0.1022222222E+00  0.3700136525E+07
  0.1025000000E+00  0.3667460124E+07
  0.1027777778E+00  0.3634783690E+07
  0.1030555556E+00  0.3602107288E+07
  0.1033333333E+00  0.3569430854E+07
  0.1036111111E+00  0.3536754452E+07
  0.1038888889E+00  0.3504078027E+07
  0.1041666667E+00  0.3471401627E+07
  0.1044444444E+00  0.3438725192E+07
  0.1047222222E+00  0.3406048791E+07
  0.1050000000E+00  0.3373372356E+07
  0.1052777778E+00  0.3345626381E+07
  0.1055555556E+00  0.3317880363E+07
  0.1058333333E+00  0.3290134388E+07
  0.1061111111E+00  0.3262388359E+07
  0.1063888889E+00  0.3234642352E+07
  0.1066666667E+00  0.3206896367E+07
  0.1069444444E+00  0.3179150359E+07
  0.1072222222E+00  0.3151404374E+07
  0.1075000000E+00  0.3123658366E+07
  0.1077777778E+00  0.3095912370E+07
  0.1080555556E+00  0.3068166362E+07
  0.1083333333E+00  0.3040420377E+07
  0.1086111111E+00  0.3012674369E+07
  0.1088888889E+00  0.2984928384E+07
  0.1091666667E+00  0.2957182377E+07
  0.1094444444E+00  0.2929436392E+07
  0.1097222222E+00  0.2901690373E+07
  0.1100000000E+00  0.2873944355E+07
  0.1102777778E+00  0.2850696492E+07
  0.1105555556E+00  0.2827448607E+07
  0.1108333333E+00  0.2804200723E+07
  0.1111111111E+00  0.2780952806E+07
  0.1113888889E+00  0.2757704942E+07
  0.1116666667E+00  0.2734457058E+07
  0.1119444444E+00  0.2711209174E+07
  0.1122222222E+00  0.2687961256E+07
  0.1125000000E+00  0.2664713383E+07
  0.1127777778E+00  0.2641465509E+07
  0.1130555556E+00  0.2618217625E+07
  0.1133333333E+00  0.2594969707E+07
  0.1136111111E+00  0.2571721834E+07
  0.1138888889E+00  0.2548473960E+07
  0.1141666667E+00  0.2525226076E+07
  0.1144444444E+00  0.2501978158E+07
  0.1147222222E+00  0.2478730285E+07
  0.1150000000E+00  0.2455482400E+07
  0.1152777778E+00  0.2436238491E+07
  0.1155555556E+00  0.2416994593E+07
  0.1158333333E+00  0.2397750674E+07
  0.1161111111E+00  0.2378506809E+07
  0.1163888889E+00  0.2359262900E+07
  0.1166666667E+00  0.2340018981E+07
  0.1169444444E+00  0.2320775083E+07
  0.1172222222E+00  0.2301531207E+07
  0.1175000000E+00  0.2282287299E+07
  0.1177777778E+00  0.2263043390E+07
  0.1180555556E+00  0.2243799480E+07
  0.1183333333E+00  0.2224555606E+07
  0.1186111111E+00  0.2205311696E+07
  0.1188888889E+00  0.2186067787E+07
  0.1191666667E+00  0.2166823879E+07
  0.1194444444E+00  0.2147580003E+07
  0.1197222222E+00  0.2128336105E+07
  0.1200000000E+00  0.2109092186E+07
  0.1202777778E+00  0.2093323583E+07
  0.1205555556E+00  0.2077555003E+07
  0.1208333333E+00  0.2061786390E+07
  0.1211111111E+00  0.2046017787E+07
  0.1213888889E+00  0.2030249207E+07
  0.1216666667E+00  0.2014480594E+07
  0.1219444444E+00  0.1998711992E+07
  0.1222222222E+00  0.1982943389E+07
  0.1225000000E+00  0.1967174810E+07
  0.1227777778E+00  0.1951406196E+07
  0.1230555556E+00  0.1935637593E+07
  0.1233333333E+00  0.1919869014E+07
  0.1236111111E+00  0.1904100400E+07
  0.1238888889E+00  0.1888331787E+07
  0.1241666667E+00  0.1872563218E+07
  0.1244444444E+00  0.1856794605E+07
  0.1247222222E+00  0.1841025991E+07
  0.1250000000E+00  0.1825257388E+07
  0.1252777778E+00  0.1812427313E+07
  0.1255555556E+00  0.1799597203E+07
  0.1258333333E+00  0.1786767104E+07
  0.1261111111E+00  0.1773936995E+07
  0.1263888889E+00  0.1761106886E+07
  0.1266666667E+00  0.1748276787E+07
  0.1269444444E+00  0.1735446678E+07
  0.1272222222E+00  0.1722616568E+07
  0.1275000000E+00  0.1709786469E+07
  0.1277777778E+00  0.1696956360E+07
  0.1280555556E+00  0.1684126261E+07
  0.1283333333E+00  0.1671296151E+07
  0.1286111111E+00  0.1658466042E+07
  0.1288888889E+00  0.1645635943E+07
  0.1291666667E+00  0.1632805834E+07
  0.1294444444E+00  0.1619975725E+07
  0.1297222222E+00  0.1607145626E+07
  0.1300000000E+00  0.1594315516E+07
  0.1302777778E+00  0.1583903527E+07
  0.1305555556E+00  0.1573491517E+07
  0.1308333333E+00  0.1563079495E+07
  0.1311111111E+00  0.1552667495E+07
  0.1313888889E+00  0.1542255496E+07
  0.1316666667E+00  0.1531843496E+07
  0.1319444444E+00  0.1521431507E+07
  0.1322222222E+00  0.1511019463E+07
  0.1325000000E+00  0.1500607474E+07
  0.1327777778E+00  0.1490195485E+07
  0.1330555556E+00  0.1479783475E+07
  0.1333333333E+00  0.1469371453E+07
  0.1336111111E+00  0.1458959452E+07
  0.1338888889E+00  0.1448547454E+07
  0.1341666667E+00  0.1438135453E+07
  0.1344444444E+00  0.1427723431E+07
  0.1347222222E+00  0.1417311421E+07
  0.1350000000E+00  0.1406899432E+07
  0.1352777778E+00  0.1398419188E+07
  0.1355555556E+00  0.1389938921E+07
  0.1358333333E+00  0.1381458698E+07
  0.1361111111E+00  0.1372978454E+07
  0.1363888889E+00  0.1364498221E+07
  0.1366666667E+00  0.1356017965E+07
  0.1369444444E+00  0.1347537721E+07
  0.1372222222E+00  0.1339057487E+07
  0.1375000000E+00  0.1330577243E+07
  0.1377777778E+00  0.1322096987E+07
  0.1380555556E+00  0.1313616753E+07
  0.1383333333E+00  0.1305136510E+07
  0.1386111111E+00  0.1296656287E+07
  0.1388888889E+00  0.1288176010E+07
  0.1391666667E+00  0.1279695776E+07
  0.1394444444E+00  0.1271215553E+07
  0.1397222222E+00  0.1262735310E+07
  0.1400000000E+00  0.1254255042E+07
  0.1402777778E+00  0.1247269971E+07
  0.1405555556E+00  0.1240284877E+07
  0.1408333333E+00  0.1233299796E+07
  0.1411111111E+00  0.1226314691E+07
  0.1413888889E+00  0.1219329631E+07
  0.1416666667E+00  0.1212344526E+07
  0.1419444444E+00  0.1205359455E+07
  0.1422222222E+00  0.1198374361E+07
  0.1425000000E+00  0.1191389290E+07
  0.1427777778E+00  0.1184404185E+07
  0.1430555556E+00  0.1177419091E+07
  0.1433333333E+00  0.1170434010E+07
  0.1436111111E+00  0.1163448905E+07
  0.1438888889E+00  0.1156463834E+07
  0.1441666667E+00  0.1149478740E+07
  0.1444444444E+00  0.1142493669E+07
  0.1447222222E+00  0.1135508564E+07
  0.1450000000E+00  0.1128523504E+07
  0.1452777778E+00  0.1122656182E+07
  0.1455555556E+00  0.1116788861E+07
  0.1458333333E+00  0.1110921583E+07
  0.1461111111E+00  0.1105054273E+07
  0.1463888889E+00  0.1099186984E+07
  0.1466666667E+00  0.1093319673E+07
  0.1469444444E+00  0.1087452362E+07
  0.1472222222E+00  0.1081585085E+07
  0.1475000000E+00  0.1075717753E+07
  0.1477777778E+00  0.1069850442E+07
  0.1480555556E+00  0.1063983164E+07
  0.1483333333E+00  0.1058115853E+07
  0.1486111111E+00  0.1052248565E+07
  0.1488888889E+00  0.1046381254E+07
  0.1491666667E+00  0.1040513943E+07
  0.1494444444E+00  0.1034646656E+07
  0.1497222222E+00  0.1028779340E+07
  0.1500000000E+00  0.1022912043E+07
  0.1502777778E+00  0.1017849431E+07
  0.1505555556E+00  0.1012786802E+07
  0.1508333333E+00  0.1007724180E+07
  0.1511111111E+00  0.1002661551E+07
  0.1513888889E+00  0.9975989394E+06
  0.1516666667E+00  0.9925363203E+06
  0.1519444444E+00  0.9874736878E+06
  0.1522222222E+00  0.9824110799E+06
  0.1525000000E+00  0.9773484508E+06
  0.1527777778E+00  0.9722858283E+06
  0.1530555556E+00  0.9672232204E+06
  0.1533333333E+00  0.9621605879E+06
  0.1536111111E+00  0.9570979688E+06
  0.1538888889E+00  0.9520353475E+06
  0.1541666667E+00  0.9469727284E+06
  0.1544444444E+00  0.9419100960E+06
  0.1547222222E+00  0.9368474880E+06
  0.1550000000E+00  0.9317848656E+06
  0.1552777778E+00  0.9272797864E+06
  0.1555555556E+00  0.9227747172E+06
  0.1558333333E+00  0.9182696481E+06
  0.1561111111E+00  0.9137645689E+06
  0.1563888889E+00  0.9092594997E+06
  0.1566666667E+00  0.9047544160E+06
  0.1569444444E+00  0.9002493469E+06
  0.1572222222E+00  0.8957442677E+06
  0.1575000000E+00  0.8912391985E+06
  0.1577777778E+00  0.8867341293E+06
  0.1580555556E+00  0.8822290524E+06
  0.1583333333E+00  0.8777239821E+06
  0.1586111111E+00  0.8732189096E+06
  0.1588888889E+00  0.8687138393E+06
  0.1591666667E+00  0.8642087590E+06
  0.1594444444E+00  0.8597036898E+06
  0.1597222222E+00  0.8551986195E+06
  0.1600000000E+00  0.8506935404E+06
  0.1602777778E+00  0.8465623141E+06
  0.1605555556E+00  0.8424310824E+06
  0.1608333333E+00  0.8382998606E+06
  0.1611111111E+00  0.8341686255E+06
  0.1613888889E+00  0.8300373937E+06
  0.1616666667E+00  0.8259061686E+06
  0.1619444444E+00  0.8217749368E+06
  0.1622222222E+00  0.8176437150E+06
  0.1625000000E+00  0.8135124799E+06
  0.1627777778E+00  0.8093812482E+06
  0.1630555556E+00  0.8052500231E+06
  0.1633333333E+00  0.8011187913E+06
  0.1636111111E+00  0.7969875584E+06
  0.1638888889E+00  0.7928563333E+06
  0.1641666667E+00  0.7887251015E+06
  0.1644444444E+00  0.7845938764E+06
  0.1647222222E+00  0.7804626446E+06
  0.1650000000E+00  0.7763314129E+06
  0.1652777778E+00  0.7724475274E+06
  0.1655555556E+00  0.7685636441E+06
  0.1658333333E+00  0.7646797619E+06
  0.1661111111E+00  0.7607958665E+06
  0.1663888889E+00  0.7569119843E+06
  0.1666666667E+00  0.7530281011E+06
  0.1669444444E+00  0.7491442156E+06
  0.1672222222E+00  0.7452603235E+06
  0.1675000000E+00  0.7413764402E+06
  0.1677777778E+00  0.7374925547E+06
  0.1680555556E+00  0.7336086625E+06
  0.1683333333E+00  0.7297247793E+06
  0.1686111111E+00  0.7258408938E+06
  0.1688888889E+00  0.7219570117E+06
  0.1691666667E+00  0.7180731184E+06
  0.1694444444E+00  0.7141892363E+06
  0.1697222222E+00  0.7103053508E+06
  0.1700000000E+00  0.7064214676E+06
  0.1702777778E+00  0.7027093823E+06
  0.1705555556E+00  0.6989973059E+06
  0.1708333333E+00  0.6952852206E+06
  0.1711111111E+00  0.6915731408E+06
  0.1713888889E+00  0.6878610656E+06
  0.1716666667E+00  0.6841489791E+06
  0.1719444444E+00  0.6804369028E+06
  0.1722222222E+00  0.6767248176E+06
  0.1725000000E+00  0.6730127411E+06
  0.1727777778E+00  0.6693006559E+06
  0.1730555556E+00  0.6655885760E+06
  0.1733333333E+00  0.6618765008E+06
  0.1736111111E+00  0.6581644144E+06
  0.1738888889E+00  0.6544523380E+06
  0.1741666667E+00  0.6507402528E+06
  0.1744444444E+00  0.6470281763E+06
  0.1747222222E+00  0.6433161011E+06
  0.1750000000E+00  0.6396040146E+06
  0.1752777778E+00  0.6360292018E+06
  0.1755555556E+00  0.6324543810E+06
  0.1758333333E+00  0.6288795669E+06
  0.1761111111E+00  0.6253047474E+06
  0.1763888889E+00  0.6217299332E+06
  0.1766666667E+00  0.6181551136E+06
  0.1769444444E+00  0.6145802996E+06
  0.1772222222E+00  0.6110054899E+06
  0.1775000000E+00  0.6074306658E+06
  0.1777777778E+00  0.6038558552E+06
  0.1780555556E+00  0.6002810322E+06
  0.1783333333E+00  0.5967062214E+06
  0.1786111111E+00  0.5931313986E+06
  0.1788888889E+00  0.5895565878E+06
  0.1791666667E+00  0.5859817648E+06
  0.1794444444E+00  0.5824069542E+06
  0.1797222222E+00  0.5788321311E+06
  0.1800000000E+00  0.5752573204E+06
  0.1802777778E+00  0.5718167321E+06
  0.1805555556E+00  0.5683761549E+06
  0.1808333333E+00  0.5649355700E+06
  0.1811111111E+00  0.5614949816E+06
  0.1813888889E+00  0.5580543945E+06
  0.1816666667E+00  0.5546138195E+06
  0.1819444444E+00  0.5511732313E+06
  0.1822222222E+00  0.5477326440E+06
  0.1825000000E+00  0.5442920658E+06
  0.1827777778E+00  0.5408514808E+06
  0.1830555556E+00  0.5374108936E+06
  0.1833333333E+00  0.5339703053E+06
  0.1836111111E+00  0.5305297302E+06
  0.1838888889E+00  0.5270891431E+06
  0.1841666667E+00  0.5236485548E+06
  0.1844444444E+00  0.5202079799E+06
  0.1847222222E+00  0.5167673926E+06
  0.1850000000E+00  0.5133268044E+06
  0.1852777778E+00  0.5100398088E+06
  0.1855555556E+00  0.5067528043E+06
  0.1858333333E+00  0.5034658088E+06
  0.1861111111E+00  0.5001788177E+06
  0.1863888889E+00  0.4968918121E+06
  0.1866666667E+00  0.4936048176E+06
  0.1869444444E+00  0.4903178220E+06
  0.1872222222E+00  0.4870308165E+06
  0.1875000000E+00  0.4837438220E+06
  0.1877777778E+00  0.4804568264E+06
  0.1880555556E+00  0.4771698320E+06
  0.1883333333E+00  0.4738828265E+06
  0.1886111111E+00  0.4705958342E+06
  0.1888888889E+00  0.4673088398E+06
  0.1891666667E+00  0.4640218362E+06
  0.1894444444E+00  0.4607348377E+06
  0.1897222222E+00  0.4574478392E+06
  0.1900000000E+00  0.4541608406E+06
  0.1902777778E+00  0.4510597623E+06
  0.1905555556E+00  0.4479586849E+06
  0.1908333333E+00  0.4448576066E+06
  0.1911111111E+00  0.4417565293E+06
  0.1913888889E+00  0.4386554509E+06
  0.1916666667E+00  0.4355543725E+06
  0.1919444444E+00  0.4324532952E+06
  0.1922222222E+00  0.4293522169E+06
  0.1925000000E+00  0.4262511385E+06
  0.1927777778E+00  0.4231500601E+06
  0.1930555556E+00  0.4200489828E+06
  0.1933333333E+00  0.4169479045E+06
  0.1936111111E+00  0.4138468272E+06
  0.1938888889E+00  0.4107457477E+06
  0.1941666667E+00  0.4076446704E+06
  0.1944444444E+00  0.4045435921E+06
  0.1947222222E+00  0.4014425148E+06
  0.1950000000E+00  0.3983414363E+06
  0.1952777778E+00  0.3954640156E+06
  0.1955555556E+00  0.3925865937E+06
  0.1958333333E+00  0.3897091741E+06
  0.1961111111E+00  0.3868317522E+06
  0.1963888889E+00  0.3839543303E+06
  0.1966666667E+00  0.3810769084E+06
  0.1969444444E+00  0.3781994866E+06
  0.1972222222E+00  0.3753220658E+06
  0.1975000000E+00  0.3724446440E+06
  0.1977777778E+00  0.3695672221E+06
  0.1980555556E+00  0.3666898001E+06
  0.1983333333E+00  0.3638123783E+06
  0.1986111111E+00  0.3609349564E+06
  0.1988888889E+00  0.3580575345E+06
  0.1991666667E+00  0.3551801171E+06
  0.1994444444E+00  0.3523026952E+06
  0.1997222222E+00  0.3494252733E+06
  0.2000000000E+00  0.3465478515E+06
  0.2002777778E+00  0.3439302449E+06
  0.2005555556E+00  0.3413126373E+06
  0.2008333333E+00  0.3386950306E+06
  0.2011111111E+00  0.3360774230E+06
  0.2013888889E+00  0.3334598153E+06
  0.2016666667E+00  0.3308422077E+06
  0.2019444444E+00  0.3282246011E+06
  0.2022222222E+00  0.3256069935E+06
  0.2025000000E+00  0.3229893903E+06
  0.2027777778E+00  0.3203717827E+06
  0.2030555556E+00  0.3177541761E+06
  0.2033333333E+00  0.3151365685E+06
  0.2036111111E+00  0.3125189619E+06
  0.2038888889E+00  0.3099013543E+06
  0.2041666667E+00  0.3072837476E+06
  0.2044444444E+00  0.3046661401E+06
  0.2047222222E+00  0.3020485324E+06
  0.2050000000E+00  0.2994309248E+06
  0.2052777778E+00  0.2971032689E+06
  0.2055555556E+00  0.2947756118E+06
  0.2058333333E+00  0.2924479526E+06
  0.2061111111E+00  0.2901202969E+06
  0.2063888889E+00  0.2877926377E+06
  0.2066666667E+00  0.2854649785E+06
  0.2069444444E+00  0.2831373237E+06
  0.2072222222E+00  0.2808096657E+06
  0.2075000000E+00  0.2784820065E+06
  0.2077777778E+00  0.2761543506E+06
  0.2080555556E+00  0.2738266925E+06
  0.2083333333E+00  0.2714990366E+06
  0.2086111111E+00  0.2691713776E+06
  0.2088888889E+00  0.2668437195E+06
  0.2091666667E+00  0.2645160646E+06
  0.2094444444E+00  0.2621884054E+06
  0.2097222222E+00  0.2598607462E+06
  0.2100000000E+00  0.2575330905E+06
  0.2102777778E+00  0.2555157235E+06
  0.2105555556E+00  0.2534983567E+06
  0.2108333333E+00  0.2514809899E+06
  0.2111111111E+00  0.2494636263E+06
  0.2113888889E+00  0.2474462583E+06
  0.2116666667E+00  0.2454288915E+06
  0.2119444444E+00  0.2434115235E+06
  0.2122222222E+00  0.2413941566E+06
  0.2125000000E+00  0.2393767931E+06
  0.2127777778E+00  0.2373594262E+06
  0.2130555556E+00  0.2353420583E+06
  0.2133333333E+00  0.2333246913E+06
  0.2136111111E+00  0.2313073245E+06
  0.2138888889E+00  0.2292899599E+06
  0.2141666667E+00  0.2272725940E+06
  0.2144444444E+00  0.2252552262E+06
  0.2147222222E+00  0.2232378592E+06
  0.2150000000E+00  0.2212204913E+06
  0.2152777778E+00  0.2195220667E+06
  0.2155555556E+00  0.2178236387E+06
  0.2158333333E+00  0.2161252130E+06
  0.2161111111E+00  0.2144267839E+06
  0.2163888889E+00  0.2127283593E+06
  0.2166666667E+00  0.2110299313E+06
  0.2169444444E+00  0.2093315066E+06
  0.2172222222E+00  0.2076330799E+06
  0.2175000000E+00  0.2059346519E+06
  0.2177777778E+00  0.2042362273E+06
  0.2180555556E+00  0.2025377993E+06
  0.2183333333E+00  0.2008393737E+06
  0.2186111111E+00  0.1991409445E+06
  0.2188888889E+00  0.1974425199E+06
  0.2191666667E+00  0.1957440919E+06
  0.2194444444E+00  0.1940456662E+06
  0.2197222222E+00  0.1923472382E+06
  0.2200000000E+00  0.1906488136E+06
  0.2202777778E+00  0.1892660012E+06
  0.2205555556E+00  0.1878831887E+06
  0.2208333333E+00  0.1865003817E+06
  0.2211111111E+00  0.1851175693E+06
  0.2213888889E+00  0.1837347569E+06
  0.2216666667E+00  0.1823519455E+06
  0.2219444444E+00  0.1809691375E+06
  0.2222222222E+00  0.1795863250E+06
  0.2225000000E+00  0.1782035137E+06
  0.2227777778E+00  0.1768207013E+06
  0.2230555556E+00  0.1754378932E+06
  0.2233333333E+00  0.1740550819E+06
  0.2236111111E+00  0.1726722694E+06
  0.2238888889E+00  0.1712894580E+06
  0.2241666667E+00  0.1699066500E+06
  0.2244444444E+00  0.1685238376E+06
  0.2247222222E+00  0.1671410252E+06
  0.2250000000E+00  0.1657582148E+06
  0.2252777778E+00  0.1646760351E+06
  0.2255555556E+00  0.1635938564E+06
  0.2258333333E+00  0.1625116777E+06
  0.2261111111E+00  0.1614294990E+06
  0.2263888889E+00  0.1603473193E+06
  0.2266666667E+00  0.1592651362E+06
  0.2269444444E+00  0.1581829585E+06
  0.2272222222E+00  0.1571007788E+06
  0.2275000000E+00  0.1560186001E+06
  0.2277777778E+00  0.1549364214E+06
  0.2280555556E+00  0.1538542427E+06
  0.2283333333E+00  0.1527720630E+06
  0.2286111111E+00  0.1516898820E+06
  0.2288888889E+00  0.1506077022E+06
  0.2291666667E+00  0.1495255225E+06
  0.2294444444E+00  0.1484433449E+06
  0.2297222222E+00  0.1473611651E+06
  0.2300000000E+00  0.1462789865E+06
  0.2302777778E+00  0.1454725889E+06
  0.2305555556E+00  0.1446661948E+06
  0.2308333333E+00  0.1438597996E+06
  0.2311111111E+00  0.1430534054E+06
  0.2313888889E+00  0.1422470080E+06
  0.2316666667E+00  0.1414406139E+06
  0.2319444444E+00  0.1406342197E+06
  0.2322222222E+00  0.1398278245E+06
  0.2325000000E+00  0.1390214270E+06
  0.2327777778E+00  0.1382150339E+06
  0.2330555556E+00  0.1374086387E+06
  0.2333333333E+00  0.1366022412E+06
  0.2336111111E+00  0.1357958471E+06
  0.2338888889E+00  0.1349894519E+06
  0.2341666667E+00  0.1341830588E+06
  0.2344444444E+00  0.1333766613E+06
  0.2347222222E+00  0.1325702661E+06
  0.2350000000E+00  0.1317638720E+06
  0.2352777778E+00  0.1312004537E+06
  0.2355555556E+00  0.1306370309E+06
  0.2358333333E+00  0.1300736127E+06
  0.2361111111E+00  0.1295101932E+06
  0.2363888889E+00  0.1289467716E+06
  0.2366666667E+00  0.1283833533E+06
  0.2369444444E+00  0.1278199339E+06
  0.2372222222E+00  0.1272565113E+06
  0.2375000000E+00  0.1266930919E+06
  0.2377777778E+00  0.1261296736E+06
  0.2380555556E+00  0.1255662553E+06
  0.2383333333E+00  0.1250028326E+06
  0.2386111111E+00  0.1244394143E+06
  0.2388888889E+00  0.1238759949E+06
  0.2391666667E+00  0.1233125733E+06
  0.2394444444E+00  0.1227491550E+06
  0.2397222222E+00  0.1221857356E+06
  0.2400000000E+00  0.1216223173E+06
  0.2402777778E+00  0.1212636667E+06
  0.2405555556E+00  0.1209050140E+06
  0.2408333333E+00  0.1205463667E+06
  0.2411111111E+00  0.1201877160E+06
  0.2413888889E+00  0.1198290670E+06
  0.2416666667E+00  0.1194704167E+06
  0.2419444444E+00  0.1191117674E+06
  0.2422222222E+00  0.1187531182E+06
  0.2425000000E+00  0.1183944677E+06
  0.2427777778E+00  0.1180358184E+06
  0.2430555556E+00  0.1176771681E+06
  0.2433333333E+00  0.1173185189E+06
  0.2436111111E+00  0.1169598696E+06
  0.2438888889E+00  0.1166012203E+06
  0.2441666667E+00  0.1162425689E+06
  0.2444444444E+00  0.1158839196E+06
  0.2447222222E+00  0.1155252703E+06
  0.2450000000E+00  0.1151666210E+06
  0.2452777778E+00  0.1149717226E+06
  0.2455555556E+00  0.1147768266E+06
  0.2458333333E+00  0.1145819303E+06
  0.2461111111E+00  0.1143870319E+06
  0.2463888889E+00  0.1141921356E+06
  0.2466666667E+00  0.1139972372E+06
  0.2469444444E+00  0.1138023413E+06
  0.2472222222E+00  0.1136074439E+06
  0.2475000000E+00  0.1134125466E+06
  0.2477777778E+00  0.1132176493E+06
  0.2480555556E+00  0.1130227515E+06
  0.2483333333E+00  0.1128278550E+06
  0.2486111111E+00  0.1126329581E+06
  0.2488888889E+00  0.1124380603E+06
  0.2491666667E+00  0.1122431634E+06
  0.2494444444E+00  0.1120482656E+06
  0.2497222222E+00  0.1118533689E+06
  0.2500000000E+00  0.1116584724E+06
  0.2502777778E+00  0.1115859277E+06
  0.2505555556E+00  0.1115133834E+06
  0.2508333333E+00  0.1114408401E+06
  0.2511111111E+00  0.1113682958E+06
  0.2513888889E+00  0.1112957525E+06
  0.2516666667E+00  0.1112232082E+06
  0.2519444444E+00  0.1111506636E+06
  0.2522222222E+00  0.1110781202E+06
  0.2525000000E+00  0.1110055759E+06
  0.2527777778E+00  0.1109330317E+06
  0.2530555556E+00  0.1108604884E+06
  0.2533333333E+00  0.1107879441E+06
  0.2536111111E+00  0.1107154005E+06
  0.2538888889E+00  0.1106428561E+06
  0.2541666667E+00  0.1105703118E+06
  0.2544444444E+00  0.1104977685E+06
  0.2547222222E+00  0.1104252243E+06
  0.2550000000E+00  0.1103526796E+06
  0.2552777778E+00  0.1103630116E+06
  0.2555555556E+00  0.1103733437E+06
  0.2558333333E+00  0.1103836757E+06
  0.2561111111E+00  0.1103940077E+06
  0.2563888889E+00  0.1104043395E+06
  0.2566666667E+00  0.1104146715E+06
  0.2569444444E+00  0.1104250035E+06
  0.2572222222E+00  0.1104353356E+06
  0.2575000000E+00  0.1104456675E+06
  0.2577777778E+00  0.1104559993E+06
  0.2580555556E+00  0.1104663313E+06
  0.2583333333E+00  0.1104766633E+06
  0.2586111111E+00  0.1104869944E+06
  0.2588888889E+00  0.1104973265E+06
  0.2591666667E+00  0.1105076581E+06
  0.2594444444E+00  0.1105179902E+06
  0.2597222222E+00  0.1105283222E+06
  0.2600000000E+00  0.1105386542E+06
  0.2602777778E+00  0.1105959932E+06
  0.2605555556E+00  0.1106533316E+06
  0.2608333333E+00  0.1107106706E+06
  0.2611111111E+00  0.1107680087E+06
  0.2613888889E+00  0.1108253480E+06
  0.2616666667E+00  0.1108826871E+06
  0.2619444444E+00  0.1109400251E+06
  0.2622222222E+00  0.1109973645E+06
  0.2625000000E+00  0.1110547025E+06
  0.2627777778E+00  0.1111120415E+06
  0.2630555556E+00  0.1111693799E+06
  0.2633333333E+00  0.1112267189E+06
  0.2636111111E+00  0.1112840580E+06
  0.2638888889E+00  0.1113413962E+06
  0.2641666667E+00  0.1113987352E+06
  0.2644444444E+00  0.1114560733E+06
  0.2647222222E+00  0.1115134126E+06
  0.2650000000E+00  0.1115707507E+06
  0.2652777778E+00  0.1116443053E+06
  0.2655555556E+00  0.1117178585E+06
  0.2658333333E+00  0.1117914121E+06
  0.2661111111E+00  0.1118649664E+06
  0.2663888889E+00  0.1119385199E+06
  0.2666666667E+00  0.1120120732E+06
  0.2669444444E+00  0.1120856278E+06
  0.2672222222E+00  0.1121591810E+06
  0.2675000000E+00  0.1122327346E+06
  0.2677777778E+00  0.1123062879E+06
  0.2680555556E+00  0.1123798424E+06
  0.2683333333E+00  0.1124533957E+06
  0.2686111111E+00  0.1125269493E+06
  0.2688888889E+00  0.1126005035E+06
  0.2691666667E+00  0.1126740571E+06
  0.2694444444E+00  0.1127476104E+06
  0.2697222222E+00  0.1128211649E+06
  0.2700000000E+00  0.1128947181E+06
  0.2702777778E+00  0.1129596447E+06
  0.2705555556E+00  0.1130245710E+06
  0.2708333333E+00  0.1130894978E+06
  0.2711111111E+00  0.1131544243E+06
  0.2713888889E+00  0.1132193507E+06
  0.2716666667E+00  0.1132842771E+06
  0.2719444444E+00  0.1133492029E+06
  0.2722222222E+00  0.1134141293E+06
  0.2725000000E+00  0.1134790557E+06
  0.2727777778E+00  0.1135439821E+06
  0.2730555556E+00  0.1136089086E+06
  0.2733333333E+00  0.1136738353E+06
  0.2736111111E+00  0.1137387617E+06
  0.2738888889E+00  0.1138036882E+06
  0.2741666667E+00  0.1138686146E+06
  0.2744444444E+00  0.1139335413E+06
  0.2747222222E+00  0.1139984678E+06
  0.2750000000E+00  0.1140633942E+06
  0.2752777778E+00  0.1141011597E+06
  0.2755555556E+00  0.1141389262E+06
  0.2758333333E+00  0.1141766920E+06
  0.2761111111E+00  0.1142144575E+06
  0.2763888889E+00  0.1142522240E+06
  0.2766666667E+00  0.1142899895E+06
  0.2769444444E+00  0.1143277550E+06
  0.2772222222E+00  0.1143655208E+06
  0.2775000000E+00  0.1144032873E+06
  0.2777777778E+00  0.1144410528E+06
  0.2780555556E+00  0.1144788183E+06
  0.2783333333E+00  0.1145165848E+06
  0.2786111111E+00  0.1145543503E+06
  0.2788888889E+00  0.1145921161E+06
  0.2791666667E+00  0.1146298826E+06
  0.2794444444E+00  0.1146676481E+06
  0.2797222222E+00  0.1147054136E+06
  0.2800000000E+00  0.1147431801E+06
  0.2802777778E+00  0.1147415768E+06
  0.2805555556E+00  0.1147399745E+06
  0.2808333333E+00  0.1147383717E+06
  0.2811111111E+00  0.1147367694E+06
  0.2813888889E+00  0.1147351662E+06
  0.2816666667E+00  0.1147335634E+06
  0.2819444444E+00  0.1147319611E+06
  0.2822222222E+00  0.1147303587E+06
  0.2825000000E+00  0.1147287554E+06
  0.2827777778E+00  0.1147271528E+06
  0.2830555556E+00  0.1147255504E+06
  0.2833333333E+00  0.1147239481E+06
  0.2836111111E+00  0.1147223444E+06
  0.2838888889E+00  0.1147207421E+06
  0.2841666667E+00  0.1147191398E+06
  0.2844444444E+00  0.1147175360E+06
  0.2847222222E+00  0.1147159337E+06
  0.2850000000E+00  0.1147143314E+06
  0.2852777778E+00  0.1146671511E+06
  0.2855555556E+00  0.1146199710E+06
  0.2858333333E+00  0.1145727910E+06
  0.2861111111E+00  0.1145256110E+06
  0.2863888889E+00  0.1144784308E+06
  0.2866666667E+00  0.1144312507E+06
  0.2869444444E+00  0.1143840707E+06
  0.2872222222E+00  0.1143368907E+06
  0.2875000000E+00  0.1142897103E+06
  0.2877777778E+00  0.1142425303E+06
  0.2880555556E+00  0.1141953504E+06
  0.2883333333E+00  0.1141481704E+06
  0.2886111111E+00  0.1141009900E+06
  0.2888888889E+00  0.1140538100E+06
  0.2891666667E+00  0.1140066300E+06
  0.2894444444E+00  0.1139594500E+06
  0.2897222222E+00  0.1139122697E+06
  0.2900000000E+00  0.1138650897E+06
  0.2902777778E+00  0.1137713107E+06
  0.2905555556E+00  0.1136775320E+06
  0.2908333333E+00  0.1135837539E+06
  0.2911111111E+00  0.1134899749E+06
  0.2913888889E+00  0.1133961958E+06
  0.2916666667E+00  0.1133024181E+06
  0.2919444444E+00  0.1132086391E+06
  0.2922222222E+00  0.1131148601E+06
  0.2925000000E+00  0.1130210820E+06
  0.2927777778E+00  0.1129273034E+06
  0.2930555556E+00  0.1128335244E+06
  0.2933333333E+00  0.1127397454E+06
  0.2936111111E+00  0.1126459673E+06
  0.2938888889E+00  0.1125521886E+06
  0.2941666667E+00  0.1124584096E+06
  0.2944444444E+00  0.1123646315E+06
  0.2947222222E+00  0.1122708525E+06
  0.2950000000E+00  0.1121770738E+06
  0.2952777778E+00  0.1120402153E+06
  0.2955555556E+00  0.1119033561E+06
  0.2958333333E+00  0.1117664966E+06
  0.2961111111E+00  0.1116296381E+06
  0.2963888889E+00  0.1114927788E+06
  0.2966666667E+00  0.1113559194E+06
  0.2969444444E+00  0.1112190608E+06
  0.2972222222E+00  0.1110822017E+06
  0.2975000000E+00  0.1109453421E+06
  0.2977777778E+00  0.1108084839E+06
  0.2980555556E+00  0.1106716244E+06
  0.2983333333E+00  0.1105347659E+06
  0.2986111111E+00  0.1103979067E+06
  0.2988888889E+00  0.1102610471E+06
  0.2991666667E+00  0.1101241890E+06
  0.2994444444E+00  0.1099873294E+06
  0.2997222222E+00  0.1098504699E+06
  0.3000000000E+00  0.1097136117E+06
  0.3002777778E+00  0.1095405044E+06
  0.3005555556E+00  0.1093673965E+06
  0.3008333333E+00  0.1091942896E+06
  0.3011111111E+00  0.1090211825E+06
  0.3013888889E+00  0.1088480756E+06
  0.3016666667E+00  0.1086749686E+06
  0.3019444444E+00  0.1085018614E+06
  0.3022222222E+00  0.1083287545E+06
  0.3025000000E+00  0.1081556475E+06
  0.3027777778E+00  0.1079825403E+06
  0.3030555556E+00  0.1078094334E+06
  0.3033333333E+00  0.1076363264E+06
  0.3036111111E+00  0.1074632192E+06
  0.3038888889E+00  0.1072901113E+06
  0.3041666667E+00  0.1071170040E+06
  0.3044444444E+00  0.1069438972E+06
  0.3047222222E+00  0.1067707903E+06
  0.3050000000E+00  0.1065976830E+06
  0.3052777778E+00  0.1063975536E+06
  0.3055555556E+00  0.1061974232E+06
  0.3058333333E+00  0.1059972938E+06
  0.3061111111E+00  0.1057971634E+06
  0.3063888889E+00  0.1055970340E+06
  0.3066666667E+00  0.1053969046E+06
  0.3069444444E+00  0.1051967742E+06
  0.3072222222E+00  0.1049966445E+06
  0.3075000000E+00  0.1047965141E+06
  0.3077777778E+00  0.1045963847E+06
  0.3080555556E+00  0.1043962553E+06
  0.3083333333E+00  0.1041961249E+06
  0.3086111111E+00  0.1039959955E+06
  0.3088888889E+00  0.1037958651E+06
  0.3091666667E+00  0.1035957357E+06
  0.3094444444E+00  0.1033956052E+06
  0.3097222222E+00  0.1031954754E+06
  0.3100000000E+00  0.1029953460E+06
  0.3102777778E+00  0.1027787760E+06
  0.3105555556E+00  0.1025622059E+06
  0.3108333333E+00  0.1023456358E+06
  0.3111111111E+00  0.1021290654E+06
  0.3113888889E+00  0.1019124954E+06
  0.3116666667E+00  0.1016959252E+06
  0.3119444444E+00  0.1014793548E+06
  0.3122222222E+00  0.1012627847E+06
  0.3125000000E+00  0.1010462147E+06
  0.3127777778E+00  0.1008296446E+06
  0.3130555556E+00  0.1006130742E+06
  0.3133333333E+00  0.1003965040E+06
  0.3136111111E+00  0.1001799340E+06
  0.3138888889E+00  0.9996336392E+05
  0.3141666667E+00  0.9974679353E+05
  0.3144444444E+00  0.9953022347E+05
  0.3147222222E+00  0.9931365329E+05
  0.3150000000E+00  0.9909708289E+05
  0.3152777778E+00  0.9887511133E+05
  0.3155555556E+00  0.9865314077E+05
  0.3158333333E+00  0.9843117021E+05
  0.3161111111E+00  0.9820919932E+05
  0.3163888889E+00  0.9798722876E+05
  0.3166666667E+00  0.9776525819E+05
  0.3169444444E+00  0.9754328763E+05
  0.3172222222E+00  0.9732131673E+05
  0.3175000000E+00  0.9709934618E+05
  0.3177777778E+00  0.9687737561E+05
  0.3180555556E+00  0.9665540504E+05
  0.3183333333E+00  0.9643343415E+05
  0.3186111111E+00  0.9621146359E+05
  0.3188888889E+00  0.9598949303E+05
  0.3191666667E+00  0.9576752147E+05
  0.3194444444E+00  0.9554555057E+05
  0.3197222222E+00  0.9532358000E+05
  0.3200000000E+00  0.9510160944E+05
  0.3202777778E+00  0.9488476150E+05
  0.3205555556E+00  0.9466791221E+05
  0.3208333333E+00  0.9445106327E+05
  0.3211111111E+00  0.9423421531E+05
  0.3213888889E+00  0.9401736637E+05
  0.3216666667E+00  0.9380051841E+05
  0.3219444444E+00  0.9358366914E+05
  0.3222222222E+00  0.9336682118E+05
  0.3225000000E+00  0.9314997224E+05
  0.3227777778E+00  0.9293312328E+05
  0.3230555556E+00  0.9271627501E+05
  0.3233333333E+00  0.9249942605E+05
  0.3236111111E+00  0.9228257811E+05
  0.3238888889E+00  0.9206572915E+05
  0.3241666667E+00  0.9184888121E+05
  0.3244444444E+00  0.9163203192E+05
  0.3247222222E+00  0.9141518298E+05
  0.3250000000E+00  0.9119833502E+05
  0.3252777778E+00  0.9099616895E+05
  0.3255555556E+00  0.9079400219E+05
  0.3258333333E+00  0.9059183612E+05
  0.3261111111E+00  0.9038967038E+05
  0.3263888889E+00  0.9018750340E+05
  0.3266666667E+00  0.8998533766E+05
  0.3269444444E+00  0.8978317157E+05
  0.3272222222E+00  0.8958100583E+05
  0.3275000000E+00  0.8937883874E+05
  0.3277777778E+00  0.8917667300E+05
  0.3280555556E+00  0.8897450691E+05
  0.3283333333E+00  0.8877234029E+05
  0.3286111111E+00  0.8857017420E+05
  0.3288888889E+00  0.8836800846E+05
  0.3291666667E+00  0.8816584237E+05
  0.3294444444E+00  0.8796367563E+05
  0.3297222222E+00  0.8776150954E+05
  0.3300000000E+00  0.8755934380E+05
  0.3302777778E+00  0.8737967828E+05
  0.3305555556E+00  0.8720001377E+05
  0.3308333333E+00  0.8702034793E+05
  0.3311111111E+00  0.8684068342E+05
  0.3313888889E+00  0.8666101890E+05
  0.3316666667E+00  0.8648135339E+05
  0.3319444444E+00  0.8630168888E+05
  0.3322222222E+00  0.8612202336E+05
  0.3325000000E+00  0.8594235852E+05
  0.3327777778E+00  0.8576269290E+05
  0.3330555556E+00  0.8558302838E+05
  0.3333333333E+00  0.8540336387E+05
  0.3336111111E+00  0.8522369835E+05
  0.3338888889E+00  0.8504403351E+05
  0.3341666667E+00  0.8486436800E+05
  0.3344444444E+00  0.8468470348E+05
  0.3347222222E+00  0.8450503797E+05
  0.3350000000E+00  0.8432537346E+05
  0.3352777778E+00  0.8417414516E+05
  0.3355555556E+00  0.8402291585E+05
  0.3358333333E+00  0.8387168755E+05
  0.3361111111E+00  0.8372045913E+05
  0.3363888889E+00  0.8356923083E+05
  0.3366666667E+00  0.8341800252E+05
  0.3369444444E+00  0.8326677321E+05
  0.3372222222E+00  0.8311554492E+05
  0.3375000000E+00  0.8296431661E+05
  0.3377777778E+00  0.8281308831E+05
  0.3380555556E+00  0.8266186033E+05
  0.3383333333E+00  0.8251063103E+05
  0.3386111111E+00  0.8235940272E+05
  0.3388888889E+00  0.8220817442E+05
  0.3391666667E+00  0.8205694611E+05
  0.3394444444E+00  0.8190571681E+05
  0.3397222222E+00  0.8175448850E+05
  0.3400000000E+00  0.8160326020E+05
  0.3402777778E+00  0.8148424244E+05
  0.3405555556E+00  0.8136522379E+05
  0.3408333333E+00  0.8124620580E+05
  0.3411111111E+00  0.8112718815E+05
  0.3413888889E+00  0.8100817039E+05
  0.3416666667E+00  0.8088915173E+05
  0.3419444444E+00  0.8077013375E+05
  0.3422222222E+00  0.8065111610E+05
  0.3425000000E+00  0.8053209845E+05
  0.3427777778E+00  0.8041307969E+05
  0.3430555556E+00  0.8029406170E+05
  0.3433333333E+00  0.8017504405E+05
  0.3436111111E+00  0.8005602540E+05
  0.3438888889E+00  0.7993700775E+05
  0.3441666667E+00  0.7981798999E+05
  0.3444444444E+00  0.7969897200E+05
  0.3447222222E+00  0.7957995335E+05
  0.3450000000E+00  0.7946093570E+05
  0.3452777778E+00  0.7937571811E+05
  0.3455555556E+00  0.7929050052E+05
  0.3458333333E+00  0.7920528326E+05
  0.3461111111E+00  0.7912006667E+05
  0.3463888889E+00  0.7903484908E+05
  0.3466666667E+00  0.7894963183E+05
  0.3469444444E+00  0.7886441423E+05
  0.3472222222E+00  0.7877919664E+05
  0.3475000000E+00  0.7869397939E+05
  0.3477777778E+00  0.7860876180E+05
  0.3480555556E+00  0.7852354521E+05
  0.3483333333E+00  0.7843832795E+05
  0.3486111111E+00  0.7835311036E+05
  0.3488888889E+00  0.7826789277E+05
  0.3491666667E+00  0.7818267551E+05
  0.3494444444E+00  0.7809745792E+05
  0.3497222222E+00  0.7801224033E+05
  0.3500000000E+00  0.7792702407E+05
  0.3502777778E+00  0.7787512034E+05
  0.3505555556E+00  0.7782321771E+05
  0.3508333333E+00  0.7777131432E+05
  0.3511111111E+00  0.7771941158E+05
  0.3513888889E+00  0.7766750817E+05
  0.3516666667E+00  0.7761560544E+05
  0.3519444444E+00  0.7756370203E+05
  0.3522222222E+00  0.7751179942E+05
  0.3525000000E+00  0.7745989601E+05
  0.3527777778E+00  0.7740799327E+05
  0.3530555556E+00  0.7735608987E+05
  0.3533333333E+00  0.7730418714E+05
  0.3536111111E+00  0.7725228374E+05
  0.3538888889E+00  0.7720038100E+05
  0.3541666667E+00  0.7714847771E+05
  0.3544444444E+00  0.7709657498E+05
  0.3547222222E+00  0.7704467158E+05
  0.3550000000E+00  0.7699276884E+05
  0.3552777778E+00  0.7697184635E+05
  0.3555555556E+00  0.7695092509E+05
  0.3558333333E+00  0.7693000259E+05
  0.3561111111E+00  0.7690908132E+05
  0.3563888889E+00  0.7688815883E+05
  0.3566666667E+00  0.7686723757E+05
  0.3569444444E+00  0.7684631507E+05
  0.3572222222E+00  0.7682539347E+05
  0.3575000000E+00  0.7680447132E+05
  0.3577777778E+00  0.7678354983E+05
  0.3580555556E+00  0.7676262756E+05
  0.3583333333E+00  0.7674170606E+05
  0.3586111111E+00  0.7672078380E+05
  0.3588888889E+00  0.7669986231E+05
  0.3591666667E+00  0.7667894004E+05
  0.3594444444E+00  0.7665801856E+05
  0.3597222222E+00  0.7663709595E+05
  0.3600000000E+00  0.7661617479E+05
  0.3602777778E+00  0.7662233109E+05
  0.3605555556E+00  0.7662848707E+05
  0.3608333333E+00  0.7663464337E+05
  0.3611111111E+00  0.7664080078E+05
  0.3613888889E+00  0.7664695709E+05
  0.3616666667E+00  0.7665311305E+05
  0.3619444444E+00  0.7665926935E+05
  0.3622222222E+00  0.7666542666E+05
  0.3625000000E+00  0.7667158296E+05
  0.3627777778E+00  0.7667773937E+05
  0.3630555556E+00  0.7668389534E+05
  0.3633333333E+00  0.7669005264E+05
  0.3636111111E+00  0.7669620894E+05
  0.3638888889E+00  0.7670236525E+05
  0.3641666667E+00  0.7670852221E+05
  0.3644444444E+00  0.7671467862E+05
  0.3647222222E+00  0.7672083493E+05
  0.3650000000E+00  0.7672699123E+05
  0.3652777778E+00  0.7675515308E+05
  0.3655555556E+00  0.7678331381E+05
  0.3658333333E+00  0.7681147499E+05
  0.3661111111E+00  0.7683963573E+05
  0.3663888889E+00  0.7686779658E+05
  0.3666666667E+00  0.7689595765E+05
  0.3669444444E+00  0.7692411949E+05
  0.3672222222E+00  0.7695228023E+05
  0.3675000000E+00  0.7698044140E+05
  0.3677777778E+00  0.7700860214E+05
  0.3680555556E+00  0.7703676298E+05
  0.3683333333E+00  0.7706492405E+05
  0.3686111111E+00  0.7709308491E+05
  0.3688888889E+00  0.7712124664E+05
  0.3691666667E+00  0.7714940748E+05
  0.3694444444E+00  0.7717756855E+05
  0.3697222222E+00  0.7720572939E+05
  0.3700000000E+00  0.7723389013E+05
  0.3702777778E+00  0.7727817338E+05
  0.3705555556E+00  0.7732245528E+05
  0.3708333333E+00  0.7736673730E+05
  0.3711111111E+00  0.7741102054E+05
  0.3713888889E+00  0.7745530246E+05
  0.3716666667E+00  0.7749958536E+05
  0.3719444444E+00  0.7754386772E+05
  0.3722222222E+00  0.7758814963E+05
  0.3725000000E+00  0.7763243254E+05
  0.3727777778E+00  0.7767671479E+05
  0.3730555556E+00  0.7772099769E+05
  0.3733333333E+00  0.7776527971E+05
  0.3736111111E+00  0.7780956195E+05
  0.3738888889E+00  0.7785384487E+05
  0.3741666667E+00  0.7789812677E+05
  0.3744444444E+00  0.7794241013E+05
  0.3747222222E+00  0.7798669203E+05
  0.3750000000E+00  0.7803097395E+05
  0.3752777778E+00  0.7808517330E+05
  0.3755555556E+00  0.7813937233E+05
  0.3758333333E+00  0.7819357136E+05
  0.3761111111E+00  0.7824777038E+05
  0.3763888889E+00  0.7830196841E+05
  0.3766666667E+00  0.7835616743E+05
  0.3769444444E+00  0.7841036690E+05
  0.3772222222E+00  0.7846456592E+05
  0.3775000000E+00  0.7851876395E+05
  0.3777777778E+00  0.7857296297E+05
  0.3780555556E+00  0.7862716199E+05
  0.3783333333E+00  0.7868136135E+05
  0.3786111111E+00  0.7873556037E+05
  0.3788888889E+00  0.7878975841E+05
  0.3791666667E+00  0.7884395743E+05
  0.3794444444E+00  0.7889815645E+05
  0.3797222222E+00  0.7895235581E+05
  0.3800000000E+00  0.7900655383E+05
  0.3802777778E+00  0.7906442516E+05
  0.3805555556E+00  0.7912229639E+05
  0.3808333333E+00  0.7918016771E+05
  0.3811111111E+00  0.7923803893E+05
  0.3813888889E+00  0.7929591027E+05
  0.3816666667E+00  0.7935378181E+05
  0.3819444444E+00  0.7941165314E+05
  0.3822222222E+00  0.7946952437E+05
  0.3825000000E+00  0.7952739569E+05
  0.3827777778E+00  0.7958526691E+05
  0.3830555556E+00  0.7964313825E+05
  0.3833333333E+00  0.7970100946E+05
  0.3836111111E+00  0.7975888068E+05
  0.3838888889E+00  0.7981675202E+05
  0.3841666667E+00  0.7987462356E+05
  0.3844444444E+00  0.7993249490E+05
  0.3847222222E+00  0.7999036612E+05
  0.3850000000E+00  0.8004823744E+05
  0.3852777778E+00  0.8010404832E+05
  0.3855555556E+00  0.8015985774E+05
  0.3858333333E+00  0.8021566861E+05
  0.3861111111E+00  0.8027147915E+05
  0.3863888889E+00  0.8032728890E+05
  0.3866666667E+00  0.8038309977E+05
  0.3869444444E+00  0.8043891031E+05
  0.3872222222E+00  0.8049472018E+05
  0.3875000000E+00  0.8055053060E+05
  0.3877777778E+00  0.8060634048E+05
  0.3880555556E+00  0.8066215134E+05
  0.3883333333E+00  0.8071796177E+05
  0.3886111111E+00  0.8077377164E+05
  0.3888888889E+00  0.8082958250E+05
  0.3891666667E+00  0.8088539305E+05
  0.3894444444E+00  0.8094120280E+05
  0.3897222222E+00  0.8099701334E+05
  0.3900000000E+00  0.8105282321E+05
  0.3902777778E+00  0.8110144422E+05
  0.3905555556E+00  0.8115006490E+05
  0.3908333333E+00  0.8119868602E+05
  0.3911111111E+00  0.8124730703E+05
  0.3913888889E+00  0.8129592783E+05
  0.3916666667E+00  0.8134454884E+05
  0.3919444444E+00  0.8139316951E+05
  0.3922222222E+00  0.8144179063E+05
  0.3925000000E+00  0.8149041165E+05
  0.3927777778E+00  0.8153903243E+05
  0.3930555556E+00  0.8158765345E+05
  0.3933333333E+00  0.8163627413E+05
  0.3936111111E+00  0.8168489525E+05
  0.3938888889E+00  0.8173351626E+05
  0.3941666667E+00  0.8178213705E+05
  0.3944444444E+00  0.8183075807E+05
  0.3947222222E+00  0.8187937908E+05
  0.3950000000E+00  0.8192799987E+05
  0.3952777778E+00  0.8196536495E+05
  0.3955555556E+00  0.8200273037E+05
  0.3958333333E+00  0.8204009557E+05
  0.3961111111E+00  0.8207746164E+05
  0.3963888889E+00  0.8211482673E+05
  0.3966666667E+00  0.8215219227E+05
  0.3969444444E+00  0.8218955834E+05
  0.3972222222E+00  0.8222692343E+05
  0.3975000000E+00  0.8226428851E+05
  0.3977777778E+00  0.8230165504E+05
  0.3980555556E+00  0.8233902013E+05
  0.3983333333E+00  0.8237638521E+05
  0.3986111111E+00  0.8241375041E+05
  0.3988888889E+00  0.8245111650E+05
  0.3991666667E+00  0.8248848191E+05
  0.3994444444E+00  0.8252584700E+05
  0.3997222222E+00  0.8256321319E+05
  0.4000000000E+00  0.8260057827E+05
  0.4002777778E+00  0.8262371605E+05
  0.4005555556E+00  0.8264685472E+05
  0.4008333333E+00  0.8266999251E+05
  0.4011111111E+00  0.8269313096E+05
  0.4013888889E+00  0.8271626862E+05
  0.4016666667E+00  0.8273940741E+05
  0.4019444444E+00  0.8276254486E+05
  0.4022222222E+00  0.8278568353E+05
  0.4025000000E+00  0.8280882131E+05
  0.4027777778E+00  0.8283195975E+05
  0.4030555556E+00  0.8285509741E+05
  0.4033333333E+00  0.8287823620E+05
  0.4036111111E+00  0.8290137398E+05
  0.4038888889E+00  0.8292451232E+05
  0.4041666667E+00  0.8294765010E+05
  0.4044444444E+00  0.8297078888E+05
  0.4047222222E+00  0.8299392622E+05
  0.4050000000E+00  0.8301706400E+05
  0.4052777778E+00  0.8302427230E+05
  0.4055555556E+00  0.8303148003E+05
  0.4058333333E+00  0.8303868733E+05
  0.4061111111E+00  0.8304589464E+05
  0.4063888889E+00  0.8305310192E+05
  0.4066666667E+00  0.8306031067E+05
  0.4069444444E+00  0.8306751797E+05
  0.4072222222E+00  0.8307472528E+05
  0.4075000000E+00  0.8308193268E+05
  0.4077777778E+00  0.8308914031E+05
  0.4080555556E+00  0.8309634761E+05
  0.4083333333E+00  0.8310355601E+05
  0.4086111111E+00  0.8311076365E+05
  0.4088888889E+00  0.8311797095E+05
  0.4091666667E+00  0.8312517824E+05
  0.4094444444E+00  0.8313238565E+05
  0.4097222222E+00  0.8313959329E+05
  0.4100000000E+00  0.8314680158E+05
  0.4102777778E+00  0.8313762167E+05
  0.4105555556E+00  0.8312844199E+05
  0.4108333333E+00  0.8311926196E+05
  0.4111111111E+00  0.8311008204E+05
  0.4113888889E+00  0.8310090236E+05
  0.4116666667E+00  0.8309172245E+05
  0.4119444444E+00  0.8308254377E+05
  0.4122222222E+00  0.8307336373E+05
  0.4125000000E+00  0.8306418382E+05
  0.4127777778E+00  0.8305500414E+05
  0.4130555556E+00  0.8304582423E+05
  0.4133333333E+00  0.8303664420E+05
  0.4136111111E+00  0.8302746451E+05
  0.4138888889E+00  0.8301828560E+05
  0.4141666667E+00  0.8300910591E+05
  0.4144444444E+00  0.8299992589E+05
  0.4147222222E+00  0.8299074598E+05
  0.4150000000E+00  0.8298156629E+05
  0.4152777778E+00  0.8295671014E+05
  0.4155555556E+00  0.8293185299E+05
  0.4158333333E+00  0.8290699718E+05
  0.4161111111E+00  0.8288214114E+05
  0.4163888889E+00  0.8285728399E+05
  0.4166666667E+00  0.8283242818E+05
  0.4169444444E+00  0.8280757202E+05
  0.4172222222E+00  0.8278271488E+05
  0.4175000000E+00  0.8275785907E+05
  0.4177777778E+00  0.8273300191E+05
  0.4180555556E+00  0.8270814577E+05
  0.4183333333E+00  0.8268328995E+05
  0.4186111111E+00  0.8265843280E+05
  0.4188888889E+00  0.8263357665E+05
  0.4191666667E+00  0.8260872084E+05
  0.4194444444E+00  0.8258386381E+05
  0.4197222222E+00  0.8255900765E+05
  0.4200000000E+00  0.8253415184E+05
  0.4202777778E+00  0.8249538991E+05
  0.4205555556E+00  0.8245662832E+05
  0.4208333333E+00  0.8241786641E+05
  0.4211111111E+00  0.8237910471E+05
  0.4213888889E+00  0.8234034278E+05
  0.4216666667E+00  0.8230158120E+05
  0.4219444444E+00  0.8226282027E+05
  0.4222222222E+00  0.8222405868E+05
  0.4225000000E+00  0.8218529709E+05
  0.4227777778E+00  0.8214653518E+05
  0.4230555556E+00  0.8210777359E+05
  0.4233333333E+00  0.8206901166E+05
  0.4236111111E+00  0.8203025107E+05
  0.4238888889E+00  0.8199148915E+05
  0.4241666667E+00  0.8195272756E+05
  0.4244444444E+00  0.8191396564E+05
  0.4247222222E+00  0.8187520406E+05
  0.4250000000E+00  0.8183644213E+05
  0.4252777778E+00  0.8178639220E+05
  0.4255555556E+00  0.8173634094E+05
  0.4258333333E+00  0.8168629069E+05
  0.4261111111E+00  0.8163623975E+05
  0.4263888889E+00  0.8158618850E+05
  0.4266666667E+00  0.8153613823E+05
  0.4269444444E+00  0.8148608731E+05
  0.4272222222E+00  0.8143603705E+05
  0.4275000000E+00  0.8138598579E+05
  0.4277777778E+00  0.8133593486E+05
  0.4280555556E+00  0.8128588460E+05
  0.4283333333E+00  0.8123583335E+05
  0.4286111111E+00  0.8118578342E+05
  0.4288888889E+00  0.8113573216E+05
  0.4291666667E+00  0.8108568089E+05
  0.4294444444E+00  0.8103563097E+05
  0.4297222222E+00  0.8098557971E+05
  0.4300000000E+00  0.8093552979E+05
  0.4302777778E+00  0.8087741742E+05
  0.4305555556E+00  0.8081930617E+05
  0.4308333333E+00  0.8076119392E+05
  0.4311111111E+00  0.8070308256E+05
  0.4313888889E+00  0.8064497164E+05
  0.4316666667E+00  0.8058685927E+05
  0.4319444444E+00  0.8052874802E+05
  0.4322222222E+00  0.8047063666E+05
  0.4325000000E+00  0.8041252474E+05
  0.4327777778E+00  0.8035441338E+05
  0.4330555556E+00  0.8029630112E+05
  0.4333333333E+00  0.8023818987E+05
  0.4336111111E+00  0.8018007884E+05
  0.4338888889E+00  0.8012196659E+05
  0.4341666667E+00  0.8006385523E+05
  0.4344444444E+00  0.8000574298E+05
  0.4347222222E+00  0.7994763161E+05
  0.4350000000E+00  0.7988952070E+05
  0.4352777778E+00  0.7982692168E+05
  0.4355555556E+00  0.7976432299E+05
  0.4358333333E+00  0.7970172429E+05
  0.4361111111E+00  0.7963912527E+05
  0.4363888889E+00  0.7957652647E+05
  0.4366666667E+00  0.7951392777E+05
  0.4369444444E+00  0.7945132875E+05
  0.4372222222E+00  0.7938873006E+05
  0.4375000000E+00  0.7932613137E+05
  0.4377777778E+00  0.7926353234E+05
  0.4380555556E+00  0.7920093365E+05
  0.4383333333E+00  0.7913833496E+05
  0.4386111111E+00  0.7907573627E+05
  0.4388888889E+00  0.7901313713E+05
  0.4391666667E+00  0.7895053844E+05
  0.4394444444E+00  0.7888793976E+05
  0.4397222222E+00  0.7882534073E+05
  0.4400000000E+00  0.7876274203E+05
  0.4402777778E+00  0.7869932501E+05
  0.4405555556E+00  0.7863590666E+05
  0.4408333333E+00  0.7857248894E+05
  0.4411111111E+00  0.7850907100E+05
  0.4413888889E+00  0.7844565326E+05
  0.4416666667E+00  0.7838223554E+05
  0.4419444444E+00  0.7831881759E+05
  0.4422222222E+00  0.7825540020E+05
  0.4425000000E+00  0.7819198237E+05
  0.4427777778E+00  0.7812856453E+05
  0.4430555556E+00  0.7806514680E+05
  0.4433333333E+00  0.7800172885E+05
  0.4436111111E+00  0.7793831113E+05
  0.4438888889E+00  0.7787489330E+05
  0.4441666667E+00  0.7781147546E+05
  0.4444444444E+00  0.7774805773E+05
  0.4447222222E+00  0.7768463990E+05
  0.4450000000E+00  0.7762122206E+05
  0.4452777778E+00  0.7756042982E+05
  0.4455555556E+00  0.7749963736E+05
  0.4458333333E+00  0.7743884479E+05
  0.4461111111E+00  0.7737805256E+05
  0.4463888889E+00  0.7731726008E+05
  0.4466666667E+00  0.7725646796E+05
  0.4469444444E+00  0.7719567539E+05
  0.4472222222E+00  0.7713488282E+05
  0.4475000000E+00  0.7707409059E+05
  0.4477777778E+00  0.7701329813E+05
  0.4480555556E+00  0.7695250588E+05
  0.4483333333E+00  0.7689171342E+05
  0.4486111111E+00  0.7683092084E+05
  0.4488888889E+00  0.7677012873E+05
  0.4491666667E+00  0.7670933615E+05
  0.4494444444E+00  0.7664854391E+05
  0.4497222222E+00  0.7658775135E+05
  0.4500000000E+00  0.7652695889E+05
  0.4502777778E+00  0.7647183631E+05
  0.4505555556E+00  0.7641671341E+05
  0.4508333333E+00  0.7636159085E+05
  0.4511111111E+00  0.7630646795E+05
  0.4513888889E+00  0.7625134549E+05
  0.4516666667E+00  0.7619622258E+05
  0.4519444444E+00  0.7614110002E+05
  0.4522222222E+00  0.7608597701E+05
  0.4525000000E+00  0.7603085411E+05
  0.4527777778E+00  0.7597573164E+05
  0.4530555556E+00  0.7592060874E+05
  0.4533333333E+00  0.7586548619E+05
  0.4536111111E+00  0.7581036329E+05
  0.4538888889E+00  0.7575524082E+05
  0.4541666667E+00  0.7570011781E+05
  0.4544444444E+00  0.7564499525E+05
  0.4547222222E+00  0.7558987234E+05
  0.4550000000E+00  0.7553474945E+05
  0.4552777778E+00  0.7548774586E+05
  0.4555555556E+00  0.7544074185E+05
  0.4558333333E+00  0.7539373805E+05
  0.4561111111E+00  0.7534673436E+05
  0.4563888889E+00  0.7529973045E+05
  0.4566666667E+00  0.7525272643E+05
  0.4569444444E+00  0.7520572296E+05
  0.4572222222E+00  0.7515871895E+05
  0.4575000000E+00  0.7511171493E+05
  0.4577777778E+00  0.7506471135E+05
  0.4580555556E+00  0.7501770745E+05
  0.4583333333E+00  0.7497070353E+05
  0.4586111111E+00  0.7492369952E+05
  0.4588888889E+00  0.7487669594E+05
  0.4591666667E+00  0.7482969203E+05
  0.4594444444E+00  0.7478268812E+05
  0.4597222222E+00  0.7473568443E+05
  0.4600000000E+00  0.7468868052E+05
  0.4602777778E+00  0.7465148563E+05
  0.4605555556E+00  0.7461429062E+05
  0.4608333333E+00  0.7457709563E+05
  0.4611111111E+00  0.7453990083E+05
  0.4613888889E+00  0.7450270583E+05
  0.4616666667E+00  0.7446551082E+05
  0.4619444444E+00  0.7442831604E+05
  0.4622222222E+00  0.7439112104E+05
  0.4625000000E+00  0.7435392569E+05
  0.4627777778E+00  0.7431673090E+05
  0.4630555556E+00  0.7427953591E+05
  0.4633333333E+00  0.7424234090E+05
  0.4636111111E+00  0.7420514601E+05
  0.4638888889E+00  0.7416795111E+05
  0.4641666667E+00  0.7413075611E+05
  0.4644444444E+00  0.7409356122E+05
  0.4647222222E+00  0.7405636631E+05
  0.4650000000E+00  0.7401917130E+05
  0.4652777778E+00  0.7399265216E+05
  0.4655555556E+00  0.7396613323E+05
  0.4658333333E+00  0.7393961406E+05
  0.4661111111E+00  0.7391309525E+05
  0.4663888889E+00  0.7388657599E+05
  0.4666666667E+00  0.7386005716E+05
  0.4669444444E+00  0.7383353800E+05
  0.4672222222E+00  0.7380701908E+05
  0.4675000000E+00  0.7378049992E+05
  0.4677777778E+00  0.7375398109E+05
  0.4680555556E+00  0.7372746183E+05
  0.4683333333E+00  0.7370094301E+05
  0.4686111111E+00  0.7367442385E+05
  0.4688888889E+00  0.7364790492E+05
  0.4691666667E+00  0.7362138576E+05
  0.4694444444E+00  0.7359486694E+05
  0.4697222222E+00  0.7356834768E+05
  0.4700000000E+00  0.7354182885E+05
  0.4702777778E+00  0.7352600649E+05
  0.4705555556E+00  0.7351018423E+05
  0.4708333333E+00  0.7349436196E+05
  0.4711111111E+00  0.7347853960E+05
  0.4713888889E+00  0.7346271735E+05
  0.4716666667E+00  0.7344689509E+05
  0.4719444444E+00  0.7343107262E+05
  0.4722222222E+00  0.7341525036E+05
  0.4725000000E+00  0.7339942799E+05
  0.4727777778E+00  0.7338360573E+05
  0.4730555556E+00  0.7336778380E+05
  0.4733333333E+00  0.7335196144E+05
  0.4736111111E+00  0.7333613918E+05
  0.4738888889E+00  0.7332031692E+05
  0.4741666667E+00  0.7330449455E+05
  0.4744444444E+00  0.7328867229E+05
  0.4747222222E+00  0.7327284993E+05
  0.4750000000E+00  0.7325702767E+05
  0.4752777778E+00  0.7325114033E+05
  0.4755555556E+00  0.7324525322E+05
  0.4758333333E+00  0.7323936589E+05
  0.4761111111E+00  0.7323347855E+05
  0.4763888889E+00  0.7322759122E+05
  0.4766666667E+00  0.7322170377E+05
  0.4769444444E+00  0.7321581644E+05
  0.4772222222E+00  0.7320992932E+05
  0.4775000000E+00  0.7320404199E+05
  0.4777777778E+00  0.7319815466E+05
  0.4780555556E+00  0.7319226732E+05
  0.4783333333E+00  0.7318637988E+05
  0.4786111111E+00  0.7318049287E+05
  0.4788888889E+00  0.7317460543E+05
  0.4791666667E+00  0.7316871809E+05
  0.4794444444E+00  0.7316283076E+05
  0.4797222222E+00  0.7315694342E+05
  0.4800000000E+00  0.7315105631E+05
  0.4802777778E+00  0.7315362847E+05
  0.4805555556E+00  0.7315620062E+05
  0.4808333333E+00  0.7315877267E+05
  0.4811111111E+00  0.7316134527E+05
  0.4813888889E+00  0.7316391742E+05
  0.4816666667E+00  0.7316648957E+05
  0.4819444444E+00  0.7316906163E+05
  0.4822222222E+00  0.7317163411E+05
  0.4825000000E+00  0.7317420627E+05
  0.4827777778E+00  0.7317677852E+05
  0.4830555556E+00  0.7317935092E+05
  0.4833333333E+00  0.7318192307E+05
  0.4836111111E+00  0.7318449522E+05
  0.4838888889E+00  0.7318706737E+05
  0.4841666667E+00  0.7318963976E+05
  0.4844444444E+00  0.7319221203E+05
  0.4847222222E+00  0.7319478417E+05
  0.4850000000E+00  0.7319735633E+05
  0.4852777778E+00  0.7320638190E+05
  0.4855555556E+00  0.7321540746E+05
  0.4858333333E+00  0.7322443314E+05
  0.4861111111E+00  0.7323345881E+05
  0.4863888889E+00  0.7324248449E+05
  0.4866666667E+00  0.7325151005E+05
  0.4869444444E+00  0.7326053572E+05
  0.4872222222E+00  0.7326956139E+05
  0.4875000000E+00  0.7327858695E+05
  0.4877777778E+00  0.7328761296E+05
  0.4880555556E+00  0.7329663863E+05
  0.4883333333E+00  0.7330566432E+05
  0.4886111111E+00  0.7331468988E+05
  0.4888888889E+00  0.7332371546E+05
  0.4891666667E+00  0.7333274113E+05
  0.4894444444E+00  0.7334176669E+05
  0.4897222222E+00  0.7335079236E+05
  0.4900000000E+00  0.7335981804E+05
  0.4902777778E+00  0.7337291071E+05
  0.4905555556E+00  0.7338600381E+05
  0.4908333333E+00  0.7339909639E+05
  0.4911111111E+00  0.7341218949E+05
  0.4913888889E+00  0.7342528227E+05
  0.4916666667E+00  0.7343837528E+05
  0.4919444444E+00  0.7345146828E+05
  0.4922222222E+00  0.7346456095E+05
  0.4925000000E+00  0.7347765407E+05
  0.4927777778E+00  0.7349074673E+05
  0.4930555556E+00  0.7350383975E+05
  0.4933333333E+00  0.7351693242E+05
  0.4936111111E+00  0.7353002553E+05
  0.4938888889E+00  0.7354311843E+05
  0.4941666667E+00  0.7355621121E+05
  0.4944444444E+00  0.7356930421E+05
  0.4947222222E+00  0.7358239699E+05
  0.4950000000E+00  0.7359549000E+05
