  0.1027777778E-01  0.2234256509E+08
  0.1055555556E-01  0.2231960951E+08
  0.1083333333E-01  0.2229665426E+08
  0.1111111111E-01  0.2227369868E+08
  0.1138888889E-01  0.2225074344E+08
  0.1166666667E-01  0.2222778820E+08
  0.1194444444E-01  0.2220483261E+08
  0.1222222222E-01  0.2218187736E+08
  0.1250000000E-01  0.2215892179E+08
  0.1277777778E-01  0.2213596654E+08
  0.1305555556E-01  0.2211301095E+08
  0.1333333333E-01  0.2209005572E+08
  0.1361111111E-01  0.2206710035E+08
  0.1388888889E-01  0.2204414477E+08
  0.1416666667E-01  0.2202118953E+08
  0.1444444444E-01  0.2199823395E+08
  0.1472222222E-01  0.2197527870E+08
  0.1500000000E-01  0.2195232346E+08
  0.1527777778E-01  0.2192085991E+08
  0.1555555556E-01  0.2188939648E+08
  0.1583333333E-01  0.2185793328E+08
  0.1611111111E-01  0.2182646973E+08
  0.1638888889E-01  0.2179500663E+08
  0.1666666667E-01  0.2176354310E+08
  0.1694444444E-01  0.2173207955E+08
  0.1722222222E-01  0.2170061645E+08
  0.1750000000E-01  0.2166915291E+08
  0.1777777778E-01  0.2163768937E+08
  0.1805555556E-01  0.2160622626E+08
  0.1833333333E-01  0.2157476263E+08
  0.1861111111E-01  0.2154329908E+08
  0.1888888889E-01  0.2151183598E+08
  0.1916666667E-01  0.2148037245E+08
  0.1944444444E-01  0.2144890923E+08
  0.1972222222E-01  0.2141744580E+08
  0.2000000000E-01  0.2138598227E+08
  0.2027777778E-01  0.2134664130E+08
  0.2055555556E-01  0.2130730034E+08
  0.2083333333E-01  0.2126795904E+08
  0.2111111111E-01  0.2122861807E+08
  0.2138888889E-01  0.2118927711E+08
  0.2166666667E-01  0.2114993603E+08
  0.2194444444E-01  0.2111059473E+08
  0.2222222222E-01  0.2107125377E+08
  0.2250000000E-01  0.2103191281E+08
  0.2277777778E-01  0.2099257151E+08
  0.2305555556E-01  0.2095323054E+08
  0.2333333333E-01  0.2091388958E+08
  0.2361111111E-01  0.2087454818E+08
  0.2388888889E-01  0.2083520721E+08
  0.2416666667E-01  0.2079586625E+08
  0.2444444444E-01  0.2075652528E+08
  0.2472222222E-01  0.2071718399E+08
  0.2500000000E-01  0.2067784292E+08
  0.2527777778E-01  0.2063141346E+08
  0.2555555556E-01  0.2058498388E+08
  0.2583333333E-01  0.2053855442E+08
  0.2611111111E-01  0.2049212496E+08
  0.2638888889E-01  0.2044569540E+08
  0.2666666667E-01  0.2039926593E+08
  0.2694444444E-01  0.2035283636E+08
  0.2722222222E-01  0.2030640712E+08
  0.2750000000E-01  0.2025997766E+08
  0.2777777778E-01  0.2021354819E+08
  0.2805555556E-01  0.2016711863E+08
  0.2833333333E-01  0.2012068917E+08
  0.2861111111E-01  0.2007425960E+08
  0.2888888889E-01  0.2002783003E+08
  0.2916666667E-01  0.1998140056E+08
  0.2944444444E-01  0.1993497110E+08
  0.2972222222E-01  0.1988854154E+08
  0.3000000000E-01  0.1984211207E+08
  0.3027777778E-01  0.1978951430E+08
  0.3055555556E-01  0.1973691641E+08
  0.3083333333E-01  0.1968431841E+08
  0.3111111111E-01  0.1963172085E+08
  0.3138888889E-01  0.1957912296E+08
  0.3166666667E-01  0.1952652530E+08
  0.3194444444E-01  0.1947392740E+08
  0.3222222222E-01  0.1942132964E+08
  0.3250000000E-01  0.1936873174E+08
  0.3277777778E-01  0.1931613374E+08
  0.3305555556E-01  0.1926353619E+08
  0.3333333333E-01  0.1921093819E+08
  0.3361111111E-01  0.1915834064E+08
  0.3388888889E-01  0.1910574263E+08
  0.3416666667E-01  0.1905314497E+08
  0.3444444444E-01  0.1900054708E+08
  0.3472222222E-01  0.1894794908E+08
  0.3500000000E-01  0.1889535152E+08
  0.3527777778E-01  0.1883758310E+08
  0.3555555556E-01  0.1877981415E+08
  0.3583333333E-01  0.1872204573E+08
  0.3611111111E-01  0.1866427731E+08
  0.3638888889E-01  0.1860650890E+08
  0.3666666667E-01  0.1854874015E+08
  0.3694444444E-01  0.1849097152E+08
  0.3722222222E-01  0.1843320310E+08
  0.3750000000E-01  0.1837543469E+08
  0.3777777778E-01  0.1831766627E+08
  0.3805555556E-01  0.1825989753E+08
  0.3833333333E-01  0.1820212889E+08
  0.3861111111E-01  0.1814436048E+08
  0.3888888889E-01  0.1808659207E+08
  0.3916666667E-01  0.1802882331E+08
  0.3944444444E-01  0.1797105490E+08
  0.3972222222E-01  0.1791328627E+08
  0.4000000000E-01  0.1785551786E+08
  0.4027777778E-01  0.1779365529E+08
  0.4055555556E-01  0.1773179294E+08
  0.4083333333E-01  0.1766993059E+08
  0.4111111111E-01  0.1760806803E+08
  0.4138888889E-01  0.1754620568E+08
  0.4166666667E-01  0.1748434333E+08
  0.4194444444E-01  0.1742248086E+08
  0.4222222222E-01  0.1736061852E+08
  0.4250000000E-01  0.1729875617E+08
  0.4277777778E-01  0.1723689394E+08
  0.4305555556E-01  0.1717503125E+08
  0.4333333333E-01  0.1711316890E+08
  0.4361111111E-01  0.1705130668E+08
  0.4388888889E-01  0.1698944400E+08
  0.4416666667E-01  0.1692758165E+08
  0.4444444444E-01  0.1686571941E+08
  0.4472222222E-01  0.1680385674E+08
  0.4500000000E-01  0.1674199439E+08
  0.4527777778E-01  0.1667714516E+08
  0.4555555556E-01  0.1661229572E+08
  0.4583333333E-01  0.1654744683E+08
  0.4611111111E-01  0.1648259749E+08
  0.4638888889E-01  0.1641774816E+08
  0.4666666667E-01  0.1635289917E+08
  0.4694444444E-01  0.1628804983E+08
  0.4722222222E-01  0.1622320049E+08
  0.4750000000E-01  0.1615835116E+08
  0.4777777778E-01  0.1609350216E+08
  0.4805555556E-01  0.1602865282E+08
  0.4833333333E-01  0.1596380359E+08
  0.4861111111E-01  0.1589895449E+08
  0.4888888889E-01  0.1583410515E+08
  0.4916666667E-01  0.1576925593E+08
  0.4944444444E-01  0.1570440649E+08
  0.4972222222E-01  0.1563955748E+08
  0.5000000000E-01  0.1557470826E+08
  0.5027777778E-01  0.1550798193E+08
  0.5055555556E-01  0.1544125571E+08
  0.5083333333E-01  0.1537452949E+08
  0.5111111111E-01  0.1530780327E+08
  0.5138888889E-01  0.1524107705E+08
  0.5166666667E-01  0.1517435084E+08
  0.5194444444E-01  0.1510762462E+08
  0.5222222222E-01  0.1504089840E+08
  0.5250000000E-01  0.1497417207E+08
  0.5277777778E-01  0.1490744586E+08
  0.5305555556E-01  0.1484071997E+08
  0.5333333333E-01  0.1477399375E+08
  0.5361111111E-01  0.1470726754E+08
  0.5388888889E-01  0.1464054132E+08
  0.5416666667E-01  0.1457381510E+08
  0.5444444444E-01  0.1450708877E+08
  0.5472222222E-01  0.1444036255E+08
  0.5500000000E-01  0.1437363633E+08
  0.5527777778E-01  0.1430611491E+08
  0.5555555556E-01  0.1423859316E+08
  0.5583333333E-01  0.1417107173E+08
  0.5611111111E-01  0.1410354977E+08
  0.5638888889E-01  0.1403602834E+08
  0.5666666667E-01  0.1396850658E+08
  0.5694444444E-01  0.1390098506E+08
  0.5722222222E-01  0.1383346364E+08
  0.5750000000E-01  0.1376594177E+08
  0.5777777778E-01  0.1369842035E+08
  0.5805555556E-01  0.1363089849E+08
  0.5833333333E-01  0.1356337707E+08
  0.5861111111E-01  0.1349585531E+08
  0.5888888889E-01  0.1342833368E+08
  0.5916666667E-01  0.1336081226E+08
  0.5944444444E-01  0.1329329050E+08
  0.5972222222E-01  0.1322576908E+08
  0.6000000000E-01  0.1315824722E+08
  0.6027777778E-01  0.1309096287E+08
  0.6055555556E-01  0.1302367863E+08
  0.6083333333E-01  0.1295639429E+08
  0.6111111111E-01  0.1288911005E+08
  0.6138888889E-01  0.1282182581E+08
  0.6166666667E-01  0.1275454157E+08
  0.6194444444E-01  0.1268725723E+08
  0.6222222222E-01  0.1261997299E+08
  0.6250000000E-01  0.1255268875E+08
  0.6277777778E-01  0.1248540441E+08
  0.6305555556E-01  0.1241811972E+08
  0.6333333333E-01  0.1235083548E+08
  0.6361111111E-01  0.1228355134E+08
  0.6388888889E-01  0.1221626700E+08
  0.6416666667E-01  0.1214898273E+08
  0.6444444444E-01  0.1208169846E+08
  0.6472222222E-01  0.1201441412E+08
  0.6500000000E-01  0.1194712984E+08
  0.6527777778E-01  0.1188103425E+08
  0.6555555556E-01  0.1181493887E+08
  0.6583333333E-01  0.1174884328E+08
  0.6611111111E-01  0.1168274778E+08
  0.6638888889E-01  0.1161665230E+08
  0.6666666667E-01  0.1155055681E+08
  0.6694444444E-01  0.1148446129E+08
  0.6722222222E-01  0.1141836570E+08
  0.6750000000E-01  0.1135227032E+08
  0.6777777778E-01  0.1128617473E+08
  0.6805555556E-01  0.1122007934E+08
  0.6833333333E-01  0.1115398375E+08
  0.6861111111E-01  0.1108788826E+08
  0.6888888889E-01  0.1102179278E+08
  0.6916666667E-01  0.1095569719E+08
  0.6944444444E-01  0.1088960180E+08
  0.6972222222E-01  0.1082350621E+08
  0.7000000000E-01  0.1075741083E+08
  0.7027777778E-01  0.1069336023E+08
  0.7055555556E-01  0.1062930973E+08
  0.7083333333E-01  0.1056525916E+08
  0.7111111111E-01  0.1050120866E+08
  0.7138888889E-01  0.1043715806E+08
  0.7166666667E-01  0.1037310751E+08
  0.7194444444E-01  0.1030905703E+08
  0.7222222222E-01  0.1024500648E+08
  0.7250000000E-01  0.1018095599E+08
  0.7277777778E-01  0.1011690540E+08
  0.7305555556E-01  0.1005285492E+08
  0.7333333333E-01  0.9988804371E+07
  0.7361111111E-01  0.9924753882E+07
  0.7388888889E-01  0.9860703299E+07
  0.7416666667E-01  0.9796652810E+07
  0.7444444444E-01  0.9732602266E+07
  0.7472222222E-01  0.9668551673E+07
  0.7500000000E-01  0.9604501184E+07
  0.7527777778E-01  0.9543235188E+07
  0.7555555556E-01  0.9481969161E+07
  0.7583333333E-01  0.9420703177E+07
  0.7611111111E-01  0.9359437283E+07
  0.7638888889E-01  0.9298171285E+07
  0.7666666667E-01  0.9236905290E+07
  0.7694444444E-01  0.9175639262E+07
  0.7722222222E-01  0.9114373267E+07
  0.7750000000E-01  0.9053107273E+07
  0.7777777778E-01  0.8991841277E+07
  0.7805555556E-01  0.8930575346E+07
  0.7833333333E-01  0.8869309353E+07
  0.7861111111E-01  0.8808043357E+07
  0.7888888889E-01  0.8746777362E+07
  0.7916666667E-01  0.8685511333E+07
  0.7944444444E-01  0.8624245338E+07
  0.7972222222E-01  0.8562979443E+07
  0.8000000000E-01  0.8501713448E+07
  0.8027777778E-01  0.8443850463E+07
  0.8055555556E-01  0.8385987391E+07
  0.8083333333E-01  0.8328124406E+07
  0.8111111111E-01  0.8270261422E+07
  0.8138888889E-01  0.8212398439E+07
  0.8166666667E-01  0.8154535454E+07
  0.8194444444E-01  0.8096672470E+07
  0.8222222222E-01  0.8038809486E+07
  0.8250000000E-01  0.7980946402E+07
  0.8277777778E-01  0.7923083417E+07
  0.8305555556E-01  0.7865220466E+07
  0.8333333333E-01  0.7807357483E+07
  0.8361111111E-01  0.7749494498E+07
  0.8388888889E-01  0.7691631514E+07
  0.8416666667E-01  0.7633768530E+07
  0.8444444444E-01  0.7575905446E+07
  0.8472222222E-01  0.7518042462E+07
  0.8500000000E-01  0.7460179489E+07
  0.8527777778E-01  0.7406204519E+07
  0.8555555556E-01  0.7352229417E+07
  0.8583333333E-01  0.7298254446E+07
  0.8611111111E-01  0.7244279344E+07
  0.8638888889E-01  0.7190304374E+07
  0.8666666667E-01  0.7136329372E+07
  0.8694444444E-01  0.7082354312E+07
  0.8722222222E-01  0.7028379310E+07
  0.8750000000E-01  0.6974404240E+07
  0.8777777778E-01  0.6920429237E+07
  0.8805555556E-01  0.6866454168E+07
  0.8833333333E-01  0.6812479165E+07
  0.8861111111E-01  0.6758504106E+07
  0.8888888889E-01  0.6704529103E+07
  0.8916666667E-01  0.6650554134E+07
  0.8944444444E-01  0.6596579031E+07
  0.8972222222E-01  0.6542604061E+07
  0.9000000000E-01  0.6488628959E+07
  0.9027777778E-01  0.6438896298E+07
  0.9055555556E-01  0.6389163772E+07
  0.9083333333E-01  0.6339431101E+07
  0.9111111111E-01  0.6289698441E+07
  0.9138888889E-01  0.6239965780E+07
  0.9166666667E-01  0.6190233209E+07
  0.9194444444E-01  0.6140500583E+07
  0.9222222222E-01  0.6090767923E+07
  0.9250000000E-01  0.6041035251E+07
  0.9277777778E-01  0.5991302592E+07
  0.9305555556E-01  0.5941570021E+07
  0.9333333333E-01  0.5891837395E+07
  0.9361111111E-01  0.5842104734E+07
  0.9388888889E-01  0.5792372063E+07
  0.9416666667E-01  0.5742639403E+07
  0.9444444444E-01  0.5692906842E+07
  0.9472222222E-01  0.5643174205E+07
  0.9500000000E-01  0.5593441545E+07
  0.9527777778E-01  0.5548176845E+07
  0.9555555556E-01  0.5502912145E+07
  0.9583333333E-01  0.5457647446E+07
  0.9611111111E-01  0.5412382745E+07
  0.9638888889E-01  0.5367118179E+07
  0.9666666667E-01  0.5321853438E+07
  0.9694444444E-01  0.5276588748E+07
  0.9722222222E-01  0.5231324058E+07
  0.9750000000E-01  0.5186059357E+07
  0.9777777778E-01  0.5140794700E+07
  0.9805555556E-01  0.5095530011E+07
  0.9833333333E-01  0.5050265320E+07
  0.9861111111E-01  0.5005000631E+07
  0.9888888889E-01  0.4959735941E+07
  0.9916666667E-01  0.4914471251E+07
  0.9944444444E-01  0.4869206594E+07
  0.9972222222E-01  0.4823941894E+07
  0.1000000000E+00  0.4778677204E+07
  0.1002777778E+00  0.4737981051E+07
  0.1005555556E+00  0.4697284900E+07
  0.1008333333E+00  0.4656588714E+07
  0.1011111111E+00  0.4615892562E+07
  0.1013888889E+00  0.4575196410E+07
  0.1016666667E+00  0.4534500258E+07
  0.1019444444E+00  0.4493804096E+07
  0.1022222222E+00  0.4453107910E+07
  0.1025000000E+00  0.4412411759E+07
  0.1027777778E+00  0.4371715606E+07
  0.1030555556E+00  0.4331019454E+07
  0.1033333333E+00  0.4290323301E+07
  0.1036111111E+00  0.4249627118E+07
  0.1038888889E+00  0.4208930955E+07
  0.1041666667E+00  0.4168234813E+07
  0.1044444444E+00  0.4127538650E+07
  0.1047222222E+00  0.4086842509E+07
  0.1050000000E+00  0.4046146346E+07
  0.1052777778E+00  0.4010011837E+07
  0.1055555556E+00  0.3973877318E+07
  0.1058333333E+00  0.3937742808E+07
  0.1061111111E+00  0.3901608289E+07
  0.1063888889E+00  0.3865473780E+07
  0.1066666667E+00  0.3829339271E+07
  0.1069444444E+00  0.3793204763E+07
  0.1072222222E+00  0.3757070253E+07
  0.1075000000E+00  0.3720935768E+07
  0.1077777778E+00  0.3684801258E+07
  0.1080555556E+00  0.3648666739E+07
  0.1083333333E+00  0.3612532230E+07
  0.1086111111E+00  0.3576397721E+07
  0.1088888889E+00  0.3540263201E+07
  0.1091666667E+00  0.3504128692E+07
  0.1094444444E+00  0.3467994173E+07
  0.1097222222E+00  0.3431859664E+07
  0.1100000000E+00  0.3395725178E+07
  0.1102777778E+00  0.3364042960E+07
  0.1105555556E+00  0.3332360766E+07
  0.1108333333E+00  0.3300678561E+07
  0.1111111111E+00  0.3268996367E+07
  0.1113888889E+00  0.3237314173E+07
  0.1116666667E+00  0.3205631967E+07
  0.1119444444E+00  0.3173949784E+07
  0.1122222222E+00  0.3142267589E+07
  0.1125000000E+00  0.3110585362E+07
  0.1127777778E+00  0.3078903157E+07
  0.1130555556E+00  0.3047220963E+07
  0.1133333333E+00  0.3015538769E+07
  0.1136111111E+00  0.2983856563E+07
  0.1138888889E+00  0.2952174379E+07
  0.1141666667E+00  0.2920492185E+07
  0.1144444444E+00  0.2888809947E+07
  0.1147222222E+00  0.2857127752E+07
  0.1150000000E+00  0.2825445558E+07
  0.1152777778E+00  0.2798023877E+07
  0.1155555556E+00  0.2770602229E+07
  0.1158333333E+00  0.2743180537E+07
  0.1161111111E+00  0.2715758856E+07
  0.1163888889E+00  0.2688337174E+07
  0.1166666667E+00  0.2660915503E+07
  0.1169444444E+00  0.2633493855E+07
  0.1172222222E+00  0.2606072174E+07
  0.1175000000E+00  0.2578650493E+07
  0.1177777778E+00  0.2551228812E+07
  0.1180555556E+00  0.2523807130E+07
  0.1183333333E+00  0.2496385482E+07
  0.1186111111E+00  0.2468963790E+07
  0.1188888889E+00  0.2441542109E+07
  0.1191666667E+00  0.2414120428E+07
  0.1194444444E+00  0.2386698746E+07
  0.1197222222E+00  0.2359277099E+07
  0.1200000000E+00  0.2331855417E+07
  0.1202777778E+00  0.2308434126E+07
  0.1205555556E+00  0.2285012857E+07
  0.1208333333E+00  0.2261591543E+07
  0.1211111111E+00  0.2238170252E+07
  0.1213888889E+00  0.2214748972E+07
  0.1216666667E+00  0.2191327691E+07
  0.1219444444E+00  0.2167906412E+07
  0.1222222222E+00  0.2144485121E+07
  0.1225000000E+00  0.2121063807E+07
  0.1227777778E+00  0.2097642526E+07
  0.1230555556E+00  0.2074221247E+07
  0.1233333333E+00  0.2050799955E+07
  0.1236111111E+00  0.2027378676E+07
  0.1238888889E+00  0.2003957395E+07
  0.1241666667E+00  0.1980536081E+07
  0.1244444444E+00  0.1957114790E+07
  0.1247222222E+00  0.1933693511E+07
  0.1250000000E+00  0.1910272230E+07
  0.1252777778E+00  0.1890539052E+07
  0.1255555556E+00  0.1870805896E+07
  0.1258333333E+00  0.1851072707E+07
  0.1261111111E+00  0.1831339562E+07
  0.1263888889E+00  0.1811606373E+07
  0.1266666667E+00  0.1791873217E+07
  0.1269444444E+00  0.1772140039E+07
  0.1272222222E+00  0.1752406850E+07
  0.1275000000E+00  0.1732673694E+07
  0.1277777778E+00  0.1712940516E+07
  0.1280555556E+00  0.1693207360E+07
  0.1283333333E+00  0.1673474171E+07
  0.1286111111E+00  0.1653741026E+07
  0.1288888889E+00  0.1634007837E+07
  0.1291666667E+00  0.1614274658E+07
  0.1294444444E+00  0.1594541502E+07
  0.1297222222E+00  0.1574808324E+07
  0.1300000000E+00  0.1555075169E+07
  0.1302777778E+00  0.1538683270E+07
  0.1305555556E+00  0.1522291383E+07
  0.1308333333E+00  0.1505899519E+07
  0.1311111111E+00  0.1489507611E+07
  0.1313888889E+00  0.1473115724E+07
  0.1316666667E+00  0.1456723859E+07
  0.1319444444E+00  0.1440331961E+07
  0.1322222222E+00  0.1423940074E+07
  0.1325000000E+00  0.1407548176E+07
  0.1327777778E+00  0.1391156311E+07
  0.1330555556E+00  0.1374764424E+07
  0.1333333333E+00  0.1358372526E+07
  0.1336111111E+00  0.1341980661E+07
  0.1338888889E+00  0.1325588763E+07
  0.1341666667E+00  0.1309196876E+07
  0.1344444444E+00  0.1292805011E+07
  0.1347222222E+00  0.1276413113E+07
  0.1350000000E+00  0.1260021226E+07
  0.1352777778E+00  0.1246602846E+07
  0.1355555556E+00  0.1233184443E+07
  0.1358333333E+00  0.1219766074E+07
  0.1361111111E+00  0.1206347661E+07
  0.1363888889E+00  0.1192929291E+07
  0.1366666667E+00  0.1179510899E+07
  0.1369444444E+00  0.1166092520E+07
  0.1372222222E+00  0.1152674117E+07
  0.1375000000E+00  0.1139255747E+07
  0.1377777778E+00  0.1125837334E+07
  0.1380555556E+00  0.1112418964E+07
  0.1383333333E+00  0.1099000563E+07
  0.1386111111E+00  0.1085582193E+07
  0.1388888889E+00  0.1072163790E+07
  0.1391666667E+00  0.1058745410E+07
  0.1394444444E+00  0.1045327007E+07
  0.1397222222E+00  0.1031908638E+07
  0.1400000000E+00  0.1018490224E+07
  0.1402777778E+00  0.1007671775E+07
  0.1405555556E+00  0.9968532921E+06
  0.1408333333E+00  0.9860348091E+06
  0.1411111111E+00  0.9752163263E+06
  0.1413888889E+00  0.9643978767E+06
  0.1416666667E+00  0.9535793905E+06
  0.1419444444E+00  0.9427609076E+06
  0.1422222222E+00  0.9319424313E+06
  0.1425000000E+00  0.9211239584E+06
  0.1427777778E+00  0.9103054855E+06
  0.1430555556E+00  0.8994870093E+06
  0.1433333333E+00  0.8886685364E+06
  0.1436111111E+00  0.8778500602E+06
  0.1438888889E+00  0.8670315873E+06
  0.1441666667E+00  0.8562131144E+06
  0.1444444444E+00  0.8453946381E+06
  0.1447222222E+00  0.8345761552E+06
  0.1450000000E+00  0.8237576790E+06
  0.1452777778E+00  0.8151713783E+06
  0.1455555556E+00  0.8065850740E+06
  0.1458333333E+00  0.7979987699E+06
  0.1461111111E+00  0.7894124724E+06
  0.1463888889E+00  0.7808261716E+06
  0.1466666667E+00  0.7722398741E+06
  0.1469444444E+00  0.7636535722E+06
  0.1472222222E+00  0.7550672713E+06
  0.1475000000E+00  0.7464809706E+06
  0.1477777778E+00  0.7378946697E+06
  0.1480555556E+00  0.7293083712E+06
  0.1483333333E+00  0.7207220703E+06
  0.1486111111E+00  0.7121357696E+06
  0.1488888889E+00  0.7035494676E+06
  0.1491666667E+00  0.6949631668E+06
  0.1494444444E+00  0.6863768693E+06
  0.1497222222E+00  0.6777905684E+06
  0.1500000000E+00  0.6692042665E+06
  0.1502777778E+00  0.6624983640E+06
  0.1505555556E+00  0.6557924647E+06
  0.1508333333E+00  0.6490865633E+06
  0.1511111111E+00  0.6423806606E+06
  0.1513888889E+00  0.6356747714E+06
  0.1516666667E+00  0.6289688689E+06
  0.1519444444E+00  0.6222629663E+06
  0.1522222222E+00  0.6155570637E+06
  0.1525000000E+00  0.6088511645E+06
  0.1527777778E+00  0.6021452720E+06
  0.1530555556E+00  0.5954393693E+06
  0.1533333333E+00  0.5887334701E+06
  0.1536111111E+00  0.5820275675E+06
  0.1538888889E+00  0.5753216650E+06
  0.1541666667E+00  0.5686157636E+06
  0.1544444444E+00  0.5619098743E+06
  0.1547222222E+00  0.5552039718E+06
  0.1550000000E+00  0.5484980691E+06
  0.1552777778E+00  0.5433450893E+06
  0.1555555556E+00  0.5381921127E+06
  0.1558333333E+00  0.5330391439E+06
  0.1561111111E+00  0.5278861639E+06
  0.1563888889E+00  0.5227331840E+06
  0.1566666667E+00  0.5175802052E+06
  0.1569444444E+00  0.5124272353E+06
  0.1572222222E+00  0.5072742588E+06
  0.1575000000E+00  0.5021212800E+06
  0.1577777778E+00  0.4969683000E+06
  0.1580555556E+00  0.4918153301E+06
  0.1583333333E+00  0.4866623513E+06
  0.1586111111E+00  0.4815093713E+06
  0.1588888889E+00  0.4763563949E+06
  0.1591666667E+00  0.4712034261E+06
  0.1594444444E+00  0.4660504461E+06
  0.1597222222E+00  0.4608974662E+06
  0.1600000000E+00  0.4557444863E+06
  0.1602777778E+00  0.4518471669E+06
  0.1605555556E+00  0.4479498507E+06
  0.1608333333E+00  0.4440525312E+06
  0.1611111111E+00  0.4401552018E+06
  0.1613888889E+00  0.4362578823E+06
  0.1616666667E+00  0.4323605628E+06
  0.1619444444E+00  0.4284632423E+06
  0.1622222222E+00  0.4245659178E+06
  0.1625000000E+00  0.4206685997E+06
  0.1627777778E+00  0.4167712782E+06
  0.1630555556E+00  0.4128739567E+06
  0.1633333333E+00  0.4089766353E+06
  0.1636111111E+00  0.4050793138E+06
  0.1638888889E+00  0.4011819924E+06
  0.1641666667E+00  0.3972846721E+06
  0.1644444444E+00  0.3933873506E+06
  0.1647222222E+00  0.3894900292E+06
  0.1650000000E+00  0.3855927077E+06
  0.1652777778E+00  0.3826872877E+06
  0.1655555556E+00  0.3797818699E+06
  0.1658333333E+00  0.3768764477E+06
  0.1661111111E+00  0.3739710277E+06
  0.1663888889E+00  0.3710656099E+06
  0.1666666667E+00  0.3681601898E+06
  0.1669444444E+00  0.3652547687E+06
  0.1672222222E+00  0.3623493465E+06
  0.1675000000E+00  0.3594439298E+06
  0.1677777778E+00  0.3565385087E+06
  0.1680555556E+00  0.3536330886E+06
  0.1683333333E+00  0.3507276709E+06
  0.1686111111E+00  0.3478222487E+06
  0.1688888889E+00  0.3449168285E+06
  0.1691666667E+00  0.3420114108E+06
  0.1694444444E+00  0.3391059907E+06
  0.1697222222E+00  0.3362005697E+06
  0.1700000000E+00  0.3332951508E+06
  0.1702777778E+00  0.3311540320E+06
  0.1705555556E+00  0.3290129120E+06
  0.1708333333E+00  0.3268717922E+06
  0.1711111111E+00  0.3247306722E+06
  0.1713888889E+00  0.3225895568E+06
  0.1716666667E+00  0.3204484359E+06
  0.1719444444E+00  0.3183073169E+06
  0.1722222222E+00  0.3161661960E+06
  0.1725000000E+00  0.3140250773E+06
  0.1727777778E+00  0.3118839606E+06
  0.1730555556E+00  0.3097428397E+06
  0.1733333333E+00  0.3076017209E+06
  0.1736111111E+00  0.3054606009E+06
  0.1738888889E+00  0.3033194811E+06
  0.1741666667E+00  0.3011783645E+06
  0.1744444444E+00  0.2990372446E+06
  0.1747222222E+00  0.2968961247E+06
  0.1750000000E+00  0.2947550058E+06
  0.1752777778E+00  0.2931863579E+06
  0.1755555556E+00  0.2916177087E+06
  0.1758333333E+00  0.2900490617E+06
  0.1761111111E+00  0.2884804114E+06
  0.1763888889E+00  0.2869117646E+06
  0.1766666667E+00  0.2853431132E+06
  0.1769444444E+00  0.2837744673E+06
  0.1772222222E+00  0.2822058170E+06
  0.1775000000E+00  0.2806371700E+06
  0.1777777778E+00  0.2790685199E+06
  0.1780555556E+00  0.2774998728E+06
  0.1783333333E+00  0.2759312226E+06
  0.1786111111E+00  0.2743625723E+06
  0.1788888889E+00  0.2727939253E+06
  0.1791666667E+00  0.2712252761E+06
  0.1794444444E+00  0.2696566281E+06
  0.1797222222E+00  0.2680879779E+06
  0.1800000000E+00  0.2665193309E+06
  0.1802777778E+00  0.2653659427E+06
  0.1805555556E+00  0.2642125500E+06
  0.1808333333E+00  0.2630591607E+06
  0.1811111111E+00  0.2619057714E+06
  0.1813888889E+00  0.2607523799E+06
  0.1816666667E+00  0.2595989915E+06
  0.1819444444E+00  0.2584456022E+06
  0.1822222222E+00  0.2572922129E+06
  0.1825000000E+00  0.2561388214E+06
  0.1827777778E+00  0.2549854321E+06
  0.1830555556E+00  0.2538320427E+06
  0.1833333333E+00  0.2526786501E+06
  0.1836111111E+00  0.2515252619E+06
  0.1838888889E+00  0.2503718726E+06
  0.1841666667E+00  0.2492184799E+06
  0.1844444444E+00  0.2480650916E+06
  0.1847222222E+00  0.2469117034E+06
  0.1850000000E+00  0.2457583141E+06
  0.1852777778E+00  0.2448953308E+06
  0.1855555556E+00  0.2440323499E+06
  0.1858333333E+00  0.2431693700E+06
  0.1861111111E+00  0.2423063900E+06
  0.1863888889E+00  0.2414434101E+06
  0.1866666667E+00  0.2405804302E+06
  0.1869444444E+00  0.2397174503E+06
  0.1872222222E+00  0.2388544704E+06
  0.1875000000E+00  0.2379914884E+06
  0.1877777778E+00  0.2371285084E+06
  0.1880555556E+00  0.2362655285E+06
  0.1883333333E+00  0.2354025486E+06
  0.1886111111E+00  0.2345395687E+06
  0.1888888889E+00  0.2336765888E+06
  0.1891666667E+00  0.2328136078E+06
  0.1894444444E+00  0.2319506279E+06
  0.1897222222E+00  0.2310876480E+06
  0.1900000000E+00  0.2302246681E+06
  0.1902777778E+00  0.2295562891E+06
  0.1905555556E+00  0.2288879145E+06
  0.1908333333E+00  0.2282195389E+06
  0.1911111111E+00  0.2275511599E+06
  0.1913888889E+00  0.2268827842E+06
  0.1916666667E+00  0.2262144086E+06
  0.1919444444E+00  0.2255460339E+06
  0.1922222222E+00  0.2248776549E+06
  0.1925000000E+00  0.2242092804E+06
  0.1927777778E+00  0.2235409047E+06
  0.1930555556E+00  0.2228725257E+06
  0.1933333333E+00  0.2222041500E+06
  0.1936111111E+00  0.2215357744E+06
  0.1938888889E+00  0.2208673954E+06
  0.1941666667E+00  0.2201990209E+06
  0.1944444444E+00  0.2195306452E+06
  0.1947222222E+00  0.2188622695E+06
  0.1950000000E+00  0.2181938916E+06
  0.1952777778E+00  0.2176496430E+06
  0.1955555556E+00  0.2171053955E+06
  0.1958333333E+00  0.2165611469E+06
  0.1961111111E+00  0.2160168995E+06
  0.1963888889E+00  0.2154726509E+06
  0.1966666667E+00  0.2149284034E+06
  0.1969444444E+00  0.2143841548E+06
  0.1972222222E+00  0.2138399073E+06
  0.1975000000E+00  0.2132956588E+06
  0.1977777778E+00  0.2127514113E+06
  0.1980555556E+00  0.2122071627E+06
  0.1983333333E+00  0.2116629153E+06
  0.1986111111E+00  0.2111186667E+06
  0.1988888889E+00  0.2105744192E+06
  0.1991666667E+00  0.2100301707E+06
  0.1994444444E+00  0.2094859242E+06
  0.1997222222E+00  0.2089416756E+06
  0.2000000000E+00  0.2083974281E+06
  0.2002777778E+00  0.2079279726E+06
  0.2005555556E+00  0.2074585138E+06
  0.2008333333E+00  0.2069890582E+06
  0.2011111111E+00  0.2065195994E+06
  0.2013888889E+00  0.2060501427E+06
  0.2016666667E+00  0.2055806839E+06
  0.2019444444E+00  0.2051112284E+06
  0.2022222222E+00  0.2046417695E+06
  0.2025000000E+00  0.2041723150E+06
  0.2027777778E+00  0.2037028561E+06
  0.2030555556E+00  0.2032334006E+06
  0.2033333333E+00  0.2027639417E+06
  0.2036111111E+00  0.2022944862E+06
  0.2038888889E+00  0.2018250274E+06
  0.2041666667E+00  0.2013555708E+06
  0.2044444444E+00  0.2008861119E+06
  0.2047222222E+00  0.2004166564E+06
  0.2050000000E+00  0.1999471975E+06
  0.2052777778E+00  0.1995205277E+06
  0.2055555556E+00  0.1990938600E+06
  0.2058333333E+00  0.1986671890E+06
  0.2061111111E+00  0.1982405182E+06
  0.2063888889E+00  0.1978138505E+06
  0.2066666667E+00  0.1973871795E+06
  0.2069444444E+00  0.1969605087E+06
  0.2072222222E+00  0.1965338410E+06
  0.2075000000E+00  0.1961071712E+06
  0.2077777778E+00  0.1956805002E+06
  0.2080555556E+00  0.1952538282E+06
  0.2083333333E+00  0.1948271617E+06
  0.2086111111E+00  0.1944004907E+06
  0.2088888889E+00  0.1939738198E+06
  0.2091666667E+00  0.1935471522E+06
  0.2094444444E+00  0.1931204812E+06
  0.2097222222E+00  0.1926938113E+06
  0.2100000000E+00  0.1922671427E+06
  0.2102777778E+00  0.1918645928E+06
  0.2105555556E+00  0.1914620419E+06
  0.2108333333E+00  0.1910594920E+06
  0.2111111111E+00  0.1906569422E+06
  0.2113888889E+00  0.1902543913E+06
  0.2116666667E+00  0.1898518414E+06
  0.2119444444E+00  0.1894492894E+06
  0.2122222222E+00  0.1890467395E+06
  0.2125000000E+00  0.1886441896E+06
  0.2127777778E+00  0.1882416387E+06
  0.2130555556E+00  0.1878390888E+06
  0.2133333333E+00  0.1874365379E+06
  0.2136111111E+00  0.1870339880E+06
  0.2138888889E+00  0.1866314372E+06
  0.2141666667E+00  0.1862288873E+06
  0.2144444444E+00  0.1858263374E+06
  0.2147222222E+00  0.1854237865E+06
  0.2150000000E+00  0.1850212355E+06
  0.2152777778E+00  0.1846337995E+06
  0.2155555556E+00  0.1842463625E+06
  0.2158333333E+00  0.1838589254E+06
  0.2161111111E+00  0.1834714850E+06
  0.2163888889E+00  0.1830840479E+06
  0.2166666667E+00  0.1826966109E+06
  0.2169444444E+00  0.1823091738E+06
  0.2172222222E+00  0.1819217334E+06
  0.2175000000E+00  0.1815342974E+06
  0.2177777778E+00  0.1811468604E+06
  0.2180555556E+00  0.1807594233E+06
  0.2183333333E+00  0.1803719829E+06
  0.2186111111E+00  0.1799845458E+06
  0.2188888889E+00  0.1795971087E+06
  0.2191666667E+00  0.1792096717E+06
  0.2194444444E+00  0.1788222313E+06
  0.2197222222E+00  0.1784347953E+06
  0.2200000000E+00  0.1780473592E+06
  0.2202777778E+00  0.1776728386E+06
  0.2205555556E+00  0.1772983147E+06
  0.2208333333E+00  0.1769237952E+06
  0.2211111111E+00  0.1765492745E+06
  0.2213888889E+00  0.1761747549E+06
  0.2216666667E+00  0.1758002321E+06
  0.2219444444E+00  0.1754257115E+06
  0.2222222222E+00  0.1750511908E+06
  0.2225000000E+00  0.1746766723E+06
  0.2227777778E+00  0.1743021484E+06
  0.2230555556E+00  0.1739276277E+06
  0.2233333333E+00  0.1735531071E+06
  0.2236111111E+00  0.1731785843E+06
  0.2238888889E+00  0.1728040647E+06
  0.2241666667E+00  0.1724295440E+06
  0.2244444444E+00  0.1720550245E+06
  0.2247222222E+00  0.1716805006E+06
  0.2250000000E+00  0.1713059810E+06
  0.2252777778E+00  0.1709460490E+06
  0.2255555556E+00  0.1705861148E+06
  0.2258333333E+00  0.1702261829E+06
  0.2261111111E+00  0.1698662520E+06
  0.2263888889E+00  0.1695063167E+06
  0.2266666667E+00  0.1691463858E+06
  0.2269444444E+00  0.1687864515E+06
  0.2272222222E+00  0.1684265196E+06
  0.2275000000E+00  0.1680665887E+06
  0.2277777778E+00  0.1677066534E+06
  0.2280555556E+00  0.1673467225E+06
  0.2283333333E+00  0.1669867906E+06
  0.2286111111E+00  0.1666268563E+06
  0.2288888889E+00  0.1662669244E+06
  0.2291666667E+00  0.1659069902E+06
  0.2294444444E+00  0.1655470593E+06
  0.2297222222E+00  0.1651871273E+06
  0.2300000000E+00  0.1648271931E+06
  0.2302777778E+00  0.1644856242E+06
  0.2305555556E+00  0.1641440543E+06
  0.2308333333E+00  0.1638024854E+06
  0.2311111111E+00  0.1634609165E+06
  0.2313888889E+00  0.1631193477E+06
  0.2316666667E+00  0.1627777788E+06
  0.2319444444E+00  0.1624362099E+06
  0.2322222222E+00  0.1620946399E+06
  0.2325000000E+00  0.1617530700E+06
  0.2327777778E+00  0.1614115011E+06
  0.2330555556E+00  0.1610699322E+06
  0.2333333333E+00  0.1607283633E+06
  0.2336111111E+00  0.1603867945E+06
  0.2338888889E+00  0.1600452256E+06
  0.2341666667E+00  0.1597036567E+06
  0.2344444444E+00  0.1593620868E+06
  0.2347222222E+00  0.1590205179E+06
  0.2350000000E+00  0.1586789490E+06
  0.2352777778E+00  0.1583597700E+06
  0.2355555556E+00  0.1580405932E+06
  0.2358333333E+00  0.1577214141E+06
  0.2361111111E+00  0.1574022339E+06
  0.2363888889E+00  0.1570830582E+06
  0.2366666667E+00  0.1567638781E+06
  0.2369444444E+00  0.1564447024E+06
  0.2372222222E+00  0.1561255233E+06
  0.2375000000E+00  0.1558063432E+06
  0.2377777778E+00  0.1554871675E+06
  0.2380555556E+00  0.1551679884E+06
  0.2383333333E+00  0.1548488116E+06
  0.2386111111E+00  0.1545296325E+06
  0.2388888889E+00  0.1542104535E+06
  0.2391666667E+00  0.1538912767E+06
  0.2394444444E+00  0.1535720965E+06
  0.2397222222E+00  0.1532529174E+06
  0.2400000000E+00  0.1529337407E+06
  0.2402777778E+00  0.1526402520E+06
  0.2405555556E+00  0.1523467645E+06
  0.2408333333E+00  0.1520532748E+06
  0.2411111111E+00  0.1517597862E+06
  0.2413888889E+00  0.1514662965E+06
  0.2416666667E+00  0.1511728089E+06
  0.2419444444E+00  0.1508793169E+06
  0.2422222222E+00  0.1505858273E+06
  0.2425000000E+00  0.1502923386E+06
  0.2427777778E+00  0.1499988499E+06
  0.2430555556E+00  0.1497053614E+06
  0.2433333333E+00  0.1494118727E+06
  0.2436111111E+00  0.1491183840E+06
  0.2438888889E+00  0.1488248944E+06
  0.2441666667E+00  0.1485314057E+06
  0.2444444444E+00  0.1482379172E+06
  0.2447222222E+00  0.1479444285E+06
  0.2450000000E+00  0.1476509398E+06
  0.2452777778E+00  0.1473850439E+06
  0.2455555556E+00  0.1471191480E+06
  0.2458333333E+00  0.1468532554E+06
  0.2461111111E+00  0.1465873584E+06
  0.2463888889E+00  0.1463214625E+06
  0.2466666667E+00  0.1460555666E+06
  0.2469444444E+00  0.1457896741E+06
  0.2472222222E+00  0.1455237782E+06
  0.2475000000E+00  0.1452578822E+06
  0.2477777778E+00  0.1449919897E+06
  0.2480555556E+00  0.1447260938E+06
  0.2483333333E+00  0.1444601967E+06
  0.2486111111E+00  0.1441943009E+06
  0.2488888889E+00  0.1439284083E+06
  0.2491666667E+00  0.1436625124E+06
  0.2494444444E+00  0.1433966165E+06
  0.2497222222E+00  0.1431307216E+06
  0.2500000000E+00  0.1428648290E+06
  0.2502777778E+00  0.1426266432E+06
  0.2505555556E+00  0.1423884597E+06
  0.2508333333E+00  0.1421502750E+06
  0.2511111111E+00  0.1419120925E+06
  0.2513888889E+00  0.1416739111E+06
  0.2516666667E+00  0.1414357254E+06
  0.2519444444E+00  0.1411975430E+06
  0.2522222222E+00  0.1409593582E+06
  0.2525000000E+00  0.1407211758E+06
  0.2527777778E+00  0.1404829910E+06
  0.2530555556E+00  0.1402448086E+06
  0.2533333333E+00  0.1400066262E+06
  0.2536111111E+00  0.1397684414E+06
  0.2538888889E+00  0.1395302590E+06
  0.2541666667E+00  0.1392920743E+06
  0.2544444444E+00  0.1390538918E+06
  0.2547222222E+00  0.1388157061E+06
  0.2550000000E+00  0.1385775247E+06
  0.2552777778E+00  0.1383655487E+06
  0.2555555556E+00  0.1381535694E+06
  0.2558333333E+00  0.1379415933E+06
  0.2561111111E+00  0.1377296140E+06
  0.2563888889E+00  0.1375176381E+06
  0.2566666667E+00  0.1373056610E+06
  0.2569444444E+00  0.1370936827E+06
  0.2572222222E+00  0.1368817067E+06
  0.2575000000E+00  0.1366697263E+06
  0.2577777778E+00  0.1364577504E+06
  0.2580555556E+00  0.1362457754E+06
  0.2583333333E+00  0.1360337950E+06
  0.2586111111E+00  0.1358218190E+06
  0.2588888889E+00  0.1356098397E+06
  0.2591666667E+00  0.1353978648E+06
  0.2594444444E+00  0.1351858877E+06
  0.2597222222E+00  0.1349739084E+06
  0.2600000000E+00  0.1347619325E+06
  0.2602777778E+00  0.1345730130E+06
  0.2605555556E+00  0.1343840891E+06
  0.2608333333E+00  0.1341951708E+06
  0.2611111111E+00  0.1340062503E+06
  0.2613888889E+00  0.1338173286E+06
  0.2616666667E+00  0.1336284077E+06
  0.2619444444E+00  0.1334394874E+06
  0.2622222222E+00  0.1332505666E+06
  0.2625000000E+00  0.1330616462E+06
  0.2627777778E+00  0.1328727257E+06
  0.2630555556E+00  0.1326838042E+06
  0.2633333333E+00  0.1324948845E+06
  0.2636111111E+00  0.1323059630E+06
  0.2638888889E+00  0.1321170426E+06
  0.2641666667E+00  0.1319281218E+06
  0.2644444444E+00  0.1317392014E+06
  0.2647222222E+00  0.1315502810E+06
  0.2650000000E+00  0.1313613595E+06
  0.2652777778E+00  0.1311912005E+06
  0.2655555556E+00  0.1310210408E+06
  0.2658333333E+00  0.1308508818E+06
  0.2661111111E+00  0.1306807222E+06
  0.2663888889E+00  0.1305105622E+06
  0.2666666667E+00  0.1303404035E+06
  0.2669444444E+00  0.1301702435E+06
  0.2672222222E+00  0.1300000849E+06
  0.2675000000E+00  0.1298299249E+06
  0.2677777778E+00  0.1296597652E+06
  0.2680555556E+00  0.1294896062E+06
  0.2683333333E+00  0.1293194466E+06
  0.2686111111E+00  0.1291492868E+06
  0.2688888889E+00  0.1289791268E+06
  0.2691666667E+00  0.1288089682E+06
  0.2694444444E+00  0.1286388082E+06
  0.2697222222E+00  0.1284686485E+06
  0.2700000000E+00  0.1282984895E+06
  0.2702777778E+00  0.1281420593E+06
  0.2705555556E+00  0.1279856300E+06
  0.2708333333E+00  0.1278291998E+06
  0.2711111111E+00  0.1276727693E+06
  0.2713888889E+00  0.1275163402E+06
  0.2716666667E+00  0.1273599097E+06
  0.2719444444E+00  0.1272034807E+06
  0.2722222222E+00  0.1270470502E+06
  0.2725000000E+00  0.1268906200E+06
  0.2727777778E+00  0.1267341916E+06
  0.2730555556E+00  0.1265777614E+06
  0.2733333333E+00  0.1264213309E+06
  0.2736111111E+00  0.1262649019E+06
  0.2738888889E+00  0.1261084714E+06
  0.2741666667E+00  0.1259520409E+06
  0.2744444444E+00  0.1257956118E+06
  0.2747222222E+00  0.1256391813E+06
  0.2750000000E+00  0.1254827511E+06
  0.2752777778E+00  0.1253346516E+06
  0.2755555556E+00  0.1251865513E+06
  0.2758333333E+00  0.1250384506E+06
  0.2761111111E+00  0.1248903493E+06
  0.2763888889E+00  0.1247422486E+06
  0.2766666667E+00  0.1245941481E+06
  0.2769444444E+00  0.1244460479E+06
  0.2772222222E+00  0.1242979472E+06
  0.2775000000E+00  0.1241498460E+06
  0.2777777778E+00  0.1240017454E+06
  0.2780555556E+00  0.1238536451E+06
  0.2783333333E+00  0.1237055446E+06
  0.2786111111E+00  0.1235574442E+06
  0.2788888889E+00  0.1234093437E+06
  0.2791666667E+00  0.1232612424E+06
  0.2794444444E+00  0.1231131418E+06
  0.2797222222E+00  0.1229650416E+06
  0.2800000000E+00  0.1228169409E+06
  0.2802777778E+00  0.1226719091E+06
  0.2805555556E+00  0.1225268761E+06
  0.2808333333E+00  0.1223818443E+06
  0.2811111111E+00  0.1222368123E+06
  0.2813888889E+00  0.1220917801E+06
  0.2816666667E+00  0.1219467483E+06
  0.2819444444E+00  0.1218017163E+06
  0.2822222222E+00  0.1216566845E+06
  0.2825000000E+00  0.1215116515E+06
  0.2827777778E+00  0.1213666196E+06
  0.2830555556E+00  0.1212215877E+06
  0.2833333333E+00  0.1210765558E+06
  0.2836111111E+00  0.1209315235E+06
  0.2838888889E+00  0.1207864917E+06
  0.2841666667E+00  0.1206414588E+06
  0.2844444444E+00  0.1204964269E+06
  0.2847222222E+00  0.1203513950E+06
  0.2850000000E+00  0.1202063631E+06
  0.2852777778E+00  0.1200596949E+06
  0.2855555556E+00  0.1199130268E+06
  0.2858333333E+00  0.1197663587E+06
  0.2861111111E+00  0.1196196906E+06
  0.2863888889E+00  0.1194730224E+06
  0.2866666667E+00  0.1193263533E+06
  0.2869444444E+00  0.1191796851E+06
  0.2872222222E+00  0.1190330169E+06
  0.2875000000E+00  0.1188863488E+06
  0.2877777778E+00  0.1187396806E+06
  0.2880555556E+00  0.1185930126E+06
  0.2883333333E+00  0.1184463444E+06
  0.2886111111E+00  0.1182996766E+06
  0.2888888889E+00  0.1181530085E+06
  0.2891666667E+00  0.1180063403E+06
  0.2894444444E+00  0.1178596722E+06
  0.2897222222E+00  0.1177130040E+06
  0.2900000000E+00  0.1175663359E+06
  0.2902777778E+00  0.1174140490E+06
  0.2905555556E+00  0.1172617622E+06
  0.2908333333E+00  0.1171094745E+06
  0.2911111111E+00  0.1169571877E+06
  0.2913888889E+00  0.1168049007E+06
  0.2916666667E+00  0.1166526142E+06
  0.2919444444E+00  0.1165003274E+06
  0.2922222222E+00  0.1163480404E+06
  0.2925000000E+00  0.1161957536E+06
  0.2927777778E+00  0.1160434669E+06
  0.2930555556E+00  0.1158911801E+06
  0.2933333333E+00  0.1157388931E+06
  0.2936111111E+00  0.1155866063E+06
  0.2938888889E+00  0.1154343197E+06
  0.2941666667E+00  0.1152820328E+06
  0.2944444444E+00  0.1151297459E+06
  0.2947222222E+00  0.1149774590E+06
  0.2950000000E+00  0.1148251724E+06
  0.2952777778E+00  0.1146644811E+06
  0.2955555556E+00  0.1145037905E+06
  0.2958333333E+00  0.1143431001E+06
  0.2961111111E+00  0.1141824098E+06
  0.2963888889E+00  0.1140217195E+06
  0.2966666667E+00  0.1138610282E+06
  0.2969444444E+00  0.1137003374E+06
  0.2972222222E+00  0.1135396471E+06
  0.2975000000E+00  0.1133789568E+06
  0.2977777778E+00  0.1132182665E+06
  0.2980555556E+00  0.1130575752E+06
  0.2983333333E+00  0.1128968845E+06
  0.2986111111E+00  0.1127361942E+06
  0.2988888889E+00  0.1125755039E+06
  0.2991666667E+00  0.1124148136E+06
  0.2994444444E+00  0.1122541223E+06
  0.2997222222E+00  0.1120934315E+06
  0.3000000000E+00  0.1119327412E+06
  0.3002777778E+00  0.1117619454E+06
  0.3005555556E+00  0.1115911495E+06
  0.3008333333E+00  0.1114203536E+06
  0.3011111111E+00  0.1112495578E+06
  0.3013888889E+00  0.1110787608E+06
  0.3016666667E+00  0.1109079649E+06
  0.3019444444E+00  0.1107371691E+06
  0.3022222222E+00  0.1105663732E+06
  0.3025000000E+00  0.1103955772E+06
  0.3027777778E+00  0.1102247814E+06
  0.3030555556E+00  0.1100539855E+06
  0.3033333333E+00  0.1098831896E+06
  0.3036111111E+00  0.1097123941E+06
  0.3038888889E+00  0.1095415971E+06
  0.3041666667E+00  0.1093708013E+06
  0.3044444444E+00  0.1092000054E+06
  0.3047222222E+00  0.1090292095E+06
  0.3050000000E+00  0.1088584137E+06
  0.3052777778E+00  0.1086770681E+06
  0.3055555556E+00  0.1084957230E+06
  0.3058333333E+00  0.1083143766E+06
  0.3061111111E+00  0.1081330315E+06
  0.3063888889E+00  0.1079516860E+06
  0.3066666667E+00  0.1077703409E+06
  0.3069444444E+00  0.1075889944E+06
  0.3072222222E+00  0.1074076493E+06
  0.3075000000E+00  0.1072263041E+06
  0.3077777778E+00  0.1070449587E+06
  0.3080555556E+00  0.1068636136E+06
  0.3083333333E+00  0.1066822672E+06
  0.3086111111E+00  0.1065009220E+06
  0.3088888889E+00  0.1063195765E+06
  0.3091666667E+00  0.1061382314E+06
  0.3094444444E+00  0.1059568850E+06
  0.3097222222E+00  0.1057755398E+06
  0.3100000000E+00  0.1055941947E+06
  0.3102777778E+00  0.1054030667E+06
  0.3105555556E+00  0.1052119396E+06
  0.3108333333E+00  0.1050208115E+06
  0.3111111111E+00  0.1048296838E+06
  0.3113888889E+00  0.1046385558E+06
  0.3116666667E+00  0.1044474287E+06
  0.3119444444E+00  0.1042563007E+06
  0.3122222222E+00  0.1040651726E+06
  0.3125000000E+00  0.1038740449E+06
  0.3127777778E+00  0.1036829178E+06
  0.3130555556E+00  0.1034917898E+06
  0.3133333333E+00  0.1033006618E+06
  0.3136111111E+00  0.1031095351E+06
  0.3138888889E+00  0.1029184069E+06
  0.3141666667E+00  0.1027272789E+06
  0.3144444444E+00  0.1025361509E+06
  0.3147222222E+00  0.1023450241E+06
  0.3150000000E+00  0.1021538961E+06
  0.3152777778E+00  0.1019548970E+06
  0.3155555556E+00  0.1017558984E+06
  0.3158333333E+00  0.1015568993E+06
  0.3161111111E+00  0.1013578995E+06
  0.3163888889E+00  0.1011589008E+06
  0.3166666667E+00  0.1009599018E+06
  0.3169444444E+00  0.1007609031E+06
  0.3172222222E+00  0.1005619040E+06
  0.3175000000E+00  0.1003629053E+06
  0.3177777778E+00  0.1001639063E+06
  0.3180555556E+00  0.9996490655E+05
  0.3183333333E+00  0.9976590781E+05
  0.3186111111E+00  0.9956690873E+05
  0.3188888889E+00  0.9936791010E+05
  0.3191666667E+00  0.9916891103E+05
  0.3194444444E+00  0.9896991228E+05
  0.3197222222E+00  0.9877091321E+05
  0.3200000000E+00  0.9857191457E+05
  0.3202777778E+00  0.9836779326E+05
  0.3205555556E+00  0.9816367161E+05
  0.3208333333E+00  0.9795955131E+05
  0.3211111111E+00  0.9775542978E+05
  0.3213888889E+00  0.9755130946E+05
  0.3216666667E+00  0.9734718782E+05
  0.3219444444E+00  0.9714306761E+05
  0.3222222222E+00  0.9693894630E+05
  0.3225000000E+00  0.9673482465E+05
  0.3227777778E+00  0.9653070434E+05
  0.3230555556E+00  0.9632658281E+05
  0.3233333333E+00  0.9612246249E+05
  0.3236111111E+00  0.9591834085E+05
  0.3238888889E+00  0.9571422053E+05
  0.3241666667E+00  0.9551009934E+05
  0.3244444444E+00  0.9530597768E+05
  0.3247222222E+00  0.9510185738E+05
  0.3250000000E+00  0.9489773573E+05
  0.3252777778E+00  0.9469211126E+05
  0.3255555556E+00  0.9448648535E+05
  0.3258333333E+00  0.9428085944E+05
  0.3261111111E+00  0.9407523486E+05
  0.3263888889E+00  0.9386960906E+05
  0.3266666667E+00  0.9366398315E+05
  0.3269444444E+00  0.9345835857E+05
  0.3272222222E+00  0.9325273265E+05
  0.3275000000E+00  0.9304710774E+05
  0.3277777778E+00  0.9284148228E+05
  0.3280555556E+00  0.9263585637E+05
  0.3283333333E+00  0.9243023146E+05
  0.3286111111E+00  0.9222460588E+05
  0.3288888889E+00  0.9201898008E+05
  0.3291666667E+00  0.9181335516E+05
  0.3294444444E+00  0.9160772958E+05
  0.3297222222E+00  0.9140210367E+05
  0.3300000000E+00  0.9119647887E+05
  0.3302777778E+00  0.9099332882E+05
  0.3305555556E+00  0.9079017920E+05
  0.3308333333E+00  0.9058702914E+05
  0.3311111111E+00  0.9038387920E+05
  0.3313888889E+00  0.9018072947E+05
  0.3316666667E+00  0.8997757941E+05
  0.3319444444E+00  0.8977442946E+05
  0.3322222222E+00  0.8957127974E+05
  0.3325000000E+00  0.8936813079E+05
  0.3327777778E+00  0.8916498073E+05
  0.3330555556E+00  0.8896183078E+05
  0.3333333333E+00  0.8875868106E+05
  0.3336111111E+00  0.8855553111E+05
  0.3338888889E+00  0.8835238105E+05
  0.3341666667E+00  0.8814923145E+05
  0.3344444444E+00  0.8794608138E+05
  0.3347222222E+00  0.8774293143E+05
  0.3350000000E+00  0.8753978137E+05
  0.3352777778E+00  0.8734341737E+05
  0.3355555556E+00  0.8714705303E+05
  0.3358333333E+00  0.8695068903E+05
  0.3361111111E+00  0.8675432470E+05
  0.3363888889E+00  0.8655796069E+05
  0.3366666667E+00  0.8636159636E+05
  0.3369444444E+00  0.8616523235E+05
  0.3372222222E+00  0.8596886790E+05
  0.3375000000E+00  0.8577250390E+05
  0.3377777778E+00  0.8557613956E+05
  0.3380555556E+00  0.8537977523E+05
  0.3383333333E+00  0.8518341123E+05
  0.3386111111E+00  0.8498704688E+05
  0.3388888889E+00  0.8479068288E+05
  0.3391666667E+00  0.8459431854E+05
  0.3394444444E+00  0.8439795443E+05
  0.3397222222E+00  0.8420158909E+05
  0.3400000000E+00  0.8400522509E+05
  0.3402777778E+00  0.8381994143E+05
  0.3405555556E+00  0.8363465822E+05
  0.3408333333E+00  0.8344937457E+05
  0.3411111111E+00  0.8326409024E+05
  0.3413888889E+00  0.8307880693E+05
  0.3416666667E+00  0.8289352327E+05
  0.3419444444E+00  0.8270823894E+05
  0.3422222222E+00  0.8252295574E+05
  0.3425000000E+00  0.8233767208E+05
  0.3427777778E+00  0.8215238776E+05
  0.3430555556E+00  0.8196710410E+05
  0.3433333333E+00  0.8178182078E+05
  0.3436111111E+00  0.8159653758E+05
  0.3438888889E+00  0.8141125292E+05
  0.3441666667E+00  0.8122596960E+05
  0.3444444444E+00  0.8104068627E+05
  0.3447222222E+00  0.8085540161E+05
  0.3450000000E+00  0.8067011830E+05
  0.3452777778E+00  0.8049996104E+05
  0.3455555556E+00  0.8032980277E+05
  0.3458333333E+00  0.8015964539E+05
  0.3461111111E+00  0.7998948779E+05
  0.3463888889E+00  0.7981932942E+05
  0.3466666667E+00  0.7964917216E+05
  0.3469444444E+00  0.7947901478E+05
  0.3472222222E+00  0.7930885651E+05
  0.3475000000E+00  0.7913869925E+05
  0.3477777778E+00  0.7896854088E+05
  0.3480555556E+00  0.7879838362E+05
  0.3483333333E+00  0.7862822624E+05
  0.3486111111E+00  0.7845806798E+05
  0.3488888889E+00  0.7828791026E+05
  0.3491666667E+00  0.7811775300E+05
  0.3494444444E+00  0.7794759462E+05
  0.3497222222E+00  0.7777743736E+05
  0.3500000000E+00  0.7760727910E+05
  0.3502777778E+00  0.7745585994E+05
  0.3505555556E+00  0.7730444069E+05
  0.3508333333E+00  0.7715302253E+05
  0.3511111111E+00  0.7700160305E+05
  0.3513888889E+00  0.7685018389E+05
  0.3516666667E+00  0.7669876473E+05
  0.3519444444E+00  0.7654734559E+05
  0.3522222222E+00  0.7639592643E+05
  0.3525000000E+00  0.7624450728E+05
  0.3527777778E+00  0.7609308779E+05
  0.3530555556E+00  0.7594166865E+05
  0.3533333333E+00  0.7579024949E+05
  0.3536111111E+00  0.7563883023E+05
  0.3538888889E+00  0.7548741107E+05
  0.3541666667E+00  0.7533599193E+05
  0.3544444444E+00  0.7518457277E+05
  0.3547222222E+00  0.7503315328E+05
  0.3550000000E+00  0.7488173413E+05
  0.3552777778E+00  0.7475203910E+05
  0.3555555556E+00  0.7462234272E+05
  0.3558333333E+00  0.7449264624E+05
  0.3561111111E+00  0.7436295120E+05
  0.3563888889E+00  0.7423325482E+05
  0.3566666667E+00  0.7410355979E+05
  0.3569444444E+00  0.7397386331E+05
  0.3572222222E+00  0.7384416794E+05
  0.3575000000E+00  0.7371447190E+05
  0.3577777778E+00  0.7358477653E+05
  0.3580555556E+00  0.7345508016E+05
  0.3583333333E+00  0.7332538400E+05
  0.3586111111E+00  0.7319568863E+05
  0.3588888889E+00  0.7306599259E+05
  0.3591666667E+00  0.7293629722E+05
  0.3594444444E+00  0.7280660074E+05
  0.3597222222E+00  0.7267690570E+05
  0.3600000000E+00  0.7254720933E+05
  0.3602777778E+00  0.7244143837E+05
  0.3605555556E+00  0.7233566773E+05
  0.3608333333E+00  0.7222989676E+05
  0.3611111111E+00  0.7212412569E+05
  0.3613888889E+00  0.7201835461E+05
  0.3616666667E+00  0.7191258398E+05
  0.3619444444E+00  0.7180681291E+05
  0.3622222222E+00  0.7170104194E+05
  0.3625000000E+00  0.7159527097E+05
  0.3627777778E+00  0.7148949990E+05
  0.3630555556E+00  0.7138372927E+05
  0.3633333333E+00  0.7127795820E+05
  0.3636111111E+00  0.7117218723E+05
  0.3638888889E+00  0.7106641626E+05
  0.3641666667E+00  0.7096064553E+05
  0.3644444444E+00  0.7085487456E+05
  0.3647222222E+00  0.7074910349E+05
  0.3650000000E+00  0.7064333252E+05
  0.3652777778E+00  0.7056283583E+05
  0.3655555556E+00  0.7048233916E+05
  0.3658333333E+00  0.7040184248E+05
  0.3661111111E+00  0.7032134547E+05
  0.3663888889E+00  0.7024084878E+05
  0.3666666667E+00  0.7016035221E+05
  0.3669444444E+00  0.7007985554E+05
  0.3672222222E+00  0.6999935886E+05
  0.3675000000E+00  0.6991886217E+05
  0.3677777778E+00  0.6983836516E+05
  0.3680555556E+00  0.6975786849E+05
  0.3683333333E+00  0.6967737182E+05
  0.3686111111E+00  0.6959687513E+05
  0.3688888889E+00  0.6951637855E+05
  0.3691666667E+00  0.6943588154E+05
  0.3694444444E+00  0.6935538487E+05
  0.3697222222E+00  0.6927488818E+05
  0.3700000000E+00  0.6919439151E+05
  0.3702777778E+00  0.6913957515E+05
  0.3705555556E+00  0.6908475923E+05
  0.3708333333E+00  0.6902994311E+05
  0.3711111111E+00  0.6897512685E+05
  0.3713888889E+00  0.6892031083E+05
  0.3716666667E+00  0.6886549447E+05
  0.3719444444E+00  0.6881067855E+05
  0.3722222222E+00  0.6875586219E+05
  0.3725000000E+00  0.6870104628E+05
  0.3727777778E+00  0.6864622992E+05
  0.3730555556E+00  0.6859141389E+05
  0.3733333333E+00  0.6853659753E+05
  0.3736111111E+00  0.6848178151E+05
  0.3738888889E+00  0.6842696559E+05
  0.3741666667E+00  0.6837214924E+05
  0.3744444444E+00  0.6831733332E+05
  0.3747222222E+00  0.6826251696E+05
  0.3750000000E+00  0.6820770083E+05
  0.3752777778E+00  0.6817809157E+05
  0.3755555556E+00  0.6814848219E+05
  0.3758333333E+00  0.6811887281E+05
  0.3761111111E+00  0.6808926388E+05
  0.3763888889E+00  0.6805965451E+05
  0.3766666667E+00  0.6803004504E+05
  0.3769444444E+00  0.6800043600E+05
  0.3772222222E+00  0.6797082672E+05
  0.3775000000E+00  0.6794121735E+05
  0.3777777778E+00  0.6791160798E+05
  0.3780555556E+00  0.6788199884E+05
  0.3783333333E+00  0.6785238958E+05
  0.3786111111E+00  0.6782278019E+05
  0.3788888889E+00  0.6779317082E+05
  0.3791666667E+00  0.6776356190E+05
  0.3794444444E+00  0.6773395242E+05
  0.3797222222E+00  0.6770434304E+05
  0.3800000000E+00  0.6767473367E+05
  0.3802777778E+00  0.6766890143E+05
  0.3805555556E+00  0.6766306908E+05
  0.3808333333E+00  0.6765723674E+05
  0.3811111111E+00  0.6765140439E+05
  0.3813888889E+00  0.6764557206E+05
  0.3816666667E+00  0.6763973982E+05
  0.3819444444E+00  0.6763390714E+05
  0.3822222222E+00  0.6762807480E+05
  0.3825000000E+00  0.6762224245E+05
  0.3827777778E+00  0.6761641010E+05
  0.3830555556E+00  0.6761057787E+05
  0.3833333333E+00  0.6760474552E+05
  0.3836111111E+00  0.6759891317E+05
  0.3838888889E+00  0.6759308049E+05
  0.3841666667E+00  0.6758724815E+05
  0.3844444444E+00  0.6758141591E+05
  0.3847222222E+00  0.6757558357E+05
  0.3850000000E+00  0.6756975122E+05
  0.3852777778E+00  0.6758557364E+05
  0.3855555556E+00  0.6760139627E+05
  0.3858333333E+00  0.6761721834E+05
  0.3861111111E+00  0.6763304076E+05
  0.3863888889E+00  0.6764886328E+05
  0.3866666667E+00  0.6766468580E+05
  0.3869444444E+00  0.6768050821E+05
  0.3872222222E+00  0.6769633074E+05
  0.3875000000E+00  0.6771215315E+05
  0.3877777778E+00  0.6772797567E+05
  0.3880555556E+00  0.6774379819E+05
  0.3883333333E+00  0.6775962061E+05
  0.3886111111E+00  0.6777544269E+05
  0.3888888889E+00  0.6779126532E+05
  0.3891666667E+00  0.6780708773E+05
  0.3894444444E+00  0.6782291014E+05
  0.3897222222E+00  0.6783873267E+05
  0.3900000000E+00  0.6785455519E+05
  0.3902777778E+00  0.6788911168E+05
  0.3905555556E+00  0.6792366818E+05
  0.3908333333E+00  0.6795822479E+05
  0.3911111111E+00  0.6799278138E+05
  0.3913888889E+00  0.6802733789E+05
  0.3916666667E+00  0.6806189439E+05
  0.3919444444E+00  0.6809645100E+05
  0.3922222222E+00  0.6813100759E+05
  0.3925000000E+00  0.6816556410E+05
  0.3927777778E+00  0.6820012071E+05
  0.3930555556E+00  0.6823467720E+05
  0.3933333333E+00  0.6826923347E+05
  0.3936111111E+00  0.6830378997E+05
  0.3938888889E+00  0.6833834657E+05
  0.3941666667E+00  0.6837290308E+05
  0.3944444444E+00  0.6840745968E+05
  0.3947222222E+00  0.6844201629E+05
  0.3950000000E+00  0.6847657278E+05
  0.3952777778E+00  0.6852650308E+05
  0.3955555556E+00  0.6857643317E+05
  0.3958333333E+00  0.6862636358E+05
  0.3961111111E+00  0.6867629355E+05
  0.3963888889E+00  0.6872622397E+05
  0.3966666667E+00  0.6877615394E+05
  0.3969444444E+00  0.6882608426E+05
  0.3972222222E+00  0.6887601423E+05
  0.3975000000E+00  0.6892594465E+05
  0.3977777778E+00  0.6897587495E+05
  0.3980555556E+00  0.6902580502E+05
  0.3983333333E+00  0.6907573544E+05
  0.3986111111E+00  0.6912566541E+05
  0.3988888889E+00  0.6917559582E+05
  0.3991666667E+00  0.6922552580E+05
  0.3994444444E+00  0.6927545611E+05
  0.3997222222E+00  0.6932538608E+05
  0.4000000000E+00  0.6937531650E+05
  0.4002777778E+00  0.6943684097E+05
  0.4005555556E+00  0.6949836558E+05
  0.4008333333E+00  0.6955989029E+05
  0.4011111111E+00  0.6962141477E+05
  0.4013888889E+00  0.6968293937E+05
  0.4016666667E+00  0.6974446384E+05
  0.4019444444E+00  0.6980598856E+05
  0.4022222222E+00  0.6986751325E+05
  0.4025000000E+00  0.6992903764E+05
  0.4027777778E+00  0.6999056235E+05
  0.4030555556E+00  0.7005208671E+05
  0.4033333333E+00  0.7011361143E+05
  0.4036111111E+00  0.7017513624E+05
  0.4038888889E+00  0.7023666051E+05
  0.4041666667E+00  0.7029818532E+05
  0.4044444444E+00  0.7035971002E+05
  0.4047222222E+00  0.7042123430E+05
  0.4050000000E+00  0.7048275911E+05
  0.4052777778E+00  0.7055194051E+05
  0.4055555556E+00  0.7062112213E+05
  0.4058333333E+00  0.7069030353E+05
  0.4061111111E+00  0.7075948526E+05
  0.4063888889E+00  0.7082866700E+05
  0.4066666667E+00  0.7089784829E+05
  0.4069444444E+00  0.7096703002E+05
  0.4072222222E+00  0.7103621142E+05
  0.4075000000E+00  0.7110539315E+05
  0.4077777778E+00  0.7117457445E+05
  0.4080555556E+00  0.7124375617E+05
  0.4083333333E+00  0.7131293758E+05
  0.4086111111E+00  0.7138211930E+05
  0.4088888889E+00  0.7145130094E+05
  0.4091666667E+00  0.7152048233E+05
  0.4094444444E+00  0.7158966406E+05
  0.4097222222E+00  0.7165884545E+05
  0.4100000000E+00  0.7172802709E+05
  0.4102777778E+00  0.7180092880E+05
  0.4105555556E+00  0.7187383084E+05
  0.4108333333E+00  0.7194673245E+05
  0.4111111111E+00  0.7201963448E+05
  0.4113888889E+00  0.7209253619E+05
  0.4116666667E+00  0.7216543813E+05
  0.4119444444E+00  0.7223833984E+05
  0.4122222222E+00  0.7231124187E+05
  0.4125000000E+00  0.7238414348E+05
  0.4127777778E+00  0.7245704552E+05
  0.4130555556E+00  0.7252994723E+05
  0.4133333333E+00  0.7260284926E+05
  0.4136111111E+00  0.7267575087E+05
  0.4138888889E+00  0.7274865291E+05
  0.4141666667E+00  0.7282155462E+05
  0.4144444444E+00  0.7289445656E+05
  0.4147222222E+00  0.7296735827E+05
  0.4150000000E+00  0.7304026031E+05
  0.4152777778E+00  0.7311310345E+05
  0.4155555556E+00  0.7318594627E+05
  0.4158333333E+00  0.7325878952E+05
  0.4161111111E+00  0.7333163277E+05
  0.4163888889E+00  0.7340447559E+05
  0.4166666667E+00  0.7347731873E+05
  0.4169444444E+00  0.7355016199E+05
  0.4172222222E+00  0.7362300491E+05
  0.4175000000E+00  0.7369584807E+05
  0.4177777778E+00  0.7376869131E+05
  0.4180555556E+00  0.7384153412E+05
  0.4183333333E+00  0.7391437739E+05
  0.4186111111E+00  0.7398722053E+05
  0.4188888889E+00  0.7406006345E+05
  0.4191666667E+00  0.7413290659E+05
  0.4194444444E+00  0.7420574975E+05
  0.4197222222E+00  0.7427859277E+05
  0.4200000000E+00  0.7435143592E+05
  0.4202777778E+00  0.7442079570E+05
  0.4205555556E+00  0.7449015503E+05
  0.4208333333E+00  0.7455951480E+05
  0.4211111111E+00  0.7462887425E+05
  0.4213888889E+00  0.7469823391E+05
  0.4216666667E+00  0.7476759336E+05
  0.4219444444E+00  0.7483695313E+05
  0.4222222222E+00  0.7490631246E+05
  0.4225000000E+00  0.7497567224E+05
  0.4227777778E+00  0.7504503168E+05
  0.4230555556E+00  0.7511439145E+05
  0.4233333333E+00  0.7518375079E+05
  0.4236111111E+00  0.7525311057E+05
  0.4238888889E+00  0.7532247001E+05
  0.4241666667E+00  0.7539182968E+05
  0.4244444444E+00  0.7546118911E+05
  0.4247222222E+00  0.7553054890E+05
  0.4250000000E+00  0.7559990812E+05
  0.4252777778E+00  0.7566282715E+05
  0.4255555556E+00  0.7572574607E+05
  0.4258333333E+00  0.7578866466E+05
  0.4261111111E+00  0.7585158357E+05
  0.4263888889E+00  0.7591450217E+05
  0.4266666667E+00  0.7597742109E+05
  0.4269444444E+00  0.7604033957E+05
  0.4272222222E+00  0.7610325860E+05
  0.4275000000E+00  0.7616617719E+05
  0.4277777778E+00  0.7622909612E+05
  0.4280555556E+00  0.7629201459E+05
  0.4283333333E+00  0.7635493362E+05
  0.4286111111E+00  0.7641785221E+05
  0.4288888889E+00  0.7648077112E+05
  0.4291666667E+00  0.7654368961E+05
  0.4294444444E+00  0.7660660863E+05
  0.4297222222E+00  0.7666952722E+05
  0.4300000000E+00  0.7673244603E+05
  0.4302777778E+00  0.7678654739E+05
  0.4305555556E+00  0.7684064846E+05
  0.4308333333E+00  0.7689475012E+05
  0.4311111111E+00  0.7694885078E+05
  0.4313888889E+00  0.7700295266E+05
  0.4316666667E+00  0.7705705433E+05
  0.4319444444E+00  0.7711115498E+05
  0.4322222222E+00  0.7716525664E+05
  0.4325000000E+00  0.7721935831E+05
  0.4327777778E+00  0.7727345885E+05
  0.4330555556E+00  0.7732756084E+05
  0.4333333333E+00  0.7738166251E+05
  0.4336111111E+00  0.7743576317E+05
  0.4338888889E+00  0.7748986483E+05
  0.4341666667E+00  0.7754396549E+05
  0.4344444444E+00  0.7759806703E+05
  0.4347222222E+00  0.7765216904E+05
  0.4350000000E+00  0.7770626969E+05
  0.4352777778E+00  0.7774982655E+05
  0.4355555556E+00  0.7779338241E+05
  0.4358333333E+00  0.7783693816E+05
  0.4361111111E+00  0.7788049502E+05
  0.4363888889E+00  0.7792405088E+05
  0.4366666667E+00  0.7796760675E+05
  0.4369444444E+00  0.7801116394E+05
  0.4372222222E+00  0.7805471980E+05
  0.4375000000E+00  0.7809827566E+05
  0.4377777778E+00  0.7814183241E+05
  0.4380555556E+00  0.7818538826E+05
  0.4383333333E+00  0.7822894413E+05
  0.4386111111E+00  0.7827250099E+05
  0.4388888889E+00  0.7831605685E+05
  0.4391666667E+00  0.7835961305E+05
  0.4394444444E+00  0.7840316991E+05
  0.4397222222E+00  0.7844672566E+05
  0.4400000000E+00  0.7849028151E+05
  0.4402777778E+00  0.7852227839E+05
  0.4405555556E+00  0.7855427394E+05
  0.4408333333E+00  0.7858626983E+05
  0.4411111111E+00  0.7861826636E+05
  0.4413888889E+00  0.7865026225E+05
  0.4416666667E+00  0.7868225780E+05
  0.4419444444E+00  0.7871425368E+05
  0.4422222222E+00  0.7874625022E+05
  0.4425000000E+00  0.7877824610E+05
  0.4427777778E+00  0.7881024198E+05
  0.4430555556E+00  0.7884223853E+05
  0.4433333333E+00  0.7887423440E+05
  0.4436111111E+00  0.7890622995E+05
  0.4438888889E+00  0.7893822683E+05
  0.4441666667E+00  0.7897022227E+05
  0.4444444444E+00  0.7900221814E+05
  0.4447222222E+00  0.7903421503E+05
  0.4450000000E+00  0.7906621057E+05
  0.4452777778E+00  0.7908627778E+05
  0.4455555556E+00  0.7910634531E+05
  0.4458333333E+00  0.7912641252E+05
  0.4461111111E+00  0.7914648073E+05
  0.4463888889E+00  0.7916654793E+05
  0.4466666667E+00  0.7918661513E+05
  0.4469444444E+00  0.7920668234E+05
  0.4472222222E+00  0.7922674988E+05
  0.4475000000E+00  0.7924681808E+05
  0.4477777778E+00  0.7926688528E+05
  0.4480555556E+00  0.7928695249E+05
  0.4483333333E+00  0.7930701970E+05
  0.4486111111E+00  0.7932708723E+05
  0.4488888889E+00  0.7934715455E+05
  0.4491666667E+00  0.7936722276E+05
  0.4494444444E+00  0.7938728996E+05
  0.4497222222E+00  0.7940735716E+05
  0.4500000000E+00  0.7942742470E+05
  0.4502777778E+00  0.7943585907E+05
  0.4505555556E+00  0.7944429376E+05
  0.4508333333E+00  0.7945272846E+05
  0.4511111111E+00  0.7946116326E+05
  0.4513888889E+00  0.7946959763E+05
  0.4516666667E+00  0.7947803233E+05
  0.4519444444E+00  0.7948646713E+05
  0.4522222222E+00  0.7949490183E+05
  0.4525000000E+00  0.7950333619E+05
  0.4527777778E+00  0.7951177100E+05
  0.4530555556E+00  0.7952020470E+05
  0.4533333333E+00  0.7952863939E+05
  0.4536111111E+00  0.7953707409E+05
  0.4538888889E+00  0.7954550857E+05
  0.4541666667E+00  0.7955394326E+05
  0.4544444444E+00  0.7956237796E+05
  0.4547222222E+00  0.7957081276E+05
  0.4550000000E+00  0.7957924713E+05
  0.4552777778E+00  0.7957694892E+05
  0.4555555556E+00  0.7957465051E+05
  0.4558333333E+00  0.7957235098E+05
  0.4561111111E+00  0.7957005256E+05
  0.4563888889E+00  0.7956775437E+05
  0.4566666667E+00  0.7956545595E+05
  0.4569444444E+00  0.7956315642E+05
  0.4572222222E+00  0.7956085801E+05
  0.4575000000E+00  0.7955855981E+05
  0.4577777778E+00  0.7955626140E+05
  0.4580555556E+00  0.7955396186E+05
  0.4583333333E+00  0.7955166345E+05
  0.4586111111E+00  0.7954936525E+05
  0.4588888889E+00  0.7954706683E+05
  0.4591666667E+00  0.7954476830E+05
  0.4594444444E+00  0.7954246888E+05
  0.4597222222E+00  0.7954017069E+05
  0.4600000000E+00  0.7953787227E+05
  0.4602777778E+00  0.7952620817E+05
  0.4605555556E+00  0.7951454432E+05
  0.4608333333E+00  0.7950288022E+05
  0.4611111111E+00  0.7949121646E+05
  0.4613888889E+00  0.7947955226E+05
  0.4616666667E+00  0.7946788850E+05
  0.4619444444E+00  0.7945622441E+05
  0.4622222222E+00  0.7944456054E+05
  0.4625000000E+00  0.7943289545E+05
  0.4627777778E+00  0.7942123169E+05
  0.4630555556E+00  0.7940956759E+05
  0.4633333333E+00  0.7939790373E+05
  0.4636111111E+00  0.7938623964E+05
  0.4638888889E+00  0.7937457587E+05
  0.4641666667E+00  0.7936291167E+05
  0.4644444444E+00  0.7935124792E+05
  0.4647222222E+00  0.7933958382E+05
  0.4650000000E+00  0.7932791995E+05
  0.4652777778E+00  0.7930862605E+05
  0.4655555556E+00  0.7928933315E+05
  0.4658333333E+00  0.7927003956E+05
  0.4661111111E+00  0.7925074555E+05
  0.4663888889E+00  0.7923145264E+05
  0.4666666667E+00  0.7921215907E+05
  0.4669444444E+00  0.7919286516E+05
  0.4672222222E+00  0.7917357147E+05
  0.4675000000E+00  0.7915427857E+05
  0.4677777778E+00  0.7913498466E+05
  0.4680555556E+00  0.7911569109E+05
  0.4683333333E+00  0.7909639806E+05
  0.4686111111E+00  0.7907710416E+05
  0.4688888889E+00  0.7905781058E+05
  0.4691666667E+00  0.7903851668E+05
  0.4694444444E+00  0.7901922366E+05
  0.4697222222E+00  0.7899993008E+05
  0.4700000000E+00  0.7898063618E+05
  0.4702777778E+00  0.7895570536E+05
  0.4705555556E+00  0.7893077421E+05
  0.4708333333E+00  0.7890584240E+05
  0.4711111111E+00  0.7888091147E+05
  0.4713888889E+00  0.7885597933E+05
  0.4716666667E+00  0.7883104851E+05
  0.4719444444E+00  0.7880611769E+05
  0.4722222222E+00  0.7878118555E+05
  0.4725000000E+00  0.7875625473E+05
  0.4727777778E+00  0.7873132358E+05
  0.4730555556E+00  0.7870639177E+05
  0.4733333333E+00  0.7868146095E+05
  0.4736111111E+00  0.7865652881E+05
  0.4738888889E+00  0.7863159799E+05
  0.4741666667E+00  0.7860666717E+05
  0.4744444444E+00  0.7858173503E+05
  0.4747222222E+00  0.7855680410E+05
  0.4750000000E+00  0.7853187228E+05
  0.4752777778E+00  0.7850340468E+05
  0.4755555556E+00  0.7847493642E+05
  0.4758333333E+00  0.7844646804E+05
  0.4761111111E+00  0.7841799944E+05
  0.4763888889E+00  0.7838953105E+05
  0.4766666667E+00  0.7836106379E+05
  0.4769444444E+00  0.7833259507E+05
  0.4772222222E+00  0.7830412681E+05
  0.4775000000E+00  0.7827565853E+05
  0.4777777778E+00  0.7824719012E+05
  0.4780555556E+00  0.7821872206E+05
  0.4783333333E+00  0.7819025388E+05
  0.4786111111E+00  0.7816178548E+05
  0.4788888889E+00  0.7813331740E+05
  0.4791666667E+00  0.7810484922E+05
  0.4794444444E+00  0.7807638082E+05
  0.4797222222E+00  0.7804791265E+05
  0.4800000000E+00  0.7801944415E+05
  0.4802777778E+00  0.7798950796E+05
  0.4805555556E+00  0.7795957144E+05
  0.4808333333E+00  0.7792963525E+05
  0.4811111111E+00  0.7789969873E+05
  0.4813888889E+00  0.7786976220E+05
  0.4816666667E+00  0.7783982601E+05
  0.4819444444E+00  0.7780988950E+05
  0.4822222222E+00  0.7777995298E+05
  0.4825000000E+00  0.7775001668E+05
  0.4827777778E+00  0.7772008017E+05
  0.4830555556E+00  0.7769014398E+05
  0.4833333333E+00  0.7766020745E+05
  0.4836111111E+00  0.7763027093E+05
  0.4838888889E+00  0.7760033464E+05
  0.4841666667E+00  0.7757039812E+05
  0.4844444444E+00  0.7754046160E+05
  0.4847222222E+00  0.7751052542E+05
  0.4850000000E+00  0.7748058890E+05
  0.4852777778E+00  0.7745114006E+05
  0.4855555556E+00  0.7742169123E+05
  0.4858333333E+00  0.7739224294E+05
  0.4861111111E+00  0.7736279411E+05
  0.4863888889E+00  0.7733334527E+05
  0.4866666667E+00  0.7730389655E+05
  0.4869444444E+00  0.7727444782E+05
  0.4872222222E+00  0.7724499898E+05
  0.4875000000E+00  0.7721555060E+05
  0.4877777778E+00  0.7718610176E+05
  0.4880555556E+00  0.7715665293E+05
  0.4883333333E+00  0.7712720431E+05
  0.4886111111E+00  0.7709775549E+05
  0.4888888889E+00  0.7706830698E+05
  0.4891666667E+00  0.7703885826E+05
  0.4894444444E+00  0.7700940953E+05
  0.4897222222E+00  0.7697996069E+05
  0.4900000000E+00  0.7695051197E+05
  0.4902777778E+00  0.7692325492E+05
  0.4905555556E+00  0.7689599777E+05
  0.4908333333E+00  0.7686874072E+05
  0.4911111111E+00  0.7684148367E+05
  0.4913888889E+00  0.7681422685E+05
  0.4916666667E+00  0.7678696980E+05
  0.4919444444E+00  0.7675971265E+05
  0.4922222222E+00  0.7673245560E+05
  0.4925000000E+00  0.7670519855E+05
  0.4927777778E+00  0.7667794140E+05
  0.4930555556E+00  0.7665068434E+05
  0.4933333333E+00  0.7662342741E+05
  0.4936111111E+00  0.7659617025E+05
  0.4938888889E+00  0.7656891320E+05
  0.4941666667E+00  0.7654165606E+05
  0.4944444444E+00  0.7651439900E+05
  0.4947222222E+00  0.7648714195E+05
  0.4950000000E+00  0.7645988480E+05
