  0.1027777778E-01  0.2257641817E+08
  0.1055555556E-01  0.2255031280E+08
  0.1083333333E-01  0.2252420735E+08
  0.1111111111E-01  0.2249810189E+08
  0.1138888889E-01  0.2247199652E+08
  0.1166666667E-01  0.2244589140E+08
  0.1194444444E-01  0.2241978603E+08
  0.1222222222E-01  0.2239368057E+08
  0.1250000000E-01  0.2236757521E+08
  0.1277777778E-01  0.2234147008E+08
  0.1305555556E-01  0.2231536472E+08
  0.1333333333E-01  0.2228925926E+08
  0.1361111111E-01  0.2226315380E+08
  0.1388888889E-01  0.2223704844E+08
  0.1416666667E-01  0.2221094332E+08
  0.1444444444E-01  0.2218483795E+08
  0.1472222222E-01  0.2215873248E+08
  0.1500000000E-01  0.2213262712E+08
  0.1527777778E-01  0.2209695522E+08
  0.1555555556E-01  0.2206128341E+08
  0.1583333333E-01  0.2202561117E+08
  0.1611111111E-01  0.2198993936E+08
  0.1638888889E-01  0.2195426756E+08
  0.1666666667E-01  0.2191859575E+08
  0.1694444444E-01  0.2188292350E+08
  0.1722222222E-01  0.2184725169E+08
  0.1750000000E-01  0.2181157989E+08
  0.1777777778E-01  0.2177590775E+08
  0.1805555556E-01  0.2174023584E+08
  0.1833333333E-01  0.2170456403E+08
  0.1861111111E-01  0.2166889213E+08
  0.1888888889E-01  0.2163321987E+08
  0.1916666667E-01  0.2159754807E+08
  0.1944444444E-01  0.2156187626E+08
  0.1972222222E-01  0.2152620446E+08
  0.2000000000E-01  0.2149053221E+08
  0.2027777778E-01  0.2144611330E+08
  0.2055555556E-01  0.2140169440E+08
  0.2083333333E-01  0.2135727526E+08
  0.2111111111E-01  0.2131285634E+08
  0.2138888889E-01  0.2126843711E+08
  0.2166666667E-01  0.2122401820E+08
  0.2194444444E-01  0.2117959929E+08
  0.2222222222E-01  0.2113518005E+08
  0.2250000000E-01  0.2109076124E+08
  0.2277777778E-01  0.2104634201E+08
  0.2305555556E-01  0.2100192309E+08
  0.2333333333E-01  0.2095750419E+08
  0.2361111111E-01  0.2091308495E+08
  0.2388888889E-01  0.2086866604E+08
  0.2416666667E-01  0.2082424690E+08
  0.2444444444E-01  0.2077982800E+08
  0.2472222222E-01  0.2073540909E+08
  0.2500000000E-01  0.2069098973E+08
  0.2527777778E-01  0.2063883956E+08
  0.2555555556E-01  0.2058668926E+08
  0.2583333333E-01  0.2053453907E+08
  0.2611111111E-01  0.2048238877E+08
  0.2638888889E-01  0.2043023848E+08
  0.2666666667E-01  0.2037808819E+08
  0.2694444444E-01  0.2032593789E+08
  0.2722222222E-01  0.2027378761E+08
  0.2750000000E-01  0.2022163741E+08
  0.2777777778E-01  0.2016948711E+08
  0.2805555556E-01  0.2011733683E+08
  0.2833333333E-01  0.2006518653E+08
  0.2861111111E-01  0.2001303623E+08
  0.2888888889E-01  0.1996088595E+08
  0.2916666667E-01  0.1990873575E+08
  0.2944444444E-01  0.1985658546E+08
  0.2972222222E-01  0.1980443517E+08
  0.3000000000E-01  0.1975228487E+08
  0.3027777778E-01  0.1969357621E+08
  0.3055555556E-01  0.1963486735E+08
  0.3083333333E-01  0.1957615869E+08
  0.3111111111E-01  0.1951744983E+08
  0.3138888889E-01  0.1945874117E+08
  0.3166666667E-01  0.1940003230E+08
  0.3194444444E-01  0.1934132364E+08
  0.3222222222E-01  0.1928261444E+08
  0.3250000000E-01  0.1922390579E+08
  0.3277777778E-01  0.1916519692E+08
  0.3305555556E-01  0.1910648815E+08
  0.3333333333E-01  0.1904777949E+08
  0.3361111111E-01  0.1898907062E+08
  0.3388888889E-01  0.1893036197E+08
  0.3416666667E-01  0.1887165310E+08
  0.3444444444E-01  0.1881294445E+08
  0.3472222222E-01  0.1875423557E+08
  0.3500000000E-01  0.1869552692E+08
  0.3527777778E-01  0.1863152354E+08
  0.3555555556E-01  0.1856752048E+08
  0.3583333333E-01  0.1850351764E+08
  0.3611111111E-01  0.1843951459E+08
  0.3638888889E-01  0.1837551153E+08
  0.3666666667E-01  0.1831150869E+08
  0.3694444444E-01  0.1824750563E+08
  0.3722222222E-01  0.1818350270E+08
  0.3750000000E-01  0.1811949974E+08
  0.3777777778E-01  0.1805549669E+08
  0.3805555556E-01  0.1799149375E+08
  0.3833333333E-01  0.1792749069E+08
  0.3861111111E-01  0.1786348741E+08
  0.3888888889E-01  0.1779948446E+08
  0.3916666667E-01  0.1773548141E+08
  0.3944444444E-01  0.1767147847E+08
  0.3972222222E-01  0.1760747552E+08
  0.4000000000E-01  0.1754347247E+08
  0.4027777778E-01  0.1747551967E+08
  0.4055555556E-01  0.1740756687E+08
  0.4083333333E-01  0.1733961407E+08
  0.4111111111E-01  0.1727166117E+08
  0.4138888889E-01  0.1720370848E+08
  0.4166666667E-01  0.1713575558E+08
  0.4194444444E-01  0.1706780278E+08
  0.4222222222E-01  0.1699984988E+08
  0.4250000000E-01  0.1693189720E+08
  0.4277777778E-01  0.1686394429E+08
  0.4305555556E-01  0.1679599148E+08
  0.4333333333E-01  0.1672803859E+08
  0.4361111111E-01  0.1666008590E+08
  0.4388888889E-01  0.1659213310E+08
  0.4416666667E-01  0.1652418020E+08
  0.4444444444E-01  0.1645622740E+08
  0.4472222222E-01  0.1638827460E+08
  0.4500000000E-01  0.1632032180E+08
  0.4527777778E-01  0.1624978201E+08
  0.4555555556E-01  0.1617924254E+08
  0.4583333333E-01  0.1610870318E+08
  0.4611111111E-01  0.1603816338E+08
  0.4638888889E-01  0.1596762392E+08
  0.4666666667E-01  0.1589708445E+08
  0.4694444444E-01  0.1582654476E+08
  0.4722222222E-01  0.1575600540E+08
  0.4750000000E-01  0.1568546593E+08
  0.4777777778E-01  0.1561492613E+08
  0.4805555556E-01  0.1554438678E+08
  0.4833333333E-01  0.1547384697E+08
  0.4861111111E-01  0.1540330751E+08
  0.4888888889E-01  0.1533276804E+08
  0.4916666667E-01  0.1526222835E+08
  0.4944444444E-01  0.1519168899E+08
  0.4972222222E-01  0.1512114952E+08
  0.5000000000E-01  0.1505060972E+08
  0.5027777778E-01  0.1497882632E+08
  0.5055555556E-01  0.1490704282E+08
  0.5083333333E-01  0.1483525943E+08
  0.5111111111E-01  0.1476347603E+08
  0.5138888889E-01  0.1469169229E+08
  0.5166666667E-01  0.1461990880E+08
  0.5194444444E-01  0.1454812529E+08
  0.5222222222E-01  0.1447634188E+08
  0.5250000000E-01  0.1440455839E+08
  0.5277777778E-01  0.1433277465E+08
  0.5305555556E-01  0.1426099126E+08
  0.5333333333E-01  0.1418920786E+08
  0.5361111111E-01  0.1411742436E+08
  0.5388888889E-01  0.1404564096E+08
  0.5416666667E-01  0.1397385712E+08
  0.5444444444E-01  0.1390207372E+08
  0.5472222222E-01  0.1383029022E+08
  0.5500000000E-01  0.1375850682E+08
  0.5527777778E-01  0.1368676039E+08
  0.5555555556E-01  0.1361501418E+08
  0.5583333333E-01  0.1354326808E+08
  0.5611111111E-01  0.1347152165E+08
  0.5638888889E-01  0.1339977534E+08
  0.5666666667E-01  0.1332802891E+08
  0.5694444444E-01  0.1325628270E+08
  0.5722222222E-01  0.1318453660E+08
  0.5750000000E-01  0.1311279017E+08
  0.5777777778E-01  0.1304104396E+08
  0.5805555556E-01  0.1296929742E+08
  0.5833333333E-01  0.1289755122E+08
  0.5861111111E-01  0.1282580478E+08
  0.5888888889E-01  0.1275405868E+08
  0.5916666667E-01  0.1268231247E+08
  0.5944444444E-01  0.1261056604E+08
  0.5972222222E-01  0.1253881976E+08
  0.6000000000E-01  0.1246707343E+08
  0.6027777778E-01  0.1239655497E+08
  0.6055555556E-01  0.1232603629E+08
  0.6083333333E-01  0.1225551772E+08
  0.6111111111E-01  0.1218499904E+08
  0.6138888889E-01  0.1211448047E+08
  0.6166666667E-01  0.1204396179E+08
  0.6194444444E-01  0.1197344322E+08
  0.6222222222E-01  0.1190292454E+08
  0.6250000000E-01  0.1183240607E+08
  0.6277777778E-01  0.1176188743E+08
  0.6305555556E-01  0.1169136886E+08
  0.6333333333E-01  0.1162085018E+08
  0.6361111111E-01  0.1155033161E+08
  0.6388888889E-01  0.1147981293E+08
  0.6416666667E-01  0.1140929437E+08
  0.6444444444E-01  0.1133877579E+08
  0.6472222222E-01  0.1126825722E+08
  0.6500000000E-01  0.1119773854E+08
  0.6527777778E-01  0.1112950964E+08
  0.6555555556E-01  0.1106128069E+08
  0.6583333333E-01  0.1099305179E+08
  0.6611111111E-01  0.1092482288E+08
  0.6638888889E-01  0.1085659394E+08
  0.6666666667E-01  0.1078836504E+08
  0.6694444444E-01  0.1072013610E+08
  0.6722222222E-01  0.1065190708E+08
  0.6750000000E-01  0.1058367826E+08
  0.6777777778E-01  0.1051544926E+08
  0.6805555556E-01  0.1044722040E+08
  0.6833333333E-01  0.1037899143E+08
  0.6861111111E-01  0.1031076252E+08
  0.6888888889E-01  0.1024253365E+08
  0.6916666667E-01  0.1017430465E+08
  0.6944444444E-01  0.1010607579E+08
  0.6972222222E-01  0.1003784682E+08
  0.7000000000E-01  0.9969617923E+07
  0.7027777778E-01  0.9904594295E+07
  0.7055555556E-01  0.9839570778E+07
  0.7083333333E-01  0.9774547129E+07
  0.7111111111E-01  0.9709523600E+07
  0.7138888889E-01  0.9644499984E+07
  0.7166666667E-01  0.9579476333E+07
  0.7194444444E-01  0.9514452806E+07
  0.7222222222E-01  0.9449429189E+07
  0.7250000000E-01  0.9384405639E+07
  0.7277777778E-01  0.9319382022E+07
  0.7305555556E-01  0.9254358493E+07
  0.7333333333E-01  0.9189334877E+07
  0.7361111111E-01  0.9124311227E+07
  0.7388888889E-01  0.9059287699E+07
  0.7416666667E-01  0.8994264082E+07
  0.7444444444E-01  0.8929240532E+07
  0.7472222222E-01  0.8864216904E+07
  0.7500000000E-01  0.8799193388E+07
  0.7527777778E-01  0.8738123071E+07
  0.7555555556E-01  0.8677052842E+07
  0.7583333333E-01  0.8615982658E+07
  0.7611111111E-01  0.8554912430E+07
  0.7638888889E-01  0.8493842213E+07
  0.7666666667E-01  0.8432771996E+07
  0.7694444444E-01  0.8371701801E+07
  0.7722222222E-01  0.8310631583E+07
  0.7750000000E-01  0.8249561355E+07
  0.7777777778E-01  0.8188491171E+07
  0.7805555556E-01  0.8127420944E+07
  0.7833333333E-01  0.8066350727E+07
  0.7861111111E-01  0.8005280497E+07
  0.7888888889E-01  0.7944210213E+07
  0.7916666667E-01  0.7883139996E+07
  0.7944444444E-01  0.7822069767E+07
  0.7972222222E-01  0.7760999583E+07
  0.8000000000E-01  0.7699929354E+07
  0.8027777778E-01  0.7643389519E+07
  0.8055555556E-01  0.7586849650E+07
  0.8083333333E-01  0.7530309801E+07
  0.8111111111E-01  0.7473769966E+07
  0.8138888889E-01  0.7417230086E+07
  0.8166666667E-01  0.7360690249E+07
  0.8194444444E-01  0.7304150413E+07
  0.8222222222E-01  0.7247610533E+07
  0.8250000000E-01  0.7191070696E+07
  0.8277777778E-01  0.7134530861E+07
  0.8305555556E-01  0.7077990980E+07
  0.8333333333E-01  0.7021451144E+07
  0.8361111111E-01  0.6964911308E+07
  0.8388888889E-01  0.6908371428E+07
  0.8416666667E-01  0.6851831591E+07
  0.8444444444E-01  0.6795291744E+07
  0.8472222222E-01  0.6738751875E+07
  0.8500000000E-01  0.6682212038E+07
  0.8527777778E-01  0.6630601202E+07
  0.8555555556E-01  0.6578990410E+07
  0.8583333333E-01  0.6527379573E+07
  0.8611111111E-01  0.6475768637E+07
  0.8638888889E-01  0.6424157811E+07
  0.8666666667E-01  0.6372547007E+07
  0.8694444444E-01  0.6320936182E+07
  0.8722222222E-01  0.6269325345E+07
  0.8750000000E-01  0.6217714520E+07
  0.8777777778E-01  0.6166103716E+07
  0.8805555556E-01  0.6114492880E+07
  0.8833333333E-01  0.6062882054E+07
  0.8861111111E-01  0.6011271251E+07
  0.8888888889E-01  0.5959660426E+07
  0.8916666667E-01  0.5908049489E+07
  0.8944444444E-01  0.5856438652E+07
  0.8972222222E-01  0.5804827860E+07
  0.9000000000E-01  0.5753217023E+07
  0.9027777778E-01  0.5706764262E+07
  0.9055555556E-01  0.5660311424E+07
  0.9083333333E-01  0.5613858696E+07
  0.9111111111E-01  0.5567405923E+07
  0.9138888889E-01  0.5520953085E+07
  0.9166666667E-01  0.5474500357E+07
  0.9194444444E-01  0.5428047545E+07
  0.9222222222E-01  0.5381594788E+07
  0.9250000000E-01  0.5335141975E+07
  0.9277777778E-01  0.5288689217E+07
  0.9305555556E-01  0.5242236439E+07
  0.9333333333E-01  0.5195783637E+07
  0.9361111111E-01  0.5149330869E+07
  0.9388888889E-01  0.5102878067E+07
  0.9416666667E-01  0.5056425299E+07
  0.9444444444E-01  0.5009972530E+07
  0.9472222222E-01  0.4963519719E+07
  0.9500000000E-01  0.4917066961E+07
  0.9527777778E-01  0.4875841150E+07
  0.9555555556E-01  0.4834615338E+07
  0.9583333333E-01  0.4793389494E+07
  0.9611111111E-01  0.4752163682E+07
  0.9638888889E-01  0.4710937881E+07
  0.9666666667E-01  0.4669712069E+07
  0.9694444444E-01  0.4628486257E+07
  0.9722222222E-01  0.4587260447E+07
  0.9750000000E-01  0.4546034635E+07
  0.9777777778E-01  0.4504808834E+07
  0.9805555556E-01  0.4463583023E+07
  0.9833333333E-01  0.4422357178E+07
  0.9861111111E-01  0.4381131367E+07
  0.9888888889E-01  0.4339905555E+07
  0.9916666667E-01  0.4298679754E+07
  0.9944444444E-01  0.4257453944E+07
  0.9972222222E-01  0.4216228132E+07
  0.1000000000E+00  0.4175002321E+07
  0.1002777778E+00  0.4138925834E+07
  0.1005555556E+00  0.4102849346E+07
  0.1008333333E+00  0.4066772891E+07
  0.1011111111E+00  0.4030696405E+07
  0.1013888889E+00  0.3994619917E+07
  0.1016666667E+00  0.3958543463E+07
  0.1019444444E+00  0.3922466976E+07
  0.1022222222E+00  0.3886390489E+07
  0.1025000000E+00  0.3850314024E+07
  0.1027777778E+00  0.3814237537E+07
  0.1030555556E+00  0.3778161049E+07
  0.1033333333E+00  0.3742084597E+07
  0.1036111111E+00  0.3706008109E+07
  0.1038888889E+00  0.3669931622E+07
  0.1041666667E+00  0.3633855158E+07
  0.1044444444E+00  0.3597778680E+07
  0.1047222222E+00  0.3561702193E+07
  0.1050000000E+00  0.3525625738E+07
  0.1052777778E+00  0.3494500132E+07
  0.1055555556E+00  0.3463374514E+07
  0.1058333333E+00  0.3432248907E+07
  0.1061111111E+00  0.3401123290E+07
  0.1063888889E+00  0.3369997716E+07
  0.1066666667E+00  0.3338872110E+07
  0.1069444444E+00  0.3307746492E+07
  0.1072222222E+00  0.3276620884E+07
  0.1075000000E+00  0.3245495300E+07
  0.1077777778E+00  0.3214369683E+07
  0.1080555556E+00  0.3183244077E+07
  0.1083333333E+00  0.3152118459E+07
  0.1086111111E+00  0.3120992851E+07
  0.1088888889E+00  0.3089867267E+07
  0.1091666667E+00  0.3058741661E+07
  0.1094444444E+00  0.3027616053E+07
  0.1097222222E+00  0.2996490436E+07
  0.1100000000E+00  0.2965364829E+07
  0.1102777778E+00  0.2938886509E+07
  0.1105555556E+00  0.2912408156E+07
  0.1108333333E+00  0.2885929848E+07
  0.1111111111E+00  0.2859451496E+07
  0.1113888889E+00  0.2832973176E+07
  0.1116666667E+00  0.2806494823E+07
  0.1119444444E+00  0.2780016482E+07
  0.1122222222E+00  0.2753538162E+07
  0.1125000000E+00  0.2727059810E+07
  0.1127777778E+00  0.2700581501E+07
  0.1130555556E+00  0.2674103148E+07
  0.1133333333E+00  0.2647624829E+07
  0.1136111111E+00  0.2621146476E+07
  0.1138888889E+00  0.2594668168E+07
  0.1141666667E+00  0.2568189815E+07
  0.1144444444E+00  0.2541711462E+07
  0.1147222222E+00  0.2515233133E+07
  0.1150000000E+00  0.2488754791E+07
  0.1152777778E+00  0.2466543343E+07
  0.1155555556E+00  0.2444331850E+07
  0.1158333333E+00  0.2422120369E+07
  0.1161111111E+00  0.2399908920E+07
  0.1163888889E+00  0.2377697439E+07
  0.1166666667E+00  0.2355485991E+07
  0.1169444444E+00  0.2333274498E+07
  0.1172222222E+00  0.2311063017E+07
  0.1175000000E+00  0.2288851569E+07
  0.1177777778E+00  0.2266640087E+07
  0.1180555556E+00  0.2244428606E+07
  0.1183333333E+00  0.2222217157E+07
  0.1186111111E+00  0.2200005665E+07
  0.1188888889E+00  0.2177794216E+07
  0.1191666667E+00  0.2155582735E+07
  0.1194444444E+00  0.2133371254E+07
  0.1197222222E+00  0.2111159805E+07
  0.1200000000E+00  0.2088948313E+07
  0.1202777778E+00  0.2070568844E+07
  0.1205555556E+00  0.2052189385E+07
  0.1208333333E+00  0.2033809926E+07
  0.1211111111E+00  0.2015430501E+07
  0.1213888889E+00  0.1997051032E+07
  0.1216666667E+00  0.1978671562E+07
  0.1219444444E+00  0.1960292103E+07
  0.1222222222E+00  0.1941912634E+07
  0.1225000000E+00  0.1923533175E+07
  0.1227777778E+00  0.1905153717E+07
  0.1230555556E+00  0.1886774247E+07
  0.1233333333E+00  0.1868394778E+07
  0.1236111111E+00  0.1850015352E+07
  0.1238888889E+00  0.1831635894E+07
  0.1241666667E+00  0.1813256425E+07
  0.1244444444E+00  0.1794876955E+07
  0.1247222222E+00  0.1776497496E+07
  0.1250000000E+00  0.1758118037E+07
  0.1252777778E+00  0.1743104305E+07
  0.1255555556E+00  0.1728090617E+07
  0.1258333333E+00  0.1713076895E+07
  0.1261111111E+00  0.1698063163E+07
  0.1263888889E+00  0.1683049441E+07
  0.1266666667E+00  0.1668035719E+07
  0.1269444444E+00  0.1653022021E+07
  0.1272222222E+00  0.1638008299E+07
  0.1275000000E+00  0.1622994577E+07
  0.1277777778E+00  0.1607980845E+07
  0.1280555556E+00  0.1592967156E+07
  0.1283333333E+00  0.1577953434E+07
  0.1286111111E+00  0.1562939703E+07
  0.1288888889E+00  0.1547925981E+07
  0.1291666667E+00  0.1532912259E+07
  0.1294444444E+00  0.1517898560E+07
  0.1297222222E+00  0.1502884838E+07
  0.1300000000E+00  0.1487871116E+07
  0.1302777778E+00  0.1475748112E+07
  0.1305555556E+00  0.1463625118E+07
  0.1308333333E+00  0.1451502124E+07
  0.1311111111E+00  0.1439379130E+07
  0.1313888889E+00  0.1427256136E+07
  0.1316666667E+00  0.1415133175E+07
  0.1319444444E+00  0.1403010181E+07
  0.1322222222E+00  0.1390887187E+07
  0.1325000000E+00  0.1378764204E+07
  0.1327777778E+00  0.1366641210E+07
  0.1330555556E+00  0.1354518216E+07
  0.1333333333E+00  0.1342395221E+07
  0.1336111111E+00  0.1330272227E+07
  0.1338888889E+00  0.1318149233E+07
  0.1341666667E+00  0.1306026239E+07
  0.1344444444E+00  0.1293903235E+07
  0.1347222222E+00  0.1281780241E+07
  0.1350000000E+00  0.1269657247E+07
  0.1352777778E+00  0.1259958580E+07
  0.1355555556E+00  0.1250259870E+07
  0.1358333333E+00  0.1240561194E+07
  0.1361111111E+00  0.1230862484E+07
  0.1363888889E+00  0.1221163808E+07
  0.1366666667E+00  0.1211465108E+07
  0.1369444444E+00  0.1201766398E+07
  0.1372222222E+00  0.1192067722E+07
  0.1375000000E+00  0.1182369012E+07
  0.1377777778E+00  0.1172670345E+07
  0.1380555556E+00  0.1162971635E+07
  0.1383333333E+00  0.1153272959E+07
  0.1386111111E+00  0.1143574249E+07
  0.1388888889E+00  0.1133875573E+07
  0.1391666667E+00  0.1124176873E+07
  0.1394444444E+00  0.1114478196E+07
  0.1397222222E+00  0.1104779486E+07
  0.1400000000E+00  0.1095080810E+07
  0.1402777778E+00  0.1087365379E+07
  0.1405555556E+00  0.1079649970E+07
  0.1408333333E+00  0.1071934539E+07
  0.1411111111E+00  0.1064219130E+07
  0.1413888889E+00  0.1056503699E+07
  0.1416666667E+00  0.1048788301E+07
  0.1419444444E+00  0.1041072858E+07
  0.1422222222E+00  0.1033357461E+07
  0.1425000000E+00  0.1025642029E+07
  0.1427777778E+00  0.1017926621E+07
  0.1430555556E+00  0.1010211189E+07
  0.1433333333E+00  0.1002495780E+07
  0.1436111111E+00  0.9947803692E+06
  0.1438888889E+00  0.9870649548E+06
  0.1441666667E+00  0.9793495291E+06
  0.1444444444E+00  0.9716341180E+06
  0.1447222222E+00  0.9639186923E+06
  0.1450000000E+00  0.9562032778E+06
  0.1452777778E+00  0.9500673671E+06
  0.1455555556E+00  0.9439314586E+06
  0.1458333333E+00  0.9377955479E+06
  0.1461111111E+00  0.9316596361E+06
  0.1463888889E+00  0.9255237288E+06
  0.1466666667E+00  0.9193878169E+06
  0.1469444444E+00  0.9132519062E+06
  0.1472222222E+00  0.9071159944E+06
  0.1475000000E+00  0.9009800759E+06
  0.1477777778E+00  0.8948441752E+06
  0.1480555556E+00  0.8887082534E+06
  0.1483333333E+00  0.8825723560E+06
  0.1486111111E+00  0.8764364342E+06
  0.1488888889E+00  0.8703005335E+06
  0.1491666667E+00  0.8641646116E+06
  0.1494444444E+00  0.8580287143E+06
  0.1497222222E+00  0.8518927924E+06
  0.1500000000E+00  0.8457568906E+06
  0.1502777778E+00  0.8408425035E+06
  0.1505555556E+00  0.8359281141E+06
  0.1508333333E+00  0.8310137281E+06
  0.1511111111E+00  0.8260993377E+06
  0.1513888889E+00  0.8211849517E+06
  0.1516666667E+00  0.8162705612E+06
  0.1519444444E+00  0.8113561752E+06
  0.1522222222E+00  0.8064417891E+06
  0.1525000000E+00  0.8015273986E+06
  0.1527777778E+00  0.7966130126E+06
  0.1530555556E+00  0.7916986222E+06
  0.1533333333E+00  0.7867842362E+06
  0.1536111111E+00  0.7818698468E+06
  0.1538888889E+00  0.7769554597E+06
  0.1541666667E+00  0.7720410803E+06
  0.1544444444E+00  0.7671266931E+06
  0.1547222222E+00  0.7622123038E+06
  0.1550000000E+00  0.7572979178E+06
  0.1552777778E+00  0.7532985866E+06
  0.1555555556E+00  0.7492992632E+06
  0.1558333333E+00  0.7452999420E+06
  0.1561111111E+00  0.7413006120E+06
  0.1563888889E+00  0.7373012885E+06
  0.1566666667E+00  0.7333019674E+06
  0.1569444444E+00  0.7293026373E+06
  0.1572222222E+00  0.7253033128E+06
  0.1575000000E+00  0.7213039928E+06
  0.1577777778E+00  0.7173046627E+06
  0.1580555556E+00  0.7133053382E+06
  0.1583333333E+00  0.7093060181E+06
  0.1586111111E+00  0.7053066836E+06
  0.1588888889E+00  0.7013073635E+06
  0.1591666667E+00  0.6973080435E+06
  0.1594444444E+00  0.6933087090E+06
  0.1597222222E+00  0.6893093889E+06
  0.1600000000E+00  0.6853100577E+06
  0.1602777778E+00  0.6819728566E+06
  0.1605555556E+00  0.6786356444E+06
  0.1608333333E+00  0.6752984432E+06
  0.1611111111E+00  0.6719612310E+06
  0.1613888889E+00  0.6686240188E+06
  0.1616666667E+00  0.6652868177E+06
  0.1619444444E+00  0.6619496055E+06
  0.1622222222E+00  0.6586123944E+06
  0.1625000000E+00  0.6552751888E+06
  0.1627777778E+00  0.6519379765E+06
  0.1630555556E+00  0.6486007654E+06
  0.1633333333E+00  0.6452635632E+06
  0.1636111111E+00  0.6419263510E+06
  0.1638888889E+00  0.6385891399E+06
  0.1641666667E+00  0.6352519377E+06
  0.1644444444E+00  0.6319147266E+06
  0.1647222222E+00  0.6285775143E+06
  0.1650000000E+00  0.6252403121E+06
  0.1652777778E+00  0.6223643588E+06
  0.1655555556E+00  0.6194884054E+06
  0.1658333333E+00  0.6166124620E+06
  0.1661111111E+00  0.6137365088E+06
  0.1663888889E+00  0.6108605553E+06
  0.1666666667E+00  0.6079846086E+06
  0.1669444444E+00  0.6051086553E+06
  0.1672222222E+00  0.6022327019E+06
  0.1675000000E+00  0.5993567486E+06
  0.1677777778E+00  0.5964808042E+06
  0.1680555556E+00  0.5936048508E+06
  0.1683333333E+00  0.5907288974E+06
  0.1686111111E+00  0.5878529508E+06
  0.1688888889E+00  0.5849769974E+06
  0.1691666667E+00  0.5821010440E+06
  0.1694444444E+00  0.5792250907E+06
  0.1697222222E+00  0.5763491474E+06
  0.1700000000E+00  0.5734731940E+06
  0.1702777778E+00  0.5709076730E+06
  0.1705555556E+00  0.5683421532E+06
  0.1708333333E+00  0.5657766367E+06
  0.1711111111E+00  0.5632111168E+06
  0.1713888889E+00  0.5606456069E+06
  0.1716666667E+00  0.5580800872E+06
  0.1719444444E+00  0.5555145695E+06
  0.1722222222E+00  0.5529490496E+06
  0.1725000000E+00  0.5503835298E+06
  0.1727777778E+00  0.5478180099E+06
  0.1730555556E+00  0.5452524935E+06
  0.1733333333E+00  0.5426869736E+06
  0.1736111111E+00  0.5401214526E+06
  0.1738888889E+00  0.5375559427E+06
  0.1741666667E+00  0.5349904262E+06
  0.1744444444E+00  0.5324249064E+06
  0.1747222222E+00  0.5298593866E+06
  0.1750000000E+00  0.5272938667E+06
  0.1752777778E+00  0.5249322262E+06
  0.1755555556E+00  0.5225705924E+06
  0.1758333333E+00  0.5202089498E+06
  0.1761111111E+00  0.5178473160E+06
  0.1763888889E+00  0.5154856722E+06
  0.1766666667E+00  0.5131240296E+06
  0.1769444444E+00  0.5107623958E+06
  0.1772222222E+00  0.5084007531E+06
  0.1775000000E+00  0.5060391227E+06
  0.1777777778E+00  0.5036774789E+06
  0.1780555556E+00  0.5013158362E+06
  0.1783333333E+00  0.4989542024E+06
  0.1786111111E+00  0.4965925597E+06
  0.1788888889E+00  0.4942309259E+06
  0.1791666667E+00  0.4918692821E+06
  0.1794444444E+00  0.4895076428E+06
  0.1797222222E+00  0.4871460090E+06
  0.1800000000E+00  0.4847843653E+06
  0.1802777778E+00  0.4825581925E+06
  0.1805555556E+00  0.4803320054E+06
  0.1808333333E+00  0.4781058327E+06
  0.1811111111E+00  0.4758796490E+06
  0.1813888889E+00  0.4736534763E+06
  0.1816666667E+00  0.4714272892E+06
  0.1819444444E+00  0.4692011115E+06
  0.1822222222E+00  0.4669749326E+06
  0.1825000000E+00  0.4647487550E+06
  0.1827777778E+00  0.4625225728E+06
  0.1830555556E+00  0.4602963952E+06
  0.1833333333E+00  0.4580702164E+06
  0.1836111111E+00  0.4558440387E+06
  0.1838888889E+00  0.4536178599E+06
  0.1841666667E+00  0.4513916789E+06
  0.1844444444E+00  0.4491654991E+06
  0.1847222222E+00  0.4469393214E+06
  0.1850000000E+00  0.4447131426E+06
  0.1852777778E+00  0.4425855437E+06
  0.1855555556E+00  0.4404579471E+06
  0.1858333333E+00  0.4383303461E+06
  0.1861111111E+00  0.4362027505E+06
  0.1863888889E+00  0.4340751506E+06
  0.1866666667E+00  0.4319475540E+06
  0.1869444444E+00  0.4298199551E+06
  0.1872222222E+00  0.4276923574E+06
  0.1875000000E+00  0.4255647575E+06
  0.1877777778E+00  0.4234371620E+06
  0.1880555556E+00  0.4213095621E+06
  0.1883333333E+00  0.4191819644E+06
  0.1886111111E+00  0.4170543655E+06
  0.1888888889E+00  0.4149267689E+06
  0.1891666667E+00  0.4127991690E+06
  0.1894444444E+00  0.4106715701E+06
  0.1897222222E+00  0.4085439724E+06
  0.1900000000E+00  0.4064163725E+06
  0.1902777778E+00  0.4043745077E+06
  0.1905555556E+00  0.4023326407E+06
  0.1908333333E+00  0.4002907726E+06
  0.1911111111E+00  0.3982489079E+06
  0.1913888889E+00  0.3962070408E+06
  0.1916666667E+00  0.3941651727E+06
  0.1919444444E+00  0.3921233079E+06
  0.1922222222E+00  0.3900814399E+06
  0.1925000000E+00  0.3880395728E+06
  0.1927777778E+00  0.3859977081E+06
  0.1930555556E+00  0.3839558399E+06
  0.1933333333E+00  0.3819139719E+06
  0.1936111111E+00  0.3798721082E+06
  0.1938888889E+00  0.3778302402E+06
  0.1941666667E+00  0.3757883720E+06
  0.1944444444E+00  0.3737465071E+06
  0.1947222222E+00  0.3717046402E+06
  0.1950000000E+00  0.3696627721E+06
  0.1952777778E+00  0.3677110893E+06
  0.1955555556E+00  0.3657594075E+06
  0.1958333333E+00  0.3638077213E+06
  0.1961111111E+00  0.3618560396E+06
  0.1963888889E+00  0.3599043545E+06
  0.1966666667E+00  0.3579526728E+06
  0.1969444444E+00  0.3560009899E+06
  0.1972222222E+00  0.3540493048E+06
  0.1975000000E+00  0.3520976220E+06
  0.1977777778E+00  0.3501459359E+06
  0.1980555556E+00  0.3481942541E+06
  0.1983333333E+00  0.3462425713E+06
  0.1986111111E+00  0.3442908861E+06
  0.1988888889E+00  0.3423392044E+06
  0.1991666667E+00  0.3403875193E+06
  0.1994444444E+00  0.3384358365E+06
  0.1997222222E+00  0.3364841547E+06
  0.2000000000E+00  0.3345324686E+06
  0.2002777778E+00  0.3326859255E+06
  0.2005555556E+00  0.3308393813E+06
  0.2008333333E+00  0.3289928382E+06
  0.2011111111E+00  0.3271462960E+06
  0.2013888889E+00  0.3252997518E+06
  0.2016666667E+00  0.3234532087E+06
  0.2019444444E+00  0.3216066645E+06
  0.2022222222E+00  0.3197601214E+06
  0.2025000000E+00  0.3179135783E+06
  0.2027777778E+00  0.3160670341E+06
  0.2030555556E+00  0.3142204910E+06
  0.2033333333E+00  0.3123739479E+06
  0.2036111111E+00  0.3105274037E+06
  0.2038888889E+00  0.3086808606E+06
  0.2041666667E+00  0.3068343164E+06
  0.2044444444E+00  0.3049877732E+06
  0.2047222222E+00  0.3031412313E+06
  0.2050000000E+00  0.3012946870E+06
  0.2052777778E+00  0.2995736778E+06
  0.2055555556E+00  0.2978526685E+06
  0.2058333333E+00  0.2961316628E+06
  0.2061111111E+00  0.2944106534E+06
  0.2063888889E+00  0.2926896453E+06
  0.2066666667E+00  0.2909686350E+06
  0.2069444444E+00  0.2892476303E+06
  0.2072222222E+00  0.2875266199E+06
  0.2075000000E+00  0.2858056118E+06
  0.2077777778E+00  0.2840846015E+06
  0.2080555556E+00  0.2823635934E+06
  0.2083333333E+00  0.2806425874E+06
  0.2086111111E+00  0.2789215783E+06
  0.2088888889E+00  0.2772005690E+06
  0.2091666667E+00  0.2754795598E+06
  0.2094444444E+00  0.2737585539E+06
  0.2097222222E+00  0.2720375457E+06
  0.2100000000E+00  0.2703165355E+06
  0.2102777778E+00  0.2687419982E+06
  0.2105555556E+00  0.2671674587E+06
  0.2108333333E+00  0.2655929171E+06
  0.2111111111E+00  0.2640183799E+06
  0.2113888889E+00  0.2624438403E+06
  0.2116666667E+00  0.2608692987E+06
  0.2119444444E+00  0.2592947615E+06
  0.2122222222E+00  0.2577202221E+06
  0.2125000000E+00  0.2561456837E+06
  0.2127777778E+00  0.2545711431E+06
  0.2130555556E+00  0.2529966037E+06
  0.2133333333E+00  0.2514220654E+06
  0.2136111111E+00  0.2498475248E+06
  0.2138888889E+00  0.2482729854E+06
  0.2141666667E+00  0.2466984471E+06
  0.2144444444E+00  0.2451239097E+06
  0.2147222222E+00  0.2435493670E+06
  0.2150000000E+00  0.2419748297E+06
  0.2152777778E+00  0.2405646626E+06
  0.2155555556E+00  0.2391544999E+06
  0.2158333333E+00  0.2377443341E+06
  0.2161111111E+00  0.2363341679E+06
  0.2163888889E+00  0.2349240052E+06
  0.2166666667E+00  0.2335138392E+06
  0.2169444444E+00  0.2321036733E+06
  0.2172222222E+00  0.2306935106E+06
  0.2175000000E+00  0.2292833446E+06
  0.2177777778E+00  0.2278731785E+06
  0.2180555556E+00  0.2264630125E+06
  0.2183333333E+00  0.2250528487E+06
  0.2186111111E+00  0.2236426837E+06
  0.2188888889E+00  0.2222325178E+06
  0.2191666667E+00  0.2208223540E+06
  0.2194444444E+00  0.2194121890E+06
  0.2197222222E+00  0.2180020231E+06
  0.2200000000E+00  0.2165918593E+06
  0.2202777778E+00  0.2153588374E+06
  0.2205555556E+00  0.2141258177E+06
  0.2208333333E+00  0.2128927970E+06
  0.2211111111E+00  0.2116597773E+06
  0.2213888889E+00  0.2104267553E+06
  0.2216666667E+00  0.2091937346E+06
  0.2219444444E+00  0.2079607149E+06
  0.2222222222E+00  0.2067276952E+06
  0.2225000000E+00  0.2054946723E+06
  0.2227777778E+00  0.2042616526E+06
  0.2230555556E+00  0.2030286329E+06
  0.2233333333E+00  0.2017956122E+06
  0.2236111111E+00  0.2005625902E+06
  0.2238888889E+00  0.1993295705E+06
  0.2241666667E+00  0.1980965498E+06
  0.2244444444E+00  0.1968635312E+06
  0.2247222222E+00  0.1956305082E+06
  0.2250000000E+00  0.1943974875E+06
  0.2252777778E+00  0.1933474782E+06
  0.2255555556E+00  0.1922974635E+06
  0.2258333333E+00  0.1912474543E+06
  0.2261111111E+00  0.1901974395E+06
  0.2263888889E+00  0.1891474303E+06
  0.2266666667E+00  0.1880974167E+06
  0.2269444444E+00  0.1870474064E+06
  0.2272222222E+00  0.1859973928E+06
  0.2275000000E+00  0.1849473824E+06
  0.2277777778E+00  0.1838973689E+06
  0.2280555556E+00  0.1828473596E+06
  0.2283333333E+00  0.1817973449E+06
  0.2286111111E+00  0.1807473356E+06
  0.2288888889E+00  0.1796973209E+06
  0.2291666667E+00  0.1786473107E+06
  0.2294444444E+00  0.1775972970E+06
  0.2297222222E+00  0.1765472867E+06
  0.2300000000E+00  0.1754972742E+06
  0.2302777778E+00  0.1746290860E+06
  0.2305555556E+00  0.1737608957E+06
  0.2308333333E+00  0.1728927086E+06
  0.2311111111E+00  0.1720245183E+06
  0.2313888889E+00  0.1711563313E+06
  0.2316666667E+00  0.1702881419E+06
  0.2319444444E+00  0.1694199538E+06
  0.2322222222E+00  0.1685517635E+06
  0.2325000000E+00  0.1676835765E+06
  0.2327777778E+00  0.1668153861E+06
  0.2330555556E+00  0.1659471991E+06
  0.2333333333E+00  0.1650790076E+06
  0.2336111111E+00  0.1642108206E+06
  0.2338888889E+00  0.1633426303E+06
  0.2341666667E+00  0.1624744432E+06
  0.2344444444E+00  0.1616062539E+06
  0.2347222222E+00  0.1607380669E+06
  0.2350000000E+00  0.1598698754E+06
  0.2352777778E+00  0.1591752567E+06
  0.2355555556E+00  0.1584806346E+06
  0.2358333333E+00  0.1577860169E+06
  0.2361111111E+00  0.1570913970E+06
  0.2363888889E+00  0.1563967749E+06
  0.2366666667E+00  0.1557021562E+06
  0.2369444444E+00  0.1550075351E+06
  0.2372222222E+00  0.1543129152E+06
  0.2375000000E+00  0.1536182965E+06
  0.2377777778E+00  0.1529236744E+06
  0.2380555556E+00  0.1522290567E+06
  0.2383333333E+00  0.1515344335E+06
  0.2386111111E+00  0.1508398147E+06
  0.2388888889E+00  0.1501451926E+06
  0.2391666667E+00  0.1494505749E+06
  0.2394444444E+00  0.1487559551E+06
  0.2397222222E+00  0.1480613330E+06
  0.2400000000E+00  0.1473667152E+06
  0.2402777778E+00  0.1468313069E+06
  0.2405555556E+00  0.1462959020E+06
  0.2408333333E+00  0.1457604980E+06
  0.2411111111E+00  0.1452250897E+06
  0.2413888889E+00  0.1446896847E+06
  0.2416666667E+00  0.1441542807E+06
  0.2419444444E+00  0.1436188724E+06
  0.2422222222E+00  0.1430834696E+06
  0.2425000000E+00  0.1425480646E+06
  0.2427777778E+00  0.1420126563E+06
  0.2430555556E+00  0.1414772523E+06
  0.2433333333E+00  0.1409418474E+06
  0.2436111111E+00  0.1404064424E+06
  0.2438888889E+00  0.1398710351E+06
  0.2441666667E+00  0.1393356301E+06
  0.2444444444E+00  0.1388002262E+06
  0.2447222222E+00  0.1382648178E+06
  0.2450000000E+00  0.1377294129E+06
  0.2452777778E+00  0.1373340155E+06
  0.2455555556E+00  0.1369386160E+06
  0.2458333333E+00  0.1365432177E+06
  0.2461111111E+00  0.1361478203E+06
  0.2463888889E+00  0.1357524208E+06
  0.2466666667E+00  0.1353570235E+06
  0.2469444444E+00  0.1349616251E+06
  0.2472222222E+00  0.1345662257E+06
  0.2475000000E+00  0.1341708283E+06
  0.2477777778E+00  0.1337754300E+06
  0.2480555556E+00  0.1333800305E+06
  0.2483333333E+00  0.1329846331E+06
  0.2486111111E+00  0.1325892347E+06
  0.2488888889E+00  0.1321938353E+06
  0.2491666667E+00  0.1317984379E+06
  0.2494444444E+00  0.1314030396E+06
  0.2497222222E+00  0.1310076434E+06
  0.2500000000E+00  0.1306122461E+06
  0.2502777778E+00  0.1303342101E+06
  0.2505555556E+00  0.1300561785E+06
  0.2508333333E+00  0.1297781459E+06
  0.2511111111E+00  0.1295001143E+06
  0.2513888889E+00  0.1292220827E+06
  0.2516666667E+00  0.1289440501E+06
  0.2519444444E+00  0.1286660196E+06
  0.2522222222E+00  0.1283879866E+06
  0.2525000000E+00  0.1281099547E+06
  0.2527777778E+00  0.1278319221E+06
  0.2530555556E+00  0.1275538901E+06
  0.2533333333E+00  0.1272758582E+06
  0.2536111111E+00  0.1269978252E+06
  0.2538888889E+00  0.1267197933E+06
  0.2541666667E+00  0.1264417607E+06
  0.2544444444E+00  0.1261637287E+06
  0.2547222222E+00  0.1258856969E+06
  0.2550000000E+00  0.1256076650E+06
  0.2552777778E+00  0.1254226399E+06
  0.2555555556E+00  0.1252376154E+06
  0.2558333333E+00  0.1250525903E+06
  0.2561111111E+00  0.1248675659E+06
  0.2563888889E+00  0.1246825404E+06
  0.2566666667E+00  0.1244975153E+06
  0.2569444444E+00  0.1243124909E+06
  0.2572222222E+00  0.1241274658E+06
  0.2575000000E+00  0.1239424424E+06
  0.2577777778E+00  0.1237574173E+06
  0.2580555556E+00  0.1235723919E+06
  0.2583333333E+00  0.1233873678E+06
  0.2586111111E+00  0.1232023423E+06
  0.2588888889E+00  0.1230173172E+06
  0.2591666667E+00  0.1228322928E+06
  0.2594444444E+00  0.1226472674E+06
  0.2597222222E+00  0.1224622433E+06
  0.2600000000E+00  0.1222772189E+06
  0.2602777778E+00  0.1221604686E+06
  0.2605555556E+00  0.1220437196E+06
  0.2608333333E+00  0.1219269697E+06
  0.2611111111E+00  0.1218102209E+06
  0.2613888889E+00  0.1216934706E+06
  0.2616666667E+00  0.1215767217E+06
  0.2619444444E+00  0.1214599719E+06
  0.2622222222E+00  0.1213432230E+06
  0.2625000000E+00  0.1212264732E+06
  0.2627777778E+00  0.1211097229E+06
  0.2630555556E+00  0.1209929740E+06
  0.2633333333E+00  0.1208762242E+06
  0.2636111111E+00  0.1207594753E+06
  0.2638888889E+00  0.1206427250E+06
  0.2641666667E+00  0.1205259762E+06
  0.2644444444E+00  0.1204092263E+06
  0.2647222222E+00  0.1202924765E+06
  0.2650000000E+00  0.1201757276E+06
  0.2652777778E+00  0.1201036480E+06
  0.2655555556E+00  0.1200315698E+06
  0.2658333333E+00  0.1199594902E+06
  0.2661111111E+00  0.1198874121E+06
  0.2663888889E+00  0.1198153325E+06
  0.2666666667E+00  0.1197432543E+06
  0.2669444444E+00  0.1196711747E+06
  0.2672222222E+00  0.1195990965E+06
  0.2675000000E+00  0.1195270169E+06
  0.2677777778E+00  0.1194549387E+06
  0.2680555556E+00  0.1193828595E+06
  0.2683333333E+00  0.1193107810E+06
  0.2686111111E+00  0.1192387017E+06
  0.2688888889E+00  0.1191666232E+06
  0.2691666667E+00  0.1190945439E+06
  0.2694444444E+00  0.1190224654E+06
  0.2697222222E+00  0.1189503862E+06
  0.2700000000E+00  0.1188783077E+06
  0.2702777778E+00  0.1188295470E+06
  0.2705555556E+00  0.1187807872E+06
  0.2708333333E+00  0.1187320264E+06
  0.2711111111E+00  0.1186832666E+06
  0.2713888889E+00  0.1186345059E+06
  0.2716666667E+00  0.1185857462E+06
  0.2719444444E+00  0.1185369854E+06
  0.2722222222E+00  0.1184882254E+06
  0.2725000000E+00  0.1184394646E+06
  0.2727777778E+00  0.1183907039E+06
  0.2730555556E+00  0.1183419442E+06
  0.2733333333E+00  0.1182931834E+06
  0.2736111111E+00  0.1182444237E+06
  0.2738888889E+00  0.1181956630E+06
  0.2741666667E+00  0.1181469032E+06
  0.2744444444E+00  0.1180981422E+06
  0.2747222222E+00  0.1180493824E+06
  0.2750000000E+00  0.1180006217E+06
  0.2752777778E+00  0.1179568902E+06
  0.2755555556E+00  0.1179131587E+06
  0.2758333333E+00  0.1178694273E+06
  0.2761111111E+00  0.1178256959E+06
  0.2763888889E+00  0.1177819645E+06
  0.2766666667E+00  0.1177382331E+06
  0.2769444444E+00  0.1176945006E+06
  0.2772222222E+00  0.1176507692E+06
  0.2775000000E+00  0.1176070378E+06
  0.2777777778E+00  0.1175633064E+06
  0.2780555556E+00  0.1175195750E+06
  0.2783333333E+00  0.1174758435E+06
  0.2786111111E+00  0.1174321121E+06
  0.2788888889E+00  0.1173883810E+06
  0.2791666667E+00  0.1173446496E+06
  0.2794444444E+00  0.1173009182E+06
  0.2797222222E+00  0.1172571868E+06
  0.2800000000E+00  0.1172134554E+06
  0.2802777778E+00  0.1171601570E+06
  0.2805555556E+00  0.1171068597E+06
  0.2808333333E+00  0.1170535628E+06
  0.2811111111E+00  0.1170002656E+06
  0.2813888889E+00  0.1169469686E+06
  0.2816666667E+00  0.1168936713E+06
  0.2819444444E+00  0.1168403741E+06
  0.2822222222E+00  0.1167870771E+06
  0.2825000000E+00  0.1167337798E+06
  0.2827777778E+00  0.1166804829E+06
  0.2830555556E+00  0.1166271857E+06
  0.2833333333E+00  0.1165738874E+06
  0.2836111111E+00  0.1165205904E+06
  0.2838888889E+00  0.1164672932E+06
  0.2841666667E+00  0.1164139962E+06
  0.2844444444E+00  0.1163606989E+06
  0.2847222222E+00  0.1163074016E+06
  0.2850000000E+00  0.1162541048E+06
  0.2852777778E+00  0.1161806672E+06
  0.2855555556E+00  0.1161072287E+06
  0.2858333333E+00  0.1160337909E+06
  0.2861111111E+00  0.1159603534E+06
  0.2863888889E+00  0.1158869148E+06
  0.2866666667E+00  0.1158134774E+06
  0.2869444444E+00  0.1157400399E+06
  0.2872222222E+00  0.1156666024E+06
  0.2875000000E+00  0.1155931638E+06
  0.2877777778E+00  0.1155197260E+06
  0.2880555556E+00  0.1154462886E+06
  0.2883333333E+00  0.1153728501E+06
  0.2886111111E+00  0.1152994125E+06
  0.2888888889E+00  0.1152259750E+06
  0.2891666667E+00  0.1151525366E+06
  0.2894444444E+00  0.1150790990E+06
  0.2897222222E+00  0.1150056615E+06
  0.2900000000E+00  0.1149322237E+06
  0.2902777778E+00  0.1148319850E+06
  0.2905555556E+00  0.1147317472E+06
  0.2908333333E+00  0.1146315086E+06
  0.2911111111E+00  0.1145312706E+06
  0.2913888889E+00  0.1144310321E+06
  0.2916666667E+00  0.1143307941E+06
  0.2919444444E+00  0.1142305552E+06
  0.2922222222E+00  0.1141303176E+06
  0.2925000000E+00  0.1140300786E+06
  0.2927777778E+00  0.1139298401E+06
  0.2930555556E+00  0.1138296021E+06
  0.2933333333E+00  0.1137293635E+06
  0.2936111111E+00  0.1136291256E+06
  0.2938888889E+00  0.1135288867E+06
  0.2941666667E+00  0.1134286491E+06
  0.2944444444E+00  0.1133284101E+06
  0.2947222222E+00  0.1132281726E+06
  0.2950000000E+00  0.1131279337E+06
  0.2952777778E+00  0.1129981603E+06
  0.2955555556E+00  0.1128683865E+06
  0.2958333333E+00  0.1127386131E+06
  0.2961111111E+00  0.1126088394E+06
  0.2963888889E+00  0.1124790660E+06
  0.2966666667E+00  0.1123492912E+06
  0.2969444444E+00  0.1122195178E+06
  0.2972222222E+00  0.1120897441E+06
  0.2975000000E+00  0.1119599706E+06
  0.2977777778E+00  0.1118301969E+06
  0.2980555556E+00  0.1117004235E+06
  0.2983333333E+00  0.1115706488E+06
  0.2986111111E+00  0.1114408753E+06
  0.2988888889E+00  0.1113111016E+06
  0.2991666667E+00  0.1111813282E+06
  0.2994444444E+00  0.1110515544E+06
  0.2997222222E+00  0.1109217810E+06
  0.3000000000E+00  0.1107920063E+06
  0.3002777778E+00  0.1106332661E+06
  0.3005555556E+00  0.1104745250E+06
  0.3008333333E+00  0.1103157836E+06
  0.3011111111E+00  0.1101570424E+06
  0.3013888889E+00  0.1099983024E+06
  0.3016666667E+00  0.1098395610E+06
  0.3019444444E+00  0.1096808198E+06
  0.3022222222E+00  0.1095220787E+06
  0.3025000000E+00  0.1093633383E+06
  0.3027777778E+00  0.1092045971E+06
  0.3030555556E+00  0.1090458560E+06
  0.3033333333E+00  0.1088871145E+06
  0.3036111111E+00  0.1087283744E+06
  0.3038888889E+00  0.1085696334E+06
  0.3041666667E+00  0.1084108919E+06
  0.3044444444E+00  0.1082521508E+06
  0.3047222222E+00  0.1080934107E+06
  0.3050000000E+00  0.1079346692E+06
  0.3052777778E+00  0.1077504138E+06
  0.3055555556E+00  0.1075661584E+06
  0.3058333333E+00  0.1073819036E+06
  0.3061111111E+00  0.1071976481E+06
  0.3063888889E+00  0.1070133927E+06
  0.3066666667E+00  0.1068291369E+06
  0.3069444444E+00  0.1066448825E+06
  0.3072222222E+00  0.1064606270E+06
  0.3075000000E+00  0.1062763716E+06
  0.3077777778E+00  0.1060921158E+06
  0.3080555556E+00  0.1059078614E+06
  0.3083333333E+00  0.1057236059E+06
  0.3086111111E+00  0.1055393501E+06
  0.3088888889E+00  0.1053550947E+06
  0.3091666667E+00  0.1051708403E+06
  0.3094444444E+00  0.1049865845E+06
  0.3097222222E+00  0.1048023290E+06
  0.3100000000E+00  0.1046180746E+06
  0.3102777778E+00  0.1044140004E+06
  0.3105555556E+00  0.1042099271E+06
  0.3108333333E+00  0.1040058527E+06
  0.3111111111E+00  0.1038017795E+06
  0.3113888889E+00  0.1035977062E+06
  0.3116666667E+00  0.1033936319E+06
  0.3119444444E+00  0.1031895587E+06
  0.3122222222E+00  0.1029854857E+06
  0.3125000000E+00  0.1027814114E+06
  0.3127777778E+00  0.1025773382E+06
  0.3130555556E+00  0.1023732649E+06
  0.3133333333E+00  0.1021691905E+06
  0.3136111111E+00  0.1019651173E+06
  0.3138888889E+00  0.1017610430E+06
  0.3141666667E+00  0.1015569697E+06
  0.3144444444E+00  0.1013528965E+06
  0.3147222222E+00  0.1011488222E+06
  0.3150000000E+00  0.1009447493E+06
  0.3152777778E+00  0.1007281672E+06
  0.3155555556E+00  0.1005115845E+06
  0.3158333333E+00  0.1002950017E+06
  0.3161111111E+00  0.1000784200E+06
  0.3163888889E+00  0.9986183726E+05
  0.3166666667E+00  0.9964525559E+05
  0.3169444444E+00  0.9942867281E+05
  0.3172222222E+00  0.9921209081E+05
  0.3175000000E+00  0.9899550804E+05
  0.3177777778E+00  0.9877892636E+05
  0.3180555556E+00  0.9856234358E+05
  0.3183333333E+00  0.9834576192E+05
  0.3186111111E+00  0.9812917914E+05
  0.3188888889E+00  0.9791259746E+05
  0.3191666667E+00  0.9769601469E+05
  0.3194444444E+00  0.9747943269E+05
  0.3197222222E+00  0.9726284991E+05
  0.3200000000E+00  0.9704626813E+05
  0.3202777778E+00  0.9682528109E+05
  0.3205555556E+00  0.9660429407E+05
  0.3208333333E+00  0.9638330659E+05
  0.3211111111E+00  0.9616231955E+05
  0.3213888889E+00  0.9594133241E+05
  0.3216666667E+00  0.9572034504E+05
  0.3219444444E+00  0.9549935789E+05
  0.3222222222E+00  0.9527837086E+05
  0.3225000000E+00  0.9505738371E+05
  0.3227777778E+00  0.9483639634E+05
  0.3230555556E+00  0.9461540920E+05
  0.3233333333E+00  0.9439442216E+05
  0.3236111111E+00  0.9417343470E+05
  0.3238888889E+00  0.9395244766E+05
  0.3241666667E+00  0.9373146052E+05
  0.3244444444E+00  0.9351047348E+05
  0.3247222222E+00  0.9328948600E+05
  0.3250000000E+00  0.9306849897E+05
  0.3252777778E+00  0.9285160026E+05
  0.3255555556E+00  0.9263470122E+05
  0.3258333333E+00  0.9241780251E+05
  0.3261111111E+00  0.9220090381E+05
  0.3263888889E+00  0.9198400511E+05
  0.3266666667E+00  0.9176710640E+05
  0.3269444444E+00  0.9155020636E+05
  0.3272222222E+00  0.9133330755E+05
  0.3275000000E+00  0.9111640884E+05
  0.3277777778E+00  0.9089951013E+05
  0.3280555556E+00  0.9068261110E+05
  0.3283333333E+00  0.9046571239E+05
  0.3286111111E+00  0.9024881368E+05
  0.3288888889E+00  0.9003191498E+05
  0.3291666667E+00  0.8981501594E+05
  0.3294444444E+00  0.8959811723E+05
  0.3297222222E+00  0.8938121853E+05
  0.3300000000E+00  0.8916431982E+05
  0.3302777778E+00  0.8895954467E+05
  0.3305555556E+00  0.8875477040E+05
  0.3308333333E+00  0.8854999625E+05
  0.3311111111E+00  0.8834522209E+05
  0.3313888889E+00  0.8814044650E+05
  0.3316666667E+00  0.8793567234E+05
  0.3319444444E+00  0.8773089819E+05
  0.3322222222E+00  0.8752612304E+05
  0.3325000000E+00  0.8732134877E+05
  0.3327777778E+00  0.8711657461E+05
  0.3330555556E+00  0.8691180046E+05
  0.3333333333E+00  0.8670702520E+05
  0.3336111111E+00  0.8650225104E+05
  0.3338888889E+00  0.8629747689E+05
  0.3341666667E+00  0.8609270274E+05
  0.3344444444E+00  0.8588792747E+05
  0.3347222222E+00  0.8568315331E+05
  0.3350000000E+00  0.8547837916E+05
  0.3352777778E+00  0.8529303162E+05
  0.3355555556E+00  0.8510768506E+05
  0.3358333333E+00  0.8492233885E+05
  0.3361111111E+00  0.8473699240E+05
  0.3363888889E+00  0.8455164519E+05
  0.3366666667E+00  0.8436629863E+05
  0.3369444444E+00  0.8418095242E+05
  0.3372222222E+00  0.8399560598E+05
  0.3375000000E+00  0.8381025876E+05
  0.3377777778E+00  0.8362491221E+05
  0.3380555556E+00  0.8343956599E+05
  0.3383333333E+00  0.8325421944E+05
  0.3386111111E+00  0.8306887200E+05
  0.3388888889E+00  0.8288352579E+05
  0.3391666667E+00  0.8269817923E+05
  0.3394444444E+00  0.8251283302E+05
  0.3397222222E+00  0.8232748558E+05
  0.3400000000E+00  0.8214213936E+05
  0.3402777778E+00  0.8198228756E+05
  0.3405555556E+00  0.8182243609E+05
  0.3408333333E+00  0.8166258439E+05
  0.3411111111E+00  0.8150273292E+05
  0.3413888889E+00  0.8134288112E+05
  0.3416666667E+00  0.8118302976E+05
  0.3419444444E+00  0.8102317795E+05
  0.3422222222E+00  0.8086332649E+05
  0.3425000000E+00  0.8070347479E+05
  0.3427777778E+00  0.8054362333E+05
  0.3430555556E+00  0.8038377152E+05
  0.3433333333E+00  0.8022392016E+05
  0.3436111111E+00  0.8006406836E+05
  0.3438888889E+00  0.7990421700E+05
  0.3441666667E+00  0.7974436520E+05
  0.3444444444E+00  0.7958451373E+05
  0.3447222222E+00  0.7942466204E+05
  0.3450000000E+00  0.7926481057E+05
  0.3452777778E+00  0.7913502660E+05
  0.3455555556E+00  0.7900524187E+05
  0.3458333333E+00  0.7887545690E+05
  0.3461111111E+00  0.7874567327E+05
  0.3463888889E+00  0.7861588864E+05
  0.3466666667E+00  0.7848610357E+05
  0.3469444444E+00  0.7835631994E+05
  0.3472222222E+00  0.7822653498E+05
  0.3475000000E+00  0.7809675135E+05
  0.3477777778E+00  0.7796696638E+05
  0.3480555556E+00  0.7783718164E+05
  0.3483333333E+00  0.7770739768E+05
  0.3486111111E+00  0.7757761305E+05
  0.3488888889E+00  0.7744782809E+05
  0.3491666667E+00  0.7731804434E+05
  0.3494444444E+00  0.7718825938E+05
  0.3497222222E+00  0.7705847475E+05
  0.3500000000E+00  0.7692869079E+05
  0.3502777778E+00  0.7683186754E+05
  0.3505555556E+00  0.7673504497E+05
  0.3508333333E+00  0.7663822184E+05
  0.3511111111E+00  0.7654139827E+05
  0.3513888889E+00  0.7644457569E+05
  0.3516666667E+00  0.7634775255E+05
  0.3519444444E+00  0.7625092999E+05
  0.3522222222E+00  0.7615410641E+05
  0.3525000000E+00  0.7605728328E+05
  0.3527777778E+00  0.7596046070E+05
  0.3530555556E+00  0.7586363746E+05
  0.3533333333E+00  0.7576681500E+05
  0.3536111111E+00  0.7566999142E+05
  0.3538888889E+00  0.7557316818E+05
  0.3541666667E+00  0.7547634571E+05
  0.3544444444E+00  0.7537952247E+05
  0.3547222222E+00  0.7528269890E+05
  0.3550000000E+00  0.7518587643E+05
  0.3552777778E+00  0.7512316951E+05
  0.3555555556E+00  0.7506046370E+05
  0.3558333333E+00  0.7499775678E+05
  0.3561111111E+00  0.7493504998E+05
  0.3563888889E+00  0.7487234372E+05
  0.3566666667E+00  0.7480963691E+05
  0.3569444444E+00  0.7474693010E+05
  0.3572222222E+00  0.7468422417E+05
  0.3575000000E+00  0.7462151704E+05
  0.3577777778E+00  0.7455881011E+05
  0.3580555556E+00  0.7449610431E+05
  0.3583333333E+00  0.7443339749E+05
  0.3586111111E+00  0.7437069058E+05
  0.3588888889E+00  0.7430798443E+05
  0.3591666667E+00  0.7424527751E+05
  0.3594444444E+00  0.7418257070E+05
  0.3597222222E+00  0.7411986478E+05
  0.3600000000E+00  0.7405715764E+05
  0.3602777778E+00  0.7402799711E+05
  0.3605555556E+00  0.7399883649E+05
  0.3608333333E+00  0.7396967597E+05
  0.3611111111E+00  0.7394051546E+05
  0.3613888889E+00  0.7391135460E+05
  0.3616666667E+00  0.7388219398E+05
  0.3619444444E+00  0.7385303346E+05
  0.3622222222E+00  0.7382387295E+05
  0.3625000000E+00  0.7379471242E+05
  0.3627777778E+00  0.7376555146E+05
  0.3630555556E+00  0.7373639095E+05
  0.3633333333E+00  0.7370723043E+05
  0.3636111111E+00  0.7367806980E+05
  0.3638888889E+00  0.7364890895E+05
  0.3641666667E+00  0.7361974843E+05
  0.3644444444E+00  0.7359058792E+05
  0.3647222222E+00  0.7356142728E+05
  0.3650000000E+00  0.7353226677E+05
  0.3652777778E+00  0.7353449890E+05
  0.3655555556E+00  0.7353673136E+05
  0.3658333333E+00  0.7353896349E+05
  0.3661111111E+00  0.7354119595E+05
  0.3663888889E+00  0.7354342840E+05
  0.3666666667E+00  0.7354566053E+05
  0.3669444444E+00  0.7354789399E+05
  0.3672222222E+00  0.7355012645E+05
  0.3675000000E+00  0.7355235858E+05
  0.3677777778E+00  0.7355459104E+05
  0.3680555556E+00  0.7355682317E+05
  0.3683333333E+00  0.7355905563E+05
  0.3686111111E+00  0.7356128809E+05
  0.3688888889E+00  0.7356352022E+05
  0.3691666667E+00  0.7356575267E+05
  0.3694444444E+00  0.7356798514E+05
  0.3697222222E+00  0.7357021727E+05
  0.3700000000E+00  0.7357244972E+05
  0.3702777778E+00  0.7360249080E+05
  0.3705555556E+00  0.7363253299E+05
  0.3708333333E+00  0.7366257539E+05
  0.3711111111E+00  0.7369261646E+05
  0.3713888889E+00  0.7372265865E+05
  0.3716666667E+00  0.7375269972E+05
  0.3719444444E+00  0.7378274225E+05
  0.3722222222E+00  0.7381278431E+05
  0.3725000000E+00  0.7384282550E+05
  0.3727777778E+00  0.7387286757E+05
  0.3730555556E+00  0.7390290909E+05
  0.3733333333E+00  0.7393295116E+05
  0.3736111111E+00  0.7396299334E+05
  0.3738888889E+00  0.7399303442E+05
  0.3741666667E+00  0.7402307694E+05
  0.3744444444E+00  0.7405311901E+05
  0.3747222222E+00  0.7408316019E+05
  0.3750000000E+00  0.7411320227E+05
  0.3752777778E+00  0.7416636519E+05
  0.3755555556E+00  0.7421952779E+05
  0.3758333333E+00  0.7427269026E+05
  0.3761111111E+00  0.7432585386E+05
  0.3763888889E+00  0.7437901645E+05
  0.3766666667E+00  0.7443217905E+05
  0.3769444444E+00  0.7448534163E+05
  0.3772222222E+00  0.7453850445E+05
  0.3775000000E+00  0.7459166804E+05
  0.3777777778E+00  0.7464483064E+05
  0.3780555556E+00  0.7469799322E+05
  0.3783333333E+00  0.7475115570E+05
  0.3786111111E+00  0.7480431830E+05
  0.3788888889E+00  0.7485748222E+05
  0.3791666667E+00  0.7491064481E+05
  0.3794444444E+00  0.7496380741E+05
  0.3797222222E+00  0.7501696989E+05
  0.3800000000E+00  0.7507013247E+05
  0.3802777778E+00  0.7514080916E+05
  0.3805555556E+00  0.7521148550E+05
  0.3808333333E+00  0.7528216118E+05
  0.3811111111E+00  0.7535283753E+05
  0.3813888889E+00  0.7542351421E+05
  0.3816666667E+00  0.7549418989E+05
  0.3819444444E+00  0.7556486622E+05
  0.3822222222E+00  0.7563554280E+05
  0.3825000000E+00  0.7570621814E+05
  0.3827777778E+00  0.7577689482E+05
  0.3830555556E+00  0.7584757117E+05
  0.3833333333E+00  0.7591824785E+05
  0.3836111111E+00  0.7598892319E+05
  0.3838888889E+00  0.7605959987E+05
  0.3841666667E+00  0.7613027656E+05
  0.3844444444E+00  0.7620095190E+05
  0.3847222222E+00  0.7627162857E+05
  0.3850000000E+00  0.7634230493E+05
  0.3852777778E+00  0.7642446507E+05
  0.3855555556E+00  0.7650662533E+05
  0.3858333333E+00  0.7658878548E+05
  0.3861111111E+00  0.7667094675E+05
  0.3863888889E+00  0.7675310690E+05
  0.3866666667E+00  0.7683526717E+05
  0.3869444444E+00  0.7691742843E+05
  0.3872222222E+00  0.7699958858E+05
  0.3875000000E+00  0.7708174884E+05
  0.3877777778E+00  0.7716390866E+05
  0.3880555556E+00  0.7724606993E+05
  0.3883333333E+00  0.7732823008E+05
  0.3886111111E+00  0.7741039033E+05
  0.3888888889E+00  0.7749255049E+05
  0.3891666667E+00  0.7757471175E+05
  0.3894444444E+00  0.7765687190E+05
  0.3897222222E+00  0.7773903217E+05
  0.3900000000E+00  0.7782119232E+05
  0.3902777778E+00  0.7790849849E+05
  0.3905555556E+00  0.7799580332E+05
  0.3908333333E+00  0.7808310849E+05
  0.3911111111E+00  0.7817041365E+05
  0.3913888889E+00  0.7825771882E+05
  0.3916666667E+00  0.7834502399E+05
  0.3919444444E+00  0.7843232882E+05
  0.3922222222E+00  0.7851963398E+05
  0.3925000000E+00  0.7860693915E+05
  0.3927777778E+00  0.7869424432E+05
  0.3930555556E+00  0.7878154948E+05
  0.3933333333E+00  0.7886885432E+05
  0.3936111111E+00  0.7895615937E+05
  0.3938888889E+00  0.7904346453E+05
  0.3941666667E+00  0.7913076970E+05
  0.3944444444E+00  0.7921807587E+05
  0.3947222222E+00  0.7930538070E+05
  0.3950000000E+00  0.7939268587E+05
  0.3952777778E+00  0.7947902386E+05
  0.3955555556E+00  0.7956536185E+05
  0.3958333333E+00  0.7965170083E+05
  0.3961111111E+00  0.7973803884E+05
  0.3963888889E+00  0.7982437672E+05
  0.3966666667E+00  0.7991071470E+05
  0.3969444444E+00  0.7999705370E+05
  0.3972222222E+00  0.8008339168E+05
  0.3975000000E+00  0.8016972968E+05
  0.3977777778E+00  0.8025606867E+05
  0.3980555556E+00  0.8034240665E+05
  0.3983333333E+00  0.8042874465E+05
  0.3986111111E+00  0.8051508363E+05
  0.3988888889E+00  0.8060142151E+05
  0.3991666667E+00  0.8068775950E+05
  0.3994444444E+00  0.8077409749E+05
  0.3997222222E+00  0.8086043648E+05
  0.4000000000E+00  0.8094677447E+05
  0.4002777778E+00  0.8102641863E+05
  0.4005555556E+00  0.8110606166E+05
  0.4008333333E+00  0.8118570582E+05
  0.4011111111E+00  0.8126534885E+05
  0.4013888889E+00  0.8134499266E+05
  0.4016666667E+00  0.8142463571E+05
  0.4019444444E+00  0.8150427985E+05
  0.4022222222E+00  0.8158392301E+05
  0.4025000000E+00  0.8166356705E+05
  0.4027777778E+00  0.8174320987E+05
  0.4030555556E+00  0.8182285390E+05
  0.4033333333E+00  0.8190249705E+05
  0.4036111111E+00  0.8198214120E+05
  0.4038888889E+00  0.8206178424E+05
  0.4041666667E+00  0.8214142806E+05
  0.4044444444E+00  0.8222107109E+05
  0.4047222222E+00  0.8230071525E+05
  0.4050000000E+00  0.8238035840E+05
  0.4052777778E+00  0.8244830711E+05
  0.4055555556E+00  0.8251625482E+05
  0.4058333333E+00  0.8258420354E+05
  0.4061111111E+00  0.8265215124E+05
  0.4063888889E+00  0.8272009996E+05
  0.4066666667E+00  0.8278804768E+05
  0.4069444444E+00  0.8285599605E+05
  0.4072222222E+00  0.8292394477E+05
  0.4075000000E+00  0.8299189249E+05
  0.4077777778E+00  0.8305984119E+05
  0.4080555556E+00  0.8312778891E+05
  0.4083333333E+00  0.8319573763E+05
  0.4086111111E+00  0.8326368534E+05
  0.4088888889E+00  0.8333163405E+05
  0.4091666667E+00  0.8339958177E+05
  0.4094444444E+00  0.8346753048E+05
  0.4097222222E+00  0.8353547820E+05
  0.4100000000E+00  0.8360342690E+05
  0.4102777778E+00  0.8365559914E+05
  0.4105555556E+00  0.8370777136E+05
  0.4108333333E+00  0.8375994381E+05
  0.4111111111E+00  0.8381211703E+05
  0.4113888889E+00  0.8386428914E+05
  0.4116666667E+00  0.8391646137E+05
  0.4119444444E+00  0.8396863348E+05
  0.4122222222E+00  0.8402080571E+05
  0.4125000000E+00  0.8407297793E+05
  0.4127777778E+00  0.8412515104E+05
  0.4130555556E+00  0.8417732327E+05
  0.4133333333E+00  0.8422949539E+05
  0.4136111111E+00  0.8428166795E+05
  0.4138888889E+00  0.8433384005E+05
  0.4141666667E+00  0.8438601228E+05
  0.4144444444E+00  0.8443818540E+05
  0.4147222222E+00  0.8449035762E+05
  0.4150000000E+00  0.8454252985E+05
  0.4152777778E+00  0.8457590251E+05
  0.4155555556E+00  0.8460927417E+05
  0.4158333333E+00  0.8464264684E+05
  0.4161111111E+00  0.8467601851E+05
  0.4163888889E+00  0.8470939116E+05
  0.4166666667E+00  0.8474276383E+05
  0.4169444444E+00  0.8477613550E+05
  0.4172222222E+00  0.8480950817E+05
  0.4175000000E+00  0.8484288083E+05
  0.4177777778E+00  0.8487625249E+05
  0.4180555556E+00  0.8490962483E+05
  0.4183333333E+00  0.8494299649E+05
  0.4186111111E+00  0.8497636915E+05
  0.4188888889E+00  0.8500974182E+05
  0.4191666667E+00  0.8504311359E+05
  0.4194444444E+00  0.8507648626E+05
  0.4197222222E+00  0.8510985793E+05
  0.4200000000E+00  0.8514323058E+05
  0.4202777778E+00  0.8515597318E+05
  0.4205555556E+00  0.8516871567E+05
  0.4208333333E+00  0.8518145827E+05
  0.4211111111E+00  0.8519420086E+05
  0.4213888889E+00  0.8520694446E+05
  0.4216666667E+00  0.8521968694E+05
  0.4219444444E+00  0.8523242953E+05
  0.4222222222E+00  0.8524517213E+05
  0.4225000000E+00  0.8525791473E+05
  0.4227777778E+00  0.8527065721E+05
  0.4230555556E+00  0.8528339980E+05
  0.4233333333E+00  0.8529614240E+05
  0.4236111111E+00  0.8530888500E+05
  0.4238888889E+00  0.8532162747E+05
  0.4241666667E+00  0.8533437007E+05
  0.4244444444E+00  0.8534711267E+05
  0.4247222222E+00  0.8535985627E+05
  0.4250000000E+00  0.8537259885E+05
  0.4252777778E+00  0.8536408247E+05
  0.4255555556E+00  0.8535556554E+05
  0.4258333333E+00  0.8534704915E+05
  0.4261111111E+00  0.8533853289E+05
  0.4263888889E+00  0.8533001661E+05
  0.4266666667E+00  0.8532150056E+05
  0.4269444444E+00  0.8531298429E+05
  0.4272222222E+00  0.8530446791E+05
  0.4275000000E+00  0.8529595163E+05
  0.4277777778E+00  0.8528743537E+05
  0.4280555556E+00  0.8527891932E+05
  0.4283333333E+00  0.8527040305E+05
  0.4286111111E+00  0.8526188566E+05
  0.4288888889E+00  0.8525336938E+05
  0.4291666667E+00  0.8524485312E+05
  0.4294444444E+00  0.8523633707E+05
  0.4297222222E+00  0.8522782080E+05
  0.4300000000E+00  0.8521930442E+05
  0.4302777778E+00  0.8519007157E+05
  0.4305555556E+00  0.8516083894E+05
  0.4308333333E+00  0.8513160610E+05
  0.4311111111E+00  0.8510237360E+05
  0.4313888889E+00  0.8507314064E+05
  0.4316666667E+00  0.8504390779E+05
  0.4319444444E+00  0.8501467518E+05
  0.4322222222E+00  0.8498544233E+05
  0.4325000000E+00  0.8495621070E+05
  0.4327777778E+00  0.8492697786E+05
  0.4330555556E+00  0.8489774502E+05
  0.4333333333E+00  0.8486851240E+05
  0.4336111111E+00  0.8483927955E+05
  0.4338888889E+00  0.8481004694E+05
  0.4341666667E+00  0.8478081409E+05
  0.4344444444E+00  0.8475158113E+05
  0.4347222222E+00  0.8472234862E+05
  0.4350000000E+00  0.8469311578E+05
  0.4352777778E+00  0.8464478737E+05
  0.4355555556E+00  0.8459645897E+05
  0.4358333333E+00  0.8454813167E+05
  0.4361111111E+00  0.8449980327E+05
  0.4363888889E+00  0.8445147487E+05
  0.4366666667E+00  0.8440314658E+05
  0.4369444444E+00  0.8435481817E+05
  0.4372222222E+00  0.8430649076E+05
  0.4375000000E+00  0.8425816247E+05
  0.4377777778E+00  0.8420983408E+05
  0.4380555556E+00  0.8416150578E+05
  0.4383333333E+00  0.8411317837E+05
  0.4386111111E+00  0.8406484997E+05
  0.4388888889E+00  0.8401652167E+05
  0.4391666667E+00  0.8396819328E+05
  0.4394444444E+00  0.8391986487E+05
  0.4397222222E+00  0.8387153757E+05
  0.4400000000E+00  0.8382320917E+05
  0.4402777778E+00  0.8375836390E+05
  0.4405555556E+00  0.8369351772E+05
  0.4408333333E+00  0.8362867244E+05
  0.4411111111E+00  0.8356382694E+05
  0.4413888889E+00  0.8349898166E+05
  0.4416666667E+00  0.8343413650E+05
  0.4419444444E+00  0.8336929121E+05
  0.4422222222E+00  0.8330444504E+05
  0.4425000000E+00  0.8323959977E+05
  0.4427777778E+00  0.8317475459E+05
  0.4430555556E+00  0.8310990932E+05
  0.4433333333E+00  0.8304506415E+05
  0.4436111111E+00  0.8298021887E+05
  0.4438888889E+00  0.8291537359E+05
  0.4441666667E+00  0.8285052708E+05
  0.4444444444E+00  0.8278568181E+05
  0.4447222222E+00  0.8272083664E+05
  0.4450000000E+00  0.8265599136E+05
  0.4452777778E+00  0.8257790788E+05
  0.4455555556E+00  0.8249982528E+05
  0.4458333333E+00  0.8242174202E+05
  0.4461111111E+00  0.8234365853E+05
  0.4463888889E+00  0.8226557593E+05
  0.4466666667E+00  0.8218749234E+05
  0.4469444444E+00  0.8210940974E+05
  0.4472222222E+00  0.8203132626E+05
  0.4475000000E+00  0.8195324266E+05
  0.4477777778E+00  0.8187516006E+05
  0.4480555556E+00  0.8179707690E+05
  0.4483333333E+00  0.8171899432E+05
  0.4486111111E+00  0.8164091072E+05
  0.4488888889E+00  0.8156282823E+05
  0.4491666667E+00  0.8148474463E+05
  0.4494444444E+00  0.8140666103E+05
  0.4497222222E+00  0.8132857844E+05
  0.4500000000E+00  0.8125049528E+05
  0.4502777778E+00  0.8116300352E+05
  0.4505555556E+00  0.8107551174E+05
  0.4508333333E+00  0.8098802029E+05
  0.4511111111E+00  0.8090052853E+05
  0.4513888889E+00  0.8081303675E+05
  0.4516666667E+00  0.8072554497E+05
  0.4519444444E+00  0.8063805354E+05
  0.4522222222E+00  0.8055056176E+05
  0.4525000000E+00  0.8046306987E+05
  0.4527777778E+00  0.8037557844E+05
  0.4530555556E+00  0.8028808666E+05
  0.4533333333E+00  0.8020059489E+05
  0.4536111111E+00  0.8011310346E+05
  0.4538888889E+00  0.8002561168E+05
  0.4541666667E+00  0.7993811990E+05
  0.4544444444E+00  0.7985062847E+05
  0.4547222222E+00  0.7976313569E+05
  0.4550000000E+00  0.7967564391E+05
  0.4552777778E+00  0.7958287813E+05
  0.4555555556E+00  0.7949011203E+05
  0.4558333333E+00  0.7939734581E+05
  0.4561111111E+00  0.7930457870E+05
  0.4563888889E+00  0.7921181258E+05
  0.4566666667E+00  0.7911904671E+05
  0.4569444444E+00  0.7902628020E+05
  0.4572222222E+00  0.7893351388E+05
  0.4575000000E+00  0.7884074747E+05
  0.4577777778E+00  0.7874798094E+05
  0.4580555556E+00  0.7865521498E+05
  0.4583333333E+00  0.7856244857E+05
  0.4586111111E+00  0.7846968214E+05
  0.4588888889E+00  0.7837691573E+05
  0.4591666667E+00  0.7828414932E+05
  0.4594444444E+00  0.7819138324E+05
  0.4597222222E+00  0.7809861683E+05
  0.4600000000E+00  0.7800585051E+05
  0.4602777778E+00  0.7791198409E+05
  0.4605555556E+00  0.7781811765E+05
  0.4608333333E+00  0.7772425121E+05
  0.4611111111E+00  0.7763038489E+05
  0.4613888889E+00  0.7753651845E+05
  0.4616666667E+00  0.7744265201E+05
  0.4619444444E+00  0.7734878602E+05
  0.4622222222E+00  0.7725491958E+05
  0.4625000000E+00  0.7716105326E+05
  0.4627777778E+00  0.7706718682E+05
  0.4630555556E+00  0.7697332038E+05
  0.4633333333E+00  0.7687945395E+05
  0.4636111111E+00  0.7678558751E+05
  0.4638888889E+00  0.7669172118E+05
  0.4641666667E+00  0.7659785485E+05
  0.4644444444E+00  0.7650398841E+05
  0.4647222222E+00  0.7641012198E+05
  0.4650000000E+00  0.7631625588E+05
  0.4652777778E+00  0.7622528661E+05
  0.4655555556E+00  0.7613431734E+05
  0.4658333333E+00  0.7604334852E+05
  0.4661111111E+00  0.7595237925E+05
  0.4663888889E+00  0.7586140998E+05
  0.4666666667E+00  0.7577044105E+05
  0.4669444444E+00  0.7567947179E+05
  0.4672222222E+00  0.7558850286E+05
  0.4675000000E+00  0.7549753359E+05
  0.4677777778E+00  0.7540656432E+05
  0.4680555556E+00  0.7531559548E+05
  0.4683333333E+00  0.7522462611E+05
  0.4686111111E+00  0.7513365685E+05
  0.4688888889E+00  0.7504268791E+05
  0.4691666667E+00  0.7495171864E+05
  0.4694444444E+00  0.7486074971E+05
  0.4697222222E+00  0.7476978045E+05
  0.4700000000E+00  0.7467881118E+05
  0.4702777778E+00  0.7459435207E+05
  0.4705555556E+00  0.7450989307E+05
  0.4708333333E+00  0.7442543395E+05
  0.4711111111E+00  0.7434097463E+05
  0.4713888889E+00  0.7425651551E+05
  0.4716666667E+00  0.7417205629E+05
  0.4719444444E+00  0.7408759697E+05
  0.4722222222E+00  0.7400313818E+05
  0.4725000000E+00  0.7391867885E+05
  0.4727777778E+00  0.7383421974E+05
  0.4730555556E+00  0.7374976041E+05
  0.4733333333E+00  0.7366530129E+05
  0.4736111111E+00  0.7358084208E+05
  0.4738888889E+00  0.7349638308E+05
  0.4741666667E+00  0.7341192397E+05
  0.4744444444E+00  0.7332746464E+05
  0.4747222222E+00  0.7324300552E+05
  0.4750000000E+00  0.7315854618E+05
  0.4752777778E+00  0.7308365894E+05
  0.4755555556E+00  0.7300877170E+05
  0.4758333333E+00  0.7293388446E+05
  0.4761111111E+00  0.7285899722E+05
  0.4763888889E+00  0.7278410964E+05
  0.4766666667E+00  0.7270922230E+05
  0.4769444444E+00  0.7263433506E+05
  0.4772222222E+00  0.7255944782E+05
  0.4775000000E+00  0.7248456057E+05
  0.4777777778E+00  0.7240967300E+05
  0.4780555556E+00  0.7233478576E+05
  0.4783333333E+00  0.7225989852E+05
  0.4786111111E+00  0.7218501127E+05
  0.4788888889E+00  0.7211012393E+05
  0.4791666667E+00  0.7203523669E+05
  0.4794444444E+00  0.7196034912E+05
  0.4797222222E+00  0.7188546188E+05
  0.4800000000E+00  0.7181057463E+05
  0.4802777778E+00  0.7174761236E+05
  0.4805555556E+00  0.7168464973E+05
  0.4808333333E+00  0.7162168745E+05
  0.4811111111E+00  0.7155872506E+05
  0.4813888889E+00  0.7149576254E+05
  0.4816666667E+00  0.7143280016E+05
  0.4819444444E+00  0.7136983788E+05
  0.4822222222E+00  0.7130687525E+05
  0.4825000000E+00  0.7124391298E+05
  0.4827777778E+00  0.7118095059E+05
  0.4830555556E+00  0.7111798808E+05
  0.4833333333E+00  0.7105502569E+05
  0.4836111111E+00  0.7099206350E+05
  0.4838888889E+00  0.7092910089E+05
  0.4841666667E+00  0.7086613850E+05
  0.4844444444E+00  0.7080317632E+05
  0.4847222222E+00  0.7074021360E+05
  0.4850000000E+00  0.7067725133E+05
  0.4852777778E+00  0.7062780703E+05
  0.4855555556E+00  0.7057836242E+05
  0.4858333333E+00  0.7052891813E+05
  0.4861111111E+00  0.7047947340E+05
  0.4863888889E+00  0.7043002912E+05
  0.4866666667E+00  0.7038058440E+05
  0.4869444444E+00  0.7033114012E+05
  0.4872222222E+00  0.7028169550E+05
  0.4875000000E+00  0.7023225122E+05
  0.4877777778E+00  0.7018280660E+05
  0.4880555556E+00  0.7013336232E+05
  0.4883333333E+00  0.7008391760E+05
  0.4886111111E+00  0.7003447331E+05
  0.4888888889E+00  0.6998502870E+05
  0.4891666667E+00  0.6993558442E+05
  0.4894444444E+00  0.6988613980E+05
  0.4897222222E+00  0.6983669551E+05
  0.4900000000E+00  0.6978725080E+05
  0.4902777778E+00  0.6975209642E+05
  0.4905555556E+00  0.6971694203E+05
  0.4908333333E+00  0.6968178732E+05
  0.4911111111E+00  0.6964663306E+05
  0.4913888889E+00  0.6961147868E+05
  0.4916666667E+00  0.6957632397E+05
  0.4919444444E+00  0.6954116959E+05
  0.4922222222E+00  0.6950601522E+05
  0.4925000000E+00  0.6947086052E+05
  0.4927777778E+00  0.6943570613E+05
  0.4930555556E+00  0.6940055175E+05
  0.4933333333E+00  0.6936539704E+05
  0.4936111111E+00  0.6933024278E+05
  0.4938888889E+00  0.6929508840E+05
  0.4941666667E+00  0.6925993402E+05
  0.4944444444E+00  0.6922477931E+05
  0.4947222222E+00  0.6918962505E+05
  0.4950000000E+00  0.6915447066E+05
