  0.1027777778E-01  0.2240012507E+08
  0.1055555556E-01  0.2237677926E+08
  0.1083333333E-01  0.2235343333E+08
  0.1111111111E-01  0.2233008740E+08
  0.1138888889E-01  0.2230674148E+08
  0.1166666667E-01  0.2228339576E+08
  0.1194444444E-01  0.2226004984E+08
  0.1222222222E-01  0.2223670391E+08
  0.1250000000E-01  0.2221335832E+08
  0.1277777778E-01  0.2219001239E+08
  0.1305555556E-01  0.2216666656E+08
  0.1333333333E-01  0.2214332064E+08
  0.1361111111E-01  0.2211997471E+08
  0.1388888889E-01  0.2209662890E+08
  0.1416666667E-01  0.2207328297E+08
  0.1444444444E-01  0.2204993748E+08
  0.1472222222E-01  0.2202659156E+08
  0.1500000000E-01  0.2200324563E+08
  0.1527777778E-01  0.2197125709E+08
  0.1555555556E-01  0.2193926821E+08
  0.1583333333E-01  0.2190727987E+08
  0.1611111111E-01  0.2187529132E+08
  0.1638888889E-01  0.2184330243E+08
  0.1666666667E-01  0.2181131389E+08
  0.1694444444E-01  0.2177932546E+08
  0.1722222222E-01  0.2174733691E+08
  0.1750000000E-01  0.2171534812E+08
  0.1777777778E-01  0.2168335959E+08
  0.1805555556E-01  0.2165137115E+08
  0.1833333333E-01  0.2161938260E+08
  0.1861111111E-01  0.2158739372E+08
  0.1888888889E-01  0.2155540518E+08
  0.1916666667E-01  0.2152341684E+08
  0.1944444444E-01  0.2149142795E+08
  0.1972222222E-01  0.2145943940E+08
  0.2000000000E-01  0.2142745086E+08
  0.2027777778E-01  0.2138747020E+08
  0.2055555556E-01  0.2134748930E+08
  0.2083333333E-01  0.2130750863E+08
  0.2111111111E-01  0.2126752763E+08
  0.2138888889E-01  0.2122754706E+08
  0.2166666667E-01  0.2118756607E+08
  0.2194444444E-01  0.2114758540E+08
  0.2222222222E-01  0.2110760473E+08
  0.2250000000E-01  0.2106762372E+08
  0.2277777778E-01  0.2102764305E+08
  0.2305555556E-01  0.2098766206E+08
  0.2333333333E-01  0.2094768149E+08
  0.2361111111E-01  0.2090770082E+08
  0.2388888889E-01  0.2086771982E+08
  0.2416666667E-01  0.2082773915E+08
  0.2444444444E-01  0.2078775825E+08
  0.2472222222E-01  0.2074777759E+08
  0.2500000000E-01  0.2070779681E+08
  0.2527777778E-01  0.2066063756E+08
  0.2555555556E-01  0.2061347821E+08
  0.2583333333E-01  0.2056631895E+08
  0.2611111111E-01  0.2051915960E+08
  0.2638888889E-01  0.2047200058E+08
  0.2666666667E-01  0.2042484123E+08
  0.2694444444E-01  0.2037768186E+08
  0.2722222222E-01  0.2033052262E+08
  0.2750000000E-01  0.2028336326E+08
  0.2777777778E-01  0.2023620425E+08
  0.2805555556E-01  0.2018904489E+08
  0.2833333333E-01  0.2014188564E+08
  0.2861111111E-01  0.2009472628E+08
  0.2888888889E-01  0.2004756704E+08
  0.2916666667E-01  0.2000040791E+08
  0.2944444444E-01  0.1995324855E+08
  0.2972222222E-01  0.1990608930E+08
  0.3000000000E-01  0.1985892995E+08
  0.3027777778E-01  0.1980553995E+08
  0.3055555556E-01  0.1975214972E+08
  0.3083333333E-01  0.1969875971E+08
  0.3111111111E-01  0.1964536971E+08
  0.3138888889E-01  0.1959197937E+08
  0.3166666667E-01  0.1953858937E+08
  0.3194444444E-01  0.1948519904E+08
  0.3222222222E-01  0.1943180904E+08
  0.3250000000E-01  0.1937841903E+08
  0.3277777778E-01  0.1932502869E+08
  0.3305555556E-01  0.1927163880E+08
  0.3333333333E-01  0.1921824847E+08
  0.3361111111E-01  0.1916485846E+08
  0.3388888889E-01  0.1911146846E+08
  0.3416666667E-01  0.1905807803E+08
  0.3444444444E-01  0.1900468802E+08
  0.3472222222E-01  0.1895129768E+08
  0.3500000000E-01  0.1889790768E+08
  0.3527777778E-01  0.1883931381E+08
  0.3555555556E-01  0.1878071972E+08
  0.3583333333E-01  0.1872212573E+08
  0.3611111111E-01  0.1866353208E+08
  0.3638888889E-01  0.1860493800E+08
  0.3666666667E-01  0.1854634412E+08
  0.3694444444E-01  0.1848775003E+08
  0.3722222222E-01  0.1842915605E+08
  0.3750000000E-01  0.1837056196E+08
  0.3777777778E-01  0.1831196807E+08
  0.3805555556E-01  0.1825337442E+08
  0.3833333333E-01  0.1819478034E+08
  0.3861111111E-01  0.1813618635E+08
  0.3888888889E-01  0.1807759226E+08
  0.3916666667E-01  0.1801899839E+08
  0.3944444444E-01  0.1796040430E+08
  0.3972222222E-01  0.1790181031E+08
  0.4000000000E-01  0.1784321623E+08
  0.4027777778E-01  0.1778052567E+08
  0.4055555556E-01  0.1771783457E+08
  0.4083333333E-01  0.1765514357E+08
  0.4111111111E-01  0.1759245257E+08
  0.4138888889E-01  0.1752976192E+08
  0.4166666667E-01  0.1746707082E+08
  0.4194444444E-01  0.1740437993E+08
  0.4222222222E-01  0.1734168882E+08
  0.4250000000E-01  0.1727899816E+08
  0.4277777778E-01  0.1721630716E+08
  0.4305555556E-01  0.1715361617E+08
  0.4333333333E-01  0.1709092508E+08
  0.4361111111E-01  0.1702823418E+08
  0.4388888889E-01  0.1696554341E+08
  0.4416666667E-01  0.1690285242E+08
  0.4444444444E-01  0.1684016142E+08
  0.4472222222E-01  0.1677747032E+08
  0.4500000000E-01  0.1671477965E+08
  0.4527777778E-01  0.1664912795E+08
  0.4555555556E-01  0.1658347668E+08
  0.4583333333E-01  0.1651782498E+08
  0.4611111111E-01  0.1645217362E+08
  0.4638888889E-01  0.1638652202E+08
  0.4666666667E-01  0.1632087054E+08
  0.4694444444E-01  0.1625521916E+08
  0.4722222222E-01  0.1618956746E+08
  0.4750000000E-01  0.1612391619E+08
  0.4777777778E-01  0.1605826449E+08
  0.4805555556E-01  0.1599261312E+08
  0.4833333333E-01  0.1592696142E+08
  0.4861111111E-01  0.1586131015E+08
  0.4888888889E-01  0.1579565878E+08
  0.4916666667E-01  0.1573000708E+08
  0.4944444444E-01  0.1566435571E+08
  0.4972222222E-01  0.1559870410E+08
  0.5000000000E-01  0.1553305273E+08
  0.5027777778E-01  0.1546557792E+08
  0.5055555556E-01  0.1539810310E+08
  0.5083333333E-01  0.1533062850E+08
  0.5111111111E-01  0.1526315369E+08
  0.5138888889E-01  0.1519567932E+08
  0.5166666667E-01  0.1512820451E+08
  0.5194444444E-01  0.1506072980E+08
  0.5222222222E-01  0.1499325509E+08
  0.5250000000E-01  0.1492578027E+08
  0.5277777778E-01  0.1485830557E+08
  0.5305555556E-01  0.1479083109E+08
  0.5333333333E-01  0.1472335649E+08
  0.5361111111E-01  0.1465588167E+08
  0.5388888889E-01  0.1458840697E+08
  0.5416666667E-01  0.1452093216E+08
  0.5444444444E-01  0.1445345745E+08
  0.5472222222E-01  0.1438598307E+08
  0.5500000000E-01  0.1431850826E+08
  0.5527777778E-01  0.1425031647E+08
  0.5555555556E-01  0.1418212490E+08
  0.5583333333E-01  0.1411393300E+08
  0.5611111111E-01  0.1404574111E+08
  0.5638888889E-01  0.1397754965E+08
  0.5666666667E-01  0.1390935775E+08
  0.5694444444E-01  0.1384116619E+08
  0.5722222222E-01  0.1377297440E+08
  0.5750000000E-01  0.1370478250E+08
  0.5777777778E-01  0.1363659093E+08
  0.5805555556E-01  0.1356839903E+08
  0.5833333333E-01  0.1350020768E+08
  0.5861111111E-01  0.1343201578E+08
  0.5888888889E-01  0.1336382421E+08
  0.5916666667E-01  0.1329563231E+08
  0.5944444444E-01  0.1322744052E+08
  0.5972222222E-01  0.1315924896E+08
  0.6000000000E-01  0.1309105706E+08
  0.6027777778E-01  0.1302320166E+08
  0.6055555556E-01  0.1295534660E+08
  0.6083333333E-01  0.1288749119E+08
  0.6111111111E-01  0.1281963578E+08
  0.6138888889E-01  0.1275178049E+08
  0.6166666667E-01  0.1268392509E+08
  0.6194444444E-01  0.1261606968E+08
  0.6222222222E-01  0.1254821462E+08
  0.6250000000E-01  0.1248035921E+08
  0.6277777778E-01  0.1241250381E+08
  0.6305555556E-01  0.1234464851E+08
  0.6333333333E-01  0.1227679317E+08
  0.6361111111E-01  0.1220893770E+08
  0.6388888889E-01  0.1214108247E+08
  0.6416666667E-01  0.1207322710E+08
  0.6444444444E-01  0.1200537176E+08
  0.6472222222E-01  0.1193751650E+08
  0.6500000000E-01  0.1186966116E+08
  0.6527777778E-01  0.1180310993E+08
  0.6555555556E-01  0.1173655854E+08
  0.6583333333E-01  0.1167000741E+08
  0.6611111111E-01  0.1160345602E+08
  0.6638888889E-01  0.1153690475E+08
  0.6666666667E-01  0.1147035341E+08
  0.6694444444E-01  0.1140380223E+08
  0.6722222222E-01  0.1133725089E+08
  0.6750000000E-01  0.1127069961E+08
  0.6777777778E-01  0.1120414836E+08
  0.6805555556E-01  0.1113759710E+08
  0.6833333333E-01  0.1107104575E+08
  0.6861111111E-01  0.1100449458E+08
  0.6888888889E-01  0.1093794323E+08
  0.6916666667E-01  0.1087139196E+08
  0.6944444444E-01  0.1080484071E+08
  0.6972222222E-01  0.1073828944E+08
  0.7000000000E-01  0.1067173820E+08
  0.7027777778E-01  0.1060735825E+08
  0.7055555556E-01  0.1054297830E+08
  0.7083333333E-01  0.1047859835E+08
  0.7111111111E-01  0.1041421852E+08
  0.7138888889E-01  0.1034983856E+08
  0.7166666667E-01  0.1028545872E+08
  0.7194444444E-01  0.1022107876E+08
  0.7222222222E-01  0.1015669880E+08
  0.7250000000E-01  0.1009231895E+08
  0.7277777778E-01  0.1002793899E+08
  0.7305555556E-01  0.9963559033E+07
  0.7333333333E-01  0.9899179178E+07
  0.7361111111E-01  0.9834799221E+07
  0.7388888889E-01  0.9770419261E+07
  0.7416666667E-01  0.9706039404E+07
  0.7444444444E-01  0.9641659448E+07
  0.7472222222E-01  0.9577279491E+07
  0.7500000000E-01  0.9512899635E+07
  0.7527777778E-01  0.9451436544E+07
  0.7555555556E-01  0.9389973403E+07
  0.7583333333E-01  0.9328510313E+07
  0.7611111111E-01  0.9267047266E+07
  0.7638888889E-01  0.9205584180E+07
  0.7666666667E-01  0.9144121100E+07
  0.7694444444E-01  0.9082658048E+07
  0.7722222222E-01  0.9021194969E+07
  0.7750000000E-01  0.8959731811E+07
  0.7777777778E-01  0.8898268736E+07
  0.7805555556E-01  0.8836805679E+07
  0.7833333333E-01  0.8775342589E+07
  0.7861111111E-01  0.8713879547E+07
  0.7888888889E-01  0.8652416456E+07
  0.7916666667E-01  0.8590953313E+07
  0.7944444444E-01  0.8529490223E+07
  0.7972222222E-01  0.8468027179E+07
  0.8000000000E-01  0.8406564090E+07
  0.8027777778E-01  0.8348636911E+07
  0.8055555556E-01  0.8290709799E+07
  0.8083333333E-01  0.8232782609E+07
  0.8111111111E-01  0.8174855397E+07
  0.8138888889E-01  0.8116928307E+07
  0.8166666667E-01  0.8059001096E+07
  0.8194444444E-01  0.8001073916E+07
  0.8222222222E-01  0.7943146794E+07
  0.8250000000E-01  0.7885219582E+07
  0.8277777778E-01  0.7827292391E+07
  0.8305555556E-01  0.7769365280E+07
  0.8333333333E-01  0.7711438101E+07
  0.8361111111E-01  0.7653510878E+07
  0.8388888889E-01  0.7595583799E+07
  0.8416666667E-01  0.7537656576E+07
  0.8444444444E-01  0.7479729397E+07
  0.8472222222E-01  0.7421802285E+07
  0.8500000000E-01  0.7363875061E+07
  0.8527777778E-01  0.7309964508E+07
  0.8555555556E-01  0.7256053955E+07
  0.8583333333E-01  0.7202143302E+07
  0.8611111111E-01  0.7148232748E+07
  0.8638888889E-01  0.7094322183E+07
  0.8666666667E-01  0.7040411630E+07
  0.8694444444E-01  0.6986500977E+07
  0.8722222222E-01  0.6932590391E+07
  0.8750000000E-01  0.6878679837E+07
  0.8777777778E-01  0.6824769272E+07
  0.8805555556E-01  0.6770858719E+07
  0.8833333333E-01  0.6716948066E+07
  0.8861111111E-01  0.6663037512E+07
  0.8888888889E-01  0.6609126959E+07
  0.8916666667E-01  0.6555216406E+07
  0.8944444444E-01  0.6501305708E+07
  0.8972222222E-01  0.6447395154E+07
  0.9000000000E-01  0.6393484601E+07
  0.9027777778E-01  0.6343936191E+07
  0.9055555556E-01  0.6294387779E+07
  0.9083333333E-01  0.6244839369E+07
  0.9111111111E-01  0.6195290957E+07
  0.9138888889E-01  0.6145742547E+07
  0.9166666667E-01  0.6096194135E+07
  0.9194444444E-01  0.6046645692E+07
  0.9222222222E-01  0.5997097269E+07
  0.9250000000E-01  0.5947548858E+07
  0.9277777778E-01  0.5898000447E+07
  0.9305555556E-01  0.5848452036E+07
  0.9333333333E-01  0.5798903625E+07
  0.9361111111E-01  0.5749355215E+07
  0.9388888889E-01  0.5699806803E+07
  0.9416666667E-01  0.5650258393E+07
  0.9444444444E-01  0.5600709981E+07
  0.9472222222E-01  0.5551161571E+07
  0.9500000000E-01  0.5501613126E+07
  0.9527777778E-01  0.5456639710E+07
  0.9555555556E-01  0.5411666271E+07
  0.9583333333E-01  0.5366692833E+07
  0.9611111111E-01  0.5321719362E+07
  0.9638888889E-01  0.5276745924E+07
  0.9666666667E-01  0.5231772486E+07
  0.9694444444E-01  0.5186799045E+07
  0.9722222222E-01  0.5141825607E+07
  0.9750000000E-01  0.5096852211E+07
  0.9777777778E-01  0.5051878762E+07
  0.9805555556E-01  0.5006905332E+07
  0.9833333333E-01  0.4961931883E+07
  0.9861111111E-01  0.4916958444E+07
  0.9888888889E-01  0.4871985015E+07
  0.9916666667E-01  0.4827011566E+07
  0.9944444444E-01  0.4782038170E+07
  0.9972222222E-01  0.4737064732E+07
  0.1000000000E+00  0.4692091291E+07
  0.1002777778E+00  0.4651777641E+07
  0.1005555556E+00  0.4611464011E+07
  0.1008333333E+00  0.4571150349E+07
  0.1011111111E+00  0.4530836719E+07
  0.1013888889E+00  0.4490523057E+07
  0.1016666667E+00  0.4450209428E+07
  0.1019444444E+00  0.4409895777E+07
  0.1022222222E+00  0.4369582137E+07
  0.1025000000E+00  0.4329268475E+07
  0.1027777778E+00  0.4288954846E+07
  0.1030555556E+00  0.4248641184E+07
  0.1033333333E+00  0.4208327565E+07
  0.1036111111E+00  0.4168013903E+07
  0.1038888889E+00  0.4127700240E+07
  0.1041666667E+00  0.4087386611E+07
  0.1044444444E+00  0.4047072949E+07
  0.1047222222E+00  0.4006759320E+07
  0.1050000000E+00  0.3966445668E+07
  0.1052777778E+00  0.3930766800E+07
  0.1055555556E+00  0.3895087978E+07
  0.1058333333E+00  0.3859409110E+07
  0.1061111111E+00  0.3823730255E+07
  0.1063888889E+00  0.3788051387E+07
  0.1066666667E+00  0.3752372531E+07
  0.1069444444E+00  0.3716693664E+07
  0.1072222222E+00  0.3681014807E+07
  0.1075000000E+00  0.3645335952E+07
  0.1077777778E+00  0.3609657084E+07
  0.1080555556E+00  0.3573978228E+07
  0.1083333333E+00  0.3538299361E+07
  0.1086111111E+00  0.3502620504E+07
  0.1088888889E+00  0.3466941637E+07
  0.1091666667E+00  0.3431262780E+07
  0.1094444444E+00  0.3395583947E+07
  0.1097222222E+00  0.3359905091E+07
  0.1100000000E+00  0.3324226224E+07
  0.1102777778E+00  0.3293053421E+07
  0.1105555556E+00  0.3261880584E+07
  0.1108333333E+00  0.3230707781E+07
  0.1111111111E+00  0.3199534967E+07
  0.1113888889E+00  0.3168362164E+07
  0.1116666667E+00  0.3137189371E+07
  0.1119444444E+00  0.3106016568E+07
  0.1122222222E+00  0.3074843754E+07
  0.1125000000E+00  0.3043670951E+07
  0.1127777778E+00  0.3012498147E+07
  0.1130555556E+00  0.2981325301E+07
  0.1133333333E+00  0.2950152508E+07
  0.1136111111E+00  0.2918979705E+07
  0.1138888889E+00  0.2887806901E+07
  0.1141666667E+00  0.2856634088E+07
  0.1144444444E+00  0.2825461284E+07
  0.1147222222E+00  0.2794288481E+07
  0.1150000000E+00  0.2763115689E+07
  0.1152777778E+00  0.2736237259E+07
  0.1155555556E+00  0.2709358841E+07
  0.1158333333E+00  0.2682480412E+07
  0.1161111111E+00  0.2655601994E+07
  0.1163888889E+00  0.2628723564E+07
  0.1166666667E+00  0.2601845156E+07
  0.1169444444E+00  0.2574966727E+07
  0.1172222222E+00  0.2548088342E+07
  0.1175000000E+00  0.2521209913E+07
  0.1177777778E+00  0.2494331495E+07
  0.1180555556E+00  0.2467453066E+07
  0.1183333333E+00  0.2440574658E+07
  0.1186111111E+00  0.2413696228E+07
  0.1188888889E+00  0.2386817810E+07
  0.1191666667E+00  0.2359939381E+07
  0.1194444444E+00  0.2333060996E+07
  0.1197222222E+00  0.2306182567E+07
  0.1200000000E+00  0.2279304159E+07
  0.1202777778E+00  0.2256440510E+07
  0.1205555556E+00  0.2233576850E+07
  0.1208333333E+00  0.2210713201E+07
  0.1211111111E+00  0.2187849564E+07
  0.1213888889E+00  0.2164985925E+07
  0.1216666667E+00  0.2142122254E+07
  0.1219444444E+00  0.2119258616E+07
  0.1222222222E+00  0.2096394978E+07
  0.1225000000E+00  0.2073531340E+07
  0.1227777778E+00  0.2050667669E+07
  0.1230555556E+00  0.2027804031E+07
  0.1233333333E+00  0.2004940393E+07
  0.1236111111E+00  0.1982076721E+07
  0.1238888889E+00  0.1959213073E+07
  0.1241666667E+00  0.1936349445E+07
  0.1244444444E+00  0.1913485797E+07
  0.1247222222E+00  0.1890622126E+07
  0.1250000000E+00  0.1867758488E+07
  0.1252777778E+00  0.1848579031E+07
  0.1255555556E+00  0.1829399597E+07
  0.1258333333E+00  0.1810220139E+07
  0.1261111111E+00  0.1791040671E+07
  0.1263888889E+00  0.1771861203E+07
  0.1266666667E+00  0.1752681769E+07
  0.1269444444E+00  0.1733502301E+07
  0.1272222222E+00  0.1714322844E+07
  0.1275000000E+00  0.1695143387E+07
  0.1277777778E+00  0.1675963953E+07
  0.1280555556E+00  0.1656784485E+07
  0.1283333333E+00  0.1637605027E+07
  0.1286111111E+00  0.1618425559E+07
  0.1288888889E+00  0.1599246125E+07
  0.1291666667E+00  0.1580066657E+07
  0.1294444444E+00  0.1560887201E+07
  0.1297222222E+00  0.1541707743E+07
  0.1300000000E+00  0.1522528275E+07
  0.1302777778E+00  0.1506669650E+07
  0.1305555556E+00  0.1490811025E+07
  0.1308333333E+00  0.1474952399E+07
  0.1311111111E+00  0.1459093785E+07
  0.1313888889E+00  0.1443235160E+07
  0.1316666667E+00  0.1427376501E+07
  0.1319444444E+00  0.1411517886E+07
  0.1322222222E+00  0.1395659260E+07
  0.1325000000E+00  0.1379800636E+07
  0.1327777778E+00  0.1363942010E+07
  0.1330555556E+00  0.1348083395E+07
  0.1333333333E+00  0.1332224726E+07
  0.1336111111E+00  0.1316366112E+07
  0.1338888889E+00  0.1300507486E+07
  0.1341666667E+00  0.1284648871E+07
  0.1344444444E+00  0.1268790236E+07
  0.1347222222E+00  0.1252931588E+07
  0.1350000000E+00  0.1237072973E+07
  0.1352777778E+00  0.1224153185E+07
  0.1355555556E+00  0.1211233385E+07
  0.1358333333E+00  0.1198313606E+07
  0.1361111111E+00  0.1185393830E+07
  0.1363888889E+00  0.1172474018E+07
  0.1366666667E+00  0.1159554241E+07
  0.1369444444E+00  0.1146634474E+07
  0.1372222222E+00  0.1133714663E+07
  0.1375000000E+00  0.1120794886E+07
  0.1377777778E+00  0.1107875074E+07
  0.1380555556E+00  0.1094955307E+07
  0.1383333333E+00  0.1082035519E+07
  0.1386111111E+00  0.1069115719E+07
  0.1388888889E+00  0.1056195942E+07
  0.1391666667E+00  0.1043276164E+07
  0.1394444444E+00  0.1030356364E+07
  0.1397222222E+00  0.1017436576E+07
  0.1400000000E+00  0.1004516775E+07
  0.1402777778E+00  0.9941507347E+06
  0.1405555556E+00  0.9837846607E+06
  0.1408333333E+00  0.9734185868E+06
  0.1411111111E+00  0.9630525240E+06
  0.1413888889E+00  0.9526864600E+06
  0.1416666667E+00  0.9423203928E+06
  0.1419444444E+00  0.9319543255E+06
  0.1422222222E+00  0.9215882581E+06
  0.1425000000E+00  0.9112221875E+06
  0.1427777778E+00  0.9008561202E+06
  0.1430555556E+00  0.8904900541E+06
  0.1433333333E+00  0.8801239868E+06
  0.1436111111E+00  0.8697579196E+06
  0.1438888889E+00  0.8593918490E+06
  0.1441666667E+00  0.8490257817E+06
  0.1444444444E+00  0.8386597144E+06
  0.1447222222E+00  0.8282936472E+06
  0.1450000000E+00  0.8179275910E+06
  0.1452777778E+00  0.8097388577E+06
  0.1455555556E+00  0.8015501210E+06
  0.1458333333E+00  0.7933613922E+06
  0.1461111111E+00  0.7851726623E+06
  0.1463888889E+00  0.7769839323E+06
  0.1466666667E+00  0.7687952024E+06
  0.1469444444E+00  0.7606064714E+06
  0.1472222222E+00  0.7524177313E+06
  0.1475000000E+00  0.7442290014E+06
  0.1477777778E+00  0.7360402703E+06
  0.1480555556E+00  0.7278515370E+06
  0.1483333333E+00  0.7196628071E+06
  0.1486111111E+00  0.7114740772E+06
  0.1488888889E+00  0.7032853461E+06
  0.1491666667E+00  0.6950966162E+06
  0.1494444444E+00  0.6869078861E+06
  0.1497222222E+00  0.6787191551E+06
  0.1500000000E+00  0.6705304252E+06
  0.1502777778E+00  0.6641615303E+06
  0.1505555556E+00  0.6577926441E+06
  0.1508333333E+00  0.6514237481E+06
  0.1511111111E+00  0.6450548632E+06
  0.1513888889E+00  0.6386859670E+06
  0.1516666667E+00  0.6323170822E+06
  0.1519444444E+00  0.6259481961E+06
  0.1522222222E+00  0.6195793001E+06
  0.1525000000E+00  0.6132104151E+06
  0.1527777778E+00  0.6068415190E+06
  0.1530555556E+00  0.6004726363E+06
  0.1533333333E+00  0.5941037513E+06
  0.1536111111E+00  0.5877348553E+06
  0.1538888889E+00  0.5813659703E+06
  0.1541666667E+00  0.5749970743E+06
  0.1544444444E+00  0.5686281882E+06
  0.1547222222E+00  0.5622593032E+06
  0.1550000000E+00  0.5558904072E+06
  0.1552777778E+00  0.5510110372E+06
  0.1555555556E+00  0.5461316573E+06
  0.1558333333E+00  0.5412522840E+06
  0.1561111111E+00  0.5363729139E+06
  0.1563888889E+00  0.5314935340E+06
  0.1566666667E+00  0.5266141617E+06
  0.1569444444E+00  0.5217347818E+06
  0.1572222222E+00  0.5168554119E+06
  0.1575000000E+00  0.5119760418E+06
  0.1577777778E+00  0.5070966585E+06
  0.1580555556E+00  0.5022172885E+06
  0.1583333333E+00  0.4973379185E+06
  0.1586111111E+00  0.4924585385E+06
  0.1588888889E+00  0.4875791652E+06
  0.1591666667E+00  0.4826997853E+06
  0.1594444444E+00  0.4778204153E+06
  0.1597222222E+00  0.4729410420E+06
  0.1600000000E+00  0.4680616620E+06
  0.1602777778E+00  0.4643743346E+06
  0.1605555556E+00  0.4606870194E+06
  0.1608333333E+00  0.4569996921E+06
  0.1611111111E+00  0.4533123635E+06
  0.1613888889E+00  0.4496250394E+06
  0.1616666667E+00  0.4459377210E+06
  0.1619444444E+00  0.4422503935E+06
  0.1622222222E+00  0.4385630651E+06
  0.1625000000E+00  0.4348757399E+06
  0.1627777778E+00  0.4311884184E+06
  0.1630555556E+00  0.4275010920E+06
  0.1633333333E+00  0.4238137699E+06
  0.1636111111E+00  0.4201264444E+06
  0.1638888889E+00  0.4164391190E+06
  0.1641666667E+00  0.4127517959E+06
  0.1644444444E+00  0.4090644703E+06
  0.1647222222E+00  0.4053771449E+06
  0.1650000000E+00  0.4016898185E+06
  0.1652777778E+00  0.3989329485E+06
  0.1655555556E+00  0.3961760741E+06
  0.1658333333E+00  0.3934192009E+06
  0.1661111111E+00  0.3906623298E+06
  0.1663888889E+00  0.3879054555E+06
  0.1666666667E+00  0.3851485823E+06
  0.1669444444E+00  0.3823917113E+06
  0.1672222222E+00  0.3796348379E+06
  0.1675000000E+00  0.3768779637E+06
  0.1677777778E+00  0.3741210937E+06
  0.1680555556E+00  0.3713642194E+06
  0.1683333333E+00  0.3686073484E+06
  0.1686111111E+00  0.3658504751E+06
  0.1688888889E+00  0.3630936008E+06
  0.1691666667E+00  0.3603367297E+06
  0.1694444444E+00  0.3575798554E+06
  0.1697222222E+00  0.3548229811E+06
  0.1700000000E+00  0.3520661111E+06
  0.1702777778E+00  0.3500162421E+06
  0.1705555556E+00  0.3479663764E+06
  0.1708333333E+00  0.3459165074E+06
  0.1711111111E+00  0.3438666418E+06
  0.1713888889E+00  0.3418167727E+06
  0.1716666667E+00  0.3397669038E+06
  0.1719444444E+00  0.3377170371E+06
  0.1722222222E+00  0.3356671681E+06
  0.1725000000E+00  0.3336173025E+06
  0.1727777778E+00  0.3315674335E+06
  0.1730555556E+00  0.3295175678E+06
  0.1733333333E+00  0.3274676989E+06
  0.1736111111E+00  0.3254178332E+06
  0.1738888889E+00  0.3233679630E+06
  0.1741666667E+00  0.3213180974E+06
  0.1744444444E+00  0.3192682284E+06
  0.1747222222E+00  0.3172183628E+06
  0.1750000000E+00  0.3151684937E+06
  0.1752777778E+00  0.3136395234E+06
  0.1755555556E+00  0.3121105554E+06
  0.1758333333E+00  0.3105815850E+06
  0.1761111111E+00  0.3090526146E+06
  0.1763888889E+00  0.3075236432E+06
  0.1766666667E+00  0.3059946729E+06
  0.1769444444E+00  0.3044657024E+06
  0.1772222222E+00  0.3029367320E+06
  0.1775000000E+00  0.3014077607E+06
  0.1777777778E+00  0.2998787936E+06
  0.1780555556E+00  0.2983498233E+06
  0.1783333333E+00  0.2968208519E+06
  0.1786111111E+00  0.2952918815E+06
  0.1788888889E+00  0.2937629111E+06
  0.1791666667E+00  0.2922339418E+06
  0.1794444444E+00  0.2907049705E+06
  0.1797222222E+00  0.2891760001E+06
  0.1800000000E+00  0.2876470330E+06
  0.1802777778E+00  0.2864885918E+06
  0.1805555556E+00  0.2853301506E+06
  0.1808333333E+00  0.2841717114E+06
  0.1811111111E+00  0.2830132702E+06
  0.1813888889E+00  0.2818548256E+06
  0.1816666667E+00  0.2806963865E+06
  0.1819444444E+00  0.2795379452E+06
  0.1822222222E+00  0.2783795040E+06
  0.1825000000E+00  0.2772210649E+06
  0.1827777778E+00  0.2760626237E+06
  0.1830555556E+00  0.2749041824E+06
  0.1833333333E+00  0.2737457433E+06
  0.1836111111E+00  0.2725873020E+06
  0.1838888889E+00  0.2714288608E+06
  0.1841666667E+00  0.2702704207E+06
  0.1844444444E+00  0.2691119805E+06
  0.1847222222E+00  0.2679535392E+06
  0.1850000000E+00  0.2667950991E+06
  0.1852777778E+00  0.2658898913E+06
  0.1855555556E+00  0.2649846847E+06
  0.1858333333E+00  0.2640794781E+06
  0.1861111111E+00  0.2631742670E+06
  0.1863888889E+00  0.2622690604E+06
  0.1866666667E+00  0.2613638538E+06
  0.1869444444E+00  0.2604586461E+06
  0.1872222222E+00  0.2595534361E+06
  0.1875000000E+00  0.2586482285E+06
  0.1877777778E+00  0.2577430208E+06
  0.1880555556E+00  0.2568378141E+06
  0.1883333333E+00  0.2559326042E+06
  0.1886111111E+00  0.2550273965E+06
  0.1888888889E+00  0.2541221898E+06
  0.1891666667E+00  0.2532169832E+06
  0.1894444444E+00  0.2523117721E+06
  0.1897222222E+00  0.2514065655E+06
  0.1900000000E+00  0.2505013579E+06
  0.1902777778E+00  0.2497614028E+06
  0.1905555556E+00  0.2490214512E+06
  0.1908333333E+00  0.2482814972E+06
  0.1911111111E+00  0.2475415432E+06
  0.1913888889E+00  0.2468015904E+06
  0.1916666667E+00  0.2460616365E+06
  0.1919444444E+00  0.2453216814E+06
  0.1922222222E+00  0.2445817297E+06
  0.1925000000E+00  0.2438417747E+06
  0.1927777778E+00  0.2431018207E+06
  0.1930555556E+00  0.2423618679E+06
  0.1933333333E+00  0.2416219140E+06
  0.1936111111E+00  0.2408819590E+06
  0.1938888889E+00  0.2401420072E+06
  0.1941666667E+00  0.2394020522E+06
  0.1944444444E+00  0.2386621016E+06
  0.1947222222E+00  0.2379221465E+06
  0.1950000000E+00  0.2371821915E+06
  0.1952777778E+00  0.2365447632E+06
  0.1955555556E+00  0.2359073393E+06
  0.1958333333E+00  0.2352699110E+06
  0.1961111111E+00  0.2346324827E+06
  0.1963888889E+00  0.2339950555E+06
  0.1966666667E+00  0.2333576271E+06
  0.1969444444E+00  0.2327202032E+06
  0.1972222222E+00  0.2320827760E+06
  0.1975000000E+00  0.2314453477E+06
  0.1977777778E+00  0.2308079193E+06
  0.1980555556E+00  0.2301704922E+06
  0.1983333333E+00  0.2295330638E+06
  0.1986111111E+00  0.2288956388E+06
  0.1988888889E+00  0.2282582105E+06
  0.1991666667E+00  0.2276207833E+06
  0.1994444444E+00  0.2269833550E+06
  0.1997222222E+00  0.2263459267E+06
  0.2000000000E+00  0.2257085028E+06
  0.2002777778E+00  0.2251315867E+06
  0.2005555556E+00  0.2245546729E+06
  0.2008333333E+00  0.2239777601E+06
  0.2011111111E+00  0.2234008464E+06
  0.2013888889E+00  0.2228239347E+06
  0.2016666667E+00  0.2222470209E+06
  0.2019444444E+00  0.2216701082E+06
  0.2022222222E+00  0.2210931911E+06
  0.2025000000E+00  0.2205162772E+06
  0.2027777778E+00  0.2199393645E+06
  0.2030555556E+00  0.2193624507E+06
  0.2033333333E+00  0.2187855391E+06
  0.2036111111E+00  0.2182086253E+06
  0.2038888889E+00  0.2176317092E+06
  0.2041666667E+00  0.2170547954E+06
  0.2044444444E+00  0.2164778826E+06
  0.2047222222E+00  0.2159009688E+06
  0.2050000000E+00  0.2153240572E+06
  0.2052777778E+00  0.2147823353E+06
  0.2055555556E+00  0.2142406136E+06
  0.2058333333E+00  0.2136988929E+06
  0.2061111111E+00  0.2131571755E+06
  0.2063888889E+00  0.2126154548E+06
  0.2066666667E+00  0.2120737341E+06
  0.2069444444E+00  0.2115320134E+06
  0.2072222222E+00  0.2109902905E+06
  0.2075000000E+00  0.2104485731E+06
  0.2077777778E+00  0.2099068524E+06
  0.2080555556E+00  0.2093651317E+06
  0.2083333333E+00  0.2088234109E+06
  0.2086111111E+00  0.2082816903E+06
  0.2088888889E+00  0.2077399729E+06
  0.2091666667E+00  0.2071982500E+06
  0.2094444444E+00  0.2066565293E+06
  0.2097222222E+00  0.2061148086E+06
  0.2100000000E+00  0.2055730878E+06
  0.2102777778E+00  0.2050537225E+06
  0.2105555556E+00  0.2045343562E+06
  0.2108333333E+00  0.2040149897E+06
  0.2111111111E+00  0.2034956244E+06
  0.2113888889E+00  0.2029762591E+06
  0.2116666667E+00  0.2024568928E+06
  0.2119444444E+00  0.2019375230E+06
  0.2122222222E+00  0.2014181576E+06
  0.2125000000E+00  0.2008987913E+06
  0.2127777778E+00  0.2003794259E+06
  0.2130555556E+00  0.1998600595E+06
  0.2133333333E+00  0.1993406932E+06
  0.2136111111E+00  0.1988213278E+06
  0.2138888889E+00  0.1983019592E+06
  0.2141666667E+00  0.1977825917E+06
  0.2144444444E+00  0.1972632264E+06
  0.2147222222E+00  0.1967438611E+06
  0.2150000000E+00  0.1962244957E+06
  0.2152777778E+00  0.1957233301E+06
  0.2155555556E+00  0.1952221655E+06
  0.2158333333E+00  0.1947210020E+06
  0.2161111111E+00  0.1942198375E+06
  0.2163888889E+00  0.1937186739E+06
  0.2166666667E+00  0.1932175083E+06
  0.2169444444E+00  0.1927163448E+06
  0.2172222222E+00  0.1922151802E+06
  0.2175000000E+00  0.1917140157E+06
  0.2177777778E+00  0.1912128522E+06
  0.2180555556E+00  0.1907116865E+06
  0.2183333333E+00  0.1902105230E+06
  0.2186111111E+00  0.1897093585E+06
  0.2188888889E+00  0.1892081939E+06
  0.2191666667E+00  0.1887070304E+06
  0.2194444444E+00  0.1882058648E+06
  0.2197222222E+00  0.1877047012E+06
  0.2200000000E+00  0.1872035367E+06
  0.2202777778E+00  0.1867222207E+06
  0.2205555556E+00  0.1862409014E+06
  0.2208333333E+00  0.1857595843E+06
  0.2211111111E+00  0.1852782649E+06
  0.2213888889E+00  0.1847969490E+06
  0.2216666667E+00  0.1843156296E+06
  0.2219444444E+00  0.1838343125E+06
  0.2222222222E+00  0.1833529932E+06
  0.2225000000E+00  0.1828716772E+06
  0.2227777778E+00  0.1823903579E+06
  0.2230555556E+00  0.1819090419E+06
  0.2233333333E+00  0.1814277248E+06
  0.2236111111E+00  0.1809464055E+06
  0.2238888889E+00  0.1804650895E+06
  0.2241666667E+00  0.1799837702E+06
  0.2244444444E+00  0.1795024542E+06
  0.2247222222E+00  0.1790211337E+06
  0.2250000000E+00  0.1785398167E+06
  0.2252777778E+00  0.1780828262E+06
  0.2255555556E+00  0.1776258356E+06
  0.2258333333E+00  0.1771688450E+06
  0.2261111111E+00  0.1767118577E+06
  0.2263888889E+00  0.1762548671E+06
  0.2266666667E+00  0.1757978766E+06
  0.2269444444E+00  0.1753408860E+06
  0.2272222222E+00  0.1748838987E+06
  0.2275000000E+00  0.1744269081E+06
  0.2277777778E+00  0.1739699175E+06
  0.2280555556E+00  0.1735129269E+06
  0.2283333333E+00  0.1730559364E+06
  0.2286111111E+00  0.1725989491E+06
  0.2288888889E+00  0.1721419585E+06
  0.2291666667E+00  0.1716849679E+06
  0.2294444444E+00  0.1712279773E+06
  0.2297222222E+00  0.1707709879E+06
  0.2300000000E+00  0.1703140006E+06
  0.2302777778E+00  0.1698869529E+06
  0.2305555556E+00  0.1694599095E+06
  0.2308333333E+00  0.1690328652E+06
  0.2311111111E+00  0.1686058186E+06
  0.2313888889E+00  0.1681787742E+06
  0.2316666667E+00  0.1677517298E+06
  0.2319444444E+00  0.1673246842E+06
  0.2322222222E+00  0.1668976398E+06
  0.2325000000E+00  0.1664705955E+06
  0.2327777778E+00  0.1660435489E+06
  0.2330555556E+00  0.1656165055E+06
  0.2333333333E+00  0.1651894611E+06
  0.2336111111E+00  0.1647624179E+06
  0.2338888889E+00  0.1643353702E+06
  0.2341666667E+00  0.1639083268E+06
  0.2344444444E+00  0.1634812835E+06
  0.2347222222E+00  0.1630542358E+06
  0.2350000000E+00  0.1626271914E+06
  0.2352777778E+00  0.1622350713E+06
  0.2355555556E+00  0.1618429501E+06
  0.2358333333E+00  0.1614508333E+06
  0.2361111111E+00  0.1610587131E+06
  0.2363888889E+00  0.1606665919E+06
  0.2366666667E+00  0.1602744717E+06
  0.2369444444E+00  0.1598823539E+06
  0.2372222222E+00  0.1594902337E+06
  0.2375000000E+00  0.1590981136E+06
  0.2377777778E+00  0.1587059924E+06
  0.2380555556E+00  0.1583138755E+06
  0.2383333333E+00  0.1579217544E+06
  0.2386111111E+00  0.1575296342E+06
  0.2388888889E+00  0.1571375140E+06
  0.2391666667E+00  0.1567453962E+06
  0.2394444444E+00  0.1563532760E+06
  0.2397222222E+00  0.1559611548E+06
  0.2400000000E+00  0.1555690347E+06
  0.2402777778E+00  0.1552153281E+06
  0.2405555556E+00  0.1548616172E+06
  0.2408333333E+00  0.1545079062E+06
  0.2411111111E+00  0.1541541987E+06
  0.2413888889E+00  0.1538004888E+06
  0.2416666667E+00  0.1534467767E+06
  0.2419444444E+00  0.1530930702E+06
  0.2422222222E+00  0.1527393603E+06
  0.2425000000E+00  0.1523856483E+06
  0.2427777778E+00  0.1520319417E+06
  0.2430555556E+00  0.1516782308E+06
  0.2433333333E+00  0.1513245198E+06
  0.2436111111E+00  0.1509708132E+06
  0.2438888889E+00  0.1506171023E+06
  0.2441666667E+00  0.1502633913E+06
  0.2444444444E+00  0.1499096838E+06
  0.2447222222E+00  0.1495559739E+06
  0.2450000000E+00  0.1492022629E+06
  0.2452777778E+00  0.1488884256E+06
  0.2455555556E+00  0.1485745882E+06
  0.2458333333E+00  0.1482607485E+06
  0.2461111111E+00  0.1479469112E+06
  0.2463888889E+00  0.1476330738E+06
  0.2466666667E+00  0.1473192342E+06
  0.2469444444E+00  0.1470053968E+06
  0.2472222222E+00  0.1466915595E+06
  0.2475000000E+00  0.1463777198E+06
  0.2477777778E+00  0.1460638824E+06
  0.2480555556E+00  0.1457500451E+06
  0.2483333333E+00  0.1454362077E+06
  0.2486111111E+00  0.1451223681E+06
  0.2488888889E+00  0.1448085307E+06
  0.2491666667E+00  0.1444946934E+06
  0.2494444444E+00  0.1441808537E+06
  0.2497222222E+00  0.1438670163E+06
  0.2500000000E+00  0.1435531790E+06
  0.2502777778E+00  0.1432783963E+06
  0.2505555556E+00  0.1430036125E+06
  0.2508333333E+00  0.1427288299E+06
  0.2511111111E+00  0.1424540471E+06
  0.2513888889E+00  0.1421792633E+06
  0.2516666667E+00  0.1419044817E+06
  0.2519444444E+00  0.1416296979E+06
  0.2522222222E+00  0.1413549152E+06
  0.2525000000E+00  0.1410801325E+06
  0.2527777778E+00  0.1408053487E+06
  0.2530555556E+00  0.1405305661E+06
  0.2533333333E+00  0.1402557833E+06
  0.2536111111E+00  0.1399809995E+06
  0.2538888889E+00  0.1397062169E+06
  0.2541666667E+00  0.1394314341E+06
  0.2544444444E+00  0.1391566503E+06
  0.2547222222E+00  0.1388818677E+06
  0.2550000000E+00  0.1386070849E+06
  0.2552777778E+00  0.1383685732E+06
  0.2555555556E+00  0.1381300669E+06
  0.2558333333E+00  0.1378915585E+06
  0.2561111111E+00  0.1376530511E+06
  0.2563888889E+00  0.1374145405E+06
  0.2566666667E+00  0.1371760331E+06
  0.2569444444E+00  0.1369375247E+06
  0.2572222222E+00  0.1366990184E+06
  0.2575000000E+00  0.1364605067E+06
  0.2577777778E+00  0.1362219993E+06
  0.2580555556E+00  0.1359834920E+06
  0.2583333333E+00  0.1357449813E+06
  0.2586111111E+00  0.1355064729E+06
  0.2588888889E+00  0.1352679666E+06
  0.2591666667E+00  0.1350294582E+06
  0.2594444444E+00  0.1347909486E+06
  0.2597222222E+00  0.1345524402E+06
  0.2600000000E+00  0.1343139328E+06
  0.2602777778E+00  0.1341070654E+06
  0.2605555556E+00  0.1339001991E+06
  0.2608333333E+00  0.1336933351E+06
  0.2611111111E+00  0.1334864667E+06
  0.2613888889E+00  0.1332795994E+06
  0.2616666667E+00  0.1330727330E+06
  0.2619444444E+00  0.1328658677E+06
  0.2622222222E+00  0.1326590010E+06
  0.2625000000E+00  0.1324521347E+06
  0.2627777778E+00  0.1322452679E+06
  0.2630555556E+00  0.1320384016E+06
  0.2633333333E+00  0.1318315353E+06
  0.2636111111E+00  0.1316246686E+06
  0.2638888889E+00  0.1314178022E+06
  0.2641666667E+00  0.1312109355E+06
  0.2644444444E+00  0.1310040692E+06
  0.2647222222E+00  0.1307972036E+06
  0.2650000000E+00  0.1305903372E+06
  0.2652777778E+00  0.1304092492E+06
  0.2655555556E+00  0.1302281615E+06
  0.2658333333E+00  0.1300470756E+06
  0.2661111111E+00  0.1298659879E+06
  0.2663888889E+00  0.1296849012E+06
  0.2666666667E+00  0.1295038143E+06
  0.2669444444E+00  0.1293227266E+06
  0.2672222222E+00  0.1291416396E+06
  0.2675000000E+00  0.1289605519E+06
  0.2677777778E+00  0.1287794660E+06
  0.2680555556E+00  0.1285983783E+06
  0.2683333333E+00  0.1284172913E+06
  0.2686111111E+00  0.1282362047E+06
  0.2688888889E+00  0.1280551170E+06
  0.2691666667E+00  0.1278740300E+06
  0.2694444444E+00  0.1276929434E+06
  0.2697222222E+00  0.1275118564E+06
  0.2700000000E+00  0.1273307687E+06
  0.2702777778E+00  0.1271688801E+06
  0.2705555556E+00  0.1270069905E+06
  0.2708333333E+00  0.1268451019E+06
  0.2711111111E+00  0.1266832123E+06
  0.2713888889E+00  0.1265213237E+06
  0.2716666667E+00  0.1263594333E+06
  0.2719444444E+00  0.1261975447E+06
  0.2722222222E+00  0.1260356561E+06
  0.2725000000E+00  0.1258737664E+06
  0.2727777778E+00  0.1257118778E+06
  0.2730555556E+00  0.1255499882E+06
  0.2733333333E+00  0.1253880996E+06
  0.2736111111E+00  0.1252262114E+06
  0.2738888889E+00  0.1250643206E+06
  0.2741666667E+00  0.1249024320E+06
  0.2744444444E+00  0.1247405424E+06
  0.2747222222E+00  0.1245786538E+06
  0.2750000000E+00  0.1244167642E+06
  0.2752777778E+00  0.1242672291E+06
  0.2755555556E+00  0.1241176930E+06
  0.2758333333E+00  0.1239681579E+06
  0.2761111111E+00  0.1238186218E+06
  0.2763888889E+00  0.1236690868E+06
  0.2766666667E+00  0.1235195507E+06
  0.2769444444E+00  0.1233700156E+06
  0.2772222222E+00  0.1232204795E+06
  0.2775000000E+00  0.1230709435E+06
  0.2777777778E+00  0.1229214084E+06
  0.2780555556E+00  0.1227718723E+06
  0.2783333333E+00  0.1226223372E+06
  0.2786111111E+00  0.1224728012E+06
  0.2788888889E+00  0.1223232661E+06
  0.2791666667E+00  0.1221737300E+06
  0.2794444444E+00  0.1220241949E+06
  0.2797222222E+00  0.1218746589E+06
  0.2800000000E+00  0.1217251225E+06
  0.2802777778E+00  0.1215814030E+06
  0.2805555556E+00  0.1214376823E+06
  0.2808333333E+00  0.1212939614E+06
  0.2811111111E+00  0.1211502409E+06
  0.2813888889E+00  0.1210065202E+06
  0.2816666667E+00  0.1208627993E+06
  0.2819444444E+00  0.1207190788E+06
  0.2822222222E+00  0.1205753583E+06
  0.2825000000E+00  0.1204316373E+06
  0.2827777778E+00  0.1202879167E+06
  0.2830555556E+00  0.1201441958E+06
  0.2833333333E+00  0.1200004752E+06
  0.2836111111E+00  0.1198567546E+06
  0.2838888889E+00  0.1197130338E+06
  0.2841666667E+00  0.1195693131E+06
  0.2844444444E+00  0.1194255926E+06
  0.2847222222E+00  0.1192818717E+06
  0.2850000000E+00  0.1191381510E+06
  0.2852777778E+00  0.1189944718E+06
  0.2855555556E+00  0.1188507913E+06
  0.2858333333E+00  0.1187071120E+06
  0.2861111111E+00  0.1185634329E+06
  0.2863888889E+00  0.1184197527E+06
  0.2866666667E+00  0.1182760735E+06
  0.2869444444E+00  0.1181323940E+06
  0.2872222222E+00  0.1179887137E+06
  0.2875000000E+00  0.1178450345E+06
  0.2877777778E+00  0.1177013553E+06
  0.2880555556E+00  0.1175576758E+06
  0.2883333333E+00  0.1174139955E+06
  0.2886111111E+00  0.1172703163E+06
  0.2888888889E+00  0.1171266371E+06
  0.2891666667E+00  0.1169829569E+06
  0.2894444444E+00  0.1168392773E+06
  0.2897222222E+00  0.1166955981E+06
  0.2900000000E+00  0.1165519179E+06
  0.2902777778E+00  0.1164034590E+06
  0.2905555556E+00  0.1162549994E+06
  0.2908333333E+00  0.1161065405E+06
  0.2911111111E+00  0.1159580806E+06
  0.2913888889E+00  0.1158096206E+06
  0.2916666667E+00  0.1156611620E+06
  0.2919444444E+00  0.1155127021E+06
  0.2922222222E+00  0.1153642433E+06
  0.2925000000E+00  0.1152157836E+06
  0.2927777778E+00  0.1150673237E+06
  0.2930555556E+00  0.1149188648E+06
  0.2933333333E+00  0.1147704051E+06
  0.2936111111E+00  0.1146219463E+06
  0.2938888889E+00  0.1144734864E+06
  0.2941666667E+00  0.1143250278E+06
  0.2944444444E+00  0.1141765678E+06
  0.2947222222E+00  0.1140281079E+06
  0.2950000000E+00  0.1138796490E+06
  0.2952777778E+00  0.1137230180E+06
  0.2955555556E+00  0.1135663869E+06
  0.2958333333E+00  0.1134097559E+06
  0.2961111111E+00  0.1132531244E+06
  0.2963888889E+00  0.1130964933E+06
  0.2966666667E+00  0.1129398622E+06
  0.2969444444E+00  0.1127832319E+06
  0.2972222222E+00  0.1126266008E+06
  0.2975000000E+00  0.1124699697E+06
  0.2977777778E+00  0.1123133384E+06
  0.2980555556E+00  0.1121567073E+06
  0.2983333333E+00  0.1120000762E+06
  0.2986111111E+00  0.1118434448E+06
  0.2988888889E+00  0.1116868138E+06
  0.2991666667E+00  0.1115301837E+06
  0.2994444444E+00  0.1113735527E+06
  0.2997222222E+00  0.1112169213E+06
  0.3000000000E+00  0.1110602902E+06
  0.3002777778E+00  0.1108934040E+06
  0.3005555556E+00  0.1107265174E+06
  0.3008333333E+00  0.1105596312E+06
  0.3011111111E+00  0.1103927449E+06
  0.3013888889E+00  0.1102258587E+06
  0.3016666667E+00  0.1100589721E+06
  0.3019444444E+00  0.1098920859E+06
  0.3022222222E+00  0.1097251997E+06
  0.3025000000E+00  0.1095583131E+06
  0.3027777778E+00  0.1093914269E+06
  0.3030555556E+00  0.1092245407E+06
  0.3033333333E+00  0.1090576544E+06
  0.3036111111E+00  0.1088907678E+06
  0.3038888889E+00  0.1087238815E+06
  0.3041666667E+00  0.1085569953E+06
  0.3044444444E+00  0.1083901091E+06
  0.3047222222E+00  0.1082232225E+06
  0.3050000000E+00  0.1080563363E+06
  0.3052777778E+00  0.1078785692E+06
  0.3055555556E+00  0.1077008015E+06
  0.3058333333E+00  0.1075230333E+06
  0.3061111111E+00  0.1073452665E+06
  0.3063888889E+00  0.1071674985E+06
  0.3066666667E+00  0.1069897307E+06
  0.3069444444E+00  0.1068119636E+06
  0.3072222222E+00  0.1066341958E+06
  0.3075000000E+00  0.1064564280E+06
  0.3077777778E+00  0.1062786600E+06
  0.3080555556E+00  0.1061008932E+06
  0.3083333333E+00  0.1059231251E+06
  0.3086111111E+00  0.1057453573E+06
  0.3088888889E+00  0.1055675902E+06
  0.3091666667E+00  0.1053898225E+06
  0.3094444444E+00  0.1052120543E+06
  0.3097222222E+00  0.1050342875E+06
  0.3100000000E+00  0.1048565195E+06
  0.3102777778E+00  0.1046686227E+06
  0.3105555556E+00  0.1044807270E+06
  0.3108333333E+00  0.1042928301E+06
  0.3111111111E+00  0.1041049337E+06
  0.3113888889E+00  0.1039170379E+06
  0.3116666667E+00  0.1037291412E+06
  0.3119444444E+00  0.1035412444E+06
  0.3122222222E+00  0.1033533477E+06
  0.3125000000E+00  0.1031654519E+06
  0.3127777778E+00  0.1029775552E+06
  0.3130555556E+00  0.1027896586E+06
  0.3133333333E+00  0.1026017629E+06
  0.3136111111E+00  0.1024138661E+06
  0.3138888889E+00  0.1022259694E+06
  0.3141666667E+00  0.1020380726E+06
  0.3144444444E+00  0.1018501768E+06
  0.3147222222E+00  0.1016622801E+06
  0.3150000000E+00  0.1014743836E+06
  0.3152777778E+00  0.1012783868E+06
  0.3155555556E+00  0.1010823910E+06
  0.3158333333E+00  0.1008863941E+06
  0.3161111111E+00  0.1006903976E+06
  0.3163888889E+00  0.1004944007E+06
  0.3166666667E+00  0.1002984038E+06
  0.3169444444E+00  0.1001024080E+06
  0.3172222222E+00  0.9990641110E+05
  0.3175000000E+00  0.9971041458E+05
  0.3177777778E+00  0.9951441772E+05
  0.3180555556E+00  0.9931842085E+05
  0.3183333333E+00  0.9912242511E+05
  0.3186111111E+00  0.9892642823E+05
  0.3188888889E+00  0.9873043171E+05
  0.3191666667E+00  0.9853443485E+05
  0.3194444444E+00  0.9833843798E+05
  0.3197222222E+00  0.9814244212E+05
  0.3200000000E+00  0.9794644559E+05
  0.3202777778E+00  0.9774530757E+05
  0.3205555556E+00  0.9754416888E+05
  0.3208333333E+00  0.9734303075E+05
  0.3211111111E+00  0.9714189272E+05
  0.3213888889E+00  0.9694075503E+05
  0.3216666667E+00  0.9673961690E+05
  0.3219444444E+00  0.9653847921E+05
  0.3222222222E+00  0.9633734019E+05
  0.3225000000E+00  0.9613620249E+05
  0.3227777778E+00  0.9593506436E+05
  0.3230555556E+00  0.9573392667E+05
  0.3233333333E+00  0.9553278865E+05
  0.3236111111E+00  0.9533164985E+05
  0.3238888889E+00  0.9513051182E+05
  0.3241666667E+00  0.9492937413E+05
  0.3244444444E+00  0.9472823611E+05
  0.3247222222E+00  0.9452709831E+05
  0.3250000000E+00  0.9432595928E+05
  0.3252777778E+00  0.9412355876E+05
  0.3255555556E+00  0.9392115790E+05
  0.3258333333E+00  0.9371875749E+05
  0.3261111111E+00  0.9351635696E+05
  0.3263888889E+00  0.9331395611E+05
  0.3266666667E+00  0.9311155558E+05
  0.3269444444E+00  0.9290915472E+05
  0.3272222222E+00  0.9270675431E+05
  0.3275000000E+00  0.9250435378E+05
  0.3277777778E+00  0.9230195292E+05
  0.3280555556E+00  0.9209955240E+05
  0.3283333333E+00  0.9189715153E+05
  0.3286111111E+00  0.9169475001E+05
  0.3288888889E+00  0.9149234959E+05
  0.3291666667E+00  0.9128994874E+05
  0.3294444444E+00  0.9108754821E+05
  0.3297222222E+00  0.9088514736E+05
  0.3300000000E+00  0.9068274683E+05
  0.3302777778E+00  0.9048334158E+05
  0.3305555556E+00  0.9028393623E+05
  0.3308333333E+00  0.9008453132E+05
  0.3311111111E+00  0.8988512496E+05
  0.3313888889E+00  0.8968571972E+05
  0.3316666667E+00  0.8948631436E+05
  0.3319444444E+00  0.8928690912E+05
  0.3322222222E+00  0.8908750410E+05
  0.3325000000E+00  0.8888809785E+05
  0.3327777778E+00  0.8868869249E+05
  0.3330555556E+00  0.8848928726E+05
  0.3333333333E+00  0.8828988190E+05
  0.3336111111E+00  0.8809047688E+05
  0.3338888889E+00  0.8789107064E+05
  0.3341666667E+00  0.8769166528E+05
  0.3344444444E+00  0.8749226004E+05
  0.3347222222E+00  0.8729285469E+05
  0.3350000000E+00  0.8709344944E+05
  0.3352777778E+00  0.8690161051E+05
  0.3355555556E+00  0.8670977246E+05
  0.3358333333E+00  0.8651793354E+05
  0.3361111111E+00  0.8632609560E+05
  0.3363888889E+00  0.8613425623E+05
  0.3366666667E+00  0.8594241729E+05
  0.3369444444E+00  0.8575057935E+05
  0.3372222222E+00  0.8555874043E+05
  0.3375000000E+00  0.8536690205E+05
  0.3377777778E+00  0.8517506312E+05
  0.3380555556E+00  0.8498322518E+05
  0.3383333333E+00  0.8479138626E+05
  0.3386111111E+00  0.8459954788E+05
  0.3388888889E+00  0.8440770894E+05
  0.3391666667E+00  0.8421587001E+05
  0.3394444444E+00  0.8402403208E+05
  0.3397222222E+00  0.8383219271E+05
  0.3400000000E+00  0.8364035477E+05
  0.3402777778E+00  0.8346059420E+05
  0.3405555556E+00  0.8328083351E+05
  0.3408333333E+00  0.8310107294E+05
  0.3411111111E+00  0.8292131270E+05
  0.3413888889E+00  0.8274155202E+05
  0.3416666667E+00  0.8256179145E+05
  0.3419444444E+00  0.8238203088E+05
  0.3422222222E+00  0.8220227019E+05
  0.3425000000E+00  0.8202250962E+05
  0.3427777778E+00  0.8184274805E+05
  0.3430555556E+00  0.8166298737E+05
  0.3433333333E+00  0.8148322680E+05
  0.3436111111E+00  0.8130346657E+05
  0.3438888889E+00  0.8112370588E+05
  0.3441666667E+00  0.8094394531E+05
  0.3444444444E+00  0.8076418474E+05
  0.3447222222E+00  0.8058442406E+05
  0.3450000000E+00  0.8040466349E+05
  0.3452777778E+00  0.8024118156E+05
  0.3455555556E+00  0.8007770064E+05
  0.3458333333E+00  0.7991421884E+05
  0.3461111111E+00  0.7975073691E+05
  0.3463888889E+00  0.7958725500E+05
  0.3466666667E+00  0.7942377308E+05
  0.3469444444E+00  0.7926029115E+05
  0.3472222222E+00  0.7909681024E+05
  0.3475000000E+00  0.7893332832E+05
  0.3477777778E+00  0.7876984651E+05
  0.3480555556E+00  0.7860636459E+05
  0.3483333333E+00  0.7844288267E+05
  0.3486111111E+00  0.7827940175E+05
  0.3488888889E+00  0.7811591949E+05
  0.3491666667E+00  0.7795243757E+05
  0.3494444444E+00  0.7778895565E+05
  0.3497222222E+00  0.7762547385E+05
  0.3500000000E+00  0.7746199192E+05
  0.3502777778E+00  0.7731847728E+05
  0.3505555556E+00  0.7717496197E+05
  0.3508333333E+00  0.7703144744E+05
  0.3511111111E+00  0.7688793179E+05
  0.3513888889E+00  0.7674441616E+05
  0.3516666667E+00  0.7660090162E+05
  0.3519444444E+00  0.7645738598E+05
  0.3522222222E+00  0.7631387133E+05
  0.3525000000E+00  0.7617035581E+05
  0.3527777778E+00  0.7602684050E+05
  0.3530555556E+00  0.7588332585E+05
  0.3533333333E+00  0.7573981033E+05
  0.3536111111E+00  0.7559629568E+05
  0.3538888889E+00  0.7545278003E+05
  0.3541666667E+00  0.7530926450E+05
  0.3544444444E+00  0.7516574987E+05
  0.3547222222E+00  0.7502223422E+05
  0.3550000000E+00  0.7487871991E+05
  0.3552777778E+00  0.7475814720E+05
  0.3555555556E+00  0.7463757570E+05
  0.3558333333E+00  0.7451700421E+05
  0.3561111111E+00  0.7439643272E+05
  0.3563888889E+00  0.7427586123E+05
  0.3566666667E+00  0.7415528974E+05
  0.3569444444E+00  0.7403471726E+05
  0.3572222222E+00  0.7391414543E+05
  0.3575000000E+00  0.7379357394E+05
  0.3577777778E+00  0.7367300245E+05
  0.3580555556E+00  0.7355243096E+05
  0.3583333333E+00  0.7343185946E+05
  0.3586111111E+00  0.7331128809E+05
  0.3588888889E+00  0.7319071559E+05
  0.3591666667E+00  0.7307014377E+05
  0.3594444444E+00  0.7294957228E+05
  0.3597222222E+00  0.7282900079E+05
  0.3600000000E+00  0.7270842929E+05
  0.3602777778E+00  0.7261291026E+05
  0.3605555556E+00  0.7251739009E+05
  0.3608333333E+00  0.7242187072E+05
  0.3611111111E+00  0.7232635155E+05
  0.3613888889E+00  0.7223083251E+05
  0.3616666667E+00  0.7213531335E+05
  0.3619444444E+00  0.7203979431E+05
  0.3622222222E+00  0.7194427514E+05
  0.3625000000E+00  0.7184875560E+05
  0.3627777778E+00  0.7175323624E+05
  0.3630555556E+00  0.7165771677E+05
  0.3633333333E+00  0.7156219740E+05
  0.3636111111E+00  0.7146667826E+05
  0.3638888889E+00  0.7137115890E+05
  0.3641666667E+00  0.7127563976E+05
  0.3644444444E+00  0.7118012051E+05
  0.3647222222E+00  0.7108460124E+05
  0.3650000000E+00  0.7098908167E+05
  0.3652777778E+00  0.7091979397E+05
  0.3655555556E+00  0.7085050583E+05
  0.3658333333E+00  0.7078121780E+05
  0.3661111111E+00  0.7071193011E+05
  0.3663888889E+00  0.7064264206E+05
  0.3666666667E+00  0.7057335405E+05
  0.3669444444E+00  0.7050406635E+05
  0.3672222222E+00  0.7043477831E+05
  0.3675000000E+00  0.7036549018E+05
  0.3677777778E+00  0.7029620249E+05
  0.3680555556E+00  0.7022691456E+05
  0.3683333333E+00  0.7015762643E+05
  0.3686111111E+00  0.7008833873E+05
  0.3688888889E+00  0.7001905069E+05
  0.3691666667E+00  0.6994976266E+05
  0.3694444444E+00  0.6988047486E+05
  0.3697222222E+00  0.6981118693E+05
  0.3700000000E+00  0.6974189890E+05
  0.3702777778E+00  0.6969900831E+05
  0.3705555556E+00  0.6965611783E+05
  0.3708333333E+00  0.6961322745E+05
  0.3711111111E+00  0.6957033697E+05
  0.3713888889E+00  0.6952744648E+05
  0.3716666667E+00  0.6948455577E+05
  0.3719444444E+00  0.6944166528E+05
  0.3722222222E+00  0.6939877470E+05
  0.3725000000E+00  0.6935588433E+05
  0.3727777778E+00  0.6931299384E+05
  0.3730555556E+00  0.6927010302E+05
  0.3733333333E+00  0.6922721264E+05
  0.3736111111E+00  0.6918432215E+05
  0.3738888889E+00  0.6914143157E+05
  0.3741666667E+00  0.6909854119E+05
  0.3744444444E+00  0.6905565037E+05
  0.3747222222E+00  0.6901275988E+05
  0.3750000000E+00  0.6896986950E+05
  0.3752777778E+00  0.6895260799E+05
  0.3755555556E+00  0.6893534682E+05
  0.3758333333E+00  0.6891808541E+05
  0.3761111111E+00  0.6890082390E+05
  0.3763888889E+00  0.6888356272E+05
  0.3766666667E+00  0.6886630131E+05
  0.3769444444E+00  0.6884903992E+05
  0.3772222222E+00  0.6883177874E+05
  0.3775000000E+00  0.6881451733E+05
  0.3777777778E+00  0.6879725582E+05
  0.3780555556E+00  0.6877999463E+05
  0.3783333333E+00  0.6876273322E+05
  0.3786111111E+00  0.6874547183E+05
  0.3788888889E+00  0.6872821065E+05
  0.3791666667E+00  0.6871094924E+05
  0.3794444444E+00  0.6869368773E+05
  0.3797222222E+00  0.6867642656E+05
  0.3800000000E+00  0.6865916514E+05
  0.3802777778E+00  0.6866577241E+05
  0.3805555556E+00  0.6867237978E+05
  0.3808333333E+00  0.6867898705E+05
  0.3811111111E+00  0.6868559421E+05
  0.3813888889E+00  0.6869220158E+05
  0.3816666667E+00  0.6869880885E+05
  0.3819444444E+00  0.6870541611E+05
  0.3822222222E+00  0.6871202339E+05
  0.3825000000E+00  0.6871863043E+05
  0.3827777778E+00  0.6872523770E+05
  0.3830555556E+00  0.6873184485E+05
  0.3833333333E+00  0.6873845222E+05
  0.3836111111E+00  0.6874505949E+05
  0.3838888889E+00  0.6875166686E+05
  0.3841666667E+00  0.6875827402E+05
  0.3844444444E+00  0.6876488139E+05
  0.3847222222E+00  0.6877148866E+05
  0.3850000000E+00  0.6877809593E+05
  0.3852777778E+00  0.6880609840E+05
  0.3855555556E+00  0.6883410130E+05
  0.3858333333E+00  0.6886210367E+05
  0.3861111111E+00  0.6889010625E+05
  0.3863888889E+00  0.6891810862E+05
  0.3866666667E+00  0.6894611152E+05
  0.3869444444E+00  0.6897411389E+05
  0.3872222222E+00  0.6900211647E+05
  0.3875000000E+00  0.6903011895E+05
  0.3877777778E+00  0.6905812140E+05
  0.3880555556E+00  0.6908612432E+05
  0.3883333333E+00  0.6911412669E+05
  0.3886111111E+00  0.6914212927E+05
  0.3888888889E+00  0.6917013162E+05
  0.3891666667E+00  0.6919813454E+05
  0.3894444444E+00  0.6922613691E+05
  0.3897222222E+00  0.6925413949E+05
  0.3900000000E+00  0.6928214184E+05
  0.3902777778E+00  0.6932826628E+05
  0.3905555556E+00  0.6937439094E+05
  0.3908333333E+00  0.6942051537E+05
  0.3911111111E+00  0.6946663991E+05
  0.3913888889E+00  0.6951276423E+05
  0.3916666667E+00  0.6955888866E+05
  0.3919444444E+00  0.6960501299E+05
  0.3922222222E+00  0.6965113742E+05
  0.3925000000E+00  0.6969726174E+05
  0.3927777778E+00  0.6974338617E+05
  0.3930555556E+00  0.6978951049E+05
  0.3933333333E+00  0.6983563493E+05
  0.3936111111E+00  0.6988175925E+05
  0.3938888889E+00  0.6992788369E+05
  0.3941666667E+00  0.6997400835E+05
  0.3944444444E+00  0.7002013278E+05
  0.3947222222E+00  0.7006625710E+05
  0.3950000000E+00  0.7011238153E+05
  0.3952777778E+00  0.7017293115E+05
  0.3955555556E+00  0.7023348076E+05
  0.3958333333E+00  0.7029403049E+05
  0.3961111111E+00  0.7035457976E+05
  0.3963888889E+00  0.7041512938E+05
  0.3966666667E+00  0.7047567899E+05
  0.3969444444E+00  0.7053622871E+05
  0.3972222222E+00  0.7059677833E+05
  0.3975000000E+00  0.7065732795E+05
  0.3977777778E+00  0.7071787766E+05
  0.3980555556E+00  0.7077842728E+05
  0.3983333333E+00  0.7083897690E+05
  0.3986111111E+00  0.7089952650E+05
  0.3988888889E+00  0.7096007590E+05
  0.3991666667E+00  0.7102062551E+05
  0.3994444444E+00  0.7108117513E+05
  0.3997222222E+00  0.7114172473E+05
  0.4000000000E+00  0.7120227446E+05
  0.4002777778E+00  0.7127316815E+05
  0.4005555556E+00  0.7134406203E+05
  0.4008333333E+00  0.7141495605E+05
  0.4011111111E+00  0.7148584984E+05
  0.4013888889E+00  0.7155674362E+05
  0.4016666667E+00  0.7162763740E+05
  0.4019444444E+00  0.7169853120E+05
  0.4022222222E+00  0.7176942532E+05
  0.4025000000E+00  0.7184031900E+05
  0.4027777778E+00  0.7191121289E+05
  0.4030555556E+00  0.7198210657E+05
  0.4033333333E+00  0.7205300035E+05
  0.4036111111E+00  0.7212389448E+05
  0.4038888889E+00  0.7219478826E+05
  0.4041666667E+00  0.7226568206E+05
  0.4044444444E+00  0.7233657573E+05
  0.4047222222E+00  0.7240746952E+05
  0.4050000000E+00  0.7247836375E+05
  0.4052777778E+00  0.7255540438E+05
  0.4055555556E+00  0.7263244533E+05
  0.4058333333E+00  0.7270948639E+05
  0.4061111111E+00  0.7278652734E+05
  0.4063888889E+00  0.7286356840E+05
  0.4066666667E+00  0.7294060947E+05
  0.4069444444E+00  0.7301765043E+05
  0.4072222222E+00  0.7309469149E+05
  0.4075000000E+00  0.7317173222E+05
  0.4077777778E+00  0.7324877318E+05
  0.4080555556E+00  0.7332581424E+05
  0.4083333333E+00  0.7340285531E+05
  0.4086111111E+00  0.7347989627E+05
  0.4088888889E+00  0.7355693733E+05
  0.4091666667E+00  0.7363397839E+05
  0.4094444444E+00  0.7371101936E+05
  0.4097222222E+00  0.7378806008E+05
  0.4100000000E+00  0.7386510104E+05
  0.4102777778E+00  0.7394415291E+05
  0.4105555556E+00  0.7402320467E+05
  0.4108333333E+00  0.7410225677E+05
  0.4111111111E+00  0.7418130863E+05
  0.4113888889E+00  0.7426036039E+05
  0.4116666667E+00  0.7433941216E+05
  0.4119444444E+00  0.7441846402E+05
  0.4122222222E+00  0.7449751590E+05
  0.4125000000E+00  0.7457656766E+05
  0.4127777778E+00  0.7465561943E+05
  0.4130555556E+00  0.7473467129E+05
  0.4133333333E+00  0.7481372305E+05
  0.4136111111E+00  0.7489277481E+05
  0.4138888889E+00  0.7497182668E+05
  0.4141666667E+00  0.7505087855E+05
  0.4144444444E+00  0.7512993031E+05
  0.4147222222E+00  0.7520898208E+05
  0.4150000000E+00  0.7528803395E+05
  0.4152777778E+00  0.7536517711E+05
  0.4155555556E+00  0.7544232004E+05
  0.4158333333E+00  0.7551946287E+05
  0.4161111111E+00  0.7559660581E+05
  0.4163888889E+00  0.7567374863E+05
  0.4166666667E+00  0.7575089156E+05
  0.4169444444E+00  0.7582803440E+05
  0.4172222222E+00  0.7590517733E+05
  0.4175000000E+00  0.7598232015E+05
  0.4177777778E+00  0.7605946310E+05
  0.4180555556E+00  0.7613660592E+05
  0.4183333333E+00  0.7621374886E+05
  0.4186111111E+00  0.7629089138E+05
  0.4188888889E+00  0.7636803466E+05
  0.4191666667E+00  0.7644517759E+05
  0.4194444444E+00  0.7652232041E+05
  0.4197222222E+00  0.7659946336E+05
  0.4200000000E+00  0.7667660618E+05
  0.4202777778E+00  0.7674834387E+05
  0.4205555556E+00  0.7682008068E+05
  0.4208333333E+00  0.7689181704E+05
  0.4211111111E+00  0.7696355485E+05
  0.4213888889E+00  0.7703529154E+05
  0.4216666667E+00  0.7710702835E+05
  0.4219444444E+00  0.7717876604E+05
  0.4222222222E+00  0.7725050252E+05
  0.4225000000E+00  0.7732223921E+05
  0.4227777778E+00  0.7739397690E+05
  0.4230555556E+00  0.7746571370E+05
  0.4233333333E+00  0.7753745040E+05
  0.4236111111E+00  0.7760918821E+05
  0.4238888889E+00  0.7768092457E+05
  0.4241666667E+00  0.7775266137E+05
  0.4244444444E+00  0.7782439906E+05
  0.4247222222E+00  0.7789613587E+05
  0.4250000000E+00  0.7796787257E+05
  0.4252777778E+00  0.7803123745E+05
  0.4255555556E+00  0.7809460357E+05
  0.4258333333E+00  0.7815796880E+05
  0.4261111111E+00  0.7822133358E+05
  0.4263888889E+00  0.7828469881E+05
  0.4266666667E+00  0.7834806393E+05
  0.4269444444E+00  0.7841142882E+05
  0.4272222222E+00  0.7847479394E+05
  0.4275000000E+00  0.7853815883E+05
  0.4277777778E+00  0.7860152405E+05
  0.4280555556E+00  0.7866489016E+05
  0.4283333333E+00  0.7872825506E+05
  0.4286111111E+00  0.7879162017E+05
  0.4288888889E+00  0.7885498540E+05
  0.4291666667E+00  0.7891835019E+05
  0.4294444444E+00  0.7898171541E+05
  0.4297222222E+00  0.7904508053E+05
  0.4300000000E+00  0.7910844541E+05
  0.4302777778E+00  0.7916111795E+05
  0.4305555556E+00  0.7921379060E+05
  0.4308333333E+00  0.7926646312E+05
  0.4311111111E+00  0.7931913599E+05
  0.4313888889E+00  0.7937180864E+05
  0.4316666667E+00  0.7942448118E+05
  0.4319444444E+00  0.7947715382E+05
  0.4322222222E+00  0.7952982636E+05
  0.4325000000E+00  0.7958249889E+05
  0.4327777778E+00  0.7963517153E+05
  0.4330555556E+00  0.7968784407E+05
  0.4333333333E+00  0.7974051660E+05
  0.4336111111E+00  0.7979318958E+05
  0.4338888889E+00  0.7984586211E+05
  0.4341666667E+00  0.7989853465E+05
  0.4344444444E+00  0.7995120729E+05
  0.4347222222E+00  0.8000387983E+05
  0.4350000000E+00  0.8005655247E+05
  0.4352777778E+00  0.8009691651E+05
  0.4355555556E+00  0.8013728097E+05
  0.4358333333E+00  0.8017764500E+05
  0.4361111111E+00  0.8021800948E+05
  0.4363888889E+00  0.8025837351E+05
  0.4366666667E+00  0.8029873799E+05
  0.4369444444E+00  0.8033910202E+05
  0.4372222222E+00  0.8037946648E+05
  0.4375000000E+00  0.8041983062E+05
  0.4377777778E+00  0.8046019499E+05
  0.4380555556E+00  0.8050055913E+05
  0.4383333333E+00  0.8054092216E+05
  0.4386111111E+00  0.8058128664E+05
  0.4388888889E+00  0.8062165067E+05
  0.4391666667E+00  0.8066201514E+05
  0.4394444444E+00  0.8070237928E+05
  0.4397222222E+00  0.8074274365E+05
  0.4400000000E+00  0.8078310779E+05
  0.4402777778E+00  0.8081030800E+05
  0.4405555556E+00  0.8083750857E+05
  0.4408333333E+00  0.8086470880E+05
  0.4411111111E+00  0.8089190891E+05
  0.4413888889E+00  0.8091910947E+05
  0.4416666667E+00  0.8094631069E+05
  0.4419444444E+00  0.8097351092E+05
  0.4422222222E+00  0.8100071114E+05
  0.4425000000E+00  0.8102791170E+05
  0.4427777778E+00  0.8105511192E+05
  0.4430555556E+00  0.8108231216E+05
  0.4433333333E+00  0.8110951271E+05
  0.4436111111E+00  0.8113671294E+05
  0.4438888889E+00  0.8116391317E+05
  0.4441666667E+00  0.8119111339E+05
  0.4444444444E+00  0.8121831495E+05
  0.4447222222E+00  0.8124551517E+05
  0.4450000000E+00  0.8127271540E+05
  0.4452777778E+00  0.8128658099E+05
  0.4455555556E+00  0.8130044770E+05
  0.4458333333E+00  0.8131431406E+05
  0.4461111111E+00  0.8132817966E+05
  0.4463888889E+00  0.8134204636E+05
  0.4466666667E+00  0.8135591263E+05
  0.4469444444E+00  0.8136977833E+05
  0.4472222222E+00  0.8138364469E+05
  0.4475000000E+00  0.8139751129E+05
  0.4477777778E+00  0.8141137699E+05
  0.4480555556E+00  0.8142524325E+05
  0.4483333333E+00  0.8143910995E+05
  0.4486111111E+00  0.8145297566E+05
  0.4488888889E+00  0.8146684192E+05
  0.4491666667E+00  0.8148070863E+05
  0.4494444444E+00  0.8149457433E+05
  0.4497222222E+00  0.8150844059E+05
  0.4500000000E+00  0.8152230729E+05
  0.4502777778E+00  0.8152336107E+05
  0.4505555556E+00  0.8152441517E+05
  0.4508333333E+00  0.8152546895E+05
  0.4511111111E+00  0.8152652283E+05
  0.4513888889E+00  0.8152757694E+05
  0.4516666667E+00  0.8152863072E+05
  0.4519444444E+00  0.8152968449E+05
  0.4522222222E+00  0.8153073860E+05
  0.4525000000E+00  0.8153179237E+05
  0.4527777778E+00  0.8153284659E+05
  0.4530555556E+00  0.8153390037E+05
  0.4533333333E+00  0.8153495414E+05
  0.4536111111E+00  0.8153600825E+05
  0.4538888889E+00  0.8153706202E+05
  0.4541666667E+00  0.8153811580E+05
  0.4544444444E+00  0.8153917001E+05
  0.4547222222E+00  0.8154022479E+05
  0.4550000000E+00  0.8154127857E+05
  0.4552777778E+00  0.8153066325E+05
  0.4555555556E+00  0.8152004871E+05
  0.4558333333E+00  0.8150943307E+05
  0.4561111111E+00  0.8149881842E+05
  0.4563888889E+00  0.8148820276E+05
  0.4566666667E+00  0.8147758823E+05
  0.4569444444E+00  0.8146697358E+05
  0.4572222222E+00  0.8145635793E+05
  0.4575000000E+00  0.8144574329E+05
  0.4577777778E+00  0.8143512774E+05
  0.4580555556E+00  0.8142451309E+05
  0.4583333333E+00  0.8141389745E+05
  0.4586111111E+00  0.8140328291E+05
  0.4588888889E+00  0.8139266826E+05
  0.4591666667E+00  0.8138205261E+05
  0.4594444444E+00  0.8137143796E+05
  0.4597222222E+00  0.8136082242E+05
  0.4600000000E+00  0.8135020778E+05
  0.4602777778E+00  0.8132953984E+05
  0.4605555556E+00  0.8130887180E+05
  0.4608333333E+00  0.8128820254E+05
  0.4611111111E+00  0.8126753460E+05
  0.4613888889E+00  0.8124686667E+05
  0.4616666667E+00  0.8122619864E+05
  0.4619444444E+00  0.8120553037E+05
  0.4622222222E+00  0.8118486243E+05
  0.4625000000E+00  0.8116419451E+05
  0.4627777778E+00  0.8114352624E+05
  0.4630555556E+00  0.8112285719E+05
  0.4633333333E+00  0.8110218927E+05
  0.4636111111E+00  0.8108152133E+05
  0.4638888889E+00  0.8106085308E+05
  0.4641666667E+00  0.8104018503E+05
  0.4644444444E+00  0.8101951710E+05
  0.4647222222E+00  0.8099884884E+05
  0.4650000000E+00  0.8097818090E+05
  0.4652777778E+00  0.8094944109E+05
  0.4655555556E+00  0.8092070160E+05
  0.4658333333E+00  0.8089196178E+05
  0.4661111111E+00  0.8086322195E+05
  0.4663888889E+00  0.8083448225E+05
  0.4666666667E+00  0.8080574243E+05
  0.4669444444E+00  0.8077700294E+05
  0.4672222222E+00  0.8074826312E+05
  0.4675000000E+00  0.8071952429E+05
  0.4677777778E+00  0.8069078447E+05
  0.4680555556E+00  0.8066204510E+05
  0.4683333333E+00  0.8063330528E+05
  0.4686111111E+00  0.8060456545E+05
  0.4688888889E+00  0.8057582562E+05
  0.4691666667E+00  0.8054708614E+05
  0.4694444444E+00  0.8051834643E+05
  0.4697222222E+00  0.8048960661E+05
  0.4700000000E+00  0.8046086778E+05
  0.4702777778E+00  0.8042627914E+05
  0.4705555556E+00  0.8039169171E+05
  0.4708333333E+00  0.8035710307E+05
  0.4711111111E+00  0.8032251531E+05
  0.4713888889E+00  0.8028792666E+05
  0.4716666667E+00  0.8025333891E+05
  0.4719444444E+00  0.8021875027E+05
  0.4722222222E+00  0.8018416296E+05
  0.4725000000E+00  0.8014957420E+05
  0.4727777778E+00  0.8011498655E+05
  0.4730555556E+00  0.8008039779E+05
  0.4733333333E+00  0.8004581015E+05
  0.4736111111E+00  0.8001122150E+05
  0.4738888889E+00  0.7997663274E+05
  0.4741666667E+00  0.7994204543E+05
  0.4744444444E+00  0.7990745667E+05
  0.4747222222E+00  0.7987286903E+05
  0.4750000000E+00  0.7983828027E+05
  0.4752777778E+00  0.7980015848E+05
  0.4755555556E+00  0.7976203557E+05
  0.4758333333E+00  0.7972391278E+05
  0.4761111111E+00  0.7968578987E+05
  0.4763888889E+00  0.7964766697E+05
  0.4766666667E+00  0.7960954418E+05
  0.4769444444E+00  0.7957142227E+05
  0.4772222222E+00  0.7953329937E+05
  0.4775000000E+00  0.7949517624E+05
  0.4777777778E+00  0.7945705334E+05
  0.4780555556E+00  0.7941893055E+05
  0.4783333333E+00  0.7938080764E+05
  0.4786111111E+00  0.7934268574E+05
  0.4788888889E+00  0.7930456295E+05
  0.4791666667E+00  0.7926644005E+05
  0.4794444444E+00  0.7922831726E+05
  0.4797222222E+00  0.7919019435E+05
  0.4800000000E+00  0.7915207145E+05
  0.4802777778E+00  0.7911266949E+05
  0.4805555556E+00  0.7907326854E+05
  0.4808333333E+00  0.7903386641E+05
  0.4811111111E+00  0.7899446445E+05
  0.4813888889E+00  0.7895506249E+05
  0.4816666667E+00  0.7891566052E+05
  0.4819444444E+00  0.7887625890E+05
  0.4822222222E+00  0.7883685684E+05
  0.4825000000E+00  0.7879745488E+05
  0.4827777778E+00  0.7875805303E+05
  0.4830555556E+00  0.7871865129E+05
  0.4833333333E+00  0.7867924934E+05
  0.4836111111E+00  0.7863984748E+05
  0.4838888889E+00  0.7860044542E+05
  0.4841666667E+00  0.7856104380E+05
  0.4844444444E+00  0.7852164194E+05
  0.4847222222E+00  0.7848223987E+05
  0.4850000000E+00  0.7844283791E+05
  0.4852777778E+00  0.7840426935E+05
  0.4855555556E+00  0.7836570080E+05
  0.4858333333E+00  0.7832713224E+05
  0.4861111111E+00  0.7828856368E+05
  0.4863888889E+00  0.7824999503E+05
  0.4866666667E+00  0.7821142647E+05
  0.4869444444E+00  0.7817285791E+05
  0.4872222222E+00  0.7813428937E+05
  0.4875000000E+00  0.7809572081E+05
  0.4877777778E+00  0.7805715225E+05
  0.4880555556E+00  0.7801858360E+05
  0.4883333333E+00  0.7798001504E+05
  0.4886111111E+00  0.7794144648E+05
  0.4888888889E+00  0.7790287793E+05
  0.4891666667E+00  0.7786430937E+05
  0.4894444444E+00  0.7782574081E+05
  0.4897222222E+00  0.7778717216E+05
  0.4900000000E+00  0.7774860360E+05
  0.4902777778E+00  0.7771269907E+05
  0.4905555556E+00  0.7767679479E+05
  0.4908333333E+00  0.7764089049E+05
  0.4911111111E+00  0.7760498631E+05
  0.4913888889E+00  0.7756908203E+05
  0.4916666667E+00  0.7753317784E+05
  0.4919444444E+00  0.7749727345E+05
  0.4922222222E+00  0.7746136925E+05
  0.4925000000E+00  0.7742546498E+05
  0.4927777778E+00  0.7738956078E+05
  0.4930555556E+00  0.7735365649E+05
  0.4933333333E+00  0.7731775187E+05
  0.4936111111E+00  0.7728184769E+05
  0.4938888889E+00  0.7724594340E+05
  0.4941666667E+00  0.7721003910E+05
  0.4944444444E+00  0.7717413481E+05
  0.4947222222E+00  0.7713823063E+05
  0.4950000000E+00  0.7710232644E+05
