  0.1027777778E-01  0.2256812631E+08
  0.1055555556E-01  0.2254041572E+08
  0.1083333333E-01  0.2251270514E+08
  0.1111111111E-01  0.2248499466E+08
  0.1138888889E-01  0.2245728417E+08
  0.1166666667E-01  0.2242957358E+08
  0.1194444444E-01  0.2240186333E+08
  0.1222222222E-01  0.2237415285E+08
  0.1250000000E-01  0.2234644237E+08
  0.1277777778E-01  0.2231873178E+08
  0.1305555556E-01  0.2229102119E+08
  0.1333333333E-01  0.2226331071E+08
  0.1361111111E-01  0.2223560056E+08
  0.1388888889E-01  0.2220788997E+08
  0.1416666667E-01  0.2218017938E+08
  0.1444444444E-01  0.2215246891E+08
  0.1472222222E-01  0.2212475842E+08
  0.1500000000E-01  0.2209704783E+08
  0.1527777778E-01  0.2205925632E+08
  0.1555555556E-01  0.2202146480E+08
  0.1583333333E-01  0.2198367285E+08
  0.1611111111E-01  0.2194588143E+08
  0.1638888889E-01  0.2190808992E+08
  0.1666666667E-01  0.2187029841E+08
  0.1694444444E-01  0.2183250656E+08
  0.1722222222E-01  0.2179471493E+08
  0.1750000000E-01  0.2175692343E+08
  0.1777777778E-01  0.2171913168E+08
  0.1805555556E-01  0.2168134016E+08
  0.1833333333E-01  0.2164354866E+08
  0.1861111111E-01  0.2160575669E+08
  0.1888888889E-01  0.2156796518E+08
  0.1916666667E-01  0.2153017367E+08
  0.1944444444E-01  0.2149238226E+08
  0.1972222222E-01  0.2145459029E+08
  0.2000000000E-01  0.2141679879E+08
  0.2027777778E-01  0.2136986407E+08
  0.2055555556E-01  0.2132292924E+08
  0.2083333333E-01  0.2127599453E+08
  0.2111111111E-01  0.2122905983E+08
  0.2138888889E-01  0.2118212521E+08
  0.2166666667E-01  0.2113519028E+08
  0.2194444444E-01  0.2108825557E+08
  0.2222222222E-01  0.2104132097E+08
  0.2250000000E-01  0.2099438591E+08
  0.2277777778E-01  0.2094745130E+08
  0.2305555556E-01  0.2090051671E+08
  0.2333333333E-01  0.2085358200E+08
  0.2361111111E-01  0.2080664705E+08
  0.2388888889E-01  0.2075971234E+08
  0.2416666667E-01  0.2071277775E+08
  0.2444444444E-01  0.2066584313E+08
  0.2472222222E-01  0.2061890809E+08
  0.2500000000E-01  0.2057197338E+08
  0.2527777778E-01  0.2051705171E+08
  0.2555555556E-01  0.2046212984E+08
  0.2583333333E-01  0.2040720796E+08
  0.2611111111E-01  0.2035228607E+08
  0.2638888889E-01  0.2029736431E+08
  0.2666666667E-01  0.2024244243E+08
  0.2694444444E-01  0.2018752098E+08
  0.2722222222E-01  0.2013259922E+08
  0.2750000000E-01  0.2007767734E+08
  0.2777777778E-01  0.2002275546E+08
  0.2805555556E-01  0.1996783370E+08
  0.2833333333E-01  0.1991291191E+08
  0.2861111111E-01  0.1985799003E+08
  0.2888888889E-01  0.1980306816E+08
  0.2916666667E-01  0.1974814639E+08
  0.2944444444E-01  0.1969322450E+08
  0.2972222222E-01  0.1963830263E+08
  0.3000000000E-01  0.1958338096E+08
  0.3027777778E-01  0.1952179856E+08
  0.3055555556E-01  0.1946021593E+08
  0.3083333333E-01  0.1939863374E+08
  0.3111111111E-01  0.1933705111E+08
  0.3138888889E-01  0.1927546872E+08
  0.3166666667E-01  0.1921388653E+08
  0.3194444444E-01  0.1915230390E+08
  0.3222222222E-01  0.1909072172E+08
  0.3250000000E-01  0.1902913909E+08
  0.3277777778E-01  0.1896755669E+08
  0.3305555556E-01  0.1890597417E+08
  0.3333333333E-01  0.1884439188E+08
  0.3361111111E-01  0.1878280924E+08
  0.3388888889E-01  0.1872122696E+08
  0.3416666667E-01  0.1865964432E+08
  0.3444444444E-01  0.1859806203E+08
  0.3472222222E-01  0.1853647984E+08
  0.3500000000E-01  0.1847489721E+08
  0.3527777778E-01  0.1840807728E+08
  0.3555555556E-01  0.1834125710E+08
  0.3583333333E-01  0.1827443726E+08
  0.3611111111E-01  0.1820761709E+08
  0.3638888889E-01  0.1814079724E+08
  0.3666666667E-01  0.1807397707E+08
  0.3694444444E-01  0.1800715724E+08
  0.3722222222E-01  0.1794033706E+08
  0.3750000000E-01  0.1787351712E+08
  0.3777777778E-01  0.1780669695E+08
  0.3805555556E-01  0.1773987710E+08
  0.3833333333E-01  0.1767305693E+08
  0.3861111111E-01  0.1760623709E+08
  0.3888888889E-01  0.1753941680E+08
  0.3916666667E-01  0.1747259696E+08
  0.3944444444E-01  0.1740577679E+08
  0.3972222222E-01  0.1733895685E+08
  0.4000000000E-01  0.1727213667E+08
  0.4027777778E-01  0.1720157824E+08
  0.4055555556E-01  0.1713101968E+08
  0.4083333333E-01  0.1706046080E+08
  0.4111111111E-01  0.1698990224E+08
  0.4138888889E-01  0.1691934347E+08
  0.4166666667E-01  0.1684878491E+08
  0.4194444444E-01  0.1677822627E+08
  0.4222222222E-01  0.1670766738E+08
  0.4250000000E-01  0.1663710894E+08
  0.4277777778E-01  0.1656655038E+08
  0.4305555556E-01  0.1649599149E+08
  0.4333333333E-01  0.1642543305E+08
  0.4361111111E-01  0.1635487450E+08
  0.4388888889E-01  0.1628431562E+08
  0.4416666667E-01  0.1621375706E+08
  0.4444444444E-01  0.1614319819E+08
  0.4472222222E-01  0.1607263963E+08
  0.4500000000E-01  0.1600208108E+08
  0.4527777778E-01  0.1592928883E+08
  0.4555555556E-01  0.1585649682E+08
  0.4583333333E-01  0.1578370457E+08
  0.4611111111E-01  0.1571091245E+08
  0.4638888889E-01  0.1563812042E+08
  0.4666666667E-01  0.1556532818E+08
  0.4694444444E-01  0.1549253616E+08
  0.4722222222E-01  0.1541974392E+08
  0.4750000000E-01  0.1534695179E+08
  0.4777777778E-01  0.1527415988E+08
  0.4805555556E-01  0.1520136752E+08
  0.4833333333E-01  0.1512857561E+08
  0.4861111111E-01  0.1505578327E+08
  0.4888888889E-01  0.1498299135E+08
  0.4916666667E-01  0.1491019889E+08
  0.4944444444E-01  0.1483740688E+08
  0.4972222222E-01  0.1476461496E+08
  0.5000000000E-01  0.1469182261E+08
  0.5027777778E-01  0.1461826173E+08
  0.5055555556E-01  0.1454470085E+08
  0.5083333333E-01  0.1447114021E+08
  0.5111111111E-01  0.1439757933E+08
  0.5138888889E-01  0.1432401845E+08
  0.5166666667E-01  0.1425045747E+08
  0.5194444444E-01  0.1417689659E+08
  0.5222222222E-01  0.1410333571E+08
  0.5250000000E-01  0.1402977473E+08
  0.5277777778E-01  0.1395621385E+08
  0.5305555556E-01  0.1388265297E+08
  0.5333333333E-01  0.1380909233E+08
  0.5361111111E-01  0.1373553145E+08
  0.5388888889E-01  0.1366197057E+08
  0.5416666667E-01  0.1358840959E+08
  0.5444444444E-01  0.1351484871E+08
  0.5472222222E-01  0.1344128783E+08
  0.5500000000E-01  0.1336772685E+08
  0.5527777778E-01  0.1329477406E+08
  0.5555555556E-01  0.1322182117E+08
  0.5583333333E-01  0.1314886882E+08
  0.5611111111E-01  0.1307591593E+08
  0.5638888889E-01  0.1300296314E+08
  0.5666666667E-01  0.1293001025E+08
  0.5694444444E-01  0.1285705736E+08
  0.5722222222E-01  0.1278410468E+08
  0.5750000000E-01  0.1271115179E+08
  0.5777777778E-01  0.1263819933E+08
  0.5805555556E-01  0.1256524644E+08
  0.5833333333E-01  0.1249229348E+08
  0.5861111111E-01  0.1241934087E+08
  0.5888888889E-01  0.1234638801E+08
  0.5916666667E-01  0.1227343525E+08
  0.5944444444E-01  0.1220048243E+08
  0.5972222222E-01  0.1212752967E+08
  0.6000000000E-01  0.1205457693E+08
  0.6027777778E-01  0.1198348735E+08
  0.6055555556E-01  0.1191239778E+08
  0.6083333333E-01  0.1184130827E+08
  0.6111111111E-01  0.1177021870E+08
  0.6138888889E-01  0.1169912909E+08
  0.6166666667E-01  0.1162803962E+08
  0.6194444444E-01  0.1155695004E+08
  0.6222222222E-01  0.1148586043E+08
  0.6250000000E-01  0.1141477086E+08
  0.6277777778E-01  0.1134368139E+08
  0.6305555556E-01  0.1127259178E+08
  0.6333333333E-01  0.1120150220E+08
  0.6361111111E-01  0.1113041263E+08
  0.6388888889E-01  0.1105932313E+08
  0.6416666667E-01  0.1098823355E+08
  0.6444444444E-01  0.1091714394E+08
  0.6472222222E-01  0.1084605437E+08
  0.6500000000E-01  0.1077496490E+08
  0.6527777778E-01  0.1070683164E+08
  0.6555555556E-01  0.1063869851E+08
  0.6583333333E-01  0.1057056543E+08
  0.6611111111E-01  0.1050243221E+08
  0.6638888889E-01  0.1043429910E+08
  0.6666666667E-01  0.1036616601E+08
  0.6694444444E-01  0.1029803277E+08
  0.6722222222E-01  0.1022989968E+08
  0.6750000000E-01  0.1016176658E+08
  0.6777777778E-01  0.1009363335E+08
  0.6805555556E-01  0.1002550025E+08
  0.6833333333E-01  0.9957367057E+07
  0.6861111111E-01  0.9889233954E+07
  0.6888888889E-01  0.9821100818E+07
  0.6916666667E-01  0.9752967626E+07
  0.6944444444E-01  0.9684834522E+07
  0.6972222222E-01  0.9616701396E+07
  0.7000000000E-01  0.9548568194E+07
  0.7027777778E-01  0.9484304041E+07
  0.7055555556E-01  0.9420039888E+07
  0.7083333333E-01  0.9355775609E+07
  0.7111111111E-01  0.9291511456E+07
  0.7138888889E-01  0.9227247204E+07
  0.7166666667E-01  0.9162983051E+07
  0.7194444444E-01  0.9098718899E+07
  0.7222222222E-01  0.9034454645E+07
  0.7250000000E-01  0.8970190493E+07
  0.7277777778E-01  0.8905926203E+07
  0.7305555556E-01  0.8841662051E+07
  0.7333333333E-01  0.8777397809E+07
  0.7361111111E-01  0.8713133656E+07
  0.7388888889E-01  0.8648869503E+07
  0.7416666667E-01  0.8584605250E+07
  0.7444444444E-01  0.8520341064E+07
  0.7472222222E-01  0.8456076811E+07
  0.7500000000E-01  0.8391812655E+07
  0.7527777778E-01  0.8332129623E+07
  0.7555555556E-01  0.8272446609E+07
  0.7583333333E-01  0.8212763474E+07
  0.7611111111E-01  0.8153080427E+07
  0.7638888889E-01  0.8093397383E+07
  0.7666666667E-01  0.8033714382E+07
  0.7694444444E-01  0.7974031334E+07
  0.7722222222E-01  0.7914348298E+07
  0.7750000000E-01  0.7854665154E+07
  0.7777777778E-01  0.7794982153E+07
  0.7805555556E-01  0.7735299106E+07
  0.7833333333E-01  0.7675616061E+07
  0.7861111111E-01  0.7615933026E+07
  0.7888888889E-01  0.7556249913E+07
  0.7916666667E-01  0.7496566879E+07
  0.7944444444E-01  0.7436883832E+07
  0.7972222222E-01  0.7377200797E+07
  0.8000000000E-01  0.7317517785E+07
  0.8027777778E-01  0.7262927082E+07
  0.8055555556E-01  0.7208336455E+07
  0.8083333333E-01  0.7153745752E+07
  0.8111111111E-01  0.7099155148E+07
  0.8138888889E-01  0.7044564445E+07
  0.8166666667E-01  0.6989973841E+07
  0.8194444444E-01  0.6935383148E+07
  0.8222222222E-01  0.6880792545E+07
  0.8250000000E-01  0.6826201841E+07
  0.8277777778E-01  0.6771611238E+07
  0.8305555556E-01  0.6717020534E+07
  0.8333333333E-01  0.6662429841E+07
  0.8361111111E-01  0.6607839204E+07
  0.8388888889E-01  0.6553248500E+07
  0.8416666667E-01  0.6498657897E+07
  0.8444444444E-01  0.6444067206E+07
  0.8472222222E-01  0.6389476602E+07
  0.8500000000E-01  0.6334885898E+07
  0.8527777778E-01  0.6285695644E+07
  0.8555555556E-01  0.6236505400E+07
  0.8583333333E-01  0.6187315147E+07
  0.8611111111E-01  0.6138124892E+07
  0.8638888889E-01  0.6088934638E+07
  0.8666666667E-01  0.6039744395E+07
  0.8694444444E-01  0.5990554141E+07
  0.8722222222E-01  0.5941363887E+07
  0.8750000000E-01  0.5892173544E+07
  0.8777777778E-01  0.5842983257E+07
  0.8805555556E-01  0.5793793002E+07
  0.8833333333E-01  0.5744602748E+07
  0.8861111111E-01  0.5695412505E+07
  0.8888888889E-01  0.5646222251E+07
  0.8916666667E-01  0.5597031996E+07
  0.8944444444E-01  0.5547841742E+07
  0.8972222222E-01  0.5498651500E+07
  0.9000000000E-01  0.5449461205E+07
  0.9027777778E-01  0.5405790504E+07
  0.9055555556E-01  0.5362119770E+07
  0.9083333333E-01  0.5318449069E+07
  0.9111111111E-01  0.5274778334E+07
  0.9138888889E-01  0.5231107633E+07
  0.9166666667E-01  0.5187436931E+07
  0.9194444444E-01  0.5143766198E+07
  0.9222222222E-01  0.5100095496E+07
  0.9250000000E-01  0.5056424761E+07
  0.9277777778E-01  0.5012754060E+07
  0.9305555556E-01  0.4969083360E+07
  0.9333333333E-01  0.4925412614E+07
  0.9361111111E-01  0.4881741924E+07
  0.9388888889E-01  0.4838071222E+07
  0.9416666667E-01  0.4794400478E+07
  0.9444444444E-01  0.4750729787E+07
  0.9472222222E-01  0.4707059052E+07
  0.9500000000E-01  0.4663388351E+07
  0.9527777778E-01  0.4625183711E+07
  0.9555555556E-01  0.4586979080E+07
  0.9583333333E-01  0.4548774405E+07
  0.9611111111E-01  0.4510569776E+07
  0.9638888889E-01  0.4472365124E+07
  0.9666666667E-01  0.4434160493E+07
  0.9694444444E-01  0.4395955864E+07
  0.9722222222E-01  0.4357751223E+07
  0.9750000000E-01  0.4319546592E+07
  0.9777777778E-01  0.4281341918E+07
  0.9805555556E-01  0.4243137277E+07
  0.9833333333E-01  0.4204932647E+07
  0.9861111111E-01  0.4166728005E+07
  0.9888888889E-01  0.4128523376E+07
  0.9916666667E-01  0.4090318734E+07
  0.9944444444E-01  0.4052114070E+07
  0.9972222222E-01  0.4013909420E+07
  0.1000000000E+00  0.3975704789E+07
  0.1002777778E+00  0.3942760931E+07
  0.1005555556E+00  0.3909817061E+07
  0.1008333333E+00  0.3876873168E+07
  0.1011111111E+00  0.3843929300E+07
  0.1013888889E+00  0.3810985430E+07
  0.1016666667E+00  0.3778041583E+07
  0.1019444444E+00  0.3745097680E+07
  0.1022222222E+00  0.3712153821E+07
  0.1025000000E+00  0.3679209952E+07
  0.1027777778E+00  0.3646266060E+07
  0.1030555556E+00  0.3613322190E+07
  0.1033333333E+00  0.3580378322E+07
  0.1036111111E+00  0.3547434462E+07
  0.1038888889E+00  0.3514490559E+07
  0.1041666667E+00  0.3481546701E+07
  0.1044444444E+00  0.3448602831E+07
  0.1047222222E+00  0.3415658939E+07
  0.1050000000E+00  0.3382715081E+07
  0.1052777778E+00  0.3354707148E+07
  0.1055555556E+00  0.3326699227E+07
  0.1058333333E+00  0.3298691295E+07
  0.1061111111E+00  0.3270683341E+07
  0.1063888889E+00  0.3242675420E+07
  0.1066666667E+00  0.3214667497E+07
  0.1069444444E+00  0.3186659576E+07
  0.1072222222E+00  0.3158651611E+07
  0.1075000000E+00  0.3130643690E+07
  0.1077777778E+00  0.3102635769E+07
  0.1080555556E+00  0.3074627846E+07
  0.1083333333E+00  0.3046619925E+07
  0.1086111111E+00  0.3018611971E+07
  0.1088888889E+00  0.2990604039E+07
  0.1091666667E+00  0.2962596106E+07
  0.1094444444E+00  0.2934588185E+07
  0.1097222222E+00  0.2906580263E+07
  0.1100000000E+00  0.2878572308E+07
  0.1102777778E+00  0.2855078473E+07
  0.1105555556E+00  0.2831584604E+07
  0.1108333333E+00  0.2808090724E+07
  0.1111111111E+00  0.2784596889E+07
  0.1113888889E+00  0.2761103020E+07
  0.1116666667E+00  0.2737609151E+07
  0.1119444444E+00  0.2714115316E+07
  0.1122222222E+00  0.2690621446E+07
  0.1125000000E+00  0.2667127577E+07
  0.1127777778E+00  0.2643633742E+07
  0.1130555556E+00  0.2620139873E+07
  0.1133333333E+00  0.2596645993E+07
  0.1136111111E+00  0.2573152157E+07
  0.1138888889E+00  0.2549658288E+07
  0.1141666667E+00  0.2526164420E+07
  0.1144444444E+00  0.2502670573E+07
  0.1147222222E+00  0.2479176704E+07
  0.1150000000E+00  0.2455682845E+07
  0.1152777778E+00  0.2436217942E+07
  0.1155555556E+00  0.2416752984E+07
  0.1158333333E+00  0.2397288048E+07
  0.1161111111E+00  0.2377823144E+07
  0.1163888889E+00  0.2358358208E+07
  0.1166666667E+00  0.2338893260E+07
  0.1169444444E+00  0.2319428323E+07
  0.1172222222E+00  0.2299963420E+07
  0.1175000000E+00  0.2280498484E+07
  0.1177777778E+00  0.2261033536E+07
  0.1180555556E+00  0.2241568599E+07
  0.1183333333E+00  0.2222103696E+07
  0.1186111111E+00  0.2202638749E+07
  0.1188888889E+00  0.2183173813E+07
  0.1191666667E+00  0.2163708898E+07
  0.1194444444E+00  0.2144243962E+07
  0.1197222222E+00  0.2124779025E+07
  0.1200000000E+00  0.2105314088E+07
  0.1202777778E+00  0.2089356557E+07
  0.1205555556E+00  0.2073399002E+07
  0.1208333333E+00  0.2057441438E+07
  0.1211111111E+00  0.2041483873E+07
  0.1213888889E+00  0.2025526353E+07
  0.1216666667E+00  0.2009568798E+07
  0.1219444444E+00  0.1993611233E+07
  0.1222222222E+00  0.1977653668E+07
  0.1225000000E+00  0.1961696147E+07
  0.1227777778E+00  0.1945738593E+07
  0.1230555556E+00  0.1929781029E+07
  0.1233333333E+00  0.1913823497E+07
  0.1236111111E+00  0.1897865943E+07
  0.1238888889E+00  0.1881908389E+07
  0.1241666667E+00  0.1865950824E+07
  0.1244444444E+00  0.1849993293E+07
  0.1247222222E+00  0.1834035738E+07
  0.1250000000E+00  0.1818078174E+07
  0.1252777778E+00  0.1805096236E+07
  0.1255555556E+00  0.1792114330E+07
  0.1258333333E+00  0.1779132381E+07
  0.1261111111E+00  0.1766150466E+07
  0.1263888889E+00  0.1753168528E+07
  0.1266666667E+00  0.1740186622E+07
  0.1269444444E+00  0.1727204673E+07
  0.1272222222E+00  0.1714222736E+07
  0.1275000000E+00  0.1701240820E+07
  0.1277777778E+00  0.1688258881E+07
  0.1280555556E+00  0.1675276965E+07
  0.1283333333E+00  0.1662295028E+07
  0.1286111111E+00  0.1649313079E+07
  0.1288888889E+00  0.1636331173E+07
  0.1291666667E+00  0.1623349224E+07
  0.1294444444E+00  0.1610367320E+07
  0.1297222222E+00  0.1597385371E+07
  0.1300000000E+00  0.1584403465E+07
  0.1302777778E+00  0.1573879579E+07
  0.1305555556E+00  0.1563355727E+07
  0.1308333333E+00  0.1552831886E+07
  0.1311111111E+00  0.1542308000E+07
  0.1313888889E+00  0.1531784148E+07
  0.1316666667E+00  0.1521260296E+07
  0.1319444444E+00  0.1510736454E+07
  0.1322222222E+00  0.1500212568E+07
  0.1325000000E+00  0.1489688716E+07
  0.1327777778E+00  0.1479164863E+07
  0.1330555556E+00  0.1468641022E+07
  0.1333333333E+00  0.1458117136E+07
  0.1336111111E+00  0.1447593284E+07
  0.1338888889E+00  0.1437069432E+07
  0.1341666667E+00  0.1426545556E+07
  0.1344444444E+00  0.1416021704E+07
  0.1347222222E+00  0.1405497852E+07
  0.1350000000E+00  0.1394974010E+07
  0.1352777778E+00  0.1386422557E+07
  0.1355555556E+00  0.1377871082E+07
  0.1358333333E+00  0.1369319629E+07
  0.1361111111E+00  0.1360768186E+07
  0.1363888889E+00  0.1352216733E+07
  0.1366666667E+00  0.1343665301E+07
  0.1369444444E+00  0.1335113848E+07
  0.1372222222E+00  0.1326562406E+07
  0.1375000000E+00  0.1318010964E+07
  0.1377777778E+00  0.1309459477E+07
  0.1380555556E+00  0.1300908035E+07
  0.1383333333E+00  0.1292356582E+07
  0.1386111111E+00  0.1283805140E+07
  0.1388888889E+00  0.1275253686E+07
  0.1391666667E+00  0.1266702244E+07
  0.1394444444E+00  0.1258150791E+07
  0.1397222222E+00  0.1249599359E+07
  0.1400000000E+00  0.1241047906E+07
  0.1402777778E+00  0.1234030903E+07
  0.1405555556E+00  0.1227013890E+07
  0.1408333333E+00  0.1219996887E+07
  0.1411111111E+00  0.1212979885E+07
  0.1413888889E+00  0.1205962882E+07
  0.1416666667E+00  0.1198945879E+07
  0.1419444444E+00  0.1191928865E+07
  0.1422222222E+00  0.1184911862E+07
  0.1425000000E+00  0.1177894893E+07
  0.1427777778E+00  0.1170877890E+07
  0.1430555556E+00  0.1163860887E+07
  0.1433333333E+00  0.1156843874E+07
  0.1436111111E+00  0.1149826860E+07
  0.1438888889E+00  0.1142809858E+07
  0.1441666667E+00  0.1135792855E+07
  0.1444444444E+00  0.1128775852E+07
  0.1447222222E+00  0.1121758849E+07
  0.1450000000E+00  0.1114741880E+07
  0.1452777778E+00  0.1108878811E+07
  0.1455555556E+00  0.1103015743E+07
  0.1458333333E+00  0.1097152719E+07
  0.1461111111E+00  0.1091289650E+07
  0.1463888889E+00  0.1085426626E+07
  0.1466666667E+00  0.1079563558E+07
  0.1469444444E+00  0.1073700523E+07
  0.1472222222E+00  0.1067837465E+07
  0.1475000000E+00  0.1061974407E+07
  0.1477777778E+00  0.1056111373E+07
  0.1480555556E+00  0.1050248304E+07
  0.1483333333E+00  0.1044385280E+07
  0.1486111111E+00  0.1038522222E+07
  0.1488888889E+00  0.1032659187E+07
  0.1491666667E+00  0.1026796119E+07
  0.1494444444E+00  0.1020933075E+07
  0.1497222222E+00  0.1015070019E+07
  0.1500000000E+00  0.1009206975E+07
  0.1502777778E+00  0.1004180210E+07
  0.1505555556E+00  0.9991534414E+06
  0.1508333333E+00  0.9941266942E+06
  0.1511111111E+00  0.9890999292E+06
  0.1513888889E+00  0.9840731708E+06
  0.1516666667E+00  0.9790464025E+06
  0.1519444444E+00  0.9740196341E+06
  0.1522222222E+00  0.9689928791E+06
  0.1525000000E+00  0.9639661219E+06
  0.1527777778E+00  0.9589393636E+06
  0.1530555556E+00  0.9539125986E+06
  0.1533333333E+00  0.9488858302E+06
  0.1536111111E+00  0.9438590719E+06
  0.1538888889E+00  0.9388323035E+06
  0.1541666667E+00  0.9338055485E+06
  0.1544444444E+00  0.9287787914E+06
  0.1547222222E+00  0.9237520230E+06
  0.1550000000E+00  0.9187252680E+06
  0.1552777778E+00  0.9142820412E+06
  0.1555555556E+00  0.9098388188E+06
  0.1558333333E+00  0.9053956065E+06
  0.1561111111E+00  0.9009523830E+06
  0.1563888889E+00  0.8965091607E+06
  0.1566666667E+00  0.8920659372E+06
  0.1569444444E+00  0.8876227248E+06
  0.1572222222E+00  0.8831795014E+06
  0.1575000000E+00  0.8787362757E+06
  0.1577777778E+00  0.8742930577E+06
  0.1580555556E+00  0.8698498398E+06
  0.1583333333E+00  0.8654066130E+06
  0.1586111111E+00  0.8609633951E+06
  0.1588888889E+00  0.8565201772E+06
  0.1591666667E+00  0.8520769471E+06
  0.1594444444E+00  0.8476337292E+06
  0.1597222222E+00  0.8431905112E+06
  0.1600000000E+00  0.8387472944E+06
  0.1602777778E+00  0.8346976495E+06
  0.1605555556E+00  0.8306480046E+06
  0.1608333333E+00  0.8265983563E+06
  0.1611111111E+00  0.8225487115E+06
  0.1613888889E+00  0.8184990677E+06
  0.1616666667E+00  0.8144494294E+06
  0.1619444444E+00  0.8103997845E+06
  0.1622222222E+00  0.8063501396E+06
  0.1625000000E+00  0.8023004958E+06
  0.1627777778E+00  0.7982508475E+06
  0.1630555556E+00  0.7942012126E+06
  0.1633333333E+00  0.7901515677E+06
  0.1636111111E+00  0.7861019206E+06
  0.1638888889E+00  0.7820522757E+06
  0.1641666667E+00  0.7780026307E+06
  0.1644444444E+00  0.7739529858E+06
  0.1647222222E+00  0.7699033487E+06
  0.1650000000E+00  0.7658537038E+06
  0.1652777778E+00  0.7620646416E+06
  0.1655555556E+00  0.7582755906E+06
  0.1658333333E+00  0.7544865396E+06
  0.1661111111E+00  0.7506974741E+06
  0.1663888889E+00  0.7469084231E+06
  0.1666666667E+00  0.7431193710E+06
  0.1669444444E+00  0.7393303100E+06
  0.1672222222E+00  0.7355412578E+06
  0.1675000000E+00  0.7317522068E+06
  0.1677777778E+00  0.7279631458E+06
  0.1680555556E+00  0.7241740937E+06
  0.1683333333E+00  0.7203850426E+06
  0.1686111111E+00  0.7165959771E+06
  0.1688888889E+00  0.7128069262E+06
  0.1691666667E+00  0.7090178751E+06
  0.1694444444E+00  0.7052288130E+06
  0.1697222222E+00  0.7014397619E+06
  0.1700000000E+00  0.6976507099E+06
  0.1702777778E+00  0.6940403490E+06
  0.1705555556E+00  0.6904299881E+06
  0.1708333333E+00  0.6868196306E+06
  0.1711111111E+00  0.6832092698E+06
  0.1713888889E+00  0.6795989178E+06
  0.1716666667E+00  0.6759885569E+06
  0.1719444444E+00  0.6723781994E+06
  0.1722222222E+00  0.6687678386E+06
  0.1725000000E+00  0.6651574777E+06
  0.1727777778E+00  0.6615471168E+06
  0.1730555556E+00  0.6579367549E+06
  0.1733333333E+00  0.6543264074E+06
  0.1736111111E+00  0.6507160465E+06
  0.1738888889E+00  0.6471056857E+06
  0.1741666667E+00  0.6434953248E+06
  0.1744444444E+00  0.6398849673E+06
  0.1747222222E+00  0.6362746054E+06
  0.1750000000E+00  0.6326642445E+06
  0.1752777778E+00  0.6291921629E+06
  0.1755555556E+00  0.6257200813E+06
  0.1758333333E+00  0.6222479963E+06
  0.1761111111E+00  0.6187759047E+06
  0.1763888889E+00  0.6153038231E+06
  0.1766666667E+00  0.6118317415E+06
  0.1769444444E+00  0.6083596576E+06
  0.1772222222E+00  0.6048875660E+06
  0.1775000000E+00  0.6014154844E+06
  0.1777777778E+00  0.5979434028E+06
  0.1780555556E+00  0.5944713179E+06
  0.1783333333E+00  0.5909992263E+06
  0.1786111111E+00  0.5875271446E+06
  0.1788888889E+00  0.5840550631E+06
  0.1791666667E+00  0.5805829781E+06
  0.1794444444E+00  0.5771108865E+06
  0.1797222222E+00  0.5736388049E+06
  0.1800000000E+00  0.5701667233E+06
  0.1802777778E+00  0.5668247356E+06
  0.1805555556E+00  0.5634827468E+06
  0.1808333333E+00  0.5601407592E+06
  0.1811111111E+00  0.5567987704E+06
  0.1813888889E+00  0.5534567928E+06
  0.1816666667E+00  0.5501148051E+06
  0.1819444444E+00  0.5467728163E+06
  0.1822222222E+00  0.5434308287E+06
  0.1825000000E+00  0.5400888411E+06
  0.1827777778E+00  0.5367468524E+06
  0.1830555556E+00  0.5334048646E+06
  0.1833333333E+00  0.5300628859E+06
  0.1836111111E+00  0.5267209016E+06
  0.1838888889E+00  0.5233789140E+06
  0.1841666667E+00  0.5200369251E+06
  0.1844444444E+00  0.5166949375E+06
  0.1847222222E+00  0.5133529499E+06
  0.1850000000E+00  0.5100109611E+06
  0.1852777778E+00  0.5068142052E+06
  0.1855555556E+00  0.5036174527E+06
  0.1858333333E+00  0.5004206957E+06
  0.1861111111E+00  0.4972239431E+06
  0.1863888889E+00  0.4940271907E+06
  0.1866666667E+00  0.4908304337E+06
  0.1869444444E+00  0.4876336811E+06
  0.1872222222E+00  0.4844369252E+06
  0.1875000000E+00  0.4812401715E+06
  0.1877777778E+00  0.4780434156E+06
  0.1880555556E+00  0.4748466632E+06
  0.1883333333E+00  0.4716499062E+06
  0.1886111111E+00  0.4684531536E+06
  0.1888888889E+00  0.4652563957E+06
  0.1891666667E+00  0.4620596411E+06
  0.1894444444E+00  0.4588628853E+06
  0.1897222222E+00  0.4556661317E+06
  0.1900000000E+00  0.4524693747E+06
  0.1902777778E+00  0.4494470107E+06
  0.1905555556E+00  0.4464246468E+06
  0.1908333333E+00  0.4434022805E+06
  0.1911111111E+00  0.4403799166E+06
  0.1913888889E+00  0.4373575526E+06
  0.1916666667E+00  0.4343351853E+06
  0.1919444444E+00  0.4313128224E+06
  0.1922222222E+00  0.4282904563E+06
  0.1925000000E+00  0.4252680923E+06
  0.1927777778E+00  0.4222457284E+06
  0.1930555556E+00  0.4192233621E+06
  0.1933333333E+00  0.4162009981E+06
  0.1936111111E+00  0.4131786342E+06
  0.1938888889E+00  0.4101562669E+06
  0.1941666667E+00  0.4071339040E+06
  0.1944444444E+00  0.4041115367E+06
  0.1947222222E+00  0.4010891727E+06
  0.1950000000E+00  0.3980668088E+06
  0.1952777778E+00  0.3952544733E+06
  0.1955555556E+00  0.3924421378E+06
  0.1958333333E+00  0.3896298012E+06
  0.1961111111E+00  0.3868174691E+06
  0.1963888889E+00  0.3840051336E+06
  0.1966666667E+00  0.3811927982E+06
  0.1969444444E+00  0.3783804626E+06
  0.1972222222E+00  0.3755681305E+06
  0.1975000000E+00  0.3727557939E+06
  0.1977777778E+00  0.3699434585E+06
  0.1980555556E+00  0.3671311229E+06
  0.1983333333E+00  0.3643187886E+06
  0.1986111111E+00  0.3615064553E+06
  0.1988888889E+00  0.3586941199E+06
  0.1991666667E+00  0.3558817843E+06
  0.1994444444E+00  0.3530694478E+06
  0.1997222222E+00  0.3502571157E+06
  0.2000000000E+00  0.3474447812E+06
  0.2002777778E+00  0.3448775881E+06
  0.2005555556E+00  0.3423103950E+06
  0.2008333333E+00  0.3397432031E+06
  0.2011111111E+00  0.3371760134E+06
  0.2013888889E+00  0.3346088202E+06
  0.2016666667E+00  0.3320416271E+06
  0.2019444444E+00  0.3294744361E+06
  0.2022222222E+00  0.3269072431E+06
  0.2025000000E+00  0.3243400533E+06
  0.2027777778E+00  0.3217728613E+06
  0.2030555556E+00  0.3192056682E+06
  0.2033333333E+00  0.3166384751E+06
  0.2036111111E+00  0.3140712832E+06
  0.2038888889E+00  0.3115040935E+06
  0.2041666667E+00  0.3089369013E+06
  0.2044444444E+00  0.3063697082E+06
  0.2047222222E+00  0.3038025162E+06
  0.2050000000E+00  0.3012353232E+06
  0.2052777778E+00  0.2989433282E+06
  0.2055555556E+00  0.2966513311E+06
  0.2058333333E+00  0.2943593349E+06
  0.2061111111E+00  0.2920673399E+06
  0.2063888889E+00  0.2897753437E+06
  0.2066666667E+00  0.2874833444E+06
  0.2069444444E+00  0.2851913483E+06
  0.2072222222E+00  0.2828993522E+06
  0.2075000000E+00  0.2806073572E+06
  0.2077777778E+00  0.2783153601E+06
  0.2080555556E+00  0.2760233650E+06
  0.2083333333E+00  0.2737313689E+06
  0.2086111111E+00  0.2714393705E+06
  0.2088888889E+00  0.2691473734E+06
  0.2091666667E+00  0.2668553773E+06
  0.2094444444E+00  0.2645633823E+06
  0.2097222222E+00  0.2622713862E+06
  0.2100000000E+00  0.2599793902E+06
  0.2102777778E+00  0.2579836772E+06
  0.2105555556E+00  0.2559879665E+06
  0.2108333333E+00  0.2539922535E+06
  0.2111111111E+00  0.2519965439E+06
  0.2113888889E+00  0.2500008309E+06
  0.2116666667E+00  0.2480051203E+06
  0.2119444444E+00  0.2460094062E+06
  0.2122222222E+00  0.2440136977E+06
  0.2125000000E+00  0.2420179837E+06
  0.2127777778E+00  0.2400222740E+06
  0.2130555556E+00  0.2380265611E+06
  0.2133333333E+00  0.2360308514E+06
  0.2136111111E+00  0.2340351374E+06
  0.2138888889E+00  0.2320394234E+06
  0.2141666667E+00  0.2300437148E+06
  0.2144444444E+00  0.2280480008E+06
  0.2147222222E+00  0.2260522912E+06
  0.2150000000E+00  0.2240565771E+06
  0.2152777778E+00  0.2223672084E+06
  0.2155555556E+00  0.2206778352E+06
  0.2158333333E+00  0.2189884665E+06
  0.2161111111E+00  0.2172990944E+06
  0.2163888889E+00  0.2156097213E+06
  0.2166666667E+00  0.2139203525E+06
  0.2169444444E+00  0.2122309795E+06
  0.2172222222E+00  0.2105416074E+06
  0.2175000000E+00  0.2088522376E+06
  0.2177777778E+00  0.2071628656E+06
  0.2180555556E+00  0.2054734958E+06
  0.2183333333E+00  0.2037841237E+06
  0.2186111111E+00  0.2020947516E+06
  0.2188888889E+00  0.2004053819E+06
  0.2191666667E+00  0.1987160086E+06
  0.2194444444E+00  0.1970266389E+06
  0.2197222222E+00  0.1953372668E+06
  0.2200000000E+00  0.1936478937E+06
  0.2202777778E+00  0.1922634316E+06
  0.2205555556E+00  0.1908789641E+06
  0.2208333333E+00  0.1894945010E+06
  0.2211111111E+00  0.1881100347E+06
  0.2213888889E+00  0.1867255705E+06
  0.2216666667E+00  0.1853411051E+06
  0.2219444444E+00  0.1839566420E+06
  0.2222222222E+00  0.1825721745E+06
  0.2225000000E+00  0.1811877114E+06
  0.2227777778E+00  0.1798032473E+06
  0.2230555556E+00  0.1784187819E+06
  0.2233333333E+00  0.1770343188E+06
  0.2236111111E+00  0.1756498513E+06
  0.2238888889E+00  0.1742653882E+06
  0.2241666667E+00  0.1728809207E+06
  0.2244444444E+00  0.1714964587E+06
  0.2247222222E+00  0.1701119923E+06
  0.2250000000E+00  0.1687275281E+06
  0.2252777778E+00  0.1676351672E+06
  0.2255555556E+00  0.1665428053E+06
  0.2258333333E+00  0.1654504432E+06
  0.2261111111E+00  0.1643580790E+06
  0.2263888889E+00  0.1632657171E+06
  0.2266666667E+00  0.1621733562E+06
  0.2269444444E+00  0.1610809941E+06
  0.2272222222E+00  0.1599886322E+06
  0.2275000000E+00  0.1588962713E+06
  0.2277777778E+00  0.1578039094E+06
  0.2280555556E+00  0.1567115474E+06
  0.2283333333E+00  0.1556191864E+06
  0.2286111111E+00  0.1545268245E+06
  0.2288888889E+00  0.1534344636E+06
  0.2291666667E+00  0.1523421016E+06
  0.2294444444E+00  0.1512497397E+06
  0.2297222222E+00  0.1501573787E+06
  0.2300000000E+00  0.1490650178E+06
  0.2302777778E+00  0.1482422111E+06
  0.2305555556E+00  0.1474194053E+06
  0.2308333333E+00  0.1465965986E+06
  0.2311111111E+00  0.1457737939E+06
  0.2313888889E+00  0.1449509871E+06
  0.2316666667E+00  0.1441281847E+06
  0.2319444444E+00  0.1433053780E+06
  0.2322222222E+00  0.1424825733E+06
  0.2325000000E+00  0.1416597666E+06
  0.2327777778E+00  0.1408369608E+06
  0.2330555556E+00  0.1400141574E+06
  0.2333333333E+00  0.1391913517E+06
  0.2336111111E+00  0.1383685460E+06
  0.2338888889E+00  0.1375457402E+06
  0.2341666667E+00  0.1367229335E+06
  0.2344444444E+00  0.1359001311E+06
  0.2347222222E+00  0.1350773254E+06
  0.2350000000E+00  0.1342545197E+06
  0.2352777778E+00  0.1336707182E+06
  0.2355555556E+00  0.1330869177E+06
  0.2358333333E+00  0.1325031162E+06
  0.2361111111E+00  0.1319193191E+06
  0.2363888889E+00  0.1313355176E+06
  0.2366666667E+00  0.1307517171E+06
  0.2369444444E+00  0.1301679156E+06
  0.2372222222E+00  0.1295841163E+06
  0.2375000000E+00  0.1290003148E+06
  0.2377777778E+00  0.1284165143E+06
  0.2380555556E+00  0.1278327172E+06
  0.2383333333E+00  0.1272489157E+06
  0.2386111111E+00  0.1266651152E+06
  0.2388888889E+00  0.1260813138E+06
  0.2391666667E+00  0.1254975133E+06
  0.2394444444E+00  0.1249137118E+06
  0.2397222222E+00  0.1243299147E+06
  0.2400000000E+00  0.1237461132E+06
  0.2402777778E+00  0.1233651999E+06
  0.2405555556E+00  0.1229842823E+06
  0.2408333333E+00  0.1226033680E+06
  0.2411111111E+00  0.1222224536E+06
  0.2413888889E+00  0.1218415394E+06
  0.2416666667E+00  0.1214606251E+06
  0.2419444444E+00  0.1210797118E+06
  0.2422222222E+00  0.1206987954E+06
  0.2425000000E+00  0.1203178805E+06
  0.2427777778E+00  0.1199369668E+06
  0.2430555556E+00  0.1195560511E+06
  0.2433333333E+00  0.1191751362E+06
  0.2436111111E+00  0.1187942216E+06
  0.2438888889E+00  0.1184133079E+06
  0.2441666667E+00  0.1180323919E+06
  0.2444444444E+00  0.1176514773E+06
  0.2447222222E+00  0.1172705636E+06
  0.2450000000E+00  0.1168896479E+06
  0.2452777778E+00  0.1166724136E+06
  0.2455555556E+00  0.1164551796E+06
  0.2458333333E+00  0.1162379457E+06
  0.2461111111E+00  0.1160207116E+06
  0.2463888889E+00  0.1158034774E+06
  0.2466666667E+00  0.1155862423E+06
  0.2469444444E+00  0.1153690094E+06
  0.2472222222E+00  0.1151517743E+06
  0.2475000000E+00  0.1149345414E+06
  0.2477777778E+00  0.1147173060E+06
  0.2480555556E+00  0.1145000721E+06
  0.2483333333E+00  0.1142828380E+06
  0.2486111111E+00  0.1140656039E+06
  0.2488888889E+00  0.1138483704E+06
  0.2491666667E+00  0.1136311356E+06
  0.2494444444E+00  0.1134139021E+06
  0.2497222222E+00  0.1131966676E+06
  0.2500000000E+00  0.1129794331E+06
  0.2502777778E+00  0.1128859507E+06
  0.2505555556E+00  0.1127924676E+06
  0.2508333333E+00  0.1126989841E+06
  0.2511111111E+00  0.1126055021E+06
  0.2513888889E+00  0.1125120187E+06
  0.2516666667E+00  0.1124185356E+06
  0.2519444444E+00  0.1123250531E+06
  0.2522222222E+00  0.1122315701E+06
  0.2525000000E+00  0.1121380867E+06
  0.2527777778E+00  0.1120446046E+06
  0.2530555556E+00  0.1119511211E+06
  0.2533333333E+00  0.1118576391E+06
  0.2536111111E+00  0.1117641557E+06
  0.2538888889E+00  0.1116706726E+06
  0.2541666667E+00  0.1115771901E+06
  0.2544444444E+00  0.1114837071E+06
  0.2547222222E+00  0.1113902237E+06
  0.2550000000E+00  0.1112967413E+06
  0.2552777778E+00  0.1112886272E+06
  0.2555555556E+00  0.1112805131E+06
  0.2558333333E+00  0.1112723991E+06
  0.2561111111E+00  0.1112642847E+06
  0.2563888889E+00  0.1112561706E+06
  0.2566666667E+00  0.1112480566E+06
  0.2569444444E+00  0.1112399422E+06
  0.2572222222E+00  0.1112318281E+06
  0.2575000000E+00  0.1112237140E+06
  0.2577777778E+00  0.1112155996E+06
  0.2580555556E+00  0.1112074856E+06
  0.2583333333E+00  0.1111993715E+06
  0.2586111111E+00  0.1111912575E+06
  0.2588888889E+00  0.1111831430E+06
  0.2591666667E+00  0.1111750290E+06
  0.2594444444E+00  0.1111669149E+06
  0.2597222222E+00  0.1111588005E+06
  0.2600000000E+00  0.1111506865E+06
  0.2602777778E+00  0.1111927835E+06
  0.2605555556E+00  0.1112348806E+06
  0.2608333333E+00  0.1112769774E+06
  0.2611111111E+00  0.1113190746E+06
  0.2613888889E+00  0.1113611727E+06
  0.2616666667E+00  0.1114032698E+06
  0.2619444444E+00  0.1114453666E+06
  0.2622222222E+00  0.1114874637E+06
  0.2625000000E+00  0.1115295607E+06
  0.2627777778E+00  0.1115716575E+06
  0.2630555556E+00  0.1116137546E+06
  0.2633333333E+00  0.1116558518E+06
  0.2636111111E+00  0.1116979489E+06
  0.2638888889E+00  0.1117400457E+06
  0.2641666667E+00  0.1117821428E+06
  0.2644444444E+00  0.1118242399E+06
  0.2647222222E+00  0.1118663371E+06
  0.2650000000E+00  0.1119084337E+06
  0.2652777778E+00  0.1119702999E+06
  0.2655555556E+00  0.1120321659E+06
  0.2658333333E+00  0.1120940320E+06
  0.2661111111E+00  0.1121558979E+06
  0.2663888889E+00  0.1122177637E+06
  0.2666666667E+00  0.1122796299E+06
  0.2669444444E+00  0.1123414957E+06
  0.2672222222E+00  0.1124033615E+06
  0.2675000000E+00  0.1124652277E+06
  0.2677777778E+00  0.1125270925E+06
  0.2680555556E+00  0.1125889584E+06
  0.2683333333E+00  0.1126508245E+06
  0.2686111111E+00  0.1127126905E+06
  0.2688888889E+00  0.1127745566E+06
  0.2691666667E+00  0.1128364225E+06
  0.2694444444E+00  0.1128982883E+06
  0.2697222222E+00  0.1129601545E+06
  0.2700000000E+00  0.1130220203E+06
  0.2702777778E+00  0.1130788391E+06
  0.2705555556E+00  0.1131356578E+06
  0.2708333333E+00  0.1131924775E+06
  0.2711111111E+00  0.1132492962E+06
  0.2713888889E+00  0.1133061149E+06
  0.2716666667E+00  0.1133629336E+06
  0.2719444444E+00  0.1134197530E+06
  0.2722222222E+00  0.1134765718E+06
  0.2725000000E+00  0.1135333905E+06
  0.2727777778E+00  0.1135902102E+06
  0.2730555556E+00  0.1136470289E+06
  0.2733333333E+00  0.1137038476E+06
  0.2736111111E+00  0.1137606663E+06
  0.2738888889E+00  0.1138174861E+06
  0.2741666667E+00  0.1138743048E+06
  0.2744444444E+00  0.1139311236E+06
  0.2747222222E+00  0.1139879433E+06
  0.2750000000E+00  0.1140447620E+06
  0.2752777778E+00  0.1140777595E+06
  0.2755555556E+00  0.1141107560E+06
  0.2758333333E+00  0.1141437535E+06
  0.2761111111E+00  0.1141767510E+06
  0.2763888889E+00  0.1142097486E+06
  0.2766666667E+00  0.1142427461E+06
  0.2769444444E+00  0.1142757425E+06
  0.2772222222E+00  0.1143087400E+06
  0.2775000000E+00  0.1143417372E+06
  0.2777777778E+00  0.1143747347E+06
  0.2780555556E+00  0.1144077313E+06
  0.2783333333E+00  0.1144407288E+06
  0.2786111111E+00  0.1144737263E+06
  0.2788888889E+00  0.1145067237E+06
  0.2791666667E+00  0.1145397203E+06
  0.2794444444E+00  0.1145727178E+06
  0.2797222222E+00  0.1146057153E+06
  0.2800000000E+00  0.1146387128E+06
  0.2802777778E+00  0.1146352357E+06
  0.2805555556E+00  0.1146317578E+06
  0.2808333333E+00  0.1146282807E+06
  0.2811111111E+00  0.1146248033E+06
  0.2813888889E+00  0.1146213262E+06
  0.2816666667E+00  0.1146178492E+06
  0.2819444444E+00  0.1146143718E+06
  0.2822222222E+00  0.1146108948E+06
  0.2825000000E+00  0.1146074178E+06
  0.2827777778E+00  0.1146039404E+06
  0.2830555556E+00  0.1146004624E+06
  0.2833333333E+00  0.1145969853E+06
  0.2836111111E+00  0.1145935080E+06
  0.2838888889E+00  0.1145900309E+06
  0.2841666667E+00  0.1145865539E+06
  0.2844444444E+00  0.1145830765E+06
  0.2847222222E+00  0.1145795995E+06
  0.2850000000E+00  0.1145761224E+06
  0.2852777778E+00  0.1145293779E+06
  0.2855555556E+00  0.1144826342E+06
  0.2858333333E+00  0.1144358909E+06
  0.2861111111E+00  0.1143891474E+06
  0.2863888889E+00  0.1143424027E+06
  0.2866666667E+00  0.1142956592E+06
  0.2869444444E+00  0.1142489159E+06
  0.2872222222E+00  0.1142021712E+06
  0.2875000000E+00  0.1141554277E+06
  0.2877777778E+00  0.1141086840E+06
  0.2880555556E+00  0.1140619407E+06
  0.2883333333E+00  0.1140151962E+06
  0.2886111111E+00  0.1139684525E+06
  0.2888888889E+00  0.1139217090E+06
  0.2891666667E+00  0.1138749647E+06
  0.2894444444E+00  0.1138282210E+06
  0.2897222222E+00  0.1137814775E+06
  0.2900000000E+00  0.1137347329E+06
  0.2902777778E+00  0.1136430480E+06
  0.2905555556E+00  0.1135513622E+06
  0.2908333333E+00  0.1134596773E+06
  0.2911111111E+00  0.1133679915E+06
  0.2913888889E+00  0.1132763067E+06
  0.2916666667E+00  0.1131846209E+06
  0.2919444444E+00  0.1130929351E+06
  0.2922222222E+00  0.1130012499E+06
  0.2925000000E+00  0.1129095641E+06
  0.2927777778E+00  0.1128178793E+06
  0.2930555556E+00  0.1127261934E+06
  0.2933333333E+00  0.1126345086E+06
  0.2936111111E+00  0.1125428228E+06
  0.2938888889E+00  0.1124511369E+06
  0.2941666667E+00  0.1123594521E+06
  0.2944444444E+00  0.1122677663E+06
  0.2947222222E+00  0.1121760811E+06
  0.2950000000E+00  0.1120843952E+06
  0.2952777778E+00  0.1119506197E+06
  0.2955555556E+00  0.1118168440E+06
  0.2958333333E+00  0.1116830683E+06
  0.2961111111E+00  0.1115492926E+06
  0.2963888889E+00  0.1114155169E+06
  0.2966666667E+00  0.1112817413E+06
  0.2969444444E+00  0.1111479656E+06
  0.2972222222E+00  0.1110141900E+06
  0.2975000000E+00  0.1108804143E+06
  0.2977777778E+00  0.1107466386E+06
  0.2980555556E+00  0.1106128629E+06
  0.2983333333E+00  0.1104790873E+06
  0.2986111111E+00  0.1103453116E+06
  0.2988888889E+00  0.1102115359E+06
  0.2991666667E+00  0.1100777602E+06
  0.2994444444E+00  0.1099439846E+06
  0.2997222222E+00  0.1098102090E+06
  0.3000000000E+00  0.1096764333E+06
  0.3002777778E+00  0.1095067728E+06
  0.3005555556E+00  0.1093371132E+06
  0.3008333333E+00  0.1091674524E+06
  0.3011111111E+00  0.1089977928E+06
  0.3013888889E+00  0.1088281323E+06
  0.3016666667E+00  0.1086584729E+06
  0.3019444444E+00  0.1084888120E+06
  0.3022222222E+00  0.1083191524E+06
  0.3025000000E+00  0.1081494919E+06
  0.3027777778E+00  0.1079798324E+06
  0.3030555556E+00  0.1078101715E+06
  0.3033333333E+00  0.1076405120E+06
  0.3036111111E+00  0.1074708514E+06
  0.3038888889E+00  0.1073011919E+06
  0.3041666667E+00  0.1071315315E+06
  0.3044444444E+00  0.1069618716E+06
  0.3047222222E+00  0.1067922111E+06
  0.3050000000E+00  0.1066225515E+06
  0.3052777778E+00  0.1064256851E+06
  0.3055555556E+00  0.1062288201E+06
  0.3058333333E+00  0.1060319540E+06
  0.3061111111E+00  0.1058350890E+06
  0.3063888889E+00  0.1056382226E+06
  0.3066666667E+00  0.1054413575E+06
  0.3069444444E+00  0.1052444914E+06
  0.3072222222E+00  0.1050476260E+06
  0.3075000000E+00  0.1048507600E+06
  0.3077777778E+00  0.1046538949E+06
  0.3080555556E+00  0.1044570295E+06
  0.3083333333E+00  0.1042601635E+06
  0.3086111111E+00  0.1040632984E+06
  0.3088888889E+00  0.1038664321E+06
  0.3091666667E+00  0.1036695671E+06
  0.3094444444E+00  0.1034727010E+06
  0.3097222222E+00  0.1032758356E+06
  0.3100000000E+00  0.1030789695E+06
  0.3102777778E+00  0.1028650441E+06
  0.3105555556E+00  0.1026511191E+06
  0.3108333333E+00  0.1024371938E+06
  0.3111111111E+00  0.1022232688E+06
  0.3113888889E+00  0.1020093434E+06
  0.3116666667E+00  0.1017954181E+06
  0.3119444444E+00  0.1015814931E+06
  0.3122222222E+00  0.1013675677E+06
  0.3125000000E+00  0.1011536423E+06
  0.3127777778E+00  0.1009397173E+06
  0.3130555556E+00  0.1007257930E+06
  0.3133333333E+00  0.1005118679E+06
  0.3136111111E+00  0.1002979426E+06
  0.3138888889E+00  0.1000840173E+06
  0.3141666667E+00  0.9987009227E+05
  0.3144444444E+00  0.9965616683E+05
  0.3147222222E+00  0.9944224184E+05
  0.3150000000E+00  0.9922831652E+05
  0.3152777778E+00  0.9900806148E+05
  0.3155555556E+00  0.9878780721E+05
  0.3158333333E+00  0.9856755328E+05
  0.3161111111E+00  0.9834729823E+05
  0.3163888889E+00  0.9812704431E+05
  0.3166666667E+00  0.9790679004E+05
  0.3169444444E+00  0.9768653500E+05
  0.3172222222E+00  0.9746628107E+05
  0.3175000000E+00  0.9724602680E+05
  0.3177777778E+00  0.9702577276E+05
  0.3180555556E+00  0.9680551783E+05
  0.3183333333E+00  0.9658526389E+05
  0.3186111111E+00  0.9636500951E+05
  0.3188888889E+00  0.9614475458E+05
  0.3191666667E+00  0.9592450065E+05
  0.3194444444E+00  0.9570424627E+05
  0.3197222222E+00  0.9548399134E+05
  0.3200000000E+00  0.9526373730E+05
  0.3202777778E+00  0.9504750068E+05
  0.3205555556E+00  0.9483126428E+05
  0.3208333333E+00  0.9461502767E+05
  0.3211111111E+00  0.9439879027E+05
  0.3213888889E+00  0.9418255353E+05
  0.3216666667E+00  0.9396631725E+05
  0.3219444444E+00  0.9375008052E+05
  0.3222222222E+00  0.9353384412E+05
  0.3225000000E+00  0.9331760750E+05
  0.3227777778E+00  0.9310137011E+05
  0.3230555556E+00  0.9288513338E+05
  0.3233333333E+00  0.9266889676E+05
  0.3236111111E+00  0.9245266036E+05
  0.3238888889E+00  0.9223642375E+05
  0.3241666667E+00  0.9202018635E+05
  0.3244444444E+00  0.9180394961E+05
  0.3247222222E+00  0.9158771332E+05
  0.3250000000E+00  0.9137147661E+05
  0.3252777778E+00  0.9116877201E+05
  0.3255555556E+00  0.9096606720E+05
  0.3258333333E+00  0.9076336228E+05
  0.3261111111E+00  0.9056065769E+05
  0.3263888889E+00  0.9035795287E+05
  0.3266666667E+00  0.9015524829E+05
  0.3269444444E+00  0.8995254337E+05
  0.3272222222E+00  0.8974983945E+05
  0.3275000000E+00  0.8954713497E+05
  0.3277777778E+00  0.8934443004E+05
  0.3280555556E+00  0.8914172513E+05
  0.3283333333E+00  0.8893902065E+05
  0.3286111111E+00  0.8873631573E+05
  0.3288888889E+00  0.8853361114E+05
  0.3291666667E+00  0.8833090633E+05
  0.3294444444E+00  0.8812820141E+05
  0.3297222222E+00  0.8792549682E+05
  0.3300000000E+00  0.8772279191E+05
  0.3302777778E+00  0.8754150911E+05
  0.3305555556E+00  0.8736022664E+05
  0.3308333333E+00  0.8717894385E+05
  0.3311111111E+00  0.8699766028E+05
  0.3313888889E+00  0.8681637748E+05
  0.3316666667E+00  0.8663509503E+05
  0.3319444444E+00  0.8645381223E+05
  0.3322222222E+00  0.8627252832E+05
  0.3325000000E+00  0.8609124587E+05
  0.3327777778E+00  0.8590996307E+05
  0.3330555556E+00  0.8572868051E+05
  0.3333333333E+00  0.8554739771E+05
  0.3336111111E+00  0.8536611424E+05
  0.3338888889E+00  0.8518483146E+05
  0.3341666667E+00  0.8500354855E+05
  0.3344444444E+00  0.8482226609E+05
  0.3347222222E+00  0.8464098230E+05
  0.3350000000E+00  0.8445969983E+05
  0.3352777778E+00  0.8430594305E+05
  0.3355555556E+00  0.8415218725E+05
  0.3358333333E+00  0.8399843080E+05
  0.3361111111E+00  0.8384467500E+05
  0.3363888889E+00  0.8369091821E+05
  0.3366666667E+00  0.8353716175E+05
  0.3369444444E+00  0.8338340596E+05
  0.3372222222E+00  0.8322964916E+05
  0.3375000000E+00  0.8307589371E+05
  0.3377777778E+00  0.8292213693E+05
  0.3380555556E+00  0.8276838013E+05
  0.3383333333E+00  0.8261462467E+05
  0.3386111111E+00  0.8246086799E+05
  0.3388888889E+00  0.8230711120E+05
  0.3391666667E+00  0.8215335574E+05
  0.3394444444E+00  0.8199959895E+05
  0.3397222222E+00  0.8184584315E+05
  0.3400000000E+00  0.8169208670E+05
  0.3402777778E+00  0.8156987412E+05
  0.3405555556E+00  0.8144766154E+05
  0.3408333333E+00  0.8132544896E+05
  0.3411111111E+00  0.8120323649E+05
  0.3413888889E+00  0.8108102392E+05
  0.3416666667E+00  0.8095881133E+05
  0.3419444444E+00  0.8083659909E+05
  0.3422222222E+00  0.8071438651E+05
  0.3425000000E+00  0.8059217393E+05
  0.3427777778E+00  0.8046996146E+05
  0.3430555556E+00  0.8034774887E+05
  0.3433333333E+00  0.8022553629E+05
  0.3436111111E+00  0.8010332371E+05
  0.3438888889E+00  0.7998111146E+05
  0.3441666667E+00  0.7985889889E+05
  0.3444444444E+00  0.7973668642E+05
  0.3447222222E+00  0.7961447384E+05
  0.3450000000E+00  0.7949226126E+05
  0.3452777778E+00  0.7940347394E+05
  0.3455555556E+00  0.7931468673E+05
  0.3458333333E+00  0.7922589941E+05
  0.3461111111E+00  0.7913711210E+05
  0.3463888889E+00  0.7904832478E+05
  0.3466666667E+00  0.7895953756E+05
  0.3469444444E+00  0.7887075025E+05
  0.3472222222E+00  0.7878196293E+05
  0.3475000000E+00  0.7869317572E+05
  0.3477777778E+00  0.7860438840E+05
  0.3480555556E+00  0.7851560109E+05
  0.3483333333E+00  0.7842681377E+05
  0.3486111111E+00  0.7833802656E+05
  0.3488888889E+00  0.7824923890E+05
  0.3491666667E+00  0.7816045158E+05
  0.3494444444E+00  0.7807166437E+05
  0.3497222222E+00  0.7798287706E+05
  0.3500000000E+00  0.7789408974E+05
  0.3502777778E+00  0.7783855310E+05
  0.3505555556E+00  0.7778301655E+05
  0.3508333333E+00  0.7772747991E+05
  0.3511111111E+00  0.7767194338E+05
  0.3513888889E+00  0.7761640574E+05
  0.3516666667E+00  0.7756086908E+05
  0.3519444444E+00  0.7750533255E+05
  0.3522222222E+00  0.7744979591E+05
  0.3525000000E+00  0.7739425893E+05
  0.3527777778E+00  0.7733872139E+05
  0.3530555556E+00  0.7728318475E+05
  0.3533333333E+00  0.7722764811E+05
  0.3536111111E+00  0.7717211157E+05
  0.3538888889E+00  0.7711657492E+05
  0.3541666667E+00  0.7706103727E+05
  0.3544444444E+00  0.7700550074E+05
  0.3547222222E+00  0.7694996410E+05
  0.3550000000E+00  0.7689442745E+05
  0.3552777778E+00  0.7687011256E+05
  0.3555555556E+00  0.7684579799E+05
  0.3558333333E+00  0.7682148343E+05
  0.3561111111E+00  0.7679716875E+05
  0.3563888889E+00  0.7677285385E+05
  0.3566666667E+00  0.7674853929E+05
  0.3569444444E+00  0.7672422472E+05
  0.3572222222E+00  0.7669990971E+05
  0.3575000000E+00  0.7667559514E+05
  0.3577777778E+00  0.7665128058E+05
  0.3580555556E+00  0.7662696590E+05
  0.3583333333E+00  0.7660265101E+05
  0.3586111111E+00  0.7657833644E+05
  0.3588888889E+00  0.7655402188E+05
  0.3591666667E+00  0.7652970720E+05
  0.3594444444E+00  0.7650539230E+05
  0.3597222222E+00  0.7648107774E+05
  0.3600000000E+00  0.7645676317E+05
  0.3602777778E+00  0.7646004364E+05
  0.3605555556E+00  0.7646332311E+05
  0.3608333333E+00  0.7646660258E+05
  0.3611111111E+00  0.7646988304E+05
  0.3613888889E+00  0.7647316251E+05
  0.3616666667E+00  0.7647644208E+05
  0.3619444444E+00  0.7647972254E+05
  0.3622222222E+00  0.7648300202E+05
  0.3625000000E+00  0.7648628148E+05
  0.3627777778E+00  0.7648956195E+05
  0.3630555556E+00  0.7649284141E+05
  0.3633333333E+00  0.7649612099E+05
  0.3636111111E+00  0.7649940145E+05
  0.3638888889E+00  0.7650268091E+05
  0.3641666667E+00  0.7650596039E+05
  0.3644444444E+00  0.7650924086E+05
  0.3647222222E+00  0.7651252032E+05
  0.3650000000E+00  0.7651579990E+05
  0.3652777778E+00  0.7654182549E+05
  0.3655555556E+00  0.7656785022E+05
  0.3658333333E+00  0.7659387582E+05
  0.3661111111E+00  0.7661990186E+05
  0.3663888889E+00  0.7664592646E+05
  0.3666666667E+00  0.7667195217E+05
  0.3669444444E+00  0.7669797778E+05
  0.3672222222E+00  0.7672400249E+05
  0.3675000000E+00  0.7675002820E+05
  0.3677777778E+00  0.7677605380E+05
  0.3680555556E+00  0.7680207852E+05
  0.3683333333E+00  0.7682810412E+05
  0.3686111111E+00  0.7685412983E+05
  0.3688888889E+00  0.7688015443E+05
  0.3691666667E+00  0.7690618015E+05
  0.3694444444E+00  0.7693220575E+05
  0.3697222222E+00  0.7695823046E+05
  0.3700000000E+00  0.7698425618E+05
  0.3702777778E+00  0.7702730331E+05
  0.3705555556E+00  0.7707034955E+05
  0.3708333333E+00  0.7711339678E+05
  0.3711111111E+00  0.7715644303E+05
  0.3713888889E+00  0.7719949027E+05
  0.3716666667E+00  0.7724253751E+05
  0.3719444444E+00  0.7728558375E+05
  0.3722222222E+00  0.7732863099E+05
  0.3725000000E+00  0.7737167823E+05
  0.3727777778E+00  0.7741472446E+05
  0.3730555556E+00  0.7745777137E+05
  0.3733333333E+00  0.7750081862E+05
  0.3736111111E+00  0.7754386486E+05
  0.3738888889E+00  0.7758691210E+05
  0.3741666667E+00  0.7762995834E+05
  0.3744444444E+00  0.7767300558E+05
  0.3747222222E+00  0.7771605281E+05
  0.3750000000E+00  0.7775909906E+05
  0.3752777778E+00  0.7781304695E+05
  0.3755555556E+00  0.7786699474E+05
  0.3758333333E+00  0.7792094119E+05
  0.3761111111E+00  0.7797488896E+05
  0.3763888889E+00  0.7802883687E+05
  0.3766666667E+00  0.7808278332E+05
  0.3769444444E+00  0.7813673109E+05
  0.3772222222E+00  0.7819067799E+05
  0.3775000000E+00  0.7824462578E+05
  0.3777777778E+00  0.7829857322E+05
  0.3780555556E+00  0.7835252000E+05
  0.3783333333E+00  0.7840646789E+05
  0.3786111111E+00  0.7846041569E+05
  0.3788888889E+00  0.7851436213E+05
  0.3791666667E+00  0.7856830991E+05
  0.3794444444E+00  0.7862225782E+05
  0.3797222222E+00  0.7867620426E+05
  0.3800000000E+00  0.7873015204E+05
  0.3802777778E+00  0.7878876095E+05
  0.3805555556E+00  0.7884736940E+05
  0.3808333333E+00  0.7890597796E+05
  0.3811111111E+00  0.7896458676E+05
  0.3813888889E+00  0.7902319532E+05
  0.3816666667E+00  0.7908180412E+05
  0.3819444444E+00  0.7914041257E+05
  0.3822222222E+00  0.7919902114E+05
  0.3825000000E+00  0.7925762993E+05
  0.3827777778E+00  0.7931623949E+05
  0.3830555556E+00  0.7937484828E+05
  0.3833333333E+00  0.7943345685E+05
  0.3836111111E+00  0.7949206531E+05
  0.3838888889E+00  0.7955067409E+05
  0.3841666667E+00  0.7960928267E+05
  0.3844444444E+00  0.7966789145E+05
  0.3847222222E+00  0.7972650002E+05
  0.3850000000E+00  0.7978510847E+05
  0.3852777778E+00  0.7984257295E+05
  0.3855555556E+00  0.7990003610E+05
  0.3858333333E+00  0.7995750025E+05
  0.3861111111E+00  0.8001496328E+05
  0.3863888889E+00  0.8007242743E+05
  0.3866666667E+00  0.8012989058E+05
  0.3869444444E+00  0.8018735506E+05
  0.3872222222E+00  0.8024481820E+05
  0.3875000000E+00  0.8030228224E+05
  0.3877777778E+00  0.8035974539E+05
  0.3880555556E+00  0.8041720954E+05
  0.3883333333E+00  0.8047467301E+05
  0.3886111111E+00  0.8053213716E+05
  0.3888888889E+00  0.8058960021E+05
  0.3891666667E+00  0.8064706434E+05
  0.3894444444E+00  0.8070452750E+05
  0.3897222222E+00  0.8076199164E+05
  0.3900000000E+00  0.8081945513E+05
  0.3902777778E+00  0.8087050198E+05
  0.3905555556E+00  0.8092154918E+05
  0.3908333333E+00  0.8097259637E+05
  0.3911111111E+00  0.8102364356E+05
  0.3913888889E+00  0.8107468943E+05
  0.3916666667E+00  0.8112573662E+05
  0.3919444444E+00  0.8117678393E+05
  0.3922222222E+00  0.8122783112E+05
  0.3925000000E+00  0.8127887798E+05
  0.3927777778E+00  0.8132992419E+05
  0.3930555556E+00  0.8138097138E+05
  0.3933333333E+00  0.8143201857E+05
  0.3936111111E+00  0.8148306543E+05
  0.3938888889E+00  0.8153411275E+05
  0.3941666667E+00  0.8158515894E+05
  0.3944444444E+00  0.8163620614E+05
  0.3947222222E+00  0.8168725299E+05
  0.3950000000E+00  0.8173830019E+05
  0.3952777778E+00  0.8177866214E+05
  0.3955555556E+00  0.8181902509E+05
  0.3958333333E+00  0.8185938737E+05
  0.3961111111E+00  0.8189975033E+05
  0.3963888889E+00  0.8194011327E+05
  0.3966666667E+00  0.8198047523E+05
  0.3969444444E+00  0.8202083817E+05
  0.3972222222E+00  0.8206120046E+05
  0.3975000000E+00  0.8210156341E+05
  0.3977777778E+00  0.8214192536E+05
  0.3980555556E+00  0.8218228831E+05
  0.3983333333E+00  0.8222265126E+05
  0.3986111111E+00  0.8226301354E+05
  0.3988888889E+00  0.8230337650E+05
  0.3991666667E+00  0.8234373844E+05
  0.3994444444E+00  0.8238410139E+05
  0.3997222222E+00  0.8242446335E+05
  0.4000000000E+00  0.8246482629E+05
  0.4002777778E+00  0.8249128798E+05
  0.4005555556E+00  0.8251775077E+05
  0.4008333333E+00  0.8254421214E+05
  0.4011111111E+00  0.8257067493E+05
  0.4013888889E+00  0.8259713628E+05
  0.4016666667E+00  0.8262359908E+05
  0.4019444444E+00  0.8265006043E+05
  0.4022222222E+00  0.8267652312E+05
  0.4025000000E+00  0.8270298458E+05
  0.4027777778E+00  0.8272944726E+05
  0.4030555556E+00  0.8275590873E+05
  0.4033333333E+00  0.8278237041E+05
  0.4036111111E+00  0.8280883276E+05
  0.4038888889E+00  0.8283529456E+05
  0.4041666667E+00  0.8286175692E+05
  0.4044444444E+00  0.8288821872E+05
  0.4047222222E+00  0.8291468107E+05
  0.4050000000E+00  0.8294114287E+05
  0.4052777778E+00  0.8295173271E+05
  0.4055555556E+00  0.8296232268E+05
  0.4058333333E+00  0.8297291254E+05
  0.4061111111E+00  0.8298350250E+05
  0.4063888889E+00  0.8299409235E+05
  0.4066666667E+00  0.8300468232E+05
  0.4069444444E+00  0.8301527229E+05
  0.4072222222E+00  0.8302586113E+05
  0.4075000000E+00  0.8303645110E+05
  0.4077777778E+00  0.8304704096E+05
  0.4080555556E+00  0.8305763091E+05
  0.4083333333E+00  0.8306822077E+05
  0.4086111111E+00  0.8307881074E+05
  0.4088888889E+00  0.8308940059E+05
  0.4091666667E+00  0.8309999055E+05
  0.4094444444E+00  0.8311058041E+05
  0.4097222222E+00  0.8312117038E+05
  0.4100000000E+00  0.8313175934E+05
  0.4102777778E+00  0.8312574790E+05
  0.4105555556E+00  0.8311973645E+05
  0.4108333333E+00  0.8311372467E+05
  0.4111111111E+00  0.8310771323E+05
  0.4113888889E+00  0.8310170178E+05
  0.4116666667E+00  0.8309569045E+05
  0.4119444444E+00  0.8308967901E+05
  0.4122222222E+00  0.8308366756E+05
  0.4125000000E+00  0.8307765477E+05
  0.4127777778E+00  0.8307164333E+05
  0.4130555556E+00  0.8306563189E+05
  0.4133333333E+00  0.8305962044E+05
  0.4136111111E+00  0.8305360910E+05
  0.4138888889E+00  0.8304759766E+05
  0.4141666667E+00  0.8304158588E+05
  0.4144444444E+00  0.8303557443E+05
  0.4147222222E+00  0.8302956300E+05
  0.4150000000E+00  0.8302355055E+05
  0.4152777778E+00  0.8300139126E+05
  0.4155555556E+00  0.8297923231E+05
  0.4158333333E+00  0.8295707202E+05
  0.4161111111E+00  0.8293491306E+05
  0.4163888889E+00  0.8291275278E+05
  0.4166666667E+00  0.8289059383E+05
  0.4169444444E+00  0.8286843487E+05
  0.4172222222E+00  0.8284627458E+05
  0.4175000000E+00  0.8282411563E+05
  0.4177777778E+00  0.8280195535E+05
  0.4180555556E+00  0.8277979638E+05
  0.4183333333E+00  0.8275763721E+05
  0.4186111111E+00  0.8273547726E+05
  0.4188888889E+00  0.8271331797E+05
  0.4191666667E+00  0.8269115802E+05
  0.4194444444E+00  0.8266899873E+05
  0.4197222222E+00  0.8264683978E+05
  0.4200000000E+00  0.8262467949E+05
  0.4202777778E+00  0.8258792167E+05
  0.4205555556E+00  0.8255116364E+05
  0.4208333333E+00  0.8251440550E+05
  0.4211111111E+00  0.8247764647E+05
  0.4213888889E+00  0.8244088865E+05
  0.4216666667E+00  0.8240413062E+05
  0.4219444444E+00  0.8236737247E+05
  0.4222222222E+00  0.8233061443E+05
  0.4225000000E+00  0.8229385673E+05
  0.4227777778E+00  0.8225709759E+05
  0.4230555556E+00  0.8222033955E+05
  0.4233333333E+00  0.8218358140E+05
  0.4236111111E+00  0.8214682371E+05
  0.4238888889E+00  0.8211006555E+05
  0.4241666667E+00  0.8207330652E+05
  0.4244444444E+00  0.8203654871E+05
  0.4247222222E+00  0.8199979067E+05
  0.4250000000E+00  0.8196303264E+05
  0.4252777778E+00  0.8191412030E+05
  0.4255555556E+00  0.8186520731E+05
  0.4258333333E+00  0.8181629498E+05
  0.4261111111E+00  0.8176738309E+05
  0.4263888889E+00  0.8171846975E+05
  0.4266666667E+00  0.8166955775E+05
  0.4269444444E+00  0.8162064554E+05
  0.4272222222E+00  0.8157173220E+05
  0.4275000000E+00  0.8152282020E+05
  0.4277777778E+00  0.8147390786E+05
  0.4280555556E+00  0.8142499499E+05
  0.4283333333E+00  0.8137608265E+05
  0.4286111111E+00  0.8132717065E+05
  0.4288888889E+00  0.8127825731E+05
  0.4291666667E+00  0.8122934509E+05
  0.4294444444E+00  0.8118043310E+05
  0.4297222222E+00  0.8113151976E+05
  0.4300000000E+00  0.8108260787E+05
  0.4302777778E+00  0.8102466025E+05
  0.4305555556E+00  0.8096671297E+05
  0.4308333333E+00  0.8090876535E+05
  0.4311111111E+00  0.8085081818E+05
  0.4313888889E+00  0.8079287089E+05
  0.4316666667E+00  0.8073492328E+05
  0.4319444444E+00  0.8067697600E+05
  0.4322222222E+00  0.8061902849E+05
  0.4325000000E+00  0.8056108120E+05
  0.4327777778E+00  0.8050313359E+05
  0.4330555556E+00  0.8044518630E+05
  0.4333333333E+00  0.8038723879E+05
  0.4336111111E+00  0.8032929151E+05
  0.4338888889E+00  0.8027134389E+05
  0.4341666667E+00  0.8021339660E+05
  0.4344444444E+00  0.8015544943E+05
  0.4347222222E+00  0.8009750181E+05
  0.4350000000E+00  0.8003955452E+05
  0.4352777778E+00  0.7997610790E+05
  0.4355555556E+00  0.7991266116E+05
  0.4358333333E+00  0.7984921553E+05
  0.4361111111E+00  0.7978576890E+05
  0.4363888889E+00  0.7972232217E+05
  0.4366666667E+00  0.7965887553E+05
  0.4369444444E+00  0.7959542979E+05
  0.4372222222E+00  0.7953198317E+05
  0.4375000000E+00  0.7946853653E+05
  0.4377777778E+00  0.7940508980E+05
  0.4380555556E+00  0.7934164317E+05
  0.4383333333E+00  0.7927819755E+05
  0.4386111111E+00  0.7921475080E+05
  0.4388888889E+00  0.7915130418E+05
  0.4391666667E+00  0.7908785744E+05
  0.4394444444E+00  0.7902441214E+05
  0.4397222222E+00  0.7896096552E+05
  0.4400000000E+00  0.7889751878E+05
  0.4402777778E+00  0.7883227786E+05
  0.4405555556E+00  0.7876703728E+05
  0.4408333333E+00  0.7870179637E+05
  0.4411111111E+00  0.7863655578E+05
  0.4413888889E+00  0.7857131487E+05
  0.4416666667E+00  0.7850607418E+05
  0.4419444444E+00  0.7844083338E+05
  0.4422222222E+00  0.7837559281E+05
  0.4425000000E+00  0.7831035179E+05
  0.4427777778E+00  0.7824511121E+05
  0.4430555556E+00  0.7817987029E+05
  0.4433333333E+00  0.7811462961E+05
  0.4436111111E+00  0.7804938870E+05
  0.4438888889E+00  0.7798414778E+05
  0.4441666667E+00  0.7791890710E+05
  0.4444444444E+00  0.7785366618E+05
  0.4447222222E+00  0.7778842560E+05
  0.4450000000E+00  0.7772318459E+05
  0.4452777778E+00  0.7765970154E+05
  0.4455555556E+00  0.7759621849E+05
  0.4458333333E+00  0.7753273544E+05
  0.4461111111E+00  0.7746925239E+05
  0.4463888889E+00  0.7740576934E+05
  0.4466666667E+00  0.7734228629E+05
  0.4469444444E+00  0.7727880335E+05
  0.4472222222E+00  0.7721532030E+05
  0.4475000000E+00  0.7715183726E+05
  0.4477777778E+00  0.7708835421E+05
  0.4480555556E+00  0.7702487116E+05
  0.4483333333E+00  0.7696138811E+05
  0.4486111111E+00  0.7689790496E+05
  0.4488888889E+00  0.7683442192E+05
  0.4491666667E+00  0.7677093886E+05
  0.4494444444E+00  0.7670745581E+05
  0.4497222222E+00  0.7664397276E+05
  0.4500000000E+00  0.7658048972E+05
  0.4502777778E+00  0.7652198091E+05
  0.4505555556E+00  0.7646347231E+05
  0.4508333333E+00  0.7640496350E+05
  0.4511111111E+00  0.7634645502E+05
  0.4513888889E+00  0.7628794621E+05
  0.4516666667E+00  0.7622943750E+05
  0.4519444444E+00  0.7617092880E+05
  0.4522222222E+00  0.7611241999E+05
  0.4525000000E+00  0.7605391151E+05
  0.4527777778E+00  0.7599540280E+05
  0.4530555556E+00  0.7593689399E+05
  0.4533333333E+00  0.7587838518E+05
  0.4536111111E+00  0.7581987691E+05
  0.4538888889E+00  0.7576136810E+05
  0.4541666667E+00  0.7570285929E+05
  0.4544444444E+00  0.7564435048E+05
  0.4547222222E+00  0.7558584177E+05
  0.4550000000E+00  0.7552733329E+05
  0.4552777778E+00  0.7547647307E+05
  0.4555555556E+00  0.7542561275E+05
  0.4558333333E+00  0.7537475252E+05
  0.4561111111E+00  0.7532389231E+05
  0.4563888889E+00  0.7527303231E+05
  0.4566666667E+00  0.7522217210E+05
  0.4569444444E+00  0.7517131177E+05
  0.4572222222E+00  0.7512045156E+05
  0.4575000000E+00  0.7506959123E+05
  0.4577777778E+00  0.7501873101E+05
  0.4580555556E+00  0.7496787102E+05
  0.4583333333E+00  0.7491701081E+05
  0.4586111111E+00  0.7486615048E+05
  0.4588888889E+00  0.7481529026E+05
  0.4591666667E+00  0.7476442993E+05
  0.4594444444E+00  0.7471356971E+05
  0.4597222222E+00  0.7466270972E+05
  0.4600000000E+00  0.7461184950E+05
  0.4602777778E+00  0.7457058962E+05
  0.4605555556E+00  0.7452932950E+05
  0.4608333333E+00  0.7448806962E+05
  0.4611111111E+00  0.7444680973E+05
  0.4613888889E+00  0.7440554984E+05
  0.4616666667E+00  0.7436428963E+05
  0.4619444444E+00  0.7432302975E+05
  0.4622222222E+00  0.7428176986E+05
  0.4625000000E+00  0.7424050997E+05
  0.4627777778E+00  0.7419924986E+05
  0.4630555556E+00  0.7415798998E+05
  0.4633333333E+00  0.7411673010E+05
  0.4636111111E+00  0.7407547021E+05
  0.4638888889E+00  0.7403420999E+05
  0.4641666667E+00  0.7399295010E+05
  0.4644444444E+00  0.7395169022E+05
  0.4647222222E+00  0.7391043034E+05
  0.4650000000E+00  0.7386917011E+05
  0.4652777778E+00  0.7383865835E+05
  0.4655555556E+00  0.7380814637E+05
  0.4658333333E+00  0.7377763461E+05
  0.4661111111E+00  0.7374712251E+05
  0.4663888889E+00  0.7371661074E+05
  0.4666666667E+00  0.7368609865E+05
  0.4669444444E+00  0.7365558666E+05
  0.4672222222E+00  0.7362507489E+05
  0.4675000000E+00  0.7359456270E+05
  0.4677777778E+00  0.7356405094E+05
  0.4680555556E+00  0.7353353883E+05
  0.4683333333E+00  0.7350302719E+05
  0.4686111111E+00  0.7347251509E+05
  0.4688888889E+00  0.7344200299E+05
  0.4691666667E+00  0.7341149123E+05
  0.4694444444E+00  0.7338097913E+05
  0.4697222222E+00  0.7335046737E+05
  0.4700000000E+00  0.7331995538E+05
  0.4702777778E+00  0.7330049264E+05
  0.4705555556E+00  0.7328102980E+05
  0.4708333333E+00  0.7326156717E+05
  0.4711111111E+00  0.7324210409E+05
  0.4713888889E+00  0.7322264147E+05
  0.4716666667E+00  0.7320317873E+05
  0.4719444444E+00  0.7318371598E+05
  0.4722222222E+00  0.7316425335E+05
  0.4725000000E+00  0.7314479028E+05
  0.4727777778E+00  0.7312532753E+05
  0.4730555556E+00  0.7310586491E+05
  0.4733333333E+00  0.7308640217E+05
  0.4736111111E+00  0.7306693954E+05
  0.4738888889E+00  0.7304747646E+05
  0.4741666667E+00  0.7302801372E+05
  0.4744444444E+00  0.7300855110E+05
  0.4747222222E+00  0.7298908835E+05
  0.4750000000E+00  0.7296962561E+05
  0.4752777778E+00  0.7296071040E+05
  0.4755555556E+00  0.7295179551E+05
  0.4758333333E+00  0.7294288020E+05
  0.4761111111E+00  0.7293396531E+05
  0.4763888889E+00  0.7292505044E+05
  0.4766666667E+00  0.7291613513E+05
  0.4769444444E+00  0.7290722024E+05
  0.4772222222E+00  0.7289830503E+05
  0.4775000000E+00  0.7288939004E+05
  0.4777777778E+00  0.7288047516E+05
  0.4780555556E+00  0.7287155994E+05
  0.4783333333E+00  0.7286264496E+05
  0.4786111111E+00  0.7285372963E+05
  0.4788888889E+00  0.7284481476E+05
  0.4791666667E+00  0.7283589978E+05
  0.4794444444E+00  0.7282698456E+05
  0.4797222222E+00  0.7281806968E+05
  0.4800000000E+00  0.7280915436E+05
  0.4802777778E+00  0.7280953450E+05
  0.4805555556E+00  0.7280991421E+05
  0.4808333333E+00  0.7281029423E+05
  0.4811111111E+00  0.7281067393E+05
  0.4813888889E+00  0.7281105373E+05
  0.4816666667E+00  0.7281143377E+05
  0.4819444444E+00  0.7281181357E+05
  0.4822222222E+00  0.7281219350E+05
  0.4825000000E+00  0.7281257329E+05
  0.4827777778E+00  0.7281295300E+05
  0.4830555556E+00  0.7281333314E+05
  0.4833333333E+00  0.7281371285E+05
  0.4836111111E+00  0.7281409277E+05
  0.4838888889E+00  0.7281447257E+05
  0.4841666667E+00  0.7281485260E+05
  0.4844444444E+00  0.7281523241E+05
  0.4847222222E+00  0.7281561211E+05
  0.4850000000E+00  0.7281599214E+05
  0.4852777778E+00  0.7282383058E+05
  0.4855555556E+00  0.7283166858E+05
  0.4858333333E+00  0.7283950711E+05
  0.4861111111E+00  0.7284734544E+05
  0.4863888889E+00  0.7285518377E+05
  0.4866666667E+00  0.7286302198E+05
  0.4869444444E+00  0.7287086030E+05
  0.4872222222E+00  0.7287869875E+05
  0.4875000000E+00  0.7288653707E+05
  0.4877777778E+00  0.7289437528E+05
  0.4880555556E+00  0.7290221362E+05
  0.4883333333E+00  0.7291005194E+05
  0.4886111111E+00  0.7291789049E+05
  0.4888888889E+00  0.7292572848E+05
  0.4891666667E+00  0.7293356692E+05
  0.4894444444E+00  0.7294140534E+05
  0.4897222222E+00  0.7294924379E+05
  0.4900000000E+00  0.7295708178E+05
  0.4902777778E+00  0.7297009809E+05
  0.4905555556E+00  0.7298311406E+05
  0.4908333333E+00  0.7299613036E+05
  0.4911111111E+00  0.7300914622E+05
  0.4913888889E+00  0.7302216219E+05
  0.4916666667E+00  0.7303517849E+05
  0.4919444444E+00  0.7304819445E+05
  0.4922222222E+00  0.7306121043E+05
  0.4925000000E+00  0.7307422673E+05
  0.4927777778E+00  0.7308724270E+05
  0.4930555556E+00  0.7310025856E+05
  0.4933333333E+00  0.7311327486E+05
  0.4936111111E+00  0.7312629083E+05
  0.4938888889E+00  0.7313930713E+05
  0.4941666667E+00  0.7315232311E+05
  0.4944444444E+00  0.7316533907E+05
  0.4947222222E+00  0.7317835537E+05
  0.4950000000E+00  0.7319137124E+05
