  0.1027777778E-01  0.2257396082E+08
  0.1055555556E-01  0.2254760126E+08
  0.1083333333E-01  0.2252124191E+08
  0.1111111111E-01  0.2249488235E+08
  0.1138888889E-01  0.2246852257E+08
  0.1166666667E-01  0.2244216334E+08
  0.1194444444E-01  0.2241580366E+08
  0.1222222222E-01  0.2238944410E+08
  0.1250000000E-01  0.2236308442E+08
  0.1277777778E-01  0.2233672519E+08
  0.1305555556E-01  0.2231036551E+08
  0.1333333333E-01  0.2228400595E+08
  0.1361111111E-01  0.2225764660E+08
  0.1388888889E-01  0.2223128704E+08
  0.1416666667E-01  0.2220492747E+08
  0.1444444444E-01  0.2217856814E+08
  0.1472222222E-01  0.2215220858E+08
  0.1500000000E-01  0.2212584890E+08
  0.1527777778E-01  0.2208984095E+08
  0.1555555556E-01  0.2205383244E+08
  0.1583333333E-01  0.2201782415E+08
  0.1611111111E-01  0.2198181609E+08
  0.1638888889E-01  0.2194580780E+08
  0.1666666667E-01  0.2190979972E+08
  0.1694444444E-01  0.2187379143E+08
  0.1722222222E-01  0.2183778303E+08
  0.1750000000E-01  0.2180177507E+08
  0.1777777778E-01  0.2176576667E+08
  0.1805555556E-01  0.2172975838E+08
  0.1833333333E-01  0.2169375031E+08
  0.1861111111E-01  0.2165774202E+08
  0.1888888889E-01  0.2162173362E+08
  0.1916666667E-01  0.2158572555E+08
  0.1944444444E-01  0.2154971726E+08
  0.1972222222E-01  0.2151370886E+08
  0.2000000000E-01  0.2147770091E+08
  0.2027777778E-01  0.2143288146E+08
  0.2055555556E-01  0.2138806221E+08
  0.2083333333E-01  0.2134324310E+08
  0.2111111111E-01  0.2129842375E+08
  0.2138888889E-01  0.2125360441E+08
  0.2166666667E-01  0.2120878539E+08
  0.2194444444E-01  0.2116396605E+08
  0.2222222222E-01  0.2111914670E+08
  0.2250000000E-01  0.2107432758E+08
  0.2277777778E-01  0.2102950834E+08
  0.2305555556E-01  0.2098468888E+08
  0.2333333333E-01  0.2093986998E+08
  0.2361111111E-01  0.2089505053E+08
  0.2388888889E-01  0.2085023129E+08
  0.2416666667E-01  0.2080541217E+08
  0.2444444444E-01  0.2076059283E+08
  0.2472222222E-01  0.2071577347E+08
  0.2500000000E-01  0.2067095414E+08
  0.2527777778E-01  0.2061836142E+08
  0.2555555556E-01  0.2056576858E+08
  0.2583333333E-01  0.2051317598E+08
  0.2611111111E-01  0.2046058282E+08
  0.2638888889E-01  0.2040799010E+08
  0.2666666667E-01  0.2035539727E+08
  0.2694444444E-01  0.2030280466E+08
  0.2722222222E-01  0.2025021150E+08
  0.2750000000E-01  0.2019761878E+08
  0.2777777778E-01  0.2014502596E+08
  0.2805555556E-01  0.2009243301E+08
  0.2833333333E-01  0.2003984019E+08
  0.2861111111E-01  0.1998724747E+08
  0.2888888889E-01  0.1993465476E+08
  0.2916666667E-01  0.1988206171E+08
  0.2944444444E-01  0.1982946887E+08
  0.2972222222E-01  0.1977687615E+08
  0.3000000000E-01  0.1972428311E+08
  0.3027777778E-01  0.1966511350E+08
  0.3055555556E-01  0.1960594355E+08
  0.3083333333E-01  0.1954677352E+08
  0.3111111111E-01  0.1948760356E+08
  0.3138888889E-01  0.1942843374E+08
  0.3166666667E-01  0.1936926380E+08
  0.3194444444E-01  0.1931009375E+08
  0.3222222222E-01  0.1925092381E+08
  0.3250000000E-01  0.1919175387E+08
  0.3277777778E-01  0.1913258403E+08
  0.3305555556E-01  0.1907341399E+08
  0.3333333333E-01  0.1901424405E+08
  0.3361111111E-01  0.1895507410E+08
  0.3388888889E-01  0.1889590416E+08
  0.3416666667E-01  0.1883673423E+08
  0.3444444444E-01  0.1877756428E+08
  0.3472222222E-01  0.1871839467E+08
  0.3500000000E-01  0.1865922473E+08
  0.3527777778E-01  0.1859476636E+08
  0.3555555556E-01  0.1853030832E+08
  0.3583333333E-01  0.1846585028E+08
  0.3611111111E-01  0.1840139223E+08
  0.3638888889E-01  0.1833693420E+08
  0.3666666667E-01  0.1827247615E+08
  0.3694444444E-01  0.1820801833E+08
  0.3722222222E-01  0.1814356028E+08
  0.3750000000E-01  0.1807910224E+08
  0.3777777778E-01  0.1801464420E+08
  0.3805555556E-01  0.1795018616E+08
  0.3833333333E-01  0.1788572778E+08
  0.3861111111E-01  0.1782126974E+08
  0.3888888889E-01  0.1775681181E+08
  0.3916666667E-01  0.1769235376E+08
  0.3944444444E-01  0.1762789572E+08
  0.3972222222E-01  0.1756343768E+08
  0.4000000000E-01  0.1749897965E+08
  0.4027777778E-01  0.1743060204E+08
  0.4055555556E-01  0.1736222443E+08
  0.4083333333E-01  0.1729384683E+08
  0.4111111111E-01  0.1722546932E+08
  0.4138888889E-01  0.1715709150E+08
  0.4166666667E-01  0.1708871389E+08
  0.4194444444E-01  0.1702033629E+08
  0.4222222222E-01  0.1695195868E+08
  0.4250000000E-01  0.1688358107E+08
  0.4277777778E-01  0.1681520356E+08
  0.4305555556E-01  0.1674682596E+08
  0.4333333333E-01  0.1667844836E+08
  0.4361111111E-01  0.1661007075E+08
  0.4388888889E-01  0.1654169326E+08
  0.4416666667E-01  0.1647331532E+08
  0.4444444444E-01  0.1640493771E+08
  0.4472222222E-01  0.1633656020E+08
  0.4500000000E-01  0.1626818260E+08
  0.4527777778E-01  0.1619727101E+08
  0.4555555556E-01  0.1612635931E+08
  0.4583333333E-01  0.1605544773E+08
  0.4611111111E-01  0.1598453602E+08
  0.4638888889E-01  0.1591362454E+08
  0.4666666667E-01  0.1584271262E+08
  0.4694444444E-01  0.1577180125E+08
  0.4722222222E-01  0.1570088933E+08
  0.4750000000E-01  0.1562997785E+08
  0.4777777778E-01  0.1555906615E+08
  0.4805555556E-01  0.1548815456E+08
  0.4833333333E-01  0.1541724286E+08
  0.4861111111E-01  0.1534633128E+08
  0.4888888889E-01  0.1527541979E+08
  0.4916666667E-01  0.1520450799E+08
  0.4944444444E-01  0.1513359650E+08
  0.4972222222E-01  0.1506268480E+08
  0.5000000000E-01  0.1499177322E+08
  0.5027777778E-01  0.1491968960E+08
  0.5055555556E-01  0.1484760632E+08
  0.5083333333E-01  0.1477552303E+08
  0.5111111111E-01  0.1470343942E+08
  0.5138888889E-01  0.1463135613E+08
  0.5166666667E-01  0.1455927285E+08
  0.5194444444E-01  0.1448718913E+08
  0.5222222222E-01  0.1441510595E+08
  0.5250000000E-01  0.1434302222E+08
  0.5277777778E-01  0.1427093905E+08
  0.5305555556E-01  0.1419885566E+08
  0.5333333333E-01  0.1412677214E+08
  0.5361111111E-01  0.1405468876E+08
  0.5388888889E-01  0.1398260558E+08
  0.5416666667E-01  0.1391052186E+08
  0.5444444444E-01  0.1383843868E+08
  0.5472222222E-01  0.1376635529E+08
  0.5500000000E-01  0.1369427178E+08
  0.5527777778E-01  0.1362231332E+08
  0.5555555556E-01  0.1355035488E+08
  0.5583333333E-01  0.1347839676E+08
  0.5611111111E-01  0.1340643841E+08
  0.5638888889E-01  0.1333447996E+08
  0.5666666667E-01  0.1326252161E+08
  0.5694444444E-01  0.1319056315E+08
  0.5722222222E-01  0.1311860470E+08
  0.5750000000E-01  0.1304664636E+08
  0.5777777778E-01  0.1297468790E+08
  0.5805555556E-01  0.1290272955E+08
  0.5833333333E-01  0.1283077110E+08
  0.5861111111E-01  0.1275881309E+08
  0.5888888889E-01  0.1268685464E+08
  0.5916666667E-01  0.1261489629E+08
  0.5944444444E-01  0.1254293780E+08
  0.5972222222E-01  0.1247097938E+08
  0.6000000000E-01  0.1239902103E+08
  0.6027777778E-01  0.1232838922E+08
  0.6055555556E-01  0.1225775727E+08
  0.6083333333E-01  0.1218712543E+08
  0.6111111111E-01  0.1211649347E+08
  0.6138888889E-01  0.1204586162E+08
  0.6166666667E-01  0.1197522977E+08
  0.6194444444E-01  0.1190459793E+08
  0.6222222222E-01  0.1183396608E+08
  0.6250000000E-01  0.1176333423E+08
  0.6277777778E-01  0.1169270239E+08
  0.6305555556E-01  0.1162207043E+08
  0.6333333333E-01  0.1155143858E+08
  0.6361111111E-01  0.1148080674E+08
  0.6388888889E-01  0.1141017489E+08
  0.6416666667E-01  0.1133954304E+08
  0.6444444444E-01  0.1126891119E+08
  0.6472222222E-01  0.1119827935E+08
  0.6500000000E-01  0.1112764739E+08
  0.6527777778E-01  0.1105940997E+08
  0.6555555556E-01  0.1099117257E+08
  0.6583333333E-01  0.1092293513E+08
  0.6611111111E-01  0.1085469774E+08
  0.6638888889E-01  0.1078646031E+08
  0.6666666667E-01  0.1071822288E+08
  0.6694444444E-01  0.1064998537E+08
  0.6722222222E-01  0.1058174802E+08
  0.6750000000E-01  0.1051351065E+08
  0.6777777778E-01  0.1044527314E+08
  0.6805555556E-01  0.1037703574E+08
  0.6833333333E-01  0.1030879838E+08
  0.6861111111E-01  0.1024056087E+08
  0.6888888889E-01  0.1017232347E+08
  0.6916666667E-01  0.1010408611E+08
  0.6944444444E-01  0.1003584861E+08
  0.6972222222E-01  0.9967611230E+07
  0.7000000000E-01  0.9899373827E+07
  0.7027777778E-01  0.9834447175E+07
  0.7055555556E-01  0.9769520518E+07
  0.7083333333E-01  0.9704593953E+07
  0.7111111111E-01  0.9639667297E+07
  0.7138888889E-01  0.9574740732E+07
  0.7166666667E-01  0.9509814076E+07
  0.7194444444E-01  0.9444887523E+07
  0.7222222222E-01  0.9379960855E+07
  0.7250000000E-01  0.9315034302E+07
  0.7277777778E-01  0.9250107645E+07
  0.7305555556E-01  0.9185181081E+07
  0.7333333333E-01  0.9120254425E+07
  0.7361111111E-01  0.9055327771E+07
  0.7388888889E-01  0.8990401203E+07
  0.7416666667E-01  0.8925474551E+07
  0.7444444444E-01  0.8860547994E+07
  0.7472222222E-01  0.8795621329E+07
  0.7500000000E-01  0.8730694773E+07
  0.7527777778E-01  0.8669822666E+07
  0.7555555556E-01  0.8608950466E+07
  0.7583333333E-01  0.8548078359E+07
  0.7611111111E-01  0.8487206263E+07
  0.7638888889E-01  0.8426334151E+07
  0.7666666667E-01  0.8365461944E+07
  0.7694444444E-01  0.8304589848E+07
  0.7722222222E-01  0.8243717737E+07
  0.7750000000E-01  0.8182845641E+07
  0.7777777778E-01  0.8121973430E+07
  0.7805555556E-01  0.8061101334E+07
  0.7833333333E-01  0.8000229227E+07
  0.7861111111E-01  0.7939357118E+07
  0.7888888889E-01  0.7878484953E+07
  0.7916666667E-01  0.7817612845E+07
  0.7944444444E-01  0.7756740748E+07
  0.7972222222E-01  0.7695868639E+07
  0.8000000000E-01  0.7634996442E+07
  0.8027777778E-01  0.7578746771E+07
  0.8055555556E-01  0.7522497113E+07
  0.8083333333E-01  0.7466247354E+07
  0.8111111111E-01  0.7409997684E+07
  0.8138888889E-01  0.7353748060E+07
  0.8166666667E-01  0.7297498289E+07
  0.8194444444E-01  0.7241248630E+07
  0.8222222222E-01  0.7184998972E+07
  0.8250000000E-01  0.7128749202E+07
  0.8277777778E-01  0.7072499544E+07
  0.8305555556E-01  0.7016249919E+07
  0.8333333333E-01  0.6960000148E+07
  0.8361111111E-01  0.6903750490E+07
  0.8388888889E-01  0.6847500831E+07
  0.8416666667E-01  0.6791251162E+07
  0.8444444444E-01  0.6735001403E+07
  0.8472222222E-01  0.6678751777E+07
  0.8500000000E-01  0.6622502108E+07
  0.8527777778E-01  0.6571260392E+07
  0.8555555556E-01  0.6520018765E+07
  0.8583333333E-01  0.6468777172E+07
  0.8611111111E-01  0.6417535455E+07
  0.8638888889E-01  0.6366293829E+07
  0.8666666667E-01  0.6315052234E+07
  0.8694444444E-01  0.6263810608E+07
  0.8722222222E-01  0.6212568891E+07
  0.8750000000E-01  0.6161327265E+07
  0.8777777778E-01  0.6110085670E+07
  0.8805555556E-01  0.6058843955E+07
  0.8833333333E-01  0.6007602327E+07
  0.8861111111E-01  0.5956360734E+07
  0.8888888889E-01  0.5905119107E+07
  0.8916666667E-01  0.5853877391E+07
  0.8944444444E-01  0.5802635797E+07
  0.8972222222E-01  0.5751394170E+07
  0.9000000000E-01  0.5700152454E+07
  0.9027777778E-01  0.5654131705E+07
  0.9055555556E-01  0.5608110878E+07
  0.9083333333E-01  0.5562090130E+07
  0.9111111111E-01  0.5516069281E+07
  0.9138888889E-01  0.5470048533E+07
  0.9166666667E-01  0.5424027737E+07
  0.9194444444E-01  0.5378006937E+07
  0.9222222222E-01  0.5331986139E+07
  0.9250000000E-01  0.5285965330E+07
  0.9277777778E-01  0.5239944532E+07
  0.9305555556E-01  0.5193923766E+07
  0.9333333333E-01  0.5147902957E+07
  0.9361111111E-01  0.5101882147E+07
  0.9388888889E-01  0.5055861348E+07
  0.9416666667E-01  0.5009840573E+07
  0.9444444444E-01  0.4963819774E+07
  0.9472222222E-01  0.4917798975E+07
  0.9500000000E-01  0.4871778166E+07
  0.9527777778E-01  0.4831028717E+07
  0.9555555556E-01  0.4790279233E+07
  0.9583333333E-01  0.4749529762E+07
  0.9611111111E-01  0.4708780279E+07
  0.9638888889E-01  0.4668030829E+07
  0.9666666667E-01  0.4627281357E+07
  0.9694444444E-01  0.4586531874E+07
  0.9722222222E-01  0.4545782391E+07
  0.9750000000E-01  0.4505032942E+07
  0.9777777778E-01  0.4464283469E+07
  0.9805555556E-01  0.4423533986E+07
  0.9833333333E-01  0.4382784503E+07
  0.9861111111E-01  0.4342035053E+07
  0.9888888889E-01  0.4301285582E+07
  0.9916666667E-01  0.4260536098E+07
  0.9944444444E-01  0.4219786649E+07
  0.9972222222E-01  0.4179037177E+07
  0.1000000000E+00  0.4138287694E+07
  0.1002777778E+00  0.4102712353E+07
  0.1005555556E+00  0.4067136988E+07
  0.1008333333E+00  0.4031561656E+07
  0.1011111111E+00  0.3995986292E+07
  0.1013888889E+00  0.3960410951E+07
  0.1016666667E+00  0.3924835586E+07
  0.1019444444E+00  0.3889260255E+07
  0.1022222222E+00  0.3853684891E+07
  0.1025000000E+00  0.3818109548E+07
  0.1027777778E+00  0.3782534184E+07
  0.1030555556E+00  0.3746958853E+07
  0.1033333333E+00  0.3711383489E+07
  0.1036111111E+00  0.3675808158E+07
  0.1038888889E+00  0.3640232793E+07
  0.1041666667E+00  0.3604657463E+07
  0.1044444444E+00  0.3569082097E+07
  0.1047222222E+00  0.3533506733E+07
  0.1050000000E+00  0.3497931392E+07
  0.1052777778E+00  0.3467311994E+07
  0.1055555556E+00  0.3436692565E+07
  0.1058333333E+00  0.3406073179E+07
  0.1061111111E+00  0.3375453772E+07
  0.1063888889E+00  0.3344834387E+07
  0.1066666667E+00  0.3314214967E+07
  0.1069444444E+00  0.3283595560E+07
  0.1072222222E+00  0.3252976174E+07
  0.1075000000E+00  0.3222356745E+07
  0.1077777778E+00  0.3191737347E+07
  0.1080555556E+00  0.3161117952E+07
  0.1083333333E+00  0.3130498565E+07
  0.1086111111E+00  0.3099879125E+07
  0.1088888889E+00  0.3069259739E+07
  0.1091666667E+00  0.3038640343E+07
  0.1094444444E+00  0.3008020913E+07
  0.1097222222E+00  0.2977401527E+07
  0.1100000000E+00  0.2946782131E+07
  0.1102777778E+00  0.2920796256E+07
  0.1105555556E+00  0.2894810393E+07
  0.1108333333E+00  0.2868824518E+07
  0.1111111111E+00  0.2842838655E+07
  0.1113888889E+00  0.2816852791E+07
  0.1116666667E+00  0.2790866917E+07
  0.1119444444E+00  0.2764881054E+07
  0.1122222222E+00  0.2738895179E+07
  0.1125000000E+00  0.2712909316E+07
  0.1127777778E+00  0.2686923452E+07
  0.1130555556E+00  0.2660937577E+07
  0.1133333333E+00  0.2634951714E+07
  0.1136111111E+00  0.2608965839E+07
  0.1138888889E+00  0.2582979976E+07
  0.1141666667E+00  0.2556994112E+07
  0.1144444444E+00  0.2531008238E+07
  0.1147222222E+00  0.2505022374E+07
  0.1150000000E+00  0.2479036500E+07
  0.1152777778E+00  0.2457286737E+07
  0.1155555556E+00  0.2435536965E+07
  0.1158333333E+00  0.2413787192E+07
  0.1161111111E+00  0.2392037419E+07
  0.1163888889E+00  0.2370287612E+07
  0.1166666667E+00  0.2348537840E+07
  0.1169444444E+00  0.2326788067E+07
  0.1172222222E+00  0.2305038305E+07
  0.1175000000E+00  0.2283288521E+07
  0.1177777778E+00  0.2261538725E+07
  0.1180555556E+00  0.2239788942E+07
  0.1183333333E+00  0.2218039179E+07
  0.1186111111E+00  0.2196289406E+07
  0.1188888889E+00  0.2174539634E+07
  0.1191666667E+00  0.2152789860E+07
  0.1194444444E+00  0.2131040054E+07
  0.1197222222E+00  0.2109290281E+07
  0.1200000000E+00  0.2087540509E+07
  0.1202777778E+00  0.2069577440E+07
  0.1205555556E+00  0.2051614338E+07
  0.1208333333E+00  0.2033651269E+07
  0.1211111111E+00  0.2015688157E+07
  0.1213888889E+00  0.1997725078E+07
  0.1216666667E+00  0.1979762020E+07
  0.1219444444E+00  0.1961798907E+07
  0.1222222222E+00  0.1943835838E+07
  0.1225000000E+00  0.1925872737E+07
  0.1227777778E+00  0.1907909668E+07
  0.1230555556E+00  0.1889946589E+07
  0.1233333333E+00  0.1871983487E+07
  0.1236111111E+00  0.1854020418E+07
  0.1238888889E+00  0.1836057306E+07
  0.1241666667E+00  0.1818094248E+07
  0.1244444444E+00  0.1800131169E+07
  0.1247222222E+00  0.1782168056E+07
  0.1250000000E+00  0.1764204987E+07
  0.1252777778E+00  0.1749550817E+07
  0.1255555556E+00  0.1734896656E+07
  0.1258333333E+00  0.1720242486E+07
  0.1261111111E+00  0.1705588325E+07
  0.1263888889E+00  0.1690934165E+07
  0.1266666667E+00  0.1676280017E+07
  0.1269444444E+00  0.1661625856E+07
  0.1272222222E+00  0.1646971685E+07
  0.1275000000E+00  0.1632317525E+07
  0.1277777778E+00  0.1617663364E+07
  0.1280555556E+00  0.1603009183E+07
  0.1283333333E+00  0.1588355022E+07
  0.1286111111E+00  0.1573700852E+07
  0.1288888889E+00  0.1559046725E+07
  0.1291666667E+00  0.1544392564E+07
  0.1294444444E+00  0.1529738394E+07
  0.1297222222E+00  0.1515084222E+07
  0.1300000000E+00  0.1500430051E+07
  0.1302777778E+00  0.1488601666E+07
  0.1305555556E+00  0.1476773302E+07
  0.1308333333E+00  0.1464944916E+07
  0.1311111111E+00  0.1453116553E+07
  0.1313888889E+00  0.1441288167E+07
  0.1316666667E+00  0.1429459803E+07
  0.1319444444E+00  0.1417631417E+07
  0.1322222222E+00  0.1405803054E+07
  0.1325000000E+00  0.1393974668E+07
  0.1327777778E+00  0.1382146304E+07
  0.1330555556E+00  0.1370317918E+07
  0.1333333333E+00  0.1358489555E+07
  0.1336111111E+00  0.1346661169E+07
  0.1338888889E+00  0.1334832805E+07
  0.1341666667E+00  0.1323004420E+07
  0.1344444444E+00  0.1311176056E+07
  0.1347222222E+00  0.1299347670E+07
  0.1350000000E+00  0.1287519318E+07
  0.1352777778E+00  0.1278045687E+07
  0.1355555556E+00  0.1268572067E+07
  0.1358333333E+00  0.1259098448E+07
  0.1361111111E+00  0.1249624861E+07
  0.1363888889E+00  0.1240151241E+07
  0.1366666667E+00  0.1230677621E+07
  0.1369444444E+00  0.1221204024E+07
  0.1372222222E+00  0.1211730415E+07
  0.1375000000E+00  0.1202256784E+07
  0.1377777778E+00  0.1192783165E+07
  0.1380555556E+00  0.1183309578E+07
  0.1383333333E+00  0.1173835959E+07
  0.1386111111E+00  0.1164362338E+07
  0.1388888889E+00  0.1154888708E+07
  0.1391666667E+00  0.1145415132E+07
  0.1394444444E+00  0.1135941502E+07
  0.1397222222E+00  0.1126467892E+07
  0.1400000000E+00  0.1116994295E+07
  0.1402777778E+00  0.1109433254E+07
  0.1405555556E+00  0.1101872213E+07
  0.1408333333E+00  0.1094311205E+07
  0.1411111111E+00  0.1086750163E+07
  0.1413888889E+00  0.1079189144E+07
  0.1416666667E+00  0.1071628103E+07
  0.1419444444E+00  0.1064067095E+07
  0.1422222222E+00  0.1056506054E+07
  0.1425000000E+00  0.1048945046E+07
  0.1427777778E+00  0.1041384004E+07
  0.1430555556E+00  0.1033822963E+07
  0.1433333333E+00  0.1026261965E+07
  0.1436111111E+00  0.1018700913E+07
  0.1438888889E+00  0.1011139905E+07
  0.1441666667E+00  0.1003578867E+07
  0.1444444444E+00  0.9960178421E+06
  0.1447222222E+00  0.9884568142E+06
  0.1450000000E+00  0.9808957895E+06
  0.1452777778E+00  0.9748456322E+06
  0.1455555556E+00  0.9687954760E+06
  0.1458333333E+00  0.9627453187E+06
  0.1461111111E+00  0.9566951759E+06
  0.1463888889E+00  0.9506450186E+06
  0.1466666667E+00  0.9445948624E+06
  0.1469444444E+00  0.9385447084E+06
  0.1472222222E+00  0.9324945623E+06
  0.1475000000E+00  0.9264444049E+06
  0.1477777778E+00  0.9203942488E+06
  0.1480555556E+00  0.9143440948E+06
  0.1483333333E+00  0.9082939486E+06
  0.1486111111E+00  0.9022437913E+06
  0.1488888889E+00  0.8961936485E+06
  0.1491666667E+00  0.8901434923E+06
  0.1494444444E+00  0.8840933350E+06
  0.1497222222E+00  0.8780431888E+06
  0.1500000000E+00  0.8719930348E+06
  0.1502777778E+00  0.8671006171E+06
  0.1505555556E+00  0.8622082061E+06
  0.1508333333E+00  0.8573157984E+06
  0.1511111111E+00  0.8524233762E+06
  0.1513888889E+00  0.8475309674E+06
  0.1516666667E+00  0.8426385586E+06
  0.1519444444E+00  0.8377461364E+06
  0.1522222222E+00  0.8328537265E+06
  0.1525000000E+00  0.8279613176E+06
  0.1527777778E+00  0.8230688988E+06
  0.1530555556E+00  0.8181764867E+06
  0.1533333333E+00  0.8132840779E+06
  0.1536111111E+00  0.8083916590E+06
  0.1538888889E+00  0.8034992502E+06
  0.1541666667E+00  0.7986068403E+06
  0.1544444444E+00  0.7937144181E+06
  0.1547222222E+00  0.7888220093E+06
  0.1550000000E+00  0.7839296004E+06
  0.1552777778E+00  0.7798956176E+06
  0.1555555556E+00  0.7758616335E+06
  0.1558333333E+00  0.7718276407E+06
  0.1561111111E+00  0.7677936577E+06
  0.1563888889E+00  0.7637596737E+06
  0.1566666667E+00  0.7597256942E+06
  0.1569444444E+00  0.7556917101E+06
  0.1572222222E+00  0.7516577272E+06
  0.1575000000E+00  0.7476237443E+06
  0.1577777778E+00  0.7435897603E+06
  0.1580555556E+00  0.7395557774E+06
  0.1583333333E+00  0.7355217934E+06
  0.1586111111E+00  0.7314878105E+06
  0.1588888889E+00  0.7274538276E+06
  0.1591666667E+00  0.7234198435E+06
  0.1594444444E+00  0.7193858607E+06
  0.1597222222E+00  0.7153518800E+06
  0.1600000000E+00  0.7113178871E+06
  0.1602777778E+00  0.7078982511E+06
  0.1605555556E+00  0.7044786007E+06
  0.1608333333E+00  0.7010589648E+06
  0.1611111111E+00  0.6976393189E+06
  0.1613888889E+00  0.6942196818E+06
  0.1616666667E+00  0.6908000359E+06
  0.1619444444E+00  0.6873803999E+06
  0.1622222222E+00  0.6839607540E+06
  0.1625000000E+00  0.6805411170E+06
  0.1627777778E+00  0.6771214676E+06
  0.1630555556E+00  0.6737018318E+06
  0.1633333333E+00  0.6702821847E+06
  0.1636111111E+00  0.6668625488E+06
  0.1638888889E+00  0.6634429128E+06
  0.1641666667E+00  0.6600232657E+06
  0.1644444444E+00  0.6566036298E+06
  0.1647222222E+00  0.6531839839E+06
  0.1650000000E+00  0.6497643447E+06
  0.1652777778E+00  0.6467681055E+06
  0.1655555556E+00  0.6437718631E+06
  0.1658333333E+00  0.6407756308E+06
  0.1661111111E+00  0.6377793883E+06
  0.1663888889E+00  0.6347831570E+06
  0.1666666667E+00  0.6317869146E+06
  0.1669444444E+00  0.6287906856E+06
  0.1672222222E+00  0.6257944431E+06
  0.1675000000E+00  0.6227982107E+06
  0.1677777778E+00  0.6198019695E+06
  0.1680555556E+00  0.6168057370E+06
  0.1683333333E+00  0.6138094946E+06
  0.1686111111E+00  0.6108132656E+06
  0.1688888889E+00  0.6078170242E+06
  0.1691666667E+00  0.6048207918E+06
  0.1694444444E+00  0.6018245495E+06
  0.1697222222E+00  0.5988283171E+06
  0.1700000000E+00  0.5958320746E+06
  0.1702777778E+00  0.5931188355E+06
  0.1705555556E+00  0.5904055963E+06
  0.1708333333E+00  0.5876923473E+06
  0.1711111111E+00  0.5849791049E+06
  0.1713888889E+00  0.5822658657E+06
  0.1716666667E+00  0.5795526166E+06
  0.1719444444E+00  0.5768393775E+06
  0.1722222222E+00  0.5741261350E+06
  0.1725000000E+00  0.5714128859E+06
  0.1727777778E+00  0.5686996468E+06
  0.1730555556E+00  0.5659863943E+06
  0.1733333333E+00  0.5632731552E+06
  0.1736111111E+00  0.5605599162E+06
  0.1738888889E+00  0.5578466671E+06
  0.1741666667E+00  0.5551334246E+06
  0.1744444444E+00  0.5524201855E+06
  0.1747222222E+00  0.5497069364E+06
  0.1750000000E+00  0.5469936939E+06
  0.1752777778E+00  0.5444671868E+06
  0.1755555556E+00  0.5419406776E+06
  0.1758333333E+00  0.5394141771E+06
  0.1761111111E+00  0.5368876678E+06
  0.1763888889E+00  0.5343611575E+06
  0.1766666667E+00  0.5318346504E+06
  0.1769444444E+00  0.5293081410E+06
  0.1772222222E+00  0.5267816307E+06
  0.1775000000E+00  0.5242551303E+06
  0.1777777778E+00  0.5217286209E+06
  0.1780555556E+00  0.5192021106E+06
  0.1783333333E+00  0.5166756046E+06
  0.1786111111E+00  0.5141490942E+06
  0.1788888889E+00  0.5116225839E+06
  0.1791666667E+00  0.5090960845E+06
  0.1794444444E+00  0.5065695741E+06
  0.1797222222E+00  0.5040430638E+06
  0.1800000000E+00  0.5015165578E+06
  0.1802777778E+00  0.4991180505E+06
  0.1805555556E+00  0.4967195431E+06
  0.1808333333E+00  0.4943210246E+06
  0.1811111111E+00  0.4919225173E+06
  0.1813888889E+00  0.4895240099E+06
  0.1816666667E+00  0.4871254926E+06
  0.1819444444E+00  0.4847269887E+06
  0.1822222222E+00  0.4823284814E+06
  0.1825000000E+00  0.4799299628E+06
  0.1827777778E+00  0.4775314555E+06
  0.1830555556E+00  0.4751329483E+06
  0.1833333333E+00  0.4727344409E+06
  0.1836111111E+00  0.4703359266E+06
  0.1838888889E+00  0.4679374196E+06
  0.1841666667E+00  0.4655389080E+06
  0.1844444444E+00  0.4631403978E+06
  0.1847222222E+00  0.4607418875E+06
  0.1850000000E+00  0.4583433771E+06
  0.1852777778E+00  0.4560446537E+06
  0.1855555556E+00  0.4537459304E+06
  0.1858333333E+00  0.4514472061E+06
  0.1861111111E+00  0.4491484838E+06
  0.1863888889E+00  0.4468497595E+06
  0.1866666667E+00  0.4445510362E+06
  0.1869444444E+00  0.4422523162E+06
  0.1872222222E+00  0.4399535918E+06
  0.1875000000E+00  0.4376548686E+06
  0.1877777778E+00  0.4353561452E+06
  0.1880555556E+00  0.4330574220E+06
  0.1883333333E+00  0.4307586976E+06
  0.1886111111E+00  0.4284599754E+06
  0.1888888889E+00  0.4261612509E+06
  0.1891666667E+00  0.4238625265E+06
  0.1894444444E+00  0.4215638043E+06
  0.1897222222E+00  0.4192650799E+06
  0.1900000000E+00  0.4169663567E+06
  0.1902777778E+00  0.4147618987E+06
  0.1905555556E+00  0.4125574408E+06
  0.1908333333E+00  0.4103529796E+06
  0.1911111111E+00  0.4081485205E+06
  0.1913888889E+00  0.4059440636E+06
  0.1916666667E+00  0.4037396058E+06
  0.1919444444E+00  0.4015351434E+06
  0.1922222222E+00  0.3993306865E+06
  0.1925000000E+00  0.3971262286E+06
  0.1927777778E+00  0.3949217695E+06
  0.1930555556E+00  0.3927173084E+06
  0.1933333333E+00  0.3905128514E+06
  0.1936111111E+00  0.3883083924E+06
  0.1938888889E+00  0.3861039312E+06
  0.1941666667E+00  0.3838994742E+06
  0.1944444444E+00  0.3816950153E+06
  0.1947222222E+00  0.3794905574E+06
  0.1950000000E+00  0.3772860950E+06
  0.1952777778E+00  0.3751861598E+06
  0.1955555556E+00  0.3730862237E+06
  0.1958333333E+00  0.3709862875E+06
  0.1961111111E+00  0.3688863513E+06
  0.1963888889E+00  0.3667864118E+06
  0.1966666667E+00  0.3646864756E+06
  0.1969444444E+00  0.3625865405E+06
  0.1972222222E+00  0.3604866032E+06
  0.1975000000E+00  0.3583866637E+06
  0.1977777778E+00  0.3562867275E+06
  0.1980555556E+00  0.3541867912E+06
  0.1983333333E+00  0.3520868550E+06
  0.1986111111E+00  0.3499869189E+06
  0.1988888889E+00  0.3478869803E+06
  0.1991666667E+00  0.3457870432E+06
  0.1994444444E+00  0.3436871070E+06
  0.1997222222E+00  0.3415871718E+06
  0.2000000000E+00  0.3394872312E+06
  0.2002777778E+00  0.3375109581E+06
  0.2005555556E+00  0.3355346849E+06
  0.2008333333E+00  0.3335584120E+06
  0.2011111111E+00  0.3315821398E+06
  0.2013888889E+00  0.3296058667E+06
  0.2016666667E+00  0.3276295937E+06
  0.2019444444E+00  0.3256533195E+06
  0.2022222222E+00  0.3236770463E+06
  0.2025000000E+00  0.3217007743E+06
  0.2027777778E+00  0.3197244978E+06
  0.2030555556E+00  0.3177482247E+06
  0.2033333333E+00  0.3157719517E+06
  0.2036111111E+00  0.3137956775E+06
  0.2038888889E+00  0.3118194054E+06
  0.2041666667E+00  0.3098431323E+06
  0.2044444444E+00  0.3078668592E+06
  0.2047222222E+00  0.3058905861E+06
  0.2050000000E+00  0.3039143131E+06
  0.2052777778E+00  0.3020846869E+06
  0.2055555556E+00  0.3002550619E+06
  0.2058333333E+00  0.2984254357E+06
  0.2061111111E+00  0.2965958118E+06
  0.2063888889E+00  0.2947661890E+06
  0.2066666667E+00  0.2929365617E+06
  0.2069444444E+00  0.2911069379E+06
  0.2072222222E+00  0.2892773150E+06
  0.2075000000E+00  0.2874476878E+06
  0.2077777778E+00  0.2856180650E+06
  0.2080555556E+00  0.2837884411E+06
  0.2083333333E+00  0.2819588139E+06
  0.2086111111E+00  0.2801291910E+06
  0.2088888889E+00  0.2782995660E+06
  0.2091666667E+00  0.2764699400E+06
  0.2094444444E+00  0.2746403161E+06
  0.2097222222E+00  0.2728106899E+06
  0.2100000000E+00  0.2709810660E+06
  0.2102777778E+00  0.2693201136E+06
  0.2105555556E+00  0.2676591567E+06
  0.2108333333E+00  0.2659982043E+06
  0.2111111111E+00  0.2643372486E+06
  0.2113888889E+00  0.2626762951E+06
  0.2116666667E+00  0.2610153393E+06
  0.2119444444E+00  0.2593543870E+06
  0.2122222222E+00  0.2576934335E+06
  0.2125000000E+00  0.2560324777E+06
  0.2127777778E+00  0.2543715231E+06
  0.2130555556E+00  0.2527105674E+06
  0.2133333333E+00  0.2510496150E+06
  0.2136111111E+00  0.2493886582E+06
  0.2138888889E+00  0.2477277058E+06
  0.2141666667E+00  0.2460667501E+06
  0.2144444444E+00  0.2444057966E+06
  0.2147222222E+00  0.2427448441E+06
  0.2150000000E+00  0.2410838884E+06
  0.2152777778E+00  0.2396092762E+06
  0.2155555556E+00  0.2381346640E+06
  0.2158333333E+00  0.2366600528E+06
  0.2161111111E+00  0.2351854373E+06
  0.2163888889E+00  0.2337108252E+06
  0.2166666667E+00  0.2322362140E+06
  0.2169444444E+00  0.2307616019E+06
  0.2172222222E+00  0.2292869897E+06
  0.2175000000E+00  0.2278123753E+06
  0.2177777778E+00  0.2263377630E+06
  0.2180555556E+00  0.2248631508E+06
  0.2183333333E+00  0.2233885398E+06
  0.2186111111E+00  0.2219139275E+06
  0.2188888889E+00  0.2204393120E+06
  0.2191666667E+00  0.2189647010E+06
  0.2194444444E+00  0.2174900877E+06
  0.2197222222E+00  0.2160154765E+06
  0.2200000000E+00  0.2145408654E+06
  0.2202777778E+00  0.2132640260E+06
  0.2205555556E+00  0.2119871866E+06
  0.2208333333E+00  0.2107103473E+06
  0.2211111111E+00  0.2094335089E+06
  0.2213888889E+00  0.2081566696E+06
  0.2216666667E+00  0.2068798302E+06
  0.2219444444E+00  0.2056029919E+06
  0.2222222222E+00  0.2043261525E+06
  0.2225000000E+00  0.2030493131E+06
  0.2227777778E+00  0.2017724748E+06
  0.2230555556E+00  0.2004956354E+06
  0.2233333333E+00  0.1992187961E+06
  0.2236111111E+00  0.1979419566E+06
  0.2238888889E+00  0.1966651184E+06
  0.2241666667E+00  0.1953882790E+06
  0.2244444444E+00  0.1941114396E+06
  0.2247222222E+00  0.1928346013E+06
  0.2250000000E+00  0.1915577619E+06
  0.2252777778E+00  0.1904823758E+06
  0.2255555556E+00  0.1894069941E+06
  0.2258333333E+00  0.1883316080E+06
  0.2261111111E+00  0.1872562219E+06
  0.2263888889E+00  0.1861808402E+06
  0.2266666667E+00  0.1851054552E+06
  0.2269444444E+00  0.1840300692E+06
  0.2272222222E+00  0.1829546864E+06
  0.2275000000E+00  0.1818793013E+06
  0.2277777778E+00  0.1808039153E+06
  0.2280555556E+00  0.1797285325E+06
  0.2283333333E+00  0.1786531474E+06
  0.2286111111E+00  0.1775777614E+06
  0.2288888889E+00  0.1765023786E+06
  0.2291666667E+00  0.1754269925E+06
  0.2294444444E+00  0.1743516086E+06
  0.2297222222E+00  0.1732762259E+06
  0.2300000000E+00  0.1722008398E+06
  0.2302777778E+00  0.1713229532E+06
  0.2305555556E+00  0.1704450667E+06
  0.2308333333E+00  0.1695671801E+06
  0.2311111111E+00  0.1686892936E+06
  0.2313888889E+00  0.1678114070E+06
  0.2316666667E+00  0.1669335194E+06
  0.2319444444E+00  0.1660556329E+06
  0.2322222222E+00  0.1651777463E+06
  0.2325000000E+00  0.1642998598E+06
  0.2327777778E+00  0.1634219732E+06
  0.2330555556E+00  0.1625440866E+06
  0.2333333333E+00  0.1616661991E+06
  0.2336111111E+00  0.1607883125E+06
  0.2338888889E+00  0.1599104259E+06
  0.2341666667E+00  0.1590325394E+06
  0.2344444444E+00  0.1581546495E+06
  0.2347222222E+00  0.1572767629E+06
  0.2350000000E+00  0.1563988764E+06
  0.2352777778E+00  0.1557071393E+06
  0.2355555556E+00  0.1550154011E+06
  0.2358333333E+00  0.1543236640E+06
  0.2361111111E+00  0.1536319257E+06
  0.2363888889E+00  0.1529401887E+06
  0.2366666667E+00  0.1522484516E+06
  0.2369444444E+00  0.1515567133E+06
  0.2372222222E+00  0.1508649762E+06
  0.2375000000E+00  0.1501732392E+06
  0.2377777778E+00  0.1494815009E+06
  0.2380555556E+00  0.1487897638E+06
  0.2383333333E+00  0.1480980256E+06
  0.2386111111E+00  0.1474062885E+06
  0.2388888889E+00  0.1467145524E+06
  0.2391666667E+00  0.1460228109E+06
  0.2394444444E+00  0.1453310738E+06
  0.2397222222E+00  0.1446393355E+06
  0.2400000000E+00  0.1439475984E+06
  0.2402777778E+00  0.1434244715E+06
  0.2405555556E+00  0.1429013447E+06
  0.2408333333E+00  0.1423782177E+06
  0.2411111111E+00  0.1418550885E+06
  0.2413888889E+00  0.1413319606E+06
  0.2416666667E+00  0.1408088348E+06
  0.2419444444E+00  0.1402857078E+06
  0.2422222222E+00  0.1397625809E+06
  0.2425000000E+00  0.1392394507E+06
  0.2427777778E+00  0.1387163238E+06
  0.2430555556E+00  0.1381931979E+06
  0.2433333333E+00  0.1376700710E+06
  0.2436111111E+00  0.1371469409E+06
  0.2438888889E+00  0.1366238139E+06
  0.2441666667E+00  0.1361006870E+06
  0.2444444444E+00  0.1355775601E+06
  0.2447222222E+00  0.1350544332E+06
  0.2450000000E+00  0.1345313040E+06
  0.2452777778E+00  0.1341545078E+06
  0.2455555556E+00  0.1337777125E+06
  0.2458333333E+00  0.1334009184E+06
  0.2461111111E+00  0.1330241221E+06
  0.2463888889E+00  0.1326473269E+06
  0.2466666667E+00  0.1322705307E+06
  0.2469444444E+00  0.1318937365E+06
  0.2472222222E+00  0.1315169413E+06
  0.2475000000E+00  0.1311401417E+06
  0.2477777778E+00  0.1307633465E+06
  0.2480555556E+00  0.1303865513E+06
  0.2483333333E+00  0.1300097561E+06
  0.2486111111E+00  0.1296329608E+06
  0.2488888889E+00  0.1292561646E+06
  0.2491666667E+00  0.1288793704E+06
  0.2494444444E+00  0.1285025742E+06
  0.2497222222E+00  0.1281257790E+06
  0.2500000000E+00  0.1277489827E+06
  0.2502777778E+00  0.1274930870E+06
  0.2505555556E+00  0.1272371926E+06
  0.2508333333E+00  0.1269812979E+06
  0.2511111111E+00  0.1267254047E+06
  0.2513888889E+00  0.1264695103E+06
  0.2516666667E+00  0.1262136160E+06
  0.2519444444E+00  0.1259577216E+06
  0.2522222222E+00  0.1257018272E+06
  0.2525000000E+00  0.1254459329E+06
  0.2527777778E+00  0.1251900385E+06
  0.2530555556E+00  0.1249341431E+06
  0.2533333333E+00  0.1246782484E+06
  0.2536111111E+00  0.1244223541E+06
  0.2538888889E+00  0.1241664597E+06
  0.2541666667E+00  0.1239105654E+06
  0.2544444444E+00  0.1236546710E+06
  0.2547222222E+00  0.1233987766E+06
  0.2550000000E+00  0.1231428823E+06
  0.2552777778E+00  0.1229811330E+06
  0.2555555556E+00  0.1228193850E+06
  0.2558333333E+00  0.1226576357E+06
  0.2561111111E+00  0.1224958874E+06
  0.2563888889E+00  0.1223341394E+06
  0.2566666667E+00  0.1221723901E+06
  0.2569444444E+00  0.1220106422E+06
  0.2572222222E+00  0.1218488929E+06
  0.2575000000E+00  0.1216871460E+06
  0.2577777778E+00  0.1215253977E+06
  0.2580555556E+00  0.1213636484E+06
  0.2583333333E+00  0.1212019005E+06
  0.2586111111E+00  0.1210401509E+06
  0.2588888889E+00  0.1208784030E+06
  0.2591666667E+00  0.1207166538E+06
  0.2594444444E+00  0.1205549058E+06
  0.2597222222E+00  0.1203931576E+06
  0.2600000000E+00  0.1202314085E+06
  0.2602777778E+00  0.1201371527E+06
  0.2605555556E+00  0.1200428969E+06
  0.2608333333E+00  0.1199486422E+06
  0.2611111111E+00  0.1198543864E+06
  0.2613888889E+00  0.1197601307E+06
  0.2616666667E+00  0.1196658748E+06
  0.2619444444E+00  0.1195716190E+06
  0.2622222222E+00  0.1194773633E+06
  0.2625000000E+00  0.1193831085E+06
  0.2627777778E+00  0.1192888528E+06
  0.2630555556E+00  0.1191945970E+06
  0.2633333333E+00  0.1191003413E+06
  0.2636111111E+00  0.1190060855E+06
  0.2638888889E+00  0.1189118298E+06
  0.2641666667E+00  0.1188175740E+06
  0.2644444444E+00  0.1187233192E+06
  0.2647222222E+00  0.1186290635E+06
  0.2650000000E+00  0.1185348077E+06
  0.2652777778E+00  0.1184830223E+06
  0.2655555556E+00  0.1184312382E+06
  0.2658333333E+00  0.1183794530E+06
  0.2661111111E+00  0.1183276686E+06
  0.2663888889E+00  0.1182758835E+06
  0.2666666667E+00  0.1182240994E+06
  0.2669444444E+00  0.1181723149E+06
  0.2672222222E+00  0.1181205298E+06
  0.2675000000E+00  0.1180687453E+06
  0.2677777778E+00  0.1180169603E+06
  0.2680555556E+00  0.1179651760E+06
  0.2683333333E+00  0.1179133906E+06
  0.2686111111E+00  0.1178616065E+06
  0.2688888889E+00  0.1178098214E+06
  0.2691666667E+00  0.1177580369E+06
  0.2694444444E+00  0.1177062518E+06
  0.2697222222E+00  0.1176544674E+06
  0.2700000000E+00  0.1176026823E+06
  0.2702777778E+00  0.1175710993E+06
  0.2705555556E+00  0.1175395155E+06
  0.2708333333E+00  0.1175079314E+06
  0.2711111111E+00  0.1174763485E+06
  0.2713888889E+00  0.1174447646E+06
  0.2716666667E+00  0.1174131804E+06
  0.2719444444E+00  0.1173815976E+06
  0.2722222222E+00  0.1173500138E+06
  0.2725000000E+00  0.1173184295E+06
  0.2727777778E+00  0.1172868467E+06
  0.2730555556E+00  0.1172552628E+06
  0.2733333333E+00  0.1172236790E+06
  0.2736111111E+00  0.1171920957E+06
  0.2738888889E+00  0.1171605119E+06
  0.2741666667E+00  0.1171289281E+06
  0.2744444444E+00  0.1170973449E+06
  0.2747222222E+00  0.1170657610E+06
  0.2750000000E+00  0.1170341772E+06
  0.2752777778E+00  0.1170040531E+06
  0.2755555556E+00  0.1169739282E+06
  0.2758333333E+00  0.1169438041E+06
  0.2761111111E+00  0.1169136792E+06
  0.2763888889E+00  0.1168835551E+06
  0.2766666667E+00  0.1168534297E+06
  0.2769444444E+00  0.1168233058E+06
  0.2772222222E+00  0.1167931808E+06
  0.2775000000E+00  0.1167630568E+06
  0.2777777778E+00  0.1167329318E+06
  0.2780555556E+00  0.1167028077E+06
  0.2783333333E+00  0.1166726828E+06
  0.2786111111E+00  0.1166425587E+06
  0.2788888889E+00  0.1166124337E+06
  0.2791666667E+00  0.1165823087E+06
  0.2794444444E+00  0.1165521847E+06
  0.2797222222E+00  0.1165220598E+06
  0.2800000000E+00  0.1164919357E+06
  0.2802777778E+00  0.1164486252E+06
  0.2805555556E+00  0.1164053155E+06
  0.2808333333E+00  0.1163620049E+06
  0.2811111111E+00  0.1163186942E+06
  0.2813888889E+00  0.1162753847E+06
  0.2816666667E+00  0.1162320740E+06
  0.2819444444E+00  0.1161887634E+06
  0.2822222222E+00  0.1161454539E+06
  0.2825000000E+00  0.1161021432E+06
  0.2827777778E+00  0.1160588326E+06
  0.2830555556E+00  0.1160155230E+06
  0.2833333333E+00  0.1159722124E+06
  0.2836111111E+00  0.1159289017E+06
  0.2838888889E+00  0.1158855922E+06
  0.2841666667E+00  0.1158422819E+06
  0.2844444444E+00  0.1157989723E+06
  0.2847222222E+00  0.1157556617E+06
  0.2850000000E+00  0.1157123510E+06
  0.2852777778E+00  0.1156455586E+06
  0.2855555556E+00  0.1155787656E+06
  0.2858333333E+00  0.1155119722E+06
  0.2861111111E+00  0.1154451798E+06
  0.2863888889E+00  0.1153783868E+06
  0.2866666667E+00  0.1153115934E+06
  0.2869444444E+00  0.1152448004E+06
  0.2872222222E+00  0.1151780080E+06
  0.2875000000E+00  0.1151112149E+06
  0.2877777778E+00  0.1150444216E+06
  0.2880555556E+00  0.1149776292E+06
  0.2883333333E+00  0.1149108361E+06
  0.2886111111E+00  0.1148440427E+06
  0.2888888889E+00  0.1147772507E+06
  0.2891666667E+00  0.1147104573E+06
  0.2894444444E+00  0.1146436643E+06
  0.2897222222E+00  0.1145768719E+06
  0.2900000000E+00  0.1145100789E+06
  0.2902777778E+00  0.1144136642E+06
  0.2905555556E+00  0.1143172500E+06
  0.2908333333E+00  0.1142208357E+06
  0.2911111111E+00  0.1141244214E+06
  0.2913888889E+00  0.1140280058E+06
  0.2916666667E+00  0.1139315915E+06
  0.2919444444E+00  0.1138351772E+06
  0.2922222222E+00  0.1137387627E+06
  0.2925000000E+00  0.1136423484E+06
  0.2927777778E+00  0.1135459342E+06
  0.2930555556E+00  0.1134495199E+06
  0.2933333333E+00  0.1133531053E+06
  0.2936111111E+00  0.1132566910E+06
  0.2938888889E+00  0.1131602767E+06
  0.2941666667E+00  0.1130638614E+06
  0.2944444444E+00  0.1129674468E+06
  0.2947222222E+00  0.1128710326E+06
  0.2950000000E+00  0.1127746184E+06
  0.2952777778E+00  0.1126465230E+06
  0.2955555556E+00  0.1125184278E+06
  0.2958333333E+00  0.1123903334E+06
  0.2961111111E+00  0.1122622380E+06
  0.2963888889E+00  0.1121341428E+06
  0.2966666667E+00  0.1120060474E+06
  0.2969444444E+00  0.1118779522E+06
  0.2972222222E+00  0.1117498578E+06
  0.2975000000E+00  0.1116217626E+06
  0.2977777778E+00  0.1114936672E+06
  0.2980555556E+00  0.1113655719E+06
  0.2983333333E+00  0.1112374763E+06
  0.2986111111E+00  0.1111093809E+06
  0.2988888889E+00  0.1109812867E+06
  0.2991666667E+00  0.1108531913E+06
  0.2994444444E+00  0.1107250960E+06
  0.2997222222E+00  0.1105970007E+06
  0.3000000000E+00  0.1104689054E+06
  0.3002777778E+00  0.1103104468E+06
  0.3005555556E+00  0.1101519882E+06
  0.3008333333E+00  0.1099935296E+06
  0.3011111111E+00  0.1098350710E+06
  0.3013888889E+00  0.1096766124E+06
  0.3016666667E+00  0.1095181538E+06
  0.3019444444E+00  0.1093596952E+06
  0.3022222222E+00  0.1092012376E+06
  0.3025000000E+00  0.1090427790E+06
  0.3027777778E+00  0.1088843204E+06
  0.3030555556E+00  0.1087258618E+06
  0.3033333333E+00  0.1085674032E+06
  0.3036111111E+00  0.1084089450E+06
  0.3038888889E+00  0.1082504863E+06
  0.3041666667E+00  0.1080920277E+06
  0.3044444444E+00  0.1079335692E+06
  0.3047222222E+00  0.1077751105E+06
  0.3050000000E+00  0.1076166519E+06
  0.3052777778E+00  0.1074320291E+06
  0.3055555556E+00  0.1072474071E+06
  0.3058333333E+00  0.1070627844E+06
  0.3061111111E+00  0.1068781626E+06
  0.3063888889E+00  0.1066935400E+06
  0.3066666667E+00  0.1065089182E+06
  0.3069444444E+00  0.1063242955E+06
  0.3072222222E+00  0.1061396738E+06
  0.3075000000E+00  0.1059550510E+06
  0.3077777778E+00  0.1057704293E+06
  0.3080555556E+00  0.1055858066E+06
  0.3083333333E+00  0.1054011839E+06
  0.3086111111E+00  0.1052165618E+06
  0.3088888889E+00  0.1050319391E+06
  0.3091666667E+00  0.1048473174E+06
  0.3094444444E+00  0.1046626946E+06
  0.3097222222E+00  0.1044780729E+06
  0.3100000000E+00  0.1042934502E+06
  0.3102777778E+00  0.1040890427E+06
  0.3105555556E+00  0.1038846352E+06
  0.3108333333E+00  0.1036802266E+06
  0.3111111111E+00  0.1034758191E+06
  0.3113888889E+00  0.1032714119E+06
  0.3116666667E+00  0.1030670044E+06
  0.3119444444E+00  0.1028625959E+06
  0.3122222222E+00  0.1026581884E+06
  0.3125000000E+00  0.1024537808E+06
  0.3127777778E+00  0.1022493734E+06
  0.3130555556E+00  0.1020449648E+06
  0.3133333333E+00  0.1018405573E+06
  0.3136111111E+00  0.1016361498E+06
  0.3138888889E+00  0.1014317413E+06
  0.3141666667E+00  0.1012273337E+06
  0.3144444444E+00  0.1010229266E+06
  0.3147222222E+00  0.1008185190E+06
  0.3150000000E+00  0.1006141106E+06
  0.3152777778E+00  0.1003977955E+06
  0.3155555556E+00  0.1001814817E+06
  0.3158333333E+00  0.9996516670E+05
  0.3161111111E+00  0.9974885167E+05
  0.3163888889E+00  0.9953253686E+05
  0.3166666667E+00  0.9931622184E+05
  0.3169444444E+00  0.9909990714E+05
  0.3172222222E+00  0.9888359301E+05
  0.3175000000E+00  0.9866727832E+05
  0.3177777778E+00  0.9845096329E+05
  0.3180555556E+00  0.9823464827E+05
  0.3183333333E+00  0.9801833346E+05
  0.3186111111E+00  0.9780201843E+05
  0.3188888889E+00  0.9758570374E+05
  0.3191666667E+00  0.9736938961E+05
  0.3194444444E+00  0.9715307458E+05
  0.3197222222E+00  0.9693675989E+05
  0.3200000000E+00  0.9672044475E+05
  0.3202777778E+00  0.9650074874E+05
  0.3205555556E+00  0.9628105173E+05
  0.3208333333E+00  0.9606135528E+05
  0.3211111111E+00  0.9584165828E+05
  0.3213888889E+00  0.9562196127E+05
  0.3216666667E+00  0.9540226481E+05
  0.3219444444E+00  0.9518256781E+05
  0.3222222222E+00  0.9496287180E+05
  0.3225000000E+00  0.9474317469E+05
  0.3227777778E+00  0.9452347834E+05
  0.3230555556E+00  0.9430378134E+05
  0.3233333333E+00  0.9408408522E+05
  0.3236111111E+00  0.9386438788E+05
  0.3238888889E+00  0.9364469187E+05
  0.3241666667E+00  0.9342499476E+05
  0.3244444444E+00  0.9320529842E+05
  0.3247222222E+00  0.9298560140E+05
  0.3250000000E+00  0.9276590529E+05
  0.3252777778E+00  0.9255157444E+05
  0.3255555556E+00  0.9233724294E+05
  0.3258333333E+00  0.9212291209E+05
  0.3261111111E+00  0.9190858158E+05
  0.3263888889E+00  0.9169425074E+05
  0.3266666667E+00  0.9147992023E+05
  0.3269444444E+00  0.9126558939E+05
  0.3272222222E+00  0.9105125788E+05
  0.3275000000E+00  0.9083692703E+05
  0.3277777778E+00  0.9062259652E+05
  0.3280555556E+00  0.9040826568E+05
  0.3283333333E+00  0.9019393517E+05
  0.3286111111E+00  0.8997960432E+05
  0.3288888889E+00  0.8976527281E+05
  0.3291666667E+00  0.8955094198E+05
  0.3294444444E+00  0.8933661146E+05
  0.3297222222E+00  0.8912228062E+05
  0.3300000000E+00  0.8890795010E+05
  0.3302777778E+00  0.8870710486E+05
  0.3305555556E+00  0.8850625861E+05
  0.3308333333E+00  0.8830541348E+05
  0.3311111111E+00  0.8810456823E+05
  0.3313888889E+00  0.8790372298E+05
  0.3316666667E+00  0.8770287685E+05
  0.3319444444E+00  0.8750203160E+05
  0.3322222222E+00  0.8730118646E+05
  0.3325000000E+00  0.8710034155E+05
  0.3327777778E+00  0.8689949530E+05
  0.3330555556E+00  0.8669865017E+05
  0.3333333333E+00  0.8649780491E+05
  0.3336111111E+00  0.8629695967E+05
  0.3338888889E+00  0.8609611353E+05
  0.3341666667E+00  0.8589526829E+05
  0.3344444444E+00  0.8569442304E+05
  0.3347222222E+00  0.8549357790E+05
  0.3350000000E+00  0.8529273199E+05
  0.3352777778E+00  0.8511259413E+05
  0.3355555556E+00  0.8493245527E+05
  0.3358333333E+00  0.8475231774E+05
  0.3361111111E+00  0.8457217877E+05
  0.3363888889E+00  0.8439204091E+05
  0.3366666667E+00  0.8421190339E+05
  0.3369444444E+00  0.8403176453E+05
  0.3372222222E+00  0.8385162667E+05
  0.3375000000E+00  0.8367148804E+05
  0.3377777778E+00  0.8349135018E+05
  0.3380555556E+00  0.8331121132E+05
  0.3383333333E+00  0.8313107379E+05
  0.3386111111E+00  0.8295093493E+05
  0.3388888889E+00  0.8277079729E+05
  0.3391666667E+00  0.8259065843E+05
  0.3394444444E+00  0.8241052057E+05
  0.3397222222E+00  0.8223038204E+05
  0.3400000000E+00  0.8205024418E+05
  0.3402777778E+00  0.8189665371E+05
  0.3405555556E+00  0.8174306291E+05
  0.3408333333E+00  0.8158947255E+05
  0.3411111111E+00  0.8143588174E+05
  0.3413888889E+00  0.8128229127E+05
  0.3416666667E+00  0.8112870059E+05
  0.3419444444E+00  0.8097511012E+05
  0.3422222222E+00  0.8082151943E+05
  0.3425000000E+00  0.8066792996E+05
  0.3427777778E+00  0.8051433915E+05
  0.3430555556E+00  0.8036074879E+05
  0.3433333333E+00  0.8020715799E+05
  0.3436111111E+00  0.8005356752E+05
  0.3438888889E+00  0.7989997716E+05
  0.3441666667E+00  0.7974638636E+05
  0.3444444444E+00  0.7959279589E+05
  0.3447222222E+00  0.7943920519E+05
  0.3450000000E+00  0.7928561472E+05
  0.3452777778E+00  0.7916279641E+05
  0.3455555556E+00  0.7903997676E+05
  0.3458333333E+00  0.7891715845E+05
  0.3461111111E+00  0.7879433913E+05
  0.3463888889E+00  0.7867152070E+05
  0.3466666667E+00  0.7854870139E+05
  0.3469444444E+00  0.7842588307E+05
  0.3472222222E+00  0.7830306376E+05
  0.3475000000E+00  0.7818024545E+05
  0.3477777778E+00  0.7805742580E+05
  0.3480555556E+00  0.7793460748E+05
  0.3483333333E+00  0.7781178806E+05
  0.3486111111E+00  0.7768896974E+05
  0.3488888889E+00  0.7756615043E+05
  0.3491666667E+00  0.7744333212E+05
  0.3494444444E+00  0.7732051280E+05
  0.3497222222E+00  0.7719769449E+05
  0.3500000000E+00  0.7707487518E+05
  0.3502777778E+00  0.7698528667E+05
  0.3505555556E+00  0.7689569716E+05
  0.3508333333E+00  0.7680610865E+05
  0.3511111111E+00  0.7671652048E+05
  0.3513888889E+00  0.7662693109E+05
  0.3516666667E+00  0.7653734258E+05
  0.3519444444E+00  0.7644775441E+05
  0.3522222222E+00  0.7635816590E+05
  0.3525000000E+00  0.7626857639E+05
  0.3527777778E+00  0.7617898822E+05
  0.3530555556E+00  0.7608939983E+05
  0.3533333333E+00  0.7599981031E+05
  0.3536111111E+00  0.7591022215E+05
  0.3538888889E+00  0.7582063363E+05
  0.3541666667E+00  0.7573104413E+05
  0.3544444444E+00  0.7564145573E+05
  0.3547222222E+00  0.7555186757E+05
  0.3550000000E+00  0.7546227805E+05
  0.3552777778E+00  0.7540658832E+05
  0.3555555556E+00  0.7535089736E+05
  0.3558333333E+00  0.7529520662E+05
  0.3561111111E+00  0.7523951566E+05
  0.3563888889E+00  0.7518382592E+05
  0.3566666667E+00  0.7512813496E+05
  0.3569444444E+00  0.7507244423E+05
  0.3572222222E+00  0.7501675327E+05
  0.3575000000E+00  0.7496106353E+05
  0.3577777778E+00  0.7490537257E+05
  0.3580555556E+00  0.7484968183E+05
  0.3583333333E+00  0.7479399076E+05
  0.3586111111E+00  0.7473830013E+05
  0.3588888889E+00  0.7468261007E+05
  0.3591666667E+00  0.7462691944E+05
  0.3594444444E+00  0.7457122837E+05
  0.3597222222E+00  0.7451553774E+05
  0.3600000000E+00  0.7445984767E+05
  0.3602777778E+00  0.7443698147E+05
  0.3605555556E+00  0.7441411516E+05
  0.3608333333E+00  0.7439124996E+05
  0.3611111111E+00  0.7436838333E+05
  0.3613888889E+00  0.7434551813E+05
  0.3616666667E+00  0.7432265182E+05
  0.3619444444E+00  0.7429978562E+05
  0.3622222222E+00  0.7427692031E+05
  0.3625000000E+00  0.7425405411E+05
  0.3627777778E+00  0.7423118880E+05
  0.3630555556E+00  0.7420832227E+05
  0.3633333333E+00  0.7418545595E+05
  0.3636111111E+00  0.7416259076E+05
  0.3638888889E+00  0.7413972445E+05
  0.3641666667E+00  0.7411685826E+05
  0.3644444444E+00  0.7409399295E+05
  0.3647222222E+00  0.7407112641E+05
  0.3650000000E+00  0.7404826110E+05
  0.3652777778E+00  0.7405558502E+05
  0.3655555556E+00  0.7406290961E+05
  0.3658333333E+00  0.7407023354E+05
  0.3661111111E+00  0.7407755813E+05
  0.3663888889E+00  0.7408488305E+05
  0.3666666667E+00  0.7409220664E+05
  0.3669444444E+00  0.7409953157E+05
  0.3672222222E+00  0.7410685516E+05
  0.3675000000E+00  0.7411418007E+05
  0.3677777778E+00  0.7412150467E+05
  0.3680555556E+00  0.7412882860E+05
  0.3683333333E+00  0.7413615307E+05
  0.3686111111E+00  0.7414347700E+05
  0.3688888889E+00  0.7415080192E+05
  0.3691666667E+00  0.7415812651E+05
  0.3694444444E+00  0.7416545044E+05
  0.3697222222E+00  0.7417277503E+05
  0.3700000000E+00  0.7418009895E+05
  0.3702777778E+00  0.7421360405E+05
  0.3705555556E+00  0.7424710915E+05
  0.3708333333E+00  0.7428061449E+05
  0.3711111111E+00  0.7431411858E+05
  0.3713888889E+00  0.7434762402E+05
  0.3716666667E+00  0.7438112901E+05
  0.3719444444E+00  0.7441463345E+05
  0.3722222222E+00  0.7444813855E+05
  0.3725000000E+00  0.7448164399E+05
  0.3727777778E+00  0.7451514797E+05
  0.3730555556E+00  0.7454865308E+05
  0.3733333333E+00  0.7458215851E+05
  0.3736111111E+00  0.7461566251E+05
  0.3738888889E+00  0.7464916794E+05
  0.3741666667E+00  0.7468267305E+05
  0.3744444444E+00  0.7471617747E+05
  0.3747222222E+00  0.7474968247E+05
  0.3750000000E+00  0.7478318790E+05
  0.3752777778E+00  0.7483784273E+05
  0.3755555556E+00  0.7489249868E+05
  0.3758333333E+00  0.7494715351E+05
  0.3761111111E+00  0.7500180934E+05
  0.3763888889E+00  0.7505646529E+05
  0.3766666667E+00  0.7511111978E+05
  0.3769444444E+00  0.7516577561E+05
  0.3772222222E+00  0.7522043044E+05
  0.3775000000E+00  0.7527508638E+05
  0.3777777778E+00  0.7532974121E+05
  0.3780555556E+00  0.7538439705E+05
  0.3783333333E+00  0.7543905198E+05
  0.3786111111E+00  0.7549370781E+05
  0.3788888889E+00  0.7554836364E+05
  0.3791666667E+00  0.7560301847E+05
  0.3794444444E+00  0.7565767442E+05
  0.3797222222E+00  0.7571232924E+05
  0.3800000000E+00  0.7576698508E+05
  0.3802777778E+00  0.7583694876E+05
  0.3805555556E+00  0.7590691242E+05
  0.3808333333E+00  0.7597687609E+05
  0.3811111111E+00  0.7604683955E+05
  0.3813888889E+00  0.7611680322E+05
  0.3816666667E+00  0.7618676690E+05
  0.3819444444E+00  0.7625673156E+05
  0.3822222222E+00  0.7632669525E+05
  0.3825000000E+00  0.7639665858E+05
  0.3827777778E+00  0.7646662226E+05
  0.3830555556E+00  0.7653658593E+05
  0.3833333333E+00  0.7660654961E+05
  0.3836111111E+00  0.7667651328E+05
  0.3838888889E+00  0.7674647662E+05
  0.3841666667E+00  0.7681644029E+05
  0.3844444444E+00  0.7688640497E+05
  0.3847222222E+00  0.7695636864E+05
  0.3850000000E+00  0.7702633197E+05
  0.3852777778E+00  0.7710546547E+05
  0.3855555556E+00  0.7718459764E+05
  0.3858333333E+00  0.7726373114E+05
  0.3861111111E+00  0.7734286418E+05
  0.3863888889E+00  0.7742199768E+05
  0.3866666667E+00  0.7750112985E+05
  0.3869444444E+00  0.7758026335E+05
  0.3872222222E+00  0.7765939651E+05
  0.3875000000E+00  0.7773852890E+05
  0.3877777778E+00  0.7781766206E+05
  0.3880555556E+00  0.7789679556E+05
  0.3883333333E+00  0.7797592872E+05
  0.3886111111E+00  0.7805506111E+05
  0.3888888889E+00  0.7813419428E+05
  0.3891666667E+00  0.7821332778E+05
  0.3894444444E+00  0.7829246093E+05
  0.3897222222E+00  0.7837159343E+05
  0.3900000000E+00  0.7845072649E+05
  0.3902777778E+00  0.7853271411E+05
  0.3905555556E+00  0.7861470185E+05
  0.3908333333E+00  0.7869668813E+05
  0.3911111111E+00  0.7877867575E+05
  0.3913888889E+00  0.7886066338E+05
  0.3916666667E+00  0.7894265067E+05
  0.3919444444E+00  0.7902463830E+05
  0.3922222222E+00  0.7910662492E+05
  0.3925000000E+00  0.7918861220E+05
  0.3927777778E+00  0.7927059983E+05
  0.3930555556E+00  0.7935258745E+05
  0.3933333333E+00  0.7943457373E+05
  0.3936111111E+00  0.7951656136E+05
  0.3938888889E+00  0.7959854898E+05
  0.3941666667E+00  0.7968053628E+05
  0.3944444444E+00  0.7976252389E+05
  0.3947222222E+00  0.7984451052E+05
  0.3950000000E+00  0.7992649781E+05
  0.3952777778E+00  0.8000538652E+05
  0.3955555556E+00  0.8008427456E+05
  0.3958333333E+00  0.8016316339E+05
  0.3961111111E+00  0.8024205209E+05
  0.3963888889E+00  0.8032093980E+05
  0.3966666667E+00  0.8039982862E+05
  0.3969444444E+00  0.8047871634E+05
  0.3972222222E+00  0.8055760538E+05
  0.3975000000E+00  0.8063649420E+05
  0.3977777778E+00  0.8071538190E+05
  0.3980555556E+00  0.8079427062E+05
  0.3983333333E+00  0.8087315844E+05
  0.3986111111E+00  0.8095204715E+05
  0.3988888889E+00  0.8103093620E+05
  0.3991666667E+00  0.8110982391E+05
  0.3994444444E+00  0.8118871272E+05
  0.3997222222E+00  0.8126760143E+05
  0.4000000000E+00  0.8134648915E+05
  0.4002777778E+00  0.8141683829E+05
  0.4005555556E+00  0.8148718655E+05
  0.4008333333E+00  0.8155753469E+05
  0.4011111111E+00  0.8162788383E+05
  0.4013888889E+00  0.8169823230E+05
  0.4016666667E+00  0.8176858045E+05
  0.4019444444E+00  0.8183892960E+05
  0.4022222222E+00  0.8190927774E+05
  0.4025000000E+00  0.8197962588E+05
  0.4027777778E+00  0.8204997503E+05
  0.4030555556E+00  0.8212032317E+05
  0.4033333333E+00  0.8219067131E+05
  0.4036111111E+00  0.8226102057E+05
  0.4038888889E+00  0.8233136872E+05
  0.4041666667E+00  0.8240171686E+05
  0.4044444444E+00  0.8247206600E+05
  0.4047222222E+00  0.8254241414E+05
  0.4050000000E+00  0.8261276228E+05
  0.4052777778E+00  0.8266997275E+05
  0.4055555556E+00  0.8272718187E+05
  0.4058333333E+00  0.8278439233E+05
  0.4061111111E+00  0.8284160146E+05
  0.4063888889E+00  0.8289881158E+05
  0.4066666667E+00  0.8295602103E+05
  0.4069444444E+00  0.8301323117E+05
  0.4072222222E+00  0.8307044073E+05
  0.4075000000E+00  0.8312765086E+05
  0.4077777778E+00  0.8318486032E+05
  0.4080555556E+00  0.8324207044E+05
  0.4083333333E+00  0.8329927990E+05
  0.4086111111E+00  0.8335649003E+05
  0.4088888889E+00  0.8341369916E+05
  0.4091666667E+00  0.8347090961E+05
  0.4094444444E+00  0.8352811873E+05
  0.4097222222E+00  0.8358532920E+05
  0.4100000000E+00  0.8364253832E+05
  0.4102777778E+00  0.8368302319E+05
  0.4105555556E+00  0.8372350705E+05
  0.4108333333E+00  0.8376399226E+05
  0.4111111111E+00  0.8380447712E+05
  0.4113888889E+00  0.8384496100E+05
  0.4116666667E+00  0.8388544586E+05
  0.4119444444E+00  0.8392592973E+05
  0.4122222222E+00  0.8396641449E+05
  0.4125000000E+00  0.8400689935E+05
  0.4127777778E+00  0.8404738323E+05
  0.4130555556E+00  0.8408786843E+05
  0.4133333333E+00  0.8412835230E+05
  0.4136111111E+00  0.8416883716E+05
  0.4138888889E+00  0.8420932203E+05
  0.4141666667E+00  0.8424980589E+05
  0.4144444444E+00  0.8429029077E+05
  0.4147222222E+00  0.8433077453E+05
  0.4150000000E+00  0.8437125939E+05
  0.4152777778E+00  0.8439255648E+05
  0.4155555556E+00  0.8441385356E+05
  0.4158333333E+00  0.8443515066E+05
  0.4161111111E+00  0.8445644774E+05
  0.4163888889E+00  0.8447774483E+05
  0.4166666667E+00  0.8449904091E+05
  0.4169444444E+00  0.8452033800E+05
  0.4172222222E+00  0.8454163475E+05
  0.4175000000E+00  0.8456293184E+05
  0.4177777778E+00  0.8458422881E+05
  0.4180555556E+00  0.8460552590E+05
  0.4183333333E+00  0.8462682299E+05
  0.4186111111E+00  0.8464812008E+05
  0.4188888889E+00  0.8466941716E+05
  0.4191666667E+00  0.8469071292E+05
  0.4194444444E+00  0.8471201000E+05
  0.4197222222E+00  0.8473330709E+05
  0.4200000000E+00  0.8475460417E+05
  0.4202777778E+00  0.8475548260E+05
  0.4205555556E+00  0.8475636005E+05
  0.4208333333E+00  0.8475723748E+05
  0.4211111111E+00  0.8475811635E+05
  0.4213888889E+00  0.8475899379E+05
  0.4216666667E+00  0.8475987221E+05
  0.4219444444E+00  0.8476074965E+05
  0.4222222222E+00  0.8476162820E+05
  0.4225000000E+00  0.8476250563E+05
  0.4227777778E+00  0.8476338406E+05
  0.4230555556E+00  0.8476426149E+05
  0.4233333333E+00  0.8476514004E+05
  0.4236111111E+00  0.8476601780E+05
  0.4238888889E+00  0.8476689624E+05
  0.4241666667E+00  0.8476777368E+05
  0.4244444444E+00  0.8476865122E+05
  0.4247222222E+00  0.8476952965E+05
  0.4250000000E+00  0.8477040708E+05
  0.4252777778E+00  0.8475083880E+05
  0.4255555556E+00  0.8473127084E+05
  0.4258333333E+00  0.8471170257E+05
  0.4261111111E+00  0.8469213428E+05
  0.4263888889E+00  0.8467256600E+05
  0.4266666667E+00  0.8465299771E+05
  0.4269444444E+00  0.8463342976E+05
  0.4272222222E+00  0.8461386159E+05
  0.4275000000E+00  0.8459429330E+05
  0.4277777778E+00  0.8457472503E+05
  0.4280555556E+00  0.8455515674E+05
  0.4283333333E+00  0.8453558879E+05
  0.4286111111E+00  0.8451602050E+05
  0.4288888889E+00  0.8449645222E+05
  0.4291666667E+00  0.8447688393E+05
  0.4294444444E+00  0.8445731599E+05
  0.4297222222E+00  0.8443774670E+05
  0.4300000000E+00  0.8441817842E+05
  0.4302777778E+00  0.8437927988E+05
  0.4305555556E+00  0.8434037999E+05
  0.4308333333E+00  0.8430148045E+05
  0.4311111111E+00  0.8426258090E+05
  0.4313888889E+00  0.8422368236E+05
  0.4316666667E+00  0.8418478247E+05
  0.4319444444E+00  0.8414588293E+05
  0.4322222222E+00  0.8410698338E+05
  0.4325000000E+00  0.8406808351E+05
  0.4327777778E+00  0.8402918495E+05
  0.4330555556E+00  0.8399028541E+05
  0.4333333333E+00  0.8395138553E+05
  0.4336111111E+00  0.8391248599E+05
  0.4338888889E+00  0.8387358732E+05
  0.4341666667E+00  0.8383468778E+05
  0.4344444444E+00  0.8379578790E+05
  0.4347222222E+00  0.8375688836E+05
  0.4350000000E+00  0.8371798881E+05
  0.4352777778E+00  0.8366188962E+05
  0.4355555556E+00  0.8360579076E+05
  0.4358333333E+00  0.8354969192E+05
  0.4361111111E+00  0.8349359306E+05
  0.4363888889E+00  0.8343749421E+05
  0.4366666667E+00  0.8338139524E+05
  0.4369444444E+00  0.8332529606E+05
  0.4372222222E+00  0.8326919720E+05
  0.4375000000E+00  0.8321309834E+05
  0.4377777778E+00  0.8315699950E+05
  0.4380555556E+00  0.8310090064E+05
  0.4383333333E+00  0.8304480146E+05
  0.4386111111E+00  0.8298870260E+05
  0.4388888889E+00  0.8293260364E+05
  0.4391666667E+00  0.8287650378E+05
  0.4394444444E+00  0.8282040492E+05
  0.4397222222E+00  0.8276430608E+05
  0.4400000000E+00  0.8270820688E+05
  0.4402777778E+00  0.8263790623E+05
  0.4405555556E+00  0.8256760570E+05
  0.4408333333E+00  0.8249730505E+05
  0.4411111111E+00  0.8242700351E+05
  0.4413888889E+00  0.8235670297E+05
  0.4416666667E+00  0.8228640232E+05
  0.4419444444E+00  0.8221610179E+05
  0.4422222222E+00  0.8214580014E+05
  0.4425000000E+00  0.8207549993E+05
  0.4427777778E+00  0.8200519928E+05
  0.4430555556E+00  0.8193489875E+05
  0.4433333333E+00  0.8186459810E+05
  0.4436111111E+00  0.8179429656E+05
  0.4438888889E+00  0.8172399602E+05
  0.4441666667E+00  0.8165369537E+05
  0.4444444444E+00  0.8158339484E+05
  0.4447222222E+00  0.8151309319E+05
  0.4450000000E+00  0.8144279266E+05
  0.4452777778E+00  0.8136187532E+05
  0.4455555556E+00  0.8128095688E+05
  0.4458333333E+00  0.8120003956E+05
  0.4461111111E+00  0.8111912123E+05
  0.4463888889E+00  0.8103820379E+05
  0.4466666667E+00  0.8095728680E+05
  0.4469444444E+00  0.8087636848E+05
  0.4472222222E+00  0.8079545104E+05
  0.4475000000E+00  0.8071453271E+05
  0.4477777778E+00  0.8063361539E+05
  0.4480555556E+00  0.8055269706E+05
  0.4483333333E+00  0.8047177962E+05
  0.4486111111E+00  0.8039086263E+05
  0.4488888889E+00  0.8030994430E+05
  0.4491666667E+00  0.8022902687E+05
  0.4494444444E+00  0.8014810854E+05
  0.4497222222E+00  0.8006719121E+05
  0.4500000000E+00  0.7998627289E+05
  0.4502777778E+00  0.7989873974E+05
  0.4505555556E+00  0.7981120771E+05
  0.4508333333E+00  0.7972367434E+05
  0.4511111111E+00  0.7963614131E+05
  0.4513888889E+00  0.7954860794E+05
  0.4516666667E+00  0.7946107492E+05
  0.4519444444E+00  0.7937354189E+05
  0.4522222222E+00  0.7928600852E+05
  0.4525000000E+00  0.7919847538E+05
  0.4527777778E+00  0.7911094201E+05
  0.4530555556E+00  0.7902340898E+05
  0.4533333333E+00  0.7893587591E+05
  0.4536111111E+00  0.7884834288E+05
  0.4538888889E+00  0.7876080996E+05
  0.4541666667E+00  0.7867327669E+05
  0.4544444444E+00  0.7858574355E+05
  0.4547222222E+00  0.7849821028E+05
  0.4550000000E+00  0.7841067735E+05
  0.4552777778E+00  0.7832069237E+05
  0.4555555556E+00  0.7823070760E+05
  0.4558333333E+00  0.7814072273E+05
  0.4561111111E+00  0.7805073775E+05
  0.4563888889E+00  0.7796075287E+05
  0.4566666667E+00  0.7787076788E+05
  0.4569444444E+00  0.7778078300E+05
  0.4572222222E+00  0.7769079814E+05
  0.4575000000E+00  0.7760081326E+05
  0.4577777778E+00  0.7751082828E+05
  0.4580555556E+00  0.7742084341E+05
  0.4583333333E+00  0.7733085853E+05
  0.4586111111E+00  0.7724087355E+05
  0.4588888889E+00  0.7715088878E+05
  0.4591666667E+00  0.7706090380E+05
  0.4594444444E+00  0.7697091892E+05
  0.4597222222E+00  0.7688093394E+05
  0.4600000000E+00  0.7679094906E+05
  0.4602777778E+00  0.7670257125E+05
  0.4605555556E+00  0.7661419376E+05
  0.4608333333E+00  0.7652581627E+05
  0.4611111111E+00  0.7643743846E+05
  0.4613888889E+00  0.7634906108E+05
  0.4616666667E+00  0.7626068361E+05
  0.4619444444E+00  0.7617230578E+05
  0.4622222222E+00  0.7608392830E+05
  0.4625000000E+00  0.7599555082E+05
  0.4627777778E+00  0.7590717300E+05
  0.4630555556E+00  0.7581879551E+05
  0.4633333333E+00  0.7573041803E+05
  0.4636111111E+00  0.7564204021E+05
  0.4638888889E+00  0.7555366273E+05
  0.4641666667E+00  0.7546528524E+05
  0.4644444444E+00  0.7537690743E+05
  0.4647222222E+00  0.7528852994E+05
  0.4650000000E+00  0.7520015246E+05
  0.4652777778E+00  0.7511712572E+05
  0.4655555556E+00  0.7503409898E+05
  0.4658333333E+00  0.7495107225E+05
  0.4661111111E+00  0.7486804549E+05
  0.4663888889E+00  0.7478501865E+05
  0.4666666667E+00  0.7470199202E+05
  0.4669444444E+00  0.7461896518E+05
  0.4672222222E+00  0.7453593853E+05
  0.4675000000E+00  0.7445291169E+05
  0.4677777778E+00  0.7436988495E+05
  0.4680555556E+00  0.7428685820E+05
  0.4683333333E+00  0.7420383136E+05
  0.4686111111E+00  0.7412080473E+05
  0.4688888889E+00  0.7403777789E+05
  0.4691666667E+00  0.7395475146E+05
  0.4694444444E+00  0.7387172474E+05
  0.4697222222E+00  0.7378869799E+05
  0.4700000000E+00  0.7370567125E+05
  0.4702777778E+00  0.7363122785E+05
  0.4705555556E+00  0.7355678489E+05
  0.4708333333E+00  0.7348234183E+05
  0.4711111111E+00  0.7340789888E+05
  0.4713888889E+00  0.7333345558E+05
  0.4716666667E+00  0.7325901252E+05
  0.4719444444E+00  0.7318456956E+05
  0.4722222222E+00  0.7311012627E+05
  0.4725000000E+00  0.7303568331E+05
  0.4727777778E+00  0.7296124014E+05
  0.4730555556E+00  0.7288679719E+05
  0.4733333333E+00  0.7281235388E+05
  0.4736111111E+00  0.7273791083E+05
  0.4738888889E+00  0.7266346787E+05
  0.4741666667E+00  0.7258902491E+05
  0.4744444444E+00  0.7251458152E+05
  0.4747222222E+00  0.7244013855E+05
  0.4750000000E+00  0.7236569548E+05
  0.4752777778E+00  0.7230241530E+05
  0.4755555556E+00  0.7223913509E+05
  0.4758333333E+00  0.7217585499E+05
  0.4761111111E+00  0.7211257446E+05
  0.4763888889E+00  0.7204929427E+05
  0.4766666667E+00  0.7198601406E+05
  0.4769444444E+00  0.7192273397E+05
  0.4772222222E+00  0.7185945367E+05
  0.4775000000E+00  0.7179617347E+05
  0.4777777778E+00  0.7173289338E+05
  0.4780555556E+00  0.7166961307E+05
  0.4783333333E+00  0.7160633298E+05
  0.4786111111E+00  0.7154305277E+05
  0.4788888889E+00  0.7147977268E+05
  0.4791666667E+00  0.7141649238E+05
  0.4794444444E+00  0.7135321217E+05
  0.4797222222E+00  0.7128993208E+05
  0.4800000000E+00  0.7122665178E+05
  0.4802777778E+00  0.7117632800E+05
  0.4805555556E+00  0.7112600423E+05
  0.4808333333E+00  0.7107568034E+05
  0.4811111111E+00  0.7102535656E+05
  0.4813888889E+00  0.7097503278E+05
  0.4816666667E+00  0.7092470879E+05
  0.4819444444E+00  0.7087438502E+05
  0.4822222222E+00  0.7082406125E+05
  0.4825000000E+00  0.7077373769E+05
  0.4827777778E+00  0.7072341391E+05
  0.4830555556E+00  0.7067309013E+05
  0.4833333333E+00  0.7062276625E+05
  0.4836111111E+00  0.7057244236E+05
  0.4838888889E+00  0.7052211859E+05
  0.4841666667E+00  0.7047179481E+05
  0.4844444444E+00  0.7042147092E+05
  0.4847222222E+00  0.7037114714E+05
  0.4850000000E+00  0.7032082371E+05
  0.4852777778E+00  0.7028444409E+05
  0.4855555556E+00  0.7024806491E+05
  0.4858333333E+00  0.7021168573E+05
  0.4861111111E+00  0.7017530611E+05
  0.4863888889E+00  0.7013892693E+05
  0.4866666667E+00  0.7010254775E+05
  0.4869444444E+00  0.7006616857E+05
  0.4872222222E+00  0.7002978895E+05
  0.4875000000E+00  0.6999340977E+05
  0.4877777778E+00  0.6995703060E+05
  0.4880555556E+00  0.6992065143E+05
  0.4883333333E+00  0.6988427180E+05
  0.4886111111E+00  0.6984789262E+05
  0.4888888889E+00  0.6981151345E+05
  0.4891666667E+00  0.6977513382E+05
  0.4894444444E+00  0.6973875464E+05
  0.4897222222E+00  0.6970237546E+05
  0.4900000000E+00  0.6966599629E+05
  0.4902777778E+00  0.6964371634E+05
  0.4905555556E+00  0.6962143641E+05
  0.4908333333E+00  0.6959915660E+05
  0.4911111111E+00  0.6957687676E+05
  0.4913888889E+00  0.6955459684E+05
  0.4916666667E+00  0.6953231734E+05
  0.4919444444E+00  0.6951003751E+05
  0.4922222222E+00  0.6948775758E+05
  0.4925000000E+00  0.6946547775E+05
  0.4927777778E+00  0.6944319780E+05
  0.4930555556E+00  0.6942091788E+05
  0.4933333333E+00  0.6939863804E+05
  0.4936111111E+00  0.6937635855E+05
  0.4938888889E+00  0.6935407863E+05
  0.4941666667E+00  0.6933179880E+05
  0.4944444444E+00  0.6930951887E+05
  0.4947222222E+00  0.6928723904E+05
  0.4950000000E+00  0.6926495910E+05
