  0.1027777778E-01  0.2257713757E+08
  0.1055555556E-01  0.2255115680E+08
  0.1083333333E-01  0.2252517594E+08
  0.1111111111E-01  0.2249919507E+08
  0.1138888889E-01  0.2247321430E+08
  0.1166666667E-01  0.2244723354E+08
  0.1194444444E-01  0.2242125278E+08
  0.1222222222E-01  0.2239527180E+08
  0.1250000000E-01  0.2236929137E+08
  0.1277777778E-01  0.2234331061E+08
  0.1305555556E-01  0.2231732985E+08
  0.1333333333E-01  0.2229134908E+08
  0.1361111111E-01  0.2226536811E+08
  0.1388888889E-01  0.2223938735E+08
  0.1416666667E-01  0.2221340658E+08
  0.1444444444E-01  0.2218742616E+08
  0.1472222222E-01  0.2216144528E+08
  0.1500000000E-01  0.2213546452E+08
  0.1527777778E-01  0.2209995740E+08
  0.1555555556E-01  0.2206445060E+08
  0.1583333333E-01  0.2202894346E+08
  0.1611111111E-01  0.2199343657E+08
  0.1638888889E-01  0.2195792943E+08
  0.1666666667E-01  0.2192242231E+08
  0.1694444444E-01  0.2188691561E+08
  0.1722222222E-01  0.2185140837E+08
  0.1750000000E-01  0.2181590158E+08
  0.1777777778E-01  0.2178039445E+08
  0.1805555556E-01  0.2174488765E+08
  0.1833333333E-01  0.2170938042E+08
  0.1861111111E-01  0.2167387362E+08
  0.1888888889E-01  0.2163836659E+08
  0.1916666667E-01  0.2160285980E+08
  0.1944444444E-01  0.2156735267E+08
  0.1972222222E-01  0.2153184543E+08
  0.2000000000E-01  0.2149633864E+08
  0.2027777778E-01  0.2145211620E+08
  0.2055555556E-01  0.2140789345E+08
  0.2083333333E-01  0.2136367102E+08
  0.2111111111E-01  0.2131944859E+08
  0.2138888889E-01  0.2127522584E+08
  0.2166666667E-01  0.2123100341E+08
  0.2194444444E-01  0.2118678098E+08
  0.2222222222E-01  0.2114255813E+08
  0.2250000000E-01  0.2109833570E+08
  0.2277777778E-01  0.2105411338E+08
  0.2305555556E-01  0.2100989063E+08
  0.2333333333E-01  0.2096566820E+08
  0.2361111111E-01  0.2092144577E+08
  0.2388888889E-01  0.2087722302E+08
  0.2416666667E-01  0.2083300059E+08
  0.2444444444E-01  0.2078877816E+08
  0.2472222222E-01  0.2074455541E+08
  0.2500000000E-01  0.2070033297E+08
  0.2527777778E-01  0.2064840005E+08
  0.2555555556E-01  0.2059646744E+08
  0.2583333333E-01  0.2054453461E+08
  0.2611111111E-01  0.2049260212E+08
  0.2638888889E-01  0.2044066928E+08
  0.2666666667E-01  0.2038873668E+08
  0.2694444444E-01  0.2033680384E+08
  0.2722222222E-01  0.2028487124E+08
  0.2750000000E-01  0.2023293841E+08
  0.2777777778E-01  0.2018100558E+08
  0.2805555556E-01  0.2012907308E+08
  0.2833333333E-01  0.2007714014E+08
  0.2861111111E-01  0.2002520764E+08
  0.2888888889E-01  0.1997327471E+08
  0.2916666667E-01  0.1992134232E+08
  0.2944444444E-01  0.1986940939E+08
  0.2972222222E-01  0.1981747678E+08
  0.3000000000E-01  0.1976554395E+08
  0.3027777778E-01  0.1970706224E+08
  0.3055555556E-01  0.1964858054E+08
  0.3083333333E-01  0.1959009861E+08
  0.3111111111E-01  0.1953161701E+08
  0.3138888889E-01  0.1947313531E+08
  0.3166666667E-01  0.1941465361E+08
  0.3194444444E-01  0.1935617201E+08
  0.3222222222E-01  0.1929768997E+08
  0.3250000000E-01  0.1923920827E+08
  0.3277777778E-01  0.1918072656E+08
  0.3305555556E-01  0.1912224497E+08
  0.3333333333E-01  0.1906376337E+08
  0.3361111111E-01  0.1900528132E+08
  0.3388888889E-01  0.1894679962E+08
  0.3416666667E-01  0.1888831792E+08
  0.3444444444E-01  0.1882983631E+08
  0.3472222222E-01  0.1877135461E+08
  0.3500000000E-01  0.1871287268E+08
  0.3527777778E-01  0.1864909447E+08
  0.3555555556E-01  0.1858531592E+08
  0.3583333333E-01  0.1852153748E+08
  0.3611111111E-01  0.1845775927E+08
  0.3638888889E-01  0.1839398072E+08
  0.3666666667E-01  0.1833020217E+08
  0.3694444444E-01  0.1826642395E+08
  0.3722222222E-01  0.1820264551E+08
  0.3750000000E-01  0.1813886696E+08
  0.3777777778E-01  0.1807508851E+08
  0.3805555556E-01  0.1801131030E+08
  0.3833333333E-01  0.1794753186E+08
  0.3861111111E-01  0.1788375321E+08
  0.3888888889E-01  0.1781997500E+08
  0.3916666667E-01  0.1775619655E+08
  0.3944444444E-01  0.1769241800E+08
  0.3972222222E-01  0.1762863989E+08
  0.4000000000E-01  0.1756486134E+08
  0.4027777778E-01  0.1749711871E+08
  0.4055555556E-01  0.1742937618E+08
  0.4083333333E-01  0.1736163390E+08
  0.4111111111E-01  0.1729389126E+08
  0.4138888889E-01  0.1722614874E+08
  0.4166666667E-01  0.1715840645E+08
  0.4194444444E-01  0.1709066382E+08
  0.4222222222E-01  0.1702292129E+08
  0.4250000000E-01  0.1695517867E+08
  0.4277777778E-01  0.1688743647E+08
  0.4305555556E-01  0.1681969385E+08
  0.4333333333E-01  0.1675195122E+08
  0.4361111111E-01  0.1668420902E+08
  0.4388888889E-01  0.1661646640E+08
  0.4416666667E-01  0.1654872378E+08
  0.4444444444E-01  0.1648098124E+08
  0.4472222222E-01  0.1641323895E+08
  0.4500000000E-01  0.1634549643E+08
  0.4527777778E-01  0.1627514191E+08
  0.4555555556E-01  0.1620478748E+08
  0.4583333333E-01  0.1613443330E+08
  0.4611111111E-01  0.1606407867E+08
  0.4638888889E-01  0.1599372426E+08
  0.4666666667E-01  0.1592336973E+08
  0.4694444444E-01  0.1585301565E+08
  0.4722222222E-01  0.1578266102E+08
  0.4750000000E-01  0.1571230660E+08
  0.4777777778E-01  0.1564195209E+08
  0.4805555556E-01  0.1557159766E+08
  0.4833333333E-01  0.1550124347E+08
  0.4861111111E-01  0.1543088895E+08
  0.4888888889E-01  0.1536053443E+08
  0.4916666667E-01  0.1529018001E+08
  0.4944444444E-01  0.1521982582E+08
  0.4972222222E-01  0.1514947129E+08
  0.5000000000E-01  0.1507911677E+08
  0.5027777778E-01  0.1500748364E+08
  0.5055555556E-01  0.1493585061E+08
  0.5083333333E-01  0.1486421726E+08
  0.5111111111E-01  0.1479258422E+08
  0.5138888889E-01  0.1472095109E+08
  0.5166666667E-01  0.1464931773E+08
  0.5194444444E-01  0.1457768459E+08
  0.5222222222E-01  0.1450605167E+08
  0.5250000000E-01  0.1443441821E+08
  0.5277777778E-01  0.1436278518E+08
  0.5305555556E-01  0.1429115205E+08
  0.5333333333E-01  0.1421951902E+08
  0.5361111111E-01  0.1414788566E+08
  0.5388888889E-01  0.1407625263E+08
  0.5416666667E-01  0.1400461950E+08
  0.5444444444E-01  0.1393298613E+08
  0.5472222222E-01  0.1386135300E+08
  0.5500000000E-01  0.1378971998E+08
  0.5527777778E-01  0.1371808157E+08
  0.5555555556E-01  0.1364644293E+08
  0.5583333333E-01  0.1357480453E+08
  0.5611111111E-01  0.1350316623E+08
  0.5638888889E-01  0.1343152772E+08
  0.5666666667E-01  0.1335988908E+08
  0.5694444444E-01  0.1328825068E+08
  0.5722222222E-01  0.1321661237E+08
  0.5750000000E-01  0.1314497407E+08
  0.5777777778E-01  0.1307333522E+08
  0.5805555556E-01  0.1300169692E+08
  0.5833333333E-01  0.1293005852E+08
  0.5861111111E-01  0.1285842022E+08
  0.5888888889E-01  0.1278678148E+08
  0.5916666667E-01  0.1271514307E+08
  0.5944444444E-01  0.1264350467E+08
  0.5972222222E-01  0.1257186637E+08
  0.6000000000E-01  0.1250022790E+08
  0.6027777778E-01  0.1242976908E+08
  0.6055555556E-01  0.1235931037E+08
  0.6083333333E-01  0.1228885165E+08
  0.6111111111E-01  0.1221839295E+08
  0.6138888889E-01  0.1214793420E+08
  0.6166666667E-01  0.1207747538E+08
  0.6194444444E-01  0.1200701677E+08
  0.6222222222E-01  0.1193655796E+08
  0.6250000000E-01  0.1186609925E+08
  0.6277777778E-01  0.1179564053E+08
  0.6305555556E-01  0.1172518182E+08
  0.6333333333E-01  0.1165472307E+08
  0.6361111111E-01  0.1158426436E+08
  0.6388888889E-01  0.1151380565E+08
  0.6416666667E-01  0.1144334683E+08
  0.6444444444E-01  0.1137288812E+08
  0.6472222222E-01  0.1130242940E+08
  0.6500000000E-01  0.1123197066E+08
  0.6527777778E-01  0.1116375059E+08
  0.6555555556E-01  0.1109553062E+08
  0.6583333333E-01  0.1102731044E+08
  0.6611111111E-01  0.1095909036E+08
  0.6638888889E-01  0.1089087029E+08
  0.6666666667E-01  0.1082265022E+08
  0.6694444444E-01  0.1075443015E+08
  0.6722222222E-01  0.1068621007E+08
  0.6750000000E-01  0.1061799000E+08
  0.6777777778E-01  0.1054976996E+08
  0.6805555556E-01  0.1048154987E+08
  0.6833333333E-01  0.1041332978E+08
  0.6861111111E-01  0.1034510969E+08
  0.6888888889E-01  0.1027688961E+08
  0.6916666667E-01  0.1020866951E+08
  0.6944444444E-01  0.1014044943E+08
  0.6972222222E-01  0.1007222945E+08
  0.7000000000E-01  0.1000400935E+08
  0.7027777778E-01  0.9938943005E+07
  0.7055555556E-01  0.9873876759E+07
  0.7083333333E-01  0.9808810537E+07
  0.7111111111E-01  0.9743744191E+07
  0.7138888889E-01  0.9678677946E+07
  0.7166666667E-01  0.9613611701E+07
  0.7194444444E-01  0.9548545377E+07
  0.7222222222E-01  0.9483479132E+07
  0.7250000000E-01  0.9418412887E+07
  0.7277777778E-01  0.9353346542E+07
  0.7305555556E-01  0.9288280285E+07
  0.7333333333E-01  0.9223214072E+07
  0.7361111111E-01  0.9158147727E+07
  0.7388888889E-01  0.9093081482E+07
  0.7416666667E-01  0.9028015226E+07
  0.7444444444E-01  0.8962948914E+07
  0.7472222222E-01  0.8897882669E+07
  0.7500000000E-01  0.8832816423E+07
  0.7527777778E-01  0.8771653834E+07
  0.7555555556E-01  0.8710491386E+07
  0.7583333333E-01  0.8649328808E+07
  0.7611111111E-01  0.8588166319E+07
  0.7638888889E-01  0.8527003870E+07
  0.7666666667E-01  0.8465841293E+07
  0.7694444444E-01  0.8404678812E+07
  0.7722222222E-01  0.8343516256E+07
  0.7750000000E-01  0.8282353778E+07
  0.7777777778E-01  0.8221191329E+07
  0.7805555556E-01  0.8160028752E+07
  0.7833333333E-01  0.8098866260E+07
  0.7861111111E-01  0.8037703815E+07
  0.7888888889E-01  0.7976541236E+07
  0.7916666667E-01  0.7915378756E+07
  0.7944444444E-01  0.7854216200E+07
  0.7972222222E-01  0.7793053721E+07
  0.8000000000E-01  0.7731891241E+07
  0.8027777778E-01  0.7675213679E+07
  0.8055555556E-01  0.7618536217E+07
  0.8083333333E-01  0.7561858655E+07
  0.8111111111E-01  0.7505181160E+07
  0.8138888889E-01  0.7448503599E+07
  0.8166666667E-01  0.7391826136E+07
  0.8194444444E-01  0.7335148641E+07
  0.8222222222E-01  0.7278471079E+07
  0.8250000000E-01  0.7221793616E+07
  0.8277777778E-01  0.7165116022E+07
  0.8305555556E-01  0.7108438560E+07
  0.8333333333E-01  0.7051761097E+07
  0.8361111111E-01  0.6995083502E+07
  0.8388888889E-01  0.6938406041E+07
  0.8416666667E-01  0.6881728478E+07
  0.8444444444E-01  0.6825050983E+07
  0.8472222222E-01  0.6768373422E+07
  0.8500000000E-01  0.6711695959E+07
  0.8527777778E-01  0.6659908291E+07
  0.8555555556E-01  0.6608120612E+07
  0.8583333333E-01  0.6556332944E+07
  0.8611111111E-01  0.6504545264E+07
  0.8638888889E-01  0.6452757496E+07
  0.8666666667E-01  0.6400969816E+07
  0.8694444444E-01  0.6349182169E+07
  0.8722222222E-01  0.6297394502E+07
  0.8750000000E-01  0.6245606822E+07
  0.8777777778E-01  0.6193819153E+07
  0.8805555556E-01  0.6142031474E+07
  0.8833333333E-01  0.6090243806E+07
  0.8861111111E-01  0.6038456027E+07
  0.8888888889E-01  0.5986668380E+07
  0.8916666667E-01  0.5934880712E+07
  0.8944444444E-01  0.5883093033E+07
  0.8972222222E-01  0.5831305364E+07
  0.9000000000E-01  0.5779517685E+07
  0.9027777778E-01  0.5732856577E+07
  0.9055555556E-01  0.5686195603E+07
  0.9083333333E-01  0.5639534495E+07
  0.9111111111E-01  0.5592873488E+07
  0.9138888889E-01  0.5546212368E+07
  0.9166666667E-01  0.5499551294E+07
  0.9194444444E-01  0.5452890287E+07
  0.9222222222E-01  0.5406229208E+07
  0.9250000000E-01  0.5359568140E+07
  0.9277777778E-01  0.5312907105E+07
  0.9305555556E-01  0.5266246037E+07
  0.9333333333E-01  0.5219584969E+07
  0.9361111111E-01  0.5172923912E+07
  0.9388888889E-01  0.5126262844E+07
  0.9416666667E-01  0.5079601809E+07
  0.9444444444E-01  0.5032940731E+07
  0.9472222222E-01  0.4986279673E+07
  0.9500000000E-01  0.4939618606E+07
  0.9527777778E-01  0.4898161973E+07
  0.9555555556E-01  0.4856705340E+07
  0.9583333333E-01  0.4815248676E+07
  0.9611111111E-01  0.4773792033E+07
  0.9638888889E-01  0.4732335389E+07
  0.9666666667E-01  0.4690878735E+07
  0.9694444444E-01  0.4649422092E+07
  0.9722222222E-01  0.4607965427E+07
  0.9750000000E-01  0.4566508794E+07
  0.9777777778E-01  0.4525052162E+07
  0.9805555556E-01  0.4483595486E+07
  0.9833333333E-01  0.4442138865E+07
  0.9861111111E-01  0.4400682221E+07
  0.9888888889E-01  0.4359225556E+07
  0.9916666667E-01  0.4317768914E+07
  0.9944444444E-01  0.4276312248E+07
  0.9972222222E-01  0.4234855615E+07
  0.1000000000E+00  0.4193398973E+07
  0.1002777778E+00  0.4157078550E+07
  0.1005555556E+00  0.4120758138E+07
  0.1008333333E+00  0.4084437749E+07
  0.1011111111E+00  0.4048117327E+07
  0.1013888889E+00  0.4011796927E+07
  0.1016666667E+00  0.3975476505E+07
  0.1019444444E+00  0.3939156083E+07
  0.1022222222E+00  0.3902835704E+07
  0.1025000000E+00  0.3866515282E+07
  0.1027777778E+00  0.3830194882E+07
  0.1030555556E+00  0.3793874460E+07
  0.1033333333E+00  0.3757554037E+07
  0.1036111111E+00  0.3721233649E+07
  0.1038888889E+00  0.3684913225E+07
  0.1041666667E+00  0.3648592836E+07
  0.1044444444E+00  0.3612272414E+07
  0.1047222222E+00  0.3575951992E+07
  0.1050000000E+00  0.3539631603E+07
  0.1052777778E+00  0.3508258545E+07
  0.1055555556E+00  0.3476885487E+07
  0.1058333333E+00  0.3445512429E+07
  0.1061111111E+00  0.3414139370E+07
  0.1063888889E+00  0.3382766312E+07
  0.1066666667E+00  0.3351393220E+07
  0.1069444444E+00  0.3320020162E+07
  0.1072222222E+00  0.3288647104E+07
  0.1075000000E+00  0.3257274045E+07
  0.1077777778E+00  0.3225900998E+07
  0.1080555556E+00  0.3194527929E+07
  0.1083333333E+00  0.3163154871E+07
  0.1086111111E+00  0.3131781812E+07
  0.1088888889E+00  0.3100408754E+07
  0.1091666667E+00  0.3069035696E+07
  0.1094444444E+00  0.3037662638E+07
  0.1097222222E+00  0.3006289579E+07
  0.1100000000E+00  0.2974916521E+07
  0.1102777778E+00  0.2948196387E+07
  0.1105555556E+00  0.2921476273E+07
  0.1108333333E+00  0.2894756105E+07
  0.1111111111E+00  0.2868035981E+07
  0.1113888889E+00  0.2841315847E+07
  0.1116666667E+00  0.2814595722E+07
  0.1119444444E+00  0.2787875588E+07
  0.1122222222E+00  0.2761155463E+07
  0.1125000000E+00  0.2734435340E+07
  0.1127777778E+00  0.2707715182E+07
  0.1130555556E+00  0.2680995047E+07
  0.1133333333E+00  0.2654274923E+07
  0.1136111111E+00  0.2627554789E+07
  0.1138888889E+00  0.2600834664E+07
  0.1141666667E+00  0.2574114530E+07
  0.1144444444E+00  0.2547394416E+07
  0.1147222222E+00  0.2520674248E+07
  0.1150000000E+00  0.2493954124E+07
  0.1152777778E+00  0.2471514893E+07
  0.1155555556E+00  0.2449075652E+07
  0.1158333333E+00  0.2426636421E+07
  0.1161111111E+00  0.2404197180E+07
  0.1163888889E+00  0.2381757949E+07
  0.1166666667E+00  0.2359318718E+07
  0.1169444444E+00  0.2336879477E+07
  0.1172222222E+00  0.2314440213E+07
  0.1175000000E+00  0.2292000982E+07
  0.1177777778E+00  0.2269561741E+07
  0.1180555556E+00  0.2247122510E+07
  0.1183333333E+00  0.2224683280E+07
  0.1186111111E+00  0.2202244038E+07
  0.1188888889E+00  0.2179804807E+07
  0.1191666667E+00  0.2157365577E+07
  0.1194444444E+00  0.2134926335E+07
  0.1197222222E+00  0.2112487071E+07
  0.1200000000E+00  0.2090047840E+07
  0.1202777778E+00  0.2071461866E+07
  0.1205555556E+00  0.2052875881E+07
  0.1208333333E+00  0.2034289875E+07
  0.1211111111E+00  0.2015703878E+07
  0.1213888889E+00  0.1997117872E+07
  0.1216666667E+00  0.1978531875E+07
  0.1219444444E+00  0.1959945912E+07
  0.1222222222E+00  0.1941359906E+07
  0.1225000000E+00  0.1922773909E+07
  0.1227777778E+00  0.1904187903E+07
  0.1230555556E+00  0.1885601907E+07
  0.1233333333E+00  0.1867015910E+07
  0.1236111111E+00  0.1848429937E+07
  0.1238888889E+00  0.1829843941E+07
  0.1241666667E+00  0.1811257934E+07
  0.1244444444E+00  0.1792671938E+07
  0.1247222222E+00  0.1774085941E+07
  0.1250000000E+00  0.1755499935E+07
  0.1252777778E+00  0.1740306675E+07
  0.1255555556E+00  0.1725113426E+07
  0.1258333333E+00  0.1709920166E+07
  0.1261111111E+00  0.1694726907E+07
  0.1263888889E+00  0.1679533657E+07
  0.1266666667E+00  0.1664340364E+07
  0.1269444444E+00  0.1649147105E+07
  0.1272222222E+00  0.1633953834E+07
  0.1275000000E+00  0.1618760584E+07
  0.1277777778E+00  0.1603567325E+07
  0.1280555556E+00  0.1588374065E+07
  0.1283333333E+00  0.1573180782E+07
  0.1286111111E+00  0.1557987523E+07
  0.1288888889E+00  0.1542794263E+07
  0.1291666667E+00  0.1527601014E+07
  0.1294444444E+00  0.1512407754E+07
  0.1297222222E+00  0.1497214495E+07
  0.1300000000E+00  0.1482021202E+07
  0.1302777778E+00  0.1469749807E+07
  0.1305555556E+00  0.1457478392E+07
  0.1308333333E+00  0.1445206987E+07
  0.1311111111E+00  0.1432935583E+07
  0.1313888889E+00  0.1420664178E+07
  0.1316666667E+00  0.1408392774E+07
  0.1319444444E+00  0.1396121369E+07
  0.1322222222E+00  0.1383849965E+07
  0.1325000000E+00  0.1371578549E+07
  0.1327777778E+00  0.1359307145E+07
  0.1330555556E+00  0.1347035717E+07
  0.1333333333E+00  0.1334764313E+07
  0.1336111111E+00  0.1322492908E+07
  0.1338888889E+00  0.1310221504E+07
  0.1341666667E+00  0.1297950099E+07
  0.1344444444E+00  0.1285678684E+07
  0.1347222222E+00  0.1273407279E+07
  0.1350000000E+00  0.1261135875E+07
  0.1352777778E+00  0.1251322350E+07
  0.1355555556E+00  0.1241508814E+07
  0.1358333333E+00  0.1231695300E+07
  0.1361111111E+00  0.1221881775E+07
  0.1363888889E+00  0.1212068240E+07
  0.1366666667E+00  0.1202254715E+07
  0.1369444444E+00  0.1192441146E+07
  0.1372222222E+00  0.1182627621E+07
  0.1375000000E+00  0.1172814086E+07
  0.1377777778E+00  0.1163000561E+07
  0.1380555556E+00  0.1153187035E+07
  0.1383333333E+00  0.1143373511E+07
  0.1386111111E+00  0.1133559986E+07
  0.1388888889E+00  0.1123746451E+07
  0.1391666667E+00  0.1113932926E+07
  0.1394444444E+00  0.1104119390E+07
  0.1397222222E+00  0.1094305865E+07
  0.1400000000E+00  0.1084492340E+07
  0.1402777778E+00  0.1076696441E+07
  0.1405555556E+00  0.1068900552E+07
  0.1408333333E+00  0.1061104619E+07
  0.1411111111E+00  0.1053308718E+07
  0.1413888889E+00  0.1045512819E+07
  0.1416666667E+00  0.1037716930E+07
  0.1419444444E+00  0.1029921041E+07
  0.1422222222E+00  0.1022125130E+07
  0.1425000000E+00  0.1014329241E+07
  0.1427777778E+00  0.1006533308E+07
  0.1430555556E+00  0.9987374190E+06
  0.1433333333E+00  0.9909415119E+06
  0.1436111111E+00  0.9831456159E+06
  0.1438888889E+00  0.9753497233E+06
  0.1441666667E+00  0.9675538062E+06
  0.1444444444E+00  0.9597579136E+06
  0.1447222222E+00  0.9519620076E+06
  0.1450000000E+00  0.9441661117E+06
  0.1452777778E+00  0.9379832738E+06
  0.1455555556E+00  0.9318004571E+06
  0.1458333333E+00  0.9256176191E+06
  0.1461111111E+00  0.9194348024E+06
  0.1463888889E+00  0.9132519756E+06
  0.1466666667E+00  0.9070691478E+06
  0.1469444444E+00  0.9008863210E+06
  0.1472222222E+00  0.8947034898E+06
  0.1475000000E+00  0.8885206630E+06
  0.1477777778E+00  0.8823378351E+06
  0.1480555556E+00  0.8761550083E+06
  0.1483333333E+00  0.8699721916E+06
  0.1486111111E+00  0.8637893537E+06
  0.1488888889E+00  0.8576065370E+06
  0.1491666667E+00  0.8514236991E+06
  0.1494444444E+00  0.8452408823E+06
  0.1497222222E+00  0.8390580466E+06
  0.1500000000E+00  0.8328752243E+06
  0.1502777778E+00  0.8279453170E+06
  0.1505555556E+00  0.8230154185E+06
  0.1508333333E+00  0.8180855200E+06
  0.1511111111E+00  0.8131556227E+06
  0.1513888889E+00  0.8082257242E+06
  0.1516666667E+00  0.8032958169E+06
  0.1519444444E+00  0.7983659184E+06
  0.1522222222E+00  0.7934360200E+06
  0.1525000000E+00  0.7885061226E+06
  0.1527777778E+00  0.7835762141E+06
  0.1530555556E+00  0.7786463157E+06
  0.1533333333E+00  0.7737164183E+06
  0.1536111111E+00  0.7687865199E+06
  0.1538888889E+00  0.7638566214E+06
  0.1541666667E+00  0.7589267141E+06
  0.1544444444E+00  0.7539968156E+06
  0.1547222222E+00  0.7490669183E+06
  0.1550000000E+00  0.7441370198E+06
  0.1552777778E+00  0.7401502754E+06
  0.1555555556E+00  0.7361635343E+06
  0.1558333333E+00  0.7321767932E+06
  0.1561111111E+00  0.7281900533E+06
  0.1563888889E+00  0.7242033089E+06
  0.1566666667E+00  0.7202165678E+06
  0.1569444444E+00  0.7162298267E+06
  0.1572222222E+00  0.7122430857E+06
  0.1575000000E+00  0.7082563513E+06
  0.1577777778E+00  0.7042696113E+06
  0.1580555556E+00  0.7002828703E+06
  0.1583333333E+00  0.6962961292E+06
  0.1586111111E+00  0.6923093848E+06
  0.1588888889E+00  0.6883226437E+06
  0.1591666667E+00  0.6843359027E+06
  0.1594444444E+00  0.6803491627E+06
  0.1597222222E+00  0.6763624183E+06
  0.1600000000E+00  0.6723756772E+06
  0.1602777778E+00  0.6690749868E+06
  0.1605555556E+00  0.6657742875E+06
  0.1608333333E+00  0.6624735882E+06
  0.1611111111E+00  0.6591728879E+06
  0.1613888889E+00  0.6558721886E+06
  0.1616666667E+00  0.6525714882E+06
  0.1619444444E+00  0.6492707989E+06
  0.1622222222E+00  0.6459700984E+06
  0.1625000000E+00  0.6426693992E+06
  0.1627777778E+00  0.6393686999E+06
  0.1630555556E+00  0.6360679995E+06
  0.1633333333E+00  0.6327673002E+06
  0.1636111111E+00  0.6294666098E+06
  0.1638888889E+00  0.6261659105E+06
  0.1641666667E+00  0.6228652067E+06
  0.1644444444E+00  0.6195645074E+06
  0.1647222222E+00  0.6162638083E+06
  0.1650000000E+00  0.6129631078E+06
  0.1652777778E+00  0.6101428681E+06
  0.1655555556E+00  0.6073226284E+06
  0.1658333333E+00  0.6045023774E+06
  0.1661111111E+00  0.6016821377E+06
  0.1663888889E+00  0.5988618980E+06
  0.1666666667E+00  0.5960416471E+06
  0.1669444444E+00  0.5932214074E+06
  0.1672222222E+00  0.5904011677E+06
  0.1675000000E+00  0.5875809180E+06
  0.1677777778E+00  0.5847606771E+06
  0.1680555556E+00  0.5819404374E+06
  0.1683333333E+00  0.5791201876E+06
  0.1686111111E+00  0.5762999479E+06
  0.1688888889E+00  0.5734797070E+06
  0.1691666667E+00  0.5706594573E+06
  0.1694444444E+00  0.5678392176E+06
  0.1697222222E+00  0.5650189779E+06
  0.1700000000E+00  0.5621987270E+06
  0.1702777778E+00  0.5597031113E+06
  0.1705555556E+00  0.5572074945E+06
  0.1708333333E+00  0.5547118678E+06
  0.1711111111E+00  0.5522162475E+06
  0.1713888889E+00  0.5497206207E+06
  0.1716666667E+00  0.5472250050E+06
  0.1719444444E+00  0.5447293782E+06
  0.1722222222E+00  0.5422337581E+06
  0.1725000000E+00  0.5397381312E+06
  0.1727777778E+00  0.5372425145E+06
  0.1730555556E+00  0.5347468887E+06
  0.1733333333E+00  0.5322512720E+06
  0.1736111111E+00  0.5297556519E+06
  0.1738888889E+00  0.5272600250E+06
  0.1741666667E+00  0.5247644093E+06
  0.1744444444E+00  0.5222687825E+06
  0.1747222222E+00  0.5197731657E+06
  0.1750000000E+00  0.5172775356E+06
  0.1752777778E+00  0.5149949928E+06
  0.1755555556E+00  0.5127124356E+06
  0.1758333333E+00  0.5104298895E+06
  0.1761111111E+00  0.5081473357E+06
  0.1763888889E+00  0.5058647896E+06
  0.1766666667E+00  0.5035822425E+06
  0.1769444444E+00  0.5012996897E+06
  0.1772222222E+00  0.4990171426E+06
  0.1775000000E+00  0.4967345865E+06
  0.1777777778E+00  0.4944520426E+06
  0.1780555556E+00  0.4921694865E+06
  0.1783333333E+00  0.4898869393E+06
  0.1786111111E+00  0.4876043866E+06
  0.1788888889E+00  0.4853218394E+06
  0.1791666667E+00  0.4830392833E+06
  0.1794444444E+00  0.4807567362E+06
  0.1797222222E+00  0.4784741835E+06
  0.1800000000E+00  0.4761916363E+06
  0.1802777778E+00  0.4740490008E+06
  0.1805555556E+00  0.4719063642E+06
  0.1808333333E+00  0.4697637327E+06
  0.1811111111E+00  0.4676210981E+06
  0.1813888889E+00  0.4654784659E+06
  0.1816666667E+00  0.4633358324E+06
  0.1819444444E+00  0.4611931969E+06
  0.1822222222E+00  0.4590505623E+06
  0.1825000000E+00  0.4569079279E+06
  0.1827777778E+00  0.4547652933E+06
  0.1830555556E+00  0.4526226578E+06
  0.1833333333E+00  0.4504800233E+06
  0.1836111111E+00  0.4483373887E+06
  0.1838888889E+00  0.4461947542E+06
  0.1841666667E+00  0.4440521196E+06
  0.1844444444E+00  0.4419094874E+06
  0.1847222222E+00  0.4397668539E+06
  0.1850000000E+00  0.4376242184E+06
  0.1852777778E+00  0.4355803387E+06
  0.1855555556E+00  0.4335364600E+06
  0.1858333333E+00  0.4314925824E+06
  0.1861111111E+00  0.4294487027E+06
  0.1863888889E+00  0.4274048241E+06
  0.1866666667E+00  0.4253609444E+06
  0.1869444444E+00  0.4233170657E+06
  0.1872222222E+00  0.4212731872E+06
  0.1875000000E+00  0.4192293084E+06
  0.1877777778E+00  0.4171854287E+06
  0.1880555556E+00  0.4151415500E+06
  0.1883333333E+00  0.4130976713E+06
  0.1886111111E+00  0.4110537928E+06
  0.1888888889E+00  0.4090099141E+06
  0.1891666667E+00  0.4069660344E+06
  0.1894444444E+00  0.4049221557E+06
  0.1897222222E+00  0.4028782760E+06
  0.1900000000E+00  0.4008343985E+06
  0.1902777778E+00  0.3988727629E+06
  0.1905555556E+00  0.3969111318E+06
  0.1908333333E+00  0.3949495008E+06
  0.1911111111E+00  0.3929878652E+06
  0.1913888889E+00  0.3910262352E+06
  0.1916666667E+00  0.3890646030E+06
  0.1919444444E+00  0.3871029685E+06
  0.1922222222E+00  0.3851413375E+06
  0.1925000000E+00  0.3831797063E+06
  0.1927777778E+00  0.3812180719E+06
  0.1930555556E+00  0.3792564398E+06
  0.1933333333E+00  0.3772948064E+06
  0.1936111111E+00  0.3753331743E+06
  0.1938888889E+00  0.3733715432E+06
  0.1941666667E+00  0.3714099087E+06
  0.1944444444E+00  0.3694482766E+06
  0.1947222222E+00  0.3674866465E+06
  0.1950000000E+00  0.3655250110E+06
  0.1952777778E+00  0.3636471334E+06
  0.1955555556E+00  0.3617692590E+06
  0.1958333333E+00  0.3598913804E+06
  0.1961111111E+00  0.3580135028E+06
  0.1963888889E+00  0.3561356285E+06
  0.1966666667E+00  0.3542577497E+06
  0.1969444444E+00  0.3523798710E+06
  0.1972222222E+00  0.3505019967E+06
  0.1975000000E+00  0.3486241190E+06
  0.1977777778E+00  0.3467462405E+06
  0.1980555556E+00  0.3448683628E+06
  0.1983333333E+00  0.3429904885E+06
  0.1986111111E+00  0.3411126098E+06
  0.1988888889E+00  0.3392347321E+06
  0.1991666667E+00  0.3373568567E+06
  0.1994444444E+00  0.3354789790E+06
  0.1997222222E+00  0.3336011004E+06
  0.2000000000E+00  0.3317232228E+06
  0.2002777778E+00  0.3299418904E+06
  0.2005555556E+00  0.3281605561E+06
  0.2008333333E+00  0.3263792238E+06
  0.2011111111E+00  0.3245978894E+06
  0.2013888889E+00  0.3228165559E+06
  0.2016666667E+00  0.3210352226E+06
  0.2019444444E+00  0.3192538892E+06
  0.2022222222E+00  0.3174725559E+06
  0.2025000000E+00  0.3156912225E+06
  0.2027777778E+00  0.3139098892E+06
  0.2030555556E+00  0.3121285559E+06
  0.2033333333E+00  0.3103472225E+06
  0.2036111111E+00  0.3085658891E+06
  0.2038888889E+00  0.3067845558E+06
  0.2041666667E+00  0.3050032224E+06
  0.2044444444E+00  0.3032218891E+06
  0.2047222222E+00  0.3014405523E+06
  0.2050000000E+00  0.2996592180E+06
  0.2052777778E+00  0.2979934237E+06
  0.2055555556E+00  0.2963276305E+06
  0.2058333333E+00  0.2946618352E+06
  0.2061111111E+00  0.2929960410E+06
  0.2063888889E+00  0.2913302467E+06
  0.2066666667E+00  0.2896644524E+06
  0.2069444444E+00  0.2879986571E+06
  0.2072222222E+00  0.2863328629E+06
  0.2075000000E+00  0.2846670686E+06
  0.2077777778E+00  0.2830012733E+06
  0.2080555556E+00  0.2813354790E+06
  0.2083333333E+00  0.2796696848E+06
  0.2086111111E+00  0.2780038895E+06
  0.2088888889E+00  0.2763380952E+06
  0.2091666667E+00  0.2746723009E+06
  0.2094444444E+00  0.2730065058E+06
  0.2097222222E+00  0.2713407115E+06
  0.2100000000E+00  0.2696749138E+06
  0.2102777778E+00  0.2681449278E+06
  0.2105555556E+00  0.2666149387E+06
  0.2108333333E+00  0.2650849493E+06
  0.2111111111E+00  0.2635549600E+06
  0.2113888889E+00  0.2620249706E+06
  0.2116666667E+00  0.2604949814E+06
  0.2119444444E+00  0.2589649920E+06
  0.2122222222E+00  0.2574350027E+06
  0.2125000000E+00  0.2559050167E+06
  0.2127777778E+00  0.2543750265E+06
  0.2130555556E+00  0.2528450371E+06
  0.2133333333E+00  0.2513150477E+06
  0.2136111111E+00  0.2497850584E+06
  0.2138888889E+00  0.2482550691E+06
  0.2141666667E+00  0.2467250798E+06
  0.2144444444E+00  0.2451950905E+06
  0.2147222222E+00  0.2436651034E+06
  0.2150000000E+00  0.2421351142E+06
  0.2152777778E+00  0.2407588209E+06
  0.2155555556E+00  0.2393825267E+06
  0.2158333333E+00  0.2380062368E+06
  0.2161111111E+00  0.2366299414E+06
  0.2163888889E+00  0.2352536482E+06
  0.2166666667E+00  0.2338773574E+06
  0.2169444444E+00  0.2325010642E+06
  0.2172222222E+00  0.2311247688E+06
  0.2175000000E+00  0.2297484789E+06
  0.2177777778E+00  0.2283721846E+06
  0.2180555556E+00  0.2269958904E+06
  0.2183333333E+00  0.2256195961E+06
  0.2186111111E+00  0.2242433052E+06
  0.2188888889E+00  0.2228670120E+06
  0.2191666667E+00  0.2214907177E+06
  0.2194444444E+00  0.2201144267E+06
  0.2197222222E+00  0.2187381325E+06
  0.2200000000E+00  0.2173618393E+06
  0.2202777778E+00  0.2161525509E+06
  0.2205555556E+00  0.2149432636E+06
  0.2208333333E+00  0.2137339720E+06
  0.2211111111E+00  0.2125246836E+06
  0.2213888889E+00  0.2113153964E+06
  0.2216666667E+00  0.2101061047E+06
  0.2219444444E+00  0.2088968173E+06
  0.2222222222E+00  0.2076875301E+06
  0.2225000000E+00  0.2064782384E+06
  0.2227777778E+00  0.2052689512E+06
  0.2230555556E+00  0.2040596628E+06
  0.2233333333E+00  0.2028503711E+06
  0.2236111111E+00  0.2016410839E+06
  0.2238888889E+00  0.2004317922E+06
  0.2241666667E+00  0.1992225049E+06
  0.2244444444E+00  0.1980132176E+06
  0.2247222222E+00  0.1968039259E+06
  0.2250000000E+00  0.1955946387E+06
  0.2252777778E+00  0.1945591858E+06
  0.2255555556E+00  0.1935237339E+06
  0.2258333333E+00  0.1924882821E+06
  0.2261111111E+00  0.1914528292E+06
  0.2263888889E+00  0.1904173764E+06
  0.2266666667E+00  0.1893819268E+06
  0.2269444444E+00  0.1883464750E+06
  0.2272222222E+00  0.1873110231E+06
  0.2275000000E+00  0.1862755702E+06
  0.2277777778E+00  0.1852401184E+06
  0.2280555556E+00  0.1842046666E+06
  0.2283333333E+00  0.1831692137E+06
  0.2286111111E+00  0.1821337618E+06
  0.2288888889E+00  0.1810983089E+06
  0.2291666667E+00  0.1800628571E+06
  0.2294444444E+00  0.1790274053E+06
  0.2297222222E+00  0.1779919523E+06
  0.2300000000E+00  0.1769565039E+06
  0.2302777778E+00  0.1760949771E+06
  0.2305555556E+00  0.1752334558E+06
  0.2308333333E+00  0.1743719344E+06
  0.2311111111E+00  0.1735104076E+06
  0.2313888889E+00  0.1726488863E+06
  0.2316666667E+00  0.1717873638E+06
  0.2319444444E+00  0.1709258415E+06
  0.2322222222E+00  0.1700643169E+06
  0.2325000000E+00  0.1692027944E+06
  0.2327777778E+00  0.1683412731E+06
  0.2330555556E+00  0.1674797508E+06
  0.2333333333E+00  0.1666182249E+06
  0.2336111111E+00  0.1657567036E+06
  0.2338888889E+00  0.1648951802E+06
  0.2341666667E+00  0.1640336555E+06
  0.2344444444E+00  0.1631721342E+06
  0.2347222222E+00  0.1623106107E+06
  0.2350000000E+00  0.1614490894E+06
  0.2352777778E+00  0.1607546980E+06
  0.2355555556E+00  0.1600603110E+06
  0.2358333333E+00  0.1593659195E+06
  0.2361111111E+00  0.1586715326E+06
  0.2363888889E+00  0.1579771412E+06
  0.2366666667E+00  0.1572827542E+06
  0.2369444444E+00  0.1565883637E+06
  0.2372222222E+00  0.1558939767E+06
  0.2375000000E+00  0.1551995853E+06
  0.2377777778E+00  0.1545051984E+06
  0.2380555556E+00  0.1538108069E+06
  0.2383333333E+00  0.1531164200E+06
  0.2386111111E+00  0.1524220285E+06
  0.2388888889E+00  0.1517276415E+06
  0.2391666667E+00  0.1510332501E+06
  0.2394444444E+00  0.1503388620E+06
  0.2397222222E+00  0.1496444717E+06
  0.2400000000E+00  0.1489500836E+06
  0.2402777778E+00  0.1484099994E+06
  0.2405555556E+00  0.1478699186E+06
  0.2408333333E+00  0.1473298377E+06
  0.2411111111E+00  0.1467897524E+06
  0.2413888889E+00  0.1462496716E+06
  0.2416666667E+00  0.1457095907E+06
  0.2419444444E+00  0.1451695098E+06
  0.2422222222E+00  0.1446294245E+06
  0.2425000000E+00  0.1440893437E+06
  0.2427777778E+00  0.1435492628E+06
  0.2430555556E+00  0.1430091786E+06
  0.2433333333E+00  0.1424690966E+06
  0.2436111111E+00  0.1419290158E+06
  0.2438888889E+00  0.1413889350E+06
  0.2441666667E+00  0.1408488496E+06
  0.2444444444E+00  0.1403087688E+06
  0.2447222222E+00  0.1397686879E+06
  0.2450000000E+00  0.1392286037E+06
  0.2452777778E+00  0.1388251190E+06
  0.2455555556E+00  0.1384216299E+06
  0.2458333333E+00  0.1380181418E+06
  0.2461111111E+00  0.1376146560E+06
  0.2463888889E+00  0.1372111679E+06
  0.2466666667E+00  0.1368076788E+06
  0.2469444444E+00  0.1364041907E+06
  0.2472222222E+00  0.1360007050E+06
  0.2475000000E+00  0.1355972169E+06
  0.2477777778E+00  0.1351937278E+06
  0.2480555556E+00  0.1347902397E+06
  0.2483333333E+00  0.1343867539E+06
  0.2486111111E+00  0.1339832658E+06
  0.2488888889E+00  0.1335797767E+06
  0.2491666667E+00  0.1331762919E+06
  0.2494444444E+00  0.1327728029E+06
  0.2497222222E+00  0.1323693148E+06
  0.2500000000E+00  0.1319658257E+06
  0.2502777778E+00  0.1316776692E+06
  0.2505555556E+00  0.1313895116E+06
  0.2508333333E+00  0.1311013528E+06
  0.2511111111E+00  0.1308131963E+06
  0.2513888889E+00  0.1305250387E+06
  0.2516666667E+00  0.1302368789E+06
  0.2519444444E+00  0.1299487234E+06
  0.2522222222E+00  0.1296605658E+06
  0.2525000000E+00  0.1293724060E+06
  0.2527777778E+00  0.1290842489E+06
  0.2530555556E+00  0.1287960914E+06
  0.2533333333E+00  0.1285079335E+06
  0.2536111111E+00  0.1282197760E+06
  0.2538888889E+00  0.1279316182E+06
  0.2541666667E+00  0.1276434592E+06
  0.2544444444E+00  0.1273553027E+06
  0.2547222222E+00  0.1270671449E+06
  0.2550000000E+00  0.1267789863E+06
  0.2552777778E+00  0.1265830017E+06
  0.2555555556E+00  0.1263870169E+06
  0.2558333333E+00  0.1261910314E+06
  0.2561111111E+00  0.1259950467E+06
  0.2563888889E+00  0.1257990623E+06
  0.2566666667E+00  0.1256030765E+06
  0.2569444444E+00  0.1254070918E+06
  0.2572222222E+00  0.1252111073E+06
  0.2575000000E+00  0.1250151215E+06
  0.2577777778E+00  0.1248191368E+06
  0.2580555556E+00  0.1246231524E+06
  0.2583333333E+00  0.1244271666E+06
  0.2586111111E+00  0.1242311832E+06
  0.2588888889E+00  0.1240351974E+06
  0.2591666667E+00  0.1238392116E+06
  0.2594444444E+00  0.1236432283E+06
  0.2597222222E+00  0.1234472425E+06
  0.2600000000E+00  0.1232512567E+06
  0.2602777778E+00  0.1231236953E+06
  0.2605555556E+00  0.1229961313E+06
  0.2608333333E+00  0.1228685696E+06
  0.2611111111E+00  0.1227410060E+06
  0.2613888889E+00  0.1226134435E+06
  0.2616666667E+00  0.1224858802E+06
  0.2619444444E+00  0.1223583181E+06
  0.2622222222E+00  0.1222307547E+06
  0.2625000000E+00  0.1221031923E+06
  0.2627777778E+00  0.1219756292E+06
  0.2630555556E+00  0.1218480668E+06
  0.2633333333E+00  0.1217205034E+06
  0.2636111111E+00  0.1215929410E+06
  0.2638888889E+00  0.1214653780E+06
  0.2641666667E+00  0.1213378146E+06
  0.2644444444E+00  0.1212102522E+06
  0.2647222222E+00  0.1210826891E+06
  0.2650000000E+00  0.1209551267E+06
  0.2652777778E+00  0.1208731250E+06
  0.2655555556E+00  0.1207911235E+06
  0.2658333333E+00  0.1207091217E+06
  0.2661111111E+00  0.1206271200E+06
  0.2663888889E+00  0.1205451182E+06
  0.2666666667E+00  0.1204631168E+06
  0.2669444444E+00  0.1203811150E+06
  0.2672222222E+00  0.1202991132E+06
  0.2675000000E+00  0.1202171115E+06
  0.2677777778E+00  0.1201351100E+06
  0.2680555556E+00  0.1200531083E+06
  0.2683333333E+00  0.1199711065E+06
  0.2686111111E+00  0.1198891048E+06
  0.2688888889E+00  0.1198071020E+06
  0.2691666667E+00  0.1197251005E+06
  0.2694444444E+00  0.1196430988E+06
  0.2697222222E+00  0.1195610970E+06
  0.2700000000E+00  0.1194790953E+06
  0.2702777778E+00  0.1194218061E+06
  0.2705555556E+00  0.1193645163E+06
  0.2708333333E+00  0.1193072270E+06
  0.2711111111E+00  0.1192499364E+06
  0.2713888889E+00  0.1191926471E+06
  0.2716666667E+00  0.1191353575E+06
  0.2719444444E+00  0.1190780683E+06
  0.2722222222E+00  0.1190207776E+06
  0.2725000000E+00  0.1189634884E+06
  0.2727777778E+00  0.1189061987E+06
  0.2730555556E+00  0.1188489095E+06
  0.2733333333E+00  0.1187916188E+06
  0.2736111111E+00  0.1187343296E+06
  0.2738888889E+00  0.1186770399E+06
  0.2741666667E+00  0.1186197507E+06
  0.2744444444E+00  0.1185624601E+06
  0.2747222222E+00  0.1185051708E+06
  0.2750000000E+00  0.1184478811E+06
  0.2752777778E+00  0.1183972890E+06
  0.2755555556E+00  0.1183466969E+06
  0.2758333333E+00  0.1182961047E+06
  0.2761111111E+00  0.1182455116E+06
  0.2763888889E+00  0.1181949195E+06
  0.2766666667E+00  0.1181443274E+06
  0.2769444444E+00  0.1180937353E+06
  0.2772222222E+00  0.1180431431E+06
  0.2775000000E+00  0.1179925510E+06
  0.2777777778E+00  0.1179419589E+06
  0.2780555556E+00  0.1178913667E+06
  0.2783333333E+00  0.1178407750E+06
  0.2786111111E+00  0.1177901828E+06
  0.2788888889E+00  0.1177395907E+06
  0.2791666667E+00  0.1176889987E+06
  0.2794444444E+00  0.1176384065E+06
  0.2797222222E+00  0.1175878144E+06
  0.2800000000E+00  0.1175372212E+06
  0.2802777778E+00  0.1174788072E+06
  0.2805555556E+00  0.1174203925E+06
  0.2808333333E+00  0.1173619785E+06
  0.2811111111E+00  0.1173035638E+06
  0.2813888889E+00  0.1172451487E+06
  0.2816666667E+00  0.1171867351E+06
  0.2819444444E+00  0.1171283200E+06
  0.2822222222E+00  0.1170699054E+06
  0.2825000000E+00  0.1170114913E+06
  0.2827777778E+00  0.1169530767E+06
  0.2830555556E+00  0.1168946625E+06
  0.2833333333E+00  0.1168362478E+06
  0.2836111111E+00  0.1167778328E+06
  0.2838888889E+00  0.1167194191E+06
  0.2841666667E+00  0.1166610041E+06
  0.2844444444E+00  0.1166025894E+06
  0.2847222222E+00  0.1165441754E+06
  0.2850000000E+00  0.1164857607E+06
  0.2852777778E+00  0.1164088565E+06
  0.2855555556E+00  0.1163319528E+06
  0.2858333333E+00  0.1162550491E+06
  0.2861111111E+00  0.1161781439E+06
  0.2863888889E+00  0.1161012402E+06
  0.2866666667E+00  0.1160243364E+06
  0.2869444444E+00  0.1159474323E+06
  0.2872222222E+00  0.1158705286E+06
  0.2875000000E+00  0.1157936238E+06
  0.2877777778E+00  0.1157167201E+06
  0.2880555556E+00  0.1156398160E+06
  0.2883333333E+00  0.1155629122E+06
  0.2886111111E+00  0.1154860085E+06
  0.2888888889E+00  0.1154091033E+06
  0.2891666667E+00  0.1153321996E+06
  0.2894444444E+00  0.1152552958E+06
  0.2897222222E+00  0.1151783917E+06
  0.2900000000E+00  0.1151014880E+06
  0.2902777778E+00  0.1149992145E+06
  0.2905555556E+00  0.1148969408E+06
  0.2908333333E+00  0.1147946670E+06
  0.2911111111E+00  0.1146923936E+06
  0.2913888889E+00  0.1145901199E+06
  0.2916666667E+00  0.1144878465E+06
  0.2919444444E+00  0.1143855727E+06
  0.2922222222E+00  0.1142832994E+06
  0.2925000000E+00  0.1141810256E+06
  0.2927777778E+00  0.1140787522E+06
  0.2930555556E+00  0.1139764785E+06
  0.2933333333E+00  0.1138742051E+06
  0.2936111111E+00  0.1137719313E+06
  0.2938888889E+00  0.1136696576E+06
  0.2941666667E+00  0.1135673841E+06
  0.2944444444E+00  0.1134651104E+06
  0.2947222222E+00  0.1133628370E+06
  0.2950000000E+00  0.1132605633E+06
  0.2952777778E+00  0.1131298795E+06
  0.2955555556E+00  0.1129991957E+06
  0.2958333333E+00  0.1128685120E+06
  0.2961111111E+00  0.1127378272E+06
  0.2963888889E+00  0.1126071435E+06
  0.2966666667E+00  0.1124764597E+06
  0.2969444444E+00  0.1123457760E+06
  0.2972222222E+00  0.1122150921E+06
  0.2975000000E+00  0.1120844074E+06
  0.2977777778E+00  0.1119537236E+06
  0.2980555556E+00  0.1118230398E+06
  0.2983333333E+00  0.1116923561E+06
  0.2986111111E+00  0.1115616723E+06
  0.2988888889E+00  0.1114309876E+06
  0.2991666667E+00  0.1113003037E+06
  0.2994444444E+00  0.1111696200E+06
  0.2997222222E+00  0.1110389362E+06
  0.3000000000E+00  0.1109082525E+06
  0.3002777778E+00  0.1107493734E+06
  0.3005555556E+00  0.1105904951E+06
  0.3008333333E+00  0.1104316171E+06
  0.3011111111E+00  0.1102727378E+06
  0.3013888889E+00  0.1101138598E+06
  0.3016666667E+00  0.1099549814E+06
  0.3019444444E+00  0.1097961035E+06
  0.3022222222E+00  0.1096372242E+06
  0.3025000000E+00  0.1094783461E+06
  0.3027777778E+00  0.1093194678E+06
  0.3030555556E+00  0.1091605898E+06
  0.3033333333E+00  0.1090017105E+06
  0.3036111111E+00  0.1088428324E+06
  0.3038888889E+00  0.1086839541E+06
  0.3041666667E+00  0.1085250751E+06
  0.3044444444E+00  0.1083661968E+06
  0.3047222222E+00  0.1082073189E+06
  0.3050000000E+00  0.1080484404E+06
  0.3052777778E+00  0.1078644592E+06
  0.3055555556E+00  0.1076804770E+06
  0.3058333333E+00  0.1074964958E+06
  0.3061111111E+00  0.1073125145E+06
  0.3063888889E+00  0.1071285333E+06
  0.3066666667E+00  0.1069445521E+06
  0.3069444444E+00  0.1067605709E+06
  0.3072222222E+00  0.1065765886E+06
  0.3075000000E+00  0.1063926074E+06
  0.3077777778E+00  0.1062086262E+06
  0.3080555556E+00  0.1060246450E+06
  0.3083333333E+00  0.1058406637E+06
  0.3086111111E+00  0.1056566825E+06
  0.3088888889E+00  0.1054727013E+06
  0.3091666667E+00  0.1052887190E+06
  0.3094444444E+00  0.1051047378E+06
  0.3097222222E+00  0.1049207566E+06
  0.3100000000E+00  0.1047367754E+06
  0.3102777778E+00  0.1045330478E+06
  0.3105555556E+00  0.1043293202E+06
  0.3108333333E+00  0.1041255927E+06
  0.3111111111E+00  0.1039218652E+06
  0.3113888889E+00  0.1037181366E+06
  0.3116666667E+00  0.1035144091E+06
  0.3119444444E+00  0.1033106816E+06
  0.3122222222E+00  0.1031069540E+06
  0.3125000000E+00  0.1029032264E+06
  0.3127777778E+00  0.1026994989E+06
  0.3130555556E+00  0.1024957714E+06
  0.3133333333E+00  0.1022920439E+06
  0.3136111111E+00  0.1020883162E+06
  0.3138888889E+00  0.1018845887E+06
  0.3141666667E+00  0.1016808602E+06
  0.3144444444E+00  0.1014771327E+06
  0.3147222222E+00  0.1012734051E+06
  0.3150000000E+00  0.1010696776E+06
  0.3152777778E+00  0.1008532214E+06
  0.3155555556E+00  0.1006367656E+06
  0.3158333333E+00  0.1004203096E+06
  0.3161111111E+00  0.1002038538E+06
  0.3163888889E+00  0.9998739767E+05
  0.3166666667E+00  0.9977094154E+05
  0.3169444444E+00  0.9955448573E+05
  0.3172222222E+00  0.9933802860E+05
  0.3175000000E+00  0.9912157279E+05
  0.3177777778E+00  0.9890511666E+05
  0.3180555556E+00  0.9868866052E+05
  0.3183333333E+00  0.9847220483E+05
  0.3186111111E+00  0.9825574870E+05
  0.3188888889E+00  0.9803929290E+05
  0.3191666667E+00  0.9782283676E+05
  0.3194444444E+00  0.9760638096E+05
  0.3197222222E+00  0.9738992482E+05
  0.3200000000E+00  0.9717346868E+05
  0.3202777778E+00  0.9695216187E+05
  0.3205555556E+00  0.9673085617E+05
  0.3208333333E+00  0.9650954902E+05
  0.3211111111E+00  0.9628824223E+05
  0.3213888889E+00  0.9606693608E+05
  0.3216666667E+00  0.9584562926E+05
  0.3219444444E+00  0.9562432356E+05
  0.3222222222E+00  0.9540301642E+05
  0.3225000000E+00  0.9518171060E+05
  0.3227777778E+00  0.9496040346E+05
  0.3230555556E+00  0.9473909764E+05
  0.3233333333E+00  0.9451779085E+05
  0.3236111111E+00  0.9429648381E+05
  0.3238888889E+00  0.9407517800E+05
  0.3241666667E+00  0.9385387085E+05
  0.3244444444E+00  0.9363256504E+05
  0.3247222222E+00  0.9341125822E+05
  0.3250000000E+00  0.9318995208E+05
  0.3252777778E+00  0.9297213998E+05
  0.3255555556E+00  0.9275432744E+05
  0.3258333333E+00  0.9253651490E+05
  0.3261111111E+00  0.9231870268E+05
  0.3263888889E+00  0.9210089014E+05
  0.3266666667E+00  0.9188307872E+05
  0.3269444444E+00  0.9166526650E+05
  0.3272222222E+00  0.9144745396E+05
  0.3275000000E+00  0.9122964141E+05
  0.3277777778E+00  0.9101182921E+05
  0.3280555556E+00  0.9079401677E+05
  0.3283333333E+00  0.9057620523E+05
  0.3286111111E+00  0.9035839302E+05
  0.3288888889E+00  0.9014058048E+05
  0.3291666667E+00  0.8992276794E+05
  0.3294444444E+00  0.8970495584E+05
  0.3297222222E+00  0.8948714330E+05
  0.3300000000E+00  0.8926933175E+05
  0.3302777778E+00  0.8906298287E+05
  0.3305555556E+00  0.8885663365E+05
  0.3308333333E+00  0.8865028477E+05
  0.3311111111E+00  0.8844393567E+05
  0.3313888889E+00  0.8823758645E+05
  0.3316666667E+00  0.8803123858E+05
  0.3319444444E+00  0.8782488936E+05
  0.3322222222E+00  0.8761854048E+05
  0.3325000000E+00  0.8741219126E+05
  0.3327777778E+00  0.8720584239E+05
  0.3330555556E+00  0.8699949427E+05
  0.3333333333E+00  0.8679314507E+05
  0.3336111111E+00  0.8658679619E+05
  0.3338888889E+00  0.8638044697E+05
  0.3341666667E+00  0.8617409809E+05
  0.3344444444E+00  0.8596774887E+05
  0.3347222222E+00  0.8576140066E+05
  0.3350000000E+00  0.8555505189E+05
  0.3352777778E+00  0.8536748344E+05
  0.3355555556E+00  0.8517991533E+05
  0.3358333333E+00  0.8499234698E+05
  0.3361111111E+00  0.8480477853E+05
  0.3363888889E+00  0.8461721052E+05
  0.3366666667E+00  0.8442964207E+05
  0.3369444444E+00  0.8424207374E+05
  0.3372222222E+00  0.8405450562E+05
  0.3375000000E+00  0.8386693716E+05
  0.3377777778E+00  0.8367936882E+05
  0.3380555556E+00  0.8349180070E+05
  0.3383333333E+00  0.8330423236E+05
  0.3386111111E+00  0.8311666391E+05
  0.3388888889E+00  0.8292909591E+05
  0.3391666667E+00  0.8274152746E+05
  0.3394444444E+00  0.8255395912E+05
  0.3397222222E+00  0.8236639100E+05
  0.3400000000E+00  0.8217882254E+05
  0.3402777778E+00  0.8201618864E+05
  0.3405555556E+00  0.8185355473E+05
  0.3408333333E+00  0.8169092071E+05
  0.3411111111E+00  0.8152828680E+05
  0.3413888889E+00  0.8136565290E+05
  0.3416666667E+00  0.8120301887E+05
  0.3419444444E+00  0.8104038497E+05
  0.3422222222E+00  0.8087775095E+05
  0.3425000000E+00  0.8071511704E+05
  0.3427777778E+00  0.8055248313E+05
  0.3430555556E+00  0.8038984911E+05
  0.3433333333E+00  0.8022721521E+05
  0.3436111111E+00  0.8006458130E+05
  0.3438888889E+00  0.7990194727E+05
  0.3441666667E+00  0.7973931337E+05
  0.3444444444E+00  0.7957667935E+05
  0.3447222222E+00  0.7941404544E+05
  0.3450000000E+00  0.7925141153E+05
  0.3452777778E+00  0.7911843357E+05
  0.3455555556E+00  0.7898545561E+05
  0.3458333333E+00  0.7885247764E+05
  0.3461111111E+00  0.7871949980E+05
  0.3463888889E+00  0.7858652184E+05
  0.3466666667E+00  0.7845354387E+05
  0.3469444444E+00  0.7832056602E+05
  0.3472222222E+00  0.7818758806E+05
  0.3475000000E+00  0.7805461010E+05
  0.3477777778E+00  0.7792163213E+05
  0.3480555556E+00  0.7778865329E+05
  0.3483333333E+00  0.7765567532E+05
  0.3486111111E+00  0.7752269736E+05
  0.3488888889E+00  0.7738971939E+05
  0.3491666667E+00  0.7725674155E+05
  0.3494444444E+00  0.7712376358E+05
  0.3497222222E+00  0.7699078562E+05
  0.3500000000E+00  0.7685780777E+05
  0.3502777778E+00  0.7675757728E+05
  0.3505555556E+00  0.7665734645E+05
  0.3508333333E+00  0.7655711597E+05
  0.3511111111E+00  0.7645688514E+05
  0.3513888889E+00  0.7635665466E+05
  0.3516666667E+00  0.7625642383E+05
  0.3519444444E+00  0.7615619333E+05
  0.3522222222E+00  0.7605596252E+05
  0.3525000000E+00  0.7595573202E+05
  0.3527777778E+00  0.7585550165E+05
  0.3530555556E+00  0.7575527082E+05
  0.3533333333E+00  0.7565504034E+05
  0.3536111111E+00  0.7555480951E+05
  0.3538888889E+00  0.7545457902E+05
  0.3541666667E+00  0.7535434820E+05
  0.3544444444E+00  0.7525411770E+05
  0.3547222222E+00  0.7515388689E+05
  0.3550000000E+00  0.7505365639E+05
  0.3552777778E+00  0.7498755694E+05
  0.3555555556E+00  0.7492145749E+05
  0.3558333333E+00  0.7485535726E+05
  0.3561111111E+00  0.7478925781E+05
  0.3563888889E+00  0.7472315824E+05
  0.3566666667E+00  0.7465705779E+05
  0.3569444444E+00  0.7459095834E+05
  0.3572222222E+00  0.7452485877E+05
  0.3575000000E+00  0.7445875866E+05
  0.3577777778E+00  0.7439265920E+05
  0.3580555556E+00  0.7432655964E+05
  0.3583333333E+00  0.7426045919E+05
  0.3586111111E+00  0.7419435974E+05
  0.3588888889E+00  0.7412826017E+05
  0.3591666667E+00  0.7406216005E+05
  0.3594444444E+00  0.7399606049E+05
  0.3597222222E+00  0.7392996104E+05
  0.3600000000E+00  0.7386386058E+05
  0.3602777778E+00  0.7383156414E+05
  0.3605555556E+00  0.7379926735E+05
  0.3608333333E+00  0.7376697091E+05
  0.3611111111E+00  0.7373467446E+05
  0.3613888889E+00  0.7370237668E+05
  0.3616666667E+00  0.7367008023E+05
  0.3619444444E+00  0.7363778345E+05
  0.3622222222E+00  0.7360548700E+05
  0.3625000000E+00  0.7357319056E+05
  0.3627777778E+00  0.7354089378E+05
  0.3630555556E+00  0.7350859633E+05
  0.3633333333E+00  0.7347629999E+05
  0.3636111111E+00  0.7344400321E+05
  0.3638888889E+00  0.7341170676E+05
  0.3641666667E+00  0.7337940998E+05
  0.3644444444E+00  0.7334711353E+05
  0.3647222222E+00  0.7331481609E+05
  0.3650000000E+00  0.7328251930E+05
  0.3652777778E+00  0.7328211176E+05
  0.3655555556E+00  0.7328170533E+05
  0.3658333333E+00  0.7328129744E+05
  0.3661111111E+00  0.7328089000E+05
  0.3663888889E+00  0.7328048213E+05
  0.3666666667E+00  0.7328007469E+05
  0.3669444444E+00  0.7327966680E+05
  0.3672222222E+00  0.7327925938E+05
  0.3675000000E+00  0.7327885149E+05
  0.3677777778E+00  0.7327844405E+05
  0.3680555556E+00  0.7327803618E+05
  0.3683333333E+00  0.7327762963E+05
  0.3686111111E+00  0.7327722219E+05
  0.3688888889E+00  0.7327681432E+05
  0.3691666667E+00  0.7327640688E+05
  0.3694444444E+00  0.7327599899E+05
  0.3697222222E+00  0.7327559156E+05
  0.3700000000E+00  0.7327518368E+05
  0.3702777778E+00  0.7330330130E+05
  0.3705555556E+00  0.7333141846E+05
  0.3708333333E+00  0.7335953574E+05
  0.3711111111E+00  0.7338765291E+05
  0.3713888889E+00  0.7341576952E+05
  0.3716666667E+00  0.7344388681E+05
  0.3719444444E+00  0.7347200397E+05
  0.3722222222E+00  0.7350012126E+05
  0.3725000000E+00  0.7352823842E+05
  0.3727777778E+00  0.7355635604E+05
  0.3730555556E+00  0.7358447332E+05
  0.3733333333E+00  0.7361258949E+05
  0.3736111111E+00  0.7364070677E+05
  0.3738888889E+00  0.7366882428E+05
  0.3741666667E+00  0.7369694155E+05
  0.3744444444E+00  0.7372505873E+05
  0.3747222222E+00  0.7375317600E+05
  0.3750000000E+00  0.7378129361E+05
  0.3752777778E+00  0.7383342996E+05
  0.3755555556E+00  0.7388556742E+05
  0.3758333333E+00  0.7393770521E+05
  0.3761111111E+00  0.7398984167E+05
  0.3763888889E+00  0.7404197913E+05
  0.3766666667E+00  0.7409411692E+05
  0.3769444444E+00  0.7414625438E+05
  0.3772222222E+00  0.7419839084E+05
  0.3775000000E+00  0.7425052863E+05
  0.3777777778E+00  0.7430266609E+05
  0.3780555556E+00  0.7435480355E+05
  0.3783333333E+00  0.7440694034E+05
  0.3786111111E+00  0.7445907779E+05
  0.3788888889E+00  0.7451121525E+05
  0.3791666667E+00  0.7456335305E+05
  0.3794444444E+00  0.7461548939E+05
  0.3797222222E+00  0.7466762719E+05
  0.3800000000E+00  0.7471976465E+05
  0.3802777778E+00  0.7479045102E+05
  0.3805555556E+00  0.7486113850E+05
  0.3808333333E+00  0.7493182588E+05
  0.3811111111E+00  0.7500251225E+05
  0.3813888889E+00  0.7507319963E+05
  0.3816666667E+00  0.7514388600E+05
  0.3819444444E+00  0.7521457338E+05
  0.3822222222E+00  0.7528526109E+05
  0.3825000000E+00  0.7535594746E+05
  0.3827777778E+00  0.7542663483E+05
  0.3830555556E+00  0.7549732131E+05
  0.3833333333E+00  0.7556800870E+05
  0.3836111111E+00  0.7563869607E+05
  0.3838888889E+00  0.7570938244E+05
  0.3841666667E+00  0.7578006981E+05
  0.3844444444E+00  0.7585075618E+05
  0.3847222222E+00  0.7592144357E+05
  0.3850000000E+00  0.7599213094E+05
  0.3852777778E+00  0.7607541877E+05
  0.3855555556E+00  0.7615870629E+05
  0.3858333333E+00  0.7624199479E+05
  0.3861111111E+00  0.7632528230E+05
  0.3863888889E+00  0.7640857080E+05
  0.3866666667E+00  0.7649185864E+05
  0.3869444444E+00  0.7657514715E+05
  0.3872222222E+00  0.7665843466E+05
  0.3875000000E+00  0.7674172317E+05
  0.3877777778E+00  0.7682501100E+05
  0.3880555556E+00  0.7690829852E+05
  0.3883333333E+00  0.7699158702E+05
  0.3886111111E+00  0.7707487452E+05
  0.3888888889E+00  0.7715816304E+05
  0.3891666667E+00  0.7724145087E+05
  0.3894444444E+00  0.7732473939E+05
  0.3897222222E+00  0.7740802689E+05
  0.3900000000E+00  0.7749131539E+05
  0.3902777778E+00  0.7758088233E+05
  0.3905555556E+00  0.7767044983E+05
  0.3908333333E+00  0.7776001731E+05
  0.3911111111E+00  0.7784958414E+05
  0.3913888889E+00  0.7793915163E+05
  0.3916666667E+00  0.7802871946E+05
  0.3919444444E+00  0.7811828595E+05
  0.3922222222E+00  0.7820785389E+05
  0.3925000000E+00  0.7829742138E+05
  0.3927777778E+00  0.7838698787E+05
  0.3930555556E+00  0.7847655570E+05
  0.3933333333E+00  0.7856612318E+05
  0.3936111111E+00  0.7865569001E+05
  0.3938888889E+00  0.7874525751E+05
  0.3941666667E+00  0.7883482499E+05
  0.3944444444E+00  0.7892439194E+05
  0.3947222222E+00  0.7901395942E+05
  0.3950000000E+00  0.7910352725E+05
  0.3952777778E+00  0.7919321495E+05
  0.3955555556E+00  0.7928290366E+05
  0.3958333333E+00  0.7937259247E+05
  0.3961111111E+00  0.7946228117E+05
  0.3963888889E+00  0.7955196986E+05
  0.3966666667E+00  0.7964165857E+05
  0.3969444444E+00  0.7973134627E+05
  0.3972222222E+00  0.7982103508E+05
  0.3975000000E+00  0.7991072378E+05
  0.3977777778E+00  0.8000041249E+05
  0.3980555556E+00  0.8009010118E+05
  0.3983333333E+00  0.8017978988E+05
  0.3986111111E+00  0.8026947769E+05
  0.3988888889E+00  0.8035916673E+05
  0.3991666667E+00  0.8044885543E+05
  0.3994444444E+00  0.8053854413E+05
  0.3997222222E+00  0.8062823295E+05
  0.4000000000E+00  0.8071792165E+05
  0.4002777778E+00  0.8080189380E+05
  0.4005555556E+00  0.8088586630E+05
  0.4008333333E+00  0.8096983846E+05
  0.4011111111E+00  0.8105381106E+05
  0.4013888889E+00  0.8113778322E+05
  0.4016666667E+00  0.8122175571E+05
  0.4019444444E+00  0.8130572786E+05
  0.4022222222E+00  0.8138970047E+05
  0.4025000000E+00  0.8147367363E+05
  0.4027777778E+00  0.8155764612E+05
  0.4030555556E+00  0.8164161828E+05
  0.4033333333E+00  0.8172559077E+05
  0.4036111111E+00  0.8180956337E+05
  0.4038888889E+00  0.8189353553E+05
  0.4041666667E+00  0.8197750802E+05
  0.4044444444E+00  0.8206148018E+05
  0.4047222222E+00  0.8214545278E+05
  0.4050000000E+00  0.8222942494E+05
  0.4052777778E+00  0.8230251361E+05
  0.4055555556E+00  0.8237560126E+05
  0.4058333333E+00  0.8244868860E+05
  0.4061111111E+00  0.8252177626E+05
  0.4063888889E+00  0.8259486493E+05
  0.4066666667E+00  0.8266795225E+05
  0.4069444444E+00  0.8274103992E+05
  0.4072222222E+00  0.8281412759E+05
  0.4075000000E+00  0.8288721526E+05
  0.4077777778E+00  0.8296030358E+05
  0.4080555556E+00  0.8303339125E+05
  0.4083333333E+00  0.8310647903E+05
  0.4086111111E+00  0.8317956670E+05
  0.4088888889E+00  0.8325265502E+05
  0.4091666667E+00  0.8332574268E+05
  0.4094444444E+00  0.8339883035E+05
  0.4097222222E+00  0.8347191802E+05
  0.4100000000E+00  0.8354500535E+05
  0.4102777778E+00  0.8360291157E+05
  0.4105555556E+00  0.8366081689E+05
  0.4108333333E+00  0.8371872312E+05
  0.4111111111E+00  0.8377662844E+05
  0.4113888889E+00  0.8383453366E+05
  0.4116666667E+00  0.8389243999E+05
  0.4119444444E+00  0.8395034520E+05
  0.4122222222E+00  0.8400825020E+05
  0.4125000000E+00  0.8406615653E+05
  0.4127777778E+00  0.8412406175E+05
  0.4130555556E+00  0.8418196708E+05
  0.4133333333E+00  0.8423987329E+05
  0.4136111111E+00  0.8429777862E+05
  0.4138888889E+00  0.8435568484E+05
  0.4141666667E+00  0.8441359017E+05
  0.4144444444E+00  0.8447149539E+05
  0.4147222222E+00  0.8452940171E+05
  0.4150000000E+00  0.8458730660E+05
  0.4152777778E+00  0.8462675097E+05
  0.4155555556E+00  0.8466619400E+05
  0.4158333333E+00  0.8470563703E+05
  0.4161111111E+00  0.8474508117E+05
  0.4163888889E+00  0.8478452455E+05
  0.4166666667E+00  0.8482396858E+05
  0.4169444444E+00  0.8486341161E+05
  0.4172222222E+00  0.8490285464E+05
  0.4175000000E+00  0.8494229867E+05
  0.4177777778E+00  0.8498174203E+05
  0.4180555556E+00  0.8502118606E+05
  0.4183333333E+00  0.8506062922E+05
  0.4186111111E+00  0.8510007325E+05
  0.4188888889E+00  0.8513951661E+05
  0.4191666667E+00  0.8517895964E+05
  0.4194444444E+00  0.8521840367E+05
  0.4197222222E+00  0.8525784671E+05
  0.4200000000E+00  0.8529729073E+05
  0.4202777778E+00  0.8531616258E+05
  0.4205555556E+00  0.8533503398E+05
  0.4208333333E+00  0.8535390548E+05
  0.4211111111E+00  0.8537277688E+05
  0.4213888889E+00  0.8539164927E+05
  0.4216666667E+00  0.8541052078E+05
  0.4219444444E+00  0.8542939217E+05
  0.4222222222E+00  0.8544826368E+05
  0.4225000000E+00  0.8546713507E+05
  0.4227777778E+00  0.8548600780E+05
  0.4230555556E+00  0.8550487930E+05
  0.4233333333E+00  0.8552375070E+05
  0.4236111111E+00  0.8554262220E+05
  0.4238888889E+00  0.8556149360E+05
  0.4241666667E+00  0.8558036610E+05
  0.4244444444E+00  0.8559923750E+05
  0.4247222222E+00  0.8561810889E+05
  0.4250000000E+00  0.8563698074E+05
  0.4252777778E+00  0.8563436100E+05
  0.4255555556E+00  0.8563174139E+05
  0.4258333333E+00  0.8562912110E+05
  0.4261111111E+00  0.8562650137E+05
  0.4263888889E+00  0.8562388175E+05
  0.4266666667E+00  0.8562126136E+05
  0.4269444444E+00  0.8561864174E+05
  0.4272222222E+00  0.8561602235E+05
  0.4275000000E+00  0.8561340272E+05
  0.4277777778E+00  0.8561078210E+05
  0.4280555556E+00  0.8560816271E+05
  0.4283333333E+00  0.8560554308E+05
  0.4286111111E+00  0.8560292336E+05
  0.4288888889E+00  0.8560030307E+05
  0.4291666667E+00  0.8559768346E+05
  0.4294444444E+00  0.8559506406E+05
  0.4297222222E+00  0.8559244444E+05
  0.4300000000E+00  0.8558982371E+05
  0.4302777778E+00  0.8556597107E+05
  0.4305555556E+00  0.8554211831E+05
  0.4308333333E+00  0.8551826568E+05
  0.4311111111E+00  0.8549441293E+05
  0.4313888889E+00  0.8547056017E+05
  0.4316666667E+00  0.8544670620E+05
  0.4319444444E+00  0.8542285346E+05
  0.4322222222E+00  0.8539900081E+05
  0.4325000000E+00  0.8537514806E+05
  0.4327777778E+00  0.8535129542E+05
  0.4330555556E+00  0.8532744267E+05
  0.4333333333E+00  0.8530358859E+05
  0.4336111111E+00  0.8527973595E+05
  0.4338888889E+00  0.8525588319E+05
  0.4341666667E+00  0.8523203055E+05
  0.4344444444E+00  0.8520817781E+05
  0.4347222222E+00  0.8518432506E+05
  0.4350000000E+00  0.8516047208E+05
  0.4352777778E+00  0.8511674360E+05
  0.4355555556E+00  0.8507301512E+05
  0.4358333333E+00  0.8502928776E+05
  0.4361111111E+00  0.8498555894E+05
  0.4363888889E+00  0.8494183145E+05
  0.4366666667E+00  0.8489810297E+05
  0.4369444444E+00  0.8485437560E+05
  0.4372222222E+00  0.8481064679E+05
  0.4375000000E+00  0.8476691931E+05
  0.4377777778E+00  0.8472319083E+05
  0.4380555556E+00  0.8467946335E+05
  0.4383333333E+00  0.8463573465E+05
  0.4386111111E+00  0.8459200717E+05
  0.4388888889E+00  0.8454827868E+05
  0.4391666667E+00  0.8450455087E+05
  0.4394444444E+00  0.8446082250E+05
  0.4397222222E+00  0.8441709502E+05
  0.4400000000E+00  0.8437336654E+05
  0.4402777778E+00  0.8431211505E+05
  0.4405555556E+00  0.8425086256E+05
  0.4408333333E+00  0.8418961018E+05
  0.4411111111E+00  0.8412835869E+05
  0.4413888889E+00  0.8406710653E+05
  0.4416666667E+00  0.8400585405E+05
  0.4419444444E+00  0.8394460155E+05
  0.4422222222E+00  0.8388335006E+05
  0.4425000000E+00  0.8382209757E+05
  0.4427777778E+00  0.8376084508E+05
  0.4430555556E+00  0.8369959403E+05
  0.4433333333E+00  0.8363834154E+05
  0.4436111111E+00  0.8357708905E+05
  0.4438888889E+00  0.8351583756E+05
  0.4441666667E+00  0.8345458506E+05
  0.4444444444E+00  0.8339333291E+05
  0.4447222222E+00  0.8333208143E+05
  0.4450000000E+00  0.8327082893E+05
  0.4452777778E+00  0.8319515408E+05
  0.4455555556E+00  0.8311947789E+05
  0.4458333333E+00  0.8304380193E+05
  0.4461111111E+00  0.8296812707E+05
  0.4463888889E+00  0.8289245122E+05
  0.4466666667E+00  0.8281677593E+05
  0.4469444444E+00  0.8274110008E+05
  0.4472222222E+00  0.8266542512E+05
  0.4475000000E+00  0.8258974926E+05
  0.4477777778E+00  0.8251407308E+05
  0.4480555556E+00  0.8243839811E+05
  0.4483333333E+00  0.8236272225E+05
  0.4486111111E+00  0.8228704741E+05
  0.4488888889E+00  0.8221137111E+05
  0.4491666667E+00  0.8213569626E+05
  0.4494444444E+00  0.8206002041E+05
  0.4497222222E+00  0.8198434411E+05
  0.4500000000E+00  0.8190866926E+05
  0.4502777778E+00  0.8182227846E+05
  0.4505555556E+00  0.8173588767E+05
  0.4508333333E+00  0.8164949700E+05
  0.4511111111E+00  0.8156310687E+05
  0.4513888889E+00  0.8147671608E+05
  0.4516666667E+00  0.8139032539E+05
  0.4519444444E+00  0.8130393461E+05
  0.4522222222E+00  0.8121754348E+05
  0.4525000000E+00  0.8113115268E+05
  0.4527777778E+00  0.8104476301E+05
  0.4530555556E+00  0.8095837222E+05
  0.4533333333E+00  0.8087198109E+05
  0.4536111111E+00  0.8078559040E+05
  0.4538888889E+00  0.8069919962E+05
  0.4541666667E+00  0.8061280882E+05
  0.4544444444E+00  0.8052641870E+05
  0.4547222222E+00  0.8044002801E+05
  0.4550000000E+00  0.8035363723E+05
  0.4552777778E+00  0.8026060940E+05
  0.4555555556E+00  0.8016758167E+05
  0.4558333333E+00  0.8007455385E+05
  0.4561111111E+00  0.7998152601E+05
  0.4563888889E+00  0.7988849829E+05
  0.4566666667E+00  0.7979547048E+05
  0.4569444444E+00  0.7970244264E+05
  0.4572222222E+00  0.7960941492E+05
  0.4575000000E+00  0.7951638709E+05
  0.4577777778E+00  0.7942335926E+05
  0.4580555556E+00  0.7933033143E+05
  0.4583333333E+00  0.7923730371E+05
  0.4586111111E+00  0.7914427608E+05
  0.4588888889E+00  0.7905124826E+05
  0.4591666667E+00  0.7895822054E+05
  0.4594444444E+00  0.7886519271E+05
  0.4597222222E+00  0.7877216498E+05
  0.4600000000E+00  0.7867913726E+05
  0.4602777778E+00  0.7858365908E+05
  0.4605555556E+00  0.7848818068E+05
  0.4608333333E+00  0.7839270249E+05
  0.4611111111E+00  0.7829722388E+05
  0.4613888889E+00  0.7820174581E+05
  0.4616666667E+00  0.7810626729E+05
  0.4619444444E+00  0.7801078889E+05
  0.4622222222E+00  0.7791531071E+05
  0.4625000000E+00  0.7781983220E+05
  0.4627777778E+00  0.7772435412E+05
  0.4630555556E+00  0.7762887560E+05
  0.4633333333E+00  0.7753339721E+05
  0.4636111111E+00  0.7743791902E+05
  0.4638888889E+00  0.7734244062E+05
  0.4641666667E+00  0.7724696244E+05
  0.4644444444E+00  0.7715148382E+05
  0.4647222222E+00  0.7705600542E+05
  0.4650000000E+00  0.7696052724E+05
  0.4652777778E+00  0.7686667403E+05
  0.4655555556E+00  0.7677282137E+05
  0.4658333333E+00  0.7667896849E+05
  0.4661111111E+00  0.7658511529E+05
  0.4663888889E+00  0.7649126242E+05
  0.4666666667E+00  0.7639740921E+05
  0.4669444444E+00  0.7630355633E+05
  0.4672222222E+00  0.7620970346E+05
  0.4675000000E+00  0.7611585047E+05
  0.4677777778E+00  0.7602199760E+05
  0.4680555556E+00  0.7592814438E+05
  0.4683333333E+00  0.7583429152E+05
  0.4686111111E+00  0.7574043831E+05
  0.4688888889E+00  0.7564658544E+05
  0.4691666667E+00  0.7555273257E+05
  0.4694444444E+00  0.7545887957E+05
  0.4697222222E+00  0.7536502670E+05
  0.4700000000E+00  0.7527117349E+05
  0.4702777778E+00  0.7518270060E+05
  0.4705555556E+00  0.7509422780E+05
  0.4708333333E+00  0.7500575457E+05
  0.4711111111E+00  0.7491728178E+05
  0.4713888889E+00  0.7482880844E+05
  0.4716666667E+00  0.7474033565E+05
  0.4719444444E+00  0.7465186242E+05
  0.4722222222E+00  0.7456338963E+05
  0.4725000000E+00  0.7447491674E+05
  0.4727777778E+00  0.7438644361E+05
  0.4730555556E+00  0.7429797071E+05
  0.4733333333E+00  0.7420949758E+05
  0.4736111111E+00  0.7412102469E+05
  0.4738888889E+00  0.7403255157E+05
  0.4741666667E+00  0.7394407868E+05
  0.4744444444E+00  0.7385560577E+05
  0.4747222222E+00  0.7376713254E+05
  0.4750000000E+00  0.7367865975E+05
  0.4752777778E+00  0.7359882434E+05
  0.4755555556E+00  0.7351898915E+05
  0.4758333333E+00  0.7343915385E+05
  0.4761111111E+00  0.7335931866E+05
  0.4763888889E+00  0.7327948335E+05
  0.4766666667E+00  0.7319964816E+05
  0.4769444444E+00  0.7311981276E+05
  0.4772222222E+00  0.7303997767E+05
  0.4775000000E+00  0.7296014227E+05
  0.4777777778E+00  0.7288030718E+05
  0.4780555556E+00  0.7280047177E+05
  0.4783333333E+00  0.7272063659E+05
  0.4786111111E+00  0.7264080128E+05
  0.4788888889E+00  0.7256096620E+05
  0.4791666667E+00  0.7248113069E+05
  0.4794444444E+00  0.7240129571E+05
  0.4797222222E+00  0.7232146019E+05
  0.4800000000E+00  0.7224162522E+05
  0.4802777778E+00  0.7217302027E+05
  0.4805555556E+00  0.7210441511E+05
  0.4808333333E+00  0.7203581017E+05
  0.4811111111E+00  0.7196720533E+05
  0.4813888889E+00  0.7189860049E+05
  0.4816666667E+00  0.7182999521E+05
  0.4819444444E+00  0.7176139049E+05
  0.4822222222E+00  0.7169278555E+05
  0.4825000000E+00  0.7162418037E+05
  0.4827777778E+00  0.7155557544E+05
  0.4830555556E+00  0.7148697060E+05
  0.4833333333E+00  0.7141836542E+05
  0.4836111111E+00  0.7134976049E+05
  0.4838888889E+00  0.7128115564E+05
  0.4841666667E+00  0.7121255081E+05
  0.4844444444E+00  0.7114394564E+05
  0.4847222222E+00  0.7107534070E+05
  0.4850000000E+00  0.7100673587E+05
  0.4852777778E+00  0.7095122367E+05
  0.4855555556E+00  0.7089571160E+05
  0.4858333333E+00  0.7084019932E+05
  0.4861111111E+00  0.7078468712E+05
  0.4863888889E+00  0.7072917505E+05
  0.4866666667E+00  0.7067366320E+05
  0.4869444444E+00  0.7061815092E+05
  0.4872222222E+00  0.7056263883E+05
  0.4875000000E+00  0.7050712665E+05
  0.4877777778E+00  0.7045161446E+05
  0.4880555556E+00  0.7039610229E+05
  0.4883333333E+00  0.7034059010E+05
  0.4886111111E+00  0.7028507824E+05
  0.4888888889E+00  0.7022956617E+05
  0.4891666667E+00  0.7017405398E+05
  0.4894444444E+00  0.7011854169E+05
  0.4897222222E+00  0.7006302962E+05
  0.4900000000E+00  0.7000751744E+05
  0.4902777778E+00  0.6996615512E+05
  0.4905555556E+00  0.6992479280E+05
  0.4908333333E+00  0.6988343048E+05
  0.4911111111E+00  0.6984206817E+05
  0.4913888889E+00  0.6980070596E+05
  0.4916666667E+00  0.6975934354E+05
  0.4919444444E+00  0.6971798089E+05
  0.4922222222E+00  0.6967661857E+05
  0.4925000000E+00  0.6963525625E+05
  0.4927777778E+00  0.6959389393E+05
  0.4930555556E+00  0.6955253163E+05
  0.4933333333E+00  0.6951116930E+05
  0.4936111111E+00  0.6946980698E+05
  0.4938888889E+00  0.6942844466E+05
  0.4941666667E+00  0.6938708202E+05
  0.4944444444E+00  0.6934571970E+05
  0.4947222222E+00  0.6930435749E+05
  0.4950000000E+00  0.6926299517E+05
