  0.1027777778E-01  0.2250137141E+08
  0.1055555556E-01  0.2247714259E+08
  0.1083333333E-01  0.2245291323E+08
  0.1111111111E-01  0.2242868431E+08
  0.1138888889E-01  0.2240445505E+08
  0.1166666667E-01  0.2238022579E+08
  0.1194444444E-01  0.2235599677E+08
  0.1222222222E-01  0.2233176761E+08
  0.1250000000E-01  0.2230753858E+08
  0.1277777778E-01  0.2228330933E+08
  0.1305555556E-01  0.2225908051E+08
  0.1333333333E-01  0.2223485114E+08
  0.1361111111E-01  0.2221062233E+08
  0.1388888889E-01  0.2218639297E+08
  0.1416666667E-01  0.2216216404E+08
  0.1444444444E-01  0.2213793477E+08
  0.1472222222E-01  0.2211370586E+08
  0.1500000000E-01  0.2208947650E+08
  0.1527777778E-01  0.2205630298E+08
  0.1555555556E-01  0.2202312936E+08
  0.1583333333E-01  0.2198995596E+08
  0.1611111111E-01  0.2195678245E+08
  0.1638888889E-01  0.2192360883E+08
  0.1666666667E-01  0.2189043498E+08
  0.1694444444E-01  0.2185726146E+08
  0.1722222222E-01  0.2182408785E+08
  0.1750000000E-01  0.2179091433E+08
  0.1777777778E-01  0.2175774082E+08
  0.1805555556E-01  0.2172456720E+08
  0.1833333333E-01  0.2169139369E+08
  0.1861111111E-01  0.2165822017E+08
  0.1888888889E-01  0.2162504655E+08
  0.1916666667E-01  0.2159187270E+08
  0.1944444444E-01  0.2155869919E+08
  0.1972222222E-01  0.2152552557E+08
  0.2000000000E-01  0.2149235206E+08
  0.2027777778E-01  0.2145093318E+08
  0.2055555556E-01  0.2140951465E+08
  0.2083333333E-01  0.2136809577E+08
  0.2111111111E-01  0.2132667668E+08
  0.2138888889E-01  0.2128525781E+08
  0.2166666667E-01  0.2124383894E+08
  0.2194444444E-01  0.2120242006E+08
  0.2222222222E-01  0.2116100152E+08
  0.2250000000E-01  0.2111958254E+08
  0.2277777778E-01  0.2107816367E+08
  0.2305555556E-01  0.2103674480E+08
  0.2333333333E-01  0.2099532592E+08
  0.2361111111E-01  0.2095390694E+08
  0.2388888889E-01  0.2091248830E+08
  0.2416666667E-01  0.2087106943E+08
  0.2444444444E-01  0.2082965056E+08
  0.2472222222E-01  0.2078823169E+08
  0.2500000000E-01  0.2074681270E+08
  0.2527777778E-01  0.2069802089E+08
  0.2555555556E-01  0.2064922906E+08
  0.2583333333E-01  0.2060043726E+08
  0.2611111111E-01  0.2055164533E+08
  0.2638888889E-01  0.2050285351E+08
  0.2666666667E-01  0.2045406170E+08
  0.2694444444E-01  0.2040526978E+08
  0.2722222222E-01  0.2035647807E+08
  0.2750000000E-01  0.2030768614E+08
  0.2777777778E-01  0.2025889434E+08
  0.2805555556E-01  0.2021010251E+08
  0.2833333333E-01  0.2016131059E+08
  0.2861111111E-01  0.2011251878E+08
  0.2888888889E-01  0.2006372663E+08
  0.2916666667E-01  0.2001493482E+08
  0.2944444444E-01  0.1996614289E+08
  0.2972222222E-01  0.1991735107E+08
  0.3000000000E-01  0.1986855926E+08
  0.3027777778E-01  0.1981340784E+08
  0.3055555556E-01  0.1975825620E+08
  0.3083333333E-01  0.1970310478E+08
  0.3111111111E-01  0.1964795305E+08
  0.3138888889E-01  0.1959280163E+08
  0.3166666667E-01  0.1953764999E+08
  0.3194444444E-01  0.1948249858E+08
  0.3222222222E-01  0.1942734693E+08
  0.3250000000E-01  0.1937219542E+08
  0.3277777778E-01  0.1931704401E+08
  0.3305555556E-01  0.1926189237E+08
  0.3333333333E-01  0.1920674095E+08
  0.3361111111E-01  0.1915158931E+08
  0.3388888889E-01  0.1909643779E+08
  0.3416666667E-01  0.1904128615E+08
  0.3444444444E-01  0.1898613474E+08
  0.3472222222E-01  0.1893098310E+08
  0.3500000000E-01  0.1887583168E+08
  0.3527777778E-01  0.1881541749E+08
  0.3555555556E-01  0.1875500297E+08
  0.3583333333E-01  0.1869458869E+08
  0.3611111111E-01  0.1863417450E+08
  0.3638888889E-01  0.1857376041E+08
  0.3666666667E-01  0.1851334579E+08
  0.3694444444E-01  0.1845293160E+08
  0.3722222222E-01  0.1839251742E+08
  0.3750000000E-01  0.1833210323E+08
  0.3777777778E-01  0.1827168905E+08
  0.3805555556E-01  0.1821127452E+08
  0.3833333333E-01  0.1815086024E+08
  0.3861111111E-01  0.1809044605E+08
  0.3888888889E-01  0.1803003197E+08
  0.3916666667E-01  0.1796961768E+08
  0.3944444444E-01  0.1790920316E+08
  0.3972222222E-01  0.1784878897E+08
  0.4000000000E-01  0.1778837478E+08
  0.4027777778E-01  0.1772387546E+08
  0.4055555556E-01  0.1765937646E+08
  0.4083333333E-01  0.1759487704E+08
  0.4111111111E-01  0.1753037815E+08
  0.4138888889E-01  0.1746587883E+08
  0.4166666667E-01  0.1740137939E+08
  0.4194444444E-01  0.1733688051E+08
  0.4222222222E-01  0.1727238108E+08
  0.4250000000E-01  0.1720788208E+08
  0.4277777778E-01  0.1714338276E+08
  0.4305555556E-01  0.1707888377E+08
  0.4333333333E-01  0.1701438445E+08
  0.4361111111E-01  0.1694988501E+08
  0.4388888889E-01  0.1688538613E+08
  0.4416666667E-01  0.1682088680E+08
  0.4444444444E-01  0.1675638770E+08
  0.4472222222E-01  0.1669188849E+08
  0.4500000000E-01  0.1662738939E+08
  0.4527777778E-01  0.1656001039E+08
  0.4555555556E-01  0.1649263162E+08
  0.4583333333E-01  0.1642525294E+08
  0.4611111111E-01  0.1635787385E+08
  0.4638888889E-01  0.1629049518E+08
  0.4666666667E-01  0.1622311618E+08
  0.4694444444E-01  0.1615573751E+08
  0.4722222222E-01  0.1608835863E+08
  0.4750000000E-01  0.1602097964E+08
  0.4777777778E-01  0.1595360096E+08
  0.4805555556E-01  0.1588622220E+08
  0.4833333333E-01  0.1581884320E+08
  0.4861111111E-01  0.1575146453E+08
  0.4888888889E-01  0.1568408575E+08
  0.4916666667E-01  0.1561670665E+08
  0.4944444444E-01  0.1554932799E+08
  0.4972222222E-01  0.1548194899E+08
  0.5000000000E-01  0.1541457022E+08
  0.5027777778E-01  0.1534551288E+08
  0.5055555556E-01  0.1527645556E+08
  0.5083333333E-01  0.1520739858E+08
  0.5111111111E-01  0.1513834125E+08
  0.5138888889E-01  0.1506928382E+08
  0.5166666667E-01  0.1500022660E+08
  0.5194444444E-01  0.1493116961E+08
  0.5222222222E-01  0.1486211229E+08
  0.5250000000E-01  0.1479305486E+08
  0.5277777778E-01  0.1472399753E+08
  0.5305555556E-01  0.1465494065E+08
  0.5333333333E-01  0.1458588332E+08
  0.5361111111E-01  0.1451682589E+08
  0.5388888889E-01  0.1444776857E+08
  0.5416666667E-01  0.1437871125E+08
  0.5444444444E-01  0.1430965436E+08
  0.5472222222E-01  0.1424059693E+08
  0.5500000000E-01  0.1417153961E+08
  0.5527777778E-01  0.1410196620E+08
  0.5555555556E-01  0.1403239323E+08
  0.5583333333E-01  0.1396281982E+08
  0.5611111111E-01  0.1389324641E+08
  0.5638888889E-01  0.1382367311E+08
  0.5666666667E-01  0.1375410015E+08
  0.5694444444E-01  0.1368452674E+08
  0.5722222222E-01  0.1361495333E+08
  0.5750000000E-01  0.1354538036E+08
  0.5777777778E-01  0.1347580695E+08
  0.5805555556E-01  0.1340623354E+08
  0.5833333333E-01  0.1333666024E+08
  0.5861111111E-01  0.1326708716E+08
  0.5888888889E-01  0.1319751376E+08
  0.5916666667E-01  0.1312794035E+08
  0.5944444444E-01  0.1305836704E+08
  0.5972222222E-01  0.1298879408E+08
  0.6000000000E-01  0.1291922067E+08
  0.6027777778E-01  0.1285023135E+08
  0.6055555556E-01  0.1278124159E+08
  0.6083333333E-01  0.1271225237E+08
  0.6111111111E-01  0.1264326261E+08
  0.6138888889E-01  0.1257427329E+08
  0.6166666667E-01  0.1250528353E+08
  0.6194444444E-01  0.1243629428E+08
  0.6222222222E-01  0.1236730468E+08
  0.6250000000E-01  0.1229831522E+08
  0.6277777778E-01  0.1222932574E+08
  0.6305555556E-01  0.1216033625E+08
  0.6333333333E-01  0.1209134669E+08
  0.6361111111E-01  0.1202235719E+08
  0.6388888889E-01  0.1195336774E+08
  0.6416666667E-01  0.1188437825E+08
  0.6444444444E-01  0.1181538869E+08
  0.6472222222E-01  0.1174639921E+08
  0.6500000000E-01  0.1167740975E+08
  0.6527777778E-01  0.1161000661E+08
  0.6555555556E-01  0.1154260351E+08
  0.6583333333E-01  0.1147520039E+08
  0.6611111111E-01  0.1140779726E+08
  0.6638888889E-01  0.1134039415E+08
  0.6666666667E-01  0.1127299115E+08
  0.6694444444E-01  0.1120558801E+08
  0.6722222222E-01  0.1113818491E+08
  0.6750000000E-01  0.1107078181E+08
  0.6777777778E-01  0.1100337866E+08
  0.6805555556E-01  0.1093597556E+08
  0.6833333333E-01  0.1086857245E+08
  0.6861111111E-01  0.1080116942E+08
  0.6888888889E-01  0.1073376631E+08
  0.6916666667E-01  0.1066636321E+08
  0.6944444444E-01  0.1059895996E+08
  0.6972222222E-01  0.1053155699E+08
  0.7000000000E-01  0.1046415387E+08
  0.7027777778E-01  0.1039922677E+08
  0.7055555556E-01  0.1033429976E+08
  0.7083333333E-01  0.1026937271E+08
  0.7111111111E-01  0.1020444570E+08
  0.7138888889E-01  0.1013951860E+08
  0.7166666667E-01  0.1007459164E+08
  0.7194444444E-01  0.1000966453E+08
  0.7222222222E-01  0.9944737526E+07
  0.7250000000E-01  0.9879810468E+07
  0.7277777778E-01  0.9814883462E+07
  0.7305555556E-01  0.9749956359E+07
  0.7333333333E-01  0.9685029286E+07
  0.7361111111E-01  0.9620102295E+07
  0.7388888889E-01  0.9555175189E+07
  0.7416666667E-01  0.9490248186E+07
  0.7444444444E-01  0.9425321124E+07
  0.7472222222E-01  0.9360394122E+07
  0.7500000000E-01  0.9295467015E+07
  0.7527777778E-01  0.9233771049E+07
  0.7555555556E-01  0.9172075139E+07
  0.7583333333E-01  0.9110379177E+07
  0.7611111111E-01  0.9048683178E+07
  0.7638888889E-01  0.8986987201E+07
  0.7666666667E-01  0.8925291202E+07
  0.7694444444E-01  0.8863595203E+07
  0.7722222222E-01  0.8801899326E+07
  0.7750000000E-01  0.8740203327E+07
  0.7777777778E-01  0.8678507362E+07
  0.7805555556E-01  0.8616811356E+07
  0.7833333333E-01  0.8555115390E+07
  0.7861111111E-01  0.8493419491E+07
  0.7888888889E-01  0.8431723481E+07
  0.7916666667E-01  0.8370027516E+07
  0.7944444444E-01  0.8308331506E+07
  0.7972222222E-01  0.8246635541E+07
  0.8000000000E-01  0.8184939542E+07
  0.8027777778E-01  0.8127090426E+07
  0.8055555556E-01  0.8069241344E+07
  0.8083333333E-01  0.8011392117E+07
  0.8111111111E-01  0.7953543000E+07
  0.8138888889E-01  0.7895693817E+07
  0.8166666667E-01  0.7837844702E+07
  0.8194444444E-01  0.7779995486E+07
  0.8222222222E-01  0.7722146403E+07
  0.8250000000E-01  0.7664297186E+07
  0.8277777778E-01  0.7606448071E+07
  0.8305555556E-01  0.7548598988E+07
  0.8333333333E-01  0.7490749772E+07
  0.8361111111E-01  0.7432900656E+07
  0.8388888889E-01  0.7375051474E+07
  0.8416666667E-01  0.7317202357E+07
  0.8444444444E-01  0.7259353130E+07
  0.8472222222E-01  0.7201504048E+07
  0.8500000000E-01  0.7143654832E+07
  0.8527777778E-01  0.7090117951E+07
  0.8555555556E-01  0.7036581103E+07
  0.8583333333E-01  0.6983044244E+07
  0.8611111111E-01  0.6929507363E+07
  0.8638888889E-01  0.6875970516E+07
  0.8666666667E-01  0.6822433624E+07
  0.8694444444E-01  0.6768896776E+07
  0.8722222222E-01  0.6715359895E+07
  0.8750000000E-01  0.6661823036E+07
  0.8777777778E-01  0.6608286155E+07
  0.8805555556E-01  0.6554749308E+07
  0.8833333333E-01  0.6501212449E+07
  0.8861111111E-01  0.6447675567E+07
  0.8888888889E-01  0.6394138720E+07
  0.8916666667E-01  0.6340601827E+07
  0.8944444444E-01  0.6287064880E+07
  0.8972222222E-01  0.6233527999E+07
  0.9000000000E-01  0.6179991140E+07
  0.9027777778E-01  0.6131086175E+07
  0.9055555556E-01  0.6082181243E+07
  0.9083333333E-01  0.6033276410E+07
  0.9111111111E-01  0.5984371445E+07
  0.9138888889E-01  0.5935466512E+07
  0.9166666667E-01  0.5886561570E+07
  0.9194444444E-01  0.5837656604E+07
  0.9222222222E-01  0.5788751672E+07
  0.9250000000E-01  0.5739846706E+07
  0.9277777778E-01  0.5690941774E+07
  0.9305555556E-01  0.5642036841E+07
  0.9333333333E-01  0.5593131865E+07
  0.9361111111E-01  0.5544226933E+07
  0.9388888889E-01  0.5495322000E+07
  0.9416666667E-01  0.5446417035E+07
  0.9444444444E-01  0.5397512103E+07
  0.9472222222E-01  0.5348607147E+07
  0.9500000000E-01  0.5299702214E+07
  0.9527777778E-01  0.5255607054E+07
  0.9555555556E-01  0.5211511927E+07
  0.9583333333E-01  0.5167416768E+07
  0.9611111111E-01  0.5123321632E+07
  0.9638888889E-01  0.5079226472E+07
  0.9666666667E-01  0.5035131345E+07
  0.9694444444E-01  0.4991036185E+07
  0.9722222222E-01  0.4946941026E+07
  0.9750000000E-01  0.4902845889E+07
  0.9777777778E-01  0.4858750729E+07
  0.9805555556E-01  0.4814655591E+07
  0.9833333333E-01  0.4770560432E+07
  0.9861111111E-01  0.4726465272E+07
  0.9888888889E-01  0.4682370145E+07
  0.9916666667E-01  0.4638274975E+07
  0.9944444444E-01  0.4594179848E+07
  0.9972222222E-01  0.4550084689E+07
  0.1000000000E+00  0.4505989562E+07
  0.1002777778E+00  0.4466747287E+07
  0.1005555556E+00  0.4427505025E+07
  0.1008333333E+00  0.4388262751E+07
  0.1011111111E+00  0.4349020509E+07
  0.1013888889E+00  0.4309778223E+07
  0.1016666667E+00  0.4270535971E+07
  0.1019444444E+00  0.4231293730E+07
  0.1022222222E+00  0.4192051443E+07
  0.1025000000E+00  0.4152809203E+07
  0.1027777778E+00  0.4113566918E+07
  0.1030555556E+00  0.4074324665E+07
  0.1033333333E+00  0.4035082390E+07
  0.1036111111E+00  0.3995840148E+07
  0.1038888889E+00  0.3956597887E+07
  0.1041666667E+00  0.3917355611E+07
  0.1044444444E+00  0.3878113370E+07
  0.1047222222E+00  0.3838871083E+07
  0.1050000000E+00  0.3799628832E+07
  0.1052777778E+00  0.3765167802E+07
  0.1055555556E+00  0.3730706762E+07
  0.1058333333E+00  0.3696245733E+07
  0.1061111111E+00  0.3661784693E+07
  0.1063888889E+00  0.3627323663E+07
  0.1066666667E+00  0.3592862635E+07
  0.1069444444E+00  0.3558401595E+07
  0.1072222222E+00  0.3523940564E+07
  0.1075000000E+00  0.3489479524E+07
  0.1077777778E+00  0.3455018495E+07
  0.1080555556E+00  0.3420557455E+07
  0.1083333333E+00  0.3386096415E+07
  0.1086111111E+00  0.3351635386E+07
  0.1088888889E+00  0.3317174346E+07
  0.1091666667E+00  0.3282713316E+07
  0.1094444444E+00  0.3248252288E+07
  0.1097222222E+00  0.3213791258E+07
  0.1100000000E+00  0.3179330218E+07
  0.1102777778E+00  0.3149472755E+07
  0.1105555556E+00  0.3119615301E+07
  0.1108333333E+00  0.3089757838E+07
  0.1111111111E+00  0.3059900374E+07
  0.1113888889E+00  0.3030042921E+07
  0.1116666667E+00  0.3000185457E+07
  0.1119444444E+00  0.2970327994E+07
  0.1122222222E+00  0.2940470552E+07
  0.1125000000E+00  0.2910613089E+07
  0.1127777778E+00  0.2880755625E+07
  0.1130555556E+00  0.2850898205E+07
  0.1133333333E+00  0.2821040742E+07
  0.1136111111E+00  0.2791183278E+07
  0.1138888889E+00  0.2761325815E+07
  0.1141666667E+00  0.2731468362E+07
  0.1144444444E+00  0.2701610898E+07
  0.1147222222E+00  0.2671753435E+07
  0.1150000000E+00  0.2641895993E+07
  0.1152777778E+00  0.2616381306E+07
  0.1155555556E+00  0.2590866631E+07
  0.1158333333E+00  0.2565351956E+07
  0.1161111111E+00  0.2539837280E+07
  0.1163888889E+00  0.2514322560E+07
  0.1166666667E+00  0.2488807885E+07
  0.1169444444E+00  0.2463293210E+07
  0.1172222222E+00  0.2437778534E+07
  0.1175000000E+00  0.2412263859E+07
  0.1177777778E+00  0.2386749162E+07
  0.1180555556E+00  0.2361234487E+07
  0.1183333333E+00  0.2335719812E+07
  0.1186111111E+00  0.2310205137E+07
  0.1188888889E+00  0.2284690417E+07
  0.1191666667E+00  0.2259175741E+07
  0.1194444444E+00  0.2233661066E+07
  0.1197222222E+00  0.2208146391E+07
  0.1200000000E+00  0.2182631715E+07
  0.1202777778E+00  0.2161132970E+07
  0.1205555556E+00  0.2139634260E+07
  0.1208333333E+00  0.2118135527E+07
  0.1211111111E+00  0.2096636772E+07
  0.1213888889E+00  0.2075138038E+07
  0.1216666667E+00  0.2053639294E+07
  0.1219444444E+00  0.2032140594E+07
  0.1222222222E+00  0.2010641839E+07
  0.1225000000E+00  0.1989143106E+07
  0.1227777778E+00  0.1967644362E+07
  0.1230555556E+00  0.1946145650E+07
  0.1233333333E+00  0.1924646907E+07
  0.1236111111E+00  0.1903148173E+07
  0.1238888889E+00  0.1881649418E+07
  0.1241666667E+00  0.1860150718E+07
  0.1244444444E+00  0.1838651974E+07
  0.1247222222E+00  0.1817153241E+07
  0.1250000000E+00  0.1795654486E+07
  0.1252777778E+00  0.1777797716E+07
  0.1255555556E+00  0.1759940947E+07
  0.1258333333E+00  0.1742084167E+07
  0.1261111111E+00  0.1724227364E+07
  0.1263888889E+00  0.1706370594E+07
  0.1266666667E+00  0.1688513825E+07
  0.1269444444E+00  0.1670657012E+07
  0.1272222222E+00  0.1652800242E+07
  0.1275000000E+00  0.1634943472E+07
  0.1277777778E+00  0.1617086703E+07
  0.1280555556E+00  0.1599229889E+07
  0.1283333333E+00  0.1581373120E+07
  0.1286111111E+00  0.1563516350E+07
  0.1288888889E+00  0.1545659581E+07
  0.1291666667E+00  0.1527802767E+07
  0.1294444444E+00  0.1509945998E+07
  0.1297222222E+00  0.1492089228E+07
  0.1300000000E+00  0.1474232458E+07
  0.1302777778E+00  0.1459616109E+07
  0.1305555556E+00  0.1444999750E+07
  0.1308333333E+00  0.1430383446E+07
  0.1311111111E+00  0.1415767097E+07
  0.1313888889E+00  0.1401150748E+07
  0.1316666667E+00  0.1386534432E+07
  0.1319444444E+00  0.1371918083E+07
  0.1322222222E+00  0.1357301724E+07
  0.1325000000E+00  0.1342685408E+07
  0.1327777778E+00  0.1328069071E+07
  0.1330555556E+00  0.1313452755E+07
  0.1333333333E+00  0.1298836406E+07
  0.1336111111E+00  0.1284220057E+07
  0.1338888889E+00  0.1269603741E+07
  0.1341666667E+00  0.1254987382E+07
  0.1344444444E+00  0.1240371033E+07
  0.1347222222E+00  0.1225754729E+07
  0.1350000000E+00  0.1211138380E+07
  0.1352777778E+00  0.1199348862E+07
  0.1355555556E+00  0.1187559321E+07
  0.1358333333E+00  0.1175769803E+07
  0.1361111111E+00  0.1163980263E+07
  0.1363888889E+00  0.1152190755E+07
  0.1366666667E+00  0.1140401238E+07
  0.1369444444E+00  0.1128611686E+07
  0.1372222222E+00  0.1116822179E+07
  0.1375000000E+00  0.1105032639E+07
  0.1377777778E+00  0.1093243121E+07
  0.1380555556E+00  0.1081453613E+07
  0.1383333333E+00  0.1069664062E+07
  0.1386111111E+00  0.1057874544E+07
  0.1388888889E+00  0.1046085014E+07
  0.1391666667E+00  0.1034295497E+07
  0.1394444444E+00  0.1022505989E+07
  0.1397222222E+00  0.1010716438E+07
  0.1400000000E+00  0.9989269200E+06
  0.1402777778E+00  0.9895546538E+06
  0.1405555556E+00  0.9801823775E+06
  0.1408333333E+00  0.9708101113E+06
  0.1411111111E+00  0.9614378283E+06
  0.1413888889E+00  0.9520655520E+06
  0.1416666667E+00  0.9426932858E+06
  0.1419444444E+00  0.9333210096E+06
  0.1422222222E+00  0.9239487433E+06
  0.1425000000E+00  0.9145764670E+06
  0.1427777778E+00  0.9052041896E+06
  0.1430555556E+00  0.8958319134E+06
  0.1433333333E+00  0.8864596338E+06
  0.1436111111E+00  0.8770873675E+06
  0.1438888889E+00  0.8677150913E+06
  0.1441666667E+00  0.8583428250E+06
  0.1444444444E+00  0.8489705488E+06
  0.1447222222E+00  0.8395982825E+06
  0.1450000000E+00  0.8302260062E+06
  0.1452777778E+00  0.8228777527E+06
  0.1455555556E+00  0.8155294991E+06
  0.1458333333E+00  0.8081812534E+06
  0.1461111111E+00  0.8008330042E+06
  0.1463888889E+00  0.7934847551E+06
  0.1466666667E+00  0.7861365093E+06
  0.1469444444E+00  0.7787882591E+06
  0.1472222222E+00  0.7714400100E+06
  0.1475000000E+00  0.7640917509E+06
  0.1477777778E+00  0.7567435017E+06
  0.1480555556E+00  0.7493952527E+06
  0.1483333333E+00  0.7420470024E+06
  0.1486111111E+00  0.7346987533E+06
  0.1488888889E+00  0.7273505042E+06
  0.1491666667E+00  0.7200022584E+06
  0.1494444444E+00  0.7126540093E+06
  0.1497222222E+00  0.7053057602E+06
  0.1500000000E+00  0.6979575099E+06
  0.1502777778E+00  0.6922664880E+06
  0.1505555556E+00  0.6865754650E+06
  0.1508333333E+00  0.6808844420E+06
  0.1511111111E+00  0.6751934067E+06
  0.1513888889E+00  0.6695023838E+06
  0.1516666667E+00  0.6638113607E+06
  0.1519444444E+00  0.6581203377E+06
  0.1522222222E+00  0.6524293158E+06
  0.1525000000E+00  0.6467382928E+06
  0.1527777778E+00  0.6410472698E+06
  0.1530555556E+00  0.6353562479E+06
  0.1533333333E+00  0.6296652248E+06
  0.1536111111E+00  0.6239741918E+06
  0.1538888889E+00  0.6182831666E+06
  0.1541666667E+00  0.6125921435E+06
  0.1544444444E+00  0.6069011206E+06
  0.1547222222E+00  0.6012100975E+06
  0.1550000000E+00  0.5955190755E+06
  0.1552777778E+00  0.5911528519E+06
  0.1555555556E+00  0.5867866382E+06
  0.1558333333E+00  0.5824204112E+06
  0.1561111111E+00  0.5780541875E+06
  0.1563888889E+00  0.5736879738E+06
  0.1566666667E+00  0.5693217501E+06
  0.1569444444E+00  0.5649555331E+06
  0.1572222222E+00  0.5605893094E+06
  0.1575000000E+00  0.5562230858E+06
  0.1577777778E+00  0.5518568720E+06
  0.1580555556E+00  0.5474906450E+06
  0.1583333333E+00  0.5431244313E+06
  0.1586111111E+00  0.5387582077E+06
  0.1588888889E+00  0.5343919840E+06
  0.1591666667E+00  0.5300257669E+06
  0.1594444444E+00  0.5256595432E+06
  0.1597222222E+00  0.5212933295E+06
  0.1600000000E+00  0.5169271058E+06
  0.1602777778E+00  0.5135926391E+06
  0.1605555556E+00  0.5102581714E+06
  0.1608333333E+00  0.5069236948E+06
  0.1611111111E+00  0.5035892271E+06
  0.1613888889E+00  0.5002547593E+06
  0.1616666667E+00  0.4969202927E+06
  0.1619444444E+00  0.4935858150E+06
  0.1622222222E+00  0.4902513504E+06
  0.1625000000E+00  0.4869168839E+06
  0.1627777778E+00  0.4835824161E+06
  0.1630555556E+00  0.4802479484E+06
  0.1633333333E+00  0.4769134717E+06
  0.1636111111E+00  0.4735790040E+06
  0.1638888889E+00  0.4702445374E+06
  0.1641666667E+00  0.4669100696E+06
  0.1644444444E+00  0.4635755918E+06
  0.1647222222E+00  0.4602411252E+06
  0.1650000000E+00  0.4569066609E+06
  0.1652777778E+00  0.4543523405E+06
  0.1655555556E+00  0.4517980201E+06
  0.1658333333E+00  0.4492436999E+06
  0.1661111111E+00  0.4466893795E+06
  0.1663888889E+00  0.4441350543E+06
  0.1666666667E+00  0.4415807329E+06
  0.1669444444E+00  0.4390264116E+06
  0.1672222222E+00  0.4364720892E+06
  0.1675000000E+00  0.4339177679E+06
  0.1677777778E+00  0.4313634465E+06
  0.1680555556E+00  0.4288091285E+06
  0.1683333333E+00  0.4262548073E+06
  0.1686111111E+00  0.4237004859E+06
  0.1688888889E+00  0.4211461646E+06
  0.1691666667E+00  0.4185918433E+06
  0.1694444444E+00  0.4160375220E+06
  0.1697222222E+00  0.4134832007E+06
  0.1700000000E+00  0.4109288794E+06
  0.1702777778E+00  0.4089458324E+06
  0.1705555556E+00  0.4069627878E+06
  0.1708333333E+00  0.4049797410E+06
  0.1711111111E+00  0.4029966940E+06
  0.1713888889E+00  0.4010136460E+06
  0.1716666667E+00  0.3990306025E+06
  0.1719444444E+00  0.3970475556E+06
  0.1722222222E+00  0.3950645076E+06
  0.1725000000E+00  0.3930814608E+06
  0.1727777778E+00  0.3910984172E+06
  0.1730555556E+00  0.3891153693E+06
  0.1733333333E+00  0.3871323213E+06
  0.1736111111E+00  0.3851492788E+06
  0.1738888889E+00  0.3831662309E+06
  0.1741666667E+00  0.3811831830E+06
  0.1744444444E+00  0.3792001360E+06
  0.1747222222E+00  0.3772170924E+06
  0.1750000000E+00  0.3752340445E+06
  0.1752777778E+00  0.3736541011E+06
  0.1755555556E+00  0.3720741587E+06
  0.1758333333E+00  0.3704942198E+06
  0.1761111111E+00  0.3689142774E+06
  0.1763888889E+00  0.3673343339E+06
  0.1766666667E+00  0.3657543906E+06
  0.1769444444E+00  0.3641744516E+06
  0.1772222222E+00  0.3625945081E+06
  0.1775000000E+00  0.3610145648E+06
  0.1777777778E+00  0.3594346224E+06
  0.1780555556E+00  0.3578546823E+06
  0.1783333333E+00  0.3562747389E+06
  0.1786111111E+00  0.3546947977E+06
  0.1788888889E+00  0.3531148576E+06
  0.1791666667E+00  0.3515349142E+06
  0.1794444444E+00  0.3499549718E+06
  0.1797222222E+00  0.3483750284E+06
  0.1800000000E+00  0.3467950883E+06
  0.1802777778E+00  0.3454879856E+06
  0.1805555556E+00  0.3441808819E+06
  0.1808333333E+00  0.3428737782E+06
  0.1811111111E+00  0.3415666756E+06
  0.1813888889E+00  0.3402595718E+06
  0.1816666667E+00  0.3389524715E+06
  0.1819444444E+00  0.3376453677E+06
  0.1822222222E+00  0.3363382640E+06
  0.1825000000E+00  0.3350311604E+06
  0.1827777778E+00  0.3337240567E+06
  0.1830555556E+00  0.3324169540E+06
  0.1833333333E+00  0.3311098537E+06
  0.1836111111E+00  0.3298027500E+06
  0.1838888889E+00  0.3284956463E+06
  0.1841666667E+00  0.3271885426E+06
  0.1844444444E+00  0.3258814388E+06
  0.1847222222E+00  0.3245743384E+06
  0.1850000000E+00  0.3232672359E+06
  0.1852777778E+00  0.3221368483E+06
  0.1855555556E+00  0.3210064653E+06
  0.1858333333E+00  0.3198760788E+06
  0.1861111111E+00  0.3187456947E+06
  0.1863888889E+00  0.3176153082E+06
  0.1866666667E+00  0.3164849251E+06
  0.1869444444E+00  0.3153545376E+06
  0.1872222222E+00  0.3142241545E+06
  0.1875000000E+00  0.3130937681E+06
  0.1877777778E+00  0.3119633839E+06
  0.1880555556E+00  0.3108329975E+06
  0.1883333333E+00  0.3097026145E+06
  0.1886111111E+00  0.3085722269E+06
  0.1888888889E+00  0.3074418438E+06
  0.1891666667E+00  0.3063114574E+06
  0.1894444444E+00  0.3051810744E+06
  0.1897222222E+00  0.3040506902E+06
  0.1900000000E+00  0.3029203037E+06
  0.1902777778E+00  0.3018997843E+06
  0.1905555556E+00  0.3008792635E+06
  0.1908333333E+00  0.2998587452E+06
  0.1911111111E+00  0.2988382233E+06
  0.1913888889E+00  0.2978177049E+06
  0.1916666667E+00  0.2967971831E+06
  0.1919444444E+00  0.2957766647E+06
  0.1922222222E+00  0.2947561440E+06
  0.1925000000E+00  0.2937356245E+06
  0.1927777778E+00  0.2927151062E+06
  0.1930555556E+00  0.2916945843E+06
  0.1933333333E+00  0.2906740660E+06
  0.1936111111E+00  0.2896535452E+06
  0.1938888889E+00  0.2886330257E+06
  0.1941666667E+00  0.2876125050E+06
  0.1944444444E+00  0.2865919855E+06
  0.1947222222E+00  0.2855714638E+06
  0.1950000000E+00  0.2845509453E+06
  0.1952777778E+00  0.2835977611E+06
  0.1955555556E+00  0.2826445767E+06
  0.1958333333E+00  0.2816913913E+06
  0.1961111111E+00  0.2807382059E+06
  0.1963888889E+00  0.2797850249E+06
  0.1966666667E+00  0.2788318395E+06
  0.1969444444E+00  0.2778786542E+06
  0.1972222222E+00  0.2769254698E+06
  0.1975000000E+00  0.2759722844E+06
  0.1977777778E+00  0.2750191000E+06
  0.1980555556E+00  0.2740659147E+06
  0.1983333333E+00  0.2731127337E+06
  0.1986111111E+00  0.2721595494E+06
  0.1988888889E+00  0.2712063640E+06
  0.1991666667E+00  0.2702531786E+06
  0.1994444444E+00  0.2692999942E+06
  0.1997222222E+00  0.2683468089E+06
  0.2000000000E+00  0.2673936235E+06
  0.2002777778E+00  0.2664842047E+06
  0.2005555556E+00  0.2655747815E+06
  0.2008333333E+00  0.2646653605E+06
  0.2011111111E+00  0.2637559407E+06
  0.2013888889E+00  0.2628465185E+06
  0.2016666667E+00  0.2619370954E+06
  0.2019444444E+00  0.2610276743E+06
  0.2022222222E+00  0.2601182545E+06
  0.2025000000E+00  0.2592088324E+06
  0.2027777778E+00  0.2582994092E+06
  0.2030555556E+00  0.2573899872E+06
  0.2033333333E+00  0.2564805684E+06
  0.2036111111E+00  0.2555711453E+06
  0.2038888889E+00  0.2546617231E+06
  0.2041666667E+00  0.2537523044E+06
  0.2044444444E+00  0.2528428823E+06
  0.2047222222E+00  0.2519334591E+06
  0.2050000000E+00  0.2510240369E+06
  0.2052777778E+00  0.2501492443E+06
  0.2055555556E+00  0.2492744527E+06
  0.2058333333E+00  0.2483996610E+06
  0.2061111111E+00  0.2475248683E+06
  0.2063888889E+00  0.2466500766E+06
  0.2066666667E+00  0.2457752851E+06
  0.2069444444E+00  0.2449004933E+06
  0.2072222222E+00  0.2440257007E+06
  0.2075000000E+00  0.2431509080E+06
  0.2077777778E+00  0.2422761162E+06
  0.2080555556E+00  0.2414013247E+06
  0.2083333333E+00  0.2405265330E+06
  0.2086111111E+00  0.2396517403E+06
  0.2088888889E+00  0.2387769476E+06
  0.2091666667E+00  0.2379021559E+06
  0.2094444444E+00  0.2370273644E+06
  0.2097222222E+00  0.2361525726E+06
  0.2100000000E+00  0.2352777800E+06
  0.2102777778E+00  0.2344382584E+06
  0.2105555556E+00  0.2335987392E+06
  0.2108333333E+00  0.2327592175E+06
  0.2111111111E+00  0.2319196950E+06
  0.2113888889E+00  0.2310801767E+06
  0.2116666667E+00  0.2302406541E+06
  0.2119444444E+00  0.2294011326E+06
  0.2122222222E+00  0.2285616133E+06
  0.2125000000E+00  0.2277220918E+06
  0.2127777778E+00  0.2268825691E+06
  0.2130555556E+00  0.2260430509E+06
  0.2133333333E+00  0.2252035283E+06
  0.2136111111E+00  0.2243640068E+06
  0.2138888889E+00  0.2235244875E+06
  0.2141666667E+00  0.2226849659E+06
  0.2144444444E+00  0.2218454467E+06
  0.2147222222E+00  0.2210059251E+06
  0.2150000000E+00  0.2201664025E+06
  0.2152777778E+00  0.2193685776E+06
  0.2155555556E+00  0.2185707561E+06
  0.2158333333E+00  0.2177729312E+06
  0.2161111111E+00  0.2169751064E+06
  0.2163888889E+00  0.2161772814E+06
  0.2166666667E+00  0.2153794555E+06
  0.2169444444E+00  0.2145816317E+06
  0.2172222222E+00  0.2137838091E+06
  0.2175000000E+00  0.2129859853E+06
  0.2177777778E+00  0.2121881593E+06
  0.2180555556E+00  0.2113903355E+06
  0.2183333333E+00  0.2105925096E+06
  0.2186111111E+00  0.2097946891E+06
  0.2188888889E+00  0.2089968632E+06
  0.2191666667E+00  0.2081990394E+06
  0.2194444444E+00  0.2074012134E+06
  0.2197222222E+00  0.2066033885E+06
  0.2200000000E+00  0.2058055637E+06
  0.2202777778E+00  0.2050587506E+06
  0.2205555556E+00  0.2043119342E+06
  0.2208333333E+00  0.2035651178E+06
  0.2211111111E+00  0.2028183015E+06
  0.2213888889E+00  0.2020714851E+06
  0.2216666667E+00  0.2013246687E+06
  0.2219444444E+00  0.2005778522E+06
  0.2222222222E+00  0.1998310348E+06
  0.2225000000E+00  0.1990842218E+06
  0.2227777778E+00  0.1983374054E+06
  0.2230555556E+00  0.1975905901E+06
  0.2233333333E+00  0.1968437727E+06
  0.2236111111E+00  0.1960969563E+06
  0.2238888889E+00  0.1953501399E+06
  0.2241666667E+00  0.1946033234E+06
  0.2244444444E+00  0.1938565094E+06
  0.2247222222E+00  0.1931096930E+06
  0.2250000000E+00  0.1923628777E+06
  0.2252777778E+00  0.1916763896E+06
  0.2255555556E+00  0.1909899005E+06
  0.2258333333E+00  0.1903034158E+06
  0.2261111111E+00  0.1896169278E+06
  0.2263888889E+00  0.1889304431E+06
  0.2266666667E+00  0.1882439540E+06
  0.2269444444E+00  0.1875574670E+06
  0.2272222222E+00  0.1868709813E+06
  0.2275000000E+00  0.1861844932E+06
  0.2277777778E+00  0.1854980051E+06
  0.2280555556E+00  0.1848115205E+06
  0.2283333333E+00  0.1841250324E+06
  0.2286111111E+00  0.1834385433E+06
  0.2288888889E+00  0.1827520597E+06
  0.2291666667E+00  0.1820655706E+06
  0.2294444444E+00  0.1813790825E+06
  0.2297222222E+00  0.1806925968E+06
  0.2300000000E+00  0.1800061098E+06
  0.2302777778E+00  0.1793878390E+06
  0.2305555556E+00  0.1787695661E+06
  0.2308333333E+00  0.1781512963E+06
  0.2311111111E+00  0.1775330255E+06
  0.2313888889E+00  0.1769147526E+06
  0.2316666667E+00  0.1762964818E+06
  0.2319444444E+00  0.1756782088E+06
  0.2322222222E+00  0.1750599390E+06
  0.2325000000E+00  0.1744416649E+06
  0.2327777778E+00  0.1738233953E+06
  0.2330555556E+00  0.1732051245E+06
  0.2333333333E+00  0.1725868516E+06
  0.2336111111E+00  0.1719685818E+06
  0.2338888889E+00  0.1713503088E+06
  0.2341666667E+00  0.1707320380E+06
  0.2344444444E+00  0.1701137673E+06
  0.2347222222E+00  0.1694954953E+06
  0.2350000000E+00  0.1688772245E+06
  0.2352777778E+00  0.1683321608E+06
  0.2355555556E+00  0.1677870982E+06
  0.2358333333E+00  0.1672420345E+06
  0.2361111111E+00  0.1666969709E+06
  0.2363888889E+00  0.1661519072E+06
  0.2366666667E+00  0.1656068456E+06
  0.2369444444E+00  0.1650617819E+06
  0.2372222222E+00  0.1645167182E+06
  0.2375000000E+00  0.1639716545E+06
  0.2377777778E+00  0.1634265919E+06
  0.2380555556E+00  0.1628815282E+06
  0.2383333333E+00  0.1623364645E+06
  0.2386111111E+00  0.1617914018E+06
  0.2388888889E+00  0.1612463393E+06
  0.2391666667E+00  0.1607012756E+06
  0.2394444444E+00  0.1601562152E+06
  0.2397222222E+00  0.1596111516E+06
  0.2400000000E+00  0.1590660890E+06
  0.2402777778E+00  0.1585958761E+06
  0.2405555556E+00  0.1581256666E+06
  0.2408333333E+00  0.1576554528E+06
  0.2411111111E+00  0.1571852445E+06
  0.2413888889E+00  0.1567150316E+06
  0.2416666667E+00  0.1562448211E+06
  0.2419444444E+00  0.1557746094E+06
  0.2422222222E+00  0.1553043999E+06
  0.2425000000E+00  0.1548341894E+06
  0.2427777778E+00  0.1543639777E+06
  0.2430555556E+00  0.1538937682E+06
  0.2433333333E+00  0.1534235544E+06
  0.2436111111E+00  0.1529533449E+06
  0.2438888889E+00  0.1524831332E+06
  0.2441666667E+00  0.1520129227E+06
  0.2444444444E+00  0.1515427099E+06
  0.2447222222E+00  0.1510725015E+06
  0.2450000000E+00  0.1506022877E+06
  0.2452777778E+00  0.1502051164E+06
  0.2455555556E+00  0.1498079450E+06
  0.2458333333E+00  0.1494107736E+06
  0.2461111111E+00  0.1490136023E+06
  0.2463888889E+00  0.1486164266E+06
  0.2466666667E+00  0.1482192552E+06
  0.2469444444E+00  0.1478220849E+06
  0.2472222222E+00  0.1474249125E+06
  0.2475000000E+00  0.1470277412E+06
  0.2477777778E+00  0.1466305665E+06
  0.2480555556E+00  0.1462333941E+06
  0.2483333333E+00  0.1458362238E+06
  0.2486111111E+00  0.1454390525E+06
  0.2488888889E+00  0.1450418801E+06
  0.2491666667E+00  0.1446447054E+06
  0.2494444444E+00  0.1442475341E+06
  0.2497222222E+00  0.1438503626E+06
  0.2500000000E+00  0.1434531913E+06
  0.2502777778E+00  0.1431239579E+06
  0.2505555556E+00  0.1427947299E+06
  0.2508333333E+00  0.1424654975E+06
  0.2511111111E+00  0.1421362651E+06
  0.2513888889E+00  0.1418070360E+06
  0.2516666667E+00  0.1414778037E+06
  0.2519444444E+00  0.1411485712E+06
  0.2522222222E+00  0.1408193432E+06
  0.2525000000E+00  0.1404901098E+06
  0.2527777778E+00  0.1401608785E+06
  0.2530555556E+00  0.1398316484E+06
  0.2533333333E+00  0.1395024170E+06
  0.2536111111E+00  0.1391731846E+06
  0.2538888889E+00  0.1388439556E+06
  0.2541666667E+00  0.1385147231E+06
  0.2544444444E+00  0.1381854908E+06
  0.2547222222E+00  0.1378562617E+06
  0.2550000000E+00  0.1375270303E+06
  0.2552777778E+00  0.1372580875E+06
  0.2555555556E+00  0.1369891434E+06
  0.2558333333E+00  0.1367202039E+06
  0.2561111111E+00  0.1364512610E+06
  0.2563888889E+00  0.1361823169E+06
  0.2566666667E+00  0.1359133740E+06
  0.2569444444E+00  0.1356444311E+06
  0.2572222222E+00  0.1353754871E+06
  0.2575000000E+00  0.1351065442E+06
  0.2577777778E+00  0.1348376046E+06
  0.2580555556E+00  0.1345686606E+06
  0.2583333333E+00  0.1342997177E+06
  0.2586111111E+00  0.1340307748E+06
  0.2588888889E+00  0.1337618308E+06
  0.2591666667E+00  0.1334928879E+06
  0.2594444444E+00  0.1332239483E+06
  0.2597222222E+00  0.1329550043E+06
  0.2600000000E+00  0.1326860614E+06
  0.2602777778E+00  0.1324676836E+06
  0.2605555556E+00  0.1322493067E+06
  0.2608333333E+00  0.1320309298E+06
  0.2611111111E+00  0.1318125537E+06
  0.2613888889E+00  0.1315941765E+06
  0.2616666667E+00  0.1313757992E+06
  0.2619444444E+00  0.1311574221E+06
  0.2622222222E+00  0.1309390459E+06
  0.2625000000E+00  0.1307206677E+06
  0.2627777778E+00  0.1305022919E+06
  0.2630555556E+00  0.1302839147E+06
  0.2633333333E+00  0.1300655374E+06
  0.2636111111E+00  0.1298471603E+06
  0.2638888889E+00  0.1296287841E+06
  0.2641666667E+00  0.1294104059E+06
  0.2644444444E+00  0.1291920297E+06
  0.2647222222E+00  0.1289736529E+06
  0.2650000000E+00  0.1287552756E+06
  0.2652777778E+00  0.1285766177E+06
  0.2655555556E+00  0.1283979586E+06
  0.2658333333E+00  0.1282193005E+06
  0.2661111111E+00  0.1280406411E+06
  0.2663888889E+00  0.1278619820E+06
  0.2666666667E+00  0.1276833239E+06
  0.2669444444E+00  0.1275046648E+06
  0.2672222222E+00  0.1273260058E+06
  0.2675000000E+00  0.1271473467E+06
  0.2677777778E+00  0.1269686886E+06
  0.2680555556E+00  0.1267900295E+06
  0.2683333333E+00  0.1266113704E+06
  0.2686111111E+00  0.1264327135E+06
  0.2688888889E+00  0.1262540544E+06
  0.2691666667E+00  0.1260753953E+06
  0.2694444444E+00  0.1258967372E+06
  0.2697222222E+00  0.1257180781E+06
  0.2700000000E+00  0.1255394190E+06
  0.2702777778E+00  0.1253892737E+06
  0.2705555556E+00  0.1252391283E+06
  0.2708333333E+00  0.1250889832E+06
  0.2711111111E+00  0.1249388390E+06
  0.2713888889E+00  0.1247886926E+06
  0.2716666667E+00  0.1246385476E+06
  0.2719444444E+00  0.1244884022E+06
  0.2722222222E+00  0.1243382571E+06
  0.2725000000E+00  0.1241881121E+06
  0.2727777778E+00  0.1240379659E+06
  0.2730555556E+00  0.1238878210E+06
  0.2733333333E+00  0.1237376758E+06
  0.2736111111E+00  0.1235875310E+06
  0.2738888889E+00  0.1234373857E+06
  0.2741666667E+00  0.1232872406E+06
  0.2744444444E+00  0.1231370946E+06
  0.2747222222E+00  0.1229869495E+06
  0.2750000000E+00  0.1228368045E+06
  0.2752777778E+00  0.1227042696E+06
  0.2755555556E+00  0.1225717356E+06
  0.2758333333E+00  0.1224392006E+06
  0.2761111111E+00  0.1223066660E+06
  0.2763888889E+00  0.1221741320E+06
  0.2766666667E+00  0.1220415970E+06
  0.2769444444E+00  0.1219090624E+06
  0.2772222222E+00  0.1217765274E+06
  0.2775000000E+00  0.1216439934E+06
  0.2777777778E+00  0.1215114588E+06
  0.2780555556E+00  0.1213789238E+06
  0.2783333333E+00  0.1212463898E+06
  0.2786111111E+00  0.1211138549E+06
  0.2788888889E+00  0.1209813202E+06
  0.2791666667E+00  0.1208487853E+06
  0.2794444444E+00  0.1207162513E+06
  0.2797222222E+00  0.1205837166E+06
  0.2800000000E+00  0.1204511817E+06
  0.2802777778E+00  0.1203263528E+06
  0.2805555556E+00  0.1202015237E+06
  0.2808333333E+00  0.1200766948E+06
  0.2811111111E+00  0.1199518652E+06
  0.2813888889E+00  0.1198270363E+06
  0.2816666667E+00  0.1197022072E+06
  0.2819444444E+00  0.1195773783E+06
  0.2822222222E+00  0.1194525493E+06
  0.2825000000E+00  0.1193277194E+06
  0.2827777778E+00  0.1192028904E+06
  0.2830555556E+00  0.1190780618E+06
  0.2833333333E+00  0.1189532329E+06
  0.2836111111E+00  0.1188284029E+06
  0.2838888889E+00  0.1187035740E+06
  0.2841666667E+00  0.1185787450E+06
  0.2844444444E+00  0.1184539161E+06
  0.2847222222E+00  0.1183290861E+06
  0.2850000000E+00  0.1182042572E+06
  0.2852777778E+00  0.1180787531E+06
  0.2855555556E+00  0.1179532479E+06
  0.2858333333E+00  0.1178277439E+06
  0.2861111111E+00  0.1177022388E+06
  0.2863888889E+00  0.1175767347E+06
  0.2866666667E+00  0.1174512306E+06
  0.2869444444E+00  0.1173257255E+06
  0.2872222222E+00  0.1172002215E+06
  0.2875000000E+00  0.1170747163E+06
  0.2877777778E+00  0.1169492122E+06
  0.2880555556E+00  0.1168237072E+06
  0.2883333333E+00  0.1166982027E+06
  0.2886111111E+00  0.1165726976E+06
  0.2888888889E+00  0.1164471935E+06
  0.2891666667E+00  0.1163216894E+06
  0.2894444444E+00  0.1161961843E+06
  0.2897222222E+00  0.1160706803E+06
  0.2900000000E+00  0.1159451751E+06
  0.2902777778E+00  0.1158123445E+06
  0.2905555556E+00  0.1156795140E+06
  0.2908333333E+00  0.1155466834E+06
  0.2911111111E+00  0.1154138519E+06
  0.2913888889E+00  0.1152810212E+06
  0.2916666667E+00  0.1151481906E+06
  0.2919444444E+00  0.1150153601E+06
  0.2922222222E+00  0.1148825295E+06
  0.2925000000E+00  0.1147496976E+06
  0.2927777778E+00  0.1146168670E+06
  0.2930555556E+00  0.1144840364E+06
  0.2933333333E+00  0.1143512059E+06
  0.2936111111E+00  0.1142183753E+06
  0.2938888889E+00  0.1140855437E+06
  0.2941666667E+00  0.1139527132E+06
  0.2944444444E+00  0.1138198825E+06
  0.2947222222E+00  0.1136870520E+06
  0.2950000000E+00  0.1135542214E+06
  0.2952777778E+00  0.1134095769E+06
  0.2955555556E+00  0.1132649330E+06
  0.2958333333E+00  0.1131202885E+06
  0.2961111111E+00  0.1129756448E+06
  0.2963888889E+00  0.1128310000E+06
  0.2966666667E+00  0.1126863564E+06
  0.2969444444E+00  0.1125417119E+06
  0.2972222222E+00  0.1123970680E+06
  0.2975000000E+00  0.1122524235E+06
  0.2977777778E+00  0.1121077795E+06
  0.2980555556E+00  0.1119631350E+06
  0.2983333333E+00  0.1118184914E+06
  0.2986111111E+00  0.1116738466E+06
  0.2988888889E+00  0.1115292030E+06
  0.2991666667E+00  0.1113845585E+06
  0.2994444444E+00  0.1112399145E+06
  0.2997222222E+00  0.1110952700E+06
  0.3000000000E+00  0.1109506264E+06
  0.3002777778E+00  0.1107916586E+06
  0.3005555556E+00  0.1106326898E+06
  0.3008333333E+00  0.1104737221E+06
  0.3011111111E+00  0.1103147532E+06
  0.3013888889E+00  0.1101557854E+06
  0.3016666667E+00  0.1099968169E+06
  0.3019444444E+00  0.1098378491E+06
  0.3022222222E+00  0.1096788803E+06
  0.3025000000E+00  0.1095199125E+06
  0.3027777778E+00  0.1093609446E+06
  0.3030555556E+00  0.1092019758E+06
  0.3033333333E+00  0.1090430084E+06
  0.3036111111E+00  0.1088840396E+06
  0.3038888889E+00  0.1087250717E+06
  0.3041666667E+00  0.1085661029E+06
  0.3044444444E+00  0.1084071352E+06
  0.3047222222E+00  0.1082481673E+06
  0.3050000000E+00  0.1080891988E+06
  0.3052777778E+00  0.1079154218E+06
  0.3055555556E+00  0.1077416440E+06
  0.3058333333E+00  0.1075678670E+06
  0.3061111111E+00  0.1073940892E+06
  0.3063888889E+00  0.1072203122E+06
  0.3066666667E+00  0.1070465343E+06
  0.3069444444E+00  0.1068727574E+06
  0.3072222222E+00  0.1066989804E+06
  0.3075000000E+00  0.1065252025E+06
  0.3077777778E+00  0.1063514260E+06
  0.3080555556E+00  0.1061776480E+06
  0.3083333333E+00  0.1060038711E+06
  0.3086111111E+00  0.1058300932E+06
  0.3088888889E+00  0.1056563162E+06
  0.3091666667E+00  0.1054825384E+06
  0.3094444444E+00  0.1053087614E+06
  0.3097222222E+00  0.1051349844E+06
  0.3100000000E+00  0.1049612066E+06
  0.3102777778E+00  0.1047739596E+06
  0.3105555556E+00  0.1045867133E+06
  0.3108333333E+00  0.1043994660E+06
  0.3111111111E+00  0.1042122197E+06
  0.3113888889E+00  0.1040249728E+06
  0.3116666667E+00  0.1038377265E+06
  0.3119444444E+00  0.1036504793E+06
  0.3122222222E+00  0.1034632320E+06
  0.3125000000E+00  0.1032759861E+06
  0.3127777778E+00  0.1030887388E+06
  0.3130555556E+00  0.1029014925E+06
  0.3133333333E+00  0.1027142452E+06
  0.3136111111E+00  0.1025269982E+06
  0.3138888889E+00  0.1023397520E+06
  0.3141666667E+00  0.1021525048E+06
  0.3144444444E+00  0.1019652588E+06
  0.3147222222E+00  0.1017780115E+06
  0.3150000000E+00  0.1015907652E+06
  0.3152777778E+00  0.1013929898E+06
  0.3155555556E+00  0.1011952146E+06
  0.3158333333E+00  0.1009974390E+06
  0.3161111111E+00  0.1007996636E+06
  0.3163888889E+00  0.1006018881E+06
  0.3166666667E+00  0.1004041126E+06
  0.3169444444E+00  0.1002063375E+06
  0.3172222222E+00  0.1000085620E+06
  0.3175000000E+00  0.9981078652E+05
  0.3177777778E+00  0.9961301205E+05
  0.3180555556E+00  0.9941523679E+05
  0.3183333333E+00  0.9921746132E+05
  0.3186111111E+00  0.9901968584E+05
  0.3188888889E+00  0.9882191037E+05
  0.3191666667E+00  0.9862413523E+05
  0.3194444444E+00  0.9842635976E+05
  0.3197222222E+00  0.9822858429E+05
  0.3200000000E+00  0.9803080870E+05
  0.3202777778E+00  0.9782657269E+05
  0.3205555556E+00  0.9762233623E+05
  0.3208333333E+00  0.9741809877E+05
  0.3211111111E+00  0.9721386276E+05
  0.3213888889E+00  0.9700962530E+05
  0.3216666667E+00  0.9680538884E+05
  0.3219444444E+00  0.9660115272E+05
  0.3222222222E+00  0.9639691537E+05
  0.3225000000E+00  0.9619267924E+05
  0.3227777778E+00  0.9598844178E+05
  0.3230555556E+00  0.9578420544E+05
  0.3233333333E+00  0.9557996931E+05
  0.3236111111E+00  0.9537573185E+05
  0.3238888889E+00  0.9517149538E+05
  0.3241666667E+00  0.9496725937E+05
  0.3244444444E+00  0.9476302192E+05
  0.3247222222E+00  0.9455878545E+05
  0.3250000000E+00  0.9435454844E+05
  0.3252777778E+00  0.9414891712E+05
  0.3255555556E+00  0.9394328589E+05
  0.3258333333E+00  0.9373765466E+05
  0.3261111111E+00  0.9353202311E+05
  0.3263888889E+00  0.9332639077E+05
  0.3266666667E+00  0.9312075955E+05
  0.3269444444E+00  0.9291512833E+05
  0.3272222222E+00  0.9270949710E+05
  0.3275000000E+00  0.9250386588E+05
  0.3277777778E+00  0.9229823354E+05
  0.3280555556E+00  0.9209260232E+05
  0.3283333333E+00  0.9188697110E+05
  0.3286111111E+00  0.9168133988E+05
  0.3288888889E+00  0.9147570854E+05
  0.3291666667E+00  0.9127007632E+05
  0.3294444444E+00  0.9106444510E+05
  0.3297222222E+00  0.9085881354E+05
  0.3300000000E+00  0.9065318221E+05
  0.3302777778E+00  0.9045157355E+05
  0.3305555556E+00  0.9024996546E+05
  0.3308333333E+00  0.9004835748E+05
  0.3311111111E+00  0.8984674971E+05
  0.3313888889E+00  0.8964514073E+05
  0.3316666667E+00  0.8944353264E+05
  0.3319444444E+00  0.8924192498E+05
  0.3322222222E+00  0.8904031689E+05
  0.3325000000E+00  0.8883870791E+05
  0.3327777778E+00  0.8863709981E+05
  0.3330555556E+00  0.8843549216E+05
  0.3333333333E+00  0.8823388407E+05
  0.3336111111E+00  0.8803227508E+05
  0.3338888889E+00  0.8783066733E+05
  0.3341666667E+00  0.8762905934E+05
  0.3344444444E+00  0.8742745125E+05
  0.3347222222E+00  0.8722584360E+05
  0.3350000000E+00  0.8702423451E+05
  0.3352777778E+00  0.8683226889E+05
  0.3355555556E+00  0.8664030361E+05
  0.3358333333E+00  0.8644833801E+05
  0.3361111111E+00  0.8625637239E+05
  0.3363888889E+00  0.8606440700E+05
  0.3366666667E+00  0.8587244138E+05
  0.3369444444E+00  0.8568047577E+05
  0.3372222222E+00  0.8548851050E+05
  0.3375000000E+00  0.8529654489E+05
  0.3377777778E+00  0.8510457927E+05
  0.3380555556E+00  0.8491261399E+05
  0.3383333333E+00  0.8472064827E+05
  0.3386111111E+00  0.8452868266E+05
  0.3388888889E+00  0.8433671738E+05
  0.3391666667E+00  0.8414475177E+05
  0.3394444444E+00  0.8395278616E+05
  0.3397222222E+00  0.8376082089E+05
  0.3400000000E+00  0.8356885527E+05
  0.3402777778E+00  0.8339189823E+05
  0.3405555556E+00  0.8321494261E+05
  0.3408333333E+00  0.8303798668E+05
  0.3411111111E+00  0.8286102997E+05
  0.3413888889E+00  0.8268407404E+05
  0.3416666667E+00  0.8250711809E+05
  0.3419444444E+00  0.8233016238E+05
  0.3422222222E+00  0.8215320545E+05
  0.3425000000E+00  0.8197624985E+05
  0.3427777778E+00  0.8179929380E+05
  0.3430555556E+00  0.8162233686E+05
  0.3433333333E+00  0.8144538126E+05
  0.3436111111E+00  0.8126842532E+05
  0.3438888889E+00  0.8109146961E+05
  0.3441666667E+00  0.8091451267E+05
  0.3444444444E+00  0.8073755674E+05
  0.3447222222E+00  0.8056060102E+05
  0.3450000000E+00  0.8038364409E+05
  0.3452777778E+00  0.8022653087E+05
  0.3455555556E+00  0.8006941699E+05
  0.3458333333E+00  0.7991230266E+05
  0.3461111111E+00  0.7975518845E+05
  0.3463888889E+00  0.7959807522E+05
  0.3466666667E+00  0.7944096135E+05
  0.3469444444E+00  0.7928384714E+05
  0.3472222222E+00  0.7912673280E+05
  0.3475000000E+00  0.7896961959E+05
  0.3477777778E+00  0.7881250570E+05
  0.3480555556E+00  0.7865539149E+05
  0.3483333333E+00  0.7849827727E+05
  0.3486111111E+00  0.7834116406E+05
  0.3488888889E+00  0.7818405006E+05
  0.3491666667E+00  0.7802693585E+05
  0.3494444444E+00  0.7786982162E+05
  0.3497222222E+00  0.7771270841E+05
  0.3500000000E+00  0.7755559453E+05
  0.3502777778E+00  0.7742236869E+05
  0.3505555556E+00  0.7728914285E+05
  0.3508333333E+00  0.7715591701E+05
  0.3511111111E+00  0.7702269217E+05
  0.3513888889E+00  0.7688946667E+05
  0.3516666667E+00  0.7675624083E+05
  0.3519444444E+00  0.7662301499E+05
  0.3522222222E+00  0.7648978914E+05
  0.3525000000E+00  0.7635656364E+05
  0.3527777778E+00  0.7622333780E+05
  0.3530555556E+00  0.7609011308E+05
  0.3533333333E+00  0.7595688723E+05
  0.3536111111E+00  0.7582366139E+05
  0.3538888889E+00  0.7569043589E+05
  0.3541666667E+00  0.7555721005E+05
  0.3544444444E+00  0.7542398420E+05
  0.3547222222E+00  0.7529075837E+05
  0.3550000000E+00  0.7515753387E+05
  0.3552777778E+00  0.7505125965E+05
  0.3555555556E+00  0.7494498530E+05
  0.3558333333E+00  0.7483871097E+05
  0.3561111111E+00  0.7473243776E+05
  0.3563888889E+00  0.7462616343E+05
  0.3566666667E+00  0.7451988920E+05
  0.3569444444E+00  0.7441361620E+05
  0.3572222222E+00  0.7430734187E+05
  0.3575000000E+00  0.7420106766E+05
  0.3577777778E+00  0.7409479433E+05
  0.3580555556E+00  0.7398852010E+05
  0.3583333333E+00  0.7388224577E+05
  0.3586111111E+00  0.7377597155E+05
  0.3588888889E+00  0.7366969855E+05
  0.3591666667E+00  0.7356342421E+05
  0.3594444444E+00  0.7345715000E+05
  0.3597222222E+00  0.7335087667E+05
  0.3600000000E+00  0.7324460245E+05
  0.3602777778E+00  0.7316721188E+05
  0.3605555556E+00  0.7308982110E+05
  0.3608333333E+00  0.7301243032E+05
  0.3611111111E+00  0.7293503842E+05
  0.3613888889E+00  0.7285764798E+05
  0.3616666667E+00  0.7278025708E+05
  0.3619444444E+00  0.7270286629E+05
  0.3622222222E+00  0.7262547585E+05
  0.3625000000E+00  0.7254808496E+05
  0.3627777778E+00  0.7247069317E+05
  0.3630555556E+00  0.7239330273E+05
  0.3633333333E+00  0.7231591183E+05
  0.3636111111E+00  0.7223852106E+05
  0.3638888889E+00  0.7216113049E+05
  0.3641666667E+00  0.7208373970E+05
  0.3644444444E+00  0.7200634893E+05
  0.3647222222E+00  0.7192895703E+05
  0.3650000000E+00  0.7185156658E+05
  0.3652777778E+00  0.7180381560E+05
  0.3655555556E+00  0.7175606452E+05
  0.3658333333E+00  0.7170831454E+05
  0.3661111111E+00  0.7166056344E+05
  0.3663888889E+00  0.7161281247E+05
  0.3666666667E+00  0.7156506138E+05
  0.3669444444E+00  0.7151731039E+05
  0.3672222222E+00  0.7146955931E+05
  0.3675000000E+00  0.7142180833E+05
  0.3677777778E+00  0.7137405725E+05
  0.3680555556E+00  0.7132630626E+05
  0.3683333333E+00  0.7127855529E+05
  0.3686111111E+00  0.7123080420E+05
  0.3688888889E+00  0.7118305372E+05
  0.3691666667E+00  0.7113530263E+05
  0.3694444444E+00  0.7108755176E+05
  0.3697222222E+00  0.7103980077E+05
  0.3700000000E+00  0.7099204988E+05
  0.3702777778E+00  0.7097346748E+05
  0.3705555556E+00  0.7095488550E+05
  0.3708333333E+00  0.7093630321E+05
  0.3711111111E+00  0.7091772123E+05
  0.3713888889E+00  0.7089913881E+05
  0.3716666667E+00  0.7088055674E+05
  0.3719444444E+00  0.7086197443E+05
  0.3722222222E+00  0.7084339247E+05
  0.3725000000E+00  0.7082481006E+05
  0.3727777778E+00  0.7080622775E+05
  0.3730555556E+00  0.7078764567E+05
  0.3733333333E+00  0.7076906336E+05
  0.3736111111E+00  0.7075048140E+05
  0.3738888889E+00  0.7073189899E+05
  0.3741666667E+00  0.7071331702E+05
  0.3744444444E+00  0.7069473460E+05
  0.3747222222E+00  0.7067615275E+05
  0.3750000000E+00  0.7065757033E+05
  0.3752777778E+00  0.7066658234E+05
  0.3755555556E+00  0.7067559411E+05
  0.3758333333E+00  0.7068460612E+05
  0.3761111111E+00  0.7069361791E+05
  0.3763888889E+00  0.7070262990E+05
  0.3766666667E+00  0.7071164202E+05
  0.3769444444E+00  0.7072065368E+05
  0.3772222222E+00  0.7072966580E+05
  0.3775000000E+00  0.7073867747E+05
  0.3777777778E+00  0.7074768958E+05
  0.3780555556E+00  0.7075670137E+05
  0.3783333333E+00  0.7076571336E+05
  0.3786111111E+00  0.7077472515E+05
  0.3788888889E+00  0.7078373716E+05
  0.3791666667E+00  0.7079274927E+05
  0.3794444444E+00  0.7080176094E+05
  0.3797222222E+00  0.7081077296E+05
  0.3800000000E+00  0.7081978462E+05
  0.3802777778E+00  0.7085370501E+05
  0.3805555556E+00  0.7088762496E+05
  0.3808333333E+00  0.7092154492E+05
  0.3811111111E+00  0.7095546522E+05
  0.3813888889E+00  0.7098938527E+05
  0.3816666667E+00  0.7102330556E+05
  0.3819444444E+00  0.7105722562E+05
  0.3822222222E+00  0.7109114558E+05
  0.3825000000E+00  0.7112506587E+05
  0.3827777778E+00  0.7115898592E+05
  0.3830555556E+00  0.7119290621E+05
  0.3833333333E+00  0.7122682617E+05
  0.3836111111E+00  0.7126074613E+05
  0.3838888889E+00  0.7129466652E+05
  0.3841666667E+00  0.7132858647E+05
  0.3844444444E+00  0.7136250677E+05
  0.3847222222E+00  0.7139642672E+05
  0.3850000000E+00  0.7143034667E+05
  0.3852777778E+00  0.7148570329E+05
  0.3855555556E+00  0.7154105957E+05
  0.3858333333E+00  0.7159641574E+05
  0.3861111111E+00  0.7165177191E+05
  0.3863888889E+00  0.7170712809E+05
  0.3866666667E+00  0.7176248437E+05
  0.3869444444E+00  0.7181784065E+05
  0.3872222222E+00  0.7187319717E+05
  0.3875000000E+00  0.7192855344E+05
  0.3877777778E+00  0.7198390972E+05
  0.3880555556E+00  0.7203926590E+05
  0.3883333333E+00  0.7209462207E+05
  0.3886111111E+00  0.7214997825E+05
  0.3888888889E+00  0.7220533486E+05
  0.3891666667E+00  0.7226069114E+05
  0.3894444444E+00  0.7231604732E+05
  0.3897222222E+00  0.7237140359E+05
  0.3900000000E+00  0.7242675977E+05
  0.3902777778E+00  0.7249925469E+05
  0.3905555556E+00  0.7257174950E+05
  0.3908333333E+00  0.7264424444E+05
  0.3911111111E+00  0.7271673925E+05
  0.3913888889E+00  0.7278923407E+05
  0.3916666667E+00  0.7286172888E+05
  0.3919444444E+00  0.7293422381E+05
  0.3922222222E+00  0.7300671863E+05
  0.3925000000E+00  0.7307921345E+05
  0.3927777778E+00  0.7315170837E+05
  0.3930555556E+00  0.7322420319E+05
  0.3933333333E+00  0.7329669800E+05
  0.3936111111E+00  0.7336919304E+05
  0.3938888889E+00  0.7344168785E+05
  0.3941666667E+00  0.7351418267E+05
  0.3944444444E+00  0.7358667759E+05
  0.3947222222E+00  0.7365917241E+05
  0.3950000000E+00  0.7373166722E+05
  0.3952777778E+00  0.7381660916E+05
  0.3955555556E+00  0.7390155099E+05
  0.3958333333E+00  0.7398649270E+05
  0.3961111111E+00  0.7407143464E+05
  0.3963888889E+00  0.7415637646E+05
  0.3966666667E+00  0.7424131840E+05
  0.3969444444E+00  0.7432626021E+05
  0.3972222222E+00  0.7441120205E+05
  0.3975000000E+00  0.7449614421E+05
  0.3977777778E+00  0.7458108603E+05
  0.3980555556E+00  0.7466602827E+05
  0.3983333333E+00  0.7475096988E+05
  0.3986111111E+00  0.7483591162E+05
  0.3988888889E+00  0.7492085324E+05
  0.3991666667E+00  0.7500579487E+05
  0.3994444444E+00  0.7509073759E+05
  0.3997222222E+00  0.7517567922E+05
  0.4000000000E+00  0.7526062096E+05
  0.4002777778E+00  0.7535300492E+05
  0.4005555556E+00  0.7544538755E+05
  0.4008333333E+00  0.7553777118E+05
  0.4011111111E+00  0.7563015481E+05
  0.4013888889E+00  0.7572253744E+05
  0.4016666667E+00  0.7581492118E+05
  0.4019444444E+00  0.7590730482E+05
  0.4022222222E+00  0.7599968745E+05
  0.4025000000E+00  0.7609207108E+05
  0.4027777778E+00  0.7618445471E+05
  0.4030555556E+00  0.7627683734E+05
  0.4033333333E+00  0.7636922108E+05
  0.4036111111E+00  0.7646160471E+05
  0.4038888889E+00  0.7655398734E+05
  0.4041666667E+00  0.7664637098E+05
  0.4044444444E+00  0.7673875461E+05
  0.4047222222E+00  0.7683113724E+05
  0.4050000000E+00  0.7692352088E+05
  0.4052777778E+00  0.7701832755E+05
  0.4055555556E+00  0.7711313389E+05
  0.4058333333E+00  0.7720793946E+05
  0.4061111111E+00  0.7730274614E+05
  0.4063888889E+00  0.7739755248E+05
  0.4066666667E+00  0.7749235905E+05
  0.4069444444E+00  0.7758716572E+05
  0.4072222222E+00  0.7768197107E+05
  0.4075000000E+00  0.7777677764E+05
  0.4077777778E+00  0.7787158398E+05
  0.4080555556E+00  0.7796639066E+05
  0.4083333333E+00  0.7806119722E+05
  0.4086111111E+00  0.7815600356E+05
  0.4088888889E+00  0.7825080914E+05
  0.4091666667E+00  0.7834561581E+05
  0.4094444444E+00  0.7844042216E+05
  0.4097222222E+00  0.7853522872E+05
  0.4100000000E+00  0.7863003506E+05
  0.4102777778E+00  0.7872244744E+05
  0.4105555556E+00  0.7881486093E+05
  0.4108333333E+00  0.7890727431E+05
  0.4111111111E+00  0.7899968769E+05
  0.4113888889E+00  0.7909210107E+05
  0.4116666667E+00  0.7918451456E+05
  0.4119444444E+00  0.7927692693E+05
  0.4122222222E+00  0.7936934031E+05
  0.4125000000E+00  0.7946175346E+05
  0.4127777778E+00  0.7955416684E+05
  0.4130555556E+00  0.7964658022E+05
  0.4133333333E+00  0.7973899359E+05
  0.4136111111E+00  0.7983140608E+05
  0.4138888889E+00  0.7992381946E+05
  0.4141666667E+00  0.8001623283E+05
  0.4144444444E+00  0.8010864621E+05
  0.4147222222E+00  0.8020105936E+05
  0.4150000000E+00  0.8029347274E+05
  0.4152777778E+00  0.8037904941E+05
  0.4155555556E+00  0.8046462574E+05
  0.4158333333E+00  0.8055020352E+05
  0.4161111111E+00  0.8063577985E+05
  0.4163888889E+00  0.8072135619E+05
  0.4166666667E+00  0.8080693386E+05
  0.4169444444E+00  0.8089251029E+05
  0.4172222222E+00  0.8097808796E+05
  0.4175000000E+00  0.8106366429E+05
  0.4177777778E+00  0.8114924063E+05
  0.4180555556E+00  0.8123481840E+05
  0.4183333333E+00  0.8132039474E+05
  0.4186111111E+00  0.8140597140E+05
  0.4188888889E+00  0.8149154874E+05
  0.4191666667E+00  0.8157712517E+05
  0.4194444444E+00  0.8166270284E+05
  0.4197222222E+00  0.8174827917E+05
  0.4200000000E+00  0.8183385584E+05
  0.4202777778E+00  0.8190875178E+05
  0.4205555556E+00  0.8198364907E+05
  0.4208333333E+00  0.8205854534E+05
  0.4211111111E+00  0.8213344162E+05
  0.4213888889E+00  0.8220833756E+05
  0.4216666667E+00  0.8228323384E+05
  0.4219444444E+00  0.8235813012E+05
  0.4222222222E+00  0.8243302607E+05
  0.4225000000E+00  0.8250792234E+05
  0.4227777778E+00  0.8258281862E+05
  0.4230555556E+00  0.8265771490E+05
  0.4233333333E+00  0.8273261085E+05
  0.4236111111E+00  0.8280750712E+05
  0.4238888889E+00  0.8288240440E+05
  0.4241666667E+00  0.8295730024E+05
  0.4244444444E+00  0.8303219652E+05
  0.4247222222E+00  0.8310709280E+05
  0.4250000000E+00  0.8318198907E+05
  0.4252777778E+00  0.8324307228E+05
  0.4255555556E+00  0.8330415471E+05
  0.4258333333E+00  0.8336523814E+05
  0.4261111111E+00  0.8342632023E+05
  0.4263888889E+00  0.8348740377E+05
  0.4266666667E+00  0.8354848721E+05
  0.4269444444E+00  0.8360956930E+05
  0.4272222222E+00  0.8367065272E+05
  0.4275000000E+00  0.8373173626E+05
  0.4277777778E+00  0.8379281836E+05
  0.4280555556E+00  0.8385390179E+05
  0.4283333333E+00  0.8391498522E+05
  0.4286111111E+00  0.8397606743E+05
  0.4288888889E+00  0.8403715086E+05
  0.4291666667E+00  0.8409823429E+05
  0.4294444444E+00  0.8415931649E+05
  0.4297222222E+00  0.8422039992E+05
  0.4300000000E+00  0.8428148236E+05
  0.4302777778E+00  0.8432644542E+05
  0.4305555556E+00  0.8437140882E+05
  0.4308333333E+00  0.8441637234E+05
  0.4311111111E+00  0.8446133541E+05
  0.4313888889E+00  0.8450629881E+05
  0.4316666667E+00  0.8455126221E+05
  0.4319444444E+00  0.8459622462E+05
  0.4322222222E+00  0.8464118769E+05
  0.4325000000E+00  0.8468615119E+05
  0.4327777778E+00  0.8473111460E+05
  0.4330555556E+00  0.8477607767E+05
  0.4333333333E+00  0.8482104108E+05
  0.4336111111E+00  0.8486600448E+05
  0.4338888889E+00  0.8491096688E+05
  0.4341666667E+00  0.8495593006E+05
  0.4344444444E+00  0.8500089347E+05
  0.4347222222E+00  0.8504585688E+05
  0.4350000000E+00  0.8509082027E+05
  0.4352777778E+00  0.8511823617E+05
  0.4355555556E+00  0.8514565241E+05
  0.4358333333E+00  0.8517306831E+05
  0.4361111111E+00  0.8520048455E+05
  0.4363888889E+00  0.8522790034E+05
  0.4366666667E+00  0.8525531758E+05
  0.4369444444E+00  0.8528273382E+05
  0.4372222222E+00  0.8531014972E+05
  0.4375000000E+00  0.8533756596E+05
  0.4377777778E+00  0.8536498186E+05
  0.4380555556E+00  0.8539239811E+05
  0.4383333333E+00  0.8541981424E+05
  0.4386111111E+00  0.8544723014E+05
  0.4388888889E+00  0.8547464638E+05
  0.4391666667E+00  0.8550206328E+05
  0.4394444444E+00  0.8552947952E+05
  0.4397222222E+00  0.8555689576E+05
  0.4400000000E+00  0.8558431166E+05
  0.4402777778E+00  0.8559367253E+05
  0.4405555556E+00  0.8560303307E+05
  0.4408333333E+00  0.8561239349E+05
  0.4411111111E+00  0.8562175436E+05
  0.4413888889E+00  0.8563111490E+05
  0.4416666667E+00  0.8564047544E+05
  0.4419444444E+00  0.8564983630E+05
  0.4422222222E+00  0.8565919684E+05
  0.4425000000E+00  0.8566855738E+05
  0.4427777778E+00  0.8567791825E+05
  0.4430555556E+00  0.8568727878E+05
  0.4433333333E+00  0.8569663966E+05
  0.4436111111E+00  0.8570600019E+05
  0.4438888889E+00  0.8571536072E+05
  0.4441666667E+00  0.8572472159E+05
  0.4444444444E+00  0.8573408213E+05
  0.4447222222E+00  0.8574344256E+05
  0.4450000000E+00  0.8575280342E+05
  0.4452777778E+00  0.8574442365E+05
  0.4455555556E+00  0.8573604242E+05
  0.4458333333E+00  0.8572766254E+05
  0.4461111111E+00  0.8571928264E+05
  0.4463888889E+00  0.8571090285E+05
  0.4466666667E+00  0.8570252197E+05
  0.4469444444E+00  0.8569414207E+05
  0.4472222222E+00  0.8568576185E+05
  0.4475000000E+00  0.8567738196E+05
  0.4477777778E+00  0.8566900118E+05
  0.4480555556E+00  0.8566062129E+05
  0.4483333333E+00  0.8565224139E+05
  0.4486111111E+00  0.8564386116E+05
  0.4488888889E+00  0.8563548039E+05
  0.4491666667E+00  0.8562710050E+05
  0.4494444444E+00  0.8561872060E+05
  0.4497222222E+00  0.8561033971E+05
  0.4500000000E+00  0.8560195993E+05
  0.4502777778E+00  0.8557696670E+05
  0.4505555556E+00  0.8555197247E+05
  0.4508333333E+00  0.8552697924E+05
  0.4511111111E+00  0.8550198590E+05
  0.4513888889E+00  0.8547699167E+05
  0.4516666667E+00  0.8545199844E+05
  0.4519444444E+00  0.8542700421E+05
  0.4522222222E+00  0.8540201131E+05
  0.4525000000E+00  0.8537701808E+05
  0.4527777778E+00  0.8535202385E+05
  0.4530555556E+00  0.8532703062E+05
  0.4533333333E+00  0.8530203639E+05
  0.4536111111E+00  0.8527704316E+05
  0.4538888889E+00  0.8525204893E+05
  0.4541666667E+00  0.8522705569E+05
  0.4544444444E+00  0.8520206247E+05
  0.4547222222E+00  0.8517706857E+05
  0.4550000000E+00  0.8515207534E+05
  0.4552777778E+00  0.8511230445E+05
  0.4555555556E+00  0.8507253388E+05
  0.4558333333E+00  0.8503276388E+05
  0.4561111111E+00  0.8499299333E+05
  0.4563888889E+00  0.8495322243E+05
  0.4566666667E+00  0.8491345188E+05
  0.4569444444E+00  0.8487368132E+05
  0.4572222222E+00  0.8483391131E+05
  0.4575000000E+00  0.8479414076E+05
  0.4577777778E+00  0.8475436986E+05
  0.4580555556E+00  0.8471459930E+05
  0.4583333333E+00  0.8467482941E+05
  0.4586111111E+00  0.8463505873E+05
  0.4588888889E+00  0.8459528818E+05
  0.4591666667E+00  0.8455551729E+05
  0.4594444444E+00  0.8451574772E+05
  0.4597222222E+00  0.8447597672E+05
  0.4600000000E+00  0.8443620617E+05
  0.4602777778E+00  0.8438403277E+05
  0.4605555556E+00  0.8433185970E+05
  0.4608333333E+00  0.8427968630E+05
  0.4611111111E+00  0.8422751323E+05
  0.4613888889E+00  0.8417533984E+05
  0.4616666667E+00  0.8412316677E+05
  0.4619444444E+00  0.8407099347E+05
  0.4622222222E+00  0.8401882042E+05
  0.4625000000E+00  0.8396664701E+05
  0.4627777778E+00  0.8391447395E+05
  0.4630555556E+00  0.8386230055E+05
  0.4633333333E+00  0.8381012749E+05
  0.4636111111E+00  0.8375795409E+05
  0.4638888889E+00  0.8370578102E+05
  0.4641666667E+00  0.8365360762E+05
  0.4644444444E+00  0.8360143422E+05
  0.4647222222E+00  0.8354926116E+05
  0.4650000000E+00  0.8349708775E+05
  0.4652777778E+00  0.8343528804E+05
  0.4655555556E+00  0.8337348921E+05
  0.4658333333E+00  0.8331168916E+05
  0.4661111111E+00  0.8324988944E+05
  0.4663888889E+00  0.8318808961E+05
  0.4666666667E+00  0.8312628956E+05
  0.4669444444E+00  0.8306449083E+05
  0.4672222222E+00  0.8300269101E+05
  0.4675000000E+00  0.8294089095E+05
  0.4677777778E+00  0.8287909124E+05
  0.4680555556E+00  0.8281729118E+05
  0.4683333333E+00  0.8275549236E+05
  0.4686111111E+00  0.8269369264E+05
  0.4688888889E+00  0.8263189259E+05
  0.4691666667E+00  0.8257009275E+05
  0.4694444444E+00  0.8250829304E+05
  0.4697222222E+00  0.8244649299E+05
  0.4700000000E+00  0.8238469416E+05
  0.4702777778E+00  0.8231628778E+05
  0.4705555556E+00  0.8224788130E+05
  0.4708333333E+00  0.8217947481E+05
  0.4711111111E+00  0.8211106832E+05
  0.4713888889E+00  0.8204266295E+05
  0.4716666667E+00  0.8197425646E+05
  0.4719444444E+00  0.8190585031E+05
  0.4722222222E+00  0.8183744382E+05
  0.4725000000E+00  0.8176903744E+05
  0.4727777778E+00  0.8170063196E+05
  0.4730555556E+00  0.8163222546E+05
  0.4733333333E+00  0.8156381898E+05
  0.4736111111E+00  0.8149541261E+05
  0.4738888889E+00  0.8142700612E+05
  0.4741666667E+00  0.8135859963E+05
  0.4744444444E+00  0.8129019415E+05
  0.4747222222E+00  0.8122178777E+05
  0.4750000000E+00  0.8115338129E+05
  0.4752777778E+00  0.8108146286E+05
  0.4755555556E+00  0.8100954354E+05
  0.4758333333E+00  0.8093762511E+05
  0.4761111111E+00  0.8086570579E+05
  0.4763888889E+00  0.8079378736E+05
  0.4766666667E+00  0.8072186905E+05
  0.4769444444E+00  0.8064994962E+05
  0.4772222222E+00  0.8057803130E+05
  0.4775000000E+00  0.8050611187E+05
  0.4777777778E+00  0.8043419355E+05
  0.4780555556E+00  0.8036227512E+05
  0.4783333333E+00  0.8029035580E+05
  0.4786111111E+00  0.8021843772E+05
  0.4788888889E+00  0.8014651880E+05
  0.4791666667E+00  0.8007459998E+05
  0.4794444444E+00  0.8000268126E+05
  0.4797222222E+00  0.7993076243E+05
  0.4800000000E+00  0.7985884371E+05
  0.4802777778E+00  0.7978640125E+05
  0.4805555556E+00  0.7971395924E+05
  0.4808333333E+00  0.7964151722E+05
  0.4811111111E+00  0.7956907510E+05
  0.4813888889E+00  0.7949663308E+05
  0.4816666667E+00  0.7942419118E+05
  0.4819444444E+00  0.7935174915E+05
  0.4822222222E+00  0.7927930704E+05
  0.4825000000E+00  0.7920686501E+05
  0.4827777778E+00  0.7913442300E+05
  0.4830555556E+00  0.7906198098E+05
  0.4833333333E+00  0.7898953898E+05
  0.4836111111E+00  0.7891709695E+05
  0.4838888889E+00  0.7884465493E+05
  0.4841666667E+00  0.7877221291E+05
  0.4844444444E+00  0.7869977046E+05
  0.4847222222E+00  0.7862732844E+05
  0.4850000000E+00  0.7855488653E+05
  0.4852777778E+00  0.7848469845E+05
  0.4855555556E+00  0.7841451048E+05
  0.4858333333E+00  0.7834432241E+05
  0.4861111111E+00  0.7827413455E+05
  0.4863888889E+00  0.7820394647E+05
  0.4866666667E+00  0.7813375850E+05
  0.4869444444E+00  0.7806357042E+05
  0.4872222222E+00  0.7799338256E+05
  0.4875000000E+00  0.7792319448E+05
  0.4877777778E+00  0.7785300651E+05
  0.4880555556E+00  0.7778281844E+05
  0.4883333333E+00  0.7771263057E+05
  0.4886111111E+00  0.7764244250E+05
  0.4888888889E+00  0.7757225452E+05
  0.4891666667E+00  0.7750206656E+05
  0.4894444444E+00  0.7743187859E+05
  0.4897222222E+00  0.7736169018E+05
  0.4900000000E+00  0.7729150221E+05
  0.4902777778E+00  0.7722598542E+05
  0.4905555556E+00  0.7716046820E+05
  0.4908333333E+00  0.7709495096E+05
  0.4911111111E+00  0.7702943406E+05
  0.4913888889E+00  0.7696391683E+05
  0.4916666667E+00  0.7689839972E+05
  0.4919444444E+00  0.7683288249E+05
  0.4922222222E+00  0.7676736559E+05
  0.4925000000E+00  0.7670184847E+05
  0.4927777778E+00  0.7663633135E+05
  0.4930555556E+00  0.7657081445E+05
  0.4933333333E+00  0.7650529722E+05
  0.4936111111E+00  0.7643978000E+05
  0.4938888889E+00  0.7637426288E+05
  0.4941666667E+00  0.7630874598E+05
  0.4944444444E+00  0.7624322876E+05
  0.4947222222E+00  0.7617771152E+05
  0.4950000000E+00  0.7611219474E+05
