  0.1027777778E-01  0.2257920989E+08
  0.1055555556E-01  0.2255090496E+08
  0.1083333333E-01  0.2252260049E+08
  0.1111111111E-01  0.2249429610E+08
  0.1138888889E-01  0.2246599117E+08
  0.1166666667E-01  0.2243768669E+08
  0.1194444444E-01  0.2240938187E+08
  0.1222222222E-01  0.2238107739E+08
  0.1250000000E-01  0.2235277280E+08
  0.1277777778E-01  0.2232446808E+08
  0.1305555556E-01  0.2229616360E+08
  0.1333333333E-01  0.2226785912E+08
  0.1361111111E-01  0.2223955418E+08
  0.1388888889E-01  0.2221124971E+08
  0.1416666667E-01  0.2218294533E+08
  0.1444444444E-01  0.2215464051E+08
  0.1472222222E-01  0.2212633592E+08
  0.1500000000E-01  0.2209803143E+08
  0.1527777778E-01  0.2205945677E+08
  0.1555555556E-01  0.2202088220E+08
  0.1583333333E-01  0.2198230755E+08
  0.1611111111E-01  0.2194373321E+08
  0.1638888889E-01  0.2190515856E+08
  0.1666666667E-01  0.2186658410E+08
  0.1694444444E-01  0.2182800944E+08
  0.1722222222E-01  0.2178943479E+08
  0.1750000000E-01  0.2175086045E+08
  0.1777777778E-01  0.2171228580E+08
  0.1805555556E-01  0.2167371123E+08
  0.1833333333E-01  0.2163513657E+08
  0.1861111111E-01  0.2159656190E+08
  0.1888888889E-01  0.2155798758E+08
  0.1916666667E-01  0.2151941301E+08
  0.1944444444E-01  0.2148083836E+08
  0.1972222222E-01  0.2144226380E+08
  0.2000000000E-01  0.2140368948E+08
  0.2027777778E-01  0.2135582820E+08
  0.2055555556E-01  0.2130796694E+08
  0.2083333333E-01  0.2126010567E+08
  0.2111111111E-01  0.2121224452E+08
  0.2138888889E-01  0.2116438325E+08
  0.2166666667E-01  0.2111652199E+08
  0.2194444444E-01  0.2106866096E+08
  0.2222222222E-01  0.2102079969E+08
  0.2250000000E-01  0.2097293853E+08
  0.2277777778E-01  0.2092507726E+08
  0.2305555556E-01  0.2087721600E+08
  0.2333333333E-01  0.2082935473E+08
  0.2361111111E-01  0.2078149358E+08
  0.2388888889E-01  0.2073363221E+08
  0.2416666667E-01  0.2068577128E+08
  0.2444444444E-01  0.2063791001E+08
  0.2472222222E-01  0.2059004885E+08
  0.2500000000E-01  0.2054218759E+08
  0.2527777778E-01  0.2048624912E+08
  0.2555555556E-01  0.2043031064E+08
  0.2583333333E-01  0.2037437228E+08
  0.2611111111E-01  0.2031843347E+08
  0.2638888889E-01  0.2026249499E+08
  0.2666666667E-01  0.2020655652E+08
  0.2694444444E-01  0.2015061815E+08
  0.2722222222E-01  0.2009467978E+08
  0.2750000000E-01  0.2003874132E+08
  0.2777777778E-01  0.1998280251E+08
  0.2805555556E-01  0.1992686414E+08
  0.2833333333E-01  0.1987092567E+08
  0.2861111111E-01  0.1981498719E+08
  0.2888888889E-01  0.1975904872E+08
  0.2916666667E-01  0.1970311036E+08
  0.2944444444E-01  0.1964717155E+08
  0.2972222222E-01  0.1959123307E+08
  0.3000000000E-01  0.1953529471E+08
  0.3027777778E-01  0.1947266367E+08
  0.3055555556E-01  0.1941003219E+08
  0.3083333333E-01  0.1934740126E+08
  0.3111111111E-01  0.1928476978E+08
  0.3138888889E-01  0.1922213874E+08
  0.3166666667E-01  0.1915950772E+08
  0.3194444444E-01  0.1909687633E+08
  0.3222222222E-01  0.1903424520E+08
  0.3250000000E-01  0.1897161393E+08
  0.3277777778E-01  0.1890898279E+08
  0.3305555556E-01  0.1884635141E+08
  0.3333333333E-01  0.1878372037E+08
  0.3361111111E-01  0.1872108934E+08
  0.3388888889E-01  0.1865845796E+08
  0.3416666667E-01  0.1859582693E+08
  0.3444444444E-01  0.1853319555E+08
  0.3472222222E-01  0.1847056442E+08
  0.3500000000E-01  0.1840793348E+08
  0.3527777778E-01  0.1834009189E+08
  0.3555555556E-01  0.1827225084E+08
  0.3583333333E-01  0.1820440968E+08
  0.3611111111E-01  0.1813656830E+08
  0.3638888889E-01  0.1806872714E+08
  0.3666666667E-01  0.1800088575E+08
  0.3694444444E-01  0.1793304460E+08
  0.3722222222E-01  0.1786520355E+08
  0.3750000000E-01  0.1779736205E+08
  0.3777777778E-01  0.1772952091E+08
  0.3805555556E-01  0.1766167974E+08
  0.3833333333E-01  0.1759383836E+08
  0.3861111111E-01  0.1752599720E+08
  0.3888888889E-01  0.1745815615E+08
  0.3916666667E-01  0.1739031466E+08
  0.3944444444E-01  0.1732247350E+08
  0.3972222222E-01  0.1725463246E+08
  0.4000000000E-01  0.1718679095E+08
  0.4027777778E-01  0.1711529625E+08
  0.4055555556E-01  0.1704380144E+08
  0.4083333333E-01  0.1697230673E+08
  0.4111111111E-01  0.1690081158E+08
  0.4138888889E-01  0.1682931677E+08
  0.4166666667E-01  0.1675782206E+08
  0.4194444444E-01  0.1668632736E+08
  0.4222222222E-01  0.1661483221E+08
  0.4250000000E-01  0.1654333740E+08
  0.4277777778E-01  0.1647184269E+08
  0.4305555556E-01  0.1640034787E+08
  0.4333333333E-01  0.1632885306E+08
  0.4361111111E-01  0.1625735812E+08
  0.4388888889E-01  0.1618586330E+08
  0.4416666667E-01  0.1611436849E+08
  0.4444444444E-01  0.1604287378E+08
  0.4472222222E-01  0.1597137863E+08
  0.4500000000E-01  0.1589988382E+08
  0.4527777778E-01  0.1582629288E+08
  0.4555555556E-01  0.1575270181E+08
  0.4583333333E-01  0.1567911054E+08
  0.4611111111E-01  0.1560551958E+08
  0.4638888889E-01  0.1553192831E+08
  0.4666666667E-01  0.1545833703E+08
  0.4694444444E-01  0.1538474618E+08
  0.4722222222E-01  0.1531115491E+08
  0.4750000000E-01  0.1523756362E+08
  0.4777777778E-01  0.1516397268E+08
  0.4805555556E-01  0.1509038140E+08
  0.4833333333E-01  0.1501679023E+08
  0.4861111111E-01  0.1494319928E+08
  0.4888888889E-01  0.1486960800E+08
  0.4916666667E-01  0.1479601672E+08
  0.4944444444E-01  0.1472242578E+08
  0.4972222222E-01  0.1464883460E+08
  0.5000000000E-01  0.1457524332E+08
  0.5027777778E-01  0.1450106457E+08
  0.5055555556E-01  0.1442688560E+08
  0.5083333333E-01  0.1435270685E+08
  0.5111111111E-01  0.1427852821E+08
  0.5138888889E-01  0.1420434924E+08
  0.5166666667E-01  0.1413017049E+08
  0.5194444444E-01  0.1405599152E+08
  0.5222222222E-01  0.1398181276E+08
  0.5250000000E-01  0.1390763413E+08
  0.5277777778E-01  0.1383345504E+08
  0.5305555556E-01  0.1375927640E+08
  0.5333333333E-01  0.1368509732E+08
  0.5361111111E-01  0.1361091868E+08
  0.5388888889E-01  0.1353673960E+08
  0.5416666667E-01  0.1346256096E+08
  0.5444444444E-01  0.1338838221E+08
  0.5472222222E-01  0.1331420324E+08
  0.5500000000E-01  0.1324002448E+08
  0.5527777778E-01  0.1316666818E+08
  0.5555555556E-01  0.1309331187E+08
  0.5583333333E-01  0.1301995556E+08
  0.5611111111E-01  0.1294659892E+08
  0.5638888889E-01  0.1287324261E+08
  0.5666666667E-01  0.1279988630E+08
  0.5694444444E-01  0.1272652999E+08
  0.5722222222E-01  0.1265317368E+08
  0.5750000000E-01  0.1257981738E+08
  0.5777777778E-01  0.1250646107E+08
  0.5805555556E-01  0.1243310472E+08
  0.5833333333E-01  0.1235974838E+08
  0.5861111111E-01  0.1228639204E+08
  0.5888888889E-01  0.1221303570E+08
  0.5916666667E-01  0.1213967928E+08
  0.5944444444E-01  0.1206632294E+08
  0.5972222222E-01  0.1199296660E+08
  0.6000000000E-01  0.1191961025E+08
  0.6027777778E-01  0.1184835266E+08
  0.6055555556E-01  0.1177709498E+08
  0.6083333333E-01  0.1170583735E+08
  0.6111111111E-01  0.1163457966E+08
  0.6138888889E-01  0.1156332207E+08
  0.6166666667E-01  0.1149206448E+08
  0.6194444444E-01  0.1142080676E+08
  0.6222222222E-01  0.1134954917E+08
  0.6250000000E-01  0.1127829148E+08
  0.6277777778E-01  0.1120703389E+08
  0.6305555556E-01  0.1113577626E+08
  0.6333333333E-01  0.1106451857E+08
  0.6361111111E-01  0.1099326098E+08
  0.6388888889E-01  0.1092200329E+08
  0.6416666667E-01  0.1085074567E+08
  0.6444444444E-01  0.1077948808E+08
  0.6472222222E-01  0.1070823039E+08
  0.6500000000E-01  0.1063697291E+08
  0.6527777778E-01  0.1056891520E+08
  0.6555555556E-01  0.1050085754E+08
  0.6583333333E-01  0.1043279989E+08
  0.6611111111E-01  0.1036474223E+08
  0.6638888889E-01  0.1029668457E+08
  0.6666666667E-01  0.1022862692E+08
  0.6694444444E-01  0.1016056940E+08
  0.6722222222E-01  0.1009251174E+08
  0.6750000000E-01  0.1002445409E+08
  0.6777777778E-01  0.9956396430E+07
  0.6805555556E-01  0.9888338773E+07
  0.6833333333E-01  0.9820281118E+07
  0.6861111111E-01  0.9752223462E+07
  0.6888888889E-01  0.9684165839E+07
  0.6916666667E-01  0.9616108171E+07
  0.6944444444E-01  0.9548050515E+07
  0.6972222222E-01  0.9479992859E+07
  0.7000000000E-01  0.9411935303E+07
  0.7027777778E-01  0.9347985108E+07
  0.7055555556E-01  0.9284035040E+07
  0.7083333333E-01  0.9220084845E+07
  0.7111111111E-01  0.9156134788E+07
  0.7138888889E-01  0.9092184582E+07
  0.7166666667E-01  0.9028234487E+07
  0.7194444444E-01  0.8964284319E+07
  0.7222222222E-01  0.8900334224E+07
  0.7250000000E-01  0.8836384022E+07
  0.7277777778E-01  0.8772433962E+07
  0.7305555556E-01  0.8708483767E+07
  0.7333333333E-01  0.8644533665E+07
  0.7361111111E-01  0.8580583603E+07
  0.7388888889E-01  0.8516633402E+07
  0.7416666667E-01  0.8452683306E+07
  0.7444444444E-01  0.8388733135E+07
  0.7472222222E-01  0.8324783044E+07
  0.7500000000E-01  0.8260832871E+07
  0.7527777778E-01  0.8201685223E+07
  0.7555555556E-01  0.8142537467E+07
  0.7583333333E-01  0.8083389807E+07
  0.7611111111E-01  0.8024242047E+07
  0.7638888889E-01  0.7965094424E+07
  0.7666666667E-01  0.7905946663E+07
  0.7694444444E-01  0.7846798903E+07
  0.7722222222E-01  0.7787651245E+07
  0.7750000000E-01  0.7728503498E+07
  0.7777777778E-01  0.7669355839E+07
  0.7805555556E-01  0.7610208114E+07
  0.7833333333E-01  0.7551060454E+07
  0.7861111111E-01  0.7491912696E+07
  0.7888888889E-01  0.7432765037E+07
  0.7916666667E-01  0.7373617277E+07
  0.7944444444E-01  0.7314469663E+07
  0.7972222222E-01  0.7255321904E+07
  0.8000000000E-01  0.7196174245E+07
  0.8027777778E-01  0.7142312004E+07
  0.8055555556E-01  0.7088449763E+07
  0.8083333333E-01  0.7034587533E+07
  0.8111111111E-01  0.6980725192E+07
  0.8138888889E-01  0.6926862949E+07
  0.8166666667E-01  0.6873000708E+07
  0.8194444444E-01  0.6819138478E+07
  0.8222222222E-01  0.6765276237E+07
  0.8250000000E-01  0.6711413996E+07
  0.8277777778E-01  0.6657551754E+07
  0.8305555556E-01  0.6603689523E+07
  0.8333333333E-01  0.6549827282E+07
  0.8361111111E-01  0.6495965041E+07
  0.8388888889E-01  0.6442102799E+07
  0.8416666667E-01  0.6388240569E+07
  0.8444444444E-01  0.6334378328E+07
  0.8472222222E-01  0.6280516086E+07
  0.8500000000E-01  0.6226653845E+07
  0.8527777778E-01  0.6178347971E+07
  0.8555555556E-01  0.6130042198E+07
  0.8583333333E-01  0.6081736423E+07
  0.8611111111E-01  0.6033430639E+07
  0.8638888889E-01  0.5985124765E+07
  0.8666666667E-01  0.5936818992E+07
  0.8694444444E-01  0.5888513218E+07
  0.8722222222E-01  0.5840207433E+07
  0.8750000000E-01  0.5791901560E+07
  0.8777777778E-01  0.5743595785E+07
  0.8805555556E-01  0.5695290001E+07
  0.8833333333E-01  0.5646984227E+07
  0.8861111111E-01  0.5598678453E+07
  0.8888888889E-01  0.5550372579E+07
  0.8916666667E-01  0.5502066795E+07
  0.8944444444E-01  0.5453761001E+07
  0.8972222222E-01  0.5405455207E+07
  0.9000000000E-01  0.5357149403E+07
  0.9027777778E-01  0.5314475807E+07
  0.9055555556E-01  0.5271802179E+07
  0.9083333333E-01  0.5229128550E+07
  0.9111111111E-01  0.5186454954E+07
  0.9138888889E-01  0.5143781325E+07
  0.9166666667E-01  0.5101107697E+07
  0.9194444444E-01  0.5058434100E+07
  0.9222222222E-01  0.5015760472E+07
  0.9250000000E-01  0.4973086843E+07
  0.9277777778E-01  0.4930413213E+07
  0.9305555556E-01  0.4887739618E+07
  0.9333333333E-01  0.4845065989E+07
  0.9361111111E-01  0.4802392360E+07
  0.9388888889E-01  0.4759718764E+07
  0.9416666667E-01  0.4717045136E+07
  0.9444444444E-01  0.4674371506E+07
  0.9472222222E-01  0.4631697911E+07
  0.9500000000E-01  0.4589024282E+07
  0.9527777778E-01  0.4551882276E+07
  0.9555555556E-01  0.4514740293E+07
  0.9583333333E-01  0.4477598266E+07
  0.9611111111E-01  0.4440456249E+07
  0.9638888889E-01  0.4403314266E+07
  0.9666666667E-01  0.4366172260E+07
  0.9694444444E-01  0.4329030244E+07
  0.9722222222E-01  0.4291888260E+07
  0.9750000000E-01  0.4254746244E+07
  0.9777777778E-01  0.4217604227E+07
  0.9805555556E-01  0.4180462254E+07
  0.9833333333E-01  0.4143320238E+07
  0.9861111111E-01  0.4106178222E+07
  0.9888888889E-01  0.4069036238E+07
  0.9916666667E-01  0.4031894211E+07
  0.9944444444E-01  0.3994752205E+07
  0.9972222222E-01  0.3957610222E+07
  0.1000000000E+00  0.3920468206E+07
  0.1002777778E+00  0.3888604570E+07
  0.1005555556E+00  0.3856740945E+07
  0.1008333333E+00  0.3824877309E+07
  0.1011111111E+00  0.3793013675E+07
  0.1013888889E+00  0.3761150073E+07
  0.1016666667E+00  0.3729286448E+07
  0.1019444444E+00  0.3697422813E+07
  0.1022222222E+00  0.3665559178E+07
  0.1025000000E+00  0.3633695543E+07
  0.1027777778E+00  0.3601831918E+07
  0.1030555556E+00  0.3569968282E+07
  0.1033333333E+00  0.3538104647E+07
  0.1036111111E+00  0.3506241056E+07
  0.1038888889E+00  0.3474377420E+07
  0.1041666667E+00  0.3442513786E+07
  0.1044444444E+00  0.3410650150E+07
  0.1047222222E+00  0.3378786526E+07
  0.1050000000E+00  0.3346922890E+07
  0.1052777778E+00  0.3319966598E+07
  0.1055555556E+00  0.3293010350E+07
  0.1058333333E+00  0.3266054069E+07
  0.1061111111E+00  0.3239097776E+07
  0.1063888889E+00  0.3212141540E+07
  0.1066666667E+00  0.3185185249E+07
  0.1069444444E+00  0.3158228966E+07
  0.1072222222E+00  0.3131272709E+07
  0.1075000000E+00  0.3104316427E+07
  0.1077777778E+00  0.3077360135E+07
  0.1080555556E+00  0.3050403887E+07
  0.1083333333E+00  0.3023447617E+07
  0.1086111111E+00  0.2996491325E+07
  0.1088888889E+00  0.2969535043E+07
  0.1091666667E+00  0.2942578785E+07
  0.1094444444E+00  0.2915622504E+07
  0.1097222222E+00  0.2888666212E+07
  0.1100000000E+00  0.2861709975E+07
  0.1102777778E+00  0.2839197233E+07
  0.1105555556E+00  0.2816684502E+07
  0.1108333333E+00  0.2794171761E+07
  0.1111111111E+00  0.2771659030E+07
  0.1113888889E+00  0.2749146322E+07
  0.1116666667E+00  0.2726633591E+07
  0.1119444444E+00  0.2704120849E+07
  0.1122222222E+00  0.2681608118E+07
  0.1125000000E+00  0.2659095377E+07
  0.1127777778E+00  0.2636582679E+07
  0.1130555556E+00  0.2614069949E+07
  0.1133333333E+00  0.2591557207E+07
  0.1136111111E+00  0.2569044477E+07
  0.1138888889E+00  0.2546531734E+07
  0.1141666667E+00  0.2524019004E+07
  0.1144444444E+00  0.2501506296E+07
  0.1147222222E+00  0.2478993565E+07
  0.1150000000E+00  0.2456480823E+07
  0.1152777778E+00  0.2437890767E+07
  0.1155555556E+00  0.2419300712E+07
  0.1158333333E+00  0.2400710656E+07
  0.1161111111E+00  0.2382120600E+07
  0.1163888889E+00  0.2363530544E+07
  0.1166666667E+00  0.2344940488E+07
  0.1169444444E+00  0.2326350433E+07
  0.1172222222E+00  0.2307760377E+07
  0.1175000000E+00  0.2289170321E+07
  0.1177777778E+00  0.2270580232E+07
  0.1180555556E+00  0.2251990176E+07
  0.1183333333E+00  0.2233400120E+07
  0.1186111111E+00  0.2214810064E+07
  0.1188888889E+00  0.2196220009E+07
  0.1191666667E+00  0.2177629953E+07
  0.1194444444E+00  0.2159039897E+07
  0.1197222222E+00  0.2140449841E+07
  0.1200000000E+00  0.2121859786E+07
  0.1202777778E+00  0.2106642859E+07
  0.1205555556E+00  0.2091425923E+07
  0.1208333333E+00  0.2076209030E+07
  0.1211111111E+00  0.2060992094E+07
  0.1213888889E+00  0.2045775168E+07
  0.1216666667E+00  0.2030558242E+07
  0.1219444444E+00  0.2015341328E+07
  0.1222222222E+00  0.2000124402E+07
  0.1225000000E+00  0.1984907466E+07
  0.1227777778E+00  0.1969690539E+07
  0.1230555556E+00  0.1954473637E+07
  0.1233333333E+00  0.1939256710E+07
  0.1236111111E+00  0.1924039784E+07
  0.1238888889E+00  0.1908822848E+07
  0.1241666667E+00  0.1893605922E+07
  0.1244444444E+00  0.1878389019E+07
  0.1247222222E+00  0.1863172093E+07
  0.1250000000E+00  0.1847955166E+07
  0.1252777778E+00  0.1835560321E+07
  0.1255555556E+00  0.1823165487E+07
  0.1258333333E+00  0.1810770652E+07
  0.1261111111E+00  0.1798375807E+07
  0.1263888889E+00  0.1785980972E+07
  0.1266666667E+00  0.1773586138E+07
  0.1269444444E+00  0.1761191303E+07
  0.1272222222E+00  0.1748796458E+07
  0.1275000000E+00  0.1736401623E+07
  0.1277777778E+00  0.1724006789E+07
  0.1280555556E+00  0.1711611943E+07
  0.1283333333E+00  0.1699217109E+07
  0.1286111111E+00  0.1686822285E+07
  0.1288888889E+00  0.1674427450E+07
  0.1291666667E+00  0.1662032605E+07
  0.1294444444E+00  0.1649637770E+07
  0.1297222222E+00  0.1637242936E+07
  0.1300000000E+00  0.1624848090E+07
  0.1302777778E+00  0.1614747567E+07
  0.1305555556E+00  0.1604647043E+07
  0.1308333333E+00  0.1594546553E+07
  0.1311111111E+00  0.1584446028E+07
  0.1313888889E+00  0.1574345505E+07
  0.1316666667E+00  0.1564244981E+07
  0.1319444444E+00  0.1554144491E+07
  0.1322222222E+00  0.1544043966E+07
  0.1325000000E+00  0.1533943443E+07
  0.1327777778E+00  0.1523842930E+07
  0.1330555556E+00  0.1513742396E+07
  0.1333333333E+00  0.1503641916E+07
  0.1336111111E+00  0.1493541381E+07
  0.1338888889E+00  0.1483440868E+07
  0.1341666667E+00  0.1473340334E+07
  0.1344444444E+00  0.1463239854E+07
  0.1347222222E+00  0.1453139319E+07
  0.1350000000E+00  0.1443038806E+07
  0.1352777778E+00  0.1434745637E+07
  0.1355555556E+00  0.1426452447E+07
  0.1358333333E+00  0.1418159245E+07
  0.1361111111E+00  0.1409866076E+07
  0.1363888889E+00  0.1401572907E+07
  0.1366666667E+00  0.1393279728E+07
  0.1369444444E+00  0.1384986526E+07
  0.1372222222E+00  0.1376693345E+07
  0.1375000000E+00  0.1368400176E+07
  0.1377777778E+00  0.1360106998E+07
  0.1380555556E+00  0.1351813829E+07
  0.1383333333E+00  0.1343520626E+07
  0.1386111111E+00  0.1335227457E+07
  0.1388888889E+00  0.1326934288E+07
  0.1391666667E+00  0.1318641098E+07
  0.1394444444E+00  0.1310347929E+07
  0.1397222222E+00  0.1302054727E+07
  0.1400000000E+00  0.1293761558E+07
  0.1402777778E+00  0.1286844655E+07
  0.1405555556E+00  0.1279927719E+07
  0.1408333333E+00  0.1273010772E+07
  0.1411111111E+00  0.1266093870E+07
  0.1413888889E+00  0.1259176934E+07
  0.1416666667E+00  0.1252260031E+07
  0.1419444444E+00  0.1245343095E+07
  0.1422222222E+00  0.1238426192E+07
  0.1425000000E+00  0.1231509245E+07
  0.1427777778E+00  0.1224592343E+07
  0.1430555556E+00  0.1217675407E+07
  0.1433333333E+00  0.1210758514E+07
  0.1436111111E+00  0.1203841578E+07
  0.1438888889E+00  0.1196924665E+07
  0.1441666667E+00  0.1190007729E+07
  0.1444444444E+00  0.1183090826E+07
  0.1447222222E+00  0.1176173890E+07
  0.1450000000E+00  0.1169256987E+07
  0.1452777778E+00  0.1163349822E+07
  0.1455555556E+00  0.1157442657E+07
  0.1458333333E+00  0.1151535492E+07
  0.1461111111E+00  0.1145628327E+07
  0.1463888889E+00  0.1139721162E+07
  0.1466666667E+00  0.1133813996E+07
  0.1469444444E+00  0.1127906831E+07
  0.1472222222E+00  0.1121999623E+07
  0.1475000000E+00  0.1116092457E+07
  0.1477777778E+00  0.1110185292E+07
  0.1480555556E+00  0.1104278127E+07
  0.1483333333E+00  0.1098370962E+07
  0.1486111111E+00  0.1092463797E+07
  0.1488888889E+00  0.1086556643E+07
  0.1491666667E+00  0.1080649478E+07
  0.1494444444E+00  0.1074742312E+07
  0.1497222222E+00  0.1068835147E+07
  0.1500000000E+00  0.1062927982E+07
  0.1502777778E+00  0.1057732572E+07
  0.1505555556E+00  0.1052537152E+07
  0.1508333333E+00  0.1047341753E+07
  0.1511111111E+00  0.1042146309E+07
  0.1513888889E+00  0.1036950906E+07
  0.1516666667E+00  0.1031755500E+07
  0.1519444444E+00  0.1026560083E+07
  0.1522222222E+00  0.1021364663E+07
  0.1525000000E+00  0.1016169246E+07
  0.1527777778E+00  0.1010973827E+07
  0.1530555556E+00  0.1005778411E+07
  0.1533333333E+00  0.1000582990E+07
  0.1536111111E+00  0.9953875847E+06
  0.1538888889E+00  0.9901921646E+06
  0.1541666667E+00  0.9849967478E+06
  0.1544444444E+00  0.9798013309E+06
  0.1547222222E+00  0.9746059219E+06
  0.1550000000E+00  0.9694104951E+06
  0.1552777778E+00  0.9646977973E+06
  0.1555555556E+00  0.9599851028E+06
  0.1558333333E+00  0.9552724049E+06
  0.1561111111E+00  0.9505597104E+06
  0.1563888889E+00  0.9458470125E+06
  0.1566666667E+00  0.9411343180E+06
  0.1569444444E+00  0.9364216235E+06
  0.1572222222E+00  0.9317089256E+06
  0.1575000000E+00  0.9269962311E+06
  0.1577777778E+00  0.9222835333E+06
  0.1580555556E+00  0.9175708388E+06
  0.1583333333E+00  0.9128581442E+06
  0.1586111111E+00  0.9081454364E+06
  0.1588888889E+00  0.9034327419E+06
  0.1591666667E+00  0.8987200440E+06
  0.1594444444E+00  0.8940073495E+06
  0.1597222222E+00  0.8892946516E+06
  0.1600000000E+00  0.8845819549E+06
  0.1602777778E+00  0.8801880957E+06
  0.1605555556E+00  0.8757942232E+06
  0.1608333333E+00  0.8714003640E+06
  0.1611111111E+00  0.8670064948E+06
  0.1613888889E+00  0.8626126323E+06
  0.1616666667E+00  0.8582187632E+06
  0.1619444444E+00  0.8538249006E+06
  0.1622222222E+00  0.8494310304E+06
  0.1625000000E+00  0.8450371712E+06
  0.1627777778E+00  0.8406432987E+06
  0.1630555556E+00  0.8362494395E+06
  0.1633333333E+00  0.8318555703E+06
  0.1636111111E+00  0.8274617078E+06
  0.1638888889E+00  0.8230678386E+06
  0.1641666667E+00  0.8186739795E+06
  0.1644444444E+00  0.8142801069E+06
  0.1647222222E+00  0.8098862478E+06
  0.1650000000E+00  0.8054923786E+06
  0.1652777778E+00  0.8013110706E+06
  0.1655555556E+00  0.7971297637E+06
  0.1658333333E+00  0.7929484558E+06
  0.1661111111E+00  0.7887671511E+06
  0.1663888889E+00  0.7845858432E+06
  0.1666666667E+00  0.7804045363E+06
  0.1669444444E+00  0.7762232283E+06
  0.1672222222E+00  0.7720419237E+06
  0.1675000000E+00  0.7678606157E+06
  0.1677777778E+00  0.7636793089E+06
  0.1680555556E+00  0.7594980009E+06
  0.1683333333E+00  0.7553166962E+06
  0.1686111111E+00  0.7511353883E+06
  0.1688888889E+00  0.7469540814E+06
  0.1691666667E+00  0.7427727768E+06
  0.1694444444E+00  0.7385914688E+06
  0.1697222222E+00  0.7344101620E+06
  0.1700000000E+00  0.7302288540E+06
  0.1702777778E+00  0.7262040938E+06
  0.1705555556E+00  0.7221793303E+06
  0.1708333333E+00  0.7181545789E+06
  0.1711111111E+00  0.7141298154E+06
  0.1713888889E+00  0.7101050551E+06
  0.1716666667E+00  0.7060802916E+06
  0.1719444444E+00  0.7020555280E+06
  0.1722222222E+00  0.6980307778E+06
  0.1725000000E+00  0.6940060143E+06
  0.1727777778E+00  0.6899812540E+06
  0.1730555556E+00  0.6859564905E+06
  0.1733333333E+00  0.6819317291E+06
  0.1736111111E+00  0.6779069756E+06
  0.1738888889E+00  0.6738822154E+06
  0.1741666667E+00  0.6698574519E+06
  0.1744444444E+00  0.6658326883E+06
  0.1747222222E+00  0.6618079281E+06
  0.1750000000E+00  0.6577831745E+06
  0.1752777778E+00  0.6538982029E+06
  0.1755555556E+00  0.6500132411E+06
  0.1758333333E+00  0.6461282784E+06
  0.1761111111E+00  0.6422433167E+06
  0.1763888889E+00  0.6383583551E+06
  0.1766666667E+00  0.6344733833E+06
  0.1769444444E+00  0.6305884217E+06
  0.1772222222E+00  0.6267034600E+06
  0.1775000000E+00  0.6228184983E+06
  0.1777777778E+00  0.6189335366E+06
  0.1780555556E+00  0.6150485739E+06
  0.1783333333E+00  0.6111636021E+06
  0.1786111111E+00  0.6072786405E+06
  0.1788888889E+00  0.6033936788E+06
  0.1791666667E+00  0.5995087171E+06
  0.1794444444E+00  0.5956237554E+06
  0.1797222222E+00  0.5917387838E+06
  0.1800000000E+00  0.5878538222E+06
  0.1802777778E+00  0.5841208985E+06
  0.1805555556E+00  0.5803879883E+06
  0.1808333333E+00  0.5766550647E+06
  0.1811111111E+00  0.5729221411E+06
  0.1813888889E+00  0.5691892208E+06
  0.1816666667E+00  0.5654562973E+06
  0.1819444444E+00  0.5617233837E+06
  0.1822222222E+00  0.5579904634E+06
  0.1825000000E+00  0.5542575398E+06
  0.1827777778E+00  0.5505246163E+06
  0.1830555556E+00  0.5467917061E+06
  0.1833333333E+00  0.5430587824E+06
  0.1836111111E+00  0.5393258600E+06
  0.1838888889E+00  0.5355929397E+06
  0.1841666667E+00  0.5318600162E+06
  0.1844444444E+00  0.5281271025E+06
  0.1847222222E+00  0.5243941823E+06
  0.1850000000E+00  0.5206612587E+06
  0.1852777778E+00  0.5171119710E+06
  0.1855555556E+00  0.5135626800E+06
  0.1858333333E+00  0.5100133890E+06
  0.1861111111E+00  0.5064641013E+06
  0.1863888889E+00  0.5029148103E+06
  0.1866666667E+00  0.4993655237E+06
  0.1869444444E+00  0.4958162328E+06
  0.1872222222E+00  0.4922669416E+06
  0.1875000000E+00  0.4887176540E+06
  0.1877777778E+00  0.4851683630E+06
  0.1880555556E+00  0.4816190753E+06
  0.1883333333E+00  0.4780697842E+06
  0.1886111111E+00  0.4745204932E+06
  0.1888888889E+00  0.4709712067E+06
  0.1891666667E+00  0.4674219057E+06
  0.1894444444E+00  0.4638726229E+06
  0.1897222222E+00  0.4603233309E+06
  0.1900000000E+00  0.4567740399E+06
  0.1902777778E+00  0.4534495828E+06
  0.1905555556E+00  0.4501251289E+06
  0.1908333333E+00  0.4468006716E+06
  0.1911111111E+00  0.4434762134E+06
  0.1913888889E+00  0.4401517572E+06
  0.1916666667E+00  0.4368272990E+06
  0.1919444444E+00  0.4335028418E+06
  0.1922222222E+00  0.4301783846E+06
  0.1925000000E+00  0.4268539274E+06
  0.1927777778E+00  0.4235294691E+06
  0.1930555556E+00  0.4202050129E+06
  0.1933333333E+00  0.4168805547E+06
  0.1936111111E+00  0.4135560976E+06
  0.1938888889E+00  0.4102316403E+06
  0.1941666667E+00  0.4069071831E+06
  0.1944444444E+00  0.4035827249E+06
  0.1947222222E+00  0.4002582687E+06
  0.1950000000E+00  0.3969338104E+06
  0.1952777778E+00  0.3938773767E+06
  0.1955555556E+00  0.3908209376E+06
  0.1958333333E+00  0.3877645028E+06
  0.1961111111E+00  0.3847080690E+06
  0.1963888889E+00  0.3816516300E+06
  0.1966666667E+00  0.3785951951E+06
  0.1969444444E+00  0.3755387581E+06
  0.1972222222E+00  0.3724823222E+06
  0.1975000000E+00  0.3694258875E+06
  0.1977777778E+00  0.3663694505E+06
  0.1980555556E+00  0.3633130146E+06
  0.1983333333E+00  0.3602565799E+06
  0.1986111111E+00  0.3572001428E+06
  0.1988888889E+00  0.3541437070E+06
  0.1991666667E+00  0.3510872688E+06
  0.1994444444E+00  0.3480308352E+06
  0.1997222222E+00  0.3449743994E+06
  0.2000000000E+00  0.3419179612E+06
  0.2002777778E+00  0.3391678851E+06
  0.2005555556E+00  0.3364178125E+06
  0.2008333333E+00  0.3336677374E+06
  0.2011111111E+00  0.3309176614E+06
  0.2013888889E+00  0.3281675888E+06
  0.2016666667E+00  0.3254175128E+06
  0.2019444444E+00  0.3226674378E+06
  0.2022222222E+00  0.3199173651E+06
  0.2025000000E+00  0.3171672890E+06
  0.2027777778E+00  0.3144172130E+06
  0.2030555556E+00  0.3116671413E+06
  0.2033333333E+00  0.3089170653E+06
  0.2036111111E+00  0.3061669893E+06
  0.2038888889E+00  0.3034169166E+06
  0.2041666667E+00  0.3006668416E+06
  0.2044444444E+00  0.2979167655E+06
  0.2047222222E+00  0.2951666928E+06
  0.2050000000E+00  0.2924166168E+06
  0.2052777778E+00  0.2900022749E+06
  0.2055555556E+00  0.2875879332E+06
  0.2058333333E+00  0.2851735948E+06
  0.2061111111E+00  0.2827592529E+06
  0.2063888889E+00  0.2803449112E+06
  0.2066666667E+00  0.2779305695E+06
  0.2069444444E+00  0.2755162310E+06
  0.2072222222E+00  0.2731018892E+06
  0.2075000000E+00  0.2706875475E+06
  0.2077777778E+00  0.2682732056E+06
  0.2080555556E+00  0.2658588672E+06
  0.2083333333E+00  0.2634445254E+06
  0.2086111111E+00  0.2610301836E+06
  0.2088888889E+00  0.2586158418E+06
  0.2091666667E+00  0.2562015034E+06
  0.2094444444E+00  0.2537871616E+06
  0.2097222222E+00  0.2513728198E+06
  0.2100000000E+00  0.2489584803E+06
  0.2102777778E+00  0.2468969693E+06
  0.2105555556E+00  0.2448354575E+06
  0.2108333333E+00  0.2427739444E+06
  0.2111111111E+00  0.2407124358E+06
  0.2113888889E+00  0.2386509227E+06
  0.2116666667E+00  0.2365894109E+06
  0.2119444444E+00  0.2345279023E+06
  0.2122222222E+00  0.2324663902E+06
  0.2125000000E+00  0.2304048784E+06
  0.2127777778E+00  0.2283433686E+06
  0.2130555556E+00  0.2262818567E+06
  0.2133333333E+00  0.2242203436E+06
  0.2136111111E+00  0.2221588351E+06
  0.2138888889E+00  0.2200973231E+06
  0.2141666667E+00  0.2180358100E+06
  0.2144444444E+00  0.2159743025E+06
  0.2147222222E+00  0.2139127895E+06
  0.2150000000E+00  0.2118512775E+06
  0.2152777778E+00  0.2101460831E+06
  0.2155555556E+00  0.2084408864E+06
  0.2158333333E+00  0.2067356918E+06
  0.2161111111E+00  0.2050304974E+06
  0.2163888889E+00  0.2033252995E+06
  0.2166666667E+00  0.2016201061E+06
  0.2169444444E+00  0.1999149083E+06
  0.2172222222E+00  0.1982097138E+06
  0.2175000000E+00  0.1965045204E+06
  0.2177777778E+00  0.1947993226E+06
  0.2180555556E+00  0.1930941291E+06
  0.2183333333E+00  0.1913889324E+06
  0.2186111111E+00  0.1896837379E+06
  0.2188888889E+00  0.1879785401E+06
  0.2191666667E+00  0.1862733456E+06
  0.2194444444E+00  0.1845681522E+06
  0.2197222222E+00  0.1828629544E+06
  0.2200000000E+00  0.1811577599E+06
  0.2202777778E+00  0.1797990483E+06
  0.2205555556E+00  0.1784403378E+06
  0.2208333333E+00  0.1770816305E+06
  0.2211111111E+00  0.1757229190E+06
  0.2213888889E+00  0.1743642084E+06
  0.2216666667E+00  0.1730054968E+06
  0.2219444444E+00  0.1716467896E+06
  0.2222222222E+00  0.1702880780E+06
  0.2225000000E+00  0.1689293675E+06
  0.2227777778E+00  0.1675706548E+06
  0.2230555556E+00  0.1662119476E+06
  0.2233333333E+00  0.1648532360E+06
  0.2236111111E+00  0.1634945254E+06
  0.2238888889E+00  0.1621358172E+06
  0.2241666667E+00  0.1607771066E+06
  0.2244444444E+00  0.1594183951E+06
  0.2247222222E+00  0.1580596845E+06
  0.2250000000E+00  0.1567009763E+06
  0.2252777778E+00  0.1556665292E+06
  0.2255555556E+00  0.1546320843E+06
  0.2258333333E+00  0.1535976405E+06
  0.2261111111E+00  0.1525631935E+06
  0.2263888889E+00  0.1515287475E+06
  0.2266666667E+00  0.1504943038E+06
  0.2269444444E+00  0.1494598567E+06
  0.2272222222E+00  0.1484254141E+06
  0.2275000000E+00  0.1473909670E+06
  0.2277777778E+00  0.1463565200E+06
  0.2280555556E+00  0.1453220774E+06
  0.2283333333E+00  0.1442876303E+06
  0.2286111111E+00  0.1432531832E+06
  0.2288888889E+00  0.1422187406E+06
  0.2291666667E+00  0.1411842935E+06
  0.2294444444E+00  0.1401498509E+06
  0.2297222222E+00  0.1391154038E+06
  0.2300000000E+00  0.1380809568E+06
  0.2302777778E+00  0.1373385003E+06
  0.2305555556E+00  0.1365960427E+06
  0.2308333333E+00  0.1358535862E+06
  0.2311111111E+00  0.1351111286E+06
  0.2313888889E+00  0.1343686721E+06
  0.2316666667E+00  0.1336262155E+06
  0.2319444444E+00  0.1328837590E+06
  0.2322222222E+00  0.1321413015E+06
  0.2325000000E+00  0.1313988439E+06
  0.2327777778E+00  0.1306563874E+06
  0.2330555556E+00  0.1299139298E+06
  0.2333333333E+00  0.1291714733E+06
  0.2336111111E+00  0.1284290157E+06
  0.2338888889E+00  0.1276865592E+06
  0.2341666667E+00  0.1269441016E+06
  0.2344444444E+00  0.1262016451E+06
  0.2347222222E+00  0.1254591875E+06
  0.2350000000E+00  0.1247167311E+06
  0.2352777778E+00  0.1242263344E+06
  0.2355555556E+00  0.1237359368E+06
  0.2358333333E+00  0.1232455368E+06
  0.2361111111E+00  0.1227551392E+06
  0.2363888889E+00  0.1222647425E+06
  0.2366666667E+00  0.1217743415E+06
  0.2369444444E+00  0.1212839449E+06
  0.2372222222E+00  0.1207935473E+06
  0.2375000000E+00  0.1203031473E+06
  0.2377777778E+00  0.1198127508E+06
  0.2380555556E+00  0.1193223508E+06
  0.2383333333E+00  0.1188319532E+06
  0.2386111111E+00  0.1183415566E+06
  0.2388888889E+00  0.1178511556E+06
  0.2391666667E+00  0.1173607590E+06
  0.2394444444E+00  0.1168703600E+06
  0.2397222222E+00  0.1163799623E+06
  0.2400000000E+00  0.1158895634E+06
  0.2402777778E+00  0.1156065899E+06
  0.2405555556E+00  0.1153236172E+06
  0.2408333333E+00  0.1150406438E+06
  0.2411111111E+00  0.1147576703E+06
  0.2413888889E+00  0.1144746965E+06
  0.2416666667E+00  0.1141917242E+06
  0.2419444444E+00  0.1139087514E+06
  0.2422222222E+00  0.1136257779E+06
  0.2425000000E+00  0.1133428045E+06
  0.2427777778E+00  0.1130598307E+06
  0.2430555556E+00  0.1127768583E+06
  0.2433333333E+00  0.1124938845E+06
  0.2436111111E+00  0.1122109111E+06
  0.2438888889E+00  0.1119279373E+06
  0.2441666667E+00  0.1116449649E+06
  0.2444444444E+00  0.1113619915E+06
  0.2447222222E+00  0.1110790177E+06
  0.2450000000E+00  0.1107960446E+06
  0.2452777778E+00  0.1106740393E+06
  0.2455555556E+00  0.1105520341E+06
  0.2458333333E+00  0.1104300290E+06
  0.2461111111E+00  0.1103080237E+06
  0.2463888889E+00  0.1101860196E+06
  0.2466666667E+00  0.1100640144E+06
  0.2469444444E+00  0.1099420093E+06
  0.2472222222E+00  0.1098200040E+06
  0.2475000000E+00  0.1096979989E+06
  0.2477777778E+00  0.1095759940E+06
  0.2480555556E+00  0.1094539889E+06
  0.2483333333E+00  0.1093319846E+06
  0.2486111111E+00  0.1092099795E+06
  0.2488888889E+00  0.1090879743E+06
  0.2491666667E+00  0.1089659690E+06
  0.2494444444E+00  0.1088439639E+06
  0.2497222222E+00  0.1087219587E+06
  0.2500000000E+00  0.1085999536E+06
  0.2502777778E+00  0.1085932546E+06
  0.2505555556E+00  0.1085865556E+06
  0.2508333333E+00  0.1085798556E+06
  0.2511111111E+00  0.1085731567E+06
  0.2513888889E+00  0.1085664578E+06
  0.2516666667E+00  0.1085597578E+06
  0.2519444444E+00  0.1085530588E+06
  0.2522222222E+00  0.1085463598E+06
  0.2525000000E+00  0.1085396596E+06
  0.2527777778E+00  0.1085329606E+06
  0.2530555556E+00  0.1085262616E+06
  0.2533333333E+00  0.1085195616E+06
  0.2536111111E+00  0.1085128627E+06
  0.2538888889E+00  0.1085061638E+06
  0.2541666667E+00  0.1084994648E+06
  0.2544444444E+00  0.1084927648E+06
  0.2547222222E+00  0.1084860658E+06
  0.2550000000E+00  0.1084793668E+06
  0.2552777778E+00  0.1085454848E+06
  0.2555555556E+00  0.1086116024E+06
  0.2558333333E+00  0.1086777203E+06
  0.2561111111E+00  0.1087438388E+06
  0.2563888889E+00  0.1088099567E+06
  0.2566666667E+00  0.1088760746E+06
  0.2569444444E+00  0.1089421921E+06
  0.2572222222E+00  0.1090083111E+06
  0.2575000000E+00  0.1090744287E+06
  0.2577777778E+00  0.1091405465E+06
  0.2580555556E+00  0.1092066644E+06
  0.2583333333E+00  0.1092727830E+06
  0.2586111111E+00  0.1093389009E+06
  0.2588888889E+00  0.1094050184E+06
  0.2591666667E+00  0.1094711364E+06
  0.2594444444E+00  0.1095372553E+06
  0.2597222222E+00  0.1096033728E+06
  0.2600000000E+00  0.1096694907E+06
  0.2602777778E+00  0.1097707901E+06
  0.2605555556E+00  0.1098720888E+06
  0.2608333333E+00  0.1099733875E+06
  0.2611111111E+00  0.1100746869E+06
  0.2613888889E+00  0.1101759855E+06
  0.2616666667E+00  0.1102772848E+06
  0.2619444444E+00  0.1103785835E+06
  0.2622222222E+00  0.1104798829E+06
  0.2625000000E+00  0.1105811816E+06
  0.2627777778E+00  0.1106824810E+06
  0.2630555556E+00  0.1107837797E+06
  0.2633333333E+00  0.1108850791E+06
  0.2636111111E+00  0.1109863777E+06
  0.2638888889E+00  0.1110876764E+06
  0.2641666667E+00  0.1111889758E+06
  0.2644444444E+00  0.1112902745E+06
  0.2647222222E+00  0.1113915738E+06
  0.2650000000E+00  0.1114928725E+06
  0.2652777778E+00  0.1115979443E+06
  0.2655555556E+00  0.1117030161E+06
  0.2658333333E+00  0.1118080878E+06
  0.2661111111E+00  0.1119131587E+06
  0.2663888889E+00  0.1120182308E+06
  0.2666666667E+00  0.1121233026E+06
  0.2669444444E+00  0.1122283743E+06
  0.2672222222E+00  0.1123334462E+06
  0.2675000000E+00  0.1124385180E+06
  0.2677777778E+00  0.1125435891E+06
  0.2680555556E+00  0.1126486609E+06
  0.2683333333E+00  0.1127537326E+06
  0.2686111111E+00  0.1128588045E+06
  0.2688888889E+00  0.1129638763E+06
  0.2691666667E+00  0.1130689480E+06
  0.2694444444E+00  0.1131740191E+06
  0.2697222222E+00  0.1132790909E+06
  0.2700000000E+00  0.1133841628E+06
  0.2702777778E+00  0.1134685486E+06
  0.2705555556E+00  0.1135529353E+06
  0.2708333333E+00  0.1136373212E+06
  0.2711111111E+00  0.1137217082E+06
  0.2713888889E+00  0.1138060942E+06
  0.2716666667E+00  0.1138904808E+06
  0.2719444444E+00  0.1139748668E+06
  0.2722222222E+00  0.1140592528E+06
  0.2725000000E+00  0.1141436396E+06
  0.2727777778E+00  0.1142280252E+06
  0.2730555556E+00  0.1143124122E+06
  0.2733333333E+00  0.1143967982E+06
  0.2736111111E+00  0.1144811838E+06
  0.2738888889E+00  0.1145655708E+06
  0.2741666667E+00  0.1146499568E+06
  0.2744444444E+00  0.1147343437E+06
  0.2747222222E+00  0.1148187293E+06
  0.2750000000E+00  0.1149031162E+06
  0.2752777778E+00  0.1149494737E+06
  0.2755555556E+00  0.1149958317E+06
  0.2758333333E+00  0.1150421901E+06
  0.2761111111E+00  0.1150885481E+06
  0.2763888889E+00  0.1151349064E+06
  0.2766666667E+00  0.1151812646E+06
  0.2769444444E+00  0.1152276229E+06
  0.2772222222E+00  0.1152739810E+06
  0.2775000000E+00  0.1153203383E+06
  0.2777777778E+00  0.1153666967E+06
  0.2780555556E+00  0.1154130548E+06
  0.2783333333E+00  0.1154594132E+06
  0.2786111111E+00  0.1155057712E+06
  0.2788888889E+00  0.1155521296E+06
  0.2791666667E+00  0.1155984876E+06
  0.2794444444E+00  0.1156448460E+06
  0.2797222222E+00  0.1156912041E+06
  0.2800000000E+00  0.1157375614E+06
  0.2802777778E+00  0.1157354612E+06
  0.2805555556E+00  0.1157333600E+06
  0.2808333333E+00  0.1157312584E+06
  0.2811111111E+00  0.1157291571E+06
  0.2813888889E+00  0.1157270569E+06
  0.2816666667E+00  0.1157249556E+06
  0.2819444444E+00  0.1157228544E+06
  0.2822222222E+00  0.1157207532E+06
  0.2825000000E+00  0.1157186519E+06
  0.2827777778E+00  0.1157165516E+06
  0.2830555556E+00  0.1157144501E+06
  0.2833333333E+00  0.1157123488E+06
  0.2836111111E+00  0.1157102476E+06
  0.2838888889E+00  0.1157081473E+06
  0.2841666667E+00  0.1157060461E+06
  0.2844444444E+00  0.1157039448E+06
  0.2847222222E+00  0.1157018436E+06
  0.2850000000E+00  0.1156997421E+06
  0.2852777778E+00  0.1156451201E+06
  0.2855555556E+00  0.1155904989E+06
  0.2858333333E+00  0.1155358766E+06
  0.2861111111E+00  0.1154812547E+06
  0.2863888889E+00  0.1154266325E+06
  0.2866666667E+00  0.1153720102E+06
  0.2869444444E+00  0.1153173883E+06
  0.2872222222E+00  0.1152627661E+06
  0.2875000000E+00  0.1152081439E+06
  0.2877777778E+00  0.1151535220E+06
  0.2880555556E+00  0.1150988997E+06
  0.2883333333E+00  0.1150442775E+06
  0.2886111111E+00  0.1149896553E+06
  0.2888888889E+00  0.1149350334E+06
  0.2891666667E+00  0.1148804111E+06
  0.2894444444E+00  0.1148257889E+06
  0.2897222222E+00  0.1147711670E+06
  0.2900000000E+00  0.1147165448E+06
  0.2902777778E+00  0.1146106774E+06
  0.2905555556E+00  0.1145048092E+06
  0.2908333333E+00  0.1143989419E+06
  0.2911111111E+00  0.1142930735E+06
  0.2913888889E+00  0.1141872063E+06
  0.2916666667E+00  0.1140813380E+06
  0.2919444444E+00  0.1139754707E+06
  0.2922222222E+00  0.1138696024E+06
  0.2925000000E+00  0.1137637351E+06
  0.2927777778E+00  0.1136578668E+06
  0.2930555556E+00  0.1135519995E+06
  0.2933333333E+00  0.1134461313E+06
  0.2936111111E+00  0.1133402629E+06
  0.2938888889E+00  0.1132343957E+06
  0.2941666667E+00  0.1131285270E+06
  0.2944444444E+00  0.1130226597E+06
  0.2947222222E+00  0.1129167914E+06
  0.2950000000E+00  0.1128109241E+06
  0.2952777778E+00  0.1126595913E+06
  0.2955555556E+00  0.1125082579E+06
  0.2958333333E+00  0.1123569251E+06
  0.2961111111E+00  0.1122055923E+06
  0.2963888889E+00  0.1120542596E+06
  0.2966666667E+00  0.1119029257E+06
  0.2969444444E+00  0.1117515929E+06
  0.2972222222E+00  0.1116002601E+06
  0.2975000000E+00  0.1114489273E+06
  0.2977777778E+00  0.1112975935E+06
  0.2980555556E+00  0.1111462608E+06
  0.2983333333E+00  0.1109949280E+06
  0.2986111111E+00  0.1108435952E+06
  0.2988888889E+00  0.1106922614E+06
  0.2991666667E+00  0.1105409285E+06
  0.2994444444E+00  0.1103895958E+06
  0.2997222222E+00  0.1102382630E+06
  0.3000000000E+00  0.1100869295E+06
  0.3002777778E+00  0.1098990272E+06
  0.3005555556E+00  0.1097111239E+06
  0.3008333333E+00  0.1095232219E+06
  0.3011111111E+00  0.1093353185E+06
  0.3013888889E+00  0.1091474155E+06
  0.3016666667E+00  0.1089595132E+06
  0.3019444444E+00  0.1087716098E+06
  0.3022222222E+00  0.1085837078E+06
  0.3025000000E+00  0.1083958045E+06
  0.3027777778E+00  0.1082079015E+06
  0.3030555556E+00  0.1080199991E+06
  0.3033333333E+00  0.1078320958E+06
  0.3036111111E+00  0.1076441928E+06
  0.3038888889E+00  0.1074562904E+06
  0.3041666667E+00  0.1072683874E+06
  0.3044444444E+00  0.1070804851E+06
  0.3047222222E+00  0.1068925816E+06
  0.3050000000E+00  0.1067046786E+06
  0.3052777778E+00  0.1064911761E+06
  0.3055555556E+00  0.1062776728E+06
  0.3058333333E+00  0.1060641702E+06
  0.3061111111E+00  0.1058506670E+06
  0.3063888889E+00  0.1056371643E+06
  0.3066666667E+00  0.1054236607E+06
  0.3069444444E+00  0.1052101586E+06
  0.3072222222E+00  0.1049966549E+06
  0.3075000000E+00  0.1047831527E+06
  0.3077777778E+00  0.1045696490E+06
  0.3080555556E+00  0.1043561468E+06
  0.3083333333E+00  0.1041426432E+06
  0.3086111111E+00  0.1039291409E+06
  0.3088888889E+00  0.1037156374E+06
  0.3091666667E+00  0.1035021351E+06
  0.3094444444E+00  0.1032886315E+06
  0.3097222222E+00  0.1030751289E+06
  0.3100000000E+00  0.1028616256E+06
  0.3102777778E+00  0.1026344458E+06
  0.3105555556E+00  0.1024072663E+06
  0.3108333333E+00  0.1021800865E+06
  0.3111111111E+00  0.1019529061E+06
  0.3113888889E+00  0.1017257266E+06
  0.3116666667E+00  0.1014985467E+06
  0.3119444444E+00  0.1012713672E+06
  0.3122222222E+00  0.1010441874E+06
  0.3125000000E+00  0.1008170070E+06
  0.3127777778E+00  0.1005898272E+06
  0.3130555556E+00  0.1003626477E+06
  0.3133333333E+00  0.1001354679E+06
  0.3136111111E+00  0.9990828833E+05
  0.3138888889E+00  0.9968110754E+05
  0.3141666667E+00  0.9945392808E+05
  0.3144444444E+00  0.9922674828E+05
  0.3147222222E+00  0.9899956882E+05
  0.3150000000E+00  0.9877238802E+05
  0.3152777778E+00  0.9854346537E+05
  0.3155555556E+00  0.9831454261E+05
  0.3158333333E+00  0.9808561962E+05
  0.3161111111E+00  0.9785669698E+05
  0.3163888889E+00  0.9762777400E+05
  0.3166666667E+00  0.9739885134E+05
  0.3169444444E+00  0.9716992769E+05
  0.3172222222E+00  0.9694100472E+05
  0.3175000000E+00  0.9671208195E+05
  0.3177777778E+00  0.9648315897E+05
  0.3180555556E+00  0.9625423632E+05
  0.3183333333E+00  0.9602531367E+05
  0.3186111111E+00  0.9579639069E+05
  0.3188888889E+00  0.9556746704E+05
  0.3191666667E+00  0.9533854394E+05
  0.3194444444E+00  0.9510962129E+05
  0.3197222222E+00  0.9488069865E+05
  0.3200000000E+00  0.9465177567E+05
  0.3202777778E+00  0.9443207171E+05
  0.3205555556E+00  0.9421236842E+05
  0.3208333333E+00  0.9399266536E+05
  0.3211111111E+00  0.9377296107E+05
  0.3213888889E+00  0.9355325811E+05
  0.3216666667E+00  0.9333355382E+05
  0.3219444444E+00  0.9311385087E+05
  0.3222222222E+00  0.9289414747E+05
  0.3225000000E+00  0.9267444351E+05
  0.3227777778E+00  0.9245474023E+05
  0.3230555556E+00  0.9223503627E+05
  0.3233333333E+00  0.9201533287E+05
  0.3236111111E+00  0.9179562992E+05
  0.3238888889E+00  0.9157592564E+05
  0.3241666667E+00  0.9135622268E+05
  0.3244444444E+00  0.9113651839E+05
  0.3247222222E+00  0.9091681533E+05
  0.3250000000E+00  0.9069711204E+05
  0.3252777778E+00  0.9049619781E+05
  0.3255555556E+00  0.9029528425E+05
  0.3258333333E+00  0.9009437014E+05
  0.3261111111E+00  0.8989345658E+05
  0.3263888889E+00  0.8969254335E+05
  0.3266666667E+00  0.8949162879E+05
  0.3269444444E+00  0.8929071556E+05
  0.3272222222E+00  0.8908980200E+05
  0.3275000000E+00  0.8888888777E+05
  0.3277777778E+00  0.8868797432E+05
  0.3280555556E+00  0.8848706110E+05
  0.3283333333E+00  0.8828614654E+05
  0.3286111111E+00  0.8808523298E+05
  0.3288888889E+00  0.8788431875E+05
  0.3291666667E+00  0.8768340519E+05
  0.3294444444E+00  0.8748249196E+05
  0.3297222222E+00  0.8728157751E+05
  0.3300000000E+00  0.8708066429E+05
  0.3302777778E+00  0.8690599272E+05
  0.3305555556E+00  0.8673132149E+05
  0.3308333333E+00  0.8655664926E+05
  0.3311111111E+00  0.8638197769E+05
  0.3313888889E+00  0.8620730658E+05
  0.3316666667E+00  0.8603263502E+05
  0.3319444444E+00  0.8585796378E+05
  0.3322222222E+00  0.8568329222E+05
  0.3325000000E+00  0.8550861999E+05
  0.3327777778E+00  0.8533394843E+05
  0.3330555556E+00  0.8515927720E+05
  0.3333333333E+00  0.8498460575E+05
  0.3336111111E+00  0.8480993451E+05
  0.3338888889E+00  0.8463526195E+05
  0.3341666667E+00  0.8446059073E+05
  0.3344444444E+00  0.8428591917E+05
  0.3347222222E+00  0.8411124793E+05
  0.3350000000E+00  0.8393657648E+05
  0.3352777778E+00  0.8379341055E+05
  0.3355555556E+00  0.8365024340E+05
  0.3358333333E+00  0.8350707726E+05
  0.3361111111E+00  0.8336391099E+05
  0.3363888889E+00  0.8322074483E+05
  0.3366666667E+00  0.8307757769E+05
  0.3369444444E+00  0.8293441143E+05
  0.3372222222E+00  0.8279124528E+05
  0.3375000000E+00  0.8264807935E+05
  0.3377777778E+00  0.8250491319E+05
  0.3380555556E+00  0.8236174604E+05
  0.3383333333E+00  0.8221857978E+05
  0.3386111111E+00  0.8207541363E+05
  0.3388888889E+00  0.8193224749E+05
  0.3391666667E+00  0.8178908023E+05
  0.3394444444E+00  0.8164591440E+05
  0.3397222222E+00  0.8150274825E+05
  0.3400000000E+00  0.8135958199E+05
  0.3402777778E+00  0.8125080396E+05
  0.3405555556E+00  0.8114202493E+05
  0.3408333333E+00  0.8103324690E+05
  0.3411111111E+00  0.8092446886E+05
  0.3413888889E+00  0.8081569084E+05
  0.3416666667E+00  0.8070691270E+05
  0.3419444444E+00  0.8059813366E+05
  0.3422222222E+00  0.8048935564E+05
  0.3425000000E+00  0.8038057760E+05
  0.3427777778E+00  0.8027179991E+05
  0.3430555556E+00  0.8016302188E+05
  0.3433333333E+00  0.8005424274E+05
  0.3436111111E+00  0.7994546471E+05
  0.3438888889E+00  0.7983668667E+05
  0.3441666667E+00  0.7972790865E+05
  0.3444444444E+00  0.7961913062E+05
  0.3447222222E+00  0.7951035158E+05
  0.3450000000E+00  0.7940157345E+05
  0.3452777778E+00  0.7932775454E+05
  0.3455555556E+00  0.7925393499E+05
  0.3458333333E+00  0.7918011521E+05
  0.3461111111E+00  0.7910629631E+05
  0.3463888889E+00  0.7903247675E+05
  0.3466666667E+00  0.7895865786E+05
  0.3469444444E+00  0.7888483796E+05
  0.3472222222E+00  0.7881101807E+05
  0.3475000000E+00  0.7873719950E+05
  0.3477777778E+00  0.7866337961E+05
  0.3480555556E+00  0.7858956072E+05
  0.3483333333E+00  0.7851574115E+05
  0.3486111111E+00  0.7844192126E+05
  0.3488888889E+00  0.7836810237E+05
  0.3491666667E+00  0.7829428247E+05
  0.3494444444E+00  0.7822046391E+05
  0.3497222222E+00  0.7814664402E+05
  0.3500000000E+00  0.7807282512E+05
  0.3502777778E+00  0.7803242117E+05
  0.3505555556E+00  0.7799201721E+05
  0.3508333333E+00  0.7795161391E+05
  0.3511111111E+00  0.7791120985E+05
  0.3513888889E+00  0.7787080689E+05
  0.3516666667E+00  0.7783040260E+05
  0.3519444444E+00  0.7778999965E+05
  0.3522222222E+00  0.7774959568E+05
  0.3525000000E+00  0.7770919239E+05
  0.3527777778E+00  0.7766878833E+05
  0.3530555556E+00  0.7762838438E+05
  0.3533333333E+00  0.7758798108E+05
  0.3536111111E+00  0.7754757712E+05
  0.3538888889E+00  0.7750717417E+05
  0.3541666667E+00  0.7746676977E+05
  0.3544444444E+00  0.7742636680E+05
  0.3547222222E+00  0.7738596284E+05
  0.3550000000E+00  0.7734555956E+05
  0.3552777778E+00  0.7733523362E+05
  0.3555555556E+00  0.7732490848E+05
  0.3558333333E+00  0.7731458232E+05
  0.3561111111E+00  0.7730425706E+05
  0.3563888889E+00  0.7729393224E+05
  0.3566666667E+00  0.7728360598E+05
  0.3569444444E+00  0.7727328083E+05
  0.3572222222E+00  0.7726295589E+05
  0.3575000000E+00  0.7725262974E+05
  0.3577777778E+00  0.7724230459E+05
  0.3580555556E+00  0.7723197966E+05
  0.3583333333E+00  0.7722165351E+05
  0.3586111111E+00  0.7721132824E+05
  0.3588888889E+00  0.7720100210E+05
  0.3591666667E+00  0.7719067716E+05
  0.3594444444E+00  0.7718035201E+05
  0.3597222222E+00  0.7717002586E+05
  0.3600000000E+00  0.7715970093E+05
  0.3602777778E+00  0.7717467112E+05
  0.3605555556E+00  0.7718964164E+05
  0.3608333333E+00  0.7720461105E+05
  0.3611111111E+00  0.7721958157E+05
  0.3613888889E+00  0.7723455177E+05
  0.3616666667E+00  0.7724952229E+05
  0.3619444444E+00  0.7726449271E+05
  0.3622222222E+00  0.7727946222E+05
  0.3625000000E+00  0.7729443241E+05
  0.3627777778E+00  0.7730940283E+05
  0.3630555556E+00  0.7732437335E+05
  0.3633333333E+00  0.7733934288E+05
  0.3636111111E+00  0.7735431307E+05
  0.3638888889E+00  0.7736928347E+05
  0.3641666667E+00  0.7738425400E+05
  0.3644444444E+00  0.7739922452E+05
  0.3647222222E+00  0.7741419360E+05
  0.3650000000E+00  0.7742916413E+05
  0.3652777778E+00  0.7746366287E+05
  0.3655555556E+00  0.7749816137E+05
  0.3658333333E+00  0.7753265911E+05
  0.3661111111E+00  0.7756715752E+05
  0.3663888889E+00  0.7760165626E+05
  0.3666666667E+00  0.7763615499E+05
  0.3669444444E+00  0.7767065239E+05
  0.3672222222E+00  0.7770515125E+05
  0.3675000000E+00  0.7773964965E+05
  0.3677777778E+00  0.7777414738E+05
  0.3680555556E+00  0.7780864578E+05
  0.3683333333E+00  0.7784314452E+05
  0.3686111111E+00  0.7787764327E+05
  0.3688888889E+00  0.7791214077E+05
  0.3691666667E+00  0.7794663951E+05
  0.3694444444E+00  0.7798113791E+05
  0.3697222222E+00  0.7801563566E+05
  0.3700000000E+00  0.7805013438E+05
  0.3702777778E+00  0.7809781558E+05
  0.3705555556E+00  0.7814549611E+05
  0.3708333333E+00  0.7819317741E+05
  0.3711111111E+00  0.7824085794E+05
  0.3713888889E+00  0.7828853914E+05
  0.3716666667E+00  0.7833621965E+05
  0.3719444444E+00  0.7838390118E+05
  0.3722222222E+00  0.7843158138E+05
  0.3725000000E+00  0.7847926291E+05
  0.3727777778E+00  0.7852694310E+05
  0.3730555556E+00  0.7857462463E+05
  0.3733333333E+00  0.7862230527E+05
  0.3736111111E+00  0.7866998645E+05
  0.3738888889E+00  0.7871766698E+05
  0.3741666667E+00  0.7876534817E+05
  0.3744444444E+00  0.7881302870E+05
  0.3747222222E+00  0.7886071023E+05
  0.3750000000E+00  0.7890839043E+05
  0.3752777778E+00  0.7896284127E+05
  0.3755555556E+00  0.7901729098E+05
  0.3758333333E+00  0.7907174182E+05
  0.3761111111E+00  0.7912619122E+05
  0.3763888889E+00  0.7918064106E+05
  0.3766666667E+00  0.7923509179E+05
  0.3769444444E+00  0.7928954163E+05
  0.3772222222E+00  0.7934399236E+05
  0.3775000000E+00  0.7939844186E+05
  0.3777777778E+00  0.7945289259E+05
  0.3780555556E+00  0.7950734242E+05
  0.3783333333E+00  0.7956179315E+05
  0.3786111111E+00  0.7961624299E+05
  0.3788888889E+00  0.7967069371E+05
  0.3791666667E+00  0.7972514322E+05
  0.3794444444E+00  0.7977959395E+05
  0.3797222222E+00  0.7983404379E+05
  0.3800000000E+00  0.7988849452E+05
  0.3802777778E+00  0.7994352065E+05
  0.3805555556E+00  0.7999854678E+05
  0.3808333333E+00  0.8005357291E+05
  0.3811111111E+00  0.8010859893E+05
  0.3813888889E+00  0.8016362507E+05
  0.3816666667E+00  0.8021865120E+05
  0.3819444444E+00  0.8027367766E+05
  0.3822222222E+00  0.8032870380E+05
  0.3825000000E+00  0.8038372994E+05
  0.3827777778E+00  0.8043875607E+05
  0.3830555556E+00  0.8049378220E+05
  0.3833333333E+00  0.8054880822E+05
  0.3836111111E+00  0.8060383435E+05
  0.3838888889E+00  0.8065886048E+05
  0.3841666667E+00  0.8071388662E+05
  0.3844444444E+00  0.8076891275E+05
  0.3847222222E+00  0.8082393921E+05
  0.3850000000E+00  0.8087896435E+05
  0.3852777778E+00  0.8092913080E+05
  0.3855555556E+00  0.8097929671E+05
  0.3858333333E+00  0.8102946250E+05
  0.3861111111E+00  0.8107962841E+05
  0.3863888889E+00  0.8112979520E+05
  0.3866666667E+00  0.8117996111E+05
  0.3869444444E+00  0.8123012701E+05
  0.3872222222E+00  0.8128029280E+05
  0.3875000000E+00  0.8133045837E+05
  0.3877777778E+00  0.8138062517E+05
  0.3880555556E+00  0.8143079107E+05
  0.3883333333E+00  0.8148095686E+05
  0.3886111111E+00  0.8153112277E+05
  0.3888888889E+00  0.8158128968E+05
  0.3891666667E+00  0.8163145547E+05
  0.3894444444E+00  0.8168162104E+05
  0.3897222222E+00  0.8173178683E+05
  0.3900000000E+00  0.8178195274E+05
  0.3902777778E+00  0.8182264207E+05
  0.3905555556E+00  0.8186333173E+05
  0.3908333333E+00  0.8190402105E+05
  0.3911111111E+00  0.8194471037E+05
  0.3913888889E+00  0.8198539970E+05
  0.3916666667E+00  0.8202608902E+05
  0.3919444444E+00  0.8206677869E+05
  0.3922222222E+00  0.8210746801E+05
  0.3925000000E+00  0.8214815733E+05
  0.3927777778E+00  0.8218884577E+05
  0.3930555556E+00  0.8222953509E+05
  0.3933333333E+00  0.8227022475E+05
  0.3936111111E+00  0.8231091408E+05
  0.3938888889E+00  0.8235160341E+05
  0.3941666667E+00  0.8239229273E+05
  0.3944444444E+00  0.8243298205E+05
  0.3947222222E+00  0.8247367171E+05
  0.3950000000E+00  0.8251436103E+05
  0.3952777778E+00  0.8254218907E+05
  0.3955555556E+00  0.8257001723E+05
  0.3958333333E+00  0.8259784627E+05
  0.3961111111E+00  0.8262567465E+05
  0.3963888889E+00  0.8265350369E+05
  0.3966666667E+00  0.8268133184E+05
  0.3969444444E+00  0.8270915989E+05
  0.3972222222E+00  0.8273698893E+05
  0.3975000000E+00  0.8276481697E+05
  0.3977777778E+00  0.8279264646E+05
  0.3980555556E+00  0.8282047450E+05
  0.3983333333E+00  0.8284830255E+05
  0.3986111111E+00  0.8287613159E+05
  0.3988888889E+00  0.8290395963E+05
  0.3991666667E+00  0.8293178879E+05
  0.3994444444E+00  0.8295961716E+05
  0.3997222222E+00  0.8298744520E+05
  0.4000000000E+00  0.8301527425E+05
  0.4002777778E+00  0.8302806575E+05
  0.4005555556E+00  0.8304085815E+05
  0.4008333333E+00  0.8305364954E+05
  0.4011111111E+00  0.8306644106E+05
  0.4013888889E+00  0.8307923311E+05
  0.4016666667E+00  0.8309202452E+05
  0.4019444444E+00  0.8310481702E+05
  0.4022222222E+00  0.8311760842E+05
  0.4025000000E+00  0.8313039981E+05
  0.4027777778E+00  0.8314319232E+05
  0.4030555556E+00  0.8315598373E+05
  0.4033333333E+00  0.8316877612E+05
  0.4036111111E+00  0.8318156763E+05
  0.4038888889E+00  0.8319435869E+05
  0.4041666667E+00  0.8320715109E+05
  0.4044444444E+00  0.8321994248E+05
  0.4047222222E+00  0.8323273500E+05
  0.4050000000E+00  0.8324552639E+05
  0.4052777778E+00  0.8324242646E+05
  0.4055555556E+00  0.8323932719E+05
  0.4058333333E+00  0.8323622726E+05
  0.4061111111E+00  0.8323312698E+05
  0.4063888889E+00  0.8323002705E+05
  0.4066666667E+00  0.8322692678E+05
  0.4069444444E+00  0.8322382785E+05
  0.4072222222E+00  0.8322072780E+05
  0.4075000000E+00  0.8321762752E+05
  0.4077777778E+00  0.8321452759E+05
  0.4080555556E+00  0.8321142732E+05
  0.4083333333E+00  0.8320832839E+05
  0.4086111111E+00  0.8320522812E+05
  0.4088888889E+00  0.8320212819E+05
  0.4091666667E+00  0.8319902791E+05
  0.4094444444E+00  0.8319592798E+05
  0.4097222222E+00  0.8319282904E+05
  0.4100000000E+00  0.8318972878E+05
  0.4102777778E+00  0.8317111578E+05
  0.4105555556E+00  0.8315250190E+05
  0.4108333333E+00  0.8313388903E+05
  0.4111111111E+00  0.8311527515E+05
  0.4113888889E+00  0.8309666216E+05
  0.4116666667E+00  0.8307804895E+05
  0.4119444444E+00  0.8305943507E+05
  0.4122222222E+00  0.8304082219E+05
  0.4125000000E+00  0.8302220921E+05
  0.4127777778E+00  0.8300359533E+05
  0.4130555556E+00  0.8298498245E+05
  0.4133333333E+00  0.8296636958E+05
  0.4136111111E+00  0.8294775557E+05
  0.4138888889E+00  0.8292914270E+05
  0.4141666667E+00  0.8291052949E+05
  0.4144444444E+00  0.8289191561E+05
  0.4147222222E+00  0.8287330262E+05
  0.4150000000E+00  0.8285468974E+05
  0.4152777778E+00  0.8282203486E+05
  0.4155555556E+00  0.8278937997E+05
  0.4158333333E+00  0.8275672618E+05
  0.4161111111E+00  0.8272407097E+05
  0.4163888889E+00  0.8269141707E+05
  0.4166666667E+00  0.8265876218E+05
  0.4169444444E+00  0.8262610829E+05
  0.4172222222E+00  0.8259345340E+05
  0.4175000000E+00  0.8256079829E+05
  0.4177777778E+00  0.8252814440E+05
  0.4180555556E+00  0.8249548950E+05
  0.4183333333E+00  0.8246283562E+05
  0.4186111111E+00  0.8243018073E+05
  0.4188888889E+00  0.8239752684E+05
  0.4191666667E+00  0.8236487173E+05
  0.4194444444E+00  0.8233221683E+05
  0.4197222222E+00  0.8229956295E+05
  0.4200000000E+00  0.8226690805E+05
  0.4202777778E+00  0.8222261344E+05
  0.4205555556E+00  0.8217831882E+05
  0.4208333333E+00  0.8213402554E+05
  0.4211111111E+00  0.8208973081E+05
  0.4213888889E+00  0.8204543619E+05
  0.4216666667E+00  0.8200114157E+05
  0.4219444444E+00  0.8195684729E+05
  0.4222222222E+00  0.8191255267E+05
  0.4225000000E+00  0.8186825805E+05
  0.4227777778E+00  0.8182396332E+05
  0.4230555556E+00  0.8177966904E+05
  0.4233333333E+00  0.8173537541E+05
  0.4236111111E+00  0.8169108080E+05
  0.4238888889E+00  0.8164678618E+05
  0.4241666667E+00  0.8160249179E+05
  0.4244444444E+00  0.8155819716E+05
  0.4247222222E+00  0.8151390255E+05
  0.4250000000E+00  0.8146960793E+05
  0.4252777778E+00  0.8141674376E+05
  0.4255555556E+00  0.8136387959E+05
  0.4258333333E+00  0.8131101521E+05
  0.4261111111E+00  0.8125815205E+05
  0.4263888889E+00  0.8120528755E+05
  0.4266666667E+00  0.8115242350E+05
  0.4269444444E+00  0.8109955899E+05
  0.4272222222E+00  0.8104669483E+05
  0.4275000000E+00  0.8099383033E+05
  0.4277777778E+00  0.8094096627E+05
  0.4280555556E+00  0.8088810211E+05
  0.4283333333E+00  0.8083523761E+05
  0.4286111111E+00  0.8078237344E+05
  0.4288888889E+00  0.8072950906E+05
  0.4291666667E+00  0.8067664489E+05
  0.4294444444E+00  0.8062378039E+05
  0.4297222222E+00  0.8057091634E+05
  0.4300000000E+00  0.8051805317E+05
  0.4302777778E+00  0.8046009328E+05
  0.4305555556E+00  0.8040213483E+05
  0.4308333333E+00  0.8034417627E+05
  0.4311111111E+00  0.8028621781E+05
  0.4313888889E+00  0.8022825825E+05
  0.4316666667E+00  0.8017029981E+05
  0.4319444444E+00  0.8011234124E+05
  0.4322222222E+00  0.8005438279E+05
  0.4325000000E+00  0.7999642423E+05
  0.4327777778E+00  0.7993846467E+05
  0.4330555556E+00  0.7988050589E+05
  0.4333333333E+00  0.7982254732E+05
  0.4336111111E+00  0.7976458888E+05
  0.4338888889E+00  0.7970662931E+05
  0.4341666667E+00  0.7964867087E+05
  0.4344444444E+00  0.7959071231E+05
  0.4347222222E+00  0.7953275385E+05
  0.4350000000E+00  0.7947479430E+05
  0.4352777778E+00  0.7941533654E+05
  0.4355555556E+00  0.7935587901E+05
  0.4358333333E+00  0.7929642059E+05
  0.4361111111E+00  0.7923696319E+05
  0.4363888889E+00  0.7917750432E+05
  0.4366666667E+00  0.7911804690E+05
  0.4369444444E+00  0.7905858937E+05
  0.4372222222E+00  0.7899913062E+05
  0.4375000000E+00  0.7893967321E+05
  0.4377777778E+00  0.7888021468E+05
  0.4380555556E+00  0.7882075726E+05
  0.4383333333E+00  0.7876129951E+05
  0.4386111111E+00  0.7870184097E+05
  0.4388888889E+00  0.7864238357E+05
  0.4391666667E+00  0.7858292543E+05
  0.4394444444E+00  0.7852346728E+05
  0.4397222222E+00  0.7846400946E+05
  0.4400000000E+00  0.7840455153E+05
  0.4402777778E+00  0.7834705859E+05
  0.4405555556E+00  0.7828956587E+05
  0.4408333333E+00  0.7823207313E+05
  0.4411111111E+00  0.7817458051E+05
  0.4413888889E+00  0.7811708757E+05
  0.4416666667E+00  0.7805959484E+05
  0.4419444444E+00  0.7800210212E+05
  0.4422222222E+00  0.7794460961E+05
  0.4425000000E+00  0.7788711654E+05
  0.4427777778E+00  0.7782962382E+05
  0.4430555556E+00  0.7777213110E+05
  0.4433333333E+00  0.7771463824E+05
  0.4436111111E+00  0.7765714552E+05
  0.4438888889E+00  0.7759965280E+05
  0.4441666667E+00  0.7754216018E+05
  0.4444444444E+00  0.7748466723E+05
  0.4447222222E+00  0.7742717451E+05
  0.4450000000E+00  0.7736968177E+05
  0.4452777778E+00  0.7731718664E+05
  0.4455555556E+00  0.7726469174E+05
  0.4458333333E+00  0.7721219694E+05
  0.4461111111E+00  0.7715970203E+05
  0.4463888889E+00  0.7710720689E+05
  0.4466666667E+00  0.7705471199E+05
  0.4469444444E+00  0.7700221719E+05
  0.4472222222E+00  0.7694972196E+05
  0.4475000000E+00  0.7689722715E+05
  0.4477777778E+00  0.7684473225E+05
  0.4480555556E+00  0.7679223745E+05
  0.4483333333E+00  0.7673974221E+05
  0.4486111111E+00  0.7668724740E+05
  0.4488888889E+00  0.7663475250E+05
  0.4491666667E+00  0.7658225737E+05
  0.4494444444E+00  0.7652976247E+05
  0.4497222222E+00  0.7647726767E+05
  0.4500000000E+00  0.7642477265E+05
  0.4502777778E+00  0.7637972864E+05
  0.4505555556E+00  0.7633468452E+05
  0.4508333333E+00  0.7628964083E+05
  0.4511111111E+00  0.7624459670E+05
  0.4513888889E+00  0.7619955269E+05
  0.4516666667E+00  0.7615450857E+05
  0.4519444444E+00  0.7610946477E+05
  0.4522222222E+00  0.7606442065E+05
  0.4525000000E+00  0.7601937675E+05
  0.4527777778E+00  0.7597433296E+05
  0.4530555556E+00  0.7592928883E+05
  0.4533333333E+00  0.7588424471E+05
  0.4536111111E+00  0.7583920103E+05
  0.4538888889E+00  0.7579415691E+05
  0.4541666667E+00  0.7574911278E+05
  0.4544444444E+00  0.7570406876E+05
  0.4547222222E+00  0.7565902497E+05
  0.4550000000E+00  0.7561398096E+05
  0.4552777778E+00  0.7557811096E+05
  0.4555555556E+00  0.7554224106E+05
  0.4558333333E+00  0.7550637117E+05
  0.4561111111E+00  0.7547050116E+05
  0.4563888889E+00  0.7543463127E+05
  0.4566666667E+00  0.7539876159E+05
  0.4569444444E+00  0.7536289170E+05
  0.4572222222E+00  0.7532702191E+05
  0.4575000000E+00  0.7529115191E+05
  0.4577777778E+00  0.7525528201E+05
  0.4580555556E+00  0.7521941212E+05
  0.4583333333E+00  0.7518354211E+05
  0.4586111111E+00  0.7514767222E+05
  0.4588888889E+00  0.7511180221E+05
  0.4591666667E+00  0.7507593232E+05
  0.4594444444E+00  0.7504006242E+05
  0.4597222222E+00  0.7500419242E+05
  0.4600000000E+00  0.7496832252E+05
  0.4602777778E+00  0.7494250861E+05
  0.4605555556E+00  0.7491669434E+05
  0.4608333333E+00  0.7489088032E+05
  0.4611111111E+00  0.7486506641E+05
  0.4613888889E+00  0.7483925215E+05
  0.4616666667E+00  0.7481343824E+05
  0.4619444444E+00  0.7478762387E+05
  0.4622222222E+00  0.7476180995E+05
  0.4625000000E+00  0.7473599570E+05
  0.4627777778E+00  0.7471018178E+05
  0.4630555556E+00  0.7468436753E+05
  0.4633333333E+00  0.7465855351E+05
  0.4636111111E+00  0.7463273925E+05
  0.4638888889E+00  0.7460692524E+05
  0.4641666667E+00  0.7458111099E+05
  0.4644444444E+00  0.7455529707E+05
  0.4647222222E+00  0.7452948271E+05
  0.4650000000E+00  0.7450366879E+05
  0.4652777778E+00  0.7448794472E+05
  0.4655555556E+00  0.7447222055E+05
  0.4658333333E+00  0.7445649626E+05
  0.4661111111E+00  0.7444077220E+05
  0.4663888889E+00  0.7442504802E+05
  0.4666666667E+00  0.7440932396E+05
  0.4669444444E+00  0.7439359979E+05
  0.4672222222E+00  0.7437787572E+05
  0.4675000000E+00  0.7436215143E+05
  0.4677777778E+00  0.7434642725E+05
  0.4680555556E+00  0.7433070320E+05
  0.4683333333E+00  0.7431497902E+05
  0.4686111111E+00  0.7429925496E+05
  0.4688888889E+00  0.7428353057E+05
  0.4691666667E+00  0.7426780639E+05
  0.4694444444E+00  0.7425208242E+05
  0.4697222222E+00  0.7423635826E+05
  0.4700000000E+00  0.7422063419E+05
  0.4702777778E+00  0.7421422263E+05
  0.4705555556E+00  0.7420781161E+05
  0.4708333333E+00  0.7420140004E+05
  0.4711111111E+00  0.7419498882E+05
  0.4713888889E+00  0.7418857747E+05
  0.4716666667E+00  0.7418216624E+05
  0.4719444444E+00  0.7417575500E+05
  0.4722222222E+00  0.7416934365E+05
  0.4725000000E+00  0.7416293242E+05
  0.4727777778E+00  0.7415652085E+05
  0.4730555556E+00  0.7415010983E+05
  0.4733333333E+00  0.7414369827E+05
  0.4736111111E+00  0.7413728713E+05
  0.4738888889E+00  0.7413087568E+05
  0.4741666667E+00  0.7412446445E+05
  0.4744444444E+00  0.7411805299E+05
  0.4747222222E+00  0.7411164187E+05
  0.4750000000E+00  0.7410523031E+05
  0.4752777778E+00  0.7410666388E+05
  0.4755555556E+00  0.7410809736E+05
  0.4758333333E+00  0.7410953085E+05
  0.4761111111E+00  0.7411096432E+05
  0.4763888889E+00  0.7411239790E+05
  0.4766666667E+00  0.7411383138E+05
  0.4769444444E+00  0.7411526486E+05
  0.4772222222E+00  0.7411669844E+05
  0.4775000000E+00  0.7411813192E+05
  0.4777777778E+00  0.7411956540E+05
  0.4780555556E+00  0.7412099889E+05
  0.4783333333E+00  0.7412243246E+05
  0.4786111111E+00  0.7412386605E+05
  0.4788888889E+00  0.7412529952E+05
  0.4791666667E+00  0.7412673311E+05
  0.4794444444E+00  0.7412816659E+05
  0.4797222222E+00  0.7412959973E+05
  0.4800000000E+00  0.7413103322E+05
  0.4802777778E+00  0.7413827056E+05
  0.4805555556E+00  0.7414550770E+05
  0.4808333333E+00  0.7415274496E+05
  0.4811111111E+00  0.7415998221E+05
  0.4813888889E+00  0.7416721945E+05
  0.4816666667E+00  0.7417445670E+05
  0.4819444444E+00  0.7418169395E+05
  0.4822222222E+00  0.7418893121E+05
  0.4825000000E+00  0.7419616835E+05
  0.4827777778E+00  0.7420340569E+05
  0.4830555556E+00  0.7421064294E+05
  0.4833333333E+00  0.7421788020E+05
  0.4836111111E+00  0.7422511734E+05
  0.4838888889E+00  0.7423235469E+05
  0.4841666667E+00  0.7423959227E+05
  0.4844444444E+00  0.7424682952E+05
  0.4847222222E+00  0.7425406667E+05
  0.4850000000E+00  0.7426130402E+05
  0.4852777778E+00  0.7427195249E+05
  0.4855555556E+00  0.7428260107E+05
  0.4858333333E+00  0.7429324956E+05
  0.4861111111E+00  0.7430389813E+05
  0.4863888889E+00  0.7431454672E+05
  0.4866666667E+00  0.7432519531E+05
  0.4869444444E+00  0.7433584389E+05
  0.4872222222E+00  0.7434649247E+05
  0.4875000000E+00  0.7435714129E+05
  0.4877777778E+00  0.7436778987E+05
  0.4880555556E+00  0.7437843845E+05
  0.4883333333E+00  0.7438908693E+05
  0.4886111111E+00  0.7439973551E+05
  0.4888888889E+00  0.7441038399E+05
  0.4891666667E+00  0.7442103258E+05
  0.4894444444E+00  0.7443168115E+05
  0.4897222222E+00  0.7444233008E+05
  0.4900000000E+00  0.7445297865E+05
  0.4902777778E+00  0.7446447080E+05
  0.4905555556E+00  0.7447596326E+05
  0.4908333333E+00  0.7448745584E+05
  0.4911111111E+00  0.7449894830E+05
  0.4913888889E+00  0.7451044044E+05
  0.4916666667E+00  0.7452193290E+05
  0.4919444444E+00  0.7453342548E+05
  0.4922222222E+00  0.7454491796E+05
  0.4925000000E+00  0.7455641009E+05
  0.4927777778E+00  0.7456790267E+05
  0.4930555556E+00  0.7457939513E+05
  0.4933333333E+00  0.7459088727E+05
  0.4936111111E+00  0.7460237973E+05
  0.4938888889E+00  0.7461387231E+05
  0.4941666667E+00  0.7462536488E+05
  0.4944444444E+00  0.7463685702E+05
  0.4947222222E+00  0.7464834960E+05
  0.4950000000E+00  0.7465984206E+05
