  0.1027777778E-01  0.2258586925E+08
  0.1055555556E-01  0.2255681731E+08
  0.1083333333E-01  0.2252776525E+08
  0.1111111111E-01  0.2249871331E+08
  0.1138888889E-01  0.2246966159E+08
  0.1166666667E-01  0.2244060964E+08
  0.1194444444E-01  0.2241155770E+08
  0.1222222222E-01  0.2238250564E+08
  0.1250000000E-01  0.2235345380E+08
  0.1277777778E-01  0.2232440175E+08
  0.1305555556E-01  0.2229534979E+08
  0.1333333333E-01  0.2226629785E+08
  0.1361111111E-01  0.2223724579E+08
  0.1388888889E-01  0.2220819385E+08
  0.1416666667E-01  0.2217914179E+08
  0.1444444444E-01  0.2215008985E+08
  0.1472222222E-01  0.2212103790E+08
  0.1500000000E-01  0.2209198595E+08
  0.1527777778E-01  0.2205242861E+08
  0.1555555556E-01  0.2201287173E+08
  0.1583333333E-01  0.2197331440E+08
  0.1611111111E-01  0.2193375706E+08
  0.1638888889E-01  0.2189420006E+08
  0.1666666667E-01  0.2185464272E+08
  0.1694444444E-01  0.2181508540E+08
  0.1722222222E-01  0.2177552839E+08
  0.1750000000E-01  0.2173597106E+08
  0.1777777778E-01  0.2169641372E+08
  0.1805555556E-01  0.2165685684E+08
  0.1833333333E-01  0.2161729951E+08
  0.1861111111E-01  0.2157774227E+08
  0.1888888889E-01  0.2153818528E+08
  0.1916666667E-01  0.2149862794E+08
  0.1944444444E-01  0.2145907094E+08
  0.1972222222E-01  0.2141951360E+08
  0.2000000000E-01  0.2137995628E+08
  0.2027777778E-01  0.2133093609E+08
  0.2055555556E-01  0.2128191590E+08
  0.2083333333E-01  0.2123289560E+08
  0.2111111111E-01  0.2118387542E+08
  0.2138888889E-01  0.2113485480E+08
  0.2166666667E-01  0.2108583450E+08
  0.2194444444E-01  0.2103681431E+08
  0.2222222222E-01  0.2098779412E+08
  0.2250000000E-01  0.2093877382E+08
  0.2277777778E-01  0.2088975364E+08
  0.2305555556E-01  0.2084073312E+08
  0.2333333333E-01  0.2079171293E+08
  0.2361111111E-01  0.2074269263E+08
  0.2388888889E-01  0.2069367244E+08
  0.2416666667E-01  0.2064465215E+08
  0.2444444444E-01  0.2059563186E+08
  0.2472222222E-01  0.2054661134E+08
  0.2500000000E-01  0.2049759115E+08
  0.2527777778E-01  0.2044038625E+08
  0.2555555556E-01  0.2038318147E+08
  0.2583333333E-01  0.2032597667E+08
  0.2611111111E-01  0.2026877155E+08
  0.2638888889E-01  0.2021156677E+08
  0.2666666667E-01  0.2015436188E+08
  0.2694444444E-01  0.2009715709E+08
  0.2722222222E-01  0.2003995231E+08
  0.2750000000E-01  0.1998274727E+08
  0.2777777778E-01  0.1992554249E+08
  0.2805555556E-01  0.1986833771E+08
  0.2833333333E-01  0.1981113281E+08
  0.2861111111E-01  0.1975392769E+08
  0.2888888889E-01  0.1969672291E+08
  0.2916666667E-01  0.1963951811E+08
  0.2944444444E-01  0.1958231333E+08
  0.2972222222E-01  0.1952510843E+08
  0.3000000000E-01  0.1946790331E+08
  0.3027777778E-01  0.1940397381E+08
  0.3055555556E-01  0.1934004386E+08
  0.3083333333E-01  0.1927611436E+08
  0.3111111111E-01  0.1921218450E+08
  0.3138888889E-01  0.1914825467E+08
  0.3166666667E-01  0.1908432506E+08
  0.3194444444E-01  0.1902039521E+08
  0.3222222222E-01  0.1895646527E+08
  0.3250000000E-01  0.1889253586E+08
  0.3277777778E-01  0.1882860591E+08
  0.3305555556E-01  0.1876467608E+08
  0.3333333333E-01  0.1870074646E+08
  0.3361111111E-01  0.1863681662E+08
  0.3388888889E-01  0.1857288677E+08
  0.3416666667E-01  0.1850895727E+08
  0.3444444444E-01  0.1844502732E+08
  0.3472222222E-01  0.1838109781E+08
  0.3500000000E-01  0.1831716787E+08
  0.3527777778E-01  0.1824807271E+08
  0.3555555556E-01  0.1817897711E+08
  0.3583333333E-01  0.1810988185E+08
  0.3611111111E-01  0.1804078625E+08
  0.3638888889E-01  0.1797169099E+08
  0.3666666667E-01  0.1790259574E+08
  0.3694444444E-01  0.1783350014E+08
  0.3722222222E-01  0.1776440498E+08
  0.3750000000E-01  0.1769530938E+08
  0.3777777778E-01  0.1762621412E+08
  0.3805555556E-01  0.1755711886E+08
  0.3833333333E-01  0.1748802326E+08
  0.3861111111E-01  0.1741892801E+08
  0.3888888889E-01  0.1734983242E+08
  0.3916666667E-01  0.1728073715E+08
  0.3944444444E-01  0.1721164199E+08
  0.3972222222E-01  0.1714254640E+08
  0.4000000000E-01  0.1707345113E+08
  0.4027777778E-01  0.1700081989E+08
  0.4055555556E-01  0.1692818864E+08
  0.4083333333E-01  0.1685555773E+08
  0.4111111111E-01  0.1678292648E+08
  0.4138888889E-01  0.1671029513E+08
  0.4166666667E-01  0.1663766397E+08
  0.4194444444E-01  0.1656503273E+08
  0.4222222222E-01  0.1649240182E+08
  0.4250000000E-01  0.1641977057E+08
  0.4277777778E-01  0.1634713932E+08
  0.4305555556E-01  0.1627450797E+08
  0.4333333333E-01  0.1620187705E+08
  0.4361111111E-01  0.1612924581E+08
  0.4388888889E-01  0.1605661466E+08
  0.4416666667E-01  0.1598398342E+08
  0.4444444444E-01  0.1591135216E+08
  0.4472222222E-01  0.1583872115E+08
  0.4500000000E-01  0.1576608990E+08
  0.4527777778E-01  0.1569154612E+08
  0.4555555556E-01  0.1561700224E+08
  0.4583333333E-01  0.1554245858E+08
  0.4611111111E-01  0.1546791469E+08
  0.4638888889E-01  0.1539337091E+08
  0.4666666667E-01  0.1531882693E+08
  0.4694444444E-01  0.1524428337E+08
  0.4722222222E-01  0.1516973959E+08
  0.4750000000E-01  0.1509519561E+08
  0.4777777778E-01  0.1502065205E+08
  0.4805555556E-01  0.1494610816E+08
  0.4833333333E-01  0.1487156429E+08
  0.4861111111E-01  0.1479702040E+08
  0.4888888889E-01  0.1472247684E+08
  0.4916666667E-01  0.1464793306E+08
  0.4944444444E-01  0.1457338908E+08
  0.4972222222E-01  0.1449884519E+08
  0.5000000000E-01  0.1442430175E+08
  0.5027777778E-01  0.1434940828E+08
  0.5055555556E-01  0.1427451537E+08
  0.5083333333E-01  0.1419962201E+08
  0.5111111111E-01  0.1412472910E+08
  0.5138888889E-01  0.1404983564E+08
  0.5166666667E-01  0.1397494272E+08
  0.5194444444E-01  0.1390004937E+08
  0.5222222222E-01  0.1382515646E+08
  0.5250000000E-01  0.1375026321E+08
  0.5277777778E-01  0.1367537008E+08
  0.5305555556E-01  0.1360047682E+08
  0.5333333333E-01  0.1352558381E+08
  0.5361111111E-01  0.1345069056E+08
  0.5388888889E-01  0.1337579743E+08
  0.5416666667E-01  0.1330090418E+08
  0.5444444444E-01  0.1322601116E+08
  0.5472222222E-01  0.1315111791E+08
  0.5500000000E-01  0.1307622490E+08
  0.5527777778E-01  0.1300243288E+08
  0.5555555556E-01  0.1292864097E+08
  0.5583333333E-01  0.1285484906E+08
  0.5611111111E-01  0.1278105715E+08
  0.5638888889E-01  0.1270726513E+08
  0.5666666667E-01  0.1263347345E+08
  0.5694444444E-01  0.1255968141E+08
  0.5722222222E-01  0.1248588957E+08
  0.5750000000E-01  0.1241209769E+08
  0.5777777778E-01  0.1233830570E+08
  0.5805555556E-01  0.1226451382E+08
  0.5833333333E-01  0.1219072188E+08
  0.5861111111E-01  0.1211693001E+08
  0.5888888889E-01  0.1204313802E+08
  0.5916666667E-01  0.1196934614E+08
  0.5944444444E-01  0.1189555430E+08
  0.5972222222E-01  0.1182176243E+08
  0.6000000000E-01  0.1174797045E+08
  0.6027777778E-01  0.1167658017E+08
  0.6055555556E-01  0.1160518984E+08
  0.6083333333E-01  0.1153379957E+08
  0.6111111111E-01  0.1146240930E+08
  0.6138888889E-01  0.1139101892E+08
  0.6166666667E-01  0.1131962870E+08
  0.6194444444E-01  0.1124823842E+08
  0.6222222222E-01  0.1117684816E+08
  0.6250000000E-01  0.1110545789E+08
  0.6277777778E-01  0.1103406755E+08
  0.6305555556E-01  0.1096267728E+08
  0.6333333333E-01  0.1089128701E+08
  0.6361111111E-01  0.1081989664E+08
  0.6388888889E-01  0.1074850641E+08
  0.6416666667E-01  0.1067711613E+08
  0.6444444444E-01  0.1060572583E+08
  0.6472222222E-01  0.1053433549E+08
  0.6500000000E-01  0.1046294529E+08
  0.6527777778E-01  0.1039506486E+08
  0.6555555556E-01  0.1032718451E+08
  0.6583333333E-01  0.1025930408E+08
  0.6611111111E-01  0.1019142375E+08
  0.6638888889E-01  0.1012354343E+08
  0.6666666667E-01  0.1005566300E+08
  0.6694444444E-01  0.9987782670E+07
  0.6722222222E-01  0.9919902249E+07
  0.6750000000E-01  0.9852021919E+07
  0.6777777778E-01  0.9784141488E+07
  0.6805555556E-01  0.9716261157E+07
  0.6833333333E-01  0.9648380741E+07
  0.6861111111E-01  0.9580500376E+07
  0.6888888889E-01  0.9512620046E+07
  0.6916666667E-01  0.9444739626E+07
  0.6944444444E-01  0.9376859295E+07
  0.6972222222E-01  0.9308978868E+07
  0.7000000000E-01  0.9241098547E+07
  0.7027777778E-01  0.9177625557E+07
  0.7055555556E-01  0.9114152475E+07
  0.7083333333E-01  0.9050679495E+07
  0.7111111111E-01  0.8987206383E+07
  0.7138888889E-01  0.8923733389E+07
  0.7166666667E-01  0.8860260409E+07
  0.7194444444E-01  0.8796787330E+07
  0.7222222222E-01  0.8733314347E+07
  0.7250000000E-01  0.8669841356E+07
  0.7277777778E-01  0.8606368278E+07
  0.7305555556E-01  0.8542895262E+07
  0.7333333333E-01  0.8479422182E+07
  0.7361111111E-01  0.8415949192E+07
  0.7388888889E-01  0.8352476209E+07
  0.7416666667E-01  0.8289003129E+07
  0.7444444444E-01  0.8225530150E+07
  0.7472222222E-01  0.8162057157E+07
  0.7500000000E-01  0.8098584077E+07
  0.7527777778E-01  0.8040187469E+07
  0.7555555556E-01  0.7981790766E+07
  0.7583333333E-01  0.7923394195E+07
  0.7611111111E-01  0.7864997487E+07
  0.7638888889E-01  0.7806600883E+07
  0.7666666667E-01  0.7748204320E+07
  0.7694444444E-01  0.7689807614E+07
  0.7722222222E-01  0.7631411043E+07
  0.7750000000E-01  0.7573014337E+07
  0.7777777778E-01  0.7514617731E+07
  0.7805555556E-01  0.7456221058E+07
  0.7833333333E-01  0.7397824452E+07
  0.7861111111E-01  0.7339427846E+07
  0.7888888889E-01  0.7281031175E+07
  0.7916666667E-01  0.7222634569E+07
  0.7944444444E-01  0.7164237896E+07
  0.7972222222E-01  0.7105841290E+07
  0.8000000000E-01  0.7047444596E+07
  0.8027777778E-01  0.6994567740E+07
  0.8055555556E-01  0.6941690795E+07
  0.8083333333E-01  0.6888813851E+07
  0.8111111111E-01  0.6835936907E+07
  0.8138888889E-01  0.6783059918E+07
  0.8166666667E-01  0.6730183073E+07
  0.8194444444E-01  0.6677306129E+07
  0.8222222222E-01  0.6624429185E+07
  0.8250000000E-01  0.6571552229E+07
  0.8277777778E-01  0.6518675251E+07
  0.8305555556E-01  0.6465798407E+07
  0.8333333333E-01  0.6412921463E+07
  0.8361111111E-01  0.6360044507E+07
  0.8388888889E-01  0.6307167561E+07
  0.8416666667E-01  0.6254290584E+07
  0.8444444444E-01  0.6201413728E+07
  0.8472222222E-01  0.6148536784E+07
  0.8500000000E-01  0.6095659839E+07
  0.8527777778E-01  0.6048523009E+07
  0.8555555556E-01  0.6001386168E+07
  0.8583333333E-01  0.5954249438E+07
  0.8611111111E-01  0.5907112609E+07
  0.8638888889E-01  0.5859975768E+07
  0.8666666667E-01  0.5812838971E+07
  0.8694444444E-01  0.5765702142E+07
  0.8722222222E-01  0.5718565301E+07
  0.8750000000E-01  0.5671428470E+07
  0.8777777778E-01  0.5624291740E+07
  0.8805555556E-01  0.5577154899E+07
  0.8833333333E-01  0.5530018069E+07
  0.8861111111E-01  0.5482881249E+07
  0.8888888889E-01  0.5435744439E+07
  0.8916666667E-01  0.5388607653E+07
  0.8944444444E-01  0.5341470833E+07
  0.8972222222E-01  0.5294334023E+07
  0.9000000000E-01  0.5247197191E+07
  0.9027777778E-01  0.5205818088E+07
  0.9055555556E-01  0.5164439027E+07
  0.9083333333E-01  0.5123059923E+07
  0.9111111111E-01  0.5081680853E+07
  0.9138888889E-01  0.5040301750E+07
  0.9166666667E-01  0.4998922646E+07
  0.9194444444E-01  0.4957543575E+07
  0.9222222222E-01  0.4916164471E+07
  0.9250000000E-01  0.4874785401E+07
  0.9277777778E-01  0.4833406298E+07
  0.9305555556E-01  0.4792027226E+07
  0.9333333333E-01  0.4750648123E+07
  0.9361111111E-01  0.4709269020E+07
  0.9388888889E-01  0.4667889950E+07
  0.9416666667E-01  0.4626510846E+07
  0.9444444444E-01  0.4585131775E+07
  0.9472222222E-01  0.4543752671E+07
  0.9500000000E-01  0.4502373568E+07
  0.9527777778E-01  0.4466589663E+07
  0.9555555556E-01  0.4430805749E+07
  0.9583333333E-01  0.4395021812E+07
  0.9611111111E-01  0.4359237907E+07
  0.9638888889E-01  0.4323453994E+07
  0.9666666667E-01  0.4287670056E+07
  0.9694444444E-01  0.4251886152E+07
  0.9722222222E-01  0.4216102237E+07
  0.9750000000E-01  0.4180318300E+07
  0.9777777778E-01  0.4144534396E+07
  0.9805555556E-01  0.4108750481E+07
  0.9833333333E-01  0.4072966543E+07
  0.9861111111E-01  0.4037182628E+07
  0.9888888889E-01  0.4001398715E+07
  0.9916666667E-01  0.3965614777E+07
  0.9944444444E-01  0.3929830873E+07
  0.9972222222E-01  0.3894046968E+07
  0.1000000000E+00  0.3858263021E+07
  0.1002777778E+00  0.3827758962E+07
  0.1005555556E+00  0.3797254892E+07
  0.1008333333E+00  0.3766750833E+07
  0.1011111111E+00  0.3736246731E+07
  0.1013888889E+00  0.3705742671E+07
  0.1016666667E+00  0.3675238602E+07
  0.1019444444E+00  0.3644734532E+07
  0.1022222222E+00  0.3614230429E+07
  0.1025000000E+00  0.3583726370E+07
  0.1027777778E+00  0.3553222301E+07
  0.1030555556E+00  0.3522718241E+07
  0.1033333333E+00  0.3492214148E+07
  0.1036111111E+00  0.3461710080E+07
  0.1038888889E+00  0.3431206020E+07
  0.1041666667E+00  0.3400701940E+07
  0.1044444444E+00  0.3370197881E+07
  0.1047222222E+00  0.3339693777E+07
  0.1050000000E+00  0.3309189719E+07
  0.1052777778E+00  0.3283535707E+07
  0.1055555556E+00  0.3257881706E+07
  0.1058333333E+00  0.3232227684E+07
  0.1061111111E+00  0.3206573648E+07
  0.1063888889E+00  0.3180919637E+07
  0.1066666667E+00  0.3155265626E+07
  0.1069444444E+00  0.3129611625E+07
  0.1072222222E+00  0.3103957569E+07
  0.1075000000E+00  0.3078303568E+07
  0.1077777778E+00  0.3052649556E+07
  0.1080555556E+00  0.3026995555E+07
  0.1083333333E+00  0.3001341533E+07
  0.1086111111E+00  0.2975687498E+07
  0.1088888889E+00  0.2950033486E+07
  0.1091666667E+00  0.2924379485E+07
  0.1094444444E+00  0.2898725474E+07
  0.1097222222E+00  0.2873071452E+07
  0.1100000000E+00  0.2847417417E+07
  0.1102777778E+00  0.2826097420E+07
  0.1105555556E+00  0.2804777411E+07
  0.1108333333E+00  0.2783457381E+07
  0.1111111111E+00  0.2762137382E+07
  0.1113888889E+00  0.2740817385E+07
  0.1116666667E+00  0.2719497343E+07
  0.1119444444E+00  0.2698177345E+07
  0.1122222222E+00  0.2676857348E+07
  0.1125000000E+00  0.2655537306E+07
  0.1127777778E+00  0.2634217309E+07
  0.1130555556E+00  0.2612897311E+07
  0.1133333333E+00  0.2591577280E+07
  0.1136111111E+00  0.2570257282E+07
  0.1138888889E+00  0.2548937274E+07
  0.1141666667E+00  0.2527617243E+07
  0.1144444444E+00  0.2506297235E+07
  0.1147222222E+00  0.2484977237E+07
  0.1150000000E+00  0.2463657205E+07
  0.1152777778E+00  0.2446107092E+07
  0.1155555556E+00  0.2428556946E+07
  0.1158333333E+00  0.2411006798E+07
  0.1161111111E+00  0.2393456652E+07
  0.1163888889E+00  0.2375906537E+07
  0.1166666667E+00  0.2358356391E+07
  0.1169444444E+00  0.2340806243E+07
  0.1172222222E+00  0.2323256097E+07
  0.1175000000E+00  0.2305705982E+07
  0.1177777778E+00  0.2288155835E+07
  0.1180555556E+00  0.2270605689E+07
  0.1183333333E+00  0.2253055541E+07
  0.1186111111E+00  0.2235505395E+07
  0.1188888889E+00  0.2217955280E+07
  0.1191666667E+00  0.2200405134E+07
  0.1194444444E+00  0.2182854986E+07
  0.1197222222E+00  0.2165304839E+07
  0.1200000000E+00  0.2147754715E+07
  0.1202777778E+00  0.2133392469E+07
  0.1205555556E+00  0.2119030234E+07
  0.1208333333E+00  0.2104667967E+07
  0.1211111111E+00  0.2090305732E+07
  0.1213888889E+00  0.2075943464E+07
  0.1216666667E+00  0.2061581241E+07
  0.1219444444E+00  0.2047218973E+07
  0.1222222222E+00  0.2032856739E+07
  0.1225000000E+00  0.2018494471E+07
  0.1227777778E+00  0.2004132237E+07
  0.1230555556E+00  0.1989769979E+07
  0.1233333333E+00  0.1975407756E+07
  0.1236111111E+00  0.1961045521E+07
  0.1238888889E+00  0.1946683253E+07
  0.1241666667E+00  0.1932321019E+07
  0.1244444444E+00  0.1917958751E+07
  0.1247222222E+00  0.1903596528E+07
  0.1250000000E+00  0.1889234260E+07
  0.1252777778E+00  0.1877488275E+07
  0.1255555556E+00  0.1865742290E+07
  0.1258333333E+00  0.1853996272E+07
  0.1261111111E+00  0.1842250277E+07
  0.1263888889E+00  0.1830504302E+07
  0.1266666667E+00  0.1818758274E+07
  0.1269444444E+00  0.1807012289E+07
  0.1272222222E+00  0.1795266315E+07
  0.1275000000E+00  0.1783520286E+07
  0.1277777778E+00  0.1771774302E+07
  0.1280555556E+00  0.1760028306E+07
  0.1283333333E+00  0.1748282332E+07
  0.1286111111E+00  0.1736536303E+07
  0.1288888889E+00  0.1724790318E+07
  0.1291666667E+00  0.1713044344E+07
  0.1294444444E+00  0.1701298315E+07
  0.1297222222E+00  0.1689552331E+07
  0.1300000000E+00  0.1677806345E+07
  0.1302777778E+00  0.1668140332E+07
  0.1305555556E+00  0.1658474350E+07
  0.1308333333E+00  0.1648808336E+07
  0.1311111111E+00  0.1639142355E+07
  0.1313888889E+00  0.1629476341E+07
  0.1316666667E+00  0.1619810360E+07
  0.1319444444E+00  0.1610144346E+07
  0.1322222222E+00  0.1600478355E+07
  0.1325000000E+00  0.1590812385E+07
  0.1327777778E+00  0.1581146370E+07
  0.1330555556E+00  0.1571480389E+07
  0.1333333333E+00  0.1561814364E+07
  0.1336111111E+00  0.1552148383E+07
  0.1338888889E+00  0.1542482380E+07
  0.1341666667E+00  0.1532816399E+07
  0.1344444444E+00  0.1523150374E+07
  0.1347222222E+00  0.1513484393E+07
  0.1350000000E+00  0.1503818389E+07
  0.1352777778E+00  0.1495748541E+07
  0.1355555556E+00  0.1487678647E+07
  0.1358333333E+00  0.1479608799E+07
  0.1361111111E+00  0.1471538916E+07
  0.1363888889E+00  0.1463469078E+07
  0.1366666667E+00  0.1455399195E+07
  0.1369444444E+00  0.1447329347E+07
  0.1372222222E+00  0.1439259453E+07
  0.1375000000E+00  0.1431189571E+07
  0.1377777778E+00  0.1423119722E+07
  0.1380555556E+00  0.1415049840E+07
  0.1383333333E+00  0.1406980001E+07
  0.1386111111E+00  0.1398910119E+07
  0.1388888889E+00  0.1390840259E+07
  0.1391666667E+00  0.1382770377E+07
  0.1394444444E+00  0.1374700528E+07
  0.1397222222E+00  0.1366630646E+07
  0.1400000000E+00  0.1358560797E+07
  0.1402777778E+00  0.1351669542E+07
  0.1405555556E+00  0.1344778286E+07
  0.1408333333E+00  0.1337887075E+07
  0.1411111111E+00  0.1330995819E+07
  0.1413888889E+00  0.1324104553E+07
  0.1416666667E+00  0.1317213331E+07
  0.1419444444E+00  0.1310322086E+07
  0.1422222222E+00  0.1303430830E+07
  0.1425000000E+00  0.1296539608E+07
  0.1427777778E+00  0.1289648353E+07
  0.1430555556E+00  0.1282757098E+07
  0.1433333333E+00  0.1275865875E+07
  0.1436111111E+00  0.1268974620E+07
  0.1438888889E+00  0.1262083375E+07
  0.1441666667E+00  0.1255192143E+07
  0.1444444444E+00  0.1248300887E+07
  0.1447222222E+00  0.1241409631E+07
  0.1450000000E+00  0.1234518420E+07
  0.1452777778E+00  0.1228461628E+07
  0.1455555556E+00  0.1222404847E+07
  0.1458333333E+00  0.1216348099E+07
  0.1461111111E+00  0.1210291317E+07
  0.1463888889E+00  0.1204234569E+07
  0.1466666667E+00  0.1198177777E+07
  0.1469444444E+00  0.1192120996E+07
  0.1472222222E+00  0.1186064259E+07
  0.1475000000E+00  0.1180007477E+07
  0.1477777778E+00  0.1173950695E+07
  0.1480555556E+00  0.1167893937E+07
  0.1483333333E+00  0.1161837156E+07
  0.1486111111E+00  0.1155780407E+07
  0.1488888889E+00  0.1149723626E+07
  0.1491666667E+00  0.1143666834E+07
  0.1494444444E+00  0.1137610097E+07
  0.1497222222E+00  0.1131553315E+07
  0.1500000000E+00  0.1125496567E+07
  0.1502777778E+00  0.1120005307E+07
  0.1505555556E+00  0.1114514058E+07
  0.1508333333E+00  0.1109022798E+07
  0.1511111111E+00  0.1103531538E+07
  0.1513888889E+00  0.1098040288E+07
  0.1516666667E+00  0.1092549040E+07
  0.1519444444E+00  0.1087057790E+07
  0.1522222222E+00  0.1081566530E+07
  0.1525000000E+00  0.1076075280E+07
  0.1527777778E+00  0.1070584054E+07
  0.1530555556E+00  0.1065092794E+07
  0.1533333333E+00  0.1059601544E+07
  0.1536111111E+00  0.1054110296E+07
  0.1538888889E+00  0.1048619046E+07
  0.1541666667E+00  0.1043127790E+07
  0.1544444444E+00  0.1037636533E+07
  0.1547222222E+00  0.1032145287E+07
  0.1550000000E+00  0.1026654030E+07
  0.1552777778E+00  0.1021532751E+07
  0.1555555556E+00  0.1016411493E+07
  0.1558333333E+00  0.1011290213E+07
  0.1561111111E+00  0.1006168934E+07
  0.1563888889E+00  0.1001047655E+07
  0.1566666667E+00  0.9959263754E+06
  0.1569444444E+00  0.9908051172E+06
  0.1572222222E+00  0.9856838379E+06
  0.1575000000E+00  0.9805625585E+06
  0.1577777778E+00  0.9754412792E+06
  0.1580555556E+00  0.9703199999E+06
  0.1583333333E+00  0.9651987417E+06
  0.1586111111E+00  0.9600774624E+06
  0.1588888889E+00  0.9549561830E+06
  0.1591666667E+00  0.9498349037E+06
  0.1594444444E+00  0.9447136244E+06
  0.1597222222E+00  0.9395923550E+06
  0.1600000000E+00  0.9344710869E+06
  0.1602777778E+00  0.9295914947E+06
  0.1605555556E+00  0.9247119137E+06
  0.1608333333E+00  0.9198323360E+06
  0.1611111111E+00  0.9149527438E+06
  0.1613888889E+00  0.9100731629E+06
  0.1616666667E+00  0.9051935818E+06
  0.1619444444E+00  0.9003139897E+06
  0.1622222222E+00  0.8954344120E+06
  0.1625000000E+00  0.8905548254E+06
  0.1627777778E+00  0.8856752399E+06
  0.1630555556E+00  0.8807956545E+06
  0.1633333333E+00  0.8759160735E+06
  0.1636111111E+00  0.8710364880E+06
  0.1638888889E+00  0.8661569036E+06
  0.1641666667E+00  0.8612773182E+06
  0.1644444444E+00  0.8563977338E+06
  0.1647222222E+00  0.8515181517E+06
  0.1650000000E+00  0.8466385662E+06
  0.1652777778E+00  0.8419298331E+06
  0.1655555556E+00  0.8372210888E+06
  0.1658333333E+00  0.8325123579E+06
  0.1661111111E+00  0.8278036237E+06
  0.1663888889E+00  0.8230948894E+06
  0.1666666667E+00  0.8183861585E+06
  0.1669444444E+00  0.8136774243E+06
  0.1672222222E+00  0.8089686912E+06
  0.1675000000E+00  0.8042599503E+06
  0.1677777778E+00  0.7995512160E+06
  0.1680555556E+00  0.7948424818E+06
  0.1683333333E+00  0.7901337476E+06
  0.1686111111E+00  0.7854250167E+06
  0.1688888889E+00  0.7807162835E+06
  0.1691666667E+00  0.7760075393E+06
  0.1694444444E+00  0.7712988084E+06
  0.1697222222E+00  0.7665900741E+06
  0.1700000000E+00  0.7618813399E+06
  0.1702777778E+00  0.7573207915E+06
  0.1705555556E+00  0.7527602331E+06
  0.1708333333E+00  0.7481996813E+06
  0.1711111111E+00  0.7436391329E+06
  0.1713888889E+00  0.7390785745E+06
  0.1716666667E+00  0.7345180272E+06
  0.1719444444E+00  0.7299574688E+06
  0.1722222222E+00  0.7253969170E+06
  0.1725000000E+00  0.7208363686E+06
  0.1727777778E+00  0.7162758102E+06
  0.1730555556E+00  0.7117152618E+06
  0.1733333333E+00  0.7071547000E+06
  0.1736111111E+00  0.7025941517E+06
  0.1738888889E+00  0.6980336031E+06
  0.1741666667E+00  0.6934730447E+06
  0.1744444444E+00  0.6889124930E+06
  0.1747222222E+00  0.6843519446E+06
  0.1750000000E+00  0.6797913862E+06
  0.1752777778E+00  0.6753918007E+06
  0.1755555556E+00  0.6709922206E+06
  0.1758333333E+00  0.6665926351E+06
  0.1761111111E+00  0.6621930485E+06
  0.1763888889E+00  0.6577934685E+06
  0.1766666667E+00  0.6533938829E+06
  0.1769444444E+00  0.6489942962E+06
  0.1772222222E+00  0.6445947207E+06
  0.1775000000E+00  0.6401951307E+06
  0.1777777778E+00  0.6357955452E+06
  0.1780555556E+00  0.6313959585E+06
  0.1783333333E+00  0.6269963796E+06
  0.1786111111E+00  0.6225967929E+06
  0.1788888889E+00  0.6181972074E+06
  0.1791666667E+00  0.6137976307E+06
  0.1794444444E+00  0.6093980419E+06
  0.1797222222E+00  0.6049984551E+06
  0.1800000000E+00  0.6005988696E+06
  0.1802777778E+00  0.5963969986E+06
  0.1805555556E+00  0.5921951175E+06
  0.1808333333E+00  0.5879932498E+06
  0.1811111111E+00  0.5837913688E+06
  0.1813888889E+00  0.5795894977E+06
  0.1816666667E+00  0.5753876200E+06
  0.1819444444E+00  0.5711857490E+06
  0.1822222222E+00  0.5669838679E+06
  0.1825000000E+00  0.5627820002E+06
  0.1827777778E+00  0.5585801202E+06
  0.1830555556E+00  0.5543782393E+06
  0.1833333333E+00  0.5501763715E+06
  0.1836111111E+00  0.5459744904E+06
  0.1838888889E+00  0.5417726194E+06
  0.1841666667E+00  0.5375707417E+06
  0.1844444444E+00  0.5333688707E+06
  0.1847222222E+00  0.5291669896E+06
  0.1850000000E+00  0.5249651218E+06
  0.1852777778E+00  0.5210112005E+06
  0.1855555556E+00  0.5170572779E+06
  0.1858333333E+00  0.5131033566E+06
  0.1861111111E+00  0.5091494374E+06
  0.1863888889E+00  0.5051955160E+06
  0.1866666667E+00  0.5012415946E+06
  0.1869444444E+00  0.4972876721E+06
  0.1872222222E+00  0.4933337540E+06
  0.1875000000E+00  0.4893798316E+06
  0.1877777778E+00  0.4854259201E+06
  0.1880555556E+00  0.4814719977E+06
  0.1883333333E+00  0.4775180796E+06
  0.1886111111E+00  0.4735641572E+06
  0.1888888889E+00  0.4696102357E+06
  0.1891666667E+00  0.4656563177E+06
  0.1894444444E+00  0.4617023952E+06
  0.1897222222E+00  0.4577484768E+06
  0.1900000000E+00  0.4537945553E+06
  0.1902777778E+00  0.4501422385E+06
  0.1905555556E+00  0.4464899183E+06
  0.1908333333E+00  0.4428376016E+06
  0.1911111111E+00  0.4391852814E+06
  0.1913888889E+00  0.4355329645E+06
  0.1916666667E+00  0.4318806443E+06
  0.1919444444E+00  0.4282283274E+06
  0.1922222222E+00  0.4245760073E+06
  0.1925000000E+00  0.4209236905E+06
  0.1927777778E+00  0.4172713704E+06
  0.1930555556E+00  0.4136190534E+06
  0.1933333333E+00  0.4099667343E+06
  0.1936111111E+00  0.4063144164E+06
  0.1938888889E+00  0.4026620974E+06
  0.1941666667E+00  0.3990097795E+06
  0.1944444444E+00  0.3953574603E+06
  0.1947222222E+00  0.3917051434E+06
  0.1950000000E+00  0.3880528233E+06
  0.1952777778E+00  0.3847516019E+06
  0.1955555556E+00  0.3814503782E+06
  0.1958333333E+00  0.3781491569E+06
  0.1961111111E+00  0.3748479355E+06
  0.1963888889E+00  0.3715467141E+06
  0.1966666667E+00  0.3682454905E+06
  0.1969444444E+00  0.3649442700E+06
  0.1972222222E+00  0.3616430486E+06
  0.1975000000E+00  0.3583418273E+06
  0.1977777778E+00  0.3550406025E+06
  0.1980555556E+00  0.3517393833E+06
  0.1983333333E+00  0.3484381619E+06
  0.1986111111E+00  0.3451369372E+06
  0.1988888889E+00  0.3418357158E+06
  0.1991666667E+00  0.3385344954E+06
  0.1994444444E+00  0.3352332752E+06
  0.1997222222E+00  0.3319320504E+06
  0.2000000000E+00  0.3286308290E+06
  0.2002777778E+00  0.3257196498E+06
  0.2005555556E+00  0.3228084694E+06
  0.2008333333E+00  0.3198972901E+06
  0.2011111111E+00  0.3169861141E+06
  0.2013888889E+00  0.3140749348E+06
  0.2016666667E+00  0.3111637555E+06
  0.2019444444E+00  0.3082525761E+06
  0.2022222222E+00  0.3053413959E+06
  0.2025000000E+00  0.3024302165E+06
  0.2027777778E+00  0.2995190372E+06
  0.2030555556E+00  0.2966078568E+06
  0.2033333333E+00  0.2936966786E+06
  0.2036111111E+00  0.2907855016E+06
  0.2038888889E+00  0.2878743222E+06
  0.2041666667E+00  0.2849631430E+06
  0.2044444444E+00  0.2820519626E+06
  0.2047222222E+00  0.2791407833E+06
  0.2050000000E+00  0.2762296040E+06
  0.2052777778E+00  0.2737334626E+06
  0.2055555556E+00  0.2712373222E+06
  0.2058333333E+00  0.2687411830E+06
  0.2061111111E+00  0.2662450393E+06
  0.2063888889E+00  0.2637488989E+06
  0.2066666667E+00  0.2612527586E+06
  0.2069444444E+00  0.2587566182E+06
  0.2072222222E+00  0.2562604769E+06
  0.2075000000E+00  0.2537643366E+06
  0.2077777778E+00  0.2512681928E+06
  0.2080555556E+00  0.2487720525E+06
  0.2083333333E+00  0.2462759122E+06
  0.2086111111E+00  0.2437797718E+06
  0.2088888889E+00  0.2412836314E+06
  0.2091666667E+00  0.2387874900E+06
  0.2094444444E+00  0.2362913475E+06
  0.2097222222E+00  0.2337952072E+06
  0.2100000000E+00  0.2312990668E+06
  0.2102777778E+00  0.2292266479E+06
  0.2105555556E+00  0.2271542336E+06
  0.2108333333E+00  0.2250818159E+06
  0.2111111111E+00  0.2230094007E+06
  0.2113888889E+00  0.2209369819E+06
  0.2116666667E+00  0.2188645675E+06
  0.2119444444E+00  0.2167921498E+06
  0.2122222222E+00  0.2147197355E+06
  0.2125000000E+00  0.2126473178E+06
  0.2127777778E+00  0.2105749023E+06
  0.2130555556E+00  0.2085024836E+06
  0.2133333333E+00  0.2064300693E+06
  0.2136111111E+00  0.2043576516E+06
  0.2138888889E+00  0.2022852361E+06
  0.2141666667E+00  0.2002128184E+06
  0.2144444444E+00  0.1981404008E+06
  0.2147222222E+00  0.1960679865E+06
  0.2150000000E+00  0.1939955666E+06
  0.2152777778E+00  0.1923390169E+06
  0.2155555556E+00  0.1906824627E+06
  0.2158333333E+00  0.1890259085E+06
  0.2161111111E+00  0.1873693545E+06
  0.2163888889E+00  0.1857128003E+06
  0.2166666667E+00  0.1840562472E+06
  0.2169444444E+00  0.1823996964E+06
  0.2172222222E+00  0.1807431423E+06
  0.2175000000E+00  0.1790865881E+06
  0.2177777778E+00  0.1774300350E+06
  0.2180555556E+00  0.1757734808E+06
  0.2183333333E+00  0.1741169267E+06
  0.2186111111E+00  0.1724603759E+06
  0.2188888889E+00  0.1708038217E+06
  0.2191666667E+00  0.1691472687E+06
  0.2194444444E+00  0.1674907145E+06
  0.2197222222E+00  0.1658341594E+06
  0.2200000000E+00  0.1641776052E+06
  0.2202777778E+00  0.1629138819E+06
  0.2205555556E+00  0.1616501586E+06
  0.2208333333E+00  0.1603864342E+06
  0.2211111111E+00  0.1591227076E+06
  0.2213888889E+00  0.1578589832E+06
  0.2216666667E+00  0.1565952599E+06
  0.2219444444E+00  0.1553315366E+06
  0.2222222222E+00  0.1540678089E+06
  0.2225000000E+00  0.1528040856E+06
  0.2227777778E+00  0.1515403611E+06
  0.2230555556E+00  0.1502766335E+06
  0.2233333333E+00  0.1490129102E+06
  0.2236111111E+00  0.1477491858E+06
  0.2238888889E+00  0.1464854625E+06
  0.2241666667E+00  0.1452217348E+06
  0.2244444444E+00  0.1439580115E+06
  0.2247222222E+00  0.1426942882E+06
  0.2250000000E+00  0.1414305638E+06
  0.2252777778E+00  0.1405235018E+06
  0.2255555556E+00  0.1396164397E+06
  0.2258333333E+00  0.1387093766E+06
  0.2261111111E+00  0.1378023179E+06
  0.2263888889E+00  0.1368952559E+06
  0.2266666667E+00  0.1359881938E+06
  0.2269444444E+00  0.1350811318E+06
  0.2272222222E+00  0.1341740686E+06
  0.2275000000E+00  0.1332670099E+06
  0.2277777778E+00  0.1323599489E+06
  0.2280555556E+00  0.1314528869E+06
  0.2283333333E+00  0.1305458237E+06
  0.2286111111E+00  0.1296387650E+06
  0.2288888889E+00  0.1287317030E+06
  0.2291666667E+00  0.1278246410E+06
  0.2294444444E+00  0.1269175778E+06
  0.2297222222E+00  0.1260105191E+06
  0.2300000000E+00  0.1251034571E+06
  0.2302777778E+00  0.1245070464E+06
  0.2305555556E+00  0.1239106368E+06
  0.2308333333E+00  0.1233142261E+06
  0.2311111111E+00  0.1227178198E+06
  0.2313888889E+00  0.1221214102E+06
  0.2316666667E+00  0.1215249995E+06
  0.2319444444E+00  0.1209285899E+06
  0.2322222222E+00  0.1203321792E+06
  0.2325000000E+00  0.1197357729E+06
  0.2327777778E+00  0.1191393622E+06
  0.2330555556E+00  0.1185429536E+06
  0.2333333333E+00  0.1179465429E+06
  0.2336111111E+00  0.1173501366E+06
  0.2338888889E+00  0.1167537259E+06
  0.2341666667E+00  0.1161573163E+06
  0.2344444444E+00  0.1155609056E+06
  0.2347222222E+00  0.1149644960E+06
  0.2350000000E+00  0.1143680897E+06
  0.2352777778E+00  0.1140297309E+06
  0.2355555556E+00  0.1136913755E+06
  0.2358333333E+00  0.1133530193E+06
  0.2361111111E+00  0.1130146636E+06
  0.2363888889E+00  0.1126763075E+06
  0.2366666667E+00  0.1123379507E+06
  0.2369444444E+00  0.1119995946E+06
  0.2372222222E+00  0.1116612388E+06
  0.2375000000E+00  0.1113228827E+06
  0.2377777778E+00  0.1109845259E+06
  0.2380555556E+00  0.1106461698E+06
  0.2383333333E+00  0.1103078137E+06
  0.2386111111E+00  0.1099694590E+06
  0.2388888889E+00  0.1096311019E+06
  0.2391666667E+00  0.1092927461E+06
  0.2394444444E+00  0.1089543900E+06
  0.2397222222E+00  0.1086160342E+06
  0.2400000000E+00  0.1082776771E+06
  0.2402777778E+00  0.1081417633E+06
  0.2405555556E+00  0.1080058504E+06
  0.2408333333E+00  0.1078699355E+06
  0.2411111111E+00  0.1077340219E+06
  0.2413888889E+00  0.1075981078E+06
  0.2416666667E+00  0.1074621939E+06
  0.2419444444E+00  0.1073262802E+06
  0.2422222222E+00  0.1071903661E+06
  0.2425000000E+00  0.1070544520E+06
  0.2427777778E+00  0.1069185381E+06
  0.2430555556E+00  0.1067826240E+06
  0.2433333333E+00  0.1066467110E+06
  0.2436111111E+00  0.1065107969E+06
  0.2438888889E+00  0.1063748829E+06
  0.2441666667E+00  0.1062389689E+06
  0.2444444444E+00  0.1061030549E+06
  0.2447222222E+00  0.1059671408E+06
  0.2450000000E+00  0.1058312267E+06
  0.2452777778E+00  0.1058424683E+06
  0.2455555556E+00  0.1058537085E+06
  0.2458333333E+00  0.1058649497E+06
  0.2461111111E+00  0.1058761902E+06
  0.2463888889E+00  0.1058874314E+06
  0.2466666667E+00  0.1058986720E+06
  0.2469444444E+00  0.1059099132E+06
  0.2472222222E+00  0.1059211534E+06
  0.2475000000E+00  0.1059323949E+06
  0.2477777778E+00  0.1059436361E+06
  0.2480555556E+00  0.1059548764E+06
  0.2483333333E+00  0.1059661179E+06
  0.2486111111E+00  0.1059773581E+06
  0.2488888889E+00  0.1059885996E+06
  0.2491666667E+00  0.1059998398E+06
  0.2494444444E+00  0.1060110810E+06
  0.2497222222E+00  0.1060223216E+06
  0.2500000000E+00  0.1060335628E+06
  0.2502777778E+00  0.1061398516E+06
  0.2505555556E+00  0.1062461400E+06
  0.2508333333E+00  0.1063524289E+06
  0.2511111111E+00  0.1064587164E+06
  0.2513888889E+00  0.1065650051E+06
  0.2516666667E+00  0.1066712940E+06
  0.2519444444E+00  0.1067775825E+06
  0.2522222222E+00  0.1068838712E+06
  0.2525000000E+00  0.1069901598E+06
  0.2527777778E+00  0.1070964485E+06
  0.2530555556E+00  0.1072027370E+06
  0.2533333333E+00  0.1073090258E+06
  0.2536111111E+00  0.1074153143E+06
  0.2538888889E+00  0.1075216031E+06
  0.2541666667E+00  0.1076278909E+06
  0.2544444444E+00  0.1077341794E+06
  0.2547222222E+00  0.1078404682E+06
  0.2550000000E+00  0.1079467567E+06
  0.2552777778E+00  0.1081015983E+06
  0.2555555556E+00  0.1082564402E+06
  0.2558333333E+00  0.1084112808E+06
  0.2561111111E+00  0.1085661224E+06
  0.2563888889E+00  0.1087209639E+06
  0.2566666667E+00  0.1088758049E+06
  0.2569444444E+00  0.1090306464E+06
  0.2572222222E+00  0.1091854880E+06
  0.2575000000E+00  0.1093403296E+06
  0.2577777778E+00  0.1094951705E+06
  0.2580555556E+00  0.1096500121E+06
  0.2583333333E+00  0.1098048537E+06
  0.2586111111E+00  0.1099596942E+06
  0.2588888889E+00  0.1101145358E+06
  0.2591666667E+00  0.1102693777E+06
  0.2594444444E+00  0.1104242193E+06
  0.2597222222E+00  0.1105790599E+06
  0.2600000000E+00  0.1107339015E+06
  0.2602777778E+00  0.1108979755E+06
  0.2605555556E+00  0.1110620487E+06
  0.2608333333E+00  0.1112261228E+06
  0.2611111111E+00  0.1113901959E+06
  0.2613888889E+00  0.1115542704E+06
  0.2616666667E+00  0.1117183444E+06
  0.2619444444E+00  0.1118824176E+06
  0.2622222222E+00  0.1120464917E+06
  0.2625000000E+00  0.1122105658E+06
  0.2627777778E+00  0.1123746389E+06
  0.2630555556E+00  0.1125387130E+06
  0.2633333333E+00  0.1127027861E+06
  0.2636111111E+00  0.1128668603E+06
  0.2638888889E+00  0.1130309343E+06
  0.2641666667E+00  0.1131950075E+06
  0.2644444444E+00  0.1133590816E+06
  0.2647222222E+00  0.1135231557E+06
  0.2650000000E+00  0.1136872288E+06
  0.2652777778E+00  0.1138295182E+06
  0.2655555556E+00  0.1139718071E+06
  0.2658333333E+00  0.1141140965E+06
  0.2661111111E+00  0.1142563853E+06
  0.2663888889E+00  0.1143986748E+06
  0.2666666667E+00  0.1145409635E+06
  0.2669444444E+00  0.1146832533E+06
  0.2672222222E+00  0.1148255428E+06
  0.2675000000E+00  0.1149678315E+06
  0.2677777778E+00  0.1151101210E+06
  0.2680555556E+00  0.1152524097E+06
  0.2683333333E+00  0.1153946992E+06
  0.2686111111E+00  0.1155369879E+06
  0.2688888889E+00  0.1156792774E+06
  0.2691666667E+00  0.1158215663E+06
  0.2694444444E+00  0.1159638556E+06
  0.2697222222E+00  0.1161061445E+06
  0.2700000000E+00  0.1162484342E+06
  0.2702777778E+00  0.1163466016E+06
  0.2705555556E+00  0.1164447690E+06
  0.2708333333E+00  0.1165429364E+06
  0.2711111111E+00  0.1166411038E+06
  0.2713888889E+00  0.1167392711E+06
  0.2716666667E+00  0.1168374385E+06
  0.2719444444E+00  0.1169356059E+06
  0.2722222222E+00  0.1170337723E+06
  0.2725000000E+00  0.1171319397E+06
  0.2727777778E+00  0.1172301071E+06
  0.2730555556E+00  0.1173282748E+06
  0.2733333333E+00  0.1174264422E+06
  0.2736111111E+00  0.1175246096E+06
  0.2738888889E+00  0.1176227770E+06
  0.2741666667E+00  0.1177209444E+06
  0.2744444444E+00  0.1178191118E+06
  0.2747222222E+00  0.1179172792E+06
  0.2750000000E+00  0.1180154465E+06
  0.2752777778E+00  0.1180555851E+06
  0.2755555556E+00  0.1180957247E+06
  0.2758333333E+00  0.1181358629E+06
  0.2761111111E+00  0.1181760024E+06
  0.2763888889E+00  0.1182161420E+06
  0.2766666667E+00  0.1182562805E+06
  0.2769444444E+00  0.1182964201E+06
  0.2772222222E+00  0.1183365583E+06
  0.2775000000E+00  0.1183766979E+06
  0.2777777778E+00  0.1184168365E+06
  0.2780555556E+00  0.1184569761E+06
  0.2783333333E+00  0.1184971143E+06
  0.2786111111E+00  0.1185372538E+06
  0.2788888889E+00  0.1185773924E+06
  0.2791666667E+00  0.1186175319E+06
  0.2794444444E+00  0.1186576702E+06
  0.2797222222E+00  0.1186978097E+06
  0.2800000000E+00  0.1187379483E+06
  0.2802777778E+00  0.1187139421E+06
  0.2805555556E+00  0.1186899360E+06
  0.2808333333E+00  0.1186659288E+06
  0.2811111111E+00  0.1186419227E+06
  0.2813888889E+00  0.1186179156E+06
  0.2816666667E+00  0.1185939091E+06
  0.2819444444E+00  0.1185699030E+06
  0.2822222222E+00  0.1185458958E+06
  0.2825000000E+00  0.1185218896E+06
  0.2827777778E+00  0.1184978836E+06
  0.2830555556E+00  0.1184738763E+06
  0.2833333333E+00  0.1184498702E+06
  0.2836111111E+00  0.1184258631E+06
  0.2838888889E+00  0.1184018569E+06
  0.2841666667E+00  0.1183778508E+06
  0.2844444444E+00  0.1183538436E+06
  0.2847222222E+00  0.1183298375E+06
  0.2850000000E+00  0.1183058314E+06
  0.2852777778E+00  0.1182183857E+06
  0.2855555556E+00  0.1181309400E+06
  0.2858333333E+00  0.1180434943E+06
  0.2861111111E+00  0.1179560486E+06
  0.2863888889E+00  0.1178686032E+06
  0.2866666667E+00  0.1177811576E+06
  0.2869444444E+00  0.1176937108E+06
  0.2872222222E+00  0.1176062652E+06
  0.2875000000E+00  0.1175188195E+06
  0.2877777778E+00  0.1174313742E+06
  0.2880555556E+00  0.1173439284E+06
  0.2883333333E+00  0.1172564828E+06
  0.2886111111E+00  0.1171690370E+06
  0.2888888889E+00  0.1170815914E+06
  0.2891666667E+00  0.1169941460E+06
  0.2894444444E+00  0.1169067003E+06
  0.2897222222E+00  0.1168192546E+06
  0.2900000000E+00  0.1167318090E+06
  0.2902777778E+00  0.1165870094E+06
  0.2905555556E+00  0.1164422095E+06
  0.2908333333E+00  0.1162974100E+06
  0.2911111111E+00  0.1161526111E+06
  0.2913888889E+00  0.1160078115E+06
  0.2916666667E+00  0.1158630116E+06
  0.2919444444E+00  0.1157182118E+06
  0.2922222222E+00  0.1155734122E+06
  0.2925000000E+00  0.1154286123E+06
  0.2927777778E+00  0.1152838128E+06
  0.2930555556E+00  0.1151390130E+06
  0.2933333333E+00  0.1149942134E+06
  0.2936111111E+00  0.1148494135E+06
  0.2938888889E+00  0.1147046139E+06
  0.2941666667E+00  0.1145598141E+06
  0.2944444444E+00  0.1144150145E+06
  0.2947222222E+00  0.1142702146E+06
  0.2950000000E+00  0.1141254150E+06
  0.2952777778E+00  0.1139335647E+06
  0.2955555556E+00  0.1137417133E+06
  0.2958333333E+00  0.1135498619E+06
  0.2961111111E+00  0.1133580116E+06
  0.2963888889E+00  0.1131661602E+06
  0.2966666667E+00  0.1129743092E+06
  0.2969444444E+00  0.1127824588E+06
  0.2972222222E+00  0.1125906074E+06
  0.2975000000E+00  0.1123987561E+06
  0.2977777778E+00  0.1122069057E+06
  0.2980555556E+00  0.1120150543E+06
  0.2983333333E+00  0.1118232030E+06
  0.2986111111E+00  0.1116313525E+06
  0.2988888889E+00  0.1114395014E+06
  0.2991666667E+00  0.1112476501E+06
  0.2994444444E+00  0.1110557987E+06
  0.2997222222E+00  0.1108639484E+06
  0.3000000000E+00  0.1106720970E+06
  0.3002777778E+00  0.1104460369E+06
  0.3005555556E+00  0.1102199757E+06
  0.3008333333E+00  0.1099939142E+06
  0.3011111111E+00  0.1097678540E+06
  0.3013888889E+00  0.1095417929E+06
  0.3016666667E+00  0.1093157328E+06
  0.3019444444E+00  0.1090896713E+06
  0.3022222222E+00  0.1088636102E+06
  0.3025000000E+00  0.1086375500E+06
  0.3027777778E+00  0.1084114889E+06
  0.3030555556E+00  0.1081854283E+06
  0.3033333333E+00  0.1079593672E+06
  0.3036111111E+00  0.1077333061E+06
  0.3038888889E+00  0.1075072459E+06
  0.3041666667E+00  0.1072811845E+06
  0.3044444444E+00  0.1070551243E+06
  0.3047222222E+00  0.1068290632E+06
  0.3050000000E+00  0.1066030021E+06
  0.3052777778E+00  0.1063568791E+06
  0.3055555556E+00  0.1061107565E+06
  0.3058333333E+00  0.1058646337E+06
  0.3061111111E+00  0.1056185111E+06
  0.3063888889E+00  0.1053723883E+06
  0.3066666667E+00  0.1051262647E+06
  0.3069444444E+00  0.1048801418E+06
  0.3072222222E+00  0.1046340193E+06
  0.3075000000E+00  0.1043878964E+06
  0.3077777778E+00  0.1041417739E+06
  0.3080555556E+00  0.1038956510E+06
  0.3083333333E+00  0.1036495274E+06
  0.3086111111E+00  0.1034034046E+06
  0.3088888889E+00  0.1031572820E+06
  0.3091666667E+00  0.1029111592E+06
  0.3094444444E+00  0.1026650366E+06
  0.3097222222E+00  0.1024189136E+06
  0.3100000000E+00  0.1021727902E+06
  0.3102777778E+00  0.1019208168E+06
  0.3105555556E+00  0.1016688421E+06
  0.3108333333E+00  0.1014168676E+06
  0.3111111111E+00  0.1011648933E+06
  0.3113888889E+00  0.1009129189E+06
  0.3116666667E+00  0.1006609445E+06
  0.3119444444E+00  0.1004089699E+06
  0.3122222222E+00  0.1001569955E+06
  0.3125000000E+00  0.9990502103E+05
  0.3127777778E+00  0.9965304667E+05
  0.3130555556E+00  0.9940107298E+05
  0.3133333333E+00  0.9914909862E+05
  0.3136111111E+00  0.9889712426E+05
  0.3138888889E+00  0.9864514990E+05
  0.3141666667E+00  0.9839317544E+05
  0.3144444444E+00  0.9814120074E+05
  0.3147222222E+00  0.9788922638E+05
  0.3150000000E+00  0.9763725202E+05
  0.3152777778E+00  0.9739271349E+05
  0.3155555556E+00  0.9714817364E+05
  0.3158333333E+00  0.9690363511E+05
  0.3161111111E+00  0.9665909525E+05
  0.3163888889E+00  0.9641455662E+05
  0.3166666667E+00  0.9617001710E+05
  0.3169444444E+00  0.9592547824E+05
  0.3172222222E+00  0.9568093871E+05
  0.3175000000E+00  0.9543640019E+05
  0.3177777778E+00  0.9519186033E+05
  0.3180555556E+00  0.9494732181E+05
  0.3183333333E+00  0.9470278228E+05
  0.3186111111E+00  0.9445824343E+05
  0.3188888889E+00  0.9421370390E+05
  0.3191666667E+00  0.9396916527E+05
  0.3194444444E+00  0.9372462541E+05
  0.3197222222E+00  0.9348008589E+05
  0.3200000000E+00  0.9323554736E+05
  0.3202777778E+00  0.9300985077E+05
  0.3205555556E+00  0.9278415318E+05
  0.3208333333E+00  0.9255845693E+05
  0.3211111111E+00  0.9233276033E+05
  0.3213888889E+00  0.9210706319E+05
  0.3216666667E+00  0.9188136660E+05
  0.3219444444E+00  0.9165567035E+05
  0.3222222222E+00  0.9142997374E+05
  0.3225000000E+00  0.9120427649E+05
  0.3227777778E+00  0.9097857990E+05
  0.3230555556E+00  0.9075288331E+05
  0.3233333333E+00  0.9052718605E+05
  0.3236111111E+00  0.9030148946E+05
  0.3238888889E+00  0.9007579321E+05
  0.3241666667E+00  0.8985009562E+05
  0.3244444444E+00  0.8962439936E+05
  0.3247222222E+00  0.8939870277E+05
  0.3250000000E+00  0.8917300528E+05
  0.3252777778E+00  0.8897534014E+05
  0.3255555556E+00  0.8877767399E+05
  0.3258333333E+00  0.8858000862E+05
  0.3261111111E+00  0.8838234247E+05
  0.3263888889E+00  0.8818467600E+05
  0.3266666667E+00  0.8798701096E+05
  0.3269444444E+00  0.8778934447E+05
  0.3272222222E+00  0.8759167832E+05
  0.3275000000E+00  0.8739401329E+05
  0.3277777778E+00  0.8719634681E+05
  0.3280555556E+00  0.8699868066E+05
  0.3283333333E+00  0.8680101528E+05
  0.3286111111E+00  0.8660334913E+05
  0.3288888889E+00  0.8640568266E+05
  0.3291666667E+00  0.8620801762E+05
  0.3294444444E+00  0.8601035147E+05
  0.3297222222E+00  0.8581268499E+05
  0.3300000000E+00  0.8561501996E+05
  0.3302777778E+00  0.8545175958E+05
  0.3305555556E+00  0.8528850054E+05
  0.3308333333E+00  0.8512524037E+05
  0.3311111111E+00  0.8496198099E+05
  0.3313888889E+00  0.8479872095E+05
  0.3316666667E+00  0.8463546190E+05
  0.3319444444E+00  0.8447220153E+05
  0.3322222222E+00  0.8430894248E+05
  0.3325000000E+00  0.8414568244E+05
  0.3327777778E+00  0.8398242306E+05
  0.3330555556E+00  0.8381916302E+05
  0.3333333333E+00  0.8365590398E+05
  0.3336111111E+00  0.8349264360E+05
  0.3338888889E+00  0.8332938456E+05
  0.3341666667E+00  0.8316612551E+05
  0.3344444444E+00  0.8300286502E+05
  0.3347222222E+00  0.8283960598E+05
  0.3350000000E+00  0.8267634593E+05
  0.3352777778E+00  0.8255114366E+05
  0.3355555556E+00  0.8242594250E+05
  0.3358333333E+00  0.8230074022E+05
  0.3361111111E+00  0.8217553863E+05
  0.3363888889E+00  0.8205033635E+05
  0.3366666667E+00  0.8192513508E+05
  0.3369444444E+00  0.8179993292E+05
  0.3372222222E+00  0.8167473065E+05
  0.3375000000E+00  0.8154952938E+05
  0.3377777778E+00  0.8142432711E+05
  0.3380555556E+00  0.8129912595E+05
  0.3383333333E+00  0.8117392368E+05
  0.3386111111E+00  0.8104872241E+05
  0.3388888889E+00  0.8092352014E+05
  0.3391666667E+00  0.8079831787E+05
  0.3394444444E+00  0.8067311671E+05
  0.3397222222E+00  0.8054791410E+05
  0.3400000000E+00  0.8042271283E+05
  0.3402777778E+00  0.8033648557E+05
  0.3405555556E+00  0.8025025943E+05
  0.3408333333E+00  0.8016403317E+05
  0.3411111111E+00  0.8007780603E+05
  0.3413888889E+00  0.7999157977E+05
  0.3416666667E+00  0.7990535363E+05
  0.3419444444E+00  0.7981912636E+05
  0.3422222222E+00  0.7973290022E+05
  0.3425000000E+00  0.7964667397E+05
  0.3427777778E+00  0.7956044682E+05
  0.3430555556E+00  0.7947422056E+05
  0.3433333333E+00  0.7938799442E+05
  0.3436111111E+00  0.7930176717E+05
  0.3438888889E+00  0.7921554091E+05
  0.3441666667E+00  0.7912931477E+05
  0.3444444444E+00  0.7904308750E+05
  0.3447222222E+00  0.7895686136E+05
  0.3450000000E+00  0.7887063510E+05
  0.3452777778E+00  0.7882181995E+05
  0.3455555556E+00  0.7877300468E+05
  0.3458333333E+00  0.7872419007E+05
  0.3461111111E+00  0.7867537481E+05
  0.3463888889E+00  0.7862656065E+05
  0.3466666667E+00  0.7857774538E+05
  0.3469444444E+00  0.7852893111E+05
  0.3472222222E+00  0.7848011585E+05
  0.3475000000E+00  0.7843130169E+05
  0.3477777778E+00  0.7838248642E+05
  0.3480555556E+00  0.7833367215E+05
  0.3483333333E+00  0.7828485699E+05
  0.3486111111E+00  0.7823604140E+05
  0.3488888889E+00  0.7818722713E+05
  0.3491666667E+00  0.7813841186E+05
  0.3494444444E+00  0.7808959770E+05
  0.3497222222E+00  0.7804078243E+05
  0.3500000000E+00  0.7799196816E+05
  0.3502777778E+00  0.7797689210E+05
  0.3505555556E+00  0.7796181647E+05
  0.3508333333E+00  0.7794674039E+05
  0.3511111111E+00  0.7793166432E+05
  0.3513888889E+00  0.7791658836E+05
  0.3516666667E+00  0.7790151261E+05
  0.3519444444E+00  0.7788643653E+05
  0.3522222222E+00  0.7787136058E+05
  0.3525000000E+00  0.7785628583E+05
  0.3527777778E+00  0.7784120976E+05
  0.3530555556E+00  0.7782613368E+05
  0.3533333333E+00  0.7781105806E+05
  0.3536111111E+00  0.7779598198E+05
  0.3538888889E+00  0.7778090590E+05
  0.3541666667E+00  0.7776582993E+05
  0.3544444444E+00  0.7775075420E+05
  0.3547222222E+00  0.7773567812E+05
  0.3550000000E+00  0.7772060216E+05
  0.3552777778E+00  0.7773396794E+05
  0.3555555556E+00  0.7774733383E+05
  0.3558333333E+00  0.7776069838E+05
  0.3561111111E+00  0.7777406416E+05
  0.3563888889E+00  0.7778742970E+05
  0.3566666667E+00  0.7780079459E+05
  0.3569444444E+00  0.7781416015E+05
  0.3572222222E+00  0.7782752593E+05
  0.3575000000E+00  0.7784089048E+05
  0.3577777778E+00  0.7785425637E+05
  0.3580555556E+00  0.7786762215E+05
  0.3583333333E+00  0.7788098670E+05
  0.3586111111E+00  0.7789435259E+05
  0.3588888889E+00  0.7790771814E+05
  0.3591666667E+00  0.7792108292E+05
  0.3594444444E+00  0.7793444847E+05
  0.3597222222E+00  0.7794781436E+05
  0.3600000000E+00  0.7796117925E+05
  0.3602777778E+00  0.7799654063E+05
  0.3605555556E+00  0.7803190245E+05
  0.3608333333E+00  0.7806726316E+05
  0.3611111111E+00  0.7810262499E+05
  0.3613888889E+00  0.7813798681E+05
  0.3616666667E+00  0.7817334718E+05
  0.3619444444E+00  0.7820870901E+05
  0.3622222222E+00  0.7824407083E+05
  0.3625000000E+00  0.7827943255E+05
  0.3627777778E+00  0.7831479336E+05
  0.3630555556E+00  0.7835015485E+05
  0.3633333333E+00  0.7838551657E+05
  0.3636111111E+00  0.7842087739E+05
  0.3638888889E+00  0.7845623921E+05
  0.3641666667E+00  0.7849160093E+05
  0.3644444444E+00  0.7852696142E+05
  0.3647222222E+00  0.7856232324E+05
  0.3650000000E+00  0.7859768495E+05
  0.3652777778E+00  0.7864800846E+05
  0.3655555556E+00  0.7869833119E+05
  0.3658333333E+00  0.7874865470E+05
  0.3661111111E+00  0.7879897810E+05
  0.3663888889E+00  0.7884930194E+05
  0.3666666667E+00  0.7889962534E+05
  0.3669444444E+00  0.7894994785E+05
  0.3672222222E+00  0.7900027158E+05
  0.3675000000E+00  0.7905059498E+05
  0.3677777778E+00  0.7910091849E+05
  0.3680555556E+00  0.7915124222E+05
  0.3683333333E+00  0.7920156574E+05
  0.3686111111E+00  0.7925188813E+05
  0.3688888889E+00  0.7930221164E+05
  0.3691666667E+00  0.7935253538E+05
  0.3694444444E+00  0.7940285889E+05
  0.3697222222E+00  0.7945318228E+05
  0.3700000000E+00  0.7950350502E+05
  0.3702777778E+00  0.7956164177E+05
  0.3705555556E+00  0.7961977777E+05
  0.3708333333E+00  0.7967791452E+05
  0.3711111111E+00  0.7973605050E+05
  0.3713888889E+00  0.7979418715E+05
  0.3716666667E+00  0.7985232324E+05
  0.3719444444E+00  0.7991045989E+05
  0.3722222222E+00  0.7996859598E+05
  0.3725000000E+00  0.8002673296E+05
  0.3727777778E+00  0.8008486861E+05
  0.3730555556E+00  0.8014300570E+05
  0.3733333333E+00  0.8020114134E+05
  0.3736111111E+00  0.8025927844E+05
  0.3738888889E+00  0.8031741409E+05
  0.3741666667E+00  0.8037555107E+05
  0.3744444444E+00  0.8043368682E+05
  0.3747222222E+00  0.8049182280E+05
  0.3750000000E+00  0.8054995946E+05
  0.3752777778E+00  0.8060917609E+05
  0.3755555556E+00  0.8066839273E+05
  0.3758333333E+00  0.8072760892E+05
  0.3761111111E+00  0.8078682556E+05
  0.3763888889E+00  0.8084604176E+05
  0.3766666667E+00  0.8090525840E+05
  0.3769444444E+00  0.8096447504E+05
  0.3772222222E+00  0.8102369123E+05
  0.3775000000E+00  0.8108290786E+05
  0.3777777778E+00  0.8114212439E+05
  0.3780555556E+00  0.8120134069E+05
  0.3783333333E+00  0.8126055733E+05
  0.3786111111E+00  0.8131977353E+05
  0.3788888889E+00  0.8137899017E+05
  0.3791666667E+00  0.8143820670E+05
  0.3794444444E+00  0.8149742300E+05
  0.3797222222E+00  0.8155663964E+05
  0.3800000000E+00  0.8161585616E+05
  0.3802777778E+00  0.8167011098E+05
  0.3805555556E+00  0.8172436669E+05
  0.3808333333E+00  0.8177862252E+05
  0.3811111111E+00  0.8183287857E+05
  0.3813888889E+00  0.8188713438E+05
  0.3816666667E+00  0.8194138909E+05
  0.3819444444E+00  0.8199564491E+05
  0.3822222222E+00  0.8204990096E+05
  0.3825000000E+00  0.8210415678E+05
  0.3827777778E+00  0.8215841248E+05
  0.3830555556E+00  0.8221266731E+05
  0.3833333333E+00  0.8226692335E+05
  0.3836111111E+00  0.8232117918E+05
  0.3838888889E+00  0.8237543489E+05
  0.3841666667E+00  0.8242968970E+05
  0.3844444444E+00  0.8248394574E+05
  0.3847222222E+00  0.8253820157E+05
  0.3850000000E+00  0.8259245728E+05
  0.3852777778E+00  0.8263689962E+05
  0.3855555556E+00  0.8268134197E+05
  0.3858333333E+00  0.8272578397E+05
  0.3861111111E+00  0.8277022620E+05
  0.3863888889E+00  0.8281466854E+05
  0.3866666667E+00  0.8285911087E+05
  0.3869444444E+00  0.8290355388E+05
  0.3872222222E+00  0.8294799611E+05
  0.3875000000E+00  0.8299243845E+05
  0.3877777778E+00  0.8303688046E+05
  0.3880555556E+00  0.8308132280E+05
  0.3883333333E+00  0.8312576515E+05
  0.3886111111E+00  0.8317020738E+05
  0.3888888889E+00  0.8321464938E+05
  0.3891666667E+00  0.8325909172E+05
  0.3894444444E+00  0.8330353507E+05
  0.3897222222E+00  0.8334797696E+05
  0.3900000000E+00  0.8339241930E+05
  0.3902777778E+00  0.8342336676E+05
  0.3905555556E+00  0.8345431487E+05
  0.3908333333E+00  0.8348526189E+05
  0.3911111111E+00  0.8351621034E+05
  0.3913888889E+00  0.8354715846E+05
  0.3916666667E+00  0.8357810558E+05
  0.3919444444E+00  0.8360905404E+05
  0.3922222222E+00  0.8364000104E+05
  0.3925000000E+00  0.8367094917E+05
  0.3927777778E+00  0.8370189662E+05
  0.3930555556E+00  0.8373284474E+05
  0.3933333333E+00  0.8376379186E+05
  0.3936111111E+00  0.8379474021E+05
  0.3938888889E+00  0.8382568732E+05
  0.3941666667E+00  0.8385663544E+05
  0.3944444444E+00  0.8388758390E+05
  0.3947222222E+00  0.8391853090E+05
  0.3950000000E+00  0.8394947902E+05
  0.3952777778E+00  0.8396474399E+05
  0.3955555556E+00  0.8398000985E+05
  0.3958333333E+00  0.8399527581E+05
  0.3961111111E+00  0.8401054067E+05
  0.3963888889E+00  0.8402580664E+05
  0.3966666667E+00  0.8404107260E+05
  0.3969444444E+00  0.8405633779E+05
  0.3972222222E+00  0.8407160376E+05
  0.3975000000E+00  0.8408686961E+05
  0.3977777778E+00  0.8410213458E+05
  0.3980555556E+00  0.8411740043E+05
  0.3983333333E+00  0.8413266640E+05
  0.3986111111E+00  0.8414793137E+05
  0.3988888889E+00  0.8416319722E+05
  0.3991666667E+00  0.8417846319E+05
  0.3994444444E+00  0.8419372904E+05
  0.3997222222E+00  0.8420899401E+05
  0.4000000000E+00  0.8422425987E+05
  0.4002777778E+00  0.8422301298E+05
  0.4005555556E+00  0.8422176708E+05
  0.4008333333E+00  0.8422052019E+05
  0.4011111111E+00  0.8421927465E+05
  0.4013888889E+00  0.8421802776E+05
  0.4016666667E+00  0.8421678187E+05
  0.4019444444E+00  0.8421553498E+05
  0.4022222222E+00  0.8421428908E+05
  0.4025000000E+00  0.8421304219E+05
  0.4027777778E+00  0.8421179565E+05
  0.4030555556E+00  0.8421054964E+05
  0.4033333333E+00  0.8420930276E+05
  0.4036111111E+00  0.8420805687E+05
  0.4038888889E+00  0.8420680997E+05
  0.4041666667E+00  0.8420556408E+05
  0.4044444444E+00  0.8420431754E+05
  0.4047222222E+00  0.8420307165E+05
  0.4050000000E+00  0.8420182476E+05
  0.4052777778E+00  0.8418459517E+05
  0.4055555556E+00  0.8416736458E+05
  0.4058333333E+00  0.8415013432E+05
  0.4061111111E+00  0.8413290473E+05
  0.4063888889E+00  0.8411567403E+05
  0.4066666667E+00  0.8409844345E+05
  0.4069444444E+00  0.8408121386E+05
  0.4072222222E+00  0.8406398361E+05
  0.4075000000E+00  0.8404675302E+05
  0.4077777778E+00  0.8402952343E+05
  0.4080555556E+00  0.8401229284E+05
  0.4083333333E+00  0.8399506258E+05
  0.4086111111E+00  0.8397783299E+05
  0.4088888889E+00  0.8396060241E+05
  0.4091666667E+00  0.8394337183E+05
  0.4094444444E+00  0.8392614224E+05
  0.4097222222E+00  0.8390891198E+05
  0.4100000000E+00  0.8389168128E+05
  0.4102777778E+00  0.8386015345E+05
  0.4105555556E+00  0.8382862663E+05
  0.4108333333E+00  0.8379709881E+05
  0.4111111111E+00  0.8376557131E+05
  0.4113888889E+00  0.8373404338E+05
  0.4116666667E+00  0.8370251555E+05
  0.4119444444E+00  0.8367098773E+05
  0.4122222222E+00  0.8363946024E+05
  0.4125000000E+00  0.8360793241E+05
  0.4127777778E+00  0.8357640448E+05
  0.4130555556E+00  0.8354487765E+05
  0.4133333333E+00  0.8351334983E+05
  0.4136111111E+00  0.8348182235E+05
  0.4138888889E+00  0.8345029451E+05
  0.4141666667E+00  0.8341876658E+05
  0.4144444444E+00  0.8338723875E+05
  0.4147222222E+00  0.8335571093E+05
  0.4150000000E+00  0.8332418343E+05
  0.4152777778E+00  0.8328096494E+05
  0.4155555556E+00  0.8323774744E+05
  0.4158333333E+00  0.8319452928E+05
  0.4161111111E+00  0.8315131079E+05
  0.4163888889E+00  0.8310809229E+05
  0.4166666667E+00  0.8306487413E+05
  0.4169444444E+00  0.8302165563E+05
  0.4172222222E+00  0.8297843814E+05
  0.4175000000E+00  0.8293521998E+05
  0.4177777778E+00  0.8289200148E+05
  0.4180555556E+00  0.8284878298E+05
  0.4183333333E+00  0.8280556482E+05
  0.4186111111E+00  0.8276234633E+05
  0.4188888889E+00  0.8271912883E+05
  0.4191666667E+00  0.8267591067E+05
  0.4194444444E+00  0.8263269217E+05
  0.4197222222E+00  0.8258947368E+05
  0.4200000000E+00  0.8254625552E+05
  0.4202777778E+00  0.8249462348E+05
  0.4205555556E+00  0.8244299089E+05
  0.4208333333E+00  0.8239135787E+05
  0.4211111111E+00  0.8233972594E+05
  0.4213888889E+00  0.8228809324E+05
  0.4216666667E+00  0.8223646132E+05
  0.4219444444E+00  0.8218482828E+05
  0.4222222222E+00  0.8213319558E+05
  0.4225000000E+00  0.8208156365E+05
  0.4227777778E+00  0.8202993063E+05
  0.4230555556E+00  0.8197829904E+05
  0.4233333333E+00  0.8192666600E+05
  0.4236111111E+00  0.8187503307E+05
  0.4238888889E+00  0.8182340137E+05
  0.4241666667E+00  0.8177176845E+05
  0.4244444444E+00  0.8172013674E+05
  0.4247222222E+00  0.8166850383E+05
  0.4250000000E+00  0.8161687080E+05
  0.4252777778E+00  0.8156045341E+05
  0.4255555556E+00  0.8150403570E+05
  0.4258333333E+00  0.8144761832E+05
  0.4261111111E+00  0.8139120062E+05
  0.4263888889E+00  0.8133478323E+05
  0.4266666667E+00  0.8127836541E+05
  0.4269444444E+00  0.8122194803E+05
  0.4272222222E+00  0.8116553031E+05
  0.4275000000E+00  0.8110911261E+05
  0.4277777778E+00  0.8105269523E+05
  0.4280555556E+00  0.8099627751E+05
  0.4283333333E+00  0.8093985913E+05
  0.4286111111E+00  0.8088344142E+05
  0.4288888889E+00  0.8082702405E+05
  0.4291666667E+00  0.8077060633E+05
  0.4294444444E+00  0.8071418884E+05
  0.4297222222E+00  0.8065777112E+05
  0.4300000000E+00  0.8060135374E+05
  0.4302777778E+00  0.8054383414E+05
  0.4305555556E+00  0.8048631587E+05
  0.4308333333E+00  0.8042879627E+05
  0.4311111111E+00  0.8037127799E+05
  0.4313888889E+00  0.8031375840E+05
  0.4316666667E+00  0.8025624012E+05
  0.4319444444E+00  0.8019872051E+05
  0.4322222222E+00  0.8014120225E+05
  0.4325000000E+00  0.8008368253E+05
  0.4327777778E+00  0.8002616426E+05
  0.4330555556E+00  0.7996864465E+05
  0.4333333333E+00  0.7991112539E+05
  0.4336111111E+00  0.7985360678E+05
  0.4338888889E+00  0.7979608751E+05
  0.4341666667E+00  0.7973856890E+05
  0.4344444444E+00  0.7968104963E+05
  0.4347222222E+00  0.7962353103E+05
  0.4350000000E+00  0.7956601176E+05
  0.4352777778E+00  0.7951083894E+05
  0.4355555556E+00  0.7945566589E+05
  0.4358333333E+00  0.7940049318E+05
  0.4361111111E+00  0.7934532037E+05
  0.4363888889E+00  0.7929014766E+05
  0.4366666667E+00  0.7923497450E+05
  0.4369444444E+00  0.7917980180E+05
  0.4372222222E+00  0.7912462808E+05
  0.4375000000E+00  0.7906945494E+05
  0.4377777778E+00  0.7901428222E+05
  0.4380555556E+00  0.7895910940E+05
  0.4383333333E+00  0.7890393670E+05
  0.4386111111E+00  0.7884876354E+05
  0.4388888889E+00  0.7879359083E+05
  0.4391666667E+00  0.7873841813E+05
  0.4394444444E+00  0.7868324497E+05
  0.4397222222E+00  0.7862807196E+05
  0.4400000000E+00  0.7857289904E+05
  0.4402777778E+00  0.7852305606E+05
  0.4405555556E+00  0.7847321298E+05
  0.4408333333E+00  0.7842337033E+05
  0.4411111111E+00  0.7837352735E+05
  0.4413888889E+00  0.7832368437E+05
  0.4416666667E+00  0.7827384161E+05
  0.4419444444E+00  0.7822399863E+05
  0.4422222222E+00  0.7817415555E+05
  0.4425000000E+00  0.7812431257E+05
  0.4427777778E+00  0.7807446993E+05
  0.4430555556E+00  0.7802462694E+05
  0.4433333333E+00  0.7797478384E+05
  0.4436111111E+00  0.7792494120E+05
  0.4438888889E+00  0.7787509812E+05
  0.4441666667E+00  0.7782525513E+05
  0.4444444444E+00  0.7777541216E+05
  0.4447222222E+00  0.7772556951E+05
  0.4450000000E+00  0.7767572642E+05
  0.4452777778E+00  0.7763348060E+05
  0.4455555556E+00  0.7759123492E+05
  0.4458333333E+00  0.7754898910E+05
  0.4461111111E+00  0.7750674319E+05
  0.4463888889E+00  0.7746449772E+05
  0.4466666667E+00  0.7742225169E+05
  0.4469444444E+00  0.7738000622E+05
  0.4472222222E+00  0.7733776030E+05
  0.4475000000E+00  0.7729551437E+05
  0.4477777778E+00  0.7725326890E+05
  0.4480555556E+00  0.7721102288E+05
  0.4483333333E+00  0.7716877706E+05
  0.4486111111E+00  0.7712653148E+05
  0.4488888889E+00  0.7708428566E+05
  0.4491666667E+00  0.7704203965E+05
  0.4494444444E+00  0.7699979406E+05
  0.4497222222E+00  0.7695754825E+05
  0.4500000000E+00  0.7691530266E+05
  0.4502777778E+00  0.7688212389E+05
  0.4505555556E+00  0.7684894544E+05
  0.4508333333E+00  0.7681576666E+05
  0.4511111111E+00  0.7678258810E+05
  0.4513888889E+00  0.7674940965E+05
  0.4516666667E+00  0.7671623099E+05
  0.4519444444E+00  0.7668305244E+05
  0.4522222222E+00  0.7664987398E+05
  0.4525000000E+00  0.7661669521E+05
  0.4527777778E+00  0.7658351665E+05
  0.4530555556E+00  0.7655033798E+05
  0.4533333333E+00  0.7651715952E+05
  0.4536111111E+00  0.7648398098E+05
  0.4538888889E+00  0.7645080219E+05
  0.4541666667E+00  0.7641762374E+05
  0.4544444444E+00  0.7638444498E+05
  0.4547222222E+00  0.7635126652E+05
  0.4550000000E+00  0.7631808807E+05
  0.4552777778E+00  0.7629458242E+05
  0.4555555556E+00  0.7627107698E+05
  0.4558333333E+00  0.7624757131E+05
  0.4561111111E+00  0.7622406588E+05
  0.4563888889E+00  0.7620056022E+05
  0.4566666667E+00  0.7617705478E+05
  0.4569444444E+00  0.7615354912E+05
  0.4572222222E+00  0.7613004369E+05
  0.4575000000E+00  0.7610653837E+05
  0.4577777778E+00  0.7608303270E+05
  0.4580555556E+00  0.7605952727E+05
  0.4583333333E+00  0.7603602161E+05
  0.4586111111E+00  0.7601251617E+05
  0.4588888889E+00  0.7598901051E+05
  0.4591666667E+00  0.7596550508E+05
  0.4594444444E+00  0.7594199943E+05
  0.4597222222E+00  0.7591849398E+05
  0.4600000000E+00  0.7589498832E+05
  0.4602777778E+00  0.7588087911E+05
  0.4605555556E+00  0.7586676957E+05
  0.4608333333E+00  0.7585266002E+05
  0.4611111111E+00  0.7583855048E+05
  0.4613888889E+00  0.7582444137E+05
  0.4616666667E+00  0.7581033173E+05
  0.4619444444E+00  0.7579622228E+05
  0.4622222222E+00  0.7578211263E+05
  0.4625000000E+00  0.7576800353E+05
  0.4627777778E+00  0.7575389387E+05
  0.4630555556E+00  0.7573978443E+05
  0.4633333333E+00  0.7572567478E+05
  0.4636111111E+00  0.7571156535E+05
  0.4638888889E+00  0.7569745614E+05
  0.4641666667E+00  0.7568334659E+05
  0.4644444444E+00  0.7566923705E+05
  0.4647222222E+00  0.7565512749E+05
  0.4650000000E+00  0.7564101839E+05
  0.4652777778E+00  0.7563522977E+05
  0.4655555556E+00  0.7562944148E+05
  0.4658333333E+00  0.7562365286E+05
  0.4661111111E+00  0.7561786467E+05
  0.4663888889E+00  0.7561207639E+05
  0.4666666667E+00  0.7560628777E+05
  0.4669444444E+00  0.7560049948E+05
  0.4672222222E+00  0.7559471097E+05
  0.4675000000E+00  0.7558892268E+05
  0.4677777778E+00  0.7558313439E+05
  0.4680555556E+00  0.7557734577E+05
  0.4683333333E+00  0.7557155748E+05
  0.4686111111E+00  0.7556576930E+05
  0.4688888889E+00  0.7555998068E+05
  0.4691666667E+00  0.7555419239E+05
  0.4694444444E+00  0.7554840377E+05
  0.4697222222E+00  0.7554261559E+05
  0.4700000000E+00  0.7553682730E+05
  0.4702777778E+00  0.7553761085E+05
  0.4705555556E+00  0.7553839461E+05
  0.4708333333E+00  0.7553917849E+05
  0.4711111111E+00  0.7553996204E+05
  0.4713888889E+00  0.7554074592E+05
  0.4716666667E+00  0.7554152980E+05
  0.4719444444E+00  0.7554231333E+05
  0.4722222222E+00  0.7554309721E+05
  0.4725000000E+00  0.7554388109E+05
  0.4727777778E+00  0.7554466497E+05
  0.4730555556E+00  0.7554544840E+05
  0.4733333333E+00  0.7554623228E+05
  0.4736111111E+00  0.7554701616E+05
  0.4738888889E+00  0.7554779981E+05
  0.4741666667E+00  0.7554858368E+05
  0.4744444444E+00  0.7554936745E+05
  0.4747222222E+00  0.7555015099E+05
  0.4750000000E+00  0.7555093488E+05
  0.4752777778E+00  0.7555606226E+05
  0.4755555556E+00  0.7556118956E+05
  0.4758333333E+00  0.7556631685E+05
  0.4761111111E+00  0.7557144425E+05
  0.4763888889E+00  0.7557657165E+05
  0.4766666667E+00  0.7558169904E+05
  0.4769444444E+00  0.7558682633E+05
  0.4772222222E+00  0.7559195371E+05
  0.4775000000E+00  0.7559708101E+05
  0.4777777778E+00  0.7560220840E+05
  0.4780555556E+00  0.7560733570E+05
  0.4783333333E+00  0.7561246298E+05
  0.4786111111E+00  0.7561759038E+05
  0.4788888889E+00  0.7562271778E+05
  0.4791666667E+00  0.7562784518E+05
  0.4794444444E+00  0.7563297246E+05
  0.4797222222E+00  0.7563809953E+05
  0.4800000000E+00  0.7564322681E+05
  0.4802777778E+00  0.7565016357E+05
  0.4805555556E+00  0.7565710024E+05
  0.4808333333E+00  0.7566403667E+05
  0.4811111111E+00  0.7567097334E+05
  0.4813888889E+00  0.7567791010E+05
  0.4816666667E+00  0.7568484633E+05
  0.4819444444E+00  0.7569178309E+05
  0.4822222222E+00  0.7569871976E+05
  0.4825000000E+00  0.7570565652E+05
  0.4827777778E+00  0.7571259296E+05
  0.4830555556E+00  0.7571952962E+05
  0.4833333333E+00  0.7572646638E+05
  0.4836111111E+00  0.7573340272E+05
  0.4838888889E+00  0.7574033948E+05
  0.4841666667E+00  0.7574727615E+05
  0.4844444444E+00  0.7575421258E+05
  0.4847222222E+00  0.7576114914E+05
  0.4850000000E+00  0.7576808590E+05
  0.4852777778E+00  0.7577424703E+05
  0.4855555556E+00  0.7578040836E+05
  0.4858333333E+00  0.7578656949E+05
  0.4861111111E+00  0.7579273071E+05
  0.4863888889E+00  0.7579889184E+05
  0.4866666667E+00  0.7580505340E+05
  0.4869444444E+00  0.7581121453E+05
  0.4872222222E+00  0.7581737577E+05
  0.4875000000E+00  0.7582353699E+05
  0.4877777778E+00  0.7582969811E+05
  0.4880555556E+00  0.7583585934E+05
  0.4883333333E+00  0.7584202080E+05
  0.4886111111E+00  0.7584818203E+05
  0.4888888889E+00  0.7585434315E+05
  0.4891666667E+00  0.7586050440E+05
  0.4894444444E+00  0.7586666562E+05
  0.4897222222E+00  0.7587282674E+05
  0.4900000000E+00  0.7587898830E+05
  0.4902777778E+00  0.7588192678E+05
  0.4905555556E+00  0.7588486503E+05
  0.4908333333E+00  0.7588780350E+05
  0.4911111111E+00  0.7589074197E+05
  0.4913888889E+00  0.7589368032E+05
  0.4916666667E+00  0.7589661870E+05
  0.4919444444E+00  0.7589955717E+05
  0.4922222222E+00  0.7590249552E+05
  0.4925000000E+00  0.7590543400E+05
  0.4927777778E+00  0.7590837226E+05
  0.4930555556E+00  0.7591131072E+05
  0.4933333333E+00  0.7591424919E+05
  0.4936111111E+00  0.7591718755E+05
  0.4938888889E+00  0.7592012592E+05
  0.4941666667E+00  0.7592306439E+05
  0.4944444444E+00  0.7592600275E+05
  0.4947222222E+00  0.7592894121E+05
  0.4950000000E+00  0.7593187959E+05
