  0.1027777778E-01  0.2257518315E+08
  0.1055555556E-01  0.2254895147E+08
  0.1083333333E-01  0.2252271945E+08
  0.1111111111E-01  0.2249648733E+08
  0.1138888889E-01  0.2247025521E+08
  0.1166666667E-01  0.2244402309E+08
  0.1194444444E-01  0.2241779106E+08
  0.1222222222E-01  0.2239155905E+08
  0.1250000000E-01  0.2236532693E+08
  0.1277777778E-01  0.2233909514E+08
  0.1305555556E-01  0.2231286301E+08
  0.1333333333E-01  0.2228663111E+08
  0.1361111111E-01  0.2226039898E+08
  0.1388888889E-01  0.2223416685E+08
  0.1416666667E-01  0.2220793474E+08
  0.1444444444E-01  0.2218170272E+08
  0.1472222222E-01  0.2215547070E+08
  0.1500000000E-01  0.2212923890E+08
  0.1527777778E-01  0.2209339931E+08
  0.1555555556E-01  0.2205755948E+08
  0.1583333333E-01  0.2202171988E+08
  0.1611111111E-01  0.2198588017E+08
  0.1638888889E-01  0.2195004068E+08
  0.1666666667E-01  0.2191420108E+08
  0.1694444444E-01  0.2187836148E+08
  0.1722222222E-01  0.2184252198E+08
  0.1750000000E-01  0.2180668228E+08
  0.1777777778E-01  0.2177084277E+08
  0.1805555556E-01  0.2173500317E+08
  0.1833333333E-01  0.2169916358E+08
  0.1861111111E-01  0.2166332409E+08
  0.1888888889E-01  0.2162748437E+08
  0.1916666667E-01  0.2159164487E+08
  0.1944444444E-01  0.2155580527E+08
  0.1972222222E-01  0.2151996567E+08
  0.2000000000E-01  0.2148412618E+08
  0.2027777778E-01  0.2143950737E+08
  0.2055555556E-01  0.2139488857E+08
  0.2083333333E-01  0.2135027011E+08
  0.2111111111E-01  0.2130565130E+08
  0.2138888889E-01  0.2126103294E+08
  0.2166666667E-01  0.2121641402E+08
  0.2194444444E-01  0.2117179555E+08
  0.2222222222E-01  0.2112717675E+08
  0.2250000000E-01  0.2108255839E+08
  0.2277777778E-01  0.2103793958E+08
  0.2305555556E-01  0.2099332078E+08
  0.2333333333E-01  0.2094870232E+08
  0.2361111111E-01  0.2090408351E+08
  0.2388888889E-01  0.2085946514E+08
  0.2416666667E-01  0.2081484634E+08
  0.2444444444E-01  0.2077022787E+08
  0.2472222222E-01  0.2072560907E+08
  0.2500000000E-01  0.2068099061E+08
  0.2527777778E-01  0.2062861930E+08
  0.2555555556E-01  0.2057624844E+08
  0.2583333333E-01  0.2052387715E+08
  0.2611111111E-01  0.2047150618E+08
  0.2638888889E-01  0.2041913487E+08
  0.2666666667E-01  0.2036676390E+08
  0.2694444444E-01  0.2031439261E+08
  0.2722222222E-01  0.2026202164E+08
  0.2750000000E-01  0.2020965078E+08
  0.2777777778E-01  0.2015727949E+08
  0.2805555556E-01  0.2010490862E+08
  0.2833333333E-01  0.2005253732E+08
  0.2861111111E-01  0.2000016635E+08
  0.2888888889E-01  0.1994779505E+08
  0.2916666667E-01  0.1989542408E+08
  0.2944444444E-01  0.1984305278E+08
  0.2972222222E-01  0.1979068193E+08
  0.3000000000E-01  0.1973831096E+08
  0.3027777778E-01  0.1967937170E+08
  0.3055555556E-01  0.1962043278E+08
  0.3083333333E-01  0.1956149353E+08
  0.3111111111E-01  0.1950255448E+08
  0.3138888889E-01  0.1944361557E+08
  0.3166666667E-01  0.1938467630E+08
  0.3194444444E-01  0.1932573738E+08
  0.3222222222E-01  0.1926679845E+08
  0.3250000000E-01  0.1920785920E+08
  0.3277777778E-01  0.1914892038E+08
  0.3305555556E-01  0.1908998145E+08
  0.3333333333E-01  0.1903104220E+08
  0.3361111111E-01  0.1897210327E+08
  0.3388888889E-01  0.1891316435E+08
  0.3416666667E-01  0.1885422509E+08
  0.3444444444E-01  0.1879528617E+08
  0.3472222222E-01  0.1873634725E+08
  0.3500000000E-01  0.1867740788E+08
  0.3527777778E-01  0.1861317786E+08
  0.3555555556E-01  0.1854894742E+08
  0.3583333333E-01  0.1848471696E+08
  0.3611111111E-01  0.1842048650E+08
  0.3638888889E-01  0.1835625606E+08
  0.3666666667E-01  0.1829202560E+08
  0.3694444444E-01  0.1822779514E+08
  0.3722222222E-01  0.1816356503E+08
  0.3750000000E-01  0.1809933457E+08
  0.3777777778E-01  0.1803510411E+08
  0.3805555556E-01  0.1797087367E+08
  0.3833333333E-01  0.1790664322E+08
  0.3861111111E-01  0.1784241275E+08
  0.3888888889E-01  0.1777818230E+08
  0.3916666667E-01  0.1771395229E+08
  0.3944444444E-01  0.1764972172E+08
  0.3972222222E-01  0.1758549128E+08
  0.4000000000E-01  0.1752126093E+08
  0.4027777778E-01  0.1745309532E+08
  0.4055555556E-01  0.1738493015E+08
  0.4083333333E-01  0.1731676463E+08
  0.4111111111E-01  0.1724859946E+08
  0.4138888889E-01  0.1718043406E+08
  0.4166666667E-01  0.1711226878E+08
  0.4194444444E-01  0.1704410327E+08
  0.4222222222E-01  0.1697593810E+08
  0.4250000000E-01  0.1690777292E+08
  0.4277777778E-01  0.1683960741E+08
  0.4305555556E-01  0.1677144214E+08
  0.4333333333E-01  0.1670327663E+08
  0.4361111111E-01  0.1663511157E+08
  0.4388888889E-01  0.1656694605E+08
  0.4416666667E-01  0.1649878078E+08
  0.4444444444E-01  0.1643061527E+08
  0.4472222222E-01  0.1636245009E+08
  0.4500000000E-01  0.1629428458E+08
  0.4527777778E-01  0.1622355869E+08
  0.4555555556E-01  0.1615283237E+08
  0.4583333333E-01  0.1608210649E+08
  0.4611111111E-01  0.1601138061E+08
  0.4638888889E-01  0.1594065438E+08
  0.4666666667E-01  0.1586992849E+08
  0.4694444444E-01  0.1579920251E+08
  0.4722222222E-01  0.1572847628E+08
  0.4750000000E-01  0.1565775040E+08
  0.4777777778E-01  0.1558702441E+08
  0.4805555556E-01  0.1551629818E+08
  0.4833333333E-01  0.1544557230E+08
  0.4861111111E-01  0.1537484631E+08
  0.4888888889E-01  0.1530412009E+08
  0.4916666667E-01  0.1523339420E+08
  0.4944444444E-01  0.1516266821E+08
  0.4972222222E-01  0.1509194243E+08
  0.5000000000E-01  0.1502121621E+08
  0.5027777778E-01  0.1494928195E+08
  0.5055555556E-01  0.1487734768E+08
  0.5083333333E-01  0.1480541342E+08
  0.5111111111E-01  0.1473347951E+08
  0.5138888889E-01  0.1466154524E+08
  0.5166666667E-01  0.1458961098E+08
  0.5194444444E-01  0.1451767672E+08
  0.5222222222E-01  0.1444574257E+08
  0.5250000000E-01  0.1437380831E+08
  0.5277777778E-01  0.1430187404E+08
  0.5305555556E-01  0.1422993989E+08
  0.5333333333E-01  0.1415800563E+08
  0.5361111111E-01  0.1408607137E+08
  0.5388888889E-01  0.1401413710E+08
  0.5416666667E-01  0.1394220329E+08
  0.5444444444E-01  0.1387026903E+08
  0.5472222222E-01  0.1379833476E+08
  0.5500000000E-01  0.1372640050E+08
  0.5527777778E-01  0.1365454708E+08
  0.5555555556E-01  0.1358269365E+08
  0.5583333333E-01  0.1351084012E+08
  0.5611111111E-01  0.1343898680E+08
  0.5638888889E-01  0.1336713327E+08
  0.5666666667E-01  0.1329527983E+08
  0.5694444444E-01  0.1322342641E+08
  0.5722222222E-01  0.1315157298E+08
  0.5750000000E-01  0.1307971945E+08
  0.5777777778E-01  0.1300786647E+08
  0.5805555556E-01  0.1293601293E+08
  0.5833333333E-01  0.1286415950E+08
  0.5861111111E-01  0.1279230597E+08
  0.5888888889E-01  0.1272045265E+08
  0.5916666667E-01  0.1264859912E+08
  0.5944444444E-01  0.1257674568E+08
  0.5972222222E-01  0.1250489230E+08
  0.6000000000E-01  0.1243303890E+08
  0.6027777778E-01  0.1236246226E+08
  0.6055555556E-01  0.1229188562E+08
  0.6083333333E-01  0.1222130898E+08
  0.6111111111E-01  0.1215073238E+08
  0.6138888889E-01  0.1208015574E+08
  0.6166666667E-01  0.1200957921E+08
  0.6194444444E-01  0.1193900257E+08
  0.6222222222E-01  0.1186842593E+08
  0.6250000000E-01  0.1179784930E+08
  0.6277777778E-01  0.1172727266E+08
  0.6305555556E-01  0.1165669605E+08
  0.6333333333E-01  0.1158611941E+08
  0.6361111111E-01  0.1151554278E+08
  0.6388888889E-01  0.1144496614E+08
  0.6416666667E-01  0.1137438960E+08
  0.6444444444E-01  0.1130381296E+08
  0.6472222222E-01  0.1123323636E+08
  0.6500000000E-01  0.1116265972E+08
  0.6527777778E-01  0.1109442495E+08
  0.6555555556E-01  0.1102619018E+08
  0.6583333333E-01  0.1095795532E+08
  0.6611111111E-01  0.1088972044E+08
  0.6638888889E-01  0.1082148567E+08
  0.6666666667E-01  0.1075325091E+08
  0.6694444444E-01  0.1068501603E+08
  0.6722222222E-01  0.1061678126E+08
  0.6750000000E-01  0.1054854646E+08
  0.6777777778E-01  0.1048031166E+08
  0.6805555556E-01  0.1041207685E+08
  0.6833333333E-01  0.1034384204E+08
  0.6861111111E-01  0.1027560718E+08
  0.6888888889E-01  0.1020737238E+08
  0.6916666667E-01  0.1013913758E+08
  0.6944444444E-01  0.1007090278E+08
  0.6972222222E-01  0.1000266798E+08
  0.7000000000E-01  0.9934433176E+07
  0.7027777778E-01  0.9869456202E+07
  0.7055555556E-01  0.9804479369E+07
  0.7083333333E-01  0.9739502407E+07
  0.7111111111E-01  0.9674525473E+07
  0.7138888889E-01  0.9609548533E+07
  0.7166666667E-01  0.9544571671E+07
  0.7194444444E-01  0.9479594738E+07
  0.7222222222E-01  0.9414617775E+07
  0.7250000000E-01  0.9349640932E+07
  0.7277777778E-01  0.9284663968E+07
  0.7305555556E-01  0.9219687036E+07
  0.7333333333E-01  0.9154710174E+07
  0.7361111111E-01  0.9089733234E+07
  0.7388888889E-01  0.9024756267E+07
  0.7416666667E-01  0.8959779338E+07
  0.7444444444E-01  0.8894802472E+07
  0.7472222222E-01  0.8829825531E+07
  0.7500000000E-01  0.8764848565E+07
  0.7527777778E-01  0.8703875562E+07
  0.7555555556E-01  0.8642902437E+07
  0.7583333333E-01  0.8581929301E+07
  0.7611111111E-01  0.8520956261E+07
  0.7638888889E-01  0.8459983135E+07
  0.7666666667E-01  0.8399010132E+07
  0.7694444444E-01  0.8338036992E+07
  0.7722222222E-01  0.8277063867E+07
  0.7750000000E-01  0.8216090831E+07
  0.7777777778E-01  0.8155117691E+07
  0.7805555556E-01  0.8094144599E+07
  0.7833333333E-01  0.8033171563E+07
  0.7861111111E-01  0.7972198424E+07
  0.7888888889E-01  0.7911225298E+07
  0.7916666667E-01  0.7850252260E+07
  0.7944444444E-01  0.7789279156E+07
  0.7972222222E-01  0.7728306129E+07
  0.8000000000E-01  0.7667332992E+07
  0.8027777778E-01  0.7610936294E+07
  0.8055555556E-01  0.7554539596E+07
  0.8083333333E-01  0.7498142965E+07
  0.8111111111E-01  0.7441746267E+07
  0.8138888889E-01  0.7385349570E+07
  0.8166666667E-01  0.7328952838E+07
  0.8194444444E-01  0.7272556140E+07
  0.8222222222E-01  0.7216159543E+07
  0.8250000000E-01  0.7159762845E+07
  0.8277777778E-01  0.7103366114E+07
  0.8305555556E-01  0.7046969416E+07
  0.8333333333E-01  0.6990572818E+07
  0.8361111111E-01  0.6934176087E+07
  0.8388888889E-01  0.6877779389E+07
  0.8416666667E-01  0.6821382691E+07
  0.8444444444E-01  0.6764985993E+07
  0.8472222222E-01  0.6708589362E+07
  0.8500000000E-01  0.6652192663E+07
  0.8527777778E-01  0.6600764619E+07
  0.8555555556E-01  0.6549336519E+07
  0.8583333333E-01  0.6497908474E+07
  0.8611111111E-01  0.6446480474E+07
  0.8638888889E-01  0.6395052429E+07
  0.8666666667E-01  0.6343624295E+07
  0.8694444444E-01  0.6292196284E+07
  0.8722222222E-01  0.6240768250E+07
  0.8750000000E-01  0.6189340239E+07
  0.8777777778E-01  0.6137912205E+07
  0.8805555556E-01  0.6086484060E+07
  0.8833333333E-01  0.6035056061E+07
  0.8861111111E-01  0.5983628016E+07
  0.8888888889E-01  0.5932200016E+07
  0.8916666667E-01  0.5880771871E+07
  0.8944444444E-01  0.5829343837E+07
  0.8972222222E-01  0.5777915825E+07
  0.9000000000E-01  0.5726487781E+07
  0.9027777778E-01  0.5680249396E+07
  0.9055555556E-01  0.5634010910E+07
  0.9083333333E-01  0.5587772548E+07
  0.9111111111E-01  0.5541534163E+07
  0.9138888889E-01  0.5495295767E+07
  0.9166666667E-01  0.5449057382E+07
  0.9194444444E-01  0.5402818986E+07
  0.9222222222E-01  0.5356580614E+07
  0.9250000000E-01  0.5310342218E+07
  0.9277777778E-01  0.5264103813E+07
  0.9305555556E-01  0.5217865407E+07
  0.9333333333E-01  0.5171627012E+07
  0.9361111111E-01  0.5125388640E+07
  0.9388888889E-01  0.5079150244E+07
  0.9416666667E-01  0.5032911839E+07
  0.9444444444E-01  0.4986673443E+07
  0.9472222222E-01  0.4940435037E+07
  0.9500000000E-01  0.4894196642E+07
  0.9527777778E-01  0.4853207690E+07
  0.9555555556E-01  0.4812218749E+07
  0.9583333333E-01  0.4771229797E+07
  0.9611111111E-01  0.4730240845E+07
  0.9638888889E-01  0.4689251893E+07
  0.9666666667E-01  0.4648262952E+07
  0.9694444444E-01  0.4607274000E+07
  0.9722222222E-01  0.4566285048E+07
  0.9750000000E-01  0.4525296107E+07
  0.9777777778E-01  0.4484307165E+07
  0.9805555556E-01  0.4443318213E+07
  0.9833333333E-01  0.4402329273E+07
  0.9861111111E-01  0.4361340321E+07
  0.9888888889E-01  0.4320351369E+07
  0.9916666667E-01  0.4279362416E+07
  0.9944444444E-01  0.4238373475E+07
  0.9972222222E-01  0.4197384523E+07
  0.1000000000E+00  0.4156395571E+07
  0.1002777778E+00  0.4120568734E+07
  0.1005555556E+00  0.4084741885E+07
  0.1008333333E+00  0.4048915036E+07
  0.1011111111E+00  0.4013088233E+07
  0.1013888889E+00  0.3977261384E+07
  0.1016666667E+00  0.3941434546E+07
  0.1019444444E+00  0.3905607697E+07
  0.1022222222E+00  0.3869780849E+07
  0.1025000000E+00  0.3833954011E+07
  0.1027777778E+00  0.3798127162E+07
  0.1030555556E+00  0.3762300324E+07
  0.1033333333E+00  0.3726473477E+07
  0.1036111111E+00  0.3690646661E+07
  0.1038888889E+00  0.3654819823E+07
  0.1041666667E+00  0.3618992975E+07
  0.1044444444E+00  0.3583166137E+07
  0.1047222222E+00  0.3547339288E+07
  0.1050000000E+00  0.3511512440E+07
  0.1052777778E+00  0.3480639461E+07
  0.1055555556E+00  0.3449766461E+07
  0.1058333333E+00  0.3418893472E+07
  0.1061111111E+00  0.3388020505E+07
  0.1063888889E+00  0.3357147505E+07
  0.1066666667E+00  0.3326274517E+07
  0.1069444444E+00  0.3295401517E+07
  0.1072222222E+00  0.3264528528E+07
  0.1075000000E+00  0.3233655538E+07
  0.1077777778E+00  0.3202782538E+07
  0.1080555556E+00  0.3171909549E+07
  0.1083333333E+00  0.3141036549E+07
  0.1086111111E+00  0.3110163593E+07
  0.1088888889E+00  0.3079290593E+07
  0.1091666667E+00  0.3048417593E+07
  0.1094444444E+00  0.3017544605E+07
  0.1097222222E+00  0.2986671615E+07
  0.1100000000E+00  0.2955798626E+07
  0.1102777778E+00  0.2929566496E+07
  0.1105555556E+00  0.2903334386E+07
  0.1108333333E+00  0.2877102301E+07
  0.1111111111E+00  0.2850870191E+07
  0.1113888889E+00  0.2824638072E+07
  0.1116666667E+00  0.2798405942E+07
  0.1119444444E+00  0.2772173833E+07
  0.1122222222E+00  0.2745941747E+07
  0.1125000000E+00  0.2719709638E+07
  0.1127777778E+00  0.2693477519E+07
  0.1130555556E+00  0.2667245398E+07
  0.1133333333E+00  0.2641013279E+07
  0.1136111111E+00  0.2614781204E+07
  0.1138888889E+00  0.2588549084E+07
  0.1141666667E+00  0.2562316975E+07
  0.1144444444E+00  0.2536084845E+07
  0.1147222222E+00  0.2509852736E+07
  0.1150000000E+00  0.2483620617E+07
  0.1152777778E+00  0.2461640480E+07
  0.1155555556E+00  0.2439660332E+07
  0.1158333333E+00  0.2417680196E+07
  0.1161111111E+00  0.2395700048E+07
  0.1163888889E+00  0.2373719923E+07
  0.1166666667E+00  0.2351739775E+07
  0.1169444444E+00  0.2329759639E+07
  0.1172222222E+00  0.2307779491E+07
  0.1175000000E+00  0.2285799354E+07
  0.1177777778E+00  0.2263819207E+07
  0.1180555556E+00  0.2241839070E+07
  0.1183333333E+00  0.2219858900E+07
  0.1186111111E+00  0.2197878753E+07
  0.1188888889E+00  0.2175898627E+07
  0.1191666667E+00  0.2153918480E+07
  0.1194444444E+00  0.2131938343E+07
  0.1197222222E+00  0.2109958195E+07
  0.1200000000E+00  0.2087978058E+07
  0.1202777778E+00  0.2069807754E+07
  0.1205555556E+00  0.2051637405E+07
  0.1208333333E+00  0.2033467111E+07
  0.1211111111E+00  0.2015296807E+07
  0.1213888889E+00  0.1997126468E+07
  0.1216666667E+00  0.1978956175E+07
  0.1219444444E+00  0.1960785870E+07
  0.1222222222E+00  0.1942615531E+07
  0.1225000000E+00  0.1924445216E+07
  0.1227777778E+00  0.1906274923E+07
  0.1230555556E+00  0.1888104585E+07
  0.1233333333E+00  0.1869934280E+07
  0.1236111111E+00  0.1851763975E+07
  0.1238888889E+00  0.1833593648E+07
  0.1241666667E+00  0.1815423343E+07
  0.1244444444E+00  0.1797253028E+07
  0.1247222222E+00  0.1779082723E+07
  0.1250000000E+00  0.1760912396E+07
  0.1252777778E+00  0.1746079843E+07
  0.1255555556E+00  0.1731247312E+07
  0.1258333333E+00  0.1716414770E+07
  0.1261111111E+00  0.1701582228E+07
  0.1263888889E+00  0.1686749686E+07
  0.1266666667E+00  0.1671917145E+07
  0.1269444444E+00  0.1657084613E+07
  0.1272222222E+00  0.1642252061E+07
  0.1275000000E+00  0.1627419519E+07
  0.1277777778E+00  0.1612586988E+07
  0.1280555556E+00  0.1597754435E+07
  0.1283333333E+00  0.1582921894E+07
  0.1286111111E+00  0.1568089362E+07
  0.1288888889E+00  0.1553256810E+07
  0.1291666667E+00  0.1538424278E+07
  0.1294444444E+00  0.1523591737E+07
  0.1297222222E+00  0.1508759195E+07
  0.1300000000E+00  0.1493926653E+07
  0.1302777778E+00  0.1481952722E+07
  0.1305555556E+00  0.1469978825E+07
  0.1308333333E+00  0.1458004916E+07
  0.1311111111E+00  0.1446031019E+07
  0.1313888889E+00  0.1434057122E+07
  0.1316666667E+00  0.1422083213E+07
  0.1319444444E+00  0.1410109306E+07
  0.1322222222E+00  0.1398135364E+07
  0.1325000000E+00  0.1386161467E+07
  0.1327777778E+00  0.1374187570E+07
  0.1330555556E+00  0.1362213661E+07
  0.1333333333E+00  0.1350239764E+07
  0.1336111111E+00  0.1338265867E+07
  0.1338888889E+00  0.1326291959E+07
  0.1341666667E+00  0.1314318028E+07
  0.1344444444E+00  0.1302344131E+07
  0.1347222222E+00  0.1290370222E+07
  0.1350000000E+00  0.1278396325E+07
  0.1352777778E+00  0.1268812254E+07
  0.1355555556E+00  0.1259228184E+07
  0.1358333333E+00  0.1249644113E+07
  0.1361111111E+00  0.1240060042E+07
  0.1363888889E+00  0.1230475961E+07
  0.1366666667E+00  0.1220891902E+07
  0.1369444444E+00  0.1211307831E+07
  0.1372222222E+00  0.1201723750E+07
  0.1375000000E+00  0.1192139679E+07
  0.1377777778E+00  0.1182555609E+07
  0.1380555556E+00  0.1172971538E+07
  0.1383333333E+00  0.1163387467E+07
  0.1386111111E+00  0.1153803397E+07
  0.1388888889E+00  0.1144219326E+07
  0.1391666667E+00  0.1134635245E+07
  0.1394444444E+00  0.1125051174E+07
  0.1397222222E+00  0.1115467115E+07
  0.1400000000E+00  0.1105883034E+07
  0.1402777778E+00  0.1098247088E+07
  0.1405555556E+00  0.1090611175E+07
  0.1408333333E+00  0.1082975229E+07
  0.1411111111E+00  0.1075339316E+07
  0.1413888889E+00  0.1067703359E+07
  0.1416666667E+00  0.1060067446E+07
  0.1419444444E+00  0.1052431500E+07
  0.1422222222E+00  0.1044795587E+07
  0.1425000000E+00  0.1037159641E+07
  0.1427777778E+00  0.1029523718E+07
  0.1430555556E+00  0.1021887772E+07
  0.1433333333E+00  0.1014251859E+07
  0.1436111111E+00  0.1006615913E+07
  0.1438888889E+00  0.9989800006E+06
  0.1441666667E+00  0.9913440600E+06
  0.1444444444E+00  0.9837081306E+06
  0.1447222222E+00  0.9760722011E+06
  0.1450000000E+00  0.9684362717E+06
  0.1452777778E+00  0.9623456467E+06
  0.1455555556E+00  0.9562550250E+06
  0.1458333333E+00  0.9501643999E+06
  0.1461111111E+00  0.9440737682E+06
  0.1463888889E+00  0.9379831320E+06
  0.1466666667E+00  0.9318925070E+06
  0.1469444444E+00  0.9258018853E+06
  0.1472222222E+00  0.9197112602E+06
  0.1475000000E+00  0.9136206385E+06
  0.1477777778E+00  0.9075300135E+06
  0.1480555556E+00  0.9014393772E+06
  0.1483333333E+00  0.8953487556E+06
  0.1486111111E+00  0.8892581305E+06
  0.1488888889E+00  0.8831675088E+06
  0.1491666667E+00  0.8770768737E+06
  0.1494444444E+00  0.8709862521E+06
  0.1497222222E+00  0.8648956270E+06
  0.1500000000E+00  0.8588049908E+06
  0.1502777778E+00  0.8539040144E+06
  0.1505555556E+00  0.8490030292E+06
  0.1508333333E+00  0.8441020484E+06
  0.1511111111E+00  0.8392010642E+06
  0.1513888889E+00  0.8343000923E+06
  0.1516666667E+00  0.8293991114E+06
  0.1519444444E+00  0.8244981273E+06
  0.1522222222E+00  0.8195971464E+06
  0.1525000000E+00  0.8146961612E+06
  0.1527777778E+00  0.8097951803E+06
  0.1530555556E+00  0.8048941962E+06
  0.1533333333E+00  0.7999932143E+06
  0.1536111111E+00  0.7950922301E+06
  0.1538888889E+00  0.7901912493E+06
  0.1541666667E+00  0.7852902651E+06
  0.1544444444E+00  0.7803892932E+06
  0.1547222222E+00  0.7754883090E+06
  0.1550000000E+00  0.7705873282E+06
  0.1552777778E+00  0.7665730048E+06
  0.1555555556E+00  0.7625586881E+06
  0.1558333333E+00  0.7585443648E+06
  0.1561111111E+00  0.7545300514E+06
  0.1563888889E+00  0.7505157281E+06
  0.1566666667E+00  0.7465014113E+06
  0.1569444444E+00  0.7424870880E+06
  0.1572222222E+00  0.7384727746E+06
  0.1575000000E+00  0.7344584513E+06
  0.1577777778E+00  0.7304441346E+06
  0.1580555556E+00  0.7264298112E+06
  0.1583333333E+00  0.7224154978E+06
  0.1586111111E+00  0.7184011756E+06
  0.1588888889E+00  0.7143868622E+06
  0.1591666667E+00  0.7103725355E+06
  0.1594444444E+00  0.7063582222E+06
  0.1597222222E+00  0.7023438988E+06
  0.1600000000E+00  0.6983295854E+06
  0.1602777778E+00  0.6949533209E+06
  0.1605555556E+00  0.6915770586E+06
  0.1608333333E+00  0.6882008074E+06
  0.1611111111E+00  0.6848245429E+06
  0.1613888889E+00  0.6814482817E+06
  0.1616666667E+00  0.6780720205E+06
  0.1619444444E+00  0.6746957549E+06
  0.1622222222E+00  0.6713195037E+06
  0.1625000000E+00  0.6679432424E+06
  0.1627777778E+00  0.6645669813E+06
  0.1630555556E+00  0.6611907167E+06
  0.1633333333E+00  0.6578144544E+06
  0.1636111111E+00  0.6544382032E+06
  0.1638888889E+00  0.6510619386E+06
  0.1641666667E+00  0.6476856774E+06
  0.1644444444E+00  0.6443094163E+06
  0.1647222222E+00  0.6409331650E+06
  0.1650000000E+00  0.6375568994E+06
  0.1652777778E+00  0.6346227190E+06
  0.1655555556E+00  0.6316885477E+06
  0.1658333333E+00  0.6287543763E+06
  0.1661111111E+00  0.6258201960E+06
  0.1663888889E+00  0.6228860246E+06
  0.1666666667E+00  0.6199518533E+06
  0.1669444444E+00  0.6170176729E+06
  0.1672222222E+00  0.6140835015E+06
  0.1675000000E+00  0.6111493302E+06
  0.1677777778E+00  0.6082151487E+06
  0.1680555556E+00  0.6052809785E+06
  0.1683333333E+00  0.6023467971E+06
  0.1686111111E+00  0.5994126256E+06
  0.1688888889E+00  0.5964784554E+06
  0.1691666667E+00  0.5935442740E+06
  0.1694444444E+00  0.5906101026E+06
  0.1697222222E+00  0.5876759323E+06
  0.1700000000E+00  0.5847417510E+06
  0.1702777778E+00  0.5821039932E+06
  0.1705555556E+00  0.5794662242E+06
  0.1708333333E+00  0.5768284530E+06
  0.1711111111E+00  0.5741906952E+06
  0.1713888889E+00  0.5715529274E+06
  0.1716666667E+00  0.5689151685E+06
  0.1719444444E+00  0.5662773973E+06
  0.1722222222E+00  0.5636396295E+06
  0.1725000000E+00  0.5610018717E+06
  0.1727777778E+00  0.5583640995E+06
  0.1730555556E+00  0.5557263317E+06
  0.1733333333E+00  0.5530885738E+06
  0.1736111111E+00  0.5504508060E+06
  0.1738888889E+00  0.5478130337E+06
  0.1741666667E+00  0.5451752760E+06
  0.1744444444E+00  0.5425375081E+06
  0.1747222222E+00  0.5398997403E+06
  0.1750000000E+00  0.5372619780E+06
  0.1752777778E+00  0.5348191708E+06
  0.1755555556E+00  0.5323763734E+06
  0.1758333333E+00  0.5299335684E+06
  0.1761111111E+00  0.5274907710E+06
  0.1763888889E+00  0.5250479726E+06
  0.1766666667E+00  0.5226051652E+06
  0.1769444444E+00  0.5201623680E+06
  0.1772222222E+00  0.5177195595E+06
  0.1775000000E+00  0.5152767622E+06
  0.1777777778E+00  0.5128339549E+06
  0.1780555556E+00  0.5103911565E+06
  0.1783333333E+00  0.5079483491E+06
  0.1786111111E+00  0.5055055507E+06
  0.1788888889E+00  0.5030627534E+06
  0.1791666667E+00  0.5006199460E+06
  0.1794444444E+00  0.4981771476E+06
  0.1797222222E+00  0.4957343402E+06
  0.1800000000E+00  0.4932915452E+06
  0.1802777778E+00  0.4909800975E+06
  0.1805555556E+00  0.4886686622E+06
  0.1808333333E+00  0.4863572267E+06
  0.1811111111E+00  0.4840457913E+06
  0.1813888889E+00  0.4817343436E+06
  0.1816666667E+00  0.4794229082E+06
  0.1819444444E+00  0.4771114728E+06
  0.1822222222E+00  0.4748000374E+06
  0.1825000000E+00  0.4724885886E+06
  0.1827777778E+00  0.4701771543E+06
  0.1830555556E+00  0.4678657159E+06
  0.1833333333E+00  0.4655542784E+06
  0.1836111111E+00  0.4632428367E+06
  0.1838888889E+00  0.4609313983E+06
  0.1841666667E+00  0.4586199620E+06
  0.1844444444E+00  0.4563085236E+06
  0.1847222222E+00  0.4539970852E+06
  0.1850000000E+00  0.4516856444E+06
  0.1852777778E+00  0.4494730218E+06
  0.1855555556E+00  0.4472604003E+06
  0.1858333333E+00  0.4450477778E+06
  0.1861111111E+00  0.4428351518E+06
  0.1863888889E+00  0.4406225303E+06
  0.1866666667E+00  0.4384099078E+06
  0.1869444444E+00  0.4361972863E+06
  0.1872222222E+00  0.4339846636E+06
  0.1875000000E+00  0.4317720411E+06
  0.1877777778E+00  0.4295594162E+06
  0.1880555556E+00  0.4273467937E+06
  0.1883333333E+00  0.4251341711E+06
  0.1886111111E+00  0.4229215495E+06
  0.1888888889E+00  0.4207089270E+06
  0.1891666667E+00  0.4184963021E+06
  0.1894444444E+00  0.4162836785E+06
  0.1897222222E+00  0.4140710570E+06
  0.1900000000E+00  0.4118584354E+06
  0.1902777778E+00  0.4097354559E+06
  0.1905555556E+00  0.4076124773E+06
  0.1908333333E+00  0.4054894988E+06
  0.1911111111E+00  0.4033665226E+06
  0.1913888889E+00  0.4012435440E+06
  0.1916666667E+00  0.3991205655E+06
  0.1919444444E+00  0.3969975868E+06
  0.1922222222E+00  0.3948746073E+06
  0.1925000000E+00  0.3927516288E+06
  0.1927777778E+00  0.3906286536E+06
  0.1930555556E+00  0.3885056739E+06
  0.1933333333E+00  0.3863826954E+06
  0.1936111111E+00  0.3842597169E+06
  0.1938888889E+00  0.3821367373E+06
  0.1941666667E+00  0.3800137620E+06
  0.1944444444E+00  0.3778907835E+06
  0.1947222222E+00  0.3757678040E+06
  0.1950000000E+00  0.3736448254E+06
  0.1952777778E+00  0.3716188780E+06
  0.1955555556E+00  0.3695929285E+06
  0.1958333333E+00  0.3675669811E+06
  0.1961111111E+00  0.3655410282E+06
  0.1963888889E+00  0.3635150797E+06
  0.1966666667E+00  0.3614891312E+06
  0.1969444444E+00  0.3594631828E+06
  0.1972222222E+00  0.3574372333E+06
  0.1975000000E+00  0.3554112858E+06
  0.1977777778E+00  0.3533853330E+06
  0.1980555556E+00  0.3513593856E+06
  0.1983333333E+00  0.3493334370E+06
  0.1986111111E+00  0.3473074876E+06
  0.1988888889E+00  0.3452815401E+06
  0.1991666667E+00  0.3432555872E+06
  0.1994444444E+00  0.3412296399E+06
  0.1997222222E+00  0.3392036903E+06
  0.2000000000E+00  0.3371777418E+06
  0.2002777778E+00  0.3352659102E+06
  0.2005555556E+00  0.3333540830E+06
  0.2008333333E+00  0.3314422514E+06
  0.2011111111E+00  0.3295304231E+06
  0.2013888889E+00  0.3276185914E+06
  0.2016666667E+00  0.3257067633E+06
  0.2019444444E+00  0.3237949350E+06
  0.2022222222E+00  0.3218831033E+06
  0.2025000000E+00  0.3199712751E+06
  0.2027777778E+00  0.3180594434E+06
  0.2030555556E+00  0.3161476162E+06
  0.2033333333E+00  0.3142357846E+06
  0.2036111111E+00  0.3123239563E+06
  0.2038888889E+00  0.3104121248E+06
  0.2041666667E+00  0.3085002965E+06
  0.2044444444E+00  0.3065884649E+06
  0.2047222222E+00  0.3046766366E+06
  0.2050000000E+00  0.3027648083E+06
  0.2052777778E+00  0.3009888365E+06
  0.2055555556E+00  0.2992128670E+06
  0.2058333333E+00  0.2974368986E+06
  0.2061111111E+00  0.2956609291E+06
  0.2063888889E+00  0.2938849596E+06
  0.2066666667E+00  0.2921089912E+06
  0.2069444444E+00  0.2903330207E+06
  0.2072222222E+00  0.2885570488E+06
  0.2075000000E+00  0.2867810794E+06
  0.2077777778E+00  0.2850051099E+06
  0.2080555556E+00  0.2832291415E+06
  0.2083333333E+00  0.2814531719E+06
  0.2086111111E+00  0.2796772013E+06
  0.2088888889E+00  0.2779012329E+06
  0.2091666667E+00  0.2761252634E+06
  0.2094444444E+00  0.2743492916E+06
  0.2097222222E+00  0.2725733222E+06
  0.2100000000E+00  0.2707973527E+06
  0.2102777778E+00  0.2691787767E+06
  0.2105555556E+00  0.2675602007E+06
  0.2108333333E+00  0.2659416224E+06
  0.2111111111E+00  0.2643230464E+06
  0.2113888889E+00  0.2627044703E+06
  0.2116666667E+00  0.2610858943E+06
  0.2119444444E+00  0.2594673161E+06
  0.2122222222E+00  0.2578487400E+06
  0.2125000000E+00  0.2562301639E+06
  0.2127777778E+00  0.2546115880E+06
  0.2130555556E+00  0.2529930096E+06
  0.2133333333E+00  0.2513744337E+06
  0.2136111111E+00  0.2497558575E+06
  0.2138888889E+00  0.2481372816E+06
  0.2141666667E+00  0.2465187033E+06
  0.2144444444E+00  0.2449001274E+06
  0.2147222222E+00  0.2432815512E+06
  0.2150000000E+00  0.2416629753E+06
  0.2152777778E+00  0.2402196357E+06
  0.2155555556E+00  0.2387762970E+06
  0.2158333333E+00  0.2373329574E+06
  0.2161111111E+00  0.2358896211E+06
  0.2163888889E+00  0.2344462816E+06
  0.2166666667E+00  0.2330029418E+06
  0.2169444444E+00  0.2315596022E+06
  0.2172222222E+00  0.2301162670E+06
  0.2175000000E+00  0.2286729274E+06
  0.2177777778E+00  0.2272295866E+06
  0.2180555556E+00  0.2257862515E+06
  0.2183333333E+00  0.2243429118E+06
  0.2186111111E+00  0.2228995722E+06
  0.2188888889E+00  0.2214562336E+06
  0.2191666667E+00  0.2200128973E+06
  0.2194444444E+00  0.2185695566E+06
  0.2197222222E+00  0.2171262181E+06
  0.2200000000E+00  0.2156828817E+06
  0.2202777778E+00  0.2144269346E+06
  0.2205555556E+00  0.2131709918E+06
  0.2208333333E+00  0.2119150480E+06
  0.2211111111E+00  0.2106591032E+06
  0.2213888889E+00  0.2094031605E+06
  0.2216666667E+00  0.2081472133E+06
  0.2219444444E+00  0.2068912706E+06
  0.2222222222E+00  0.2056353268E+06
  0.2225000000E+00  0.2043793829E+06
  0.2227777778E+00  0.2031234402E+06
  0.2230555556E+00  0.2018674954E+06
  0.2233333333E+00  0.2006115482E+06
  0.2236111111E+00  0.1993556055E+06
  0.2238888889E+00  0.1980996617E+06
  0.2241666667E+00  0.1968437190E+06
  0.2244444444E+00  0.1955877752E+06
  0.2247222222E+00  0.1943318280E+06
  0.2250000000E+00  0.1930758843E+06
  0.2252777778E+00  0.1920121578E+06
  0.2255555556E+00  0.1909484346E+06
  0.2258333333E+00  0.1898847072E+06
  0.2261111111E+00  0.1888209795E+06
  0.2263888889E+00  0.1877572521E+06
  0.2266666667E+00  0.1866935256E+06
  0.2269444444E+00  0.1856297981E+06
  0.2272222222E+00  0.1845660716E+06
  0.2275000000E+00  0.1835023475E+06
  0.2277777778E+00  0.1824386210E+06
  0.2280555556E+00  0.1813748945E+06
  0.2283333333E+00  0.1803111671E+06
  0.2286111111E+00  0.1792474406E+06
  0.2288888889E+00  0.1781837131E+06
  0.2291666667E+00  0.1771199899E+06
  0.2294444444E+00  0.1760562625E+06
  0.2297222222E+00  0.1749925360E+06
  0.2300000000E+00  0.1739288085E+06
  0.2302777778E+00  0.1730547740E+06
  0.2305555556E+00  0.1721807383E+06
  0.2308333333E+00  0.1713067028E+06
  0.2311111111E+00  0.1704326671E+06
  0.2313888889E+00  0.1695586325E+06
  0.2316666667E+00  0.1686845970E+06
  0.2319444444E+00  0.1678105613E+06
  0.2322222222E+00  0.1669365258E+06
  0.2325000000E+00  0.1660624901E+06
  0.2327777778E+00  0.1651884556E+06
  0.2330555556E+00  0.1643144200E+06
  0.2333333333E+00  0.1634403843E+06
  0.2336111111E+00  0.1625663498E+06
  0.2338888889E+00  0.1616923142E+06
  0.2341666667E+00  0.1608182785E+06
  0.2344444444E+00  0.1599442440E+06
  0.2347222222E+00  0.1590702073E+06
  0.2350000000E+00  0.1581961728E+06
  0.2352777778E+00  0.1575020648E+06
  0.2355555556E+00  0.1568079556E+06
  0.2358333333E+00  0.1561138443E+06
  0.2361111111E+00  0.1554197351E+06
  0.2363888889E+00  0.1547256271E+06
  0.2366666667E+00  0.1540315180E+06
  0.2369444444E+00  0.1533374066E+06
  0.2372222222E+00  0.1526432986E+06
  0.2375000000E+00  0.1519491894E+06
  0.2377777778E+00  0.1512550814E+06
  0.2380555556E+00  0.1505609690E+06
  0.2383333333E+00  0.1498668609E+06
  0.2386111111E+00  0.1491727518E+06
  0.2388888889E+00  0.1484786438E+06
  0.2391666667E+00  0.1477845324E+06
  0.2394444444E+00  0.1470904233E+06
  0.2397222222E+00  0.1463963153E+06
  0.2400000000E+00  0.1457022028E+06
  0.2402777778E+00  0.1451721020E+06
  0.2405555556E+00  0.1446419989E+06
  0.2408333333E+00  0.1441118981E+06
  0.2411111111E+00  0.1435817939E+06
  0.2413888889E+00  0.1430516931E+06
  0.2416666667E+00  0.1425215889E+06
  0.2419444444E+00  0.1419914881E+06
  0.2422222222E+00  0.1414613850E+06
  0.2425000000E+00  0.1409312842E+06
  0.2427777778E+00  0.1404011800E+06
  0.2430555556E+00  0.1398710792E+06
  0.2433333333E+00  0.1393409750E+06
  0.2436111111E+00  0.1388108742E+06
  0.2438888889E+00  0.1382807700E+06
  0.2441666667E+00  0.1377506703E+06
  0.2444444444E+00  0.1372205661E+06
  0.2447222222E+00  0.1366904643E+06
  0.2450000000E+00  0.1361603601E+06
  0.2452777778E+00  0.1357735432E+06
  0.2455555556E+00  0.1353867219E+06
  0.2458333333E+00  0.1349999040E+06
  0.2461111111E+00  0.1346130838E+06
  0.2463888889E+00  0.1342262615E+06
  0.2466666667E+00  0.1338394446E+06
  0.2469444444E+00  0.1334526222E+06
  0.2472222222E+00  0.1330658054E+06
  0.2475000000E+00  0.1326789842E+06
  0.2477777778E+00  0.1322921628E+06
  0.2480555556E+00  0.1319053449E+06
  0.2483333333E+00  0.1315185236E+06
  0.2486111111E+00  0.1311317034E+06
  0.2488888889E+00  0.1307448855E+06
  0.2491666667E+00  0.1303580642E+06
  0.2494444444E+00  0.1299712463E+06
  0.2497222222E+00  0.1295844250E+06
  0.2500000000E+00  0.1291976037E+06
  0.2502777778E+00  0.1289300412E+06
  0.2505555556E+00  0.1286624797E+06
  0.2508333333E+00  0.1283949139E+06
  0.2511111111E+00  0.1281273510E+06
  0.2513888889E+00  0.1278597875E+06
  0.2516666667E+00  0.1275922237E+06
  0.2519444444E+00  0.1273246598E+06
  0.2522222222E+00  0.1270570963E+06
  0.2525000000E+00  0.1267895313E+06
  0.2527777778E+00  0.1265219678E+06
  0.2530555556E+00  0.1262544040E+06
  0.2533333333E+00  0.1259868405E+06
  0.2536111111E+00  0.1257192766E+06
  0.2538888889E+00  0.1254517138E+06
  0.2541666667E+00  0.1251841503E+06
  0.2544444444E+00  0.1249165864E+06
  0.2547222222E+00  0.1246490229E+06
  0.2550000000E+00  0.1243814591E+06
  0.2552777778E+00  0.1242075949E+06
  0.2555555556E+00  0.1240337333E+06
  0.2558333333E+00  0.1238598692E+06
  0.2561111111E+00  0.1236860064E+06
  0.2563888889E+00  0.1235121434E+06
  0.2566666667E+00  0.1233382793E+06
  0.2569444444E+00  0.1231644176E+06
  0.2572222222E+00  0.1229905535E+06
  0.2575000000E+00  0.1228166918E+06
  0.2577777778E+00  0.1226428277E+06
  0.2580555556E+00  0.1224689646E+06
  0.2583333333E+00  0.1222951020E+06
  0.2586111111E+00  0.1221212378E+06
  0.2588888889E+00  0.1219473762E+06
  0.2591666667E+00  0.1217735121E+06
  0.2594444444E+00  0.1215996494E+06
  0.2597222222E+00  0.1214257861E+06
  0.2600000000E+00  0.1212519234E+06
  0.2602777778E+00  0.1211460619E+06
  0.2605555556E+00  0.1210402017E+06
  0.2608333333E+00  0.1209343411E+06
  0.2611111111E+00  0.1208284809E+06
  0.2613888889E+00  0.1207226204E+06
  0.2616666667E+00  0.1206167589E+06
  0.2619444444E+00  0.1205108987E+06
  0.2622222222E+00  0.1204050381E+06
  0.2625000000E+00  0.1202991776E+06
  0.2627777778E+00  0.1201933164E+06
  0.2630555556E+00  0.1200874559E+06
  0.2633333333E+00  0.1199815957E+06
  0.2636111111E+00  0.1198757351E+06
  0.2638888889E+00  0.1197698746E+06
  0.2641666667E+00  0.1196640134E+06
  0.2644444444E+00  0.1195581527E+06
  0.2647222222E+00  0.1194522922E+06
  0.2650000000E+00  0.1193464320E+06
  0.2652777778E+00  0.1192842492E+06
  0.2655555556E+00  0.1192220667E+06
  0.2658333333E+00  0.1191598838E+06
  0.2661111111E+00  0.1190977012E+06
  0.2663888889E+00  0.1190355185E+06
  0.2666666667E+00  0.1189733359E+06
  0.2669444444E+00  0.1189111530E+06
  0.2672222222E+00  0.1188489706E+06
  0.2675000000E+00  0.1187867887E+06
  0.2677777778E+00  0.1187246061E+06
  0.2680555556E+00  0.1186624236E+06
  0.2683333333E+00  0.1186002408E+06
  0.2686111111E+00  0.1185380582E+06
  0.2688888889E+00  0.1184758753E+06
  0.2691666667E+00  0.1184136929E+06
  0.2694444444E+00  0.1183515100E+06
  0.2697222222E+00  0.1182893274E+06
  0.2700000000E+00  0.1182271456E+06
  0.2702777778E+00  0.1181868139E+06
  0.2705555556E+00  0.1181464833E+06
  0.2708333333E+00  0.1181061530E+06
  0.2711111111E+00  0.1180658224E+06
  0.2713888889E+00  0.1180254918E+06
  0.2716666667E+00  0.1179851611E+06
  0.2719444444E+00  0.1179448305E+06
  0.2722222222E+00  0.1179045002E+06
  0.2725000000E+00  0.1178641696E+06
  0.2727777778E+00  0.1178238390E+06
  0.2730555556E+00  0.1177835083E+06
  0.2733333333E+00  0.1177431767E+06
  0.2736111111E+00  0.1177028461E+06
  0.2738888889E+00  0.1176625158E+06
  0.2741666667E+00  0.1176221852E+06
  0.2744444444E+00  0.1175818546E+06
  0.2747222222E+00  0.1175415239E+06
  0.2750000000E+00  0.1175011933E+06
  0.2752777778E+00  0.1174641808E+06
  0.2755555556E+00  0.1174271682E+06
  0.2758333333E+00  0.1173901567E+06
  0.2761111111E+00  0.1173531438E+06
  0.2763888889E+00  0.1173161312E+06
  0.2766666667E+00  0.1172791197E+06
  0.2769444444E+00  0.1172421071E+06
  0.2772222222E+00  0.1172050942E+06
  0.2775000000E+00  0.1171680817E+06
  0.2777777778E+00  0.1171310701E+06
  0.2780555556E+00  0.1170940576E+06
  0.2783333333E+00  0.1170570451E+06
  0.2786111111E+00  0.1170200322E+06
  0.2788888889E+00  0.1169830206E+06
  0.2791666667E+00  0.1169460081E+06
  0.2794444444E+00  0.1169089955E+06
  0.2797222222E+00  0.1168719836E+06
  0.2800000000E+00  0.1168349711E+06
  0.2802777778E+00  0.1167866383E+06
  0.2805555556E+00  0.1167383062E+06
  0.2808333333E+00  0.1166899732E+06
  0.2811111111E+00  0.1166416414E+06
  0.2813888889E+00  0.1165933084E+06
  0.2816666667E+00  0.1165449756E+06
  0.2819444444E+00  0.1164966435E+06
  0.2822222222E+00  0.1164483105E+06
  0.2825000000E+00  0.1163999788E+06
  0.2827777778E+00  0.1163516456E+06
  0.2830555556E+00  0.1163033139E+06
  0.2833333333E+00  0.1162549809E+06
  0.2836111111E+00  0.1162066477E+06
  0.2838888889E+00  0.1161583160E+06
  0.2841666667E+00  0.1161099830E+06
  0.2844444444E+00  0.1160616512E+06
  0.2847222222E+00  0.1160133181E+06
  0.2850000000E+00  0.1159649861E+06
  0.2852777778E+00  0.1158948779E+06
  0.2855555556E+00  0.1158247708E+06
  0.2858333333E+00  0.1157546637E+06
  0.2861111111E+00  0.1156845565E+06
  0.2863888889E+00  0.1156144494E+06
  0.2866666667E+00  0.1155443423E+06
  0.2869444444E+00  0.1154742349E+06
  0.2872222222E+00  0.1154041277E+06
  0.2875000000E+00  0.1153340205E+06
  0.2877777778E+00  0.1152639134E+06
  0.2880555556E+00  0.1151938063E+06
  0.2883333333E+00  0.1151236982E+06
  0.2886111111E+00  0.1150535907E+06
  0.2888888889E+00  0.1149834835E+06
  0.2891666667E+00  0.1149133764E+06
  0.2894444444E+00  0.1148432693E+06
  0.2897222222E+00  0.1147731622E+06
  0.2900000000E+00  0.1147030550E+06
  0.2902777778E+00  0.1146047559E+06
  0.2905555556E+00  0.1145064572E+06
  0.2908333333E+00  0.1144081590E+06
  0.2911111111E+00  0.1143098602E+06
  0.2913888889E+00  0.1142115610E+06
  0.2916666667E+00  0.1141132632E+06
  0.2919444444E+00  0.1140149641E+06
  0.2922222222E+00  0.1139166654E+06
  0.2925000000E+00  0.1138183665E+06
  0.2927777778E+00  0.1137200684E+06
  0.2930555556E+00  0.1136217696E+06
  0.2933333333E+00  0.1135234704E+06
  0.2936111111E+00  0.1134251726E+06
  0.2938888889E+00  0.1133268736E+06
  0.2941666667E+00  0.1132285748E+06
  0.2944444444E+00  0.1131302756E+06
  0.2947222222E+00  0.1130319778E+06
  0.2950000000E+00  0.1129336786E+06
  0.2952777778E+00  0.1128047765E+06
  0.2955555556E+00  0.1126758745E+06
  0.2958333333E+00  0.1125469724E+06
  0.2961111111E+00  0.1124180699E+06
  0.2963888889E+00  0.1122891678E+06
  0.2966666667E+00  0.1121602657E+06
  0.2969444444E+00  0.1120313633E+06
  0.2972222222E+00  0.1119024612E+06
  0.2975000000E+00  0.1117735580E+06
  0.2977777778E+00  0.1116446559E+06
  0.2980555556E+00  0.1115157535E+06
  0.2983333333E+00  0.1113868514E+06
  0.2986111111E+00  0.1112579492E+06
  0.2988888889E+00  0.1111290468E+06
  0.2991666667E+00  0.1110001447E+06
  0.2994444444E+00  0.1108712426E+06
  0.2997222222E+00  0.1107423402E+06
  0.3000000000E+00  0.1106134380E+06
  0.3002777778E+00  0.1104548623E+06
  0.3005555556E+00  0.1102962875E+06
  0.3008333333E+00  0.1101377118E+06
  0.3011111111E+00  0.1099791361E+06
  0.3013888889E+00  0.1098205613E+06
  0.3016666667E+00  0.1096619860E+06
  0.3019444444E+00  0.1095034103E+06
  0.3022222222E+00  0.1093448356E+06
  0.3025000000E+00  0.1091862598E+06
  0.3027777778E+00  0.1090276841E+06
  0.3030555556E+00  0.1088691094E+06
  0.3033333333E+00  0.1087105336E+06
  0.3036111111E+00  0.1085519589E+06
  0.3038888889E+00  0.1083933831E+06
  0.3041666667E+00  0.1082348074E+06
  0.3044444444E+00  0.1080762327E+06
  0.3047222222E+00  0.1079176570E+06
  0.3050000000E+00  0.1077590812E+06
  0.3052777778E+00  0.1075746506E+06
  0.3055555556E+00  0.1073902191E+06
  0.3058333333E+00  0.1072057879E+06
  0.3061111111E+00  0.1070213573E+06
  0.3063888889E+00  0.1068369258E+06
  0.3066666667E+00  0.1066524942E+06
  0.3069444444E+00  0.1064680636E+06
  0.3072222222E+00  0.1062836321E+06
  0.3075000000E+00  0.1060992015E+06
  0.3077777778E+00  0.1059147699E+06
  0.3080555556E+00  0.1057303384E+06
  0.3083333333E+00  0.1055459082E+06
  0.3086111111E+00  0.1053614766E+06
  0.3088888889E+00  0.1051770451E+06
  0.3091666667E+00  0.1049926145E+06
  0.3094444444E+00  0.1048081829E+06
  0.3097222222E+00  0.1046237514E+06
  0.3100000000E+00  0.1044393208E+06
  0.3102777778E+00  0.1042350651E+06
  0.3105555556E+00  0.1040308094E+06
  0.3108333333E+00  0.1038265540E+06
  0.3111111111E+00  0.1036222993E+06
  0.3113888889E+00  0.1034180436E+06
  0.3116666667E+00  0.1032137878E+06
  0.3119444444E+00  0.1030095322E+06
  0.3122222222E+00  0.1028052765E+06
  0.3125000000E+00  0.1026010221E+06
  0.3127777778E+00  0.1023967663E+06
  0.3130555556E+00  0.1021925106E+06
  0.3133333333E+00  0.1019882550E+06
  0.3136111111E+00  0.1017839992E+06
  0.3138888889E+00  0.1015797438E+06
  0.3141666667E+00  0.1013754891E+06
  0.3144444444E+00  0.1011712333E+06
  0.3147222222E+00  0.1009669776E+06
  0.3150000000E+00  0.1007627220E+06
  0.3152777778E+00  0.1005462340E+06
  0.3155555556E+00  0.1003297460E+06
  0.3158333333E+00  0.1001132580E+06
  0.3161111111E+00  0.9989677002E+05
  0.3163888889E+00  0.9968028304E+05
  0.3166666667E+00  0.9946379516E+05
  0.3169444444E+00  0.9924730717E+05
  0.3172222222E+00  0.9903081918E+05
  0.3175000000E+00  0.9881433119E+05
  0.3177777778E+00  0.9859784321E+05
  0.3180555556E+00  0.9838135521E+05
  0.3183333333E+00  0.9816486734E+05
  0.3186111111E+00  0.9794837935E+05
  0.3188888889E+00  0.9773189135E+05
  0.3191666667E+00  0.9751540338E+05
  0.3194444444E+00  0.9729891539E+05
  0.3197222222E+00  0.9708242740E+05
  0.3200000000E+00  0.9686593907E+05
  0.3202777778E+00  0.9664553426E+05
  0.3205555556E+00  0.9642512911E+05
  0.3208333333E+00  0.9620472419E+05
  0.3211111111E+00  0.9598431904E+05
  0.3213888889E+00  0.9576391423E+05
  0.3216666667E+00  0.9554350897E+05
  0.3219444444E+00  0.9532310383E+05
  0.3222222222E+00  0.9510269890E+05
  0.3225000000E+00  0.9488229375E+05
  0.3227777778E+00  0.9466188894E+05
  0.3230555556E+00  0.9444148369E+05
  0.3233333333E+00  0.9422107854E+05
  0.3236111111E+00  0.9400067361E+05
  0.3238888889E+00  0.9378026847E+05
  0.3241666667E+00  0.9355986366E+05
  0.3244444444E+00  0.9333945839E+05
  0.3247222222E+00  0.9311905358E+05
  0.3250000000E+00  0.9289864844E+05
  0.3252777778E+00  0.9268294973E+05
  0.3255555556E+00  0.9246725215E+05
  0.3258333333E+00  0.9225155344E+05
  0.3261111111E+00  0.9203585586E+05
  0.3263888889E+00  0.9182015726E+05
  0.3266666667E+00  0.9160445956E+05
  0.3269444444E+00  0.9138876098E+05
  0.3272222222E+00  0.9117306338E+05
  0.3275000000E+00  0.9095736502E+05
  0.3277777778E+00  0.9074166743E+05
  0.3280555556E+00  0.9052596883E+05
  0.3283333333E+00  0.9031027114E+05
  0.3286111111E+00  0.9009457254E+05
  0.3288888889E+00  0.8987887496E+05
  0.3291666667E+00  0.8966317725E+05
  0.3294444444E+00  0.8944747865E+05
  0.3297222222E+00  0.8923178096E+05
  0.3300000000E+00  0.8901608237E+05
  0.3302777778E+00  0.8881317540E+05
  0.3305555556E+00  0.8861026754E+05
  0.3308333333E+00  0.8840736057E+05
  0.3311111111E+00  0.8820445259E+05
  0.3313888889E+00  0.8800154574E+05
  0.3316666667E+00  0.8779863776E+05
  0.3319444444E+00  0.8759573079E+05
  0.3322222222E+00  0.8739282382E+05
  0.3325000000E+00  0.8718991596E+05
  0.3327777778E+00  0.8698700899E+05
  0.3330555556E+00  0.8678410102E+05
  0.3333333333E+00  0.8658119382E+05
  0.3336111111E+00  0.8637828585E+05
  0.3338888889E+00  0.8617537888E+05
  0.3341666667E+00  0.8597247191E+05
  0.3344444444E+00  0.8576956405E+05
  0.3347222222E+00  0.8556665708E+05
  0.3350000000E+00  0.8536374910E+05
  0.3352777778E+00  0.8518090303E+05
  0.3355555556E+00  0.8499805696E+05
  0.3358333333E+00  0.8481520977E+05
  0.3361111111E+00  0.8463236370E+05
  0.3363888889E+00  0.8444951662E+05
  0.3366666667E+00  0.8426667044E+05
  0.3369444444E+00  0.8408382436E+05
  0.3372222222E+00  0.8390097695E+05
  0.3375000000E+00  0.8371813076E+05
  0.3377777778E+00  0.8353528469E+05
  0.3380555556E+00  0.8335243761E+05
  0.3383333333E+00  0.8316959143E+05
  0.3386111111E+00  0.8298674435E+05
  0.3388888889E+00  0.8280389827E+05
  0.3391666667E+00  0.8262105209E+05
  0.3394444444E+00  0.8243820501E+05
  0.3397222222E+00  0.8225535883E+05
  0.3400000000E+00  0.8207251275E+05
  0.3402777778E+00  0.8191568900E+05
  0.3405555556E+00  0.8175886615E+05
  0.3408333333E+00  0.8160204273E+05
  0.3411111111E+00  0.8144521988E+05
  0.3413888889E+00  0.8128839614E+05
  0.3416666667E+00  0.8113157361E+05
  0.3419444444E+00  0.8097474987E+05
  0.3422222222E+00  0.8081792701E+05
  0.3425000000E+00  0.8066110360E+05
  0.3427777778E+00  0.8050428074E+05
  0.3430555556E+00  0.8034745701E+05
  0.3433333333E+00  0.8019063449E+05
  0.3436111111E+00  0.8003381074E+05
  0.3438888889E+00  0.7987698822E+05
  0.3441666667E+00  0.7972016448E+05
  0.3444444444E+00  0.7956334162E+05
  0.3447222222E+00  0.7940651821E+05
  0.3450000000E+00  0.7924969535E+05
  0.3452777778E+00  0.7912330196E+05
  0.3455555556E+00  0.7899690870E+05
  0.3458333333E+00  0.7887051633E+05
  0.3461111111E+00  0.7874412305E+05
  0.3463888889E+00  0.7861772934E+05
  0.3466666667E+00  0.7849133696E+05
  0.3469444444E+00  0.7836494369E+05
  0.3472222222E+00  0.7823855132E+05
  0.3475000000E+00  0.7811215805E+05
  0.3477777778E+00  0.7798576467E+05
  0.3480555556E+00  0.7785937229E+05
  0.3483333333E+00  0.7773297902E+05
  0.3486111111E+00  0.7760658531E+05
  0.3488888889E+00  0.7748019305E+05
  0.3491666667E+00  0.7735379966E+05
  0.3494444444E+00  0.7722740729E+05
  0.3497222222E+00  0.7710101401E+05
  0.3500000000E+00  0.7697462064E+05
  0.3502777778E+00  0.7688134350E+05
  0.3505555556E+00  0.7678806512E+05
  0.3508333333E+00  0.7669478797E+05
  0.3511111111E+00  0.7660150948E+05
  0.3513888889E+00  0.7650823245E+05
  0.3516666667E+00  0.7641495396E+05
  0.3519444444E+00  0.7632167682E+05
  0.3522222222E+00  0.7622839866E+05
  0.3525000000E+00  0.7613512130E+05
  0.3527777778E+00  0.7604184314E+05
  0.3530555556E+00  0.7594856566E+05
  0.3533333333E+00  0.7585528762E+05
  0.3536111111E+00  0.7576201015E+05
  0.3538888889E+00  0.7566873199E+05
  0.3541666667E+00  0.7557545496E+05
  0.3544444444E+00  0.7548217647E+05
  0.3547222222E+00  0.7538889832E+05
  0.3550000000E+00  0.7529562083E+05
  0.3552777778E+00  0.7523637732E+05
  0.3555555556E+00  0.7517713437E+05
  0.3558333333E+00  0.7511789052E+05
  0.3561111111E+00  0.7505864656E+05
  0.3563888889E+00  0.7499940373E+05
  0.3566666667E+00  0.7494015977E+05
  0.3569444444E+00  0.7488091592E+05
  0.3572222222E+00  0.7482167297E+05
  0.3575000000E+00  0.7476242913E+05
  0.3577777778E+00  0.7470318550E+05
  0.3580555556E+00  0.7464394265E+05
  0.3583333333E+00  0.7458469870E+05
  0.3586111111E+00  0.7452545485E+05
  0.3588888889E+00  0.7446621200E+05
  0.3591666667E+00  0.7440696806E+05
  0.3594444444E+00  0.7434772421E+05
  0.3597222222E+00  0.7428848125E+05
  0.3600000000E+00  0.7422923775E+05
  0.3602777778E+00  0.7420321299E+05
  0.3605555556E+00  0.7417718725E+05
  0.3608333333E+00  0.7415116251E+05
  0.3611111111E+00  0.7412513687E+05
  0.3613888889E+00  0.7409911212E+05
  0.3616666667E+00  0.7407308738E+05
  0.3619444444E+00  0.7404706175E+05
  0.3622222222E+00  0.7402103701E+05
  0.3625000000E+00  0.7399501125E+05
  0.3627777778E+00  0.7396898651E+05
  0.3630555556E+00  0.7394296188E+05
  0.3633333333E+00  0.7391693614E+05
  0.3636111111E+00  0.7389091140E+05
  0.3638888889E+00  0.7386488575E+05
  0.3641666667E+00  0.7383886101E+05
  0.3644444444E+00  0.7381283627E+05
  0.3647222222E+00  0.7378681064E+05
  0.3650000000E+00  0.7376078589E+05
  0.3652777778E+00  0.7376558992E+05
  0.3655555556E+00  0.7377039262E+05
  0.3658333333E+00  0.7377519677E+05
  0.3661111111E+00  0.7378000047E+05
  0.3663888889E+00  0.7378480417E+05
  0.3666666667E+00  0.7378960831E+05
  0.3669444444E+00  0.7379441102E+05
  0.3672222222E+00  0.7379921472E+05
  0.3675000000E+00  0.7380401876E+05
  0.3677777778E+00  0.7380882257E+05
  0.3680555556E+00  0.7381362660E+05
  0.3683333333E+00  0.7381842931E+05
  0.3686111111E+00  0.7382323301E+05
  0.3688888889E+00  0.7382803716E+05
  0.3691666667E+00  0.7383284085E+05
  0.3694444444E+00  0.7383764489E+05
  0.3697222222E+00  0.7384244870E+05
  0.3700000000E+00  0.7384725141E+05
  0.3702777778E+00  0.7387908944E+05
  0.3705555556E+00  0.7391092715E+05
  0.3708333333E+00  0.7394276485E+05
  0.3711111111E+00  0.7397460155E+05
  0.3713888889E+00  0.7400643926E+05
  0.3716666667E+00  0.7403827730E+05
  0.3719444444E+00  0.7407011501E+05
  0.3722222222E+00  0.7410195271E+05
  0.3725000000E+00  0.7413378942E+05
  0.3727777778E+00  0.7416562712E+05
  0.3730555556E+00  0.7419746482E+05
  0.3733333333E+00  0.7422930286E+05
  0.3736111111E+00  0.7426114057E+05
  0.3738888889E+00  0.7429297728E+05
  0.3741666667E+00  0.7432481498E+05
  0.3744444444E+00  0.7435665269E+05
  0.3747222222E+00  0.7438849072E+05
  0.3750000000E+00  0.7442032842E+05
  0.3752777778E+00  0.7447433902E+05
  0.3755555556E+00  0.7452835028E+05
  0.3758333333E+00  0.7458236187E+05
  0.3761111111E+00  0.7463637347E+05
  0.3763888889E+00  0.7469038484E+05
  0.3766666667E+00  0.7474439544E+05
  0.3769444444E+00  0.7479840703E+05
  0.3772222222E+00  0.7485241829E+05
  0.3775000000E+00  0.7490642988E+05
  0.3777777778E+00  0.7496044148E+05
  0.3780555556E+00  0.7501445218E+05
  0.3783333333E+00  0.7506846345E+05
  0.3786111111E+00  0.7512247504E+05
  0.3788888889E+00  0.7517648664E+05
  0.3791666667E+00  0.7523049789E+05
  0.3794444444E+00  0.7528450848E+05
  0.3797222222E+00  0.7533852019E+05
  0.3800000000E+00  0.7539253145E+05
  0.3802777778E+00  0.7546298815E+05
  0.3805555556E+00  0.7553344550E+05
  0.3808333333E+00  0.7560390186E+05
  0.3811111111E+00  0.7567435822E+05
  0.3813888889E+00  0.7574481558E+05
  0.3816666667E+00  0.7581527195E+05
  0.3819444444E+00  0.7588572831E+05
  0.3822222222E+00  0.7595618567E+05
  0.3825000000E+00  0.7602664203E+05
  0.3827777778E+00  0.7609709939E+05
  0.3830555556E+00  0.7616755574E+05
  0.3833333333E+00  0.7623801210E+05
  0.3836111111E+00  0.7630846946E+05
  0.3838888889E+00  0.7637892582E+05
  0.3841666667E+00  0.7644938218E+05
  0.3844444444E+00  0.7651983954E+05
  0.3847222222E+00  0.7659029623E+05
  0.3850000000E+00  0.7666075271E+05
  0.3852777778E+00  0.7674156454E+05
  0.3855555556E+00  0.7682237737E+05
  0.3858333333E+00  0.7690318908E+05
  0.3861111111E+00  0.7698400091E+05
  0.3863888889E+00  0.7706481275E+05
  0.3866666667E+00  0.7714562457E+05
  0.3869444444E+00  0.7722643740E+05
  0.3872222222E+00  0.7730724922E+05
  0.3875000000E+00  0.7738806106E+05
  0.3877777778E+00  0.7746887289E+05
  0.3880555556E+00  0.7754968472E+05
  0.3883333333E+00  0.7763049755E+05
  0.3886111111E+00  0.7771130937E+05
  0.3888888889E+00  0.7779212120E+05
  0.3891666667E+00  0.7787293304E+05
  0.3894444444E+00  0.7795374486E+05
  0.3897222222E+00  0.7803455769E+05
  0.3900000000E+00  0.7811536953E+05
  0.3902777778E+00  0.7820020100E+05
  0.3905555556E+00  0.7828503291E+05
  0.3908333333E+00  0.7836986439E+05
  0.3911111111E+00  0.7845469619E+05
  0.3913888889E+00  0.7853952767E+05
  0.3916666667E+00  0.7862435948E+05
  0.3919444444E+00  0.7870919106E+05
  0.3922222222E+00  0.7879402287E+05
  0.3925000000E+00  0.7887885434E+05
  0.3927777778E+00  0.7896368715E+05
  0.3930555556E+00  0.7904851874E+05
  0.3933333333E+00  0.7913335055E+05
  0.3936111111E+00  0.7921818202E+05
  0.3938888889E+00  0.7930301382E+05
  0.3941666667E+00  0.7938784563E+05
  0.3944444444E+00  0.7947267722E+05
  0.3947222222E+00  0.7955750903E+05
  0.3950000000E+00  0.7964234050E+05
  0.3952777778E+00  0.7972514964E+05
  0.3955555556E+00  0.7980795856E+05
  0.3958333333E+00  0.7989076769E+05
  0.3961111111E+00  0.7997357650E+05
  0.3963888889E+00  0.8005638575E+05
  0.3966666667E+00  0.8013919455E+05
  0.3969444444E+00  0.8022200369E+05
  0.3972222222E+00  0.8030481260E+05
  0.3975000000E+00  0.8038762174E+05
  0.3977777778E+00  0.8047043054E+05
  0.3980555556E+00  0.8055323980E+05
  0.3983333333E+00  0.8063604859E+05
  0.3986111111E+00  0.8071885773E+05
  0.3988888889E+00  0.8080166665E+05
  0.3991666667E+00  0.8088447578E+05
  0.3994444444E+00  0.8096728459E+05
  0.3997222222E+00  0.8105009384E+05
  0.4000000000E+00  0.8113290264E+05
  0.4002777778E+00  0.8120809318E+05
  0.4005555556E+00  0.8128328405E+05
  0.4008333333E+00  0.8135847459E+05
  0.4011111111E+00  0.8143366512E+05
  0.4013888889E+00  0.8150885566E+05
  0.4016666667E+00  0.8158404620E+05
  0.4019444444E+00  0.8165923673E+05
  0.4022222222E+00  0.8173442660E+05
  0.4025000000E+00  0.8180961714E+05
  0.4027777778E+00  0.8188480768E+05
  0.4030555556E+00  0.8195999810E+05
  0.4033333333E+00  0.8203518864E+05
  0.4036111111E+00  0.8211037950E+05
  0.4038888889E+00  0.8218557004E+05
  0.4041666667E+00  0.8226076058E+05
  0.4044444444E+00  0.8233595112E+05
  0.4047222222E+00  0.8241114065E+05
  0.4050000000E+00  0.8248633119E+05
  0.4052777778E+00  0.8254909162E+05
  0.4055555556E+00  0.8261185182E+05
  0.4058333333E+00  0.8267461193E+05
  0.4061111111E+00  0.8273737202E+05
  0.4063888889E+00  0.8280013212E+05
  0.4066666667E+00  0.8286289332E+05
  0.4069444444E+00  0.8292565375E+05
  0.4072222222E+00  0.8298841385E+05
  0.4075000000E+00  0.8305117405E+05
  0.4077777778E+00  0.8311393416E+05
  0.4080555556E+00  0.8317669425E+05
  0.4083333333E+00  0.8323945435E+05
  0.4086111111E+00  0.8330221489E+05
  0.4088888889E+00  0.8336497498E+05
  0.4091666667E+00  0.8342773507E+05
  0.4094444444E+00  0.8349049517E+05
  0.4097222222E+00  0.8355325539E+05
  0.4100000000E+00  0.8361601548E+05
  0.4102777778E+00  0.8366249985E+05
  0.4105555556E+00  0.8370898512E+05
  0.4108333333E+00  0.8375546950E+05
  0.4111111111E+00  0.8380195442E+05
  0.4113888889E+00  0.8384843881E+05
  0.4116666667E+00  0.8389492318E+05
  0.4119444444E+00  0.8394140811E+05
  0.4122222222E+00  0.8398789249E+05
  0.4125000000E+00  0.8403437775E+05
  0.4127777778E+00  0.8408086213E+05
  0.4130555556E+00  0.8412734617E+05
  0.4133333333E+00  0.8417383143E+05
  0.4136111111E+00  0.8422031582E+05
  0.4138888889E+00  0.8426679974E+05
  0.4141666667E+00  0.8431328511E+05
  0.4144444444E+00  0.8435976950E+05
  0.4147222222E+00  0.8440625475E+05
  0.4150000000E+00  0.8445273881E+05
  0.4152777778E+00  0.8448019356E+05
  0.4155555556E+00  0.8450764886E+05
  0.4158333333E+00  0.8453510328E+05
  0.4161111111E+00  0.8456255771E+05
  0.4163888889E+00  0.8459001313E+05
  0.4166666667E+00  0.8461746743E+05
  0.4169444444E+00  0.8464492185E+05
  0.4172222222E+00  0.8467237761E+05
  0.4175000000E+00  0.8469983203E+05
  0.4177777778E+00  0.8472728734E+05
  0.4180555556E+00  0.8475474176E+05
  0.4183333333E+00  0.8478219619E+05
  0.4186111111E+00  0.8480965160E+05
  0.4188888889E+00  0.8483710602E+05
  0.4191666667E+00  0.8486456066E+05
  0.4194444444E+00  0.8489201609E+05
  0.4197222222E+00  0.8491947051E+05
  0.4200000000E+00  0.8494692493E+05
  0.4202777778E+00  0.8495381033E+05
  0.4205555556E+00  0.8496069574E+05
  0.4208333333E+00  0.8496758080E+05
  0.4211111111E+00  0.8497446620E+05
  0.4213888889E+00  0.8498135160E+05
  0.4216666667E+00  0.8498823701E+05
  0.4219444444E+00  0.8499512242E+05
  0.4222222222E+00  0.8500200749E+05
  0.4225000000E+00  0.8500889288E+05
  0.4227777778E+00  0.8501577828E+05
  0.4230555556E+00  0.8502266369E+05
  0.4233333333E+00  0.8502954910E+05
  0.4236111111E+00  0.8503643450E+05
  0.4238888889E+00  0.8504331856E+05
  0.4241666667E+00  0.8505020396E+05
  0.4244444444E+00  0.8505708937E+05
  0.4247222222E+00  0.8506397478E+05
  0.4250000000E+00  0.8507086018E+05
  0.4252777778E+00  0.8505684028E+05
  0.4255555556E+00  0.8504282171E+05
  0.4258333333E+00  0.8502880193E+05
  0.4261111111E+00  0.8501478236E+05
  0.4263888889E+00  0.8500076246E+05
  0.4266666667E+00  0.8498674390E+05
  0.4269444444E+00  0.8497272411E+05
  0.4272222222E+00  0.8495870454E+05
  0.4275000000E+00  0.8494468465E+05
  0.4277777778E+00  0.8493066619E+05
  0.4280555556E+00  0.8491664630E+05
  0.4283333333E+00  0.8490262673E+05
  0.4286111111E+00  0.8488860683E+05
  0.4288888889E+00  0.8487458838E+05
  0.4291666667E+00  0.8486056848E+05
  0.4294444444E+00  0.8484654891E+05
  0.4297222222E+00  0.8483252913E+05
  0.4300000000E+00  0.8481851056E+05
  0.4302777778E+00  0.8478441026E+05
  0.4305555556E+00  0.8475031143E+05
  0.4308333333E+00  0.8471621258E+05
  0.4311111111E+00  0.8468211229E+05
  0.4313888889E+00  0.8464801344E+05
  0.4316666667E+00  0.8461391448E+05
  0.4319444444E+00  0.8457981464E+05
  0.4322222222E+00  0.8454571534E+05
  0.4325000000E+00  0.8451161649E+05
  0.4327777778E+00  0.8447751654E+05
  0.4330555556E+00  0.8444341736E+05
  0.4333333333E+00  0.8440931850E+05
  0.4336111111E+00  0.8437521855E+05
  0.4338888889E+00  0.8434111937E+05
  0.4341666667E+00  0.8430702040E+05
  0.4344444444E+00  0.8427292057E+05
  0.4347222222E+00  0.8423882127E+05
  0.4350000000E+00  0.8420472242E+05
  0.4352777778E+00  0.8415241905E+05
  0.4355555556E+00  0.8410011435E+05
  0.4358333333E+00  0.8404781076E+05
  0.4361111111E+00  0.8399550738E+05
  0.4363888889E+00  0.8394320368E+05
  0.4366666667E+00  0.8389089998E+05
  0.4369444444E+00  0.8383859671E+05
  0.4372222222E+00  0.8378629301E+05
  0.4375000000E+00  0.8373398931E+05
  0.4377777778E+00  0.8368168594E+05
  0.4380555556E+00  0.8362938134E+05
  0.4383333333E+00  0.8357707764E+05
  0.4386111111E+00  0.8352477427E+05
  0.4388888889E+00  0.8347247056E+05
  0.4391666667E+00  0.8342016697E+05
  0.4394444444E+00  0.8336786361E+05
  0.4397222222E+00  0.8331555990E+05
  0.4400000000E+00  0.8326325619E+05
  0.4402777778E+00  0.8319553921E+05
  0.4405555556E+00  0.8312782221E+05
  0.4408333333E+00  0.8306010421E+05
  0.4411111111E+00  0.8299238690E+05
  0.4413888889E+00  0.8292466990E+05
  0.4416666667E+00  0.8285695291E+05
  0.4419444444E+00  0.8278923559E+05
  0.4422222222E+00  0.8272151860E+05
  0.4425000000E+00  0.8265380160E+05
  0.4427777778E+00  0.8258608460E+05
  0.4430555556E+00  0.8251836729E+05
  0.4433333333E+00  0.8245065029E+05
  0.4436111111E+00  0.8238293330E+05
  0.4438888889E+00  0.8231521598E+05
  0.4441666667E+00  0.8224749798E+05
  0.4444444444E+00  0.8217978088E+05
  0.4447222222E+00  0.8211206389E+05
  0.4450000000E+00  0.8204434656E+05
  0.4452777778E+00  0.8196465454E+05
  0.4455555556E+00  0.8188496241E+05
  0.4458333333E+00  0.8180526995E+05
  0.4461111111E+00  0.8172557781E+05
  0.4463888889E+00  0.8164588569E+05
  0.4466666667E+00  0.8156619333E+05
  0.4469444444E+00  0.8148650120E+05
  0.4472222222E+00  0.8140681007E+05
  0.4475000000E+00  0.8132711760E+05
  0.4477777778E+00  0.8124742547E+05
  0.4480555556E+00  0.8116773334E+05
  0.4483333333E+00  0.8108804098E+05
  0.4486111111E+00  0.8100834886E+05
  0.4488888889E+00  0.8092865672E+05
  0.4491666667E+00  0.8084896425E+05
  0.4494444444E+00  0.8076927213E+05
  0.4497222222E+00  0.8068958010E+05
  0.4500000000E+00  0.8060988764E+05
  0.4502777778E+00  0.8052214540E+05
  0.4505555556E+00  0.8043440292E+05
  0.4508333333E+00  0.8034666135E+05
  0.4511111111E+00  0.8025891876E+05
  0.4513888889E+00  0.8017117664E+05
  0.4516666667E+00  0.8008343406E+05
  0.4519444444E+00  0.7999569148E+05
  0.4522222222E+00  0.7990795001E+05
  0.4525000000E+00  0.7982020744E+05
  0.4527777778E+00  0.7973246530E+05
  0.4530555556E+00  0.7964472273E+05
  0.4533333333E+00  0.7955698014E+05
  0.4536111111E+00  0.7946923868E+05
  0.4538888889E+00  0.7938149643E+05
  0.4541666667E+00  0.7929375386E+05
  0.4544444444E+00  0.7920601138E+05
  0.4547222222E+00  0.7911826881E+05
  0.4550000000E+00  0.7903052734E+05
  0.4552777778E+00  0.7893889582E+05
  0.4555555556E+00  0.7884726446E+05
  0.4558333333E+00  0.7875563311E+05
  0.4561111111E+00  0.7866400187E+05
  0.4563888889E+00  0.7857237062E+05
  0.4566666667E+00  0.7848073926E+05
  0.4569444444E+00  0.7838910824E+05
  0.4572222222E+00  0.7829747700E+05
  0.4575000000E+00  0.7820584564E+05
  0.4577777778E+00  0.7811421430E+05
  0.4580555556E+00  0.7802258305E+05
  0.4583333333E+00  0.7793095170E+05
  0.4586111111E+00  0.7783932068E+05
  0.4588888889E+00  0.7774768933E+05
  0.4591666667E+00  0.7765605808E+05
  0.4594444444E+00  0.7756442673E+05
  0.4597222222E+00  0.7747279548E+05
  0.4600000000E+00  0.7738116413E+05
  0.4602777778E+00  0.7728977524E+05
  0.4605555556E+00  0.7719838646E+05
  0.4608333333E+00  0.7710699769E+05
  0.4611111111E+00  0.7701560848E+05
  0.4613888889E+00  0.7692421969E+05
  0.4616666667E+00  0.7683283082E+05
  0.4619444444E+00  0.7674144204E+05
  0.4622222222E+00  0.7665005315E+05
  0.4625000000E+00  0.7655866393E+05
  0.4627777778E+00  0.7646727516E+05
  0.4630555556E+00  0.7637588638E+05
  0.4633333333E+00  0.7628449751E+05
  0.4636111111E+00  0.7619310872E+05
  0.4638888889E+00  0.7610171961E+05
  0.4641666667E+00  0.7601033062E+05
  0.4644444444E+00  0.7591894185E+05
  0.4647222222E+00  0.7582755306E+05
  0.4650000000E+00  0.7573616385E+05
  0.4652777778E+00  0.7564890353E+05
  0.4655555556E+00  0.7556164322E+05
  0.4658333333E+00  0.7547438289E+05
  0.4661111111E+00  0.7538712268E+05
  0.4663888889E+00  0.7529986235E+05
  0.4666666667E+00  0.7521260204E+05
  0.4669444444E+00  0.7512534162E+05
  0.4672222222E+00  0.7503808129E+05
  0.4675000000E+00  0.7495082064E+05
  0.4677777778E+00  0.7486356032E+05
  0.4680555556E+00  0.7477630011E+05
  0.4683333333E+00  0.7468903979E+05
  0.4686111111E+00  0.7460177947E+05
  0.4688888889E+00  0.7451451915E+05
  0.4691666667E+00  0.7442725883E+05
  0.4694444444E+00  0.7433999841E+05
  0.4697222222E+00  0.7425273808E+05
  0.4700000000E+00  0.7416547743E+05
  0.4702777778E+00  0.7408578488E+05
  0.4705555556E+00  0.7400609179E+05
  0.4708333333E+00  0.7392639913E+05
  0.4711111111E+00  0.7384670604E+05
  0.4713888889E+00  0.7376701328E+05
  0.4716666667E+00  0.7368732029E+05
  0.4719444444E+00  0.7360762765E+05
  0.4722222222E+00  0.7352793466E+05
  0.4725000000E+00  0.7344824190E+05
  0.4727777778E+00  0.7336854890E+05
  0.4730555556E+00  0.7328885614E+05
  0.4733333333E+00  0.7320916305E+05
  0.4736111111E+00  0.7312947050E+05
  0.4738888889E+00  0.7304977741E+05
  0.4741666667E+00  0.7297008475E+05
  0.4744444444E+00  0.7289039167E+05
  0.4747222222E+00  0.7281069901E+05
  0.4750000000E+00  0.7273100592E+05
  0.4752777778E+00  0.7266171663E+05
  0.4755555556E+00  0.7259242766E+05
  0.4758333333E+00  0.7252313838E+05
  0.4761111111E+00  0.7245384919E+05
  0.4763888889E+00  0.7238455990E+05
  0.4766666667E+00  0.7231527049E+05
  0.4769444444E+00  0.7224598154E+05
  0.4772222222E+00  0.7217669225E+05
  0.4775000000E+00  0.7210740296E+05
  0.4777777778E+00  0.7203811377E+05
  0.4780555556E+00  0.7196882481E+05
  0.4783333333E+00  0.7189953541E+05
  0.4786111111E+00  0.7183024612E+05
  0.4788888889E+00  0.7176095684E+05
  0.4791666667E+00  0.7169166754E+05
  0.4794444444E+00  0.7162237859E+05
  0.4797222222E+00  0.7155308940E+05
  0.4800000000E+00  0.7148380000E+05
  0.4802777778E+00  0.7142700166E+05
  0.4805555556E+00  0.7137020376E+05
  0.4808333333E+00  0.7131340543E+05
  0.4811111111E+00  0.7125660710E+05
  0.4813888889E+00  0.7119980908E+05
  0.4816666667E+00  0.7114301085E+05
  0.4819444444E+00  0.7108621241E+05
  0.4822222222E+00  0.7102941451E+05
  0.4825000000E+00  0.7097261606E+05
  0.4827777778E+00  0.7091581784E+05
  0.4830555556E+00  0.7085901983E+05
  0.4833333333E+00  0.7080222150E+05
  0.4836111111E+00  0.7074542315E+05
  0.4838888889E+00  0.7068862525E+05
  0.4841666667E+00  0.7063182682E+05
  0.4844444444E+00  0.7057502892E+05
  0.4847222222E+00  0.7051823047E+05
  0.4850000000E+00  0.7046143224E+05
  0.4852777778E+00  0.7041842720E+05
  0.4855555556E+00  0.7037542218E+05
  0.4858333333E+00  0.7033241714E+05
  0.4861111111E+00  0.7028941221E+05
  0.4863888889E+00  0.7024640707E+05
  0.4866666667E+00  0.7020340216E+05
  0.4869444444E+00  0.7016039711E+05
  0.4872222222E+00  0.7011739209E+05
  0.4875000000E+00  0.7007438705E+05
  0.4877777778E+00  0.7003138213E+05
  0.4880555556E+00  0.6998837699E+05
  0.4883333333E+00  0.6994537206E+05
  0.4886111111E+00  0.6990236702E+05
  0.4888888889E+00  0.6985936200E+05
  0.4891666667E+00  0.6981635696E+05
  0.4894444444E+00  0.6977335203E+05
  0.4897222222E+00  0.6973034699E+05
  0.4900000000E+00  0.6968734198E+05
  0.4902777778E+00  0.6965860216E+05
  0.4905555556E+00  0.6962986223E+05
  0.4908333333E+00  0.6960112243E+05
  0.4911111111E+00  0.6957238262E+05
  0.4913888889E+00  0.6954364302E+05
  0.4916666667E+00  0.6951490288E+05
  0.4919444444E+00  0.6948616319E+05
  0.4922222222E+00  0.6945742337E+05
  0.4925000000E+00  0.6942868344E+05
  0.4927777778E+00  0.6939994364E+05
  0.4930555556E+00  0.6937120383E+05
  0.4933333333E+00  0.6934246390E+05
  0.4936111111E+00  0.6931372409E+05
  0.4938888889E+00  0.6928498440E+05
  0.4941666667E+00  0.6925624459E+05
  0.4944444444E+00  0.6922750454E+05
  0.4947222222E+00  0.6919876485E+05
  0.4950000000E+00  0.6917002504E+05
