  0.1027777778E-01  0.2256815225E+08
  0.1055555556E-01  0.2254279327E+08
  0.1083333333E-01  0.2251743408E+08
  0.1111111111E-01  0.2249207499E+08
  0.1138888889E-01  0.2246671601E+08
  0.1166666667E-01  0.2244135683E+08
  0.1194444444E-01  0.2241599773E+08
  0.1222222222E-01  0.2239063864E+08
  0.1250000000E-01  0.2236527956E+08
  0.1277777778E-01  0.2233992047E+08
  0.1305555556E-01  0.2231456138E+08
  0.1333333333E-01  0.2228920229E+08
  0.1361111111E-01  0.2226384322E+08
  0.1388888889E-01  0.2223848413E+08
  0.1416666667E-01  0.2221312504E+08
  0.1444444444E-01  0.2218776596E+08
  0.1472222222E-01  0.2216240686E+08
  0.1500000000E-01  0.2213704777E+08
  0.1527777778E-01  0.2210236620E+08
  0.1555555556E-01  0.2206768439E+08
  0.1583333333E-01  0.2203300246E+08
  0.1611111111E-01  0.2199832056E+08
  0.1638888889E-01  0.2196363908E+08
  0.1666666667E-01  0.2192895717E+08
  0.1694444444E-01  0.2189427535E+08
  0.1722222222E-01  0.2185959344E+08
  0.1750000000E-01  0.2182491196E+08
  0.1777777778E-01  0.2179022994E+08
  0.1805555556E-01  0.2175554812E+08
  0.1833333333E-01  0.2172086654E+08
  0.1861111111E-01  0.2168618473E+08
  0.1888888889E-01  0.2165150281E+08
  0.1916666667E-01  0.2161682100E+08
  0.1944444444E-01  0.2158213942E+08
  0.1972222222E-01  0.2154745761E+08
  0.2000000000E-01  0.2151277569E+08
  0.2027777778E-01  0.2146953977E+08
  0.2055555556E-01  0.2142630383E+08
  0.2083333333E-01  0.2138306790E+08
  0.2111111111E-01  0.2133983164E+08
  0.2138888889E-01  0.2129659581E+08
  0.2166666667E-01  0.2125335987E+08
  0.2194444444E-01  0.2121012394E+08
  0.2222222222E-01  0.2116688768E+08
  0.2250000000E-01  0.2112365174E+08
  0.2277777778E-01  0.2108041581E+08
  0.2305555556E-01  0.2103717989E+08
  0.2333333333E-01  0.2099394395E+08
  0.2361111111E-01  0.2095070768E+08
  0.2388888889E-01  0.2090747176E+08
  0.2416666667E-01  0.2086423583E+08
  0.2444444444E-01  0.2082099989E+08
  0.2472222222E-01  0.2077776406E+08
  0.2500000000E-01  0.2073452780E+08
  0.2527777778E-01  0.2068369288E+08
  0.2555555556E-01  0.2063285776E+08
  0.2583333333E-01  0.2058202272E+08
  0.2611111111E-01  0.2053118759E+08
  0.2638888889E-01  0.2048035245E+08
  0.2666666667E-01  0.2042951730E+08
  0.2694444444E-01  0.2037868251E+08
  0.2722222222E-01  0.2032784737E+08
  0.2750000000E-01  0.2027701234E+08
  0.2777777778E-01  0.2022617720E+08
  0.2805555556E-01  0.2017534206E+08
  0.2833333333E-01  0.2012450726E+08
  0.2861111111E-01  0.2007367212E+08
  0.2888888889E-01  0.2002283709E+08
  0.2916666667E-01  0.1997200195E+08
  0.2944444444E-01  0.1992116672E+08
  0.2972222222E-01  0.1987033201E+08
  0.3000000000E-01  0.1981949689E+08
  0.3027777778E-01  0.1976216836E+08
  0.3055555556E-01  0.1970484006E+08
  0.3083333333E-01  0.1964751143E+08
  0.3111111111E-01  0.1959018313E+08
  0.3138888889E-01  0.1953285460E+08
  0.3166666667E-01  0.1947552598E+08
  0.3194444444E-01  0.1941819768E+08
  0.3222222222E-01  0.1936086916E+08
  0.3250000000E-01  0.1930354086E+08
  0.3277777778E-01  0.1924621233E+08
  0.3305555556E-01  0.1918888393E+08
  0.3333333333E-01  0.1913155541E+08
  0.3361111111E-01  0.1907422722E+08
  0.3388888889E-01  0.1901689858E+08
  0.3416666667E-01  0.1895956996E+08
  0.3444444444E-01  0.1890224166E+08
  0.3472222222E-01  0.1884491313E+08
  0.3500000000E-01  0.1878758494E+08
  0.3527777778E-01  0.1872495740E+08
  0.3555555556E-01  0.1866232994E+08
  0.3583333333E-01  0.1859970250E+08
  0.3611111111E-01  0.1853707505E+08
  0.3638888889E-01  0.1847444760E+08
  0.3666666667E-01  0.1841182006E+08
  0.3694444444E-01  0.1834919260E+08
  0.3722222222E-01  0.1828656517E+08
  0.3750000000E-01  0.1822393772E+08
  0.3777777778E-01  0.1816131026E+08
  0.3805555556E-01  0.1809868283E+08
  0.3833333333E-01  0.1803605538E+08
  0.3861111111E-01  0.1797342783E+08
  0.3888888889E-01  0.1791080038E+08
  0.3916666667E-01  0.1784817294E+08
  0.3944444444E-01  0.1778554549E+08
  0.3972222222E-01  0.1772291804E+08
  0.4000000000E-01  0.1766029050E+08
  0.4027777778E-01  0.1759363936E+08
  0.4055555556E-01  0.1752698834E+08
  0.4083333333E-01  0.1746033721E+08
  0.4111111111E-01  0.1739368609E+08
  0.4138888889E-01  0.1732703496E+08
  0.4166666667E-01  0.1726038394E+08
  0.4194444444E-01  0.1719373282E+08
  0.4222222222E-01  0.1712708135E+08
  0.4250000000E-01  0.1706043023E+08
  0.4277777778E-01  0.1699377910E+08
  0.4305555556E-01  0.1692712808E+08
  0.4333333333E-01  0.1686047696E+08
  0.4361111111E-01  0.1679382583E+08
  0.4388888889E-01  0.1672717471E+08
  0.4416666667E-01  0.1666052368E+08
  0.4444444444E-01  0.1659387256E+08
  0.4472222222E-01  0.1652722142E+08
  0.4500000000E-01  0.1646057030E+08
  0.4527777778E-01  0.1639119389E+08
  0.4555555556E-01  0.1632181773E+08
  0.4583333333E-01  0.1625244122E+08
  0.4611111111E-01  0.1618306516E+08
  0.4638888889E-01  0.1611368875E+08
  0.4666666667E-01  0.1604431225E+08
  0.4694444444E-01  0.1597493607E+08
  0.4722222222E-01  0.1590555957E+08
  0.4750000000E-01  0.1583618349E+08
  0.4777777778E-01  0.1576680709E+08
  0.4805555556E-01  0.1569743059E+08
  0.4833333333E-01  0.1562805441E+08
  0.4861111111E-01  0.1555867801E+08
  0.4888888889E-01  0.1548930150E+08
  0.4916666667E-01  0.1541992533E+08
  0.4944444444E-01  0.1535054892E+08
  0.4972222222E-01  0.1528117286E+08
  0.5000000000E-01  0.1521179635E+08
  0.5027777778E-01  0.1514098050E+08
  0.5055555556E-01  0.1507016465E+08
  0.5083333333E-01  0.1499934890E+08
  0.5111111111E-01  0.1492853305E+08
  0.5138888889E-01  0.1485771719E+08
  0.5166666667E-01  0.1478690134E+08
  0.5194444444E-01  0.1471608549E+08
  0.5222222222E-01  0.1464526964E+08
  0.5250000000E-01  0.1457445389E+08
  0.5277777778E-01  0.1450363804E+08
  0.5305555556E-01  0.1443282219E+08
  0.5333333333E-01  0.1436200633E+08
  0.5361111111E-01  0.1429119048E+08
  0.5388888889E-01  0.1422037463E+08
  0.5416666667E-01  0.1414955888E+08
  0.5444444444E-01  0.1407874314E+08
  0.5472222222E-01  0.1400792729E+08
  0.5500000000E-01  0.1393711144E+08
  0.5527777778E-01  0.1386609077E+08
  0.5555555556E-01  0.1379506988E+08
  0.5583333333E-01  0.1372404888E+08
  0.5611111111E-01  0.1365302799E+08
  0.5638888889E-01  0.1358200744E+08
  0.5666666667E-01  0.1351098643E+08
  0.5694444444E-01  0.1343996554E+08
  0.5722222222E-01  0.1336894488E+08
  0.5750000000E-01  0.1329792399E+08
  0.5777777778E-01  0.1322690310E+08
  0.5805555556E-01  0.1315588243E+08
  0.5833333333E-01  0.1308486154E+08
  0.5861111111E-01  0.1301384054E+08
  0.5888888889E-01  0.1294281965E+08
  0.5916666667E-01  0.1287179909E+08
  0.5944444444E-01  0.1280077809E+08
  0.5972222222E-01  0.1272975720E+08
  0.6000000000E-01  0.1265873653E+08
  0.6027777778E-01  0.1258866700E+08
  0.6055555556E-01  0.1251859749E+08
  0.6083333333E-01  0.1244852796E+08
  0.6111111111E-01  0.1237845843E+08
  0.6138888889E-01  0.1230838890E+08
  0.6166666667E-01  0.1223831937E+08
  0.6194444444E-01  0.1216824984E+08
  0.6222222222E-01  0.1209818031E+08
  0.6250000000E-01  0.1202811099E+08
  0.6277777778E-01  0.1195804146E+08
  0.6305555556E-01  0.1188797194E+08
  0.6333333333E-01  0.1181790241E+08
  0.6361111111E-01  0.1174783288E+08
  0.6388888889E-01  0.1167776335E+08
  0.6416666667E-01  0.1160769382E+08
  0.6444444444E-01  0.1153762440E+08
  0.6472222222E-01  0.1146755487E+08
  0.6500000000E-01  0.1139748534E+08
  0.6527777778E-01  0.1132940882E+08
  0.6555555556E-01  0.1126133221E+08
  0.6583333333E-01  0.1119325565E+08
  0.6611111111E-01  0.1112517924E+08
  0.6638888889E-01  0.1105710263E+08
  0.6666666667E-01  0.1098902611E+08
  0.6694444444E-01  0.1092094946E+08
  0.6722222222E-01  0.1085287305E+08
  0.6750000000E-01  0.1078479653E+08
  0.6777777778E-01  0.1071671988E+08
  0.6805555556E-01  0.1064864336E+08
  0.6833333333E-01  0.1058056689E+08
  0.6861111111E-01  0.1051249026E+08
  0.6888888889E-01  0.1044441377E+08
  0.6916666667E-01  0.1037633717E+08
  0.6944444444E-01  0.1030826067E+08
  0.6972222222E-01  0.1024018416E+08
  0.7000000000E-01  0.1017210756E+08
  0.7027777778E-01  0.1010693383E+08
  0.7055555556E-01  0.1004176003E+08
  0.7083333333E-01  0.9976586302E+07
  0.7111111111E-01  0.9911412506E+07
  0.7138888889E-01  0.9846238788E+07
  0.7166666667E-01  0.9781064959E+07
  0.7194444444E-01  0.9715891162E+07
  0.7222222222E-01  0.9650717433E+07
  0.7250000000E-01  0.9585543633E+07
  0.7277777778E-01  0.9520369904E+07
  0.7305555556E-01  0.9455196073E+07
  0.7333333333E-01  0.9390022388E+07
  0.7361111111E-01  0.9324848558E+07
  0.7388888889E-01  0.9259674762E+07
  0.7416666667E-01  0.9194501033E+07
  0.7444444444E-01  0.9129327233E+07
  0.7472222222E-01  0.9064153503E+07
  0.7500000000E-01  0.8998979685E+07
  0.7527777778E-01  0.8937465015E+07
  0.7555555556E-01  0.8875950312E+07
  0.7583333333E-01  0.8814435624E+07
  0.7611111111E-01  0.8752920953E+07
  0.7638888889E-01  0.8691406250E+07
  0.7666666667E-01  0.8629891592E+07
  0.7694444444E-01  0.8568376888E+07
  0.7722222222E-01  0.8506862185E+07
  0.7750000000E-01  0.8445347531E+07
  0.7777777778E-01  0.8383832826E+07
  0.7805555556E-01  0.8322318134E+07
  0.7833333333E-01  0.8260803465E+07
  0.7861111111E-01  0.8199288762E+07
  0.7888888889E-01  0.8137774070E+07
  0.7916666667E-01  0.8076259401E+07
  0.7944444444E-01  0.8014744599E+07
  0.7972222222E-01  0.7953229941E+07
  0.8000000000E-01  0.7891715238E+07
  0.8027777778E-01  0.7834458322E+07
  0.8055555556E-01  0.7777201283E+07
  0.8083333333E-01  0.7719944368E+07
  0.8111111111E-01  0.7662687351E+07
  0.8138888889E-01  0.7605430401E+07
  0.8166666667E-01  0.7548173485E+07
  0.8194444444E-01  0.7490916480E+07
  0.8222222222E-01  0.7433659531E+07
  0.8250000000E-01  0.7376402514E+07
  0.8277777778E-01  0.7319145599E+07
  0.8305555556E-01  0.7261888582E+07
  0.8333333333E-01  0.7204631643E+07
  0.8361111111E-01  0.7147374627E+07
  0.8388888889E-01  0.7090117712E+07
  0.8416666667E-01  0.7032860662E+07
  0.8444444444E-01  0.6975603745E+07
  0.8472222222E-01  0.6918346740E+07
  0.8500000000E-01  0.6861089791E+07
  0.8527777778E-01  0.6808522417E+07
  0.8555555556E-01  0.6755955010E+07
  0.8583333333E-01  0.6703387591E+07
  0.8611111111E-01  0.6650820216E+07
  0.8638888889E-01  0.6598252809E+07
  0.8666666667E-01  0.6545685402E+07
  0.8694444444E-01  0.6493118028E+07
  0.8722222222E-01  0.6440550620E+07
  0.8750000000E-01  0.6387983213E+07
  0.8777777778E-01  0.6335415827E+07
  0.8805555556E-01  0.6282848421E+07
  0.8833333333E-01  0.6230281014E+07
  0.8861111111E-01  0.6177713639E+07
  0.8888888889E-01  0.6125146232E+07
  0.8916666667E-01  0.6072578824E+07
  0.8944444444E-01  0.6020011417E+07
  0.8972222222E-01  0.5967444043E+07
  0.9000000000E-01  0.5914876624E+07
  0.9027777778E-01  0.5867270490E+07
  0.9055555556E-01  0.5819664455E+07
  0.9083333333E-01  0.5772058310E+07
  0.9111111111E-01  0.5724452175E+07
  0.9138888889E-01  0.5676846163E+07
  0.9166666667E-01  0.5629240028E+07
  0.9194444444E-01  0.5581633994E+07
  0.9222222222E-01  0.5534027848E+07
  0.9250000000E-01  0.5486421814E+07
  0.9277777778E-01  0.5438815668E+07
  0.9305555556E-01  0.5391209584E+07
  0.9333333333E-01  0.5343603479E+07
  0.9361111111E-01  0.5295997384E+07
  0.9388888889E-01  0.5248391300E+07
  0.9416666667E-01  0.5200785194E+07
  0.9444444444E-01  0.5153179133E+07
  0.9472222222E-01  0.5105573037E+07
  0.9500000000E-01  0.5057966943E+07
  0.9527777778E-01  0.5015440694E+07
  0.9555555556E-01  0.4972914478E+07
  0.9583333333E-01  0.4930388263E+07
  0.9611111111E-01  0.4887862015E+07
  0.9638888889E-01  0.4845335788E+07
  0.9666666667E-01  0.4802809584E+07
  0.9694444444E-01  0.4760283369E+07
  0.9722222222E-01  0.4717757109E+07
  0.9750000000E-01  0.4675230904E+07
  0.9777777778E-01  0.4632704689E+07
  0.9805555556E-01  0.4590178430E+07
  0.9833333333E-01  0.4547652225E+07
  0.9861111111E-01  0.4505126009E+07
  0.9888888889E-01  0.4462599750E+07
  0.9916666667E-01  0.4420073535E+07
  0.9944444444E-01  0.4377547329E+07
  0.9972222222E-01  0.4335021070E+07
  0.1000000000E+00  0.4292494856E+07
  0.1002777778E+00  0.4255024524E+07
  0.1005555556E+00  0.4217554194E+07
  0.1008333333E+00  0.4180083862E+07
  0.1011111111E+00  0.4142613498E+07
  0.1013888889E+00  0.4105143167E+07
  0.1016666667E+00  0.4067672837E+07
  0.1019444444E+00  0.4030202515E+07
  0.1022222222E+00  0.3992732151E+07
  0.1025000000E+00  0.3955261820E+07
  0.1027777778E+00  0.3917791490E+07
  0.1030555556E+00  0.3880321158E+07
  0.1033333333E+00  0.3842850794E+07
  0.1036111111E+00  0.3805380463E+07
  0.1038888889E+00  0.3767910132E+07
  0.1041666667E+00  0.3730439790E+07
  0.1044444444E+00  0.3692969459E+07
  0.1047222222E+00  0.3655499094E+07
  0.1050000000E+00  0.3618028764E+07
  0.1052777778E+00  0.3585470894E+07
  0.1055555556E+00  0.3552913034E+07
  0.1058333333E+00  0.3520355132E+07
  0.1061111111E+00  0.3487797260E+07
  0.1063888889E+00  0.3455239391E+07
  0.1066666667E+00  0.3422681532E+07
  0.1069444444E+00  0.3390123617E+07
  0.1072222222E+00  0.3357565758E+07
  0.1075000000E+00  0.3325007888E+07
  0.1077777778E+00  0.3292450019E+07
  0.1080555556E+00  0.3259892114E+07
  0.1083333333E+00  0.3227334245E+07
  0.1086111111E+00  0.3194776386E+07
  0.1088888889E+00  0.3162218505E+07
  0.1091666667E+00  0.3129660612E+07
  0.1094444444E+00  0.3097102742E+07
  0.1097222222E+00  0.3064544883E+07
  0.1100000000E+00  0.3031987002E+07
  0.1102777778E+00  0.3004091444E+07
  0.1105555556E+00  0.2976195885E+07
  0.1108333333E+00  0.2948300350E+07
  0.1111111111E+00  0.2920404781E+07
  0.1113888889E+00  0.2892509223E+07
  0.1116666667E+00  0.2864613688E+07
  0.1119444444E+00  0.2836718129E+07
  0.1122222222E+00  0.2808822559E+07
  0.1125000000E+00  0.2780927035E+07
  0.1127777778E+00  0.2753031466E+07
  0.1130555556E+00  0.2725135907E+07
  0.1133333333E+00  0.2697240372E+07
  0.1136111111E+00  0.2669344814E+07
  0.1138888889E+00  0.2641449245E+07
  0.1141666667E+00  0.2613553710E+07
  0.1144444444E+00  0.2585658162E+07
  0.1147222222E+00  0.2557762592E+07
  0.1150000000E+00  0.2529867024E+07
  0.1152777778E+00  0.2506302922E+07
  0.1155555556E+00  0.2482738776E+07
  0.1158333333E+00  0.2459174640E+07
  0.1161111111E+00  0.2435610494E+07
  0.1163888889E+00  0.2412046369E+07
  0.1166666667E+00  0.2388482267E+07
  0.1169444444E+00  0.2364918120E+07
  0.1172222222E+00  0.2341353985E+07
  0.1175000000E+00  0.2317789839E+07
  0.1177777778E+00  0.2294225704E+07
  0.1180555556E+00  0.2270661591E+07
  0.1183333333E+00  0.2247097456E+07
  0.1186111111E+00  0.2223533320E+07
  0.1188888889E+00  0.2199969174E+07
  0.1191666667E+00  0.2176405049E+07
  0.1194444444E+00  0.2152840903E+07
  0.1197222222E+00  0.2129276801E+07
  0.1200000000E+00  0.2105712666E+07
  0.1202777778E+00  0.2086088469E+07
  0.1205555556E+00  0.2066464274E+07
  0.1208333333E+00  0.2046840121E+07
  0.1211111111E+00  0.2027215925E+07
  0.1213888889E+00  0.2007591729E+07
  0.1216666667E+00  0.1987967577E+07
  0.1219444444E+00  0.1968343381E+07
  0.1222222222E+00  0.1948719185E+07
  0.1225000000E+00  0.1929095033E+07
  0.1227777778E+00  0.1909470836E+07
  0.1230555556E+00  0.1889846651E+07
  0.1233333333E+00  0.1870222489E+07
  0.1236111111E+00  0.1850598292E+07
  0.1238888889E+00  0.1830974107E+07
  0.1241666667E+00  0.1811349944E+07
  0.1244444444E+00  0.1791725748E+07
  0.1247222222E+00  0.1772101562E+07
  0.1250000000E+00  0.1752477400E+07
  0.1252777778E+00  0.1736362511E+07
  0.1255555556E+00  0.1720247611E+07
  0.1258333333E+00  0.1704132756E+07
  0.1261111111E+00  0.1688017857E+07
  0.1263888889E+00  0.1671902968E+07
  0.1266666667E+00  0.1655788112E+07
  0.1269444444E+00  0.1639673202E+07
  0.1272222222E+00  0.1623558313E+07
  0.1275000000E+00  0.1607443424E+07
  0.1277777778E+00  0.1591328559E+07
  0.1280555556E+00  0.1575213670E+07
  0.1283333333E+00  0.1559098770E+07
  0.1286111111E+00  0.1542983914E+07
  0.1288888889E+00  0.1526869015E+07
  0.1291666667E+00  0.1510754126E+07
  0.1294444444E+00  0.1494639237E+07
  0.1297222222E+00  0.1478524360E+07
  0.1300000000E+00  0.1462409472E+07
  0.1302777778E+00  0.1449355586E+07
  0.1305555556E+00  0.1436301710E+07
  0.1308333333E+00  0.1423247824E+07
  0.1311111111E+00  0.1410193938E+07
  0.1313888889E+00  0.1397140029E+07
  0.1316666667E+00  0.1384086143E+07
  0.1319444444E+00  0.1371032257E+07
  0.1322222222E+00  0.1357978381E+07
  0.1325000000E+00  0.1344924495E+07
  0.1327777778E+00  0.1331870610E+07
  0.1330555556E+00  0.1318816734E+07
  0.1333333333E+00  0.1305762848E+07
  0.1336111111E+00  0.1292708929E+07
  0.1338888889E+00  0.1279655053E+07
  0.1341666667E+00  0.1266601167E+07
  0.1344444444E+00  0.1253547291E+07
  0.1347222222E+00  0.1240493405E+07
  0.1350000000E+00  0.1227439519E+07
  0.1352777778E+00  0.1216997440E+07
  0.1355555556E+00  0.1206555360E+07
  0.1358333333E+00  0.1196113271E+07
  0.1361111111E+00  0.1185671202E+07
  0.1363888889E+00  0.1175229123E+07
  0.1366666667E+00  0.1164787067E+07
  0.1369444444E+00  0.1154344987E+07
  0.1372222222E+00  0.1143902919E+07
  0.1375000000E+00  0.1133460829E+07
  0.1377777778E+00  0.1123018750E+07
  0.1380555556E+00  0.1112576681E+07
  0.1383333333E+00  0.1102134592E+07
  0.1386111111E+00  0.1091692512E+07
  0.1388888889E+00  0.1081250433E+07
  0.1391666667E+00  0.1070808364E+07
  0.1394444444E+00  0.1060366308E+07
  0.1397222222E+00  0.1049924228E+07
  0.1400000000E+00  0.1039482160E+07
  0.1402777778E+00  0.1031218589E+07
  0.1405555556E+00  0.1022955017E+07
  0.1408333333E+00  0.1014691456E+07
  0.1411111111E+00  0.1006427895E+07
  0.1413888889E+00  0.9981643337E+06
  0.1416666667E+00  0.9899007727E+06
  0.1419444444E+00  0.9816372250E+06
  0.1422222222E+00  0.9733736573E+06
  0.1425000000E+00  0.9651100996E+06
  0.1427777778E+00  0.9568465420E+06
  0.1430555556E+00  0.9485829843E+06
  0.1433333333E+00  0.9403194266E+06
  0.1436111111E+00  0.9320558577E+06
  0.1438888889E+00  0.9237923001E+06
  0.1441666667E+00  0.9155287324E+06
  0.1444444444E+00  0.9072651747E+06
  0.1447222222E+00  0.8990016170E+06
  0.1450000000E+00  0.8907380593E+06
  0.1452777778E+00  0.8842479295E+06
  0.1455555556E+00  0.8777577785E+06
  0.1458333333E+00  0.8712676375E+06
  0.1461111111E+00  0.8647775111E+06
  0.1463888889E+00  0.8582873701E+06
  0.1466666667E+00  0.8517972303E+06
  0.1469444444E+00  0.8453070893E+06
  0.1472222222E+00  0.8388169595E+06
  0.1475000000E+00  0.8323268118E+06
  0.1477777778E+00  0.8258366765E+06
  0.1480555556E+00  0.8193465400E+06
  0.1483333333E+00  0.8128564046E+06
  0.1486111111E+00  0.8063662580E+06
  0.1488888889E+00  0.7998761260E+06
  0.1491666667E+00  0.7933859895E+06
  0.1494444444E+00  0.7868958441E+06
  0.1497222222E+00  0.7804057076E+06
  0.1500000000E+00  0.7739155711E+06
  0.1502777778E+00  0.7688314243E+06
  0.1505555556E+00  0.7637472776E+06
  0.1508333333E+00  0.7586631209E+06
  0.1511111111E+00  0.7535789742E+06
  0.1513888889E+00  0.7484948274E+06
  0.1516666667E+00  0.7434106762E+06
  0.1519444444E+00  0.7383265295E+06
  0.1522222222E+00  0.7332423828E+06
  0.1525000000E+00  0.7281582360E+06
  0.1527777778E+00  0.7230740793E+06
  0.1530555556E+00  0.7179899315E+06
  0.1533333333E+00  0.7129057848E+06
  0.1536111111E+00  0.7078216347E+06
  0.1538888889E+00  0.7027374880E+06
  0.1541666667E+00  0.6976533412E+06
  0.1544444444E+00  0.6925691834E+06
  0.1547222222E+00  0.6874850366E+06
  0.1550000000E+00  0.6824008898E+06
  0.1552777778E+00  0.6783998994E+06
  0.1555555556E+00  0.6743989079E+06
  0.1558333333E+00  0.6703979075E+06
  0.1561111111E+00  0.6663969159E+06
  0.1563888889E+00  0.6623959254E+06
  0.1566666667E+00  0.6583949339E+06
  0.1569444444E+00  0.6543939435E+06
  0.1572222222E+00  0.6503929419E+06
  0.1575000000E+00  0.6463919514E+06
  0.1577777778E+00  0.6423909599E+06
  0.1580555556E+00  0.6383899694E+06
  0.1583333333E+00  0.6343889679E+06
  0.1586111111E+00  0.6303879775E+06
  0.1588888889E+00  0.6263869859E+06
  0.1591666667E+00  0.6223859954E+06
  0.1594444444E+00  0.6183850039E+06
  0.1597222222E+00  0.6143840068E+06
  0.1600000000E+00  0.6103830153E+06
  0.1602777778E+00  0.6071904315E+06
  0.1605555556E+00  0.6039978400E+06
  0.1608333333E+00  0.6008052597E+06
  0.1611111111E+00  0.5976126682E+06
  0.1613888889E+00  0.5944200868E+06
  0.1616666667E+00  0.5912274964E+06
  0.1619444444E+00  0.5880349149E+06
  0.1622222222E+00  0.5848423246E+06
  0.1625000000E+00  0.5816497430E+06
  0.1627777778E+00  0.5784571515E+06
  0.1630555556E+00  0.5752645712E+06
  0.1633333333E+00  0.5720719764E+06
  0.1636111111E+00  0.5688793949E+06
  0.1638888889E+00  0.5656868046E+06
  0.1641666667E+00  0.5624942231E+06
  0.1644444444E+00  0.5593016327E+06
  0.1647222222E+00  0.5561090512E+06
  0.1650000000E+00  0.5529164597E+06
  0.1652777778E+00  0.5503058778E+06
  0.1655555556E+00  0.5476952949E+06
  0.1658333333E+00  0.5450847119E+06
  0.1661111111E+00  0.5424741255E+06
  0.1663888889E+00  0.5398635426E+06
  0.1666666667E+00  0.5372529607E+06
  0.1669444444E+00  0.5346423776E+06
  0.1672222222E+00  0.5320317947E+06
  0.1675000000E+00  0.5294212117E+06
  0.1677777778E+00  0.5268106287E+06
  0.1680555556E+00  0.5242000468E+06
  0.1683333333E+00  0.5215894605E+06
  0.1686111111E+00  0.5189788774E+06
  0.1688888889E+00  0.5163682944E+06
  0.1691666667E+00  0.5137577115E+06
  0.1694444444E+00  0.5111471296E+06
  0.1697222222E+00  0.5085365466E+06
  0.1700000000E+00  0.5059259635E+06
  0.1702777778E+00  0.5037188096E+06
  0.1705555556E+00  0.5015116656E+06
  0.1708333333E+00  0.4993045116E+06
  0.1711111111E+00  0.4970973687E+06
  0.1713888889E+00  0.4948902147E+06
  0.1716666667E+00  0.4926830674E+06
  0.1719444444E+00  0.4904759134E+06
  0.1722222222E+00  0.4882687695E+06
  0.1725000000E+00  0.4860616155E+06
  0.1727777778E+00  0.4838544614E+06
  0.1730555556E+00  0.4816473174E+06
  0.1733333333E+00  0.4794401634E+06
  0.1736111111E+00  0.4772330194E+06
  0.1738888889E+00  0.4750258666E+06
  0.1741666667E+00  0.4728187226E+06
  0.1744444444E+00  0.4706115686E+06
  0.1747222222E+00  0.4684044246E+06
  0.1750000000E+00  0.4661972706E+06
  0.1752777778E+00  0.4642587340E+06
  0.1755555556E+00  0.4623201963E+06
  0.1758333333E+00  0.4603816620E+06
  0.1761111111E+00  0.4584431233E+06
  0.1763888889E+00  0.4565045858E+06
  0.1766666667E+00  0.4545660470E+06
  0.1769444444E+00  0.4526275127E+06
  0.1772222222E+00  0.4506889741E+06
  0.1775000000E+00  0.4487504365E+06
  0.1777777778E+00  0.4468118977E+06
  0.1780555556E+00  0.4448733635E+06
  0.1783333333E+00  0.4429348248E+06
  0.1786111111E+00  0.4409962871E+06
  0.1788888889E+00  0.4390577485E+06
  0.1791666667E+00  0.4371192143E+06
  0.1794444444E+00  0.4351806755E+06
  0.1797222222E+00  0.4332421380E+06
  0.1800000000E+00  0.4313036036E+06
  0.1802777778E+00  0.4295379045E+06
  0.1805555556E+00  0.4277722076E+06
  0.1808333333E+00  0.4260065119E+06
  0.1811111111E+00  0.4242408118E+06
  0.1813888889E+00  0.4224751160E+06
  0.1816666667E+00  0.4207094202E+06
  0.1819444444E+00  0.4189437233E+06
  0.1822222222E+00  0.4171780243E+06
  0.1825000000E+00  0.4154123275E+06
  0.1827777778E+00  0.4136466318E+06
  0.1830555556E+00  0.4118809326E+06
  0.1833333333E+00  0.4101152368E+06
  0.1836111111E+00  0.4083495400E+06
  0.1838888889E+00  0.4065838431E+06
  0.1841666667E+00  0.4048181442E+06
  0.1844444444E+00  0.4030524473E+06
  0.1847222222E+00  0.4012867525E+06
  0.1850000000E+00  0.3995210523E+06
  0.1852777778E+00  0.3978660600E+06
  0.1855555556E+00  0.3962110653E+06
  0.1858333333E+00  0.3945560686E+06
  0.1861111111E+00  0.3929010728E+06
  0.1863888889E+00  0.3912460783E+06
  0.1866666667E+00  0.3895910858E+06
  0.1869444444E+00  0.3879360911E+06
  0.1872222222E+00  0.3862810954E+06
  0.1875000000E+00  0.3846260996E+06
  0.1877777778E+00  0.3829711051E+06
  0.1880555556E+00  0.3813161126E+06
  0.1883333333E+00  0.3796611159E+06
  0.1886111111E+00  0.3780061212E+06
  0.1888888889E+00  0.3763511255E+06
  0.1891666667E+00  0.3746961297E+06
  0.1894444444E+00  0.3730411385E+06
  0.1897222222E+00  0.3713861427E+06
  0.1900000000E+00  0.3697311482E+06
  0.1902777778E+00  0.3681518795E+06
  0.1905555556E+00  0.3665726063E+06
  0.1908333333E+00  0.3649933342E+06
  0.1911111111E+00  0.3634140655E+06
  0.1913888889E+00  0.3618347924E+06
  0.1916666667E+00  0.3602555237E+06
  0.1919444444E+00  0.3586762517E+06
  0.1922222222E+00  0.3570969819E+06
  0.1925000000E+00  0.3555177110E+06
  0.1927777778E+00  0.3539384389E+06
  0.1930555556E+00  0.3523591691E+06
  0.1933333333E+00  0.3507798971E+06
  0.1936111111E+00  0.3492006284E+06
  0.1938888889E+00  0.3476213563E+06
  0.1941666667E+00  0.3460420866E+06
  0.1944444444E+00  0.3444628145E+06
  0.1947222222E+00  0.3428835458E+06
  0.1950000000E+00  0.3413042738E+06
  0.1952777778E+00  0.3397868216E+06
  0.1955555556E+00  0.3382693696E+06
  0.1958333333E+00  0.3367519163E+06
  0.1961111111E+00  0.3352344642E+06
  0.1963888889E+00  0.3337170078E+06
  0.1966666667E+00  0.3321995556E+06
  0.1969444444E+00  0.3306821035E+06
  0.1972222222E+00  0.3291646515E+06
  0.1975000000E+00  0.3276471993E+06
  0.1977777778E+00  0.3261297462E+06
  0.1980555556E+00  0.3246122940E+06
  0.1983333333E+00  0.3230948419E+06
  0.1986111111E+00  0.3215773888E+06
  0.1988888889E+00  0.3200599332E+06
  0.1991666667E+00  0.3185424811E+06
  0.1994444444E+00  0.3170250292E+06
  0.1997222222E+00  0.3155075769E+06
  0.2000000000E+00  0.3139901238E+06
  0.2002777778E+00  0.3125353035E+06
  0.2005555556E+00  0.3110804818E+06
  0.2008333333E+00  0.3096256614E+06
  0.2011111111E+00  0.3081708421E+06
  0.2013888889E+00  0.3067160218E+06
  0.2016666667E+00  0.3052612014E+06
  0.2019444444E+00  0.3038063787E+06
  0.2022222222E+00  0.3023515583E+06
  0.2025000000E+00  0.3008967391E+06
  0.2027777778E+00  0.2994419187E+06
  0.2030555556E+00  0.2979870994E+06
  0.2033333333E+00  0.2965322756E+06
  0.2036111111E+00  0.2950774574E+06
  0.2038888889E+00  0.2936226370E+06
  0.2041666667E+00  0.2921678178E+06
  0.2044444444E+00  0.2907129940E+06
  0.2047222222E+00  0.2892581747E+06
  0.2050000000E+00  0.2878033543E+06
  0.2052777778E+00  0.2864217089E+06
  0.2055555556E+00  0.2850400645E+06
  0.2058333333E+00  0.2836584179E+06
  0.2061111111E+00  0.2822767724E+06
  0.2063888889E+00  0.2808951303E+06
  0.2066666667E+00  0.2795134859E+06
  0.2069444444E+00  0.2781318393E+06
  0.2072222222E+00  0.2767501939E+06
  0.2075000000E+00  0.2753685485E+06
  0.2077777778E+00  0.2739869040E+06
  0.2080555556E+00  0.2726052586E+06
  0.2083333333E+00  0.2712236120E+06
  0.2086111111E+00  0.2698419666E+06
  0.2088888889E+00  0.2684603254E+06
  0.2091666667E+00  0.2670786800E+06
  0.2094444444E+00  0.2656970334E+06
  0.2097222222E+00  0.2643153880E+06
  0.2100000000E+00  0.2629337436E+06
  0.2102777778E+00  0.2616405529E+06
  0.2105555556E+00  0.2603473666E+06
  0.2108333333E+00  0.2590541759E+06
  0.2111111111E+00  0.2577609852E+06
  0.2113888889E+00  0.2564677990E+06
  0.2116666667E+00  0.2551746083E+06
  0.2119444444E+00  0.2538814209E+06
  0.2122222222E+00  0.2525882302E+06
  0.2125000000E+00  0.2512950407E+06
  0.2127777778E+00  0.2500018533E+06
  0.2130555556E+00  0.2487086626E+06
  0.2133333333E+00  0.2474154730E+06
  0.2136111111E+00  0.2461222857E+06
  0.2138888889E+00  0.2448290950E+06
  0.2141666667E+00  0.2435359087E+06
  0.2144444444E+00  0.2422427180E+06
  0.2147222222E+00  0.2409495273E+06
  0.2150000000E+00  0.2396563400E+06
  0.2152777778E+00  0.2384676939E+06
  0.2155555556E+00  0.2372790488E+06
  0.2158333333E+00  0.2360904060E+06
  0.2161111111E+00  0.2349017599E+06
  0.2163888889E+00  0.2337131170E+06
  0.2166666667E+00  0.2325244720E+06
  0.2169444444E+00  0.2313358258E+06
  0.2172222222E+00  0.2301471830E+06
  0.2175000000E+00  0.2289585379E+06
  0.2177777778E+00  0.2277698951E+06
  0.2180555556E+00  0.2265812490E+06
  0.2183333333E+00  0.2253926028E+06
  0.2186111111E+00  0.2242039611E+06
  0.2188888889E+00  0.2230153139E+06
  0.2191666667E+00  0.2218266721E+06
  0.2194444444E+00  0.2206380270E+06
  0.2197222222E+00  0.2194493808E+06
  0.2200000000E+00  0.2182607381E+06
  0.2202777778E+00  0.2171909362E+06
  0.2205555556E+00  0.2161211354E+06
  0.2208333333E+00  0.2150513346E+06
  0.2211111111E+00  0.2139815338E+06
  0.2213888889E+00  0.2129117309E+06
  0.2216666667E+00  0.2118419301E+06
  0.2219444444E+00  0.2107721293E+06
  0.2222222222E+00  0.2097023285E+06
  0.2225000000E+00  0.2086325233E+06
  0.2227777778E+00  0.2075627225E+06
  0.2230555556E+00  0.2064929217E+06
  0.2233333333E+00  0.2054231200E+06
  0.2236111111E+00  0.2043533180E+06
  0.2238888889E+00  0.2032835172E+06
  0.2241666667E+00  0.2022137164E+06
  0.2244444444E+00  0.2011439157E+06
  0.2247222222E+00  0.2000741138E+06
  0.2250000000E+00  0.1990043130E+06
  0.2252777778E+00  0.1980634670E+06
  0.2255555556E+00  0.1971226187E+06
  0.2258333333E+00  0.1961817738E+06
  0.2261111111E+00  0.1952409255E+06
  0.2263888889E+00  0.1943000795E+06
  0.2266666667E+00  0.1933592312E+06
  0.2269444444E+00  0.1924183818E+06
  0.2272222222E+00  0.1914775369E+06
  0.2275000000E+00  0.1905366876E+06
  0.2277777778E+00  0.1895958437E+06
  0.2280555556E+00  0.1886549944E+06
  0.2283333333E+00  0.1877141494E+06
  0.2286111111E+00  0.1867733001E+06
  0.2288888889E+00  0.1858324551E+06
  0.2291666667E+00  0.1848916058E+06
  0.2294444444E+00  0.1839507575E+06
  0.2297222222E+00  0.1830099126E+06
  0.2300000000E+00  0.1820690643E+06
  0.2302777778E+00  0.1812622921E+06
  0.2305555556E+00  0.1804555167E+06
  0.2308333333E+00  0.1796487422E+06
  0.2311111111E+00  0.1788419712E+06
  0.2313888889E+00  0.1780351957E+06
  0.2316666667E+00  0.1772284203E+06
  0.2319444444E+00  0.1764216481E+06
  0.2322222222E+00  0.1756148748E+06
  0.2325000000E+00  0.1748080993E+06
  0.2327777778E+00  0.1740013272E+06
  0.2330555556E+00  0.1731945517E+06
  0.2333333333E+00  0.1723877772E+06
  0.2336111111E+00  0.1715810063E+06
  0.2338888889E+00  0.1707742308E+06
  0.2341666667E+00  0.1699674586E+06
  0.2344444444E+00  0.1691606832E+06
  0.2347222222E+00  0.1683539098E+06
  0.2350000000E+00  0.1675471377E+06
  0.2352777778E+00  0.1668738392E+06
  0.2355555556E+00  0.1662005406E+06
  0.2358333333E+00  0.1655272421E+06
  0.2361111111E+00  0.1648539458E+06
  0.2363888889E+00  0.1641806473E+06
  0.2366666667E+00  0.1635073488E+06
  0.2369444444E+00  0.1628340502E+06
  0.2372222222E+00  0.1621607551E+06
  0.2375000000E+00  0.1614874565E+06
  0.2377777778E+00  0.1608141580E+06
  0.2380555556E+00  0.1601408595E+06
  0.2383333333E+00  0.1594675643E+06
  0.2386111111E+00  0.1587942647E+06
  0.2388888889E+00  0.1581209661E+06
  0.2391666667E+00  0.1574476676E+06
  0.2394444444E+00  0.1567743690E+06
  0.2397222222E+00  0.1561010739E+06
  0.2400000000E+00  0.1554277753E+06
  0.2402777778E+00  0.1548819579E+06
  0.2405555556E+00  0.1543361370E+06
  0.2408333333E+00  0.1537903195E+06
  0.2411111111E+00  0.1532445010E+06
  0.2413888889E+00  0.1526986835E+06
  0.2416666667E+00  0.1521528626E+06
  0.2419444444E+00  0.1516070451E+06
  0.2422222222E+00  0.1510612266E+06
  0.2425000000E+00  0.1505154091E+06
  0.2427777778E+00  0.1499695882E+06
  0.2430555556E+00  0.1494237707E+06
  0.2433333333E+00  0.1488779522E+06
  0.2436111111E+00  0.1483321314E+06
  0.2438888889E+00  0.1477863139E+06
  0.2441666667E+00  0.1472404963E+06
  0.2444444444E+00  0.1466946779E+06
  0.2447222222E+00  0.1461488570E+06
  0.2450000000E+00  0.1456030395E+06
  0.2452777778E+00  0.1451739554E+06
  0.2455555556E+00  0.1447448669E+06
  0.2458333333E+00  0.1443157827E+06
  0.2461111111E+00  0.1438866942E+06
  0.2463888889E+00  0.1434576112E+06
  0.2466666667E+00  0.1430285237E+06
  0.2469444444E+00  0.1425994386E+06
  0.2472222222E+00  0.1421703511E+06
  0.2475000000E+00  0.1417412669E+06
  0.2477777778E+00  0.1413121818E+06
  0.2480555556E+00  0.1408830943E+06
  0.2483333333E+00  0.1404540113E+06
  0.2486111111E+00  0.1400249228E+06
  0.2488888889E+00  0.1395958387E+06
  0.2491666667E+00  0.1391667502E+06
  0.2494444444E+00  0.1387376661E+06
  0.2497222222E+00  0.1383085786E+06
  0.2500000000E+00  0.1378794934E+06
  0.2502777778E+00  0.1375525441E+06
  0.2505555556E+00  0.1372255903E+06
  0.2508333333E+00  0.1368986388E+06
  0.2511111111E+00  0.1365716894E+06
  0.2513888889E+00  0.1362447357E+06
  0.2516666667E+00  0.1359177842E+06
  0.2519444444E+00  0.1355908348E+06
  0.2522222222E+00  0.1352638833E+06
  0.2525000000E+00  0.1349369296E+06
  0.2527777778E+00  0.1346099801E+06
  0.2530555556E+00  0.1342830286E+06
  0.2533333333E+00  0.1339560759E+06
  0.2536111111E+00  0.1336291255E+06
  0.2538888889E+00  0.1333021740E+06
  0.2541666667E+00  0.1329752246E+06
  0.2544444444E+00  0.1326482698E+06
  0.2547222222E+00  0.1323213194E+06
  0.2550000000E+00  0.1319943700E+06
  0.2552777778E+00  0.1317524397E+06
  0.2555555556E+00  0.1315105148E+06
  0.2558333333E+00  0.1312685899E+06
  0.2561111111E+00  0.1310266596E+06
  0.2563888889E+00  0.1307847347E+06
  0.2566666667E+00  0.1305428067E+06
  0.2569444444E+00  0.1303008809E+06
  0.2572222222E+00  0.1300589550E+06
  0.2575000000E+00  0.1298170267E+06
  0.2577777778E+00  0.1295751008E+06
  0.2580555556E+00  0.1293331728E+06
  0.2583333333E+00  0.1290912466E+06
  0.2586111111E+00  0.1288493207E+06
  0.2588888889E+00  0.1286073927E+06
  0.2591666667E+00  0.1283654669E+06
  0.2594444444E+00  0.1281235407E+06
  0.2597222222E+00  0.1278816127E+06
  0.2600000000E+00  0.1276396868E+06
  0.2602777778E+00  0.1274641958E+06
  0.2605555556E+00  0.1272887048E+06
  0.2608333333E+00  0.1271132135E+06
  0.2611111111E+00  0.1269377225E+06
  0.2613888889E+00  0.1267622315E+06
  0.2616666667E+00  0.1265867416E+06
  0.2619444444E+00  0.1264112516E+06
  0.2622222222E+00  0.1262357603E+06
  0.2625000000E+00  0.1260602693E+06
  0.2627777778E+00  0.1258847783E+06
  0.2630555556E+00  0.1257092872E+06
  0.2633333333E+00  0.1255337962E+06
  0.2636111111E+00  0.1253583049E+06
  0.2638888889E+00  0.1251828150E+06
  0.2641666667E+00  0.1250073240E+06
  0.2644444444E+00  0.1248318340E+06
  0.2647222222E+00  0.1246563430E+06
  0.2650000000E+00  0.1244808517E+06
  0.2652777778E+00  0.1243530697E+06
  0.2655555556E+00  0.1242252887E+06
  0.2658333333E+00  0.1240975067E+06
  0.2661111111E+00  0.1239697247E+06
  0.2663888889E+00  0.1238419429E+06
  0.2666666667E+00  0.1237141612E+06
  0.2669444444E+00  0.1235863795E+06
  0.2672222222E+00  0.1234585975E+06
  0.2675000000E+00  0.1233308157E+06
  0.2677777778E+00  0.1232030340E+06
  0.2680555556E+00  0.1230752523E+06
  0.2683333333E+00  0.1229474703E+06
  0.2686111111E+00  0.1228196886E+06
  0.2688888889E+00  0.1226919067E+06
  0.2691666667E+00  0.1225641251E+06
  0.2694444444E+00  0.1224363430E+06
  0.2697222222E+00  0.1223085613E+06
  0.2700000000E+00  0.1221807796E+06
  0.2702777778E+00  0.1220828956E+06
  0.2705555556E+00  0.1219850115E+06
  0.2708333333E+00  0.1218871274E+06
  0.2711111111E+00  0.1217892430E+06
  0.2713888889E+00  0.1216913589E+06
  0.2716666667E+00  0.1215934748E+06
  0.2719444444E+00  0.1214955908E+06
  0.2722222222E+00  0.1213977067E+06
  0.2725000000E+00  0.1212998226E+06
  0.2727777778E+00  0.1212019382E+06
  0.2730555556E+00  0.1211040541E+06
  0.2733333333E+00  0.1210061700E+06
  0.2736111111E+00  0.1209082860E+06
  0.2738888889E+00  0.1208104019E+06
  0.2741666667E+00  0.1207125178E+06
  0.2744444444E+00  0.1206146334E+06
  0.2747222222E+00  0.1205167483E+06
  0.2750000000E+00  0.1204188643E+06
  0.2752777778E+00  0.1203348131E+06
  0.2755555556E+00  0.1202507611E+06
  0.2758333333E+00  0.1201667089E+06
  0.2761111111E+00  0.1200826568E+06
  0.2763888889E+00  0.1199986057E+06
  0.2766666667E+00  0.1199145535E+06
  0.2769444444E+00  0.1198305014E+06
  0.2772222222E+00  0.1197464493E+06
  0.2775000000E+00  0.1196623971E+06
  0.2777777778E+00  0.1195783460E+06
  0.2780555556E+00  0.1194942939E+06
  0.2783333333E+00  0.1194102417E+06
  0.2786111111E+00  0.1193261896E+06
  0.2788888889E+00  0.1192421385E+06
  0.2791666667E+00  0.1191580867E+06
  0.2794444444E+00  0.1190740345E+06
  0.2797222222E+00  0.1189899824E+06
  0.2800000000E+00  0.1189059303E+06
  0.2802777778E+00  0.1188221346E+06
  0.2805555556E+00  0.1187383389E+06
  0.2808333333E+00  0.1186545435E+06
  0.2811111111E+00  0.1185707468E+06
  0.2813888889E+00  0.1184869511E+06
  0.2816666667E+00  0.1184031558E+06
  0.2819444444E+00  0.1183193591E+06
  0.2822222222E+00  0.1182355638E+06
  0.2825000000E+00  0.1181517681E+06
  0.2827777778E+00  0.1180679724E+06
  0.2830555556E+00  0.1179841760E+06
  0.2833333333E+00  0.1179003803E+06
  0.2836111111E+00  0.1178165847E+06
  0.2838888889E+00  0.1177327883E+06
  0.2841666667E+00  0.1176489926E+06
  0.2844444444E+00  0.1175651969E+06
  0.2847222222E+00  0.1174814006E+06
  0.2850000000E+00  0.1173976049E+06
  0.2852777778E+00  0.1173034610E+06
  0.2855555556E+00  0.1172093157E+06
  0.2858333333E+00  0.1171151708E+06
  0.2861111111E+00  0.1170210266E+06
  0.2863888889E+00  0.1169268817E+06
  0.2866666667E+00  0.1168327364E+06
  0.2869444444E+00  0.1167385925E+06
  0.2872222222E+00  0.1166444473E+06
  0.2875000000E+00  0.1165503024E+06
  0.2877777778E+00  0.1164561581E+06
  0.2880555556E+00  0.1163620129E+06
  0.2883333333E+00  0.1162678680E+06
  0.2886111111E+00  0.1161737237E+06
  0.2888888889E+00  0.1160795787E+06
  0.2891666667E+00  0.1159854345E+06
  0.2894444444E+00  0.1158912896E+06
  0.2897222222E+00  0.1157971443E+06
  0.2900000000E+00  0.1157030004E+06
  0.2902777778E+00  0.1155909661E+06
  0.2905555556E+00  0.1154789318E+06
  0.2908333333E+00  0.1153668981E+06
  0.2911111111E+00  0.1152548638E+06
  0.2913888889E+00  0.1151428294E+06
  0.2916666667E+00  0.1150307951E+06
  0.2919444444E+00  0.1149187618E+06
  0.2922222222E+00  0.1148067274E+06
  0.2925000000E+00  0.1146946931E+06
  0.2927777778E+00  0.1145826598E+06
  0.2930555556E+00  0.1144706255E+06
  0.2933333333E+00  0.1143585908E+06
  0.2936111111E+00  0.1142465574E+06
  0.2938888889E+00  0.1141345232E+06
  0.2941666667E+00  0.1140224888E+06
  0.2944444444E+00  0.1139104554E+06
  0.2947222222E+00  0.1137984211E+06
  0.2950000000E+00  0.1136863868E+06
  0.2952777778E+00  0.1135522262E+06
  0.2955555556E+00  0.1134180649E+06
  0.2958333333E+00  0.1132839032E+06
  0.2961111111E+00  0.1131497429E+06
  0.2963888889E+00  0.1130155812E+06
  0.2966666667E+00  0.1128814199E+06
  0.2969444444E+00  0.1127472593E+06
  0.2972222222E+00  0.1126130978E+06
  0.2975000000E+00  0.1124789362E+06
  0.2977777778E+00  0.1123447759E+06
  0.2980555556E+00  0.1122106142E+06
  0.2983333333E+00  0.1120764529E+06
  0.2986111111E+00  0.1119422923E+06
  0.2988888889E+00  0.1118081309E+06
  0.2991666667E+00  0.1116739693E+06
  0.2994444444E+00  0.1115398090E+06
  0.2997222222E+00  0.1114056473E+06
  0.3000000000E+00  0.1112714860E+06
  0.3002777778E+00  0.1111138617E+06
  0.3005555556E+00  0.1109562376E+06
  0.3008333333E+00  0.1107986137E+06
  0.3011111111E+00  0.1106409893E+06
  0.3013888889E+00  0.1104833653E+06
  0.3016666667E+00  0.1103257399E+06
  0.3019444444E+00  0.1101681159E+06
  0.3022222222E+00  0.1100104919E+06
  0.3025000000E+00  0.1098528676E+06
  0.3027777778E+00  0.1096952435E+06
  0.3030555556E+00  0.1095376182E+06
  0.3033333333E+00  0.1093799941E+06
  0.3036111111E+00  0.1092223702E+06
  0.3038888889E+00  0.1090647458E+06
  0.3041666667E+00  0.1089071218E+06
  0.3044444444E+00  0.1087494964E+06
  0.3047222222E+00  0.1085918724E+06
  0.3050000000E+00  0.1084342484E+06
  0.3052777778E+00  0.1082545277E+06
  0.3055555556E+00  0.1080748073E+06
  0.3058333333E+00  0.1078950869E+06
  0.3061111111E+00  0.1077153664E+06
  0.3063888889E+00  0.1075356447E+06
  0.3066666667E+00  0.1073559243E+06
  0.3069444444E+00  0.1071762040E+06
  0.3072222222E+00  0.1069964832E+06
  0.3075000000E+00  0.1068167628E+06
  0.3077777778E+00  0.1066370424E+06
  0.3080555556E+00  0.1064573219E+06
  0.3083333333E+00  0.1062776002E+06
  0.3086111111E+00  0.1060978799E+06
  0.3088888889E+00  0.1059181594E+06
  0.3091666667E+00  0.1057384387E+06
  0.3094444444E+00  0.1055587183E+06
  0.3097222222E+00  0.1053789978E+06
  0.3100000000E+00  0.1051992774E+06
  0.3102777778E+00  0.1050010806E+06
  0.3105555556E+00  0.1048028848E+06
  0.3108333333E+00  0.1046046893E+06
  0.3111111111E+00  0.1044064935E+06
  0.3113888889E+00  0.1042082967E+06
  0.3116666667E+00  0.1040101011E+06
  0.3119444444E+00  0.1038119053E+06
  0.3122222222E+00  0.1036137099E+06
  0.3125000000E+00  0.1034155131E+06
  0.3127777778E+00  0.1032173173E+06
  0.3130555556E+00  0.1030191218E+06
  0.3133333333E+00  0.1028209259E+06
  0.3136111111E+00  0.1026227294E+06
  0.3138888889E+00  0.1024245336E+06
  0.3141666667E+00  0.1022263378E+06
  0.3144444444E+00  0.1020281423E+06
  0.3147222222E+00  0.1018299454E+06
  0.3150000000E+00  0.1016317499E+06
  0.3152777778E+00  0.1014204905E+06
  0.3155555556E+00  0.1012092311E+06
  0.3158333333E+00  0.1009979721E+06
  0.3161111111E+00  0.1007867127E+06
  0.3163888889E+00  0.1005754536E+06
  0.3166666667E+00  0.1003641943E+06
  0.3169444444E+00  0.1001529351E+06
  0.3172222222E+00  0.9994167570E+05
  0.3175000000E+00  0.9973041631E+05
  0.3177777778E+00  0.9951915725E+05
  0.3180555556E+00  0.9930789787E+05
  0.3183333333E+00  0.9909663880E+05
  0.3186111111E+00  0.9888537942E+05
  0.3188888889E+00  0.9867412036E+05
  0.3191666667E+00  0.9846286085E+05
  0.3194444444E+00  0.9825160147E+05
  0.3197222222E+00  0.9804034241E+05
  0.3200000000E+00  0.9782908302E+05
  0.3202777778E+00  0.9761127343E+05
  0.3205555556E+00  0.9739346395E+05
  0.3208333333E+00  0.9717565469E+05
  0.3211111111E+00  0.9695784410E+05
  0.3213888889E+00  0.9674003452E+05
  0.3216666667E+00  0.9652222491E+05
  0.3219444444E+00  0.9630441544E+05
  0.3222222222E+00  0.9608660585E+05
  0.3225000000E+00  0.9586879625E+05
  0.3227777778E+00  0.9565098666E+05
  0.3230555556E+00  0.9543317707E+05
  0.3233333333E+00  0.9521536659E+05
  0.3236111111E+00  0.9499755733E+05
  0.3238888889E+00  0.9477974774E+05
  0.3241666667E+00  0.9456193816E+05
  0.3244444444E+00  0.9434412855E+05
  0.3247222222E+00  0.9412631908E+05
  0.3250000000E+00  0.9390850949E+05
  0.3252777778E+00  0.9369145108E+05
  0.3255555556E+00  0.9347439244E+05
  0.3258333333E+00  0.9325733370E+05
  0.3261111111E+00  0.9304027539E+05
  0.3263888889E+00  0.9282321775E+05
  0.3266666667E+00  0.9260615934E+05
  0.3269444444E+00  0.9238910071E+05
  0.3272222222E+00  0.9217204197E+05
  0.3275000000E+00  0.9195498367E+05
  0.3277777778E+00  0.9173792492E+05
  0.3280555556E+00  0.9152086762E+05
  0.3283333333E+00  0.9130380888E+05
  0.3286111111E+00  0.9108675024E+05
  0.3288888889E+00  0.9086969194E+05
  0.3291666667E+00  0.9065263320E+05
  0.3294444444E+00  0.9043557590E+05
  0.3297222222E+00  0.9021851715E+05
  0.3300000000E+00  0.9000145851E+05
  0.3302777778E+00  0.8979244672E+05
  0.3305555556E+00  0.8958343559E+05
  0.3308333333E+00  0.8937442346E+05
  0.3311111111E+00  0.8916541166E+05
  0.3313888889E+00  0.8895639953E+05
  0.3316666667E+00  0.8874738841E+05
  0.3319444444E+00  0.8853837627E+05
  0.3322222222E+00  0.8832936448E+05
  0.3325000000E+00  0.8812035335E+05
  0.3327777778E+00  0.8791134122E+05
  0.3330555556E+00  0.8770232909E+05
  0.3333333333E+00  0.8749331841E+05
  0.3336111111E+00  0.8728430628E+05
  0.3338888889E+00  0.8707529414E+05
  0.3341666667E+00  0.8686628302E+05
  0.3344444444E+00  0.8665727123E+05
  0.3347222222E+00  0.8644825909E+05
  0.3350000000E+00  0.8623924796E+05
  0.3352777778E+00  0.8604531714E+05
  0.3355555556E+00  0.8585138687E+05
  0.3358333333E+00  0.8565745604E+05
  0.3361111111E+00  0.8546352588E+05
  0.3363888889E+00  0.8526959594E+05
  0.3366666667E+00  0.8507566478E+05
  0.3369444444E+00  0.8488173495E+05
  0.3372222222E+00  0.8468780480E+05
  0.3375000000E+00  0.8449387386E+05
  0.3377777778E+00  0.8429994403E+05
  0.3380555556E+00  0.8410601288E+05
  0.3383333333E+00  0.8391208293E+05
  0.3386111111E+00  0.8371815277E+05
  0.3388888889E+00  0.8352422195E+05
  0.3391666667E+00  0.8333029168E+05
  0.3394444444E+00  0.8313636185E+05
  0.3397222222E+00  0.8294243069E+05
  0.3400000000E+00  0.8274850087E+05
  0.3402777778E+00  0.8257590154E+05
  0.3405555556E+00  0.8240330221E+05
  0.3408333333E+00  0.8223070288E+05
  0.3411111111E+00  0.8205810334E+05
  0.3413888889E+00  0.8188550400E+05
  0.3416666667E+00  0.8171290468E+05
  0.3419444444E+00  0.8154030547E+05
  0.3422222222E+00  0.8136770613E+05
  0.3425000000E+00  0.8119510681E+05
  0.3427777778E+00  0.8102250759E+05
  0.3430555556E+00  0.8084990826E+05
  0.3433333333E+00  0.8067730893E+05
  0.3436111111E+00  0.8050470972E+05
  0.3438888889E+00  0.8033211005E+05
  0.3441666667E+00  0.8015951073E+05
  0.3444444444E+00  0.7998691141E+05
  0.3447222222E+00  0.7981431218E+05
  0.3450000000E+00  0.7964171286E+05
  0.3452777778E+00  0.7949561220E+05
  0.3455555556E+00  0.7934951165E+05
  0.3458333333E+00  0.7920341199E+05
  0.3461111111E+00  0.7905731099E+05
  0.3463888889E+00  0.7891121033E+05
  0.3466666667E+00  0.7876511067E+05
  0.3469444444E+00  0.7861901011E+05
  0.3472222222E+00  0.7847290946E+05
  0.3475000000E+00  0.7832680980E+05
  0.3477777778E+00  0.7818070881E+05
  0.3480555556E+00  0.7803460814E+05
  0.3483333333E+00  0.7788850860E+05
  0.3486111111E+00  0.7774240793E+05
  0.3488888889E+00  0.7759630727E+05
  0.3491666667E+00  0.7745020728E+05
  0.3494444444E+00  0.7730410661E+05
  0.3497222222E+00  0.7715800607E+05
  0.3500000000E+00  0.7701190641E+05
  0.3502777778E+00  0.7689613827E+05
  0.3505555556E+00  0.7678037047E+05
  0.3508333333E+00  0.7666460245E+05
  0.3511111111E+00  0.7654883432E+05
  0.3513888889E+00  0.7643306718E+05
  0.3516666667E+00  0.7631729938E+05
  0.3519444444E+00  0.7620153125E+05
  0.3522222222E+00  0.7608576322E+05
  0.3525000000E+00  0.7596999542E+05
  0.3527777778E+00  0.7585422729E+05
  0.3530555556E+00  0.7573845916E+05
  0.3533333333E+00  0.7562269213E+05
  0.3536111111E+00  0.7550692433E+05
  0.3538888889E+00  0.7539115620E+05
  0.3541666667E+00  0.7527538807E+05
  0.3544444444E+00  0.7515962037E+05
  0.3547222222E+00  0.7504385224E+05
  0.3550000000E+00  0.7492808411E+05
  0.3552777778E+00  0.7484500298E+05
  0.3555555556E+00  0.7476192163E+05
  0.3558333333E+00  0.7467883917E+05
  0.3561111111E+00  0.7459575804E+05
  0.3563888889E+00  0.7451267558E+05
  0.3566666667E+00  0.7442959445E+05
  0.3569444444E+00  0.7434651310E+05
  0.3572222222E+00  0.7426343097E+05
  0.3575000000E+00  0.7418034952E+05
  0.3577777778E+00  0.7409726739E+05
  0.3580555556E+00  0.7401418592E+05
  0.3583333333E+00  0.7393110357E+05
  0.3586111111E+00  0.7384802244E+05
  0.3588888889E+00  0.7376494098E+05
  0.3591666667E+00  0.7368185885E+05
  0.3594444444E+00  0.7359877739E+05
  0.3597222222E+00  0.7351569526E+05
  0.3600000000E+00  0.7343261391E+05
  0.3602777778E+00  0.7338301442E+05
  0.3605555556E+00  0.7333341527E+05
  0.3608333333E+00  0.7328381578E+05
  0.3611111111E+00  0.7323421640E+05
  0.3613888889E+00  0.7318461724E+05
  0.3616666667E+00  0.7313501775E+05
  0.3619444444E+00  0.7308541826E+05
  0.3622222222E+00  0.7303581821E+05
  0.3625000000E+00  0.7298621872E+05
  0.3627777778E+00  0.7293661923E+05
  0.3630555556E+00  0.7288701975E+05
  0.3633333333E+00  0.7283742071E+05
  0.3636111111E+00  0.7278782121E+05
  0.3638888889E+00  0.7273822172E+05
  0.3641666667E+00  0.7268862256E+05
  0.3644444444E+00  0.7263902318E+05
  0.3647222222E+00  0.7258942369E+05
  0.3650000000E+00  0.7253982453E+05
  0.3652777778E+00  0.7252298816E+05
  0.3655555556E+00  0.7250615279E+05
  0.3658333333E+00  0.7248931786E+05
  0.3661111111E+00  0.7247248148E+05
  0.3663888889E+00  0.7245564610E+05
  0.3666666667E+00  0.7243881006E+05
  0.3669444444E+00  0.7242197468E+05
  0.3672222222E+00  0.7240513964E+05
  0.3675000000E+00  0.7238830338E+05
  0.3677777778E+00  0.7237146801E+05
  0.3680555556E+00  0.7235463196E+05
  0.3683333333E+00  0.7233779659E+05
  0.3686111111E+00  0.7232096021E+05
  0.3688888889E+00  0.7230412517E+05
  0.3691666667E+00  0.7228728990E+05
  0.3694444444E+00  0.7227045386E+05
  0.3697222222E+00  0.7225361849E+05
  0.3700000000E+00  0.7223678211E+05
  0.3702777778E+00  0.7225052980E+05
  0.3705555556E+00  0.7226427737E+05
  0.3708333333E+00  0.7227802507E+05
  0.3711111111E+00  0.7229177276E+05
  0.3713888889E+00  0.7230552034E+05
  0.3716666667E+00  0.7231926802E+05
  0.3719444444E+00  0.7233301606E+05
  0.3722222222E+00  0.7234676363E+05
  0.3725000000E+00  0.7236051133E+05
  0.3727777778E+00  0.7237425890E+05
  0.3730555556E+00  0.7238800559E+05
  0.3733333333E+00  0.7240175328E+05
  0.3736111111E+00  0.7241550085E+05
  0.3738888889E+00  0.7242924855E+05
  0.3741666667E+00  0.7244299623E+05
  0.3744444444E+00  0.7245674382E+05
  0.3747222222E+00  0.7247049150E+05
  0.3750000000E+00  0.7248423920E+05
  0.3752777778E+00  0.7252516074E+05
  0.3755555556E+00  0.7256608240E+05
  0.3758333333E+00  0.7260700439E+05
  0.3761111111E+00  0.7264792604E+05
  0.3763888889E+00  0.7268884771E+05
  0.3766666667E+00  0.7272976935E+05
  0.3769444444E+00  0.7277069090E+05
  0.3772222222E+00  0.7281161290E+05
  0.3775000000E+00  0.7285253455E+05
  0.3777777778E+00  0.7289345621E+05
  0.3780555556E+00  0.7293437786E+05
  0.3783333333E+00  0.7297529986E+05
  0.3786111111E+00  0.7301622141E+05
  0.3788888889E+00  0.7305714306E+05
  0.3791666667E+00  0.7309806472E+05
  0.3794444444E+00  0.7313898670E+05
  0.3797222222E+00  0.7317990837E+05
  0.3800000000E+00  0.7322083003E+05
  0.3802777778E+00  0.7328439476E+05
  0.3805555556E+00  0.7334795850E+05
  0.3808333333E+00  0.7341152270E+05
  0.3811111111E+00  0.7347508744E+05
  0.3813888889E+00  0.7353865117E+05
  0.3816666667E+00  0.7360221603E+05
  0.3819444444E+00  0.7366577977E+05
  0.3822222222E+00  0.7372934363E+05
  0.3825000000E+00  0.7379290837E+05
  0.3827777778E+00  0.7385647210E+05
  0.3830555556E+00  0.7392003696E+05
  0.3833333333E+00  0.7398360104E+05
  0.3836111111E+00  0.7404716478E+05
  0.3838888889E+00  0.7411072964E+05
  0.3841666667E+00  0.7417429337E+05
  0.3844444444E+00  0.7423785812E+05
  0.3847222222E+00  0.7430142198E+05
  0.3850000000E+00  0.7436498672E+05
  0.3852777778E+00  0.7444596668E+05
  0.3855555556E+00  0.7452694764E+05
  0.3858333333E+00  0.7460792827E+05
  0.3861111111E+00  0.7468890923E+05
  0.3863888889E+00  0.7476989019E+05
  0.3866666667E+00  0.7485087082E+05
  0.3869444444E+00  0.7493185079E+05
  0.3872222222E+00  0.7501283174E+05
  0.3875000000E+00  0.7509381238E+05
  0.3877777778E+00  0.7517479334E+05
  0.3880555556E+00  0.7525577430E+05
  0.3883333333E+00  0.7533675527E+05
  0.3886111111E+00  0.7541773478E+05
  0.3888888889E+00  0.7549871574E+05
  0.3891666667E+00  0.7557969671E+05
  0.3894444444E+00  0.7566067733E+05
  0.3897222222E+00  0.7574165829E+05
  0.3900000000E+00  0.7582263926E+05
  0.3902777778E+00  0.7591517371E+05
  0.3905555556E+00  0.7600770905E+05
  0.3908333333E+00  0.7610024483E+05
  0.3911111111E+00  0.7619278018E+05
  0.3913888889E+00  0.7628531563E+05
  0.3916666667E+00  0.7637785141E+05
  0.3919444444E+00  0.7647038675E+05
  0.3922222222E+00  0.7656292220E+05
  0.3925000000E+00  0.7665545788E+05
  0.3927777778E+00  0.7674799233E+05
  0.3930555556E+00  0.7684052767E+05
  0.3933333333E+00  0.7693306345E+05
  0.3936111111E+00  0.7702559880E+05
  0.3938888889E+00  0.7711813424E+05
  0.3941666667E+00  0.7721066991E+05
  0.3944444444E+00  0.7730320537E+05
  0.3947222222E+00  0.7739574083E+05
  0.3950000000E+00  0.7748827550E+05
  0.3952777778E+00  0.7758638104E+05
  0.3955555556E+00  0.7768448560E+05
  0.3958333333E+00  0.7778259082E+05
  0.3961111111E+00  0.7788069536E+05
  0.3963888889E+00  0.7797880092E+05
  0.3966666667E+00  0.7807690548E+05
  0.3969444444E+00  0.7817501091E+05
  0.3972222222E+00  0.7827311547E+05
  0.3975000000E+00  0.7837122101E+05
  0.3977777778E+00  0.7846932557E+05
  0.3980555556E+00  0.7856743113E+05
  0.3983333333E+00  0.7866553567E+05
  0.3986111111E+00  0.7876364122E+05
  0.3988888889E+00  0.7886174578E+05
  0.3991666667E+00  0.7895985133E+05
  0.3994444444E+00  0.7905795588E+05
  0.3997222222E+00  0.7915606143E+05
  0.4000000000E+00  0.7925416554E+05
  0.4002777778E+00  0.7935187439E+05
  0.4005555556E+00  0.7944958314E+05
  0.4008333333E+00  0.7954729187E+05
  0.4011111111E+00  0.7964500061E+05
  0.4013888889E+00  0.7974270936E+05
  0.4016666667E+00  0.7984041710E+05
  0.4019444444E+00  0.7993812584E+05
  0.4022222222E+00  0.8003583459E+05
  0.4025000000E+00  0.8013354333E+05
  0.4027777778E+00  0.8023125174E+05
  0.4030555556E+00  0.8032896059E+05
  0.4033333333E+00  0.8042666933E+05
  0.4036111111E+00  0.8052437808E+05
  0.4038888889E+00  0.8062208582E+05
  0.4041666667E+00  0.8071979456E+05
  0.4044444444E+00  0.8081750330E+05
  0.4047222222E+00  0.8091521204E+05
  0.4050000000E+00  0.8101292078E+05
  0.4052777778E+00  0.8110463729E+05
  0.4055555556E+00  0.8119635379E+05
  0.4058333333E+00  0.8128807075E+05
  0.4061111111E+00  0.8137978725E+05
  0.4063888889E+00  0.8147150409E+05
  0.4066666667E+00  0.8156321959E+05
  0.4069444444E+00  0.8165493610E+05
  0.4072222222E+00  0.8174665294E+05
  0.4075000000E+00  0.8183836945E+05
  0.4077777778E+00  0.8193008628E+05
  0.4080555556E+00  0.8202180279E+05
  0.4083333333E+00  0.8211351929E+05
  0.4086111111E+00  0.8220523613E+05
  0.4088888889E+00  0.8229695265E+05
  0.4091666667E+00  0.8238866959E+05
  0.4094444444E+00  0.8248038610E+05
  0.4097222222E+00  0.8257210260E+05
  0.4100000000E+00  0.8266381844E+05
  0.4102777778E+00  0.8274454679E+05
  0.4105555556E+00  0.8282527547E+05
  0.4108333333E+00  0.8290600382E+05
  0.4111111111E+00  0.8298673117E+05
  0.4113888889E+00  0.8306745986E+05
  0.4116666667E+00  0.8314818821E+05
  0.4119444444E+00  0.8322891689E+05
  0.4122222222E+00  0.8330964423E+05
  0.4125000000E+00  0.8339037258E+05
  0.4127777778E+00  0.8347110127E+05
  0.4130555556E+00  0.8355182962E+05
  0.4133333333E+00  0.8363255730E+05
  0.4136111111E+00  0.8371328565E+05
  0.4138888889E+00  0.8379401433E+05
  0.4141666667E+00  0.8387474269E+05
  0.4144444444E+00  0.8395547104E+05
  0.4147222222E+00  0.8403619872E+05
  0.4150000000E+00  0.8411692707E+05
  0.4152777778E+00  0.8418244912E+05
  0.4155555556E+00  0.8424797083E+05
  0.4158333333E+00  0.8431349288E+05
  0.4161111111E+00  0.8437901559E+05
  0.4163888889E+00  0.8444453752E+05
  0.4166666667E+00  0.8451005958E+05
  0.4169444444E+00  0.8457558129E+05
  0.4172222222E+00  0.8464110334E+05
  0.4175000000E+00  0.8470662505E+05
  0.4177777778E+00  0.8477214811E+05
  0.4180555556E+00  0.8483766981E+05
  0.4183333333E+00  0.8490319187E+05
  0.4186111111E+00  0.8496871346E+05
  0.4188888889E+00  0.8503423551E+05
  0.4191666667E+00  0.8509975723E+05
  0.4194444444E+00  0.8516528027E+05
  0.4197222222E+00  0.8523080199E+05
  0.4200000000E+00  0.8529632404E+05
  0.4202777778E+00  0.8534340446E+05
  0.4205555556E+00  0.8539048410E+05
  0.4208333333E+00  0.8543756453E+05
  0.4211111111E+00  0.8548464494E+05
  0.4213888889E+00  0.8553172570E+05
  0.4216666667E+00  0.8557880501E+05
  0.4219444444E+00  0.8562588544E+05
  0.4222222222E+00  0.8567296619E+05
  0.4225000000E+00  0.8572004662E+05
  0.4227777778E+00  0.8576712703E+05
  0.4230555556E+00  0.8581420668E+05
  0.4233333333E+00  0.8586128710E+05
  0.4236111111E+00  0.8590836752E+05
  0.4238888889E+00  0.8595544827E+05
  0.4241666667E+00  0.8600252770E+05
  0.4244444444E+00  0.8604960800E+05
  0.4247222222E+00  0.8609668877E+05
  0.4250000000E+00  0.8614376918E+05
  0.4252777778E+00  0.8617023295E+05
  0.4255555556E+00  0.8619669716E+05
  0.4258333333E+00  0.8622316092E+05
  0.4261111111E+00  0.8624962502E+05
  0.4263888889E+00  0.8627608889E+05
  0.4266666667E+00  0.8630255299E+05
  0.4269444444E+00  0.8632901675E+05
  0.4272222222E+00  0.8635548096E+05
  0.4275000000E+00  0.8638194472E+05
  0.4277777778E+00  0.8640840982E+05
  0.4280555556E+00  0.8643487369E+05
  0.4283333333E+00  0.8646133779E+05
  0.4286111111E+00  0.8648780155E+05
  0.4288888889E+00  0.8651426576E+05
  0.4291666667E+00  0.8654072952E+05
  0.4294444444E+00  0.8656719361E+05
  0.4297222222E+00  0.8659365749E+05
  0.4300000000E+00  0.8662012158E+05
  0.4302777778E+00  0.8662491195E+05
  0.4305555556E+00  0.8662970230E+05
  0.4308333333E+00  0.8663449278E+05
  0.4311111111E+00  0.8663928348E+05
  0.4313888889E+00  0.8664407384E+05
  0.4316666667E+00  0.8664886420E+05
  0.4319444444E+00  0.8665365367E+05
  0.4322222222E+00  0.8665844404E+05
  0.4325000000E+00  0.8666323473E+05
  0.4327777778E+00  0.8666802509E+05
  0.4330555556E+00  0.8667281557E+05
  0.4333333333E+00  0.8667760592E+05
  0.4336111111E+00  0.8668239629E+05
  0.4338888889E+00  0.8668718565E+05
  0.4341666667E+00  0.8669197645E+05
  0.4344444444E+00  0.8669676682E+05
  0.4347222222E+00  0.8670155719E+05
  0.4350000000E+00  0.8670634754E+05
  0.4352777778E+00  0.8668951438E+05
  0.4355555556E+00  0.8667268176E+05
  0.4358333333E+00  0.8665584849E+05
  0.4361111111E+00  0.8663901487E+05
  0.4363888889E+00  0.8662218160E+05
  0.4366666667E+00  0.8660534932E+05
  0.4369444444E+00  0.8658851571E+05
  0.4372222222E+00  0.8657168244E+05
  0.4375000000E+00  0.8655484982E+05
  0.4377777778E+00  0.8653801655E+05
  0.4380555556E+00  0.8652118294E+05
  0.4383333333E+00  0.8650435066E+05
  0.4386111111E+00  0.8648751704E+05
  0.4388888889E+00  0.8647068387E+05
  0.4391666667E+00  0.8645385126E+05
  0.4394444444E+00  0.8643701799E+05
  0.4397222222E+00  0.8642018471E+05
  0.4400000000E+00  0.8640335210E+05
  0.4402777778E+00  0.8636601602E+05
  0.4405555556E+00  0.8632868027E+05
  0.4408333333E+00  0.8629134419E+05
  0.4411111111E+00  0.8625400910E+05
  0.4413888889E+00  0.8621667302E+05
  0.4416666667E+00  0.8617933737E+05
  0.4419444444E+00  0.8614200229E+05
  0.4422222222E+00  0.8610466621E+05
  0.4425000000E+00  0.8606733013E+05
  0.4427777778E+00  0.8602999438E+05
  0.4430555556E+00  0.8599265930E+05
  0.4433333333E+00  0.8595532321E+05
  0.4436111111E+00  0.8591798712E+05
  0.4438888889E+00  0.8588065137E+05
  0.4441666667E+00  0.8584331640E+05
  0.4444444444E+00  0.8580598032E+05
  0.4447222222E+00  0.8576864424E+05
  0.4450000000E+00  0.8573130949E+05
  0.4452777778E+00  0.8567548313E+05
  0.4455555556E+00  0.8561965676E+05
  0.4458333333E+00  0.8556383139E+05
  0.4461111111E+00  0.8550800503E+05
  0.4463888889E+00  0.8545217866E+05
  0.4466666667E+00  0.8539635329E+05
  0.4469444444E+00  0.8534052693E+05
  0.4472222222E+00  0.8528470056E+05
  0.4475000000E+00  0.8522887519E+05
  0.4477777778E+00  0.8517304882E+05
  0.4480555556E+00  0.8511722246E+05
  0.4483333333E+00  0.8506139710E+05
  0.4486111111E+00  0.8500557073E+05
  0.4488888889E+00  0.8494974437E+05
  0.4491666667E+00  0.8489391900E+05
  0.4494444444E+00  0.8483809263E+05
  0.4497222222E+00  0.8478226727E+05
  0.4500000000E+00  0.8472644090E+05
  0.4502777778E+00  0.8465494323E+05
  0.4505555556E+00  0.8458344477E+05
  0.4508333333E+00  0.8451194699E+05
  0.4511111111E+00  0.8444044930E+05
  0.4513888889E+00  0.8436895185E+05
  0.4516666667E+00  0.8429745417E+05
  0.4519444444E+00  0.8422595572E+05
  0.4522222222E+00  0.8415445794E+05
  0.4525000000E+00  0.8408296026E+05
  0.4527777778E+00  0.8401146280E+05
  0.4530555556E+00  0.8393996501E+05
  0.4533333333E+00  0.8386846634E+05
  0.4536111111E+00  0.8379696889E+05
  0.4538888889E+00  0.8372547121E+05
  0.4541666667E+00  0.8365397376E+05
  0.4544444444E+00  0.8358247596E+05
  0.4547222222E+00  0.8351097729E+05
  0.4550000000E+00  0.8343947983E+05
  0.4552777778E+00  0.8335574411E+05
  0.4555555556E+00  0.8327200739E+05
  0.4558333333E+00  0.8318827156E+05
  0.4561111111E+00  0.8310453582E+05
  0.4563888889E+00  0.8302079910E+05
  0.4566666667E+00  0.8293706327E+05
  0.4569444444E+00  0.8285332654E+05
  0.4572222222E+00  0.8276959081E+05
  0.4575000000E+00  0.8268585398E+05
  0.4577777778E+00  0.8260211826E+05
  0.4580555556E+00  0.8251838153E+05
  0.4583333333E+00  0.8243464570E+05
  0.4586111111E+00  0.8235090997E+05
  0.4588888889E+00  0.8226717325E+05
  0.4591666667E+00  0.8218343752E+05
  0.4594444444E+00  0.8209970035E+05
  0.4597222222E+00  0.8201596463E+05
  0.4600000000E+00  0.8193222790E+05
  0.4602777778E+00  0.8184007043E+05
  0.4605555556E+00  0.8174791297E+05
  0.4608333333E+00  0.8165575561E+05
  0.4611111111E+00  0.8156359815E+05
  0.4613888889E+00  0.8147143979E+05
  0.4616666667E+00  0.8137928232E+05
  0.4619444444E+00  0.8128712451E+05
  0.4622222222E+00  0.8119496716E+05
  0.4625000000E+00  0.8110280969E+05
  0.4627777778E+00  0.8101065133E+05
  0.4630555556E+00  0.8091849386E+05
  0.4633333333E+00  0.8082633639E+05
  0.4636111111E+00  0.8073417905E+05
  0.4638888889E+00  0.8064202024E+05
  0.4641666667E+00  0.8054986289E+05
  0.4644444444E+00  0.8045770542E+05
  0.4647222222E+00  0.8036554795E+05
  0.4650000000E+00  0.8027339059E+05
  0.4652777778E+00  0.8017680915E+05
  0.4655555556E+00  0.8008022739E+05
  0.4658333333E+00  0.7998364495E+05
  0.4661111111E+00  0.7988706341E+05
  0.4663888889E+00  0.7979048197E+05
  0.4666666667E+00  0.7969390021E+05
  0.4669444444E+00  0.7959731877E+05
  0.4672222222E+00  0.7950073753E+05
  0.4675000000E+00  0.7940415609E+05
  0.4677777778E+00  0.7930757424E+05
  0.4680555556E+00  0.7921099280E+05
  0.4683333333E+00  0.7911441126E+05
  0.4686111111E+00  0.7901782972E+05
  0.4688888889E+00  0.7892124829E+05
  0.4691666667E+00  0.7882466631E+05
  0.4694444444E+00  0.7872808487E+05
  0.4697222222E+00  0.7863150334E+05
  0.4700000000E+00  0.7853492191E+05
  0.4702777778E+00  0.7843788773E+05
  0.4705555556E+00  0.7834085344E+05
  0.4708333333E+00  0.7824381936E+05
  0.4711111111E+00  0.7814678552E+05
  0.4713888889E+00  0.7804975122E+05
  0.4716666667E+00  0.7795271705E+05
  0.4719444444E+00  0.7785568297E+05
  0.4722222222E+00  0.7775864902E+05
  0.4725000000E+00  0.7766161483E+05
  0.4727777778E+00  0.7756458066E+05
  0.4730555556E+00  0.7746754681E+05
  0.4733333333E+00  0.7737051263E+05
  0.4736111111E+00  0.7727347845E+05
  0.4738888889E+00  0.7717644416E+05
  0.4741666667E+00  0.7707941042E+05
  0.4744444444E+00  0.7698237625E+05
  0.4747222222E+00  0.7688534195E+05
  0.4750000000E+00  0.7678830777E+05
  0.4752777778E+00  0.7669456968E+05
  0.4755555556E+00  0.7660083160E+05
  0.4758333333E+00  0.7650709351E+05
  0.4761111111E+00  0.7641335532E+05
  0.4763888889E+00  0.7631961734E+05
  0.4766666667E+00  0.7622587914E+05
  0.4769444444E+00  0.7613214106E+05
  0.4772222222E+00  0.7603840297E+05
  0.4775000000E+00  0.7594466455E+05
  0.4777777778E+00  0.7585092636E+05
  0.4780555556E+00  0.7575718837E+05
  0.4783333333E+00  0.7566345019E+05
  0.4786111111E+00  0.7556971209E+05
  0.4788888889E+00  0.7547597402E+05
  0.4791666667E+00  0.7538223592E+05
  0.4794444444E+00  0.7528849773E+05
  0.4797222222E+00  0.7519475965E+05
  0.4800000000E+00  0.7510102156E+05
  0.4802777778E+00  0.7501390790E+05
  0.4805555556E+00  0.7492679446E+05
  0.4808333333E+00  0.7483968102E+05
  0.4811111111E+00  0.7475256769E+05
  0.4813888889E+00  0.7466545426E+05
  0.4816666667E+00  0.7457834060E+05
  0.4819444444E+00  0.7449122717E+05
  0.4822222222E+00  0.7440411373E+05
  0.4825000000E+00  0.7431700040E+05
  0.4827777778E+00  0.7422988697E+05
  0.4830555556E+00  0.7414277330E+05
  0.4833333333E+00  0.7405565998E+05
  0.4836111111E+00  0.7396854643E+05
  0.4838888889E+00  0.7388143310E+05
  0.4841666667E+00  0.7379431978E+05
  0.4844444444E+00  0.7370720601E+05
  0.4847222222E+00  0.7362009268E+05
  0.4850000000E+00  0.7353297924E+05
  0.4852777778E+00  0.7345529073E+05
  0.4855555556E+00  0.7337760266E+05
  0.4858333333E+00  0.7329991425E+05
  0.4861111111E+00  0.7322222608E+05
  0.4863888889E+00  0.7314453768E+05
  0.4866666667E+00  0.7306684927E+05
  0.4869444444E+00  0.7298916110E+05
  0.4872222222E+00  0.7291147269E+05
  0.4875000000E+00  0.7283378462E+05
  0.4877777778E+00  0.7275609611E+05
  0.4880555556E+00  0.7267840771E+05
  0.4883333333E+00  0.7260071953E+05
  0.4886111111E+00  0.7252303113E+05
  0.4888888889E+00  0.7244534306E+05
  0.4891666667E+00  0.7236765456E+05
  0.4894444444E+00  0.7228996614E+05
  0.4897222222E+00  0.7221227808E+05
  0.4900000000E+00  0.7213458956E+05
  0.4902777778E+00  0.7206846913E+05
  0.4905555556E+00  0.7200234849E+05
  0.4908333333E+00  0.7193622795E+05
  0.4911111111E+00  0.7187010740E+05
  0.4913888889E+00  0.7180398676E+05
  0.4916666667E+00  0.7173786599E+05
  0.4919444444E+00  0.7167174534E+05
  0.4922222222E+00  0.7160562481E+05
  0.4925000000E+00  0.7153950426E+05
  0.4927777778E+00  0.7147338373E+05
  0.4930555556E+00  0.7140726308E+05
  0.4933333333E+00  0.7134114253E+05
  0.4936111111E+00  0.7127502201E+05
  0.4938888889E+00  0.7120890102E+05
  0.4941666667E+00  0.7114278058E+05
  0.4944444444E+00  0.7107665995E+05
  0.4947222222E+00  0.7101053941E+05
  0.4950000000E+00  0.7094441886E+05
