  0.1027777778E-01  0.2246764808E+08
  0.1055555556E-01  0.2244379321E+08
  0.1083333333E-01  0.2241993820E+08
  0.1111111111E-01  0.2239608320E+08
  0.1138888889E-01  0.2237222832E+08
  0.1166666667E-01  0.2234837342E+08
  0.1194444444E-01  0.2232451809E+08
  0.1222222222E-01  0.2230066320E+08
  0.1250000000E-01  0.2227680821E+08
  0.1277777778E-01  0.2225295321E+08
  0.1305555556E-01  0.2222909832E+08
  0.1333333333E-01  0.2220524333E+08
  0.1361111111E-01  0.2218138843E+08
  0.1388888889E-01  0.2215753354E+08
  0.1416666667E-01  0.2213367854E+08
  0.1444444444E-01  0.2210982355E+08
  0.1472222222E-01  0.2208596833E+08
  0.1500000000E-01  0.2206211333E+08
  0.1527777778E-01  0.2202944096E+08
  0.1555555556E-01  0.2199676857E+08
  0.1583333333E-01  0.2196409609E+08
  0.1611111111E-01  0.2193142371E+08
  0.1638888889E-01  0.2189875131E+08
  0.1666666667E-01  0.2186607894E+08
  0.1694444444E-01  0.2183340612E+08
  0.1722222222E-01  0.2180073363E+08
  0.1750000000E-01  0.2176806135E+08
  0.1777777778E-01  0.2173538887E+08
  0.1805555556E-01  0.2170271649E+08
  0.1833333333E-01  0.2167004400E+08
  0.1861111111E-01  0.2163737173E+08
  0.1888888889E-01  0.2160469924E+08
  0.1916666667E-01  0.2157202643E+08
  0.1944444444E-01  0.2153935415E+08
  0.1972222222E-01  0.2150668167E+08
  0.2000000000E-01  0.2147400929E+08
  0.2027777778E-01  0.2143319714E+08
  0.2055555556E-01  0.2139238500E+08
  0.2083333333E-01  0.2135157296E+08
  0.2111111111E-01  0.2131076115E+08
  0.2138888889E-01  0.2126994902E+08
  0.2166666667E-01  0.2122913687E+08
  0.2194444444E-01  0.2118832484E+08
  0.2222222222E-01  0.2114751269E+08
  0.2250000000E-01  0.2110670045E+08
  0.2277777778E-01  0.2106588841E+08
  0.2305555556E-01  0.2102507627E+08
  0.2333333333E-01  0.2098426445E+08
  0.2361111111E-01  0.2094345242E+08
  0.2388888889E-01  0.2090264027E+08
  0.2416666667E-01  0.2086182814E+08
  0.2444444444E-01  0.2082101611E+08
  0.2472222222E-01  0.2078020396E+08
  0.2500000000E-01  0.2073939182E+08
  0.2527777778E-01  0.2069128694E+08
  0.2555555556E-01  0.2064318183E+08
  0.2583333333E-01  0.2059507662E+08
  0.2611111111E-01  0.2054697162E+08
  0.2638888889E-01  0.2049886641E+08
  0.2666666667E-01  0.2045076163E+08
  0.2694444444E-01  0.2040265642E+08
  0.2722222222E-01  0.2035455121E+08
  0.2750000000E-01  0.2030644610E+08
  0.2777777778E-01  0.2025834090E+08
  0.2805555556E-01  0.2021023612E+08
  0.2833333333E-01  0.2016213090E+08
  0.2861111111E-01  0.2011402579E+08
  0.2888888889E-01  0.2006592069E+08
  0.2916666667E-01  0.2001781559E+08
  0.2944444444E-01  0.1996971072E+08
  0.2972222222E-01  0.1992160560E+08
  0.3000000000E-01  0.1987350039E+08
  0.3027777778E-01  0.1981908686E+08
  0.3055555556E-01  0.1976467330E+08
  0.3083333333E-01  0.1971025977E+08
  0.3111111111E-01  0.1965584633E+08
  0.3138888889E-01  0.1960143302E+08
  0.3166666667E-01  0.1954701957E+08
  0.3194444444E-01  0.1949260603E+08
  0.3222222222E-01  0.1943819239E+08
  0.3250000000E-01  0.1938377894E+08
  0.3277777778E-01  0.1932936541E+08
  0.3305555556E-01  0.1927495185E+08
  0.3333333333E-01  0.1922053832E+08
  0.3361111111E-01  0.1916612478E+08
  0.3388888889E-01  0.1911171157E+08
  0.3416666667E-01  0.1905729802E+08
  0.3444444444E-01  0.1900288459E+08
  0.3472222222E-01  0.1894847094E+08
  0.3500000000E-01  0.1889405751E+08
  0.3527777778E-01  0.1883440199E+08
  0.3555555556E-01  0.1877474648E+08
  0.3583333333E-01  0.1871509106E+08
  0.3611111111E-01  0.1865543555E+08
  0.3638888889E-01  0.1859578037E+08
  0.3666666667E-01  0.1853612496E+08
  0.3694444444E-01  0.1847646955E+08
  0.3722222222E-01  0.1841681415E+08
  0.3750000000E-01  0.1835715863E+08
  0.3777777778E-01  0.1829750312E+08
  0.3805555556E-01  0.1823784770E+08
  0.3833333333E-01  0.1817819219E+08
  0.3861111111E-01  0.1811853668E+08
  0.3888888889E-01  0.1805888127E+08
  0.3916666667E-01  0.1799922608E+08
  0.3944444444E-01  0.1793957068E+08
  0.3972222222E-01  0.1787991516E+08
  0.4000000000E-01  0.1782025965E+08
  0.4027777778E-01  0.1775650933E+08
  0.4055555556E-01  0.1769275890E+08
  0.4083333333E-01  0.1762900837E+08
  0.4111111111E-01  0.1756525827E+08
  0.4138888889E-01  0.1750150784E+08
  0.4166666667E-01  0.1743775731E+08
  0.4194444444E-01  0.1737400699E+08
  0.4222222222E-01  0.1731025646E+08
  0.4250000000E-01  0.1724650636E+08
  0.4277777778E-01  0.1718275591E+08
  0.4305555556E-01  0.1711900538E+08
  0.4333333333E-01  0.1705525495E+08
  0.4361111111E-01  0.1699150452E+08
  0.4388888889E-01  0.1692775444E+08
  0.4416666667E-01  0.1686400400E+08
  0.4444444444E-01  0.1680025357E+08
  0.4472222222E-01  0.1673650304E+08
  0.4500000000E-01  0.1667275261E+08
  0.4527777778E-01  0.1660608293E+08
  0.4555555556E-01  0.1653941324E+08
  0.4583333333E-01  0.1647274324E+08
  0.4611111111E-01  0.1640607355E+08
  0.4638888889E-01  0.1633940354E+08
  0.4666666667E-01  0.1627273375E+08
  0.4694444444E-01  0.1620606384E+08
  0.4722222222E-01  0.1613939405E+08
  0.4750000000E-01  0.1607272447E+08
  0.4777777778E-01  0.1600605436E+08
  0.4805555556E-01  0.1593938468E+08
  0.4833333333E-01  0.1587271465E+08
  0.4861111111E-01  0.1580604498E+08
  0.4888888889E-01  0.1573937495E+08
  0.4916666667E-01  0.1567270528E+08
  0.4944444444E-01  0.1560603559E+08
  0.4972222222E-01  0.1553936558E+08
  0.5000000000E-01  0.1547269579E+08
  0.5027777778E-01  0.1540428047E+08
  0.5055555556E-01  0.1533586472E+08
  0.5083333333E-01  0.1526744929E+08
  0.5111111111E-01  0.1519903397E+08
  0.5138888889E-01  0.1513061821E+08
  0.5166666667E-01  0.1506220279E+08
  0.5194444444E-01  0.1499378747E+08
  0.5222222222E-01  0.1492537205E+08
  0.5250000000E-01  0.1485695629E+08
  0.5277777778E-01  0.1478854097E+08
  0.5305555556E-01  0.1472012555E+08
  0.5333333333E-01  0.1465171012E+08
  0.5361111111E-01  0.1458329436E+08
  0.5388888889E-01  0.1451487905E+08
  0.5416666667E-01  0.1444646362E+08
  0.5444444444E-01  0.1437804820E+08
  0.5472222222E-01  0.1430963255E+08
  0.5500000000E-01  0.1424121712E+08
  0.5527777778E-01  0.1417219436E+08
  0.5555555556E-01  0.1410317170E+08
  0.5583333333E-01  0.1403414917E+08
  0.5611111111E-01  0.1396512651E+08
  0.5638888889E-01  0.1389610374E+08
  0.5666666667E-01  0.1382708109E+08
  0.5694444444E-01  0.1375805832E+08
  0.5722222222E-01  0.1368903567E+08
  0.5750000000E-01  0.1362001323E+08
  0.5777777778E-01  0.1355099058E+08
  0.5805555556E-01  0.1348196771E+08
  0.5833333333E-01  0.1341294505E+08
  0.5861111111E-01  0.1334392229E+08
  0.5888888889E-01  0.1327489963E+08
  0.5916666667E-01  0.1320587720E+08
  0.5944444444E-01  0.1313685443E+08
  0.5972222222E-01  0.1306783177E+08
  0.6000000000E-01  0.1299880891E+08
  0.6027777778E-01  0.1293025936E+08
  0.6055555556E-01  0.1286171014E+08
  0.6083333333E-01  0.1279316049E+08
  0.6111111111E-01  0.1272461094E+08
  0.6138888889E-01  0.1265606129E+08
  0.6166666667E-01  0.1258751207E+08
  0.6194444444E-01  0.1251896231E+08
  0.6222222222E-01  0.1245041276E+08
  0.6250000000E-01  0.1238186321E+08
  0.6277777778E-01  0.1231331372E+08
  0.6305555556E-01  0.1224476414E+08
  0.6333333333E-01  0.1217621468E+08
  0.6361111111E-01  0.1210766510E+08
  0.6388888889E-01  0.1203911562E+08
  0.6416666667E-01  0.1197056606E+08
  0.6444444444E-01  0.1190201647E+08
  0.6472222222E-01  0.1183346699E+08
  0.6500000000E-01  0.1176491744E+08
  0.6527777778E-01  0.1169782931E+08
  0.6555555556E-01  0.1163074118E+08
  0.6583333333E-01  0.1156365316E+08
  0.6611111111E-01  0.1149656504E+08
  0.6638888889E-01  0.1142947691E+08
  0.6666666667E-01  0.1136238878E+08
  0.6694444444E-01  0.1129530077E+08
  0.6722222222E-01  0.1122821264E+08
  0.6750000000E-01  0.1116112451E+08
  0.6777777778E-01  0.1109403638E+08
  0.6805555556E-01  0.1102694825E+08
  0.6833333333E-01  0.1095986024E+08
  0.6861111111E-01  0.1089277208E+08
  0.6888888889E-01  0.1082568395E+08
  0.6916666667E-01  0.1075859582E+08
  0.6944444444E-01  0.1069150770E+08
  0.6972222222E-01  0.1062441968E+08
  0.7000000000E-01  0.1055733155E+08
  0.7027777778E-01  0.1049258590E+08
  0.7055555556E-01  0.1042784012E+08
  0.7083333333E-01  0.1036309446E+08
  0.7111111111E-01  0.1029834869E+08
  0.7138888889E-01  0.1023360304E+08
  0.7166666667E-01  0.1016885726E+08
  0.7194444444E-01  0.1010411162E+08
  0.7222222222E-01  0.1003936587E+08
  0.7250000000E-01  0.9974620186E+07
  0.7277777778E-01  0.9909874443E+07
  0.7305555556E-01  0.9845128667E+07
  0.7333333333E-01  0.9780383020E+07
  0.7361111111E-01  0.9715637233E+07
  0.7388888889E-01  0.9650891590E+07
  0.7416666667E-01  0.9586145809E+07
  0.7444444444E-01  0.9521400167E+07
  0.7472222222E-01  0.9456654390E+07
  0.7500000000E-01  0.9391908732E+07
  0.7527777778E-01  0.9330257398E+07
  0.7555555556E-01  0.9268606065E+07
  0.7583333333E-01  0.9206954798E+07
  0.7611111111E-01  0.9145303453E+07
  0.7638888889E-01  0.9083652119E+07
  0.7666666667E-01  0.9022000781E+07
  0.7694444444E-01  0.8960349537E+07
  0.7722222222E-01  0.8898698203E+07
  0.7750000000E-01  0.8837046870E+07
  0.7777777778E-01  0.8775395625E+07
  0.7805555556E-01  0.8713744290E+07
  0.7833333333E-01  0.8652092920E+07
  0.7861111111E-01  0.8590441575E+07
  0.7888888889E-01  0.8528790342E+07
  0.7916666667E-01  0.8467139008E+07
  0.7944444444E-01  0.8405487662E+07
  0.7972222222E-01  0.8343836428E+07
  0.8000000000E-01  0.8282185093E+07
  0.8027777778E-01  0.8224246583E+07
  0.8055555556E-01  0.8166308071E+07
  0.8083333333E-01  0.8108369560E+07
  0.8111111111E-01  0.8050431049E+07
  0.8138888889E-01  0.7992492560E+07
  0.8166666667E-01  0.7934554049E+07
  0.8194444444E-01  0.7876615538E+07
  0.8222222222E-01  0.7818677127E+07
  0.8250000000E-01  0.7760738616E+07
  0.8277777778E-01  0.7702800138E+07
  0.8305555556E-01  0.7644861627E+07
  0.8333333333E-01  0.7586923116E+07
  0.8361111111E-01  0.7528984604E+07
  0.8388888889E-01  0.7471046094E+07
  0.8416666667E-01  0.7413107617E+07
  0.8444444444E-01  0.7355169105E+07
  0.8472222222E-01  0.7297230594E+07
  0.8500000000E-01  0.7239292082E+07
  0.8527777778E-01  0.7185539798E+07
  0.8555555556E-01  0.7131787390E+07
  0.8583333333E-01  0.7078035083E+07
  0.8611111111E-01  0.7024282697E+07
  0.8638888889E-01  0.6970530289E+07
  0.8666666667E-01  0.6916778016E+07
  0.8694444444E-01  0.6863025597E+07
  0.8722222222E-01  0.6809273290E+07
  0.8750000000E-01  0.6755520904E+07
  0.8777777778E-01  0.6701768496E+07
  0.8805555556E-01  0.6648016223E+07
  0.8833333333E-01  0.6594263804E+07
  0.8861111111E-01  0.6540511529E+07
  0.8888888889E-01  0.6486759111E+07
  0.8916666667E-01  0.6433006703E+07
  0.8944444444E-01  0.6379254429E+07
  0.8972222222E-01  0.6325502010E+07
  0.9000000000E-01  0.6271749736E+07
  0.9027777778E-01  0.6222515646E+07
  0.9055555556E-01  0.6173281554E+07
  0.9083333333E-01  0.6124047464E+07
  0.9111111111E-01  0.6074813406E+07
  0.9138888889E-01  0.6025579416E+07
  0.9166666667E-01  0.5976345325E+07
  0.9194444444E-01  0.5927111235E+07
  0.9222222222E-01  0.5877877144E+07
  0.9250000000E-01  0.5828643087E+07
  0.9277777778E-01  0.5779409096E+07
  0.9305555556E-01  0.5730175004E+07
  0.9333333333E-01  0.5680940914E+07
  0.9361111111E-01  0.5631706856E+07
  0.9388888889E-01  0.5582472766E+07
  0.9416666667E-01  0.5533238775E+07
  0.9444444444E-01  0.5484004685E+07
  0.9472222222E-01  0.5434770627E+07
  0.9500000000E-01  0.5385536537E+07
  0.9527777778E-01  0.5341014977E+07
  0.9555555556E-01  0.5296493416E+07
  0.9583333333E-01  0.5251971847E+07
  0.9611111111E-01  0.5207450320E+07
  0.9638888889E-01  0.5162928751E+07
  0.9666666667E-01  0.5118407202E+07
  0.9694444444E-01  0.5073885632E+07
  0.9722222222E-01  0.5029364072E+07
  0.9750000000E-01  0.4984842536E+07
  0.9777777778E-01  0.4940320965E+07
  0.9805555556E-01  0.4895799406E+07
  0.9833333333E-01  0.4851277836E+07
  0.9861111111E-01  0.4806756276E+07
  0.9888888889E-01  0.4762234740E+07
  0.9916666667E-01  0.4717713179E+07
  0.9944444444E-01  0.4673191610E+07
  0.9972222222E-01  0.4628670051E+07
  0.1000000000E+00  0.4584148524E+07
  0.1002777778E+00  0.4544401711E+07
  0.1005555556E+00  0.4504654930E+07
  0.1008333333E+00  0.4464908116E+07
  0.1011111111E+00  0.4425161335E+07
  0.1013888889E+00  0.4385414555E+07
  0.1016666667E+00  0.4345667732E+07
  0.1019444444E+00  0.4305920951E+07
  0.1022222222E+00  0.4266174137E+07
  0.1025000000E+00  0.4226427356E+07
  0.1027777778E+00  0.4186680577E+07
  0.1030555556E+00  0.4146933762E+07
  0.1033333333E+00  0.4107186982E+07
  0.1036111111E+00  0.4067440168E+07
  0.1038888889E+00  0.4027693387E+07
  0.1041666667E+00  0.3987946607E+07
  0.1044444444E+00  0.3948199793E+07
  0.1047222222E+00  0.3908453012E+07
  0.1050000000E+00  0.3868706232E+07
  0.1052777778E+00  0.3833683650E+07
  0.1055555556E+00  0.3798661091E+07
  0.1058333333E+00  0.3763638509E+07
  0.1061111111E+00  0.3728615982E+07
  0.1063888889E+00  0.3693593421E+07
  0.1066666667E+00  0.3658570839E+07
  0.1069444444E+00  0.3623548312E+07
  0.1072222222E+00  0.3588525730E+07
  0.1075000000E+00  0.3553503170E+07
  0.1077777778E+00  0.3518480643E+07
  0.1080555556E+00  0.3483458061E+07
  0.1083333333E+00  0.3448435501E+07
  0.1086111111E+00  0.3413412952E+07
  0.1088888889E+00  0.3378390392E+07
  0.1091666667E+00  0.3343367822E+07
  0.1094444444E+00  0.3308345250E+07
  0.1097222222E+00  0.3273322723E+07
  0.1100000000E+00  0.3238300141E+07
  0.1102777778E+00  0.3207846057E+07
  0.1105555556E+00  0.3177392028E+07
  0.1108333333E+00  0.3146937945E+07
  0.1111111111E+00  0.3116483861E+07
  0.1113888889E+00  0.3086029811E+07
  0.1116666667E+00  0.3055575739E+07
  0.1119444444E+00  0.3025121665E+07
  0.1122222222E+00  0.2994667581E+07
  0.1125000000E+00  0.2964213531E+07
  0.1127777778E+00  0.2933759448E+07
  0.1130555556E+00  0.2903305375E+07
  0.1133333333E+00  0.2872851335E+07
  0.1136111111E+00  0.2842397251E+07
  0.1138888889E+00  0.2811943168E+07
  0.1141666667E+00  0.2781489084E+07
  0.1144444444E+00  0.2751035055E+07
  0.1147222222E+00  0.2720580971E+07
  0.1150000000E+00  0.2690126888E+07
  0.1152777778E+00  0.2664002258E+07
  0.1155555556E+00  0.2637877627E+07
  0.1158333333E+00  0.2611753029E+07
  0.1161111111E+00  0.2585628410E+07
  0.1163888889E+00  0.2559503779E+07
  0.1166666667E+00  0.2533379159E+07
  0.1169444444E+00  0.2507254528E+07
  0.1172222222E+00  0.2481129898E+07
  0.1175000000E+00  0.2455005267E+07
  0.1177777778E+00  0.2428880636E+07
  0.1180555556E+00  0.2402756017E+07
  0.1183333333E+00  0.2376631386E+07
  0.1186111111E+00  0.2350506756E+07
  0.1188888889E+00  0.2324382159E+07
  0.1191666667E+00  0.2298257538E+07
  0.1194444444E+00  0.2272132907E+07
  0.1197222222E+00  0.2246008277E+07
  0.1200000000E+00  0.2219883657E+07
  0.1202777778E+00  0.2197782287E+07
  0.1205555556E+00  0.2175680950E+07
  0.1208333333E+00  0.2153579579E+07
  0.1211111111E+00  0.2131478242E+07
  0.1213888889E+00  0.2109376872E+07
  0.1216666667E+00  0.2087275535E+07
  0.1219444444E+00  0.2065174164E+07
  0.1222222222E+00  0.2043072827E+07
  0.1225000000E+00  0.2020971457E+07
  0.1227777778E+00  0.1998870120E+07
  0.1230555556E+00  0.1976768760E+07
  0.1233333333E+00  0.1954667423E+07
  0.1236111111E+00  0.1932566052E+07
  0.1238888889E+00  0.1910464715E+07
  0.1241666667E+00  0.1888363356E+07
  0.1244444444E+00  0.1866262019E+07
  0.1247222222E+00  0.1844160648E+07
  0.1250000000E+00  0.1822059311E+07
  0.1252777778E+00  0.1803625967E+07
  0.1255555556E+00  0.1785192633E+07
  0.1258333333E+00  0.1766759288E+07
  0.1261111111E+00  0.1748325965E+07
  0.1263888889E+00  0.1729892621E+07
  0.1266666667E+00  0.1711459320E+07
  0.1269444444E+00  0.1693025987E+07
  0.1272222222E+00  0.1674592653E+07
  0.1275000000E+00  0.1656159308E+07
  0.1277777778E+00  0.1637725974E+07
  0.1280555556E+00  0.1619292641E+07
  0.1283333333E+00  0.1600859307E+07
  0.1286111111E+00  0.1582425996E+07
  0.1288888889E+00  0.1563992661E+07
  0.1291666667E+00  0.1545559328E+07
  0.1294444444E+00  0.1527125994E+07
  0.1297222222E+00  0.1508692650E+07
  0.1300000000E+00  0.1490259315E+07
  0.1302777778E+00  0.1475108701E+07
  0.1305555556E+00  0.1459958053E+07
  0.1308333333E+00  0.1444807449E+07
  0.1311111111E+00  0.1429656800E+07
  0.1313888889E+00  0.1414506187E+07
  0.1316666667E+00  0.1399355538E+07
  0.1319444444E+00  0.1384204934E+07
  0.1322222222E+00  0.1369054286E+07
  0.1325000000E+00  0.1353903672E+07
  0.1327777778E+00  0.1338753057E+07
  0.1330555556E+00  0.1323602419E+07
  0.1333333333E+00  0.1308451804E+07
  0.1336111111E+00  0.1293301157E+07
  0.1338888889E+00  0.1278150542E+07
  0.1341666667E+00  0.1262999904E+07
  0.1344444444E+00  0.1247849289E+07
  0.1347222222E+00  0.1232698642E+07
  0.1350000000E+00  0.1217548027E+07
  0.1352777778E+00  0.1205279597E+07
  0.1355555556E+00  0.1193011167E+07
  0.1358333333E+00  0.1180742737E+07
  0.1361111111E+00  0.1168474307E+07
  0.1363888889E+00  0.1156205911E+07
  0.1366666667E+00  0.1143937481E+07
  0.1369444444E+00  0.1131669051E+07
  0.1372222222E+00  0.1119400621E+07
  0.1375000000E+00  0.1107132191E+07
  0.1377777778E+00  0.1094863761E+07
  0.1380555556E+00  0.1082595364E+07
  0.1383333333E+00  0.1070326934E+07
  0.1386111111E+00  0.1058058505E+07
  0.1388888889E+00  0.1045790075E+07
  0.1391666667E+00  0.1033521645E+07
  0.1394444444E+00  0.1021253215E+07
  0.1397222222E+00  0.1008984818E+07
  0.1400000000E+00  0.9967163882E+06
  0.1402777778E+00  0.9869304054E+06
  0.1405555556E+00  0.9771444215E+06
  0.1408333333E+00  0.9673584276E+06
  0.1411111111E+00  0.9575724414E+06
  0.1413888889E+00  0.9477864443E+06
  0.1416666667E+00  0.9380004570E+06
  0.1419444444E+00  0.9282144742E+06
  0.1422222222E+00  0.9184284869E+06
  0.1425000000E+00  0.9086424930E+06
  0.1427777778E+00  0.8988565170E+06
  0.1430555556E+00  0.8890705197E+06
  0.1433333333E+00  0.8792845369E+06
  0.1436111111E+00  0.8694985496E+06
  0.1438888889E+00  0.8597125556E+06
  0.1441666667E+00  0.8499265796E+06
  0.1444444444E+00  0.8401405857E+06
  0.1447222222E+00  0.8303545984E+06
  0.1450000000E+00  0.8205686123E+06
  0.1452777778E+00  0.8128781546E+06
  0.1455555556E+00  0.8051877026E+06
  0.1458333333E+00  0.7974972505E+06
  0.1461111111E+00  0.7898067951E+06
  0.1463888889E+00  0.7821163430E+06
  0.1466666667E+00  0.7744258810E+06
  0.1469444444E+00  0.7667354289E+06
  0.1472222222E+00  0.7590449734E+06
  0.1475000000E+00  0.7513545213E+06
  0.1477777778E+00  0.7436640692E+06
  0.1480555556E+00  0.7359736139E+06
  0.1483333333E+00  0.7282831618E+06
  0.1486111111E+00  0.7205926997E+06
  0.1488888889E+00  0.7129022476E+06
  0.1491666667E+00  0.7052117923E+06
  0.1494444444E+00  0.6975213402E+06
  0.1497222222E+00  0.6898308881E+06
  0.1500000000E+00  0.6821404360E+06
  0.1502777778E+00  0.6761816429E+06
  0.1505555556E+00  0.6702228531E+06
  0.1508333333E+00  0.6642640632E+06
  0.1511111111E+00  0.6583052735E+06
  0.1513888889E+00  0.6523464803E+06
  0.1516666667E+00  0.6463876905E+06
  0.1519444444E+00  0.6404289007E+06
  0.1522222222E+00  0.6344701208E+06
  0.1525000000E+00  0.6285113266E+06
  0.1527777778E+00  0.6225525368E+06
  0.1530555556E+00  0.6165937471E+06
  0.1533333333E+00  0.6106349572E+06
  0.1536111111E+00  0.6046761640E+06
  0.1538888889E+00  0.5987173743E+06
  0.1541666667E+00  0.5927585844E+06
  0.1544444444E+00  0.5867997947E+06
  0.1547222222E+00  0.5808410015E+06
  0.1550000000E+00  0.5748822217E+06
  0.1552777778E+00  0.5703224036E+06
  0.1555555556E+00  0.5657625833E+06
  0.1558333333E+00  0.5612027630E+06
  0.1561111111E+00  0.5566429449E+06
  0.1563888889E+00  0.5520831246E+06
  0.1566666667E+00  0.5475233065E+06
  0.1569444444E+00  0.5429634862E+06
  0.1572222222E+00  0.5384036658E+06
  0.1575000000E+00  0.5338438477E+06
  0.1577777778E+00  0.5292840274E+06
  0.1580555556E+00  0.5247242105E+06
  0.1583333333E+00  0.5201643890E+06
  0.1586111111E+00  0.5156045687E+06
  0.1588888889E+00  0.5110447507E+06
  0.1591666667E+00  0.5064849303E+06
  0.1594444444E+00  0.5019251133E+06
  0.1597222222E+00  0.4973652918E+06
  0.1600000000E+00  0.4928054715E+06
  0.1602777778E+00  0.4893484541E+06
  0.1605555556E+00  0.4858914343E+06
  0.1608333333E+00  0.4824344268E+06
  0.1611111111E+00  0.4789774070E+06
  0.1613888889E+00  0.4755203862E+06
  0.1616666667E+00  0.4720633698E+06
  0.1619444444E+00  0.4686063490E+06
  0.1622222222E+00  0.4651493326E+06
  0.1625000000E+00  0.4616923116E+06
  0.1627777778E+00  0.4582352919E+06
  0.1630555556E+00  0.4547782744E+06
  0.1633333333E+00  0.4513212547E+06
  0.1636111111E+00  0.4478642371E+06
  0.1638888889E+00  0.4444072174E+06
  0.1641666667E+00  0.4409501965E+06
  0.1644444444E+00  0.4374931852E+06
  0.1647222222E+00  0.4340361653E+06
  0.1650000000E+00  0.4305791465E+06
  0.1652777778E+00  0.4279678180E+06
  0.1655555556E+00  0.4253564906E+06
  0.1658333333E+00  0.4227451621E+06
  0.1661111111E+00  0.4201338346E+06
  0.1663888889E+00  0.4175225062E+06
  0.1666666667E+00  0.4149111786E+06
  0.1669444444E+00  0.4122998501E+06
  0.1672222222E+00  0.4096885227E+06
  0.1675000000E+00  0.4070771942E+06
  0.1677777778E+00  0.4044658646E+06
  0.1680555556E+00  0.4018545372E+06
  0.1683333333E+00  0.3992432086E+06
  0.1686111111E+00  0.3966318812E+06
  0.1688888889E+00  0.3940205527E+06
  0.1691666667E+00  0.3914092252E+06
  0.1694444444E+00  0.3887978967E+06
  0.1697222222E+00  0.3861865692E+06
  0.1700000000E+00  0.3835752374E+06
  0.1702777778E+00  0.3815933096E+06
  0.1705555556E+00  0.3796113775E+06
  0.1708333333E+00  0.3776294464E+06
  0.1711111111E+00  0.3756475143E+06
  0.1713888889E+00  0.3736655865E+06
  0.1716666667E+00  0.3716836553E+06
  0.1719444444E+00  0.3697017232E+06
  0.1722222222E+00  0.3677197921E+06
  0.1725000000E+00  0.3657378599E+06
  0.1727777778E+00  0.3637559322E+06
  0.1730555556E+00  0.3617740011E+06
  0.1733333333E+00  0.3597920678E+06
  0.1736111111E+00  0.3578101367E+06
  0.1738888889E+00  0.3558282079E+06
  0.1741666667E+00  0.3538462767E+06
  0.1744444444E+00  0.3518643456E+06
  0.1747222222E+00  0.3498824134E+06
  0.1750000000E+00  0.3479004824E+06
  0.1752777778E+00  0.3463710199E+06
  0.1755555556E+00  0.3448415562E+06
  0.1758333333E+00  0.3433120937E+06
  0.1761111111E+00  0.3417826300E+06
  0.1763888889E+00  0.3402531674E+06
  0.1766666667E+00  0.3387237016E+06
  0.1769444444E+00  0.3371942412E+06
  0.1772222222E+00  0.3356647755E+06
  0.1775000000E+00  0.3341353140E+06
  0.1777777778E+00  0.3326058492E+06
  0.1780555556E+00  0.3310763868E+06
  0.1783333333E+00  0.3295469230E+06
  0.1786111111E+00  0.3280174573E+06
  0.1788888889E+00  0.3264879957E+06
  0.1791666667E+00  0.3249585310E+06
  0.1794444444E+00  0.3234290695E+06
  0.1797222222E+00  0.3218996036E+06
  0.1800000000E+00  0.3203701423E+06
  0.1802777778E+00  0.3191533336E+06
  0.1805555556E+00  0.3179365237E+06
  0.1808333333E+00  0.3167197140E+06
  0.1811111111E+00  0.3155029053E+06
  0.1813888889E+00  0.3142860956E+06
  0.1816666667E+00  0.3130692868E+06
  0.1819444444E+00  0.3118524771E+06
  0.1822222222E+00  0.3106356706E+06
  0.1825000000E+00  0.3094188609E+06
  0.1827777778E+00  0.3082020521E+06
  0.1830555556E+00  0.3069852424E+06
  0.1833333333E+00  0.3057684337E+06
  0.1836111111E+00  0.3045516250E+06
  0.1838888889E+00  0.3033348141E+06
  0.1841666667E+00  0.3021180054E+06
  0.1844444444E+00  0.3009011957E+06
  0.1847222222E+00  0.2996843870E+06
  0.1850000000E+00  0.2984675806E+06
  0.1852777778E+00  0.2974574640E+06
  0.1855555556E+00  0.2964473495E+06
  0.1858333333E+00  0.2954372328E+06
  0.1861111111E+00  0.2944271173E+06
  0.1863888889E+00  0.2934170007E+06
  0.1866666667E+00  0.2924068874E+06
  0.1869444444E+00  0.2913967719E+06
  0.1872222222E+00  0.2903866563E+06
  0.1875000000E+00  0.2893765408E+06
  0.1877777778E+00  0.2883664241E+06
  0.1880555556E+00  0.2873563120E+06
  0.1883333333E+00  0.2863461953E+06
  0.1886111111E+00  0.2853360798E+06
  0.1888888889E+00  0.2843259632E+06
  0.1891666667E+00  0.2833158487E+06
  0.1894444444E+00  0.2823057354E+06
  0.1897222222E+00  0.2812956199E+06
  0.1900000000E+00  0.2802855033E+06
  0.1902777778E+00  0.2794056002E+06
  0.1905555556E+00  0.2785256994E+06
  0.1908333333E+00  0.2776457953E+06
  0.1911111111E+00  0.2767658944E+06
  0.1913888889E+00  0.2758859914E+06
  0.1916666667E+00  0.2750060915E+06
  0.1919444444E+00  0.2741261874E+06
  0.1922222222E+00  0.2732462866E+06
  0.1925000000E+00  0.2723663835E+06
  0.1927777778E+00  0.2714864827E+06
  0.1930555556E+00  0.2706065785E+06
  0.1933333333E+00  0.2697266788E+06
  0.1936111111E+00  0.2688467747E+06
  0.1938888889E+00  0.2679668738E+06
  0.1941666667E+00  0.2670869697E+06
  0.1944444444E+00  0.2662070666E+06
  0.1947222222E+00  0.2653271668E+06
  0.1950000000E+00  0.2644472626E+06
  0.1952777778E+00  0.2636460098E+06
  0.1955555556E+00  0.2628447624E+06
  0.1958333333E+00  0.2620435105E+06
  0.1961111111E+00  0.2612422576E+06
  0.1963888889E+00  0.2604410057E+06
  0.1966666667E+00  0.2596397538E+06
  0.1969444444E+00  0.2588385019E+06
  0.1972222222E+00  0.2580372490E+06
  0.1975000000E+00  0.2572359983E+06
  0.1977777778E+00  0.2564347464E+06
  0.1980555556E+00  0.2556334945E+06
  0.1983333333E+00  0.2548322416E+06
  0.1986111111E+00  0.2540309897E+06
  0.1988888889E+00  0.2532297412E+06
  0.1991666667E+00  0.2524284883E+06
  0.1994444444E+00  0.2516272376E+06
  0.1997222222E+00  0.2508259857E+06
  0.2000000000E+00  0.2500247338E+06
  0.2002777778E+00  0.2492704768E+06
  0.2005555556E+00  0.2485162199E+06
  0.2008333333E+00  0.2477619640E+06
  0.2011111111E+00  0.2470077070E+06
  0.2013888889E+00  0.2462534511E+06
  0.2016666667E+00  0.2454991908E+06
  0.2019444444E+00  0.2447449348E+06
  0.2022222222E+00  0.2439906779E+06
  0.2025000000E+00  0.2432364219E+06
  0.2027777778E+00  0.2424821650E+06
  0.2030555556E+00  0.2417279091E+06
  0.2033333333E+00  0.2409736521E+06
  0.2036111111E+00  0.2402193973E+06
  0.2038888889E+00  0.2394651403E+06
  0.2041666667E+00  0.2387108834E+06
  0.2044444444E+00  0.2379566274E+06
  0.2047222222E+00  0.2372023705E+06
  0.2050000000E+00  0.2364481145E+06
  0.2052777778E+00  0.2357247866E+06
  0.2055555556E+00  0.2350014596E+06
  0.2058333333E+00  0.2342781349E+06
  0.2061111111E+00  0.2335548090E+06
  0.2063888889E+00  0.2328314844E+06
  0.2066666667E+00  0.2321081574E+06
  0.2069444444E+00  0.2313848327E+06
  0.2072222222E+00  0.2306615057E+06
  0.2075000000E+00  0.2299381811E+06
  0.2077777778E+00  0.2292148552E+06
  0.2080555556E+00  0.2284915315E+06
  0.2083333333E+00  0.2277682035E+06
  0.2086111111E+00  0.2270448799E+06
  0.2088888889E+00  0.2263215519E+06
  0.2091666667E+00  0.2255982293E+06
  0.2094444444E+00  0.2248749014E+06
  0.2097222222E+00  0.2241515744E+06
  0.2100000000E+00  0.2234282497E+06
  0.2102777778E+00  0.2227308950E+06
  0.2105555556E+00  0.2220335369E+06
  0.2108333333E+00  0.2213361822E+06
  0.2111111111E+00  0.2206388264E+06
  0.2113888889E+00  0.2199414694E+06
  0.2116666667E+00  0.2192441136E+06
  0.2119444444E+00  0.2185467556E+06
  0.2122222222E+00  0.2178493998E+06
  0.2125000000E+00  0.2171520461E+06
  0.2127777778E+00  0.2164546870E+06
  0.2130555556E+00  0.2157573323E+06
  0.2133333333E+00  0.2150599775E+06
  0.2136111111E+00  0.2143626195E+06
  0.2138888889E+00  0.2136652637E+06
  0.2141666667E+00  0.2129679091E+06
  0.2144444444E+00  0.2122705509E+06
  0.2147222222E+00  0.2115731951E+06
  0.2150000000E+00  0.2108758404E+06
  0.2152777778E+00  0.2102066616E+06
  0.2155555556E+00  0.2095374828E+06
  0.2158333333E+00  0.2088683028E+06
  0.2161111111E+00  0.2081991239E+06
  0.2163888889E+00  0.2075299484E+06
  0.2166666667E+00  0.2068607696E+06
  0.2169444444E+00  0.2061915907E+06
  0.2172222222E+00  0.2055224097E+06
  0.2175000000E+00  0.2048532342E+06
  0.2177777778E+00  0.2041840554E+06
  0.2180555556E+00  0.2035148765E+06
  0.2183333333E+00  0.2028456966E+06
  0.2186111111E+00  0.2021765177E+06
  0.2188888889E+00  0.2015073422E+06
  0.2191666667E+00  0.2008381634E+06
  0.2194444444E+00  0.2001689845E+06
  0.2197222222E+00  0.1994998045E+06
  0.2200000000E+00  0.1988306281E+06
  0.2202777778E+00  0.1981960824E+06
  0.2205555556E+00  0.1975615358E+06
  0.2208333333E+00  0.1969269925E+06
  0.2211111111E+00  0.1962924459E+06
  0.2213888889E+00  0.1956579036E+06
  0.2216666667E+00  0.1950233570E+06
  0.2219444444E+00  0.1943888103E+06
  0.2222222222E+00  0.1937542671E+06
  0.2225000000E+00  0.1931197215E+06
  0.2227777778E+00  0.1924851782E+06
  0.2230555556E+00  0.1918506315E+06
  0.2233333333E+00  0.1912160849E+06
  0.2236111111E+00  0.1905815427E+06
  0.2238888889E+00  0.1899469961E+06
  0.2241666667E+00  0.1893124527E+06
  0.2244444444E+00  0.1886779061E+06
  0.2247222222E+00  0.1880433595E+06
  0.2250000000E+00  0.1874088173E+06
  0.2252777778E+00  0.1868166616E+06
  0.2255555556E+00  0.1862245071E+06
  0.2258333333E+00  0.1856323480E+06
  0.2261111111E+00  0.1850401935E+06
  0.2263888889E+00  0.1844480399E+06
  0.2266666667E+00  0.1838558842E+06
  0.2269444444E+00  0.1832637297E+06
  0.2272222222E+00  0.1826715751E+06
  0.2275000000E+00  0.1820794161E+06
  0.2277777778E+00  0.1814872616E+06
  0.2280555556E+00  0.1808951059E+06
  0.2283333333E+00  0.1803029513E+06
  0.2286111111E+00  0.1797107968E+06
  0.2288888889E+00  0.1791186421E+06
  0.2291666667E+00  0.1785264843E+06
  0.2294444444E+00  0.1779343286E+06
  0.2297222222E+00  0.1773421740E+06
  0.2300000000E+00  0.1767500195E+06
  0.2302777778E+00  0.1762077262E+06
  0.2305555556E+00  0.1756654330E+06
  0.2308333333E+00  0.1751231385E+06
  0.2311111111E+00  0.1745808453E+06
  0.2313888889E+00  0.1740385521E+06
  0.2316666667E+00  0.1734962600E+06
  0.2319444444E+00  0.1729539668E+06
  0.2322222222E+00  0.1724116745E+06
  0.2325000000E+00  0.1718693791E+06
  0.2327777778E+00  0.1713270858E+06
  0.2330555556E+00  0.1707847926E+06
  0.2333333333E+00  0.1702425005E+06
  0.2336111111E+00  0.1697002073E+06
  0.2338888889E+00  0.1691579117E+06
  0.2341666667E+00  0.1686156196E+06
  0.2344444444E+00  0.1680733263E+06
  0.2347222222E+00  0.1675310331E+06
  0.2350000000E+00  0.1669887410E+06
  0.2352777778E+00  0.1665018686E+06
  0.2355555556E+00  0.1660149996E+06
  0.2358333333E+00  0.1655281305E+06
  0.2361111111E+00  0.1650412592E+06
  0.2363888889E+00  0.1645543902E+06
  0.2366666667E+00  0.1640675211E+06
  0.2369444444E+00  0.1635806487E+06
  0.2372222222E+00  0.1630937808E+06
  0.2375000000E+00  0.1626069117E+06
  0.2377777778E+00  0.1621200427E+06
  0.2380555556E+00  0.1616331703E+06
  0.2383333333E+00  0.1611463023E+06
  0.2386111111E+00  0.1606594333E+06
  0.2388888889E+00  0.1601725609E+06
  0.2391666667E+00  0.1596856918E+06
  0.2394444444E+00  0.1591988239E+06
  0.2397222222E+00  0.1587119515E+06
  0.2400000000E+00  0.1582250824E+06
  0.2402777778E+00  0.1577966304E+06
  0.2405555556E+00  0.1573681751E+06
  0.2408333333E+00  0.1569397252E+06
  0.2411111111E+00  0.1565112731E+06
  0.2413888889E+00  0.1560828178E+06
  0.2416666667E+00  0.1556543668E+06
  0.2419444444E+00  0.1552259159E+06
  0.2422222222E+00  0.1547974605E+06
  0.2425000000E+00  0.1543690095E+06
  0.2427777778E+00  0.1539405575E+06
  0.2430555556E+00  0.1535121032E+06
  0.2433333333E+00  0.1530836522E+06
  0.2436111111E+00  0.1526552002E+06
  0.2438888889E+00  0.1522267482E+06
  0.2441666667E+00  0.1517982938E+06
  0.2444444444E+00  0.1513698429E+06
  0.2447222222E+00  0.1509413909E+06
  0.2450000000E+00  0.1505129365E+06
  0.2452777778E+00  0.1501430145E+06
  0.2455555556E+00  0.1497730946E+06
  0.2458333333E+00  0.1494031736E+06
  0.2461111111E+00  0.1490332526E+06
  0.2463888889E+00  0.1486633306E+06
  0.2466666667E+00  0.1482934063E+06
  0.2469444444E+00  0.1479234852E+06
  0.2472222222E+00  0.1475535643E+06
  0.2475000000E+00  0.1471836433E+06
  0.2477777778E+00  0.1468137223E+06
  0.2480555556E+00  0.1464438003E+06
  0.2483333333E+00  0.1460738793E+06
  0.2486111111E+00  0.1457039594E+06
  0.2488888889E+00  0.1453340340E+06
  0.2491666667E+00  0.1449641130E+06
  0.2494444444E+00  0.1445941920E+06
  0.2497222222E+00  0.1442242700E+06
  0.2500000000E+00  0.1438543501E+06
  0.2502777778E+00  0.1435401600E+06
  0.2505555556E+00  0.1432259689E+06
  0.2508333333E+00  0.1429117789E+06
  0.2511111111E+00  0.1425975887E+06
  0.2513888889E+00  0.1422834009E+06
  0.2516666667E+00  0.1419692108E+06
  0.2519444444E+00  0.1416550208E+06
  0.2522222222E+00  0.1413408307E+06
  0.2525000000E+00  0.1410266396E+06
  0.2527777778E+00  0.1407124505E+06
  0.2530555556E+00  0.1403982594E+06
  0.2533333333E+00  0.1400840693E+06
  0.2536111111E+00  0.1397698826E+06
  0.2538888889E+00  0.1394556925E+06
  0.2541666667E+00  0.1391415014E+06
  0.2544444444E+00  0.1388273114E+06
  0.2547222222E+00  0.1385131212E+06
  0.2550000000E+00  0.1381989301E+06
  0.2552777778E+00  0.1379352984E+06
  0.2555555556E+00  0.1376716690E+06
  0.2558333333E+00  0.1374080363E+06
  0.2561111111E+00  0.1371444025E+06
  0.2563888889E+00  0.1368807707E+06
  0.2566666667E+00  0.1366171414E+06
  0.2569444444E+00  0.1363535086E+06
  0.2572222222E+00  0.1360898759E+06
  0.2575000000E+00  0.1358262421E+06
  0.2577777778E+00  0.1355626137E+06
  0.2580555556E+00  0.1352989810E+06
  0.2583333333E+00  0.1350353483E+06
  0.2586111111E+00  0.1347717156E+06
  0.2588888889E+00  0.1345080861E+06
  0.2591666667E+00  0.1342444534E+06
  0.2594444444E+00  0.1339808206E+06
  0.2597222222E+00  0.1337171879E+06
  0.2600000000E+00  0.1334535552E+06
  0.2602777778E+00  0.1332332480E+06
  0.2605555556E+00  0.1330129409E+06
  0.2608333333E+00  0.1327926327E+06
  0.2611111111E+00  0.1325723223E+06
  0.2613888889E+00  0.1323520147E+06
  0.2616666667E+00  0.1321317080E+06
  0.2619444444E+00  0.1319113987E+06
  0.2622222222E+00  0.1316910910E+06
  0.2625000000E+00  0.1314707818E+06
  0.2627777778E+00  0.1312504729E+06
  0.2630555556E+00  0.1310301658E+06
  0.2633333333E+00  0.1308098569E+06
  0.2636111111E+00  0.1305895488E+06
  0.2638888889E+00  0.1303692399E+06
  0.2641666667E+00  0.1301489318E+06
  0.2644444444E+00  0.1299286240E+06
  0.2647222222E+00  0.1297083159E+06
  0.2650000000E+00  0.1294880070E+06
  0.2652777778E+00  0.1293025309E+06
  0.2655555556E+00  0.1291170539E+06
  0.2658333333E+00  0.1289315789E+06
  0.2661111111E+00  0.1287461019E+06
  0.2663888889E+00  0.1285606258E+06
  0.2666666667E+00  0.1283751498E+06
  0.2669444444E+00  0.1281896727E+06
  0.2672222222E+00  0.1280041967E+06
  0.2675000000E+00  0.1278187206E+06
  0.2677777778E+00  0.1276332436E+06
  0.2680555556E+00  0.1274477675E+06
  0.2683333333E+00  0.1272622905E+06
  0.2686111111E+00  0.1270768144E+06
  0.2688888889E+00  0.1268913384E+06
  0.2691666667E+00  0.1267058613E+06
  0.2694444444E+00  0.1265203853E+06
  0.2697222222E+00  0.1263349092E+06
  0.2700000000E+00  0.1261494322E+06
  0.2702777778E+00  0.1259896966E+06
  0.2705555556E+00  0.1258299607E+06
  0.2708333333E+00  0.1256702252E+06
  0.2711111111E+00  0.1255104896E+06
  0.2713888889E+00  0.1253507538E+06
  0.2716666667E+00  0.1251910182E+06
  0.2719444444E+00  0.1250312816E+06
  0.2722222222E+00  0.1248715447E+06
  0.2725000000E+00  0.1247118091E+06
  0.2727777778E+00  0.1245520736E+06
  0.2730555556E+00  0.1243923380E+06
  0.2733333333E+00  0.1242326022E+06
  0.2736111111E+00  0.1240728661E+06
  0.2738888889E+00  0.1239131304E+06
  0.2741666667E+00  0.1237533944E+06
  0.2744444444E+00  0.1235936586E+06
  0.2747222222E+00  0.1234339230E+06
  0.2750000000E+00  0.1232741869E+06
  0.2752777778E+00  0.1231310775E+06
  0.2755555556E+00  0.1229879688E+06
  0.2758333333E+00  0.1228448606E+06
  0.2761111111E+00  0.1227017509E+06
  0.2763888889E+00  0.1225586422E+06
  0.2766666667E+00  0.1224155339E+06
  0.2769444444E+00  0.1222724253E+06
  0.2772222222E+00  0.1221293156E+06
  0.2775000000E+00  0.1219862073E+06
  0.2777777778E+00  0.1218430986E+06
  0.2780555556E+00  0.1216999899E+06
  0.2783333333E+00  0.1215568806E+06
  0.2786111111E+00  0.1214137719E+06
  0.2788888889E+00  0.1212706632E+06
  0.2791666667E+00  0.1211275549E+06
  0.2794444444E+00  0.1209844452E+06
  0.2797222222E+00  0.1208413370E+06
  0.2800000000E+00  0.1206982283E+06
  0.2802777778E+00  0.1205632600E+06
  0.2805555556E+00  0.1204282930E+06
  0.2808333333E+00  0.1202933258E+06
  0.2811111111E+00  0.1201583575E+06
  0.2813888889E+00  0.1200233905E+06
  0.2816666667E+00  0.1198884233E+06
  0.2819444444E+00  0.1197534551E+06
  0.2822222222E+00  0.1196184880E+06
  0.2825000000E+00  0.1194835208E+06
  0.2827777778E+00  0.1193485526E+06
  0.2830555556E+00  0.1192135855E+06
  0.2833333333E+00  0.1190786183E+06
  0.2836111111E+00  0.1189436501E+06
  0.2838888889E+00  0.1188086827E+06
  0.2841666667E+00  0.1186737158E+06
  0.2844444444E+00  0.1185387476E+06
  0.2847222222E+00  0.1184037802E+06
  0.2850000000E+00  0.1182688133E+06
  0.2852777778E+00  0.1181346378E+06
  0.2855555556E+00  0.1180004626E+06
  0.2858333333E+00  0.1178662875E+06
  0.2861111111E+00  0.1177321123E+06
  0.2863888889E+00  0.1175979368E+06
  0.2866666667E+00  0.1174637616E+06
  0.2869444444E+00  0.1173295865E+06
  0.2872222222E+00  0.1171954110E+06
  0.2875000000E+00  0.1170612368E+06
  0.2877777778E+00  0.1169270616E+06
  0.2880555556E+00  0.1167928862E+06
  0.2883333333E+00  0.1166587110E+06
  0.2886111111E+00  0.1165245358E+06
  0.2888888889E+00  0.1163903603E+06
  0.2891666667E+00  0.1162561851E+06
  0.2894444444E+00  0.1161220100E+06
  0.2897222222E+00  0.1159878348E+06
  0.2900000000E+00  0.1158536603E+06
  0.2902777778E+00  0.1157142762E+06
  0.2905555556E+00  0.1155748923E+06
  0.2908333333E+00  0.1154355082E+06
  0.2911111111E+00  0.1152961241E+06
  0.2913888889E+00  0.1151567403E+06
  0.2916666667E+00  0.1150173562E+06
  0.2919444444E+00  0.1148779721E+06
  0.2922222222E+00  0.1147385879E+06
  0.2925000000E+00  0.1145992051E+06
  0.2927777778E+00  0.1144598210E+06
  0.2930555556E+00  0.1143204368E+06
  0.2933333333E+00  0.1141810527E+06
  0.2936111111E+00  0.1140416689E+06
  0.2938888889E+00  0.1139022848E+06
  0.2941666667E+00  0.1137629007E+06
  0.2944444444E+00  0.1136235165E+06
  0.2947222222E+00  0.1134841327E+06
  0.2950000000E+00  0.1133447496E+06
  0.2952777778E+00  0.1131959688E+06
  0.2955555556E+00  0.1130471879E+06
  0.2958333333E+00  0.1128984071E+06
  0.2961111111E+00  0.1127496272E+06
  0.2963888889E+00  0.1126008464E+06
  0.2966666667E+00  0.1124520658E+06
  0.2969444444E+00  0.1123032861E+06
  0.2972222222E+00  0.1121545052E+06
  0.2975000000E+00  0.1120057244E+06
  0.2977777778E+00  0.1118569445E+06
  0.2980555556E+00  0.1117081637E+06
  0.2983333333E+00  0.1115593828E+06
  0.2986111111E+00  0.1114106030E+06
  0.2988888889E+00  0.1112618222E+06
  0.2991666667E+00  0.1111130414E+06
  0.2994444444E+00  0.1109642605E+06
  0.2997222222E+00  0.1108154807E+06
  0.3000000000E+00  0.1106667001E+06
  0.3002777778E+00  0.1105060044E+06
  0.3005555556E+00  0.1103453088E+06
  0.3008333333E+00  0.1101846133E+06
  0.3011111111E+00  0.1100239175E+06
  0.3013888889E+00  0.1098632220E+06
  0.3016666667E+00  0.1097025265E+06
  0.3019444444E+00  0.1095418307E+06
  0.3022222222E+00  0.1093811352E+06
  0.3025000000E+00  0.1092204397E+06
  0.3027777778E+00  0.1090597438E+06
  0.3030555556E+00  0.1088990484E+06
  0.3033333333E+00  0.1087383528E+06
  0.3036111111E+00  0.1085776574E+06
  0.3038888889E+00  0.1084169615E+06
  0.3041666667E+00  0.1082562661E+06
  0.3044444444E+00  0.1080955705E+06
  0.3047222222E+00  0.1079348736E+06
  0.3050000000E+00  0.1077741782E+06
  0.3052777778E+00  0.1076008229E+06
  0.3055555556E+00  0.1074274687E+06
  0.3058333333E+00  0.1072541134E+06
  0.3061111111E+00  0.1070807584E+06
  0.3063888889E+00  0.1069074031E+06
  0.3066666667E+00  0.1067340477E+06
  0.3069444444E+00  0.1065606927E+06
  0.3072222222E+00  0.1063873372E+06
  0.3075000000E+00  0.1062139822E+06
  0.3077777778E+00  0.1060406269E+06
  0.3080555556E+00  0.1058672716E+06
  0.3083333333E+00  0.1056939165E+06
  0.3086111111E+00  0.1055205612E+06
  0.3088888889E+00  0.1053472061E+06
  0.3091666667E+00  0.1051738507E+06
  0.3094444444E+00  0.1050004957E+06
  0.3097222222E+00  0.1048271404E+06
  0.3100000000E+00  0.1046537850E+06
  0.3102777778E+00  0.1044686631E+06
  0.3105555556E+00  0.1042835412E+06
  0.3108333333E+00  0.1040984193E+06
  0.3111111111E+00  0.1039132975E+06
  0.3113888889E+00  0.1037281755E+06
  0.3116666667E+00  0.1035430536E+06
  0.3119444444E+00  0.1033579318E+06
  0.3122222222E+00  0.1031728095E+06
  0.3125000000E+00  0.1029876876E+06
  0.3127777778E+00  0.1028025657E+06
  0.3130555556E+00  0.1026174438E+06
  0.3133333333E+00  0.1024323219E+06
  0.3136111111E+00  0.1022472000E+06
  0.3138888889E+00  0.1020620782E+06
  0.3141666667E+00  0.1018769562E+06
  0.3144444444E+00  0.1016918343E+06
  0.3147222222E+00  0.1015067121E+06
  0.3150000000E+00  0.1013215902E+06
  0.3152777778E+00  0.1011270707E+06
  0.3155555556E+00  0.1009325521E+06
  0.3158333333E+00  0.1007380322E+06
  0.3161111111E+00  0.1005435126E+06
  0.3163888889E+00  0.1003489937E+06
  0.3166666667E+00  0.1001544741E+06
  0.3169444444E+00  0.9995995514E+05
  0.3172222222E+00  0.9976543555E+05
  0.3175000000E+00  0.9957091608E+05
  0.3177777778E+00  0.9937639715E+05
  0.3180555556E+00  0.9918187755E+05
  0.3183333333E+00  0.9898735764E+05
  0.3186111111E+00  0.9879283904E+05
  0.3188888889E+00  0.9859831944E+05
  0.3191666667E+00  0.9840379953E+05
  0.3194444444E+00  0.9820928093E+05
  0.3197222222E+00  0.9801476112E+05
  0.3200000000E+00  0.9782024253E+05
  0.3202777778E+00  0.9761975904E+05
  0.3205555556E+00  0.9741927667E+05
  0.3208333333E+00  0.9721879318E+05
  0.3211111111E+00  0.9701831080E+05
  0.3213888889E+00  0.9681782732E+05
  0.3216666667E+00  0.9661734495E+05
  0.3219444444E+00  0.9641686146E+05
  0.3222222222E+00  0.9621637909E+05
  0.3225000000E+00  0.9601589527E+05
  0.3227777778E+00  0.9581541289E+05
  0.3230555556E+00  0.9561492941E+05
  0.3233333333E+00  0.9541444693E+05
  0.3236111111E+00  0.9521396355E+05
  0.3238888889E+00  0.9501348106E+05
  0.3241666667E+00  0.9481299769E+05
  0.3244444444E+00  0.9461251520E+05
  0.3247222222E+00  0.9441203283E+05
  0.3250000000E+00  0.9421154935E+05
  0.3252777778E+00  0.9400953037E+05
  0.3255555556E+00  0.9380751229E+05
  0.3258333333E+00  0.9360549287E+05
  0.3261111111E+00  0.9340347379E+05
  0.3263888889E+00  0.9320145581E+05
  0.3266666667E+00  0.9299943673E+05
  0.3269444444E+00  0.9279741765E+05
  0.3272222222E+00  0.9259539824E+05
  0.3275000000E+00  0.9239338026E+05
  0.3277777778E+00  0.9219136117E+05
  0.3280555556E+00  0.9198934209E+05
  0.3283333333E+00  0.9178732401E+05
  0.3286111111E+00  0.9158530471E+05
  0.3288888889E+00  0.9138328561E+05
  0.3291666667E+00  0.9118126653E+05
  0.3294444444E+00  0.9097924845E+05
  0.3297222222E+00  0.9077722948E+05
  0.3300000000E+00  0.9057521006E+05
  0.3302777778E+00  0.9037647929E+05
  0.3305555556E+00  0.9017774819E+05
  0.3308333333E+00  0.8997901607E+05
  0.3311111111E+00  0.8978028542E+05
  0.3313888889E+00  0.8958155430E+05
  0.3316666667E+00  0.8938282354E+05
  0.3319444444E+00  0.8918409142E+05
  0.3322222222E+00  0.8898536032E+05
  0.3325000000E+00  0.8878662967E+05
  0.3327777778E+00  0.8858789755E+05
  0.3330555556E+00  0.8838916645E+05
  0.3333333333E+00  0.8819043567E+05
  0.3336111111E+00  0.8799170457E+05
  0.3338888889E+00  0.8779297280E+05
  0.3341666667E+00  0.8759424180E+05
  0.3344444444E+00  0.8739551070E+05
  0.3347222222E+00  0.8719677992E+05
  0.3350000000E+00  0.8699804782E+05
  0.3352777778E+00  0.8680771130E+05
  0.3355555556E+00  0.8661737435E+05
  0.3358333333E+00  0.8642703772E+05
  0.3361111111E+00  0.8623669977E+05
  0.3363888889E+00  0.8604636291E+05
  0.3366666667E+00  0.8585602629E+05
  0.3369444444E+00  0.8566568933E+05
  0.3372222222E+00  0.8547535282E+05
  0.3375000000E+00  0.8528501486E+05
  0.3377777778E+00  0.8509467823E+05
  0.3380555556E+00  0.8490434138E+05
  0.3383333333E+00  0.8471400476E+05
  0.3386111111E+00  0.8452366780E+05
  0.3388888889E+00  0.8433333018E+05
  0.3391666667E+00  0.8414299333E+05
  0.3394444444E+00  0.8395265671E+05
  0.3397222222E+00  0.8376231975E+05
  0.3400000000E+00  0.8357198323E+05
  0.3402777778E+00  0.8339501000E+05
  0.3405555556E+00  0.8321803742E+05
  0.3408333333E+00  0.8304106519E+05
  0.3411111111E+00  0.8286409296E+05
  0.3413888889E+00  0.8268712027E+05
  0.3416666667E+00  0.8251014804E+05
  0.3419444444E+00  0.8233317480E+05
  0.3422222222E+00  0.8215620223E+05
  0.3425000000E+00  0.8197922999E+05
  0.3427777778E+00  0.8180225775E+05
  0.3430555556E+00  0.8162528518E+05
  0.3433333333E+00  0.8144831294E+05
  0.3436111111E+00  0.8127133970E+05
  0.3438888889E+00  0.8109436713E+05
  0.3441666667E+00  0.8091739490E+05
  0.3444444444E+00  0.8074042266E+05
  0.3447222222E+00  0.8056345009E+05
  0.3450000000E+00  0.8038647785E+05
  0.3452777778E+00  0.8022743330E+05
  0.3455555556E+00  0.8006838864E+05
  0.3458333333E+00  0.7990934410E+05
  0.3461111111E+00  0.7975030043E+05
  0.3463888889E+00  0.7959125588E+05
  0.3466666667E+00  0.7943221133E+05
  0.3469444444E+00  0.7927316766E+05
  0.3472222222E+00  0.7911412311E+05
  0.3475000000E+00  0.7895507811E+05
  0.3477777778E+00  0.7879603356E+05
  0.3480555556E+00  0.7863699001E+05
  0.3483333333E+00  0.7847794534E+05
  0.3486111111E+00  0.7831890080E+05
  0.3488888889E+00  0.7815985714E+05
  0.3491666667E+00  0.7800081259E+05
  0.3494444444E+00  0.7784176803E+05
  0.3497222222E+00  0.7768272337E+05
  0.3500000000E+00  0.7752367982E+05
  0.3502777778E+00  0.7738648632E+05
  0.3505555556E+00  0.7724929282E+05
  0.3508333333E+00  0.7711209899E+05
  0.3511111111E+00  0.7697490449E+05
  0.3513888889E+00  0.7683771100E+05
  0.3516666667E+00  0.7670051749E+05
  0.3519444444E+00  0.7656332376E+05
  0.3522222222E+00  0.7642613026E+05
  0.3525000000E+00  0.7628893677E+05
  0.3527777778E+00  0.7615174327E+05
  0.3530555556E+00  0.7601454944E+05
  0.3533333333E+00  0.7587735594E+05
  0.3536111111E+00  0.7574016244E+05
  0.3538888889E+00  0.7560296906E+05
  0.3541666667E+00  0.7546577522E+05
  0.3544444444E+00  0.7532858171E+05
  0.3547222222E+00  0.7519138822E+05
  0.3550000000E+00  0.7505419472E+05
  0.3552777778E+00  0.7494193210E+05
  0.3555555556E+00  0.7482966946E+05
  0.3558333333E+00  0.7471740683E+05
  0.3561111111E+00  0.7460514421E+05
  0.3563888889E+00  0.7449288158E+05
  0.3566666667E+00  0.7438061894E+05
  0.3569444444E+00  0.7426835621E+05
  0.3572222222E+00  0.7415609358E+05
  0.3575000000E+00  0.7404383094E+05
  0.3577777778E+00  0.7393156832E+05
  0.3580555556E+00  0.7381930569E+05
  0.3583333333E+00  0.7370704339E+05
  0.3586111111E+00  0.7359478075E+05
  0.3588888889E+00  0.7348251813E+05
  0.3591666667E+00  0.7337025550E+05
  0.3594444444E+00  0.7325799286E+05
  0.3597222222E+00  0.7314573024E+05
  0.3600000000E+00  0.7303346750E+05
  0.3602777778E+00  0.7294821647E+05
  0.3605555556E+00  0.7286296444E+05
  0.3608333333E+00  0.7277771241E+05
  0.3611111111E+00  0.7269246037E+05
  0.3613888889E+00  0.7260720922E+05
  0.3616666667E+00  0.7252195720E+05
  0.3619444444E+00  0.7243670516E+05
  0.3622222222E+00  0.7235145347E+05
  0.3625000000E+00  0.7226620133E+05
  0.3627777778E+00  0.7218095030E+05
  0.3630555556E+00  0.7209569826E+05
  0.3633333333E+00  0.7201044622E+05
  0.3636111111E+00  0.7192519408E+05
  0.3638888889E+00  0.7183994305E+05
  0.3641666667E+00  0.7175469102E+05
  0.3644444444E+00  0.7166943899E+05
  0.3647222222E+00  0.7158418695E+05
  0.3650000000E+00  0.7149893481E+05
  0.3652777778E+00  0.7144171760E+05
  0.3655555556E+00  0.7138450041E+05
  0.3658333333E+00  0.7132728241E+05
  0.3661111111E+00  0.7127006447E+05
  0.3663888889E+00  0.7121284687E+05
  0.3666666667E+00  0.7115562926E+05
  0.3669444444E+00  0.7109841157E+05
  0.3672222222E+00  0.7104119396E+05
  0.3675000000E+00  0.7098397602E+05
  0.3677777778E+00  0.7092675842E+05
  0.3680555556E+00  0.7086954082E+05
  0.3683333333E+00  0.7081232321E+05
  0.3686111111E+00  0.7075510519E+05
  0.3688888889E+00  0.7069788758E+05
  0.3691666667E+00  0.7064066998E+05
  0.3694444444E+00  0.7058345237E+05
  0.3697222222E+00  0.7052623477E+05
  0.3700000000E+00  0.7046901683E+05
  0.3702777778E+00  0.7043972776E+05
  0.3705555556E+00  0.7041043868E+05
  0.3708333333E+00  0.7038114960E+05
  0.3711111111E+00  0.7035186028E+05
  0.3713888889E+00  0.7032257121E+05
  0.3716666667E+00  0.7029328213E+05
  0.3719444444E+00  0.7026399305E+05
  0.3722222222E+00  0.7023470362E+05
  0.3725000000E+00  0.7020541454E+05
  0.3727777778E+00  0.7017612547E+05
  0.3730555556E+00  0.7014683649E+05
  0.3733333333E+00  0.7011754707E+05
  0.3736111111E+00  0.7008825799E+05
  0.3738888889E+00  0.7005896892E+05
  0.3741666667E+00  0.7002967993E+05
  0.3744444444E+00  0.7000039052E+05
  0.3747222222E+00  0.6997110144E+05
  0.3750000000E+00  0.6994181246E+05
  0.3752777778E+00  0.6993931657E+05
  0.3755555556E+00  0.6993682101E+05
  0.3758333333E+00  0.6993432544E+05
  0.3761111111E+00  0.6993182965E+05
  0.3763888889E+00  0.6992933409E+05
  0.3766666667E+00  0.6992683820E+05
  0.3769444444E+00  0.6992434274E+05
  0.3772222222E+00  0.6992184685E+05
  0.3775000000E+00  0.6991935129E+05
  0.3777777778E+00  0.6991685550E+05
  0.3780555556E+00  0.6991435993E+05
  0.3783333333E+00  0.6991186449E+05
  0.3786111111E+00  0.6990936859E+05
  0.3788888889E+00  0.6990687313E+05
  0.3791666667E+00  0.6990437724E+05
  0.3794444444E+00  0.6990188168E+05
  0.3797222222E+00  0.6989938589E+05
  0.3800000000E+00  0.6989689032E+05
  0.3802777778E+00  0.6991898920E+05
  0.3805555556E+00  0.6994108841E+05
  0.3808333333E+00  0.6996318738E+05
  0.3811111111E+00  0.6998528626E+05
  0.3813888889E+00  0.7000738547E+05
  0.3816666667E+00  0.7002948434E+05
  0.3819444444E+00  0.7005158331E+05
  0.3822222222E+00  0.7007368252E+05
  0.3825000000E+00  0.7009578139E+05
  0.3827777778E+00  0.7011788028E+05
  0.3830555556E+00  0.7013997948E+05
  0.3833333333E+00  0.7016207846E+05
  0.3836111111E+00  0.7018417732E+05
  0.3838888889E+00  0.7020627654E+05
  0.3841666667E+00  0.7022837541E+05
  0.3844444444E+00  0.7025047462E+05
  0.3847222222E+00  0.7027257359E+05
  0.3850000000E+00  0.7029467247E+05
  0.3852777778E+00  0.7033840406E+05
  0.3855555556E+00  0.7038213555E+05
  0.3858333333E+00  0.7042586672E+05
  0.3861111111E+00  0.7046959821E+05
  0.3863888889E+00  0.7051332970E+05
  0.3866666667E+00  0.7055706087E+05
  0.3869444444E+00  0.7060079236E+05
  0.3872222222E+00  0.7064452386E+05
  0.3875000000E+00  0.7068825500E+05
  0.3877777778E+00  0.7073198650E+05
  0.3880555556E+00  0.7077571799E+05
  0.3883333333E+00  0.7081944915E+05
  0.3886111111E+00  0.7086318076E+05
  0.3888888889E+00  0.7090691226E+05
  0.3891666667E+00  0.7095064342E+05
  0.3894444444E+00  0.7099437491E+05
  0.3897222222E+00  0.7103810639E+05
  0.3900000000E+00  0.7108183756E+05
  0.3902777778E+00  0.7114341207E+05
  0.3905555556E+00  0.7120498636E+05
  0.3908333333E+00  0.7126656044E+05
  0.3911111111E+00  0.7132813485E+05
  0.3913888889E+00  0.7138970893E+05
  0.3916666667E+00  0.7145128323E+05
  0.3919444444E+00  0.7151285764E+05
  0.3922222222E+00  0.7157443181E+05
  0.3925000000E+00  0.7163600611E+05
  0.3927777778E+00  0.7169758052E+05
  0.3930555556E+00  0.7175915460E+05
  0.3933333333E+00  0.7182072901E+05
  0.3936111111E+00  0.7188230331E+05
  0.3938888889E+00  0.7194387739E+05
  0.3941666667E+00  0.7200545190E+05
  0.3944444444E+00  0.7206702620E+05
  0.3947222222E+00  0.7212860027E+05
  0.3950000000E+00  0.7219017468E+05
  0.3952777778E+00  0.7226537993E+05
  0.3955555556E+00  0.7234058530E+05
  0.3958333333E+00  0.7241579022E+05
  0.3961111111E+00  0.7249099558E+05
  0.3963888889E+00  0.7256620084E+05
  0.3966666667E+00  0.7264140622E+05
  0.3969444444E+00  0.7271661113E+05
  0.3972222222E+00  0.7279181650E+05
  0.3975000000E+00  0.7286702176E+05
  0.3977777778E+00  0.7294222701E+05
  0.3980555556E+00  0.7301743205E+05
  0.3983333333E+00  0.7309263731E+05
  0.3986111111E+00  0.7316784267E+05
  0.3988888889E+00  0.7324304792E+05
  0.3991666667E+00  0.7331825295E+05
  0.3994444444E+00  0.7339345821E+05
  0.3997222222E+00  0.7346866358E+05
  0.4000000000E+00  0.7354386883E+05
  0.4002777778E+00  0.7362813149E+05
  0.4005555556E+00  0.7371239402E+05
  0.4008333333E+00  0.7379665666E+05
  0.4011111111E+00  0.7388091931E+05
  0.4013888889E+00  0.7396518195E+05
  0.4016666667E+00  0.7404944448E+05
  0.4019444444E+00  0.7413370713E+05
  0.4022222222E+00  0.7421796977E+05
  0.4025000000E+00  0.7430223231E+05
  0.4027777778E+00  0.7438649496E+05
  0.4030555556E+00  0.7447075760E+05
  0.4033333333E+00  0.7455502047E+05
  0.4036111111E+00  0.7463928322E+05
  0.4038888889E+00  0.7472354576E+05
  0.4041666667E+00  0.7480780830E+05
  0.4044444444E+00  0.7489207105E+05
  0.4047222222E+00  0.7497633358E+05
  0.4050000000E+00  0.7506059613E+05
  0.4052777778E+00  0.7514926486E+05
  0.4055555556E+00  0.7523793348E+05
  0.4058333333E+00  0.7532660210E+05
  0.4061111111E+00  0.7541527104E+05
  0.4063888889E+00  0.7550393956E+05
  0.4066666667E+00  0.7559260818E+05
  0.4069444444E+00  0.7568127681E+05
  0.4072222222E+00  0.7576994533E+05
  0.4075000000E+00  0.7585861396E+05
  0.4077777778E+00  0.7594728260E+05
  0.4080555556E+00  0.7603595111E+05
  0.4083333333E+00  0.7612461974E+05
  0.4086111111E+00  0.7621328826E+05
  0.4088888889E+00  0.7630195689E+05
  0.4091666667E+00  0.7639062551E+05
  0.4094444444E+00  0.7647929403E+05
  0.4097222222E+00  0.7656796266E+05
  0.4100000000E+00  0.7665663130E+05
  0.4102777778E+00  0.7674517714E+05
  0.4105555556E+00  0.7683372444E+05
  0.4108333333E+00  0.7692227028E+05
  0.4111111111E+00  0.7701081624E+05
  0.4113888889E+00  0.7709936219E+05
  0.4116666667E+00  0.7718790804E+05
  0.4119444444E+00  0.7727645434E+05
  0.4122222222E+00  0.7736500029E+05
  0.4125000000E+00  0.7745354614E+05
  0.4127777778E+00  0.7754209309E+05
  0.4130555556E+00  0.7763063906E+05
  0.4133333333E+00  0.7771918523E+05
  0.4136111111E+00  0.7780773119E+05
  0.4138888889E+00  0.7789627714E+05
  0.4141666667E+00  0.7798482300E+05
  0.4144444444E+00  0.7807336896E+05
  0.4147222222E+00  0.7816191613E+05
  0.4150000000E+00  0.7825046209E+05
  0.4152777778E+00  0.7833464177E+05
  0.4155555556E+00  0.7841882189E+05
  0.4158333333E+00  0.7850300257E+05
  0.4161111111E+00  0.7858718269E+05
  0.4163888889E+00  0.7867136237E+05
  0.4166666667E+00  0.7875554305E+05
  0.4169444444E+00  0.7883972317E+05
  0.4172222222E+00  0.7892390285E+05
  0.4175000000E+00  0.7900808398E+05
  0.4177777778E+00  0.7909226366E+05
  0.4180555556E+00  0.7917644367E+05
  0.4183333333E+00  0.7926062445E+05
  0.4186111111E+00  0.7934480413E+05
  0.4188888889E+00  0.7942898414E+05
  0.4191666667E+00  0.7951316493E+05
  0.4194444444E+00  0.7959734495E+05
  0.4197222222E+00  0.7968152474E+05
  0.4200000000E+00  0.7976570542E+05
  0.4202777778E+00  0.7984178180E+05
  0.4205555556E+00  0.7991785818E+05
  0.4208333333E+00  0.7999393467E+05
  0.4211111111E+00  0.8007001072E+05
  0.4213888889E+00  0.8014608810E+05
  0.4216666667E+00  0.8022216448E+05
  0.4219444444E+00  0.8029824053E+05
  0.4222222222E+00  0.8037431702E+05
  0.4225000000E+00  0.8045039340E+05
  0.4227777778E+00  0.8052646978E+05
  0.4230555556E+00  0.8060254683E+05
  0.4233333333E+00  0.8067862321E+05
  0.4236111111E+00  0.8075469970E+05
  0.4238888889E+00  0.8083077575E+05
  0.4241666667E+00  0.8090685213E+05
  0.4244444444E+00  0.8098292851E+05
  0.4247222222E+00  0.8105900556E+05
  0.4250000000E+00  0.8113508205E+05
  0.4252777778E+00  0.8119993395E+05
  0.4255555556E+00  0.8126478562E+05
  0.4258333333E+00  0.8132963762E+05
  0.4261111111E+00  0.8139448919E+05
  0.4263888889E+00  0.8145934119E+05
  0.4266666667E+00  0.8152419286E+05
  0.4269444444E+00  0.8158904476E+05
  0.4272222222E+00  0.8165389643E+05
  0.4275000000E+00  0.8171874843E+05
  0.4277777778E+00  0.8178360000E+05
  0.4280555556E+00  0.8184845200E+05
  0.4283333333E+00  0.8191330367E+05
  0.4286111111E+00  0.8197815557E+05
  0.4288888889E+00  0.8204300724E+05
  0.4291666667E+00  0.8210785924E+05
  0.4294444444E+00  0.8217271080E+05
  0.4297222222E+00  0.8223756282E+05
  0.4300000000E+00  0.8230241448E+05
  0.4302777778E+00  0.8235365633E+05
  0.4305555556E+00  0.8240489750E+05
  0.4308333333E+00  0.8245613947E+05
  0.4311111111E+00  0.8250738031E+05
  0.4313888889E+00  0.8255862215E+05
  0.4316666667E+00  0.8260986411E+05
  0.4319444444E+00  0.8266110496E+05
  0.4322222222E+00  0.8271234691E+05
  0.4325000000E+00  0.8276358876E+05
  0.4327777778E+00  0.8281482994E+05
  0.4330555556E+00  0.8286607190E+05
  0.4333333333E+00  0.8291731275E+05
  0.4336111111E+00  0.8296855471E+05
  0.4338888889E+00  0.8301979655E+05
  0.4341666667E+00  0.8307103739E+05
  0.4344444444E+00  0.8312227936E+05
  0.4347222222E+00  0.8317352053E+05
  0.4350000000E+00  0.8322476238E+05
  0.4352777778E+00  0.8326080119E+05
  0.4355555556E+00  0.8329684100E+05
  0.4358333333E+00  0.8333287981E+05
  0.4361111111E+00  0.8336891863E+05
  0.4363888889E+00  0.8340495743E+05
  0.4366666667E+00  0.8344099625E+05
  0.4369444444E+00  0.8347703606E+05
  0.4372222222E+00  0.8351307487E+05
  0.4375000000E+00  0.8354911368E+05
  0.4377777778E+00  0.8358515249E+05
  0.4380555556E+00  0.8362119231E+05
  0.4383333333E+00  0.8365723101E+05
  0.4386111111E+00  0.8369326981E+05
  0.4388888889E+00  0.8372930863E+05
  0.4391666667E+00  0.8376534844E+05
  0.4394444444E+00  0.8380138758E+05
  0.4397222222E+00  0.8383742640E+05
  0.4400000000E+00  0.8387346521E+05
  0.4402777778E+00  0.8389355317E+05
  0.4405555556E+00  0.8391364103E+05
  0.4408333333E+00  0.8393372900E+05
  0.4411111111E+00  0.8395381697E+05
  0.4413888889E+00  0.8397390482E+05
  0.4416666667E+00  0.8399399279E+05
  0.4419444444E+00  0.8401408076E+05
  0.4422222222E+00  0.8403416861E+05
  0.4425000000E+00  0.8405425657E+05
  0.4427777778E+00  0.8407434454E+05
  0.4430555556E+00  0.8409443240E+05
  0.4433333333E+00  0.8411452037E+05
  0.4436111111E+00  0.8413460833E+05
  0.4438888889E+00  0.8415469519E+05
  0.4441666667E+00  0.8417478316E+05
  0.4444444444E+00  0.8419487113E+05
  0.4447222222E+00  0.8421495897E+05
  0.4450000000E+00  0.8423504694E+05
  0.4452777778E+00  0.8423919605E+05
  0.4455555556E+00  0.8424334506E+05
  0.4458333333E+00  0.8424749283E+05
  0.4461111111E+00  0.8425164185E+05
  0.4463888889E+00  0.8425578996E+05
  0.4466666667E+00  0.8425993896E+05
  0.4469444444E+00  0.8426408774E+05
  0.4472222222E+00  0.8426823574E+05
  0.4475000000E+00  0.8427238485E+05
  0.4477777778E+00  0.8427653352E+05
  0.4480555556E+00  0.8428068163E+05
  0.4483333333E+00  0.8428483064E+05
  0.4486111111E+00  0.8428897942E+05
  0.4488888889E+00  0.8429312742E+05
  0.4491666667E+00  0.8429727653E+05
  0.4494444444E+00  0.8430142531E+05
  0.4497222222E+00  0.8430557331E+05
  0.4500000000E+00  0.8430972242E+05
  0.4502777778E+00  0.8429870556E+05
  0.4505555556E+00  0.8428768769E+05
  0.4508333333E+00  0.8427667050E+05
  0.4511111111E+00  0.8426565263E+05
  0.4513888889E+00  0.8425463577E+05
  0.4516666667E+00  0.8424361790E+05
  0.4519444444E+00  0.8423260104E+05
  0.4522222222E+00  0.8422158328E+05
  0.4525000000E+00  0.8421056642E+05
  0.4527777778E+00  0.8419954821E+05
  0.4530555556E+00  0.8418853135E+05
  0.4533333333E+00  0.8417751348E+05
  0.4536111111E+00  0.8416649662E+05
  0.4538888889E+00  0.8415547875E+05
  0.4541666667E+00  0.8414446200E+05
  0.4544444444E+00  0.8413344413E+05
  0.4547222222E+00  0.8412242728E+05
  0.4550000000E+00  0.8411140908E+05
  0.4552777778E+00  0.8408667545E+05
  0.4555555556E+00  0.8406194182E+05
  0.4558333333E+00  0.8403720820E+05
  0.4561111111E+00  0.8401247469E+05
  0.4563888889E+00  0.8398774106E+05
  0.4566666667E+00  0.8396300744E+05
  0.4569444444E+00  0.8393827381E+05
  0.4572222222E+00  0.8391353886E+05
  0.4575000000E+00  0.8388880523E+05
  0.4577777778E+00  0.8386407160E+05
  0.4580555556E+00  0.8383933810E+05
  0.4583333333E+00  0.8381460447E+05
  0.4586111111E+00  0.8378987085E+05
  0.4588888889E+00  0.8376513722E+05
  0.4591666667E+00  0.8374040359E+05
  0.4594444444E+00  0.8371566964E+05
  0.4597222222E+00  0.8369093612E+05
  0.4600000000E+00  0.8366620150E+05
  0.4602777778E+00  0.8362971855E+05
  0.4605555556E+00  0.8359323415E+05
  0.4608333333E+00  0.8355675120E+05
  0.4611111111E+00  0.8352026692E+05
  0.4613888889E+00  0.8348378397E+05
  0.4616666667E+00  0.8344729968E+05
  0.4619444444E+00  0.8341081674E+05
  0.4622222222E+00  0.8337433234E+05
  0.4625000000E+00  0.8333784939E+05
  0.4627777778E+00  0.8330136510E+05
  0.4630555556E+00  0.8326488215E+05
  0.4633333333E+00  0.8322839787E+05
  0.4636111111E+00  0.8319191458E+05
  0.4638888889E+00  0.8315543063E+05
  0.4641666667E+00  0.8311894724E+05
  0.4644444444E+00  0.8308246328E+05
  0.4647222222E+00  0.8304598000E+05
  0.4650000000E+00  0.8300949605E+05
  0.4652777778E+00  0.8296362722E+05
  0.4655555556E+00  0.8291775839E+05
  0.4658333333E+00  0.8287188989E+05
  0.4661111111E+00  0.8282602095E+05
  0.4663888889E+00  0.8278015213E+05
  0.4666666667E+00  0.8273428362E+05
  0.4669444444E+00  0.8268841480E+05
  0.4672222222E+00  0.8264254597E+05
  0.4675000000E+00  0.8259667713E+05
  0.4677777778E+00  0.8255080864E+05
  0.4680555556E+00  0.8250493970E+05
  0.4683333333E+00  0.8245907087E+05
  0.4686111111E+00  0.8241320337E+05
  0.4688888889E+00  0.8236733454E+05
  0.4691666667E+00  0.8232146571E+05
  0.4694444444E+00  0.8227559689E+05
  0.4697222222E+00  0.8222972838E+05
  0.4700000000E+00  0.8218385945E+05
  0.4702777778E+00  0.8213122593E+05
  0.4705555556E+00  0.8207859376E+05
  0.4708333333E+00  0.8202596113E+05
  0.4711111111E+00  0.8197332762E+05
  0.4713888889E+00  0.8192069545E+05
  0.4716666667E+00  0.8186806183E+05
  0.4719444444E+00  0.8181542932E+05
  0.4722222222E+00  0.8176279681E+05
  0.4725000000E+00  0.8171016351E+05
  0.4727777778E+00  0.8165753101E+05
  0.4730555556E+00  0.8160489849E+05
  0.4733333333E+00  0.8155226522E+05
  0.4736111111E+00  0.8149963270E+05
  0.4738888889E+00  0.8144699919E+05
  0.4741666667E+00  0.8139436691E+05
  0.4744444444E+00  0.8134173439E+05
  0.4747222222E+00  0.8128910087E+05
  0.4750000000E+00  0.8123646826E+05
  0.4752777778E+00  0.8117979029E+05
  0.4755555556E+00  0.8112311189E+05
  0.4758333333E+00  0.8106643348E+05
  0.4761111111E+00  0.8100975652E+05
  0.4763888889E+00  0.8095307812E+05
  0.4766666667E+00  0.8089639982E+05
  0.4769444444E+00  0.8083972174E+05
  0.4772222222E+00  0.8078304334E+05
  0.4775000000E+00  0.8072636504E+05
  0.4777777778E+00  0.8066968763E+05
  0.4780555556E+00  0.8061300968E+05
  0.4783333333E+00  0.8055633126E+05
  0.4786111111E+00  0.8049965296E+05
  0.4788888889E+00  0.8044297490E+05
  0.4791666667E+00  0.8038629649E+05
  0.4794444444E+00  0.8032961819E+05
  0.4797222222E+00  0.8027294079E+05
  0.4800000000E+00  0.8021626282E+05
  0.4802777778E+00  0.8015819008E+05
  0.4805555556E+00  0.8010011732E+05
  0.4808333333E+00  0.8004204570E+05
  0.4811111111E+00  0.7998397296E+05
  0.4813888889E+00  0.7992590072E+05
  0.4816666667E+00  0.7986782836E+05
  0.4819444444E+00  0.7980975603E+05
  0.4822222222E+00  0.7975168369E+05
  0.4825000000E+00  0.7969361125E+05
  0.4827777778E+00  0.7963553891E+05
  0.4830555556E+00  0.7957746657E+05
  0.4833333333E+00  0.7951939413E+05
  0.4836111111E+00  0.7946132179E+05
  0.4838888889E+00  0.7940324945E+05
  0.4841666667E+00  0.7934517710E+05
  0.4844444444E+00  0.7928710466E+05
  0.4847222222E+00  0.7922903244E+05
  0.4850000000E+00  0.7917095998E+05
  0.4852777778E+00  0.7911398007E+05
  0.4855555556E+00  0.7905700027E+05
  0.4858333333E+00  0.7900002036E+05
  0.4861111111E+00  0.7894304055E+05
  0.4863888889E+00  0.7888606064E+05
  0.4866666667E+00  0.7882908038E+05
  0.4869444444E+00  0.7877210069E+05
  0.4872222222E+00  0.7871512077E+05
  0.4875000000E+00  0.7865814097E+05
  0.4877777778E+00  0.7860116105E+05
  0.4880555556E+00  0.7854418125E+05
  0.4883333333E+00  0.7848720133E+05
  0.4886111111E+00  0.7843022120E+05
  0.4888888889E+00  0.7837324128E+05
  0.4891666667E+00  0.7831626137E+05
  0.4894444444E+00  0.7825928156E+05
  0.4897222222E+00  0.7820230165E+05
  0.4900000000E+00  0.7814532184E+05
  0.4902777778E+00  0.7809161249E+05
  0.4905555556E+00  0.7803790358E+05
  0.4908333333E+00  0.7798419434E+05
  0.4911111111E+00  0.7793048533E+05
  0.4913888889E+00  0.7787677630E+05
  0.4916666667E+00  0.7782306706E+05
  0.4919444444E+00  0.7776935816E+05
  0.4922222222E+00  0.7771564914E+05
  0.4925000000E+00  0.7766193979E+05
  0.4927777778E+00  0.7760823088E+05
  0.4930555556E+00  0.7755452186E+05
  0.4933333333E+00  0.7750081262E+05
  0.4936111111E+00  0.7744710361E+05
  0.4938888889E+00  0.7739339436E+05
  0.4941666667E+00  0.7733968534E+05
  0.4944444444E+00  0.7728597643E+05
  0.4947222222E+00  0.7723226719E+05
  0.4950000000E+00  0.7717855806E+05
