  0.1027777778E-01  0.2257724232E+08
  0.1055555556E-01  0.2254908823E+08
  0.1083333333E-01  0.2252093447E+08
  0.1111111111E-01  0.2249278048E+08
  0.1138888889E-01  0.2246462672E+08
  0.1166666667E-01  0.2243647263E+08
  0.1194444444E-01  0.2240831896E+08
  0.1222222222E-01  0.2238016486E+08
  0.1250000000E-01  0.2235201111E+08
  0.1277777778E-01  0.2232385701E+08
  0.1305555556E-01  0.2229570335E+08
  0.1333333333E-01  0.2226754926E+08
  0.1361111111E-01  0.2223939549E+08
  0.1388888889E-01  0.2221124150E+08
  0.1416666667E-01  0.2218308774E+08
  0.1444444444E-01  0.2215493364E+08
  0.1472222222E-01  0.2212677955E+08
  0.1500000000E-01  0.2209862588E+08
  0.1527777778E-01  0.2206024966E+08
  0.1555555556E-01  0.2202187365E+08
  0.1583333333E-01  0.2198349741E+08
  0.1611111111E-01  0.2194512140E+08
  0.1638888889E-01  0.2190674518E+08
  0.1666666667E-01  0.2186836916E+08
  0.1694444444E-01  0.2182999293E+08
  0.1722222222E-01  0.2179161693E+08
  0.1750000000E-01  0.2175324069E+08
  0.1777777778E-01  0.2171486435E+08
  0.1805555556E-01  0.2167648845E+08
  0.1833333333E-01  0.2163811211E+08
  0.1861111111E-01  0.2159973621E+08
  0.1888888889E-01  0.2156135987E+08
  0.1916666667E-01  0.2152298398E+08
  0.1944444444E-01  0.2148460763E+08
  0.1972222222E-01  0.2144623140E+08
  0.2000000000E-01  0.2140785550E+08
  0.2027777778E-01  0.2136022870E+08
  0.2055555556E-01  0.2131260214E+08
  0.2083333333E-01  0.2126497535E+08
  0.2111111111E-01  0.2121734856E+08
  0.2138888889E-01  0.2116972166E+08
  0.2166666667E-01  0.2112209531E+08
  0.2194444444E-01  0.2107446841E+08
  0.2222222222E-01  0.2102684173E+08
  0.2250000000E-01  0.2097921517E+08
  0.2277777778E-01  0.2093158838E+08
  0.2305555556E-01  0.2088396159E+08
  0.2333333333E-01  0.2083633468E+08
  0.2361111111E-01  0.2078870833E+08
  0.2388888889E-01  0.2074108144E+08
  0.2416666667E-01  0.2069345464E+08
  0.2444444444E-01  0.2064582819E+08
  0.2472222222E-01  0.2059820140E+08
  0.2500000000E-01  0.2055057461E+08
  0.2527777778E-01  0.2049489292E+08
  0.2555555556E-01  0.2043921122E+08
  0.2583333333E-01  0.2038352964E+08
  0.2611111111E-01  0.2032784839E+08
  0.2638888889E-01  0.2027216668E+08
  0.2666666667E-01  0.2021648499E+08
  0.2694444444E-01  0.2016080340E+08
  0.2722222222E-01  0.2010512181E+08
  0.2750000000E-01  0.2004944011E+08
  0.2777777778E-01  0.1999375843E+08
  0.2805555556E-01  0.1993807683E+08
  0.2833333333E-01  0.1988239525E+08
  0.2861111111E-01  0.1982671378E+08
  0.2888888889E-01  0.1977103218E+08
  0.2916666667E-01  0.1971535060E+08
  0.2944444444E-01  0.1965966890E+08
  0.2972222222E-01  0.1960398722E+08
  0.3000000000E-01  0.1954830562E+08
  0.3027777778E-01  0.1948593879E+08
  0.3055555556E-01  0.1942357203E+08
  0.3083333333E-01  0.1936120509E+08
  0.3111111111E-01  0.1929883824E+08
  0.3138888889E-01  0.1923647150E+08
  0.3166666667E-01  0.1917410466E+08
  0.3194444444E-01  0.1911173782E+08
  0.3222222222E-01  0.1904937108E+08
  0.3250000000E-01  0.1898700412E+08
  0.3277777778E-01  0.1892463728E+08
  0.3305555556E-01  0.1886227043E+08
  0.3333333333E-01  0.1879990370E+08
  0.3361111111E-01  0.1873753685E+08
  0.3388888889E-01  0.1867517001E+08
  0.3416666667E-01  0.1861280315E+08
  0.3444444444E-01  0.1855043631E+08
  0.3472222222E-01  0.1848806948E+08
  0.3500000000E-01  0.1842570273E+08
  0.3527777778E-01  0.1835811798E+08
  0.3555555556E-01  0.1829053333E+08
  0.3583333333E-01  0.1822294867E+08
  0.3611111111E-01  0.1815536392E+08
  0.3638888889E-01  0.1808777971E+08
  0.3666666667E-01  0.1802019506E+08
  0.3694444444E-01  0.1795261031E+08
  0.3722222222E-01  0.1788502567E+08
  0.3750000000E-01  0.1781744102E+08
  0.3777777778E-01  0.1774985637E+08
  0.3805555556E-01  0.1768227161E+08
  0.3833333333E-01  0.1761468696E+08
  0.3861111111E-01  0.1754710242E+08
  0.3888888889E-01  0.1747951767E+08
  0.3916666667E-01  0.1741193302E+08
  0.3944444444E-01  0.1734434837E+08
  0.3972222222E-01  0.1727676362E+08
  0.4000000000E-01  0.1720917896E+08
  0.4027777778E-01  0.1713791834E+08
  0.4055555556E-01  0.1706665761E+08
  0.4083333333E-01  0.1699539688E+08
  0.4111111111E-01  0.1692413624E+08
  0.4138888889E-01  0.1685287562E+08
  0.4166666667E-01  0.1678161489E+08
  0.4194444444E-01  0.1671035415E+08
  0.4222222222E-01  0.1663909342E+08
  0.4250000000E-01  0.1656783280E+08
  0.4277777778E-01  0.1649657207E+08
  0.4305555556E-01  0.1642531143E+08
  0.4333333333E-01  0.1635405070E+08
  0.4361111111E-01  0.1628279008E+08
  0.4388888889E-01  0.1621152935E+08
  0.4416666667E-01  0.1614026861E+08
  0.4444444444E-01  0.1606900788E+08
  0.4472222222E-01  0.1599774726E+08
  0.4500000000E-01  0.1592648663E+08
  0.4527777778E-01  0.1585309365E+08
  0.4555555556E-01  0.1577970113E+08
  0.4583333333E-01  0.1570630816E+08
  0.4611111111E-01  0.1563291552E+08
  0.4638888889E-01  0.1555952277E+08
  0.4666666667E-01  0.1548613014E+08
  0.4694444444E-01  0.1541273761E+08
  0.4722222222E-01  0.1533934465E+08
  0.4750000000E-01  0.1526595211E+08
  0.4777777778E-01  0.1519255926E+08
  0.4805555556E-01  0.1511916662E+08
  0.4833333333E-01  0.1504577410E+08
  0.4861111111E-01  0.1497238123E+08
  0.4888888889E-01  0.1489898859E+08
  0.4916666667E-01  0.1482559574E+08
  0.4944444444E-01  0.1475220310E+08
  0.4972222222E-01  0.1467881024E+08
  0.5000000000E-01  0.1460541771E+08
  0.5027777778E-01  0.1453139050E+08
  0.5055555556E-01  0.1445736340E+08
  0.5083333333E-01  0.1438333596E+08
  0.5111111111E-01  0.1430930885E+08
  0.5138888889E-01  0.1423528176E+08
  0.5166666667E-01  0.1416125465E+08
  0.5194444444E-01  0.1408722721E+08
  0.5222222222E-01  0.1401320000E+08
  0.5250000000E-01  0.1393917290E+08
  0.5277777778E-01  0.1386514579E+08
  0.5305555556E-01  0.1379111846E+08
  0.5333333333E-01  0.1371709125E+08
  0.5361111111E-01  0.1364306415E+08
  0.5388888889E-01  0.1356903704E+08
  0.5416666667E-01  0.1349500984E+08
  0.5444444444E-01  0.1342098240E+08
  0.5472222222E-01  0.1334695529E+08
  0.5500000000E-01  0.1327292830E+08
  0.5527777778E-01  0.1319966842E+08
  0.5555555556E-01  0.1312640864E+08
  0.5583333333E-01  0.1305314854E+08
  0.5611111111E-01  0.1297988877E+08
  0.5638888889E-01  0.1290662889E+08
  0.5666666667E-01  0.1283336911E+08
  0.5694444444E-01  0.1276010935E+08
  0.5722222222E-01  0.1268684924E+08
  0.5750000000E-01  0.1261358936E+08
  0.5777777778E-01  0.1254032973E+08
  0.5805555556E-01  0.1246706979E+08
  0.5833333333E-01  0.1239380998E+08
  0.5861111111E-01  0.1232055015E+08
  0.5888888889E-01  0.1224729031E+08
  0.5916666667E-01  0.1217403036E+08
  0.5944444444E-01  0.1210077052E+08
  0.5972222222E-01  0.1202751072E+08
  0.6000000000E-01  0.1195425088E+08
  0.6027777778E-01  0.1188302939E+08
  0.6055555556E-01  0.1181180801E+08
  0.6083333333E-01  0.1174058651E+08
  0.6111111111E-01  0.1166936502E+08
  0.6138888889E-01  0.1159814352E+08
  0.6166666667E-01  0.1152692214E+08
  0.6194444444E-01  0.1145570065E+08
  0.6222222222E-01  0.1138447916E+08
  0.6250000000E-01  0.1131325777E+08
  0.6277777778E-01  0.1124203628E+08
  0.6305555556E-01  0.1117081479E+08
  0.6333333333E-01  0.1109959341E+08
  0.6361111111E-01  0.1102837191E+08
  0.6388888889E-01  0.1095715042E+08
  0.6416666667E-01  0.1088592893E+08
  0.6444444444E-01  0.1081470758E+08
  0.6472222222E-01  0.1074348618E+08
  0.6500000000E-01  0.1067226469E+08
  0.6527777778E-01  0.1060418111E+08
  0.6555555556E-01  0.1053609754E+08
  0.6583333333E-01  0.1046801393E+08
  0.6611111111E-01  0.1039993035E+08
  0.6638888889E-01  0.1033184677E+08
  0.6666666667E-01  0.1026376316E+08
  0.6694444444E-01  0.1019567959E+08
  0.6722222222E-01  0.1012759601E+08
  0.6750000000E-01  0.1005951240E+08
  0.6777777778E-01  0.9991428822E+07
  0.6805555556E-01  0.9923345309E+07
  0.6833333333E-01  0.9855261738E+07
  0.6861111111E-01  0.9787178155E+07
  0.6888888889E-01  0.9719094539E+07
  0.6916666667E-01  0.9651010971E+07
  0.6944444444E-01  0.9582927389E+07
  0.6972222222E-01  0.9514843784E+07
  0.7000000000E-01  0.9446760205E+07
  0.7027777778E-01  0.9382723605E+07
  0.7055555556E-01  0.9318686945E+07
  0.7083333333E-01  0.9254650345E+07
  0.7111111111E-01  0.9190613656E+07
  0.7138888889E-01  0.9126577089E+07
  0.7166666667E-01  0.9062540400E+07
  0.7194444444E-01  0.8998503833E+07
  0.7222222222E-01  0.8934467244E+07
  0.7250000000E-01  0.8870430544E+07
  0.7277777778E-01  0.8806393977E+07
  0.7305555556E-01  0.8742357287E+07
  0.7333333333E-01  0.8678320720E+07
  0.7361111111E-01  0.8614284027E+07
  0.7388888889E-01  0.8550247427E+07
  0.7416666667E-01  0.8486210772E+07
  0.7444444444E-01  0.8422174171E+07
  0.7472222222E-01  0.8358137615E+07
  0.7500000000E-01  0.8294100915E+07
  0.7527777778E-01  0.8234810905E+07
  0.7555555556E-01  0.8175520823E+07
  0.7583333333E-01  0.8116230745E+07
  0.7611111111E-01  0.8056940731E+07
  0.7638888889E-01  0.7997650653E+07
  0.7666666667E-01  0.7938360638E+07
  0.7694444444E-01  0.7879070560E+07
  0.7722222222E-01  0.7819780547E+07
  0.7750000000E-01  0.7760490468E+07
  0.7777777778E-01  0.7701200488E+07
  0.7805555556E-01  0.7641910376E+07
  0.7833333333E-01  0.7582620396E+07
  0.7861111111E-01  0.7523330283E+07
  0.7888888889E-01  0.7464040204E+07
  0.7916666667E-01  0.7404750191E+07
  0.7944444444E-01  0.7345460100E+07
  0.7972222222E-01  0.7286170122E+07
  0.8000000000E-01  0.7226880009E+07
  0.8027777778E-01  0.7172827125E+07
  0.8055555556E-01  0.7118774106E+07
  0.8083333333E-01  0.7064721200E+07
  0.8111111111E-01  0.7010668215E+07
  0.8138888889E-01  0.6956615298E+07
  0.8166666667E-01  0.6902562312E+07
  0.8194444444E-01  0.6848509395E+07
  0.8222222222E-01  0.6794456410E+07
  0.8250000000E-01  0.6740403493E+07
  0.8277777778E-01  0.6686350474E+07
  0.8305555556E-01  0.6632297590E+07
  0.8333333333E-01  0.6578244572E+07
  0.8361111111E-01  0.6524191688E+07
  0.8388888889E-01  0.6470138669E+07
  0.8416666667E-01  0.6416085685E+07
  0.8444444444E-01  0.6362032767E+07
  0.8472222222E-01  0.6307979749E+07
  0.8500000000E-01  0.6253926864E+07
  0.8527777778E-01  0.6205391686E+07
  0.8555555556E-01  0.6156856529E+07
  0.8583333333E-01  0.6108321351E+07
  0.8611111111E-01  0.6059786206E+07
  0.8638888889E-01  0.6011251048E+07
  0.8666666667E-01  0.5962715870E+07
  0.8694444444E-01  0.5914180714E+07
  0.8722222222E-01  0.5865645535E+07
  0.8750000000E-01  0.5817110379E+07
  0.8777777778E-01  0.5768575100E+07
  0.8805555556E-01  0.5720039955E+07
  0.8833333333E-01  0.5671504765E+07
  0.8861111111E-01  0.5622969620E+07
  0.8888888889E-01  0.5574434463E+07
  0.8916666667E-01  0.5525899285E+07
  0.8944444444E-01  0.5477364128E+07
  0.8972222222E-01  0.5428828959E+07
  0.9000000000E-01  0.5380293814E+07
  0.9027777778E-01  0.5337363433E+07
  0.9055555556E-01  0.5294433087E+07
  0.9083333333E-01  0.5251502706E+07
  0.9111111111E-01  0.5208572359E+07
  0.9138888889E-01  0.5165642011E+07
  0.9166666667E-01  0.5122711632E+07
  0.9194444444E-01  0.5079781294E+07
  0.9222222222E-01  0.5036850914E+07
  0.9250000000E-01  0.4993920566E+07
  0.9277777778E-01  0.4950990186E+07
  0.9305555556E-01  0.4908059838E+07
  0.9333333333E-01  0.4865129492E+07
  0.9361111111E-01  0.4822199111E+07
  0.9388888889E-01  0.4779268764E+07
  0.9416666667E-01  0.4736338383E+07
  0.9444444444E-01  0.4693408047E+07
  0.9472222222E-01  0.4650477666E+07
  0.9500000000E-01  0.4607547319E+07
  0.9527777778E-01  0.4570133372E+07
  0.9555555556E-01  0.4532719412E+07
  0.9583333333E-01  0.4495305475E+07
  0.9611111111E-01  0.4457891494E+07
  0.9638888889E-01  0.4420477556E+07
  0.9666666667E-01  0.4383063585E+07
  0.9694444444E-01  0.4345649638E+07
  0.9722222222E-01  0.4308235700E+07
  0.9750000000E-01  0.4270821730E+07
  0.9777777778E-01  0.4233407782E+07
  0.9805555556E-01  0.4195993811E+07
  0.9833333333E-01  0.4158579874E+07
  0.9861111111E-01  0.4121165892E+07
  0.9888888889E-01  0.4083751954E+07
  0.9916666667E-01  0.4046338017E+07
  0.9944444444E-01  0.4008924036E+07
  0.9972222222E-01  0.3971510099E+07
  0.1000000000E+00  0.3934096128E+07
  0.1002777778E+00  0.3901957645E+07
  0.1005555556E+00  0.3869819173E+07
  0.1008333333E+00  0.3837680700E+07
  0.1011111111E+00  0.3805542216E+07
  0.1013888889E+00  0.3773403699E+07
  0.1016666667E+00  0.3741265227E+07
  0.1019444444E+00  0.3709126753E+07
  0.1022222222E+00  0.3676988270E+07
  0.1025000000E+00  0.3644849788E+07
  0.1027777778E+00  0.3612711281E+07
  0.1030555556E+00  0.3580572808E+07
  0.1033333333E+00  0.3548434335E+07
  0.1036111111E+00  0.3516295841E+07
  0.1038888889E+00  0.3484157368E+07
  0.1041666667E+00  0.3452018896E+07
  0.1044444444E+00  0.3419880390E+07
  0.1047222222E+00  0.3387741896E+07
  0.1050000000E+00  0.3355603423E+07
  0.1052777778E+00  0.3328381173E+07
  0.1055555556E+00  0.3301158888E+07
  0.1058333333E+00  0.3273936638E+07
  0.1061111111E+00  0.3246714387E+07
  0.1063888889E+00  0.3219492137E+07
  0.1066666667E+00  0.3192269886E+07
  0.1069444444E+00  0.3165047603E+07
  0.1072222222E+00  0.3137825352E+07
  0.1075000000E+00  0.3110603091E+07
  0.1077777778E+00  0.3083380840E+07
  0.1080555556E+00  0.3056158556E+07
  0.1083333333E+00  0.3028936306E+07
  0.1086111111E+00  0.3001714055E+07
  0.1088888889E+00  0.2974491805E+07
  0.1091666667E+00  0.2947269521E+07
  0.1094444444E+00  0.2920047270E+07
  0.1097222222E+00  0.2892825020E+07
  0.1100000000E+00  0.2865602770E+07
  0.1102777778E+00  0.2842843527E+07
  0.1105555556E+00  0.2820084295E+07
  0.1108333333E+00  0.2797325053E+07
  0.1111111111E+00  0.2774565800E+07
  0.1113888889E+00  0.2751806535E+07
  0.1116666667E+00  0.2729047292E+07
  0.1119444444E+00  0.2706288061E+07
  0.1122222222E+00  0.2683528818E+07
  0.1125000000E+00  0.2660769575E+07
  0.1127777778E+00  0.2638010344E+07
  0.1130555556E+00  0.2615251091E+07
  0.1133333333E+00  0.2592491860E+07
  0.1136111111E+00  0.2569732617E+07
  0.1138888889E+00  0.2546973386E+07
  0.1141666667E+00  0.2524214143E+07
  0.1144444444E+00  0.2501454900E+07
  0.1147222222E+00  0.2478695669E+07
  0.1150000000E+00  0.2455936416E+07
  0.1152777778E+00  0.2437128255E+07
  0.1155555556E+00  0.2418320128E+07
  0.1158333333E+00  0.2399511978E+07
  0.1161111111E+00  0.2380703817E+07
  0.1163888889E+00  0.2361895656E+07
  0.1166666667E+00  0.2343087496E+07
  0.1169444444E+00  0.2324279335E+07
  0.1172222222E+00  0.2305471207E+07
  0.1175000000E+00  0.2286663047E+07
  0.1177777778E+00  0.2267854886E+07
  0.1180555556E+00  0.2249046725E+07
  0.1183333333E+00  0.2230238564E+07
  0.1186111111E+00  0.2211430448E+07
  0.1188888889E+00  0.2192622287E+07
  0.1191666667E+00  0.2173814127E+07
  0.1194444444E+00  0.2155005966E+07
  0.1197222222E+00  0.2136197805E+07
  0.1200000000E+00  0.2117389644E+07
  0.1202777778E+00  0.2101989941E+07
  0.1205555556E+00  0.2086590227E+07
  0.1208333333E+00  0.2071190524E+07
  0.1211111111E+00  0.2055790787E+07
  0.1213888889E+00  0.2040391084E+07
  0.1216666667E+00  0.2024991370E+07
  0.1219444444E+00  0.2009591677E+07
  0.1222222222E+00  0.1994191963E+07
  0.1225000000E+00  0.1978792227E+07
  0.1227777778E+00  0.1963392523E+07
  0.1230555556E+00  0.1947992820E+07
  0.1233333333E+00  0.1932593106E+07
  0.1236111111E+00  0.1917193379E+07
  0.1238888889E+00  0.1901793665E+07
  0.1241666667E+00  0.1886393962E+07
  0.1244444444E+00  0.1870994258E+07
  0.1247222222E+00  0.1855594556E+07
  0.1250000000E+00  0.1840194819E+07
  0.1252777778E+00  0.1827657123E+07
  0.1255555556E+00  0.1815119405E+07
  0.1258333333E+00  0.1802581721E+07
  0.1261111111E+00  0.1790044003E+07
  0.1263888889E+00  0.1777506318E+07
  0.1266666667E+00  0.1764968600E+07
  0.1269444444E+00  0.1752430915E+07
  0.1272222222E+00  0.1739893197E+07
  0.1275000000E+00  0.1727355513E+07
  0.1277777778E+00  0.1714817795E+07
  0.1280555556E+00  0.1702280110E+07
  0.1283333333E+00  0.1689742381E+07
  0.1286111111E+00  0.1677204696E+07
  0.1288888889E+00  0.1664666978E+07
  0.1291666667E+00  0.1652129293E+07
  0.1294444444E+00  0.1639591575E+07
  0.1297222222E+00  0.1627053891E+07
  0.1300000000E+00  0.1614516173E+07
  0.1302777778E+00  0.1604314980E+07
  0.1305555556E+00  0.1594113776E+07
  0.1308333333E+00  0.1583912583E+07
  0.1311111111E+00  0.1573711390E+07
  0.1313888889E+00  0.1563510186E+07
  0.1316666667E+00  0.1553308993E+07
  0.1319444444E+00  0.1543107800E+07
  0.1322222222E+00  0.1532906596E+07
  0.1325000000E+00  0.1522705403E+07
  0.1327777778E+00  0.1512504210E+07
  0.1330555556E+00  0.1502303006E+07
  0.1333333333E+00  0.1492101813E+07
  0.1336111111E+00  0.1481900620E+07
  0.1338888889E+00  0.1471699428E+07
  0.1341666667E+00  0.1461498224E+07
  0.1344444444E+00  0.1451297031E+07
  0.1347222222E+00  0.1441095838E+07
  0.1350000000E+00  0.1430894634E+07
  0.1352777778E+00  0.1422542928E+07
  0.1355555556E+00  0.1414191234E+07
  0.1358333333E+00  0.1405839516E+07
  0.1361111111E+00  0.1397487799E+07
  0.1363888889E+00  0.1389136115E+07
  0.1366666667E+00  0.1380784409E+07
  0.1369444444E+00  0.1372432715E+07
  0.1372222222E+00  0.1364080998E+07
  0.1375000000E+00  0.1355729314E+07
  0.1377777778E+00  0.1347377608E+07
  0.1380555556E+00  0.1339025914E+07
  0.1383333333E+00  0.1330674197E+07
  0.1386111111E+00  0.1322322480E+07
  0.1388888889E+00  0.1313970807E+07
  0.1391666667E+00  0.1305619080E+07
  0.1394444444E+00  0.1297267396E+07
  0.1397222222E+00  0.1288915679E+07
  0.1400000000E+00  0.1280563995E+07
  0.1402777778E+00  0.1273628571E+07
  0.1405555556E+00  0.1266693191E+07
  0.1408333333E+00  0.1259757777E+07
  0.1411111111E+00  0.1252822387E+07
  0.1413888889E+00  0.1245886962E+07
  0.1416666667E+00  0.1238951582E+07
  0.1419444444E+00  0.1232016158E+07
  0.1422222222E+00  0.1225080778E+07
  0.1425000000E+00  0.1218145353E+07
  0.1427777778E+00  0.1211209963E+07
  0.1430555556E+00  0.1204274582E+07
  0.1433333333E+00  0.1197339169E+07
  0.1436111111E+00  0.1190403767E+07
  0.1438888889E+00  0.1183468353E+07
  0.1441666667E+00  0.1176532973E+07
  0.1444444444E+00  0.1169597549E+07
  0.1447222222E+00  0.1162662158E+07
  0.1450000000E+00  0.1155726734E+07
  0.1452777778E+00  0.1149837251E+07
  0.1455555556E+00  0.1143947734E+07
  0.1458333333E+00  0.1138058217E+07
  0.1461111111E+00  0.1132168690E+07
  0.1463888889E+00  0.1126279207E+07
  0.1466666667E+00  0.1120389690E+07
  0.1469444444E+00  0.1114500173E+07
  0.1472222222E+00  0.1108610646E+07
  0.1475000000E+00  0.1102721129E+07
  0.1477777778E+00  0.1096831646E+07
  0.1480555556E+00  0.1090942129E+07
  0.1483333333E+00  0.1085052602E+07
  0.1486111111E+00  0.1079163085E+07
  0.1488888889E+00  0.1073273602E+07
  0.1491666667E+00  0.1067384085E+07
  0.1494444444E+00  0.1061494558E+07
  0.1497222222E+00  0.1055605041E+07
  0.1500000000E+00  0.1049715557E+07
  0.1502777778E+00  0.1044568597E+07
  0.1505555556E+00  0.1039421664E+07
  0.1508333333E+00  0.1034274717E+07
  0.1511111111E+00  0.1029127785E+07
  0.1513888889E+00  0.1023980838E+07
  0.1516666667E+00  0.1018833902E+07
  0.1519444444E+00  0.1013686958E+07
  0.1522222222E+00  0.1008540022E+07
  0.1525000000E+00  0.1003393078E+07
  0.1527777778E+00  0.9982461423E+06
  0.1530555556E+00  0.9930991952E+06
  0.1533333333E+00  0.9879522526E+06
  0.1536111111E+00  0.9828053167E+06
  0.1538888889E+00  0.9776583729E+06
  0.1541666667E+00  0.9725114370E+06
  0.1544444444E+00  0.9673644899E+06
  0.1547222222E+00  0.9622175573E+06
  0.1550000000E+00  0.9570706102E+06
  0.1552777778E+00  0.9524309357E+06
  0.1555555556E+00  0.9477912435E+06
  0.1558333333E+00  0.9431515479E+06
  0.1561111111E+00  0.9385118634E+06
  0.1563888889E+00  0.9338721811E+06
  0.1566666667E+00  0.9292324966E+06
  0.1569444444E+00  0.9245928010E+06
  0.1572222222E+00  0.9199531199E+06
  0.1575000000E+00  0.9153134343E+06
  0.1577777778E+00  0.9106737387E+06
  0.1580555556E+00  0.9060340542E+06
  0.1583333333E+00  0.9013943619E+06
  0.1586111111E+00  0.8967546874E+06
  0.1588888889E+00  0.8921149918E+06
  0.1591666667E+00  0.8874752995E+06
  0.1594444444E+00  0.8828356139E+06
  0.1597222222E+00  0.8781959228E+06
  0.1600000000E+00  0.8735562416E+06
  0.1602777778E+00  0.8692530973E+06
  0.1605555556E+00  0.8649499485E+06
  0.1608333333E+00  0.8606468109E+06
  0.1611111111E+00  0.8563436665E+06
  0.1613888889E+00  0.8520405189E+06
  0.1616666667E+00  0.8477373712E+06
  0.1619444444E+00  0.8434342358E+06
  0.1622222222E+00  0.8391310881E+06
  0.1625000000E+00  0.8348279404E+06
  0.1627777778E+00  0.8305247928E+06
  0.1630555556E+00  0.8262216573E+06
  0.1633333333E+00  0.8219185097E+06
  0.1636111111E+00  0.8176153620E+06
  0.1638888889E+00  0.8133122177E+06
  0.1641666667E+00  0.8090090789E+06
  0.1644444444E+00  0.8047059312E+06
  0.1647222222E+00  0.8004027869E+06
  0.1650000000E+00  0.7960996492E+06
  0.1652777778E+00  0.7920198573E+06
  0.1655555556E+00  0.7879400742E+06
  0.1658333333E+00  0.7838602956E+06
  0.1661111111E+00  0.7797805136E+06
  0.1663888889E+00  0.7757007217E+06
  0.1666666667E+00  0.7716209397E+06
  0.1669444444E+00  0.7675411577E+06
  0.1672222222E+00  0.7634613791E+06
  0.1675000000E+00  0.7593815972E+06
  0.1677777778E+00  0.7553018052E+06
  0.1680555556E+00  0.7512220233E+06
  0.1683333333E+00  0.7471422436E+06
  0.1686111111E+00  0.7430624616E+06
  0.1688888889E+00  0.7389826696E+06
  0.1691666667E+00  0.7349028876E+06
  0.1694444444E+00  0.7308231057E+06
  0.1697222222E+00  0.7267433271E+06
  0.1700000000E+00  0.7226635452E+06
  0.1702777778E+00  0.7187444905E+06
  0.1705555556E+00  0.7148254359E+06
  0.1708333333E+00  0.7109063879E+06
  0.1711111111E+00  0.7069873332E+06
  0.1713888889E+00  0.7030682786E+06
  0.1716666667E+00  0.6991492339E+06
  0.1719444444E+00  0.6952301792E+06
  0.1722222222E+00  0.6913111246E+06
  0.1725000000E+00  0.6873920799E+06
  0.1727777778E+00  0.6834730219E+06
  0.1730555556E+00  0.6795539672E+06
  0.1733333333E+00  0.6756349226E+06
  0.1736111111E+00  0.6717158668E+06
  0.1738888889E+00  0.6677968121E+06
  0.1741666667E+00  0.6638777675E+06
  0.1744444444E+00  0.6599587095E+06
  0.1747222222E+00  0.6560396548E+06
  0.1750000000E+00  0.6521206102E+06
  0.1752777778E+00  0.6483395583E+06
  0.1755555556E+00  0.6445585097E+06
  0.1758333333E+00  0.6407774567E+06
  0.1761111111E+00  0.6369964048E+06
  0.1763888889E+00  0.6332153552E+06
  0.1766666667E+00  0.6294343033E+06
  0.1769444444E+00  0.6256532514E+06
  0.1772222222E+00  0.6218722084E+06
  0.1775000000E+00  0.6180911598E+06
  0.1777777778E+00  0.6143101068E+06
  0.1780555556E+00  0.6105290549E+06
  0.1783333333E+00  0.6067480053E+06
  0.1786111111E+00  0.6029669534E+06
  0.1788888889E+00  0.5991859015E+06
  0.1791666667E+00  0.5954048485E+06
  0.1794444444E+00  0.5916238000E+06
  0.1797222222E+00  0.5878427569E+06
  0.1800000000E+00  0.5840617050E+06
  0.1802777778E+00  0.5804258188E+06
  0.1805555556E+00  0.5767899292E+06
  0.1808333333E+00  0.5731540529E+06
  0.1811111111E+00  0.5695181633E+06
  0.1813888889E+00  0.5658822771E+06
  0.1816666667E+00  0.5622463975E+06
  0.1819444444E+00  0.5586105113E+06
  0.1822222222E+00  0.5549746206E+06
  0.1825000000E+00  0.5513387444E+06
  0.1827777778E+00  0.5477028547E+06
  0.1830555556E+00  0.5440669785E+06
  0.1833333333E+00  0.5404310889E+06
  0.1836111111E+00  0.5367952027E+06
  0.1838888889E+00  0.5331593231E+06
  0.1841666667E+00  0.5295234368E+06
  0.1844444444E+00  0.5258875473E+06
  0.1847222222E+00  0.5222516710E+06
  0.1850000000E+00  0.5186157814E+06
  0.1852777778E+00  0.5151526322E+06
  0.1855555556E+00  0.5116894907E+06
  0.1858333333E+00  0.5082263415E+06
  0.1861111111E+00  0.5047632033E+06
  0.1863888889E+00  0.5013000507E+06
  0.1866666667E+00  0.4978369126E+06
  0.1869444444E+00  0.4943737600E+06
  0.1872222222E+00  0.4909106219E+06
  0.1875000000E+00  0.4874474726E+06
  0.1877777778E+00  0.4839843311E+06
  0.1880555556E+00  0.4805211820E+06
  0.1883333333E+00  0.4770580405E+06
  0.1886111111E+00  0.4735948913E+06
  0.1888888889E+00  0.4701317531E+06
  0.1891666667E+00  0.4666686005E+06
  0.1894444444E+00  0.4632054594E+06
  0.1897222222E+00  0.4597423118E+06
  0.1900000000E+00  0.4562791687E+06
  0.1902777778E+00  0.4530271204E+06
  0.1905555556E+00  0.4497750689E+06
  0.1908333333E+00  0.4465230205E+06
  0.1911111111E+00  0.4432709689E+06
  0.1913888889E+00  0.4400189207E+06
  0.1916666667E+00  0.4367668735E+06
  0.1919444444E+00  0.4335148219E+06
  0.1922222222E+00  0.4302627736E+06
  0.1925000000E+00  0.4270107253E+06
  0.1927777778E+00  0.4237586737E+06
  0.1930555556E+00  0.4205066255E+06
  0.1933333333E+00  0.4172545782E+06
  0.1936111111E+00  0.4140025266E+06
  0.1938888889E+00  0.4107504784E+06
  0.1941666667E+00  0.4074984311E+06
  0.1944444444E+00  0.4042463796E+06
  0.1947222222E+00  0.4009943303E+06
  0.1950000000E+00  0.3977422798E+06
  0.1952777778E+00  0.3947428464E+06
  0.1955555556E+00  0.3917434121E+06
  0.1958333333E+00  0.3887439744E+06
  0.1961111111E+00  0.3857445400E+06
  0.1963888889E+00  0.3827451033E+06
  0.1966666667E+00  0.3797456689E+06
  0.1969444444E+00  0.3767462313E+06
  0.1972222222E+00  0.3737467970E+06
  0.1975000000E+00  0.3707473614E+06
  0.1977777778E+00  0.3677479270E+06
  0.1980555556E+00  0.3647484893E+06
  0.1983333333E+00  0.3617490550E+06
  0.1986111111E+00  0.3587496184E+06
  0.1988888889E+00  0.3557501840E+06
  0.1991666667E+00  0.3527507463E+06
  0.1994444444E+00  0.3497513119E+06
  0.1997222222E+00  0.3467518763E+06
  0.2000000000E+00  0.3437524420E+06
  0.2002777778E+00  0.3410434030E+06
  0.2005555556E+00  0.3383343640E+06
  0.2008333333E+00  0.3356253260E+06
  0.2011111111E+00  0.3329162870E+06
  0.2013888889E+00  0.3302072480E+06
  0.2016666667E+00  0.3274982101E+06
  0.2019444444E+00  0.3247891720E+06
  0.2022222222E+00  0.3220801330E+06
  0.2025000000E+00  0.3193710940E+06
  0.2027777778E+00  0.3166620550E+06
  0.2030555556E+00  0.3139530170E+06
  0.2033333333E+00  0.3112439792E+06
  0.2036111111E+00  0.3085349402E+06
  0.2038888889E+00  0.3058259012E+06
  0.2041666667E+00  0.3031168631E+06
  0.2044444444E+00  0.3004078241E+06
  0.2047222222E+00  0.2976987851E+06
  0.2050000000E+00  0.2949897472E+06
  0.2052777778E+00  0.2926009147E+06
  0.2055555556E+00  0.2902120812E+06
  0.2058333333E+00  0.2878232510E+06
  0.2061111111E+00  0.2854344185E+06
  0.2063888889E+00  0.2830455849E+06
  0.2066666667E+00  0.2806567513E+06
  0.2069444444E+00  0.2782679222E+06
  0.2072222222E+00  0.2758790887E+06
  0.2075000000E+00  0.2734902552E+06
  0.2077777778E+00  0.2711014226E+06
  0.2080555556E+00  0.2687125925E+06
  0.2083333333E+00  0.2663237590E+06
  0.2086111111E+00  0.2639349265E+06
  0.2088888889E+00  0.2615460928E+06
  0.2091666667E+00  0.2591572593E+06
  0.2094444444E+00  0.2567684301E+06
  0.2097222222E+00  0.2543795977E+06
  0.2100000000E+00  0.2519907642E+06
  0.2102777778E+00  0.2499404974E+06
  0.2105555556E+00  0.2478902317E+06
  0.2108333333E+00  0.2458399637E+06
  0.2111111111E+00  0.2437897014E+06
  0.2113888889E+00  0.2417394335E+06
  0.2116666667E+00  0.2396891678E+06
  0.2119444444E+00  0.2376389010E+06
  0.2122222222E+00  0.2355886341E+06
  0.2125000000E+00  0.2335383675E+06
  0.2127777778E+00  0.2314881006E+06
  0.2130555556E+00  0.2294378349E+06
  0.2133333333E+00  0.2273875714E+06
  0.2136111111E+00  0.2253373046E+06
  0.2138888889E+00  0.2232870379E+06
  0.2141666667E+00  0.2212367710E+06
  0.2144444444E+00  0.2191865043E+06
  0.2147222222E+00  0.2171362374E+06
  0.2150000000E+00  0.2150859706E+06
  0.2152777778E+00  0.2133796488E+06
  0.2155555556E+00  0.2116733270E+06
  0.2158333333E+00  0.2099670052E+06
  0.2161111111E+00  0.2082606834E+06
  0.2163888889E+00  0.2065543615E+06
  0.2166666667E+00  0.2048480397E+06
  0.2169444444E+00  0.2031417167E+06
  0.2172222222E+00  0.2014353950E+06
  0.2175000000E+00  0.1997290731E+06
  0.2177777778E+00  0.1980227512E+06
  0.2180555556E+00  0.1963164294E+06
  0.2183333333E+00  0.1946101075E+06
  0.2186111111E+00  0.1929037857E+06
  0.2188888889E+00  0.1911974640E+06
  0.2191666667E+00  0.1894911421E+06
  0.2194444444E+00  0.1877848203E+06
  0.2197222222E+00  0.1860784984E+06
  0.2200000000E+00  0.1843721732E+06
  0.2202777778E+00  0.1830022841E+06
  0.2205555556E+00  0.1816323961E+06
  0.2208333333E+00  0.1802625071E+06
  0.2211111111E+00  0.1788926191E+06
  0.2213888889E+00  0.1775227300E+06
  0.2216666667E+00  0.1761528410E+06
  0.2219444444E+00  0.1747829520E+06
  0.2222222222E+00  0.1734130606E+06
  0.2225000000E+00  0.1720431716E+06
  0.2227777778E+00  0.1706732836E+06
  0.2230555556E+00  0.1693033945E+06
  0.2233333333E+00  0.1679335065E+06
  0.2236111111E+00  0.1665636174E+06
  0.2238888889E+00  0.1651937295E+06
  0.2241666667E+00  0.1638238404E+06
  0.2244444444E+00  0.1624539491E+06
  0.2247222222E+00  0.1610840600E+06
  0.2250000000E+00  0.1597141720E+06
  0.2252777778E+00  0.1586610296E+06
  0.2255555556E+00  0.1576078882E+06
  0.2258333333E+00  0.1565547513E+06
  0.2261111111E+00  0.1555016089E+06
  0.2263888889E+00  0.1544484676E+06
  0.2266666667E+00  0.1533953273E+06
  0.2269444444E+00  0.1523421849E+06
  0.2272222222E+00  0.1512890435E+06
  0.2275000000E+00  0.1502359056E+06
  0.2277777778E+00  0.1491827643E+06
  0.2280555556E+00  0.1481296229E+06
  0.2283333333E+00  0.1470764816E+06
  0.2286111111E+00  0.1460233402E+06
  0.2288888889E+00  0.1449701979E+06
  0.2291666667E+00  0.1439170576E+06
  0.2294444444E+00  0.1428639196E+06
  0.2297222222E+00  0.1418107772E+06
  0.2300000000E+00  0.1407576369E+06
  0.2302777778E+00  0.1399915342E+06
  0.2305555556E+00  0.1392254325E+06
  0.2308333333E+00  0.1384593297E+06
  0.2311111111E+00  0.1376932281E+06
  0.2313888889E+00  0.1369271286E+06
  0.2316666667E+00  0.1361610270E+06
  0.2319444444E+00  0.1353949242E+06
  0.2322222222E+00  0.1346288226E+06
  0.2325000000E+00  0.1338627198E+06
  0.2327777778E+00  0.1330966181E+06
  0.2330555556E+00  0.1323305177E+06
  0.2333333333E+00  0.1315644161E+06
  0.2336111111E+00  0.1307983133E+06
  0.2338888889E+00  0.1300322116E+06
  0.2341666667E+00  0.1292661089E+06
  0.2344444444E+00  0.1285000072E+06
  0.2347222222E+00  0.1277339045E+06
  0.2350000000E+00  0.1269678061E+06
  0.2352777778E+00  0.1264512433E+06
  0.2355555556E+00  0.1259346828E+06
  0.2358333333E+00  0.1254181200E+06
  0.2361111111E+00  0.1249015595E+06
  0.2363888889E+00  0.1243849969E+06
  0.2366666667E+00  0.1238684374E+06
  0.2369444444E+00  0.1233518735E+06
  0.2372222222E+00  0.1228353140E+06
  0.2375000000E+00  0.1223187502E+06
  0.2377777778E+00  0.1218021909E+06
  0.2380555556E+00  0.1212856280E+06
  0.2383333333E+00  0.1207690676E+06
  0.2386111111E+00  0.1202525047E+06
  0.2388888889E+00  0.1197359443E+06
  0.2391666667E+00  0.1192193814E+06
  0.2394444444E+00  0.1187028221E+06
  0.2397222222E+00  0.1181862592E+06
  0.2400000000E+00  0.1176696981E+06
  0.2402777778E+00  0.1173602080E+06
  0.2405555556E+00  0.1170507193E+06
  0.2408333333E+00  0.1167412296E+06
  0.2411111111E+00  0.1164317406E+06
  0.2413888889E+00  0.1161222508E+06
  0.2416666667E+00  0.1158127621E+06
  0.2419444444E+00  0.1155032720E+06
  0.2422222222E+00  0.1151937833E+06
  0.2425000000E+00  0.1148842936E+06
  0.2427777778E+00  0.1145748046E+06
  0.2430555556E+00  0.1142653148E+06
  0.2433333333E+00  0.1139558262E+06
  0.2436111111E+00  0.1136463360E+06
  0.2438888889E+00  0.1133368484E+06
  0.2441666667E+00  0.1130273586E+06
  0.2444444444E+00  0.1127178696E+06
  0.2447222222E+00  0.1124083798E+06
  0.2450000000E+00  0.1120988908E+06
  0.2452777778E+00  0.1119518205E+06
  0.2455555556E+00  0.1118047509E+06
  0.2458333333E+00  0.1116576814E+06
  0.2461111111E+00  0.1115106120E+06
  0.2463888889E+00  0.1113635421E+06
  0.2466666667E+00  0.1112164734E+06
  0.2469444444E+00  0.1110694037E+06
  0.2472222222E+00  0.1109223342E+06
  0.2475000000E+00  0.1107752645E+06
  0.2477777778E+00  0.1106281948E+06
  0.2480555556E+00  0.1104811249E+06
  0.2483333333E+00  0.1103340566E+06
  0.2486111111E+00  0.1101869868E+06
  0.2488888889E+00  0.1100399170E+06
  0.2491666667E+00  0.1098928476E+06
  0.2494444444E+00  0.1097457778E+06
  0.2497222222E+00  0.1095987081E+06
  0.2500000000E+00  0.1094516384E+06
  0.2502777778E+00  0.1094227115E+06
  0.2505555556E+00  0.1093937836E+06
  0.2508333333E+00  0.1093648557E+06
  0.2511111111E+00  0.1093359288E+06
  0.2513888889E+00  0.1093070010E+06
  0.2516666667E+00  0.1092780731E+06
  0.2519444444E+00  0.1092491463E+06
  0.2522222222E+00  0.1092202184E+06
  0.2525000000E+00  0.1091912906E+06
  0.2527777778E+00  0.1091623637E+06
  0.2530555556E+00  0.1091334359E+06
  0.2533333333E+00  0.1091045077E+06
  0.2536111111E+00  0.1090755808E+06
  0.2538888889E+00  0.1090466529E+06
  0.2541666667E+00  0.1090177260E+06
  0.2544444444E+00  0.1089887981E+06
  0.2547222222E+00  0.1089598703E+06
  0.2550000000E+00  0.1089309434E+06
  0.2552777778E+00  0.1089786142E+06
  0.2555555556E+00  0.1090262849E+06
  0.2558333333E+00  0.1090739557E+06
  0.2561111111E+00  0.1091216264E+06
  0.2563888889E+00  0.1091692968E+06
  0.2566666667E+00  0.1092169675E+06
  0.2569444444E+00  0.1092646382E+06
  0.2572222222E+00  0.1093123089E+06
  0.2575000000E+00  0.1093599796E+06
  0.2577777778E+00  0.1094076503E+06
  0.2580555556E+00  0.1094553221E+06
  0.2583333333E+00  0.1095029925E+06
  0.2586111111E+00  0.1095506632E+06
  0.2588888889E+00  0.1095983339E+06
  0.2591666667E+00  0.1096460046E+06
  0.2594444444E+00  0.1096936753E+06
  0.2597222222E+00  0.1097413460E+06
  0.2600000000E+00  0.1097890168E+06
  0.2602777778E+00  0.1098761641E+06
  0.2605555556E+00  0.1099633103E+06
  0.2608333333E+00  0.1100504573E+06
  0.2611111111E+00  0.1101376036E+06
  0.2613888889E+00  0.1102247509E+06
  0.2616666667E+00  0.1103118971E+06
  0.2619444444E+00  0.1103990445E+06
  0.2622222222E+00  0.1104861908E+06
  0.2625000000E+00  0.1105733380E+06
  0.2627777778E+00  0.1106604854E+06
  0.2630555556E+00  0.1107476316E+06
  0.2633333333E+00  0.1108347789E+06
  0.2636111111E+00  0.1109219252E+06
  0.2638888889E+00  0.1110090722E+06
  0.2641666667E+00  0.1110962184E+06
  0.2644444444E+00  0.1111833658E+06
  0.2647222222E+00  0.1112705120E+06
  0.2650000000E+00  0.1113576593E+06
  0.2652777778E+00  0.1114529942E+06
  0.2655555556E+00  0.1115483291E+06
  0.2658333333E+00  0.1116436643E+06
  0.2661111111E+00  0.1117390002E+06
  0.2663888889E+00  0.1118343350E+06
  0.2666666667E+00  0.1119296699E+06
  0.2669444444E+00  0.1120250048E+06
  0.2672222222E+00  0.1121203397E+06
  0.2675000000E+00  0.1122156749E+06
  0.2677777778E+00  0.1123110107E+06
  0.2680555556E+00  0.1124063456E+06
  0.2683333333E+00  0.1125016805E+06
  0.2686111111E+00  0.1125970154E+06
  0.2688888889E+00  0.1126923506E+06
  0.2691666667E+00  0.1127876864E+06
  0.2694444444E+00  0.1128830214E+06
  0.2697222222E+00  0.1129783562E+06
  0.2700000000E+00  0.1130736911E+06
  0.2702777778E+00  0.1131525404E+06
  0.2705555556E+00  0.1132313887E+06
  0.2708333333E+00  0.1133102381E+06
  0.2711111111E+00  0.1133890863E+06
  0.2713888889E+00  0.1134679356E+06
  0.2716666667E+00  0.1135467840E+06
  0.2719444444E+00  0.1136256333E+06
  0.2722222222E+00  0.1137044825E+06
  0.2725000000E+00  0.1137833309E+06
  0.2727777778E+00  0.1138621802E+06
  0.2730555556E+00  0.1139410285E+06
  0.2733333333E+00  0.1140198779E+06
  0.2736111111E+00  0.1140987261E+06
  0.2738888889E+00  0.1141775754E+06
  0.2741666667E+00  0.1142564238E+06
  0.2744444444E+00  0.1143352731E+06
  0.2747222222E+00  0.1144141224E+06
  0.2750000000E+00  0.1144929707E+06
  0.2752777778E+00  0.1145375082E+06
  0.2755555556E+00  0.1145820451E+06
  0.2758333333E+00  0.1146265816E+06
  0.2761111111E+00  0.1146711191E+06
  0.2763888889E+00  0.1147156557E+06
  0.2766666667E+00  0.1147601935E+06
  0.2769444444E+00  0.1148047300E+06
  0.2772222222E+00  0.1148492675E+06
  0.2775000000E+00  0.1148938041E+06
  0.2777777778E+00  0.1149383420E+06
  0.2780555556E+00  0.1149828784E+06
  0.2783333333E+00  0.1150274150E+06
  0.2786111111E+00  0.1150719524E+06
  0.2788888889E+00  0.1151164893E+06
  0.2791666667E+00  0.1151610269E+06
  0.2794444444E+00  0.1152055634E+06
  0.2797222222E+00  0.1152501009E+06
  0.2800000000E+00  0.1152946378E+06
  0.2802777778E+00  0.1152937606E+06
  0.2805555556E+00  0.1152928849E+06
  0.2808333333E+00  0.1152920078E+06
  0.2811111111E+00  0.1152911310E+06
  0.2813888889E+00  0.1152902540E+06
  0.2816666667E+00  0.1152893782E+06
  0.2819444444E+00  0.1152885011E+06
  0.2822222222E+00  0.1152876244E+06
  0.2825000000E+00  0.1152867473E+06
  0.2827777778E+00  0.1152858712E+06
  0.2830555556E+00  0.1152849944E+06
  0.2833333333E+00  0.1152841172E+06
  0.2836111111E+00  0.1152832405E+06
  0.2838888889E+00  0.1152823644E+06
  0.2841666667E+00  0.1152814876E+06
  0.2844444444E+00  0.1152806106E+06
  0.2847222222E+00  0.1152797338E+06
  0.2850000000E+00  0.1152788577E+06
  0.2852777778E+00  0.1152277226E+06
  0.2855555556E+00  0.1151765874E+06
  0.2858333333E+00  0.1151254523E+06
  0.2861111111E+00  0.1150743172E+06
  0.2863888889E+00  0.1150231821E+06
  0.2866666667E+00  0.1149720469E+06
  0.2869444444E+00  0.1149209118E+06
  0.2872222222E+00  0.1148697767E+06
  0.2875000000E+00  0.1148186416E+06
  0.2877777778E+00  0.1147675063E+06
  0.2880555556E+00  0.1147163712E+06
  0.2883333333E+00  0.1146652361E+06
  0.2886111111E+00  0.1146141009E+06
  0.2888888889E+00  0.1145629658E+06
  0.2891666667E+00  0.1145118307E+06
  0.2894444444E+00  0.1144606956E+06
  0.2897222222E+00  0.1144095604E+06
  0.2900000000E+00  0.1143584253E+06
  0.2902777778E+00  0.1142574892E+06
  0.2905555556E+00  0.1141565527E+06
  0.2908333333E+00  0.1140556166E+06
  0.2911111111E+00  0.1139546791E+06
  0.2913888889E+00  0.1138537430E+06
  0.2916666667E+00  0.1137528064E+06
  0.2919444444E+00  0.1136518703E+06
  0.2922222222E+00  0.1135509328E+06
  0.2925000000E+00  0.1134499967E+06
  0.2927777778E+00  0.1133490603E+06
  0.2930555556E+00  0.1132481231E+06
  0.2933333333E+00  0.1131471870E+06
  0.2936111111E+00  0.1130462506E+06
  0.2938888889E+00  0.1129453143E+06
  0.2941666667E+00  0.1128443769E+06
  0.2944444444E+00  0.1127434408E+06
  0.2947222222E+00  0.1126425043E+06
  0.2950000000E+00  0.1125415682E+06
  0.2952777778E+00  0.1123958196E+06
  0.2955555556E+00  0.1122500706E+06
  0.2958333333E+00  0.1121043219E+06
  0.2961111111E+00  0.1119585733E+06
  0.2963888889E+00  0.1118128247E+06
  0.2966666667E+00  0.1116670761E+06
  0.2969444444E+00  0.1115213272E+06
  0.2972222222E+00  0.1113755785E+06
  0.2975000000E+00  0.1112298308E+06
  0.2977777778E+00  0.1110840822E+06
  0.2980555556E+00  0.1109383336E+06
  0.2983333333E+00  0.1107925847E+06
  0.2986111111E+00  0.1106468361E+06
  0.2988888889E+00  0.1105010875E+06
  0.2991666667E+00  0.1103553387E+06
  0.2994444444E+00  0.1102095901E+06
  0.2997222222E+00  0.1100638412E+06
  0.3000000000E+00  0.1099180926E+06
  0.3002777778E+00  0.1097357193E+06
  0.3005555556E+00  0.1095533461E+06
  0.3008333333E+00  0.1093709718E+06
  0.3011111111E+00  0.1091885985E+06
  0.3013888889E+00  0.1090062253E+06
  0.3016666667E+00  0.1088238510E+06
  0.3019444444E+00  0.1086414777E+06
  0.3022222222E+00  0.1084591046E+06
  0.3025000000E+00  0.1082767303E+06
  0.3027777778E+00  0.1080943571E+06
  0.3030555556E+00  0.1079119838E+06
  0.3033333333E+00  0.1077296095E+06
  0.3036111111E+00  0.1075472363E+06
  0.3038888889E+00  0.1073648620E+06
  0.3041666667E+00  0.1071824888E+06
  0.3044444444E+00  0.1070001155E+06
  0.3047222222E+00  0.1068177412E+06
  0.3050000000E+00  0.1066353680E+06
  0.3052777778E+00  0.1064267527E+06
  0.3055555556E+00  0.1062181376E+06
  0.3058333333E+00  0.1060095212E+06
  0.3061111111E+00  0.1058009062E+06
  0.3063888889E+00  0.1055922908E+06
  0.3066666667E+00  0.1053836758E+06
  0.3069444444E+00  0.1051750594E+06
  0.3072222222E+00  0.1049664440E+06
  0.3075000000E+00  0.1047578291E+06
  0.3077777778E+00  0.1045492137E+06
  0.3080555556E+00  0.1043405977E+06
  0.3083333333E+00  0.1041319823E+06
  0.3086111111E+00  0.1039233669E+06
  0.3088888889E+00  0.1037147519E+06
  0.3091666667E+00  0.1035061355E+06
  0.3094444444E+00  0.1032975205E+06
  0.3097222222E+00  0.1030889051E+06
  0.3100000000E+00  0.1028802901E+06
  0.3102777778E+00  0.1026569176E+06
  0.3105555556E+00  0.1024335455E+06
  0.3108333333E+00  0.1022101731E+06
  0.3111111111E+00  0.1019868020E+06
  0.3113888889E+00  0.1017634295E+06
  0.3116666667E+00  0.1015400573E+06
  0.3119444444E+00  0.1013166849E+06
  0.3122222222E+00  0.1010933128E+06
  0.3125000000E+00  0.1008699417E+06
  0.3127777778E+00  0.1006465692E+06
  0.3130555556E+00  0.1004231971E+06
  0.3133333333E+00  0.1001998246E+06
  0.3136111111E+00  0.9997645346E+05
  0.3138888889E+00  0.9975308102E+05
  0.3141666667E+00  0.9952970891E+05
  0.3144444444E+00  0.9930633647E+05
  0.3147222222E+00  0.9908296526E+05
  0.3150000000E+00  0.9885959314E+05
  0.3152777778E+00  0.9863312099E+05
  0.3155555556E+00  0.9840664882E+05
  0.3158333333E+00  0.9818017699E+05
  0.3161111111E+00  0.9795370372E+05
  0.3163888889E+00  0.9772723155E+05
  0.3166666667E+00  0.9750075939E+05
  0.3169444444E+00  0.9727428756E+05
  0.3172222222E+00  0.9704781540E+05
  0.3175000000E+00  0.9682134312E+05
  0.3177777778E+00  0.9659487128E+05
  0.3180555556E+00  0.9636839913E+05
  0.3183333333E+00  0.9614192696E+05
  0.3186111111E+00  0.9591545502E+05
  0.3188888889E+00  0.9568898286E+05
  0.3191666667E+00  0.9546251069E+05
  0.3194444444E+00  0.9523603786E+05
  0.3197222222E+00  0.9500956569E+05
  0.3200000000E+00  0.9478309343E+05
  0.3202777778E+00  0.9456436664E+05
  0.3205555556E+00  0.9434564020E+05
  0.3208333333E+00  0.9412691253E+05
  0.3211111111E+00  0.9390818574E+05
  0.3213888889E+00  0.9368945896E+05
  0.3216666667E+00  0.9347073217E+05
  0.3219444444E+00  0.9325200439E+05
  0.3222222222E+00  0.9303327795E+05
  0.3225000000E+00  0.9281455116E+05
  0.3227777778E+00  0.9259582438E+05
  0.3230555556E+00  0.9237709659E+05
  0.3233333333E+00  0.9215836981E+05
  0.3236111111E+00  0.9193964303E+05
  0.3238888889E+00  0.9172091558E+05
  0.3241666667E+00  0.9150218880E+05
  0.3244444444E+00  0.9128346201E+05
  0.3247222222E+00  0.9106473523E+05
  0.3250000000E+00  0.9084600744E+05
  0.3252777778E+00  0.9064462829E+05
  0.3255555556E+00  0.9044324812E+05
  0.3258333333E+00  0.9024186785E+05
  0.3261111111E+00  0.9004048868E+05
  0.3263888889E+00  0.8983910851E+05
  0.3266666667E+00  0.8963772835E+05
  0.3269444444E+00  0.8943634918E+05
  0.3272222222E+00  0.8923496902E+05
  0.3275000000E+00  0.8903358874E+05
  0.3277777778E+00  0.8883220857E+05
  0.3280555556E+00  0.8863082941E+05
  0.3283333333E+00  0.8842944924E+05
  0.3286111111E+00  0.8822806873E+05
  0.3288888889E+00  0.8802668946E+05
  0.3291666667E+00  0.8782530929E+05
  0.3294444444E+00  0.8762392914E+05
  0.3297222222E+00  0.8742254997E+05
  0.3300000000E+00  0.8722116980E+05
  0.3302777778E+00  0.8704474916E+05
  0.3305555556E+00  0.8686832795E+05
  0.3308333333E+00  0.8669190631E+05
  0.3311111111E+00  0.8651548577E+05
  0.3313888889E+00  0.8633906457E+05
  0.3316666667E+00  0.8616264392E+05
  0.3319444444E+00  0.8598622239E+05
  0.3322222222E+00  0.8580980173E+05
  0.3325000000E+00  0.8563338054E+05
  0.3327777778E+00  0.8545695989E+05
  0.3330555556E+00  0.8528053836E+05
  0.3333333333E+00  0.8510411782E+05
  0.3336111111E+00  0.8492769651E+05
  0.3338888889E+00  0.8475127597E+05
  0.3341666667E+00  0.8457485433E+05
  0.3344444444E+00  0.8439843379E+05
  0.3347222222E+00  0.8422201247E+05
  0.3350000000E+00  0.8404559194E+05
  0.3352777778E+00  0.8389965242E+05
  0.3355555556E+00  0.8375371392E+05
  0.3358333333E+00  0.8360777574E+05
  0.3361111111E+00  0.8346183624E+05
  0.3363888889E+00  0.8331589773E+05
  0.3366666667E+00  0.8316995922E+05
  0.3369444444E+00  0.8302401971E+05
  0.3372222222E+00  0.8287808121E+05
  0.3375000000E+00  0.8273214303E+05
  0.3377777778E+00  0.8258620353E+05
  0.3380555556E+00  0.8244026502E+05
  0.3383333333E+00  0.8229432551E+05
  0.3386111111E+00  0.8214838700E+05
  0.3388888889E+00  0.8200244883E+05
  0.3391666667E+00  0.8185650932E+05
  0.3394444444E+00  0.8171057082E+05
  0.3397222222E+00  0.8156463231E+05
  0.3400000000E+00  0.8141869280E+05
  0.3402777778E+00  0.8130644979E+05
  0.3405555556E+00  0.8119420546E+05
  0.3408333333E+00  0.8108196113E+05
  0.3411111111E+00  0.8096971679E+05
  0.3413888889E+00  0.8085747279E+05
  0.3416666667E+00  0.8074522946E+05
  0.3419444444E+00  0.8063298512E+05
  0.3422222222E+00  0.8052074078E+05
  0.3425000000E+00  0.8040849678E+05
  0.3427777778E+00  0.8029625344E+05
  0.3430555556E+00  0.8018400911E+05
  0.3433333333E+00  0.8007176477E+05
  0.3436111111E+00  0.7995952077E+05
  0.3438888889E+00  0.7984727633E+05
  0.3441666667E+00  0.7973503299E+05
  0.3444444444E+00  0.7962278865E+05
  0.3447222222E+00  0.7951054466E+05
  0.3450000000E+00  0.7939830032E+05
  0.3452777778E+00  0.7932068825E+05
  0.3455555556E+00  0.7924307595E+05
  0.3458333333E+00  0.7916546389E+05
  0.3461111111E+00  0.7908785082E+05
  0.3463888889E+00  0.7901023886E+05
  0.3466666667E+00  0.7893262646E+05
  0.3469444444E+00  0.7885501438E+05
  0.3472222222E+00  0.7877740232E+05
  0.3475000000E+00  0.7869978903E+05
  0.3477777778E+00  0.7862217696E+05
  0.3480555556E+00  0.7854456489E+05
  0.3483333333E+00  0.7846695293E+05
  0.3486111111E+00  0.7838934053E+05
  0.3488888889E+00  0.7831172746E+05
  0.3491666667E+00  0.7823411539E+05
  0.3494444444E+00  0.7815650343E+05
  0.3497222222E+00  0.7807889102E+05
  0.3500000000E+00  0.7800127896E+05
  0.3502777778E+00  0.7795712619E+05
  0.3505555556E+00  0.7791297341E+05
  0.3508333333E+00  0.7786882053E+05
  0.3511111111E+00  0.7782466741E+05
  0.3513888889E+00  0.7778051465E+05
  0.3516666667E+00  0.7773636176E+05
  0.3519444444E+00  0.7769220899E+05
  0.3522222222E+00  0.7764805622E+05
  0.3525000000E+00  0.7760390300E+05
  0.3527777778E+00  0.7755975022E+05
  0.3530555556E+00  0.7751559745E+05
  0.3533333333E+00  0.7747144457E+05
  0.3536111111E+00  0.7742729179E+05
  0.3538888889E+00  0.7738313869E+05
  0.3541666667E+00  0.7733898579E+05
  0.3544444444E+00  0.7729483303E+05
  0.3547222222E+00  0.7725068026E+05
  0.3550000000E+00  0.7720652736E+05
  0.3552777778E+00  0.7719284096E+05
  0.3555555556E+00  0.7717915344E+05
  0.3558333333E+00  0.7716546736E+05
  0.3561111111E+00  0.7715178083E+05
  0.3563888889E+00  0.7713809442E+05
  0.3566666667E+00  0.7712440823E+05
  0.3569444444E+00  0.7711072181E+05
  0.3572222222E+00  0.7709703541E+05
  0.3575000000E+00  0.7708334922E+05
  0.3577777778E+00  0.7706966280E+05
  0.3580555556E+00  0.7705597628E+05
  0.3583333333E+00  0.7704228986E+05
  0.3586111111E+00  0.7702860367E+05
  0.3588888889E+00  0.7701491727E+05
  0.3591666667E+00  0.7700123074E+05
  0.3594444444E+00  0.7698754467E+05
  0.3597222222E+00  0.7697385714E+05
  0.3600000000E+00  0.7696017072E+05
  0.3602777778E+00  0.7697246308E+05
  0.3605555556E+00  0.7698475423E+05
  0.3608333333E+00  0.7699704525E+05
  0.3611111111E+00  0.7700933661E+05
  0.3613888889E+00  0.7702162763E+05
  0.3616666667E+00  0.7703391865E+05
  0.3619444444E+00  0.7704621012E+05
  0.3622222222E+00  0.7705850115E+05
  0.3625000000E+00  0.7707079217E+05
  0.3627777778E+00  0.7708308353E+05
  0.3630555556E+00  0.7709537467E+05
  0.3633333333E+00  0.7710766669E+05
  0.3636111111E+00  0.7711995805E+05
  0.3638888889E+00  0.7713224907E+05
  0.3641666667E+00  0.7714454021E+05
  0.3644444444E+00  0.7715683157E+05
  0.3647222222E+00  0.7716912259E+05
  0.3650000000E+00  0.7718141362E+05
  0.3652777778E+00  0.7721413810E+05
  0.3655555556E+00  0.7724686280E+05
  0.3658333333E+00  0.7727958729E+05
  0.3661111111E+00  0.7731231165E+05
  0.3663888889E+00  0.7734503502E+05
  0.3666666667E+00  0.7737775950E+05
  0.3669444444E+00  0.7741048387E+05
  0.3672222222E+00  0.7744320858E+05
  0.3675000000E+00  0.7747593305E+05
  0.3677777778E+00  0.7750865742E+05
  0.3680555556E+00  0.7754138179E+05
  0.3683333333E+00  0.7757410527E+05
  0.3686111111E+00  0.7760682998E+05
  0.3688888889E+00  0.7763955446E+05
  0.3691666667E+00  0.7767227882E+05
  0.3694444444E+00  0.7770500319E+05
  0.3697222222E+00  0.7773772767E+05
  0.3700000000E+00  0.7777045204E+05
  0.3702777778E+00  0.7781740134E+05
  0.3705555556E+00  0.7786435175E+05
  0.3708333333E+00  0.7791130071E+05
  0.3711111111E+00  0.7795825111E+05
  0.3713888889E+00  0.7800520041E+05
  0.3716666667E+00  0.7805215048E+05
  0.3719444444E+00  0.7809910078E+05
  0.3722222222E+00  0.7814605018E+05
  0.3725000000E+00  0.7819300014E+05
  0.3727777778E+00  0.7823994955E+05
  0.3730555556E+00  0.7828689984E+05
  0.3733333333E+00  0.7833384892E+05
  0.3736111111E+00  0.7838079921E+05
  0.3738888889E+00  0.7842774963E+05
  0.3741666667E+00  0.7847469859E+05
  0.3744444444E+00  0.7852164900E+05
  0.3747222222E+00  0.7856859829E+05
  0.3750000000E+00  0.7861554837E+05
  0.3752777778E+00  0.7867035736E+05
  0.3755555556E+00  0.7872516647E+05
  0.3758333333E+00  0.7877997546E+05
  0.3761111111E+00  0.7883478457E+05
  0.3763888889E+00  0.7888959367E+05
  0.3766666667E+00  0.7894440267E+05
  0.3769444444E+00  0.7899921278E+05
  0.3772222222E+00  0.7905402177E+05
  0.3775000000E+00  0.7910883088E+05
  0.3777777778E+00  0.7916363999E+05
  0.3780555556E+00  0.7921844898E+05
  0.3783333333E+00  0.7927325809E+05
  0.3786111111E+00  0.7932806708E+05
  0.3788888889E+00  0.7938287619E+05
  0.3791666667E+00  0.7943768529E+05
  0.3794444444E+00  0.7949249429E+05
  0.3797222222E+00  0.7954730473E+05
  0.3800000000E+00  0.7960211372E+05
  0.3802777778E+00  0.7965854489E+05
  0.3805555556E+00  0.7971497640E+05
  0.3808333333E+00  0.7977140778E+05
  0.3811111111E+00  0.7982784028E+05
  0.3813888889E+00  0.7988427167E+05
  0.3816666667E+00  0.7994070317E+05
  0.3819444444E+00  0.7999713523E+05
  0.3822222222E+00  0.8005356673E+05
  0.3825000000E+00  0.8010999822E+05
  0.3827777778E+00  0.8016643061E+05
  0.3830555556E+00  0.8022286211E+05
  0.3833333333E+00  0.8027929351E+05
  0.3836111111E+00  0.8033572467E+05
  0.3838888889E+00  0.8039215717E+05
  0.3841666667E+00  0.8044858855E+05
  0.3844444444E+00  0.8050502005E+05
  0.3847222222E+00  0.8056145245E+05
  0.3850000000E+00  0.8061788395E+05
  0.3852777778E+00  0.8067037392E+05
  0.3855555556E+00  0.8072286490E+05
  0.3858333333E+00  0.8077535587E+05
  0.3861111111E+00  0.8082784618E+05
  0.3863888889E+00  0.8088033716E+05
  0.3866666667E+00  0.8093282725E+05
  0.3869444444E+00  0.8098531856E+05
  0.3872222222E+00  0.8103780853E+05
  0.3875000000E+00  0.8109029951E+05
  0.3877777778E+00  0.8114278949E+05
  0.3880555556E+00  0.8119528079E+05
  0.3883333333E+00  0.8124777176E+05
  0.3886111111E+00  0.8130026174E+05
  0.3888888889E+00  0.8135275316E+05
  0.3891666667E+00  0.8140524314E+05
  0.3894444444E+00  0.8145773412E+05
  0.3897222222E+00  0.8151022410E+05
  0.3900000000E+00  0.8156271541E+05
  0.3902777778E+00  0.8160644997E+05
  0.3905555556E+00  0.8165018387E+05
  0.3908333333E+00  0.8169391843E+05
  0.3911111111E+00  0.8173765222E+05
  0.3913888889E+00  0.8178138678E+05
  0.3916666667E+00  0.8182512069E+05
  0.3919444444E+00  0.8186885526E+05
  0.3922222222E+00  0.8191259016E+05
  0.3925000000E+00  0.8195632406E+05
  0.3927777778E+00  0.8200005862E+05
  0.3930555556E+00  0.8204379252E+05
  0.3933333333E+00  0.8208752697E+05
  0.3936111111E+00  0.8213126187E+05
  0.3938888889E+00  0.8217499543E+05
  0.3941666667E+00  0.8221873034E+05
  0.3944444444E+00  0.8226246391E+05
  0.3947222222E+00  0.8230619880E+05
  0.3950000000E+00  0.8234993337E+05
  0.3952777778E+00  0.8238127470E+05
  0.3955555556E+00  0.8241261615E+05
  0.3958333333E+00  0.8244395727E+05
  0.3961111111E+00  0.8247529872E+05
  0.3963888889E+00  0.8250663972E+05
  0.3966666667E+00  0.8253798116E+05
  0.3969444444E+00  0.8256932261E+05
  0.3972222222E+00  0.8260066473E+05
  0.3975000000E+00  0.8263200607E+05
  0.3977777778E+00  0.8266334718E+05
  0.3980555556E+00  0.8269468863E+05
  0.3983333333E+00  0.8272603007E+05
  0.3986111111E+00  0.8275737107E+05
  0.3988888889E+00  0.8278871253E+05
  0.3991666667E+00  0.8282005464E+05
  0.3994444444E+00  0.8285139598E+05
  0.3997222222E+00  0.8288273743E+05
  0.4000000000E+00  0.8291407853E+05
  0.4002777778E+00  0.8293056550E+05
  0.4005555556E+00  0.8294705246E+05
  0.4008333333E+00  0.8296353842E+05
  0.4011111111E+00  0.8298002538E+05
  0.4013888889E+00  0.8299651233E+05
  0.4016666667E+00  0.8301299930E+05
  0.4019444444E+00  0.8302948625E+05
  0.4022222222E+00  0.8304597221E+05
  0.4025000000E+00  0.8306245917E+05
  0.4027777778E+00  0.8307894613E+05
  0.4030555556E+00  0.8309543310E+05
  0.4033333333E+00  0.8311192005E+05
  0.4036111111E+00  0.8312840600E+05
  0.4038888889E+00  0.8314489297E+05
  0.4041666667E+00  0.8316137993E+05
  0.4044444444E+00  0.8317786688E+05
  0.4047222222E+00  0.8319435385E+05
  0.4050000000E+00  0.8321083981E+05
  0.4052777778E+00  0.8321132025E+05
  0.4055555556E+00  0.8321180057E+05
  0.4058333333E+00  0.8321228134E+05
  0.4061111111E+00  0.8321276178E+05
  0.4063888889E+00  0.8321324211E+05
  0.4066666667E+00  0.8321372255E+05
  0.4069444444E+00  0.8321420331E+05
  0.4072222222E+00  0.8321468376E+05
  0.4075000000E+00  0.8321516408E+05
  0.4077777778E+00  0.8321564452E+05
  0.4080555556E+00  0.8321612428E+05
  0.4083333333E+00  0.8321660462E+05
  0.4086111111E+00  0.8321708506E+05
  0.4088888889E+00  0.8321756549E+05
  0.4091666667E+00  0.8321804615E+05
  0.4094444444E+00  0.8321852659E+05
  0.4097222222E+00  0.8321900703E+05
  0.4100000000E+00  0.8321948746E+05
  0.4102777778E+00  0.8320405544E+05
  0.4105555556E+00  0.8318862209E+05
  0.4108333333E+00  0.8317318975E+05
  0.4111111111E+00  0.8315775762E+05
  0.4113888889E+00  0.8314232427E+05
  0.4116666667E+00  0.8312689192E+05
  0.4119444444E+00  0.8311145990E+05
  0.4122222222E+00  0.8309602755E+05
  0.4125000000E+00  0.8308059420E+05
  0.4127777778E+00  0.8306516185E+05
  0.4130555556E+00  0.8304972983E+05
  0.4133333333E+00  0.8303429748E+05
  0.4136111111E+00  0.8301886413E+05
  0.4138888889E+00  0.8300343212E+05
  0.4141666667E+00  0.8298799976E+05
  0.4144444444E+00  0.8297256641E+05
  0.4147222222E+00  0.8295713439E+05
  0.4150000000E+00  0.8294170204E+05
  0.4152777778E+00  0.8291157662E+05
  0.4155555556E+00  0.8288145121E+05
  0.4158333333E+00  0.8285132557E+05
  0.4161111111E+00  0.8282120013E+05
  0.4163888889E+00  0.8279107472E+05
  0.4166666667E+00  0.8276094930E+05
  0.4169444444E+00  0.8273082255E+05
  0.4172222222E+00  0.8270069713E+05
  0.4175000000E+00  0.8267057170E+05
  0.4177777778E+00  0.8264044628E+05
  0.4180555556E+00  0.8261032097E+05
  0.4183333333E+00  0.8258019522E+05
  0.4186111111E+00  0.8255006980E+05
  0.4188888889E+00  0.8251994438E+05
  0.4191666667E+00  0.8248981895E+05
  0.4194444444E+00  0.8245969353E+05
  0.4197222222E+00  0.8242956778E+05
  0.4200000000E+00  0.8239944248E+05
  0.4202777778E+00  0.8235682464E+05
  0.4205555556E+00  0.8231420647E+05
  0.4208333333E+00  0.8227158962E+05
  0.4211111111E+00  0.8222897190E+05
  0.4213888889E+00  0.8218635372E+05
  0.4216666667E+00  0.8214373688E+05
  0.4219444444E+00  0.8210111904E+05
  0.4222222222E+00  0.8205850097E+05
  0.4225000000E+00  0.8201588314E+05
  0.4227777778E+00  0.8197326597E+05
  0.4230555556E+00  0.8193064812E+05
  0.4233333333E+00  0.8188803040E+05
  0.4236111111E+00  0.8184541323E+05
  0.4238888889E+00  0.8180279539E+05
  0.4241666667E+00  0.8176017755E+05
  0.4244444444E+00  0.8171755949E+05
  0.4247222222E+00  0.8167494265E+05
  0.4250000000E+00  0.8163232448E+05
  0.4252777778E+00  0.8158015013E+05
  0.4255555556E+00  0.8152797577E+05
  0.4258333333E+00  0.8147580165E+05
  0.4261111111E+00  0.8142362731E+05
  0.4263888889E+00  0.8137145296E+05
  0.4266666667E+00  0.8131927861E+05
  0.4269444444E+00  0.8126710426E+05
  0.4272222222E+00  0.8121492981E+05
  0.4275000000E+00  0.8116275645E+05
  0.4277777778E+00  0.8111058210E+05
  0.4280555556E+00  0.8105840775E+05
  0.4283333333E+00  0.8100623341E+05
  0.4286111111E+00  0.8095405907E+05
  0.4288888889E+00  0.8090188460E+05
  0.4291666667E+00  0.8084971025E+05
  0.4294444444E+00  0.8079753591E+05
  0.4297222222E+00  0.8074536156E+05
  0.4300000000E+00  0.8069318721E+05
  0.4302777778E+00  0.8063487143E+05
  0.4305555556E+00  0.8057655666E+05
  0.4308333333E+00  0.8051824055E+05
  0.4311111111E+00  0.8045992577E+05
  0.4313888889E+00  0.8040160999E+05
  0.4316666667E+00  0.8034329434E+05
  0.4319444444E+00  0.8028497956E+05
  0.4322222222E+00  0.8022666344E+05
  0.4325000000E+00  0.8016834866E+05
  0.4327777778E+00  0.8011003289E+05
  0.4330555556E+00  0.8005171712E+05
  0.4333333333E+00  0.7999340245E+05
  0.4336111111E+00  0.7993508633E+05
  0.4338888889E+00  0.7987677056E+05
  0.4341666667E+00  0.7981845578E+05
  0.4344444444E+00  0.7976014001E+05
  0.4347222222E+00  0.7970182523E+05
  0.4350000000E+00  0.7964350922E+05
  0.4352777778E+00  0.7958266780E+05
  0.4355555556E+00  0.7952182593E+05
  0.4358333333E+00  0.7946098350E+05
  0.4361111111E+00  0.7940014175E+05
  0.4363888889E+00  0.7933929998E+05
  0.4366666667E+00  0.7927845855E+05
  0.4369444444E+00  0.7921761679E+05
  0.4372222222E+00  0.7915677537E+05
  0.4375000000E+00  0.7909593260E+05
  0.4377777778E+00  0.7903509117E+05
  0.4380555556E+00  0.7897424942E+05
  0.4383333333E+00  0.7891340766E+05
  0.4386111111E+00  0.7885256623E+05
  0.4388888889E+00  0.7879172446E+05
  0.4391666667E+00  0.7873088304E+05
  0.4394444444E+00  0.7867004028E+05
  0.4397222222E+00  0.7860919905E+05
  0.4400000000E+00  0.7854835697E+05
  0.4402777778E+00  0.7848854994E+05
  0.4405555556E+00  0.7842874290E+05
  0.4408333333E+00  0.7836893544E+05
  0.4411111111E+00  0.7830912840E+05
  0.4413888889E+00  0.7824932114E+05
  0.4416666667E+00  0.7818951411E+05
  0.4419444444E+00  0.7812970707E+05
  0.4422222222E+00  0.7806989994E+05
  0.4425000000E+00  0.7801009256E+05
  0.4427777778E+00  0.7795028531E+05
  0.4430555556E+00  0.7789047828E+05
  0.4433333333E+00  0.7783067124E+05
  0.4436111111E+00  0.7777086410E+05
  0.4438888889E+00  0.7771105662E+05
  0.4441666667E+00  0.7765124948E+05
  0.4444444444E+00  0.7759144245E+05
  0.4447222222E+00  0.7753163540E+05
  0.4450000000E+00  0.7747182827E+05
  0.4452777778E+00  0.7741625392E+05
  0.4455555556E+00  0.7736067969E+05
  0.4458333333E+00  0.7730510513E+05
  0.4461111111E+00  0.7724953078E+05
  0.4463888889E+00  0.7719395655E+05
  0.4466666667E+00  0.7713838231E+05
  0.4469444444E+00  0.7708280797E+05
  0.4472222222E+00  0.7702723373E+05
  0.4475000000E+00  0.7697165950E+05
  0.4477777778E+00  0.7691608526E+05
  0.4480555556E+00  0.7686051060E+05
  0.4483333333E+00  0.7680493636E+05
  0.4486111111E+00  0.7674936213E+05
  0.4488888889E+00  0.7669378778E+05
  0.4491666667E+00  0.7663821354E+05
  0.4494444444E+00  0.7658263931E+05
  0.4497222222E+00  0.7652706496E+05
  0.4500000000E+00  0.7647149073E+05
  0.4502777778E+00  0.7642282511E+05
  0.4505555556E+00  0.7637415971E+05
  0.4508333333E+00  0.7632549443E+05
  0.4511111111E+00  0.7627682913E+05
  0.4513888889E+00  0.7622816350E+05
  0.4516666667E+00  0.7617949810E+05
  0.4519444444E+00  0.7613083282E+05
  0.4522222222E+00  0.7608216751E+05
  0.4525000000E+00  0.7603350178E+05
  0.4527777778E+00  0.7598483649E+05
  0.4530555556E+00  0.7593617109E+05
  0.4533333333E+00  0.7588750580E+05
  0.4536111111E+00  0.7583884051E+05
  0.4538888889E+00  0.7579017489E+05
  0.4541666667E+00  0.7574150948E+05
  0.4544444444E+00  0.7569284419E+05
  0.4547222222E+00  0.7564417889E+05
  0.4550000000E+00  0.7559551327E+05
  0.4552777778E+00  0.7555574342E+05
  0.4555555556E+00  0.7551597333E+05
  0.4558333333E+00  0.7547620315E+05
  0.4561111111E+00  0.7543643341E+05
  0.4563888889E+00  0.7539666322E+05
  0.4566666667E+00  0.7535689324E+05
  0.4569444444E+00  0.7531712304E+05
  0.4572222222E+00  0.7527735330E+05
  0.4575000000E+00  0.7523758312E+05
  0.4577777778E+00  0.7519781304E+05
  0.4580555556E+00  0.7515804319E+05
  0.4583333333E+00  0.7511827311E+05
  0.4586111111E+00  0.7507850291E+05
  0.4588888889E+00  0.7503873318E+05
  0.4591666667E+00  0.7499896309E+05
  0.4594444444E+00  0.7495919301E+05
  0.4597222222E+00  0.7491942282E+05
  0.4600000000E+00  0.7487965296E+05
  0.4602777778E+00  0.7484994459E+05
  0.4605555556E+00  0.7482023588E+05
  0.4608333333E+00  0.7479052751E+05
  0.4611111111E+00  0.7476081902E+05
  0.4613888889E+00  0.7473111065E+05
  0.4616666667E+00  0.7470140227E+05
  0.4619444444E+00  0.7467169356E+05
  0.4622222222E+00  0.7464198518E+05
  0.4625000000E+00  0.7461227682E+05
  0.4627777778E+00  0.7458256844E+05
  0.4630555556E+00  0.7455285996E+05
  0.4633333333E+00  0.7452315125E+05
  0.4636111111E+00  0.7449344288E+05
  0.4638888889E+00  0.7446373450E+05
  0.4641666667E+00  0.7443402602E+05
  0.4644444444E+00  0.7440431764E+05
  0.4647222222E+00  0.7437460894E+05
  0.4650000000E+00  0.7434490045E+05
  0.4652777778E+00  0.7432557312E+05
  0.4655555556E+00  0.7430624578E+05
  0.4658333333E+00  0.7428691799E+05
  0.4661111111E+00  0.7426759064E+05
  0.4663888889E+00  0.7424826319E+05
  0.4666666667E+00  0.7422893551E+05
  0.4669444444E+00  0.7420960806E+05
  0.4672222222E+00  0.7419028073E+05
  0.4675000000E+00  0.7417095327E+05
  0.4677777778E+00  0.7415162560E+05
  0.4680555556E+00  0.7413229825E+05
  0.4683333333E+00  0.7411297080E+05
  0.4686111111E+00  0.7409364312E+05
  0.4688888889E+00  0.7407431567E+05
  0.4691666667E+00  0.7405498834E+05
  0.4694444444E+00  0.7403566055E+05
  0.4697222222E+00  0.7401633320E+05
  0.4700000000E+00  0.7399700586E+05
  0.4702777778E+00  0.7398754771E+05
  0.4705555556E+00  0.7397808945E+05
  0.4708333333E+00  0.7396863130E+05
  0.4711111111E+00  0.7395917315E+05
  0.4713888889E+00  0.7394971533E+05
  0.4716666667E+00  0.7394025718E+05
  0.4719444444E+00  0.7393079903E+05
  0.4722222222E+00  0.7392134088E+05
  0.4725000000E+00  0.7391188273E+05
  0.4727777778E+00  0.7390242457E+05
  0.4730555556E+00  0.7389296642E+05
  0.4733333333E+00  0.7388350861E+05
  0.4736111111E+00  0.7387405046E+05
  0.4738888889E+00  0.7386459230E+05
  0.4741666667E+00  0.7385513404E+05
  0.4744444444E+00  0.7384567589E+05
  0.4747222222E+00  0.7383621774E+05
  0.4750000000E+00  0.7382675959E+05
  0.4752777778E+00  0.7382593000E+05
  0.4755555556E+00  0.7382510008E+05
  0.4758333333E+00  0.7382427027E+05
  0.4761111111E+00  0.7382344035E+05
  0.4763888889E+00  0.7382261076E+05
  0.4766666667E+00  0.7382178085E+05
  0.4769444444E+00  0.7382095092E+05
  0.4772222222E+00  0.7382012101E+05
  0.4775000000E+00  0.7381929108E+05
  0.4777777778E+00  0.7381846160E+05
  0.4780555556E+00  0.7381763167E+05
  0.4783333333E+00  0.7381680175E+05
  0.4786111111E+00  0.7381597194E+05
  0.4788888889E+00  0.7381514235E+05
  0.4791666667E+00  0.7381431244E+05
  0.4794444444E+00  0.7381348251E+05
  0.4797222222E+00  0.7381265260E+05
  0.4800000000E+00  0.7381182300E+05
  0.4802777778E+00  0.7381775293E+05
  0.4805555556E+00  0.7382368309E+05
  0.4808333333E+00  0.7382961325E+05
  0.4811111111E+00  0.7383554330E+05
  0.4813888889E+00  0.7384147313E+05
  0.4816666667E+00  0.7384740339E+05
  0.4819444444E+00  0.7385333355E+05
  0.4822222222E+00  0.7385926370E+05
  0.4825000000E+00  0.7386519342E+05
  0.4827777778E+00  0.7387112368E+05
  0.4830555556E+00  0.7387705384E+05
  0.4833333333E+00  0.7388298367E+05
  0.4836111111E+00  0.7388891383E+05
  0.4838888889E+00  0.7389484388E+05
  0.4841666667E+00  0.7390077414E+05
  0.4844444444E+00  0.7390670396E+05
  0.4847222222E+00  0.7391263412E+05
  0.4850000000E+00  0.7391856428E+05
  0.4852777778E+00  0.7392896871E+05
  0.4855555556E+00  0.7393937291E+05
  0.4858333333E+00  0.7394977722E+05
  0.4861111111E+00  0.7396018165E+05
  0.4863888889E+00  0.7397058596E+05
  0.4866666667E+00  0.7398099027E+05
  0.4869444444E+00  0.7399139470E+05
  0.4872222222E+00  0.7400179890E+05
  0.4875000000E+00  0.7401220322E+05
  0.4877777778E+00  0.7402260764E+05
  0.4880555556E+00  0.7403301195E+05
  0.4883333333E+00  0.7404341628E+05
  0.4886111111E+00  0.7405382069E+05
  0.4888888889E+00  0.7406422500E+05
  0.4891666667E+00  0.7407462921E+05
  0.4894444444E+00  0.7408503363E+05
  0.4897222222E+00  0.7409543827E+05
  0.4900000000E+00  0.7410584260E+05
  0.4902777778E+00  0.7411818758E+05
  0.4905555556E+00  0.7413053258E+05
  0.4908333333E+00  0.7414287779E+05
  0.4911111111E+00  0.7415522267E+05
  0.4913888889E+00  0.7416756800E+05
  0.4916666667E+00  0.7417991288E+05
  0.4919444444E+00  0.7419225787E+05
  0.4922222222E+00  0.7420460319E+05
  0.4925000000E+00  0.7421694807E+05
  0.4927777778E+00  0.7422929339E+05
  0.4930555556E+00  0.7424163828E+05
  0.4933333333E+00  0.7425398350E+05
  0.4936111111E+00  0.7426632850E+05
  0.4938888889E+00  0.7427867337E+05
  0.4941666667E+00  0.7429101880E+05
  0.4944444444E+00  0.7430336369E+05
  0.4947222222E+00  0.7431570890E+05
  0.4950000000E+00  0.7432805389E+05
