  0.1027777778E-01  0.2259241197E+08
  0.1055555556E-01  0.2256274395E+08
  0.1083333333E-01  0.2253307629E+08
  0.1111111111E-01  0.2250340838E+08
  0.1138888889E-01  0.2247374060E+08
  0.1166666667E-01  0.2244407270E+08
  0.1194444444E-01  0.2241440492E+08
  0.1222222222E-01  0.2238473692E+08
  0.1250000000E-01  0.2235506924E+08
  0.1277777778E-01  0.2232540124E+08
  0.1305555556E-01  0.2229573356E+08
  0.1333333333E-01  0.2226606556E+08
  0.1361111111E-01  0.2223639778E+08
  0.1388888889E-01  0.2220672988E+08
  0.1416666667E-01  0.2217706210E+08
  0.1444444444E-01  0.2214739419E+08
  0.1472222222E-01  0.2211772643E+08
  0.1500000000E-01  0.2208805876E+08
  0.1527777778E-01  0.2204769291E+08
  0.1555555556E-01  0.2200732732E+08
  0.1583333333E-01  0.2196696160E+08
  0.1611111111E-01  0.2192659600E+08
  0.1638888889E-01  0.2188623039E+08
  0.1666666667E-01  0.2184586445E+08
  0.1694444444E-01  0.2180549874E+08
  0.1722222222E-01  0.2176513313E+08
  0.1750000000E-01  0.2172476754E+08
  0.1777777778E-01  0.2168440159E+08
  0.1805555556E-01  0.2164403600E+08
  0.1833333333E-01  0.2160367038E+08
  0.1861111111E-01  0.2156330478E+08
  0.1888888889E-01  0.2152293917E+08
  0.1916666667E-01  0.2148257324E+08
  0.1944444444E-01  0.2144220752E+08
  0.1972222222E-01  0.2140184192E+08
  0.2000000000E-01  0.2136147632E+08
  0.2027777778E-01  0.2131150435E+08
  0.2055555556E-01  0.2126153272E+08
  0.2083333333E-01  0.2121156075E+08
  0.2111111111E-01  0.2116158878E+08
  0.2138888889E-01  0.2111161715E+08
  0.2166666667E-01  0.2106164518E+08
  0.2194444444E-01  0.2101167321E+08
  0.2222222222E-01  0.2096170158E+08
  0.2250000000E-01  0.2091172951E+08
  0.2277777778E-01  0.2086175754E+08
  0.2305555556E-01  0.2081178591E+08
  0.2333333333E-01  0.2076181394E+08
  0.2361111111E-01  0.2071184207E+08
  0.2388888889E-01  0.2066187044E+08
  0.2416666667E-01  0.2061189837E+08
  0.2444444444E-01  0.2056192639E+08
  0.2472222222E-01  0.2051195476E+08
  0.2500000000E-01  0.2046198280E+08
  0.2527777778E-01  0.2040374114E+08
  0.2555555556E-01  0.2034550005E+08
  0.2583333333E-01  0.2028725839E+08
  0.2611111111E-01  0.2022901686E+08
  0.2638888889E-01  0.2017077530E+08
  0.2666666667E-01  0.2011253410E+08
  0.2694444444E-01  0.2005429245E+08
  0.2722222222E-01  0.1999605101E+08
  0.2750000000E-01  0.1993780981E+08
  0.2777777778E-01  0.1987956816E+08
  0.2805555556E-01  0.1982132663E+08
  0.2833333333E-01  0.1976308507E+08
  0.2861111111E-01  0.1970484387E+08
  0.2888888889E-01  0.1964660222E+08
  0.2916666667E-01  0.1958836078E+08
  0.2944444444E-01  0.1953011946E+08
  0.2972222222E-01  0.1947187793E+08
  0.3000000000E-01  0.1941363637E+08
  0.3027777778E-01  0.1934864797E+08
  0.3055555556E-01  0.1928365924E+08
  0.3083333333E-01  0.1921867082E+08
  0.3111111111E-01  0.1915368242E+08
  0.3138888889E-01  0.1908869401E+08
  0.3166666667E-01  0.1902370526E+08
  0.3194444444E-01  0.1895871686E+08
  0.3222222222E-01  0.1889372846E+08
  0.3250000000E-01  0.1882873973E+08
  0.3277777778E-01  0.1876375130E+08
  0.3305555556E-01  0.1869876290E+08
  0.3333333333E-01  0.1863377416E+08
  0.3361111111E-01  0.1856878575E+08
  0.3388888889E-01  0.1850379735E+08
  0.3416666667E-01  0.1843880862E+08
  0.3444444444E-01  0.1837382030E+08
  0.3472222222E-01  0.1830883179E+08
  0.3500000000E-01  0.1824384305E+08
  0.3527777778E-01  0.1817373079E+08
  0.3555555556E-01  0.1810361819E+08
  0.3583333333E-01  0.1803350583E+08
  0.3611111111E-01  0.1796339323E+08
  0.3638888889E-01  0.1789328052E+08
  0.3666666667E-01  0.1782316827E+08
  0.3694444444E-01  0.1775305556E+08
  0.3722222222E-01  0.1768294330E+08
  0.3750000000E-01  0.1761283071E+08
  0.3777777778E-01  0.1754271834E+08
  0.3805555556E-01  0.1747260574E+08
  0.3833333333E-01  0.1740249315E+08
  0.3861111111E-01  0.1733238078E+08
  0.3888888889E-01  0.1726226808E+08
  0.3916666667E-01  0.1719215582E+08
  0.3944444444E-01  0.1712204322E+08
  0.3972222222E-01  0.1705193052E+08
  0.4000000000E-01  0.1698181826E+08
  0.4027777778E-01  0.1690827220E+08
  0.4055555556E-01  0.1683472613E+08
  0.4083333333E-01  0.1676118052E+08
  0.4111111111E-01  0.1668763436E+08
  0.4138888889E-01  0.1661408828E+08
  0.4166666667E-01  0.1654054267E+08
  0.4194444444E-01  0.1646699650E+08
  0.4222222222E-01  0.1639345055E+08
  0.4250000000E-01  0.1631990449E+08
  0.4277777778E-01  0.1624635865E+08
  0.4305555556E-01  0.1617281270E+08
  0.4333333333E-01  0.1609926664E+08
  0.4361111111E-01  0.1602572092E+08
  0.4388888889E-01  0.1595217486E+08
  0.4416666667E-01  0.1587862890E+08
  0.4444444444E-01  0.1580508273E+08
  0.4472222222E-01  0.1573153700E+08
  0.4500000000E-01  0.1565799105E+08
  0.4527777778E-01  0.1558268876E+08
  0.4555555556E-01  0.1550738657E+08
  0.4583333333E-01  0.1543208438E+08
  0.4611111111E-01  0.1535678219E+08
  0.4638888889E-01  0.1528148000E+08
  0.4666666667E-01  0.1520617736E+08
  0.4694444444E-01  0.1513087529E+08
  0.4722222222E-01  0.1505557299E+08
  0.4750000000E-01  0.1498027081E+08
  0.4777777778E-01  0.1490496862E+08
  0.4805555556E-01  0.1482966643E+08
  0.4833333333E-01  0.1475436424E+08
  0.4861111111E-01  0.1467906194E+08
  0.4888888889E-01  0.1460375986E+08
  0.4916666667E-01  0.1452845757E+08
  0.4944444444E-01  0.1445315538E+08
  0.4972222222E-01  0.1437785296E+08
  0.5000000000E-01  0.1430255067E+08
  0.5027777778E-01  0.1422709962E+08
  0.5055555556E-01  0.1415164846E+08
  0.5083333333E-01  0.1407619741E+08
  0.5111111111E-01  0.1400074635E+08
  0.5138888889E-01  0.1392529553E+08
  0.5166666667E-01  0.1384984448E+08
  0.5194444444E-01  0.1377439343E+08
  0.5222222222E-01  0.1369894227E+08
  0.5250000000E-01  0.1362349122E+08
  0.5277777778E-01  0.1354804017E+08
  0.5305555556E-01  0.1347258911E+08
  0.5333333333E-01  0.1339713795E+08
  0.5361111111E-01  0.1332168690E+08
  0.5388888889E-01  0.1324623576E+08
  0.5416666667E-01  0.1317078459E+08
  0.5444444444E-01  0.1309533354E+08
  0.5472222222E-01  0.1301988249E+08
  0.5500000000E-01  0.1294443133E+08
  0.5527777778E-01  0.1287031392E+08
  0.5555555556E-01  0.1279619617E+08
  0.5583333333E-01  0.1272207876E+08
  0.5611111111E-01  0.1264796135E+08
  0.5638888889E-01  0.1257384397E+08
  0.5666666667E-01  0.1249972657E+08
  0.5694444444E-01  0.1242560909E+08
  0.5722222222E-01  0.1235149161E+08
  0.5750000000E-01  0.1227737413E+08
  0.5777777778E-01  0.1220325662E+08
  0.5805555556E-01  0.1212913914E+08
  0.5833333333E-01  0.1205502166E+08
  0.5861111111E-01  0.1198090419E+08
  0.5888888889E-01  0.1190678670E+08
  0.5916666667E-01  0.1183266919E+08
  0.5944444444E-01  0.1175855171E+08
  0.5972222222E-01  0.1168443424E+08
  0.6000000000E-01  0.1161031676E+08
  0.6027777778E-01  0.1153885118E+08
  0.6055555556E-01  0.1146738564E+08
  0.6083333333E-01  0.1139591996E+08
  0.6111111111E-01  0.1132445441E+08
  0.6138888889E-01  0.1125298884E+08
  0.6166666667E-01  0.1118152330E+08
  0.6194444444E-01  0.1111005762E+08
  0.6222222222E-01  0.1103859208E+08
  0.6250000000E-01  0.1096712650E+08
  0.6277777778E-01  0.1089566096E+08
  0.6305555556E-01  0.1082419538E+08
  0.6333333333E-01  0.1075272974E+08
  0.6361111111E-01  0.1068126416E+08
  0.6388888889E-01  0.1060979863E+08
  0.6416666667E-01  0.1053833299E+08
  0.6444444444E-01  0.1046686749E+08
  0.6472222222E-01  0.1039540186E+08
  0.6500000000E-01  0.1032393634E+08
  0.6527777778E-01  0.1025623428E+08
  0.6555555556E-01  0.1018853222E+08
  0.6583333333E-01  0.1012083031E+08
  0.6611111111E-01  0.1005312824E+08
  0.6638888889E-01  0.9985426284E+07
  0.6666666667E-01  0.9917724225E+07
  0.6694444444E-01  0.9850022165E+07
  0.6722222222E-01  0.9782320236E+07
  0.6750000000E-01  0.9714618177E+07
  0.6777777778E-01  0.9646916218E+07
  0.6805555556E-01  0.9579214158E+07
  0.6833333333E-01  0.9511512129E+07
  0.6861111111E-01  0.9443810170E+07
  0.6888888889E-01  0.9376108111E+07
  0.6916666667E-01  0.9308406151E+07
  0.6944444444E-01  0.9240704089E+07
  0.6972222222E-01  0.9173002063E+07
  0.7000000000E-01  0.9105300103E+07
  0.7027777778E-01  0.9042248141E+07
  0.7055555556E-01  0.8979196182E+07
  0.7083333333E-01  0.8916144187E+07
  0.7111111111E-01  0.8853092228E+07
  0.7138888889E-01  0.8790040266E+07
  0.7166666667E-01  0.8726988303E+07
  0.7194444444E-01  0.8663936345E+07
  0.7222222222E-01  0.8600884382E+07
  0.7250000000E-01  0.8537832390E+07
  0.7277777778E-01  0.8474780427E+07
  0.7305555556E-01  0.8411728365E+07
  0.7333333333E-01  0.8348676406E+07
  0.7361111111E-01  0.8285624444E+07
  0.7388888889E-01  0.8222572485E+07
  0.7416666667E-01  0.8159520489E+07
  0.7444444444E-01  0.8096468527E+07
  0.7472222222E-01  0.8033416568E+07
  0.7500000000E-01  0.7970364606E+07
  0.7527777778E-01  0.7912607682E+07
  0.7555555556E-01  0.7854850788E+07
  0.7583333333E-01  0.7797093864E+07
  0.7611111111E-01  0.7739336974E+07
  0.7638888889E-01  0.7681579980E+07
  0.7666666667E-01  0.7623823055E+07
  0.7694444444E-01  0.7566066163E+07
  0.7722222222E-01  0.7508309237E+07
  0.7750000000E-01  0.7450552357E+07
  0.7777777778E-01  0.7392795332E+07
  0.7805555556E-01  0.7335038440E+07
  0.7833333333E-01  0.7277281514E+07
  0.7861111111E-01  0.7219524623E+07
  0.7888888889E-01  0.7161767698E+07
  0.7916666667E-01  0.7104010705E+07
  0.7944444444E-01  0.7046253780E+07
  0.7972222222E-01  0.6988496889E+07
  0.8000000000E-01  0.6930739964E+07
  0.8027777778E-01  0.6878686114E+07
  0.8055555556E-01  0.6826632253E+07
  0.8083333333E-01  0.6774578392E+07
  0.8111111111E-01  0.6722524544E+07
  0.8138888889E-01  0.6670470683E+07
  0.8166666667E-01  0.6618416822E+07
  0.8194444444E-01  0.6566362973E+07
  0.8222222222E-01  0.6514309113E+07
  0.8250000000E-01  0.6462255252E+07
  0.8277777778E-01  0.6410201402E+07
  0.8305555556E-01  0.6358147542E+07
  0.8333333333E-01  0.6306093692E+07
  0.8361111111E-01  0.6254039898E+07
  0.8388888889E-01  0.6201986037E+07
  0.8416666667E-01  0.6149932189E+07
  0.8444444444E-01  0.6097878328E+07
  0.8472222222E-01  0.6045824467E+07
  0.8500000000E-01  0.5993770617E+07
  0.8527777778E-01  0.5947596350E+07
  0.8555555556E-01  0.5901422116E+07
  0.8583333333E-01  0.5855247860E+07
  0.8611111111E-01  0.5809073692E+07
  0.8638888889E-01  0.5762899436E+07
  0.8666666667E-01  0.5716725202E+07
  0.8694444444E-01  0.5670550946E+07
  0.8722222222E-01  0.5624376679E+07
  0.8750000000E-01  0.5578202411E+07
  0.8777777778E-01  0.5532028288E+07
  0.8805555556E-01  0.5485854010E+07
  0.8833333333E-01  0.5439679773E+07
  0.8861111111E-01  0.5393505559E+07
  0.8888888889E-01  0.5347331302E+07
  0.8916666667E-01  0.5301157066E+07
  0.8944444444E-01  0.5254982819E+07
  0.8972222222E-01  0.5208808616E+07
  0.9000000000E-01  0.5162634368E+07
  0.9027777778E-01  0.5122307797E+07
  0.9055555556E-01  0.5081981249E+07
  0.9083333333E-01  0.5041654678E+07
  0.9111111111E-01  0.5001328152E+07
  0.9138888889E-01  0.4961001580E+07
  0.9166666667E-01  0.4920675033E+07
  0.9194444444E-01  0.4880348462E+07
  0.9222222222E-01  0.4840021890E+07
  0.9250000000E-01  0.4799695342E+07
  0.9277777778E-01  0.4759368772E+07
  0.9305555556E-01  0.4719042234E+07
  0.9333333333E-01  0.4678715652E+07
  0.9361111111E-01  0.4638389115E+07
  0.9388888889E-01  0.4598062555E+07
  0.9416666667E-01  0.4557736017E+07
  0.9444444444E-01  0.4517409435E+07
  0.9472222222E-01  0.4477082865E+07
  0.9500000000E-01  0.4436756327E+07
  0.9527777778E-01  0.4402062895E+07
  0.9555555556E-01  0.4367369453E+07
  0.9583333333E-01  0.4332676020E+07
  0.9611111111E-01  0.4297982577E+07
  0.9638888889E-01  0.4263289145E+07
  0.9666666667E-01  0.4228595712E+07
  0.9694444444E-01  0.4193902280E+07
  0.9722222222E-01  0.4159208848E+07
  0.9750000000E-01  0.4124515416E+07
  0.9777777778E-01  0.4089822017E+07
  0.9805555556E-01  0.4055128585E+07
  0.9833333333E-01  0.4020435143E+07
  0.9861111111E-01  0.3985741699E+07
  0.9888888889E-01  0.3951048267E+07
  0.9916666667E-01  0.3916354835E+07
  0.9944444444E-01  0.3881661402E+07
  0.9972222222E-01  0.3846967970E+07
  0.1000000000E+00  0.3812274538E+07
  0.1002777778E+00  0.3782847652E+07
  0.1005555556E+00  0.3753420763E+07
  0.1008333333E+00  0.3723993843E+07
  0.1011111111E+00  0.3694566955E+07
  0.1013888889E+00  0.3665140068E+07
  0.1016666667E+00  0.3635713180E+07
  0.1019444444E+00  0.3606286270E+07
  0.1022222222E+00  0.3576859372E+07
  0.1025000000E+00  0.3547432485E+07
  0.1027777778E+00  0.3518005575E+07
  0.1030555556E+00  0.3488578676E+07
  0.1033333333E+00  0.3459151799E+07
  0.1036111111E+00  0.3429724912E+07
  0.1038888889E+00  0.3400297981E+07
  0.1041666667E+00  0.3370871104E+07
  0.1044444444E+00  0.3341444216E+07
  0.1047222222E+00  0.3312017329E+07
  0.1050000000E+00  0.3282590408E+07
  0.1052777778E+00  0.3257952608E+07
  0.1055555556E+00  0.3233314828E+07
  0.1058333333E+00  0.3208677027E+07
  0.1061111111E+00  0.3184039226E+07
  0.1063888889E+00  0.3159401435E+07
  0.1066666667E+00  0.3134763645E+07
  0.1069444444E+00  0.3110125846E+07
  0.1072222222E+00  0.3085488055E+07
  0.1075000000E+00  0.3060850254E+07
  0.1077777778E+00  0.3036212464E+07
  0.1080555556E+00  0.3011574663E+07
  0.1083333333E+00  0.2986936872E+07
  0.1086111111E+00  0.2962299083E+07
  0.1088888889E+00  0.2937661282E+07
  0.1091666667E+00  0.2913023491E+07
  0.1094444444E+00  0.2888385690E+07
  0.1097222222E+00  0.2863747901E+07
  0.1100000000E+00  0.2839110110E+07
  0.1102777778E+00  0.2818703953E+07
  0.1105555556E+00  0.2798297797E+07
  0.1108333333E+00  0.2777891641E+07
  0.1111111111E+00  0.2757485495E+07
  0.1113888889E+00  0.2737079338E+07
  0.1116666667E+00  0.2716673182E+07
  0.1119444444E+00  0.2696267026E+07
  0.1122222222E+00  0.2675860869E+07
  0.1125000000E+00  0.2655454723E+07
  0.1127777778E+00  0.2635048567E+07
  0.1130555556E+00  0.2614642411E+07
  0.1133333333E+00  0.2594236255E+07
  0.1136111111E+00  0.2573830098E+07
  0.1138888889E+00  0.2553423952E+07
  0.1141666667E+00  0.2533017796E+07
  0.1144444444E+00  0.2512611639E+07
  0.1147222222E+00  0.2492205494E+07
  0.1150000000E+00  0.2471799338E+07
  0.1152777778E+00  0.2455027471E+07
  0.1155555556E+00  0.2438255604E+07
  0.1158333333E+00  0.2421483781E+07
  0.1161111111E+00  0.2404711913E+07
  0.1163888889E+00  0.2387940057E+07
  0.1166666667E+00  0.2371168214E+07
  0.1169444444E+00  0.2354396357E+07
  0.1172222222E+00  0.2337624490E+07
  0.1175000000E+00  0.2320852656E+07
  0.1177777778E+00  0.2304080800E+07
  0.1180555556E+00  0.2287308933E+07
  0.1183333333E+00  0.2270537100E+07
  0.1186111111E+00  0.2253765233E+07
  0.1188888889E+00  0.2236993377E+07
  0.1191666667E+00  0.2220221543E+07
  0.1194444444E+00  0.2203449687E+07
  0.1197222222E+00  0.2186677819E+07
  0.1200000000E+00  0.2169905975E+07
  0.1202777778E+00  0.2156162819E+07
  0.1205555556E+00  0.2142419652E+07
  0.1208333333E+00  0.2128676451E+07
  0.1211111111E+00  0.2114933283E+07
  0.1213888889E+00  0.2101190116E+07
  0.1216666667E+00  0.2087446938E+07
  0.1219444444E+00  0.2073703771E+07
  0.1222222222E+00  0.2059960603E+07
  0.1225000000E+00  0.2046217447E+07
  0.1227777778E+00  0.2032474279E+07
  0.1230555556E+00  0.2018731102E+07
  0.1233333333E+00  0.2004987935E+07
  0.1236111111E+00  0.1991244767E+07
  0.1238888889E+00  0.1977501599E+07
  0.1241666667E+00  0.1963758399E+07
  0.1244444444E+00  0.1950015242E+07
  0.1247222222E+00  0.1936272065E+07
  0.1250000000E+00  0.1922528897E+07
  0.1252777778E+00  0.1911229397E+07
  0.1255555556E+00  0.1899929886E+07
  0.1258333333E+00  0.1888630342E+07
  0.1261111111E+00  0.1877330841E+07
  0.1263888889E+00  0.1866031331E+07
  0.1266666667E+00  0.1854731819E+07
  0.1269444444E+00  0.1843432275E+07
  0.1272222222E+00  0.1832132774E+07
  0.1275000000E+00  0.1820833264E+07
  0.1277777778E+00  0.1809533753E+07
  0.1280555556E+00  0.1798234219E+07
  0.1283333333E+00  0.1786934708E+07
  0.1286111111E+00  0.1775635208E+07
  0.1288888889E+00  0.1764335697E+07
  0.1291666667E+00  0.1753036153E+07
  0.1294444444E+00  0.1741736653E+07
  0.1297222222E+00  0.1730437142E+07
  0.1300000000E+00  0.1719137641E+07
  0.1302777778E+00  0.1709742378E+07
  0.1305555556E+00  0.1700347105E+07
  0.1308333333E+00  0.1690951865E+07
  0.1311111111E+00  0.1681556602E+07
  0.1313888889E+00  0.1672161339E+07
  0.1316666667E+00  0.1662766110E+07
  0.1319444444E+00  0.1653370847E+07
  0.1322222222E+00  0.1643975584E+07
  0.1325000000E+00  0.1634580321E+07
  0.1327777778E+00  0.1625185092E+07
  0.1330555556E+00  0.1615789819E+07
  0.1333333333E+00  0.1606394556E+07
  0.1336111111E+00  0.1596999326E+07
  0.1338888889E+00  0.1587604064E+07
  0.1341666667E+00  0.1578208801E+07
  0.1344444444E+00  0.1568813571E+07
  0.1347222222E+00  0.1559418308E+07
  0.1350000000E+00  0.1550023045E+07
  0.1352777778E+00  0.1542054632E+07
  0.1355555556E+00  0.1534086240E+07
  0.1358333333E+00  0.1526117827E+07
  0.1361111111E+00  0.1518149435E+07
  0.1363888889E+00  0.1510181033E+07
  0.1366666667E+00  0.1502212630E+07
  0.1369444444E+00  0.1494244228E+07
  0.1372222222E+00  0.1486275836E+07
  0.1375000000E+00  0.1478307423E+07
  0.1377777778E+00  0.1470339031E+07
  0.1380555556E+00  0.1462370629E+07
  0.1383333333E+00  0.1454402226E+07
  0.1386111111E+00  0.1446433834E+07
  0.1388888889E+00  0.1438465432E+07
  0.1391666667E+00  0.1430497029E+07
  0.1394444444E+00  0.1422528627E+07
  0.1397222222E+00  0.1414560201E+07
  0.1400000000E+00  0.1406591788E+07
  0.1402777778E+00  0.1399647619E+07
  0.1405555556E+00  0.1392703461E+07
  0.1408333333E+00  0.1385759268E+07
  0.1411111111E+00  0.1378815099E+07
  0.1413888889E+00  0.1371870929E+07
  0.1416666667E+00  0.1364926760E+07
  0.1419444444E+00  0.1357982568E+07
  0.1422222222E+00  0.1351038399E+07
  0.1425000000E+00  0.1344094240E+07
  0.1427777778E+00  0.1337150037E+07
  0.1430555556E+00  0.1330205868E+07
  0.1433333333E+00  0.1323261709E+07
  0.1436111111E+00  0.1316317507E+07
  0.1438888889E+00  0.1309373337E+07
  0.1441666667E+00  0.1302429168E+07
  0.1444444444E+00  0.1295484975E+07
  0.1447222222E+00  0.1288540817E+07
  0.1450000000E+00  0.1281596648E+07
  0.1452777778E+00  0.1275354244E+07
  0.1455555556E+00  0.1269111851E+07
  0.1458333333E+00  0.1262869456E+07
  0.1461111111E+00  0.1256627097E+07
  0.1463888889E+00  0.1250384704E+07
  0.1466666667E+00  0.1244142299E+07
  0.1469444444E+00  0.1237899916E+07
  0.1472222222E+00  0.1231657512E+07
  0.1475000000E+00  0.1225415152E+07
  0.1477777778E+00  0.1219172748E+07
  0.1480555556E+00  0.1212930365E+07
  0.1483333333E+00  0.1206687961E+07
  0.1486111111E+00  0.1200445568E+07
  0.1488888889E+00  0.1194203208E+07
  0.1491666667E+00  0.1187960814E+07
  0.1494444444E+00  0.1181718421E+07
  0.1497222222E+00  0.1175476017E+07
  0.1500000000E+00  0.1169233624E+07
  0.1502777778E+00  0.1163450715E+07
  0.1505555556E+00  0.1157667796E+07
  0.1508333333E+00  0.1151884855E+07
  0.1511111111E+00  0.1146101947E+07
  0.1513888889E+00  0.1140319039E+07
  0.1516666667E+00  0.1134536086E+07
  0.1519444444E+00  0.1128753178E+07
  0.1522222222E+00  0.1122970270E+07
  0.1525000000E+00  0.1117187341E+07
  0.1527777778E+00  0.1111404400E+07
  0.1530555556E+00  0.1105621492E+07
  0.1533333333E+00  0.1099838584E+07
  0.1536111111E+00  0.1094055631E+07
  0.1538888889E+00  0.1088272723E+07
  0.1541666667E+00  0.1082489815E+07
  0.1544444444E+00  0.1076706874E+07
  0.1547222222E+00  0.1070923954E+07
  0.1550000000E+00  0.1065141046E+07
  0.1552777778E+00  0.1059651589E+07
  0.1555555556E+00  0.1054162152E+07
  0.1558333333E+00  0.1048672674E+07
  0.1561111111E+00  0.1043183220E+07
  0.1563888889E+00  0.1037693770E+07
  0.1566666667E+00  0.1032204316E+07
  0.1569444444E+00  0.1026714854E+07
  0.1572222222E+00  0.1021225400E+07
  0.1575000000E+00  0.1015735950E+07
  0.1577777778E+00  0.1010246496E+07
  0.1580555556E+00  0.1004757035E+07
  0.1583333333E+00  0.9992675915E+06
  0.1586111111E+00  0.9937781304E+06
  0.1588888889E+00  0.9882886760E+06
  0.1591666667E+00  0.9827992216E+06
  0.1594444444E+00  0.9773097717E+06
  0.1597222222E+00  0.9718203173E+06
  0.1600000000E+00  0.9663308562E+06
  0.1602777778E+00  0.9610370390E+06
  0.1605555556E+00  0.9557432173E+06
  0.1608333333E+00  0.9504494001E+06
  0.1611111111E+00  0.9451555717E+06
  0.1613888889E+00  0.9398617511E+06
  0.1616666667E+00  0.9345679328E+06
  0.1619444444E+00  0.9292741155E+06
  0.1622222222E+00  0.9239802871E+06
  0.1625000000E+00  0.9186864666E+06
  0.1627777778E+00  0.9133926382E+06
  0.1630555556E+00  0.9080988310E+06
  0.1633333333E+00  0.9028049993E+06
  0.1636111111E+00  0.8975111820E+06
  0.1638888889E+00  0.8922173537E+06
  0.1641666667E+00  0.8869235431E+06
  0.1644444444E+00  0.8816297203E+06
  0.1647222222E+00  0.8763358975E+06
  0.1650000000E+00  0.8710420747E+06
  0.1652777778E+00  0.8659024806E+06
  0.1655555556E+00  0.8607628955E+06
  0.1658333333E+00  0.8556232981E+06
  0.1661111111E+00  0.8504837029E+06
  0.1663888889E+00  0.8453441078E+06
  0.1666666667E+00  0.8402045137E+06
  0.1669444444E+00  0.8350649186E+06
  0.1672222222E+00  0.8299253345E+06
  0.1675000000E+00  0.8247857393E+06
  0.1677777778E+00  0.8196461453E+06
  0.1680555556E+00  0.8145065501E+06
  0.1683333333E+00  0.8093669562E+06
  0.1686111111E+00  0.8042273609E+06
  0.1688888889E+00  0.7990877668E+06
  0.1691666667E+00  0.7939481817E+06
  0.1694444444E+00  0.7888085865E+06
  0.1697222222E+00  0.7836689925E+06
  0.1700000000E+00  0.7785293973E+06
  0.1702777778E+00  0.7735482032E+06
  0.1705555556E+00  0.7685670178E+06
  0.1708333333E+00  0.7635858226E+06
  0.1711111111E+00  0.7586046274E+06
  0.1713888889E+00  0.7536234432E+06
  0.1716666667E+00  0.7486422479E+06
  0.1719444444E+00  0.7436610526E+06
  0.1722222222E+00  0.7386798618E+06
  0.1725000000E+00  0.7336986765E+06
  0.1727777778E+00  0.7287174812E+06
  0.1730555556E+00  0.7237362859E+06
  0.1733333333E+00  0.7187550918E+06
  0.1736111111E+00  0.7137739066E+06
  0.1738888889E+00  0.7087927112E+06
  0.1741666667E+00  0.7038115171E+06
  0.1744444444E+00  0.6988303317E+06
  0.1747222222E+00  0.6938491365E+06
  0.1750000000E+00  0.6888679423E+06
  0.1752777778E+00  0.6840808459E+06
  0.1755555556E+00  0.6792937538E+06
  0.1758333333E+00  0.6745066585E+06
  0.1761111111E+00  0.6697195631E+06
  0.1763888889E+00  0.6649324678E+06
  0.1766666667E+00  0.6601453724E+06
  0.1769444444E+00  0.6553582770E+06
  0.1772222222E+00  0.6505711816E+06
  0.1775000000E+00  0.6457840851E+06
  0.1777777778E+00  0.6409969898E+06
  0.1780555556E+00  0.6362098944E+06
  0.1783333333E+00  0.6314227990E+06
  0.1786111111E+00  0.6266357036E+06
  0.1788888889E+00  0.6218486083E+06
  0.1791666667E+00  0.6170615129E+06
  0.1794444444E+00  0.6122744176E+06
  0.1797222222E+00  0.6074873211E+06
  0.1800000000E+00  0.6027002257E+06
  0.1802777778E+00  0.5981620347E+06
  0.1805555556E+00  0.5936238292E+06
  0.1808333333E+00  0.5890856371E+06
  0.1811111111E+00  0.5845474316E+06
  0.1813888889E+00  0.5800092394E+06
  0.1816666667E+00  0.5754710452E+06
  0.1819444444E+00  0.5709328430E+06
  0.1822222222E+00  0.5663946475E+06
  0.1825000000E+00  0.5618564453E+06
  0.1827777778E+00  0.5573182498E+06
  0.1830555556E+00  0.5527800489E+06
  0.1833333333E+00  0.5482418534E+06
  0.1836111111E+00  0.5437036513E+06
  0.1838888889E+00  0.5391654558E+06
  0.1841666667E+00  0.5346272536E+06
  0.1844444444E+00  0.5300890593E+06
  0.1847222222E+00  0.5255508572E+06
  0.1850000000E+00  0.5210126617E+06
  0.1852777778E+00  0.5167863035E+06
  0.1855555556E+00  0.5125599521E+06
  0.1858333333E+00  0.5083336040E+06
  0.1861111111E+00  0.5041072447E+06
  0.1863888889E+00  0.4998808933E+06
  0.1866666667E+00  0.4956545351E+06
  0.1869444444E+00  0.4914281837E+06
  0.1872222222E+00  0.4872018255E+06
  0.1875000000E+00  0.4829754774E+06
  0.1877777778E+00  0.4787491149E+06
  0.1880555556E+00  0.4745227667E+06
  0.1883333333E+00  0.4702964152E+06
  0.1886111111E+00  0.4660700571E+06
  0.1888888889E+00  0.4618437089E+06
  0.1891666667E+00  0.4576173475E+06
  0.1894444444E+00  0.4533909953E+06
  0.1897222222E+00  0.4491646398E+06
  0.1900000000E+00  0.4449382867E+06
  0.1902777778E+00  0.4410846254E+06
  0.1905555556E+00  0.4372309597E+06
  0.1908333333E+00  0.4333772985E+06
  0.1911111111E+00  0.4295236318E+06
  0.1913888889E+00  0.4256699705E+06
  0.1916666667E+00  0.4218163081E+06
  0.1919444444E+00  0.4179626436E+06
  0.1922222222E+00  0.4141089803E+06
  0.1925000000E+00  0.4102553157E+06
  0.1927777778E+00  0.4064016533E+06
  0.1930555556E+00  0.4025479921E+06
  0.1933333333E+00  0.3986943265E+06
  0.1936111111E+00  0.3948406642E+06
  0.1938888889E+00  0.3909869995E+06
  0.1941666667E+00  0.3871333372E+06
  0.1944444444E+00  0.3832796750E+06
  0.1947222222E+00  0.3794260093E+06
  0.1950000000E+00  0.3755723481E+06
  0.1952777778E+00  0.3721428079E+06
  0.1955555556E+00  0.3687132679E+06
  0.1958333333E+00  0.3652837244E+06
  0.1961111111E+00  0.3618541843E+06
  0.1963888889E+00  0.3584246454E+06
  0.1966666667E+00  0.3549951052E+06
  0.1969444444E+00  0.3515655652E+06
  0.1972222222E+00  0.3481360251E+06
  0.1975000000E+00  0.3447064862E+06
  0.1977777778E+00  0.3412769460E+06
  0.1980555556E+00  0.3378474070E+06
  0.1983333333E+00  0.3344178659E+06
  0.1986111111E+00  0.3309883225E+06
  0.1988888889E+00  0.3275587835E+06
  0.1991666667E+00  0.3241292433E+06
  0.1994444444E+00  0.3206997043E+06
  0.1997222222E+00  0.3172701632E+06
  0.2000000000E+00  0.3138406242E+06
  0.2002777778E+00  0.3108713721E+06
  0.2005555556E+00  0.3079021189E+06
  0.2008333333E+00  0.3049328690E+06
  0.2011111111E+00  0.3019636170E+06
  0.2013888889E+00  0.2989943639E+06
  0.2016666667E+00  0.2960251117E+06
  0.2019444444E+00  0.2930558596E+06
  0.2022222222E+00  0.2900866098E+06
  0.2025000000E+00  0.2871173577E+06
  0.2027777778E+00  0.2841481056E+06
  0.2030555556E+00  0.2811788535E+06
  0.2033333333E+00  0.2782096003E+06
  0.2036111111E+00  0.2752403483E+06
  0.2038888889E+00  0.2722710995E+06
  0.2041666667E+00  0.2693018463E+06
  0.2044444444E+00  0.2663325942E+06
  0.2047222222E+00  0.2633633421E+06
  0.2050000000E+00  0.2603940891E+06
  0.2052777778E+00  0.2579033742E+06
  0.2055555556E+00  0.2554126614E+06
  0.2058333333E+00  0.2529219476E+06
  0.2061111111E+00  0.2504312339E+06
  0.2063888889E+00  0.2479405200E+06
  0.2066666667E+00  0.2454498030E+06
  0.2069444444E+00  0.2429590892E+06
  0.2072222222E+00  0.2404683743E+06
  0.2075000000E+00  0.2379776616E+06
  0.2077777778E+00  0.2354869478E+06
  0.2080555556E+00  0.2329962308E+06
  0.2083333333E+00  0.2305055169E+06
  0.2086111111E+00  0.2280148032E+06
  0.2088888889E+00  0.2255240895E+06
  0.2091666667E+00  0.2230333756E+06
  0.2094444444E+00  0.2205426618E+06
  0.2097222222E+00  0.2180519447E+06
  0.2100000000E+00  0.2155612310E+06
  0.2102777778E+00  0.2135479664E+06
  0.2105555556E+00  0.2115346995E+06
  0.2108333333E+00  0.2095214350E+06
  0.2111111111E+00  0.2075081705E+06
  0.2113888889E+00  0.2054949026E+06
  0.2116666667E+00  0.2034816391E+06
  0.2119444444E+00  0.2014683723E+06
  0.2122222222E+00  0.1994551067E+06
  0.2125000000E+00  0.1974418399E+06
  0.2127777778E+00  0.1954285753E+06
  0.2130555556E+00  0.1934153118E+06
  0.2133333333E+00  0.1914020439E+06
  0.2136111111E+00  0.1893887794E+06
  0.2138888889E+00  0.1873755114E+06
  0.2141666667E+00  0.1853622479E+06
  0.2144444444E+00  0.1833489801E+06
  0.2147222222E+00  0.1813357156E+06
  0.2150000000E+00  0.1793224510E+06
  0.2152777778E+00  0.1777669877E+06
  0.2155555556E+00  0.1762115275E+06
  0.2158333333E+00  0.1746560664E+06
  0.2161111111E+00  0.1731006020E+06
  0.2163888889E+00  0.1715451420E+06
  0.2166666667E+00  0.1699896809E+06
  0.2169444444E+00  0.1684342198E+06
  0.2172222222E+00  0.1668787563E+06
  0.2175000000E+00  0.1653232952E+06
  0.2177777778E+00  0.1637678352E+06
  0.2180555556E+00  0.1622123707E+06
  0.2183333333E+00  0.1606569106E+06
  0.2186111111E+00  0.1591014495E+06
  0.2188888889E+00  0.1575459885E+06
  0.2191666667E+00  0.1559905251E+06
  0.2194444444E+00  0.1544350640E+06
  0.2197222222E+00  0.1528796028E+06
  0.2200000000E+00  0.1513241384E+06
  0.2202777778E+00  0.1501906391E+06
  0.2205555556E+00  0.1490571344E+06
  0.2208333333E+00  0.1479236306E+06
  0.2211111111E+00  0.1467901292E+06
  0.2213888889E+00  0.1456566244E+06
  0.2216666667E+00  0.1445231240E+06
  0.2219444444E+00  0.1433896193E+06
  0.2222222222E+00  0.1422561145E+06
  0.2225000000E+00  0.1411226141E+06
  0.2227777778E+00  0.1399891094E+06
  0.2230555556E+00  0.1388556057E+06
  0.2233333333E+00  0.1377221053E+06
  0.2236111111E+00  0.1365886006E+06
  0.2238888889E+00  0.1354550968E+06
  0.2241666667E+00  0.1343215954E+06
  0.2244444444E+00  0.1331880907E+06
  0.2247222222E+00  0.1320545903E+06
  0.2250000000E+00  0.1309210855E+06
  0.2252777778E+00  0.1301605122E+06
  0.2255555556E+00  0.1293999389E+06
  0.2258333333E+00  0.1286393655E+06
  0.2261111111E+00  0.1278787922E+06
  0.2263888889E+00  0.1271182190E+06
  0.2266666667E+00  0.1263576423E+06
  0.2269444444E+00  0.1255970689E+06
  0.2272222222E+00  0.1248364957E+06
  0.2275000000E+00  0.1240759224E+06
  0.2277777778E+00  0.1233153490E+06
  0.2280555556E+00  0.1225547758E+06
  0.2283333333E+00  0.1217942024E+06
  0.2286111111E+00  0.1210336291E+06
  0.2288888889E+00  0.1202730558E+06
  0.2291666667E+00  0.1195124825E+06
  0.2294444444E+00  0.1187519091E+06
  0.2297222222E+00  0.1179913359E+06
  0.2300000000E+00  0.1172307625E+06
  0.2302777778E+00  0.1167849976E+06
  0.2305555556E+00  0.1163392326E+06
  0.2308333333E+00  0.1158934674E+06
  0.2311111111E+00  0.1154477024E+06
  0.2313888889E+00  0.1150019374E+06
  0.2316666667E+00  0.1145561724E+06
  0.2319444444E+00  0.1141104108E+06
  0.2322222222E+00  0.1136646468E+06
  0.2325000000E+00  0.1132188807E+06
  0.2327777778E+00  0.1127731156E+06
  0.2330555556E+00  0.1123273510E+06
  0.2333333333E+00  0.1118815863E+06
  0.2336111111E+00  0.1114358230E+06
  0.2338888889E+00  0.1109900583E+06
  0.2341666667E+00  0.1105442925E+06
  0.2344444444E+00  0.1100985282E+06
  0.2347222222E+00  0.1096527635E+06
  0.2350000000E+00  0.1092070002E+06
  0.2352777778E+00  0.1090127839E+06
  0.2355555556E+00  0.1088185689E+06
  0.2358333333E+00  0.1086243530E+06
  0.2361111111E+00  0.1084301380E+06
  0.2363888889E+00  0.1082359230E+06
  0.2366666667E+00  0.1080417070E+06
  0.2369444444E+00  0.1078474921E+06
  0.2372222222E+00  0.1076532758E+06
  0.2375000000E+00  0.1074590608E+06
  0.2377777778E+00  0.1072648448E+06
  0.2380555556E+00  0.1070706298E+06
  0.2383333333E+00  0.1068764149E+06
  0.2386111111E+00  0.1066821989E+06
  0.2388888889E+00  0.1064879841E+06
  0.2391666667E+00  0.1062937681E+06
  0.2394444444E+00  0.1060995528E+06
  0.2397222222E+00  0.1059053378E+06
  0.2400000000E+00  0.1057111218E+06
  0.2402777778E+00  0.1057041094E+06
  0.2405555556E+00  0.1056970979E+06
  0.2408333333E+00  0.1056900854E+06
  0.2411111111E+00  0.1056830728E+06
  0.2413888889E+00  0.1056760603E+06
  0.2416666667E+00  0.1056690479E+06
  0.2419444444E+00  0.1056620354E+06
  0.2422222222E+00  0.1056550238E+06
  0.2425000000E+00  0.1056480113E+06
  0.2427777778E+00  0.1056409988E+06
  0.2430555556E+00  0.1056339863E+06
  0.2433333333E+00  0.1056269737E+06
  0.2436111111E+00  0.1056199613E+06
  0.2438888889E+00  0.1056129498E+06
  0.2441666667E+00  0.1056059373E+06
  0.2444444444E+00  0.1055989247E+06
  0.2447222222E+00  0.1055919122E+06
  0.2450000000E+00  0.1055848998E+06
  0.2452777778E+00  0.1057033085E+06
  0.2455555556E+00  0.1058217173E+06
  0.2458333333E+00  0.1059401264E+06
  0.2461111111E+00  0.1060585353E+06
  0.2463888889E+00  0.1061769441E+06
  0.2466666667E+00  0.1062953522E+06
  0.2469444444E+00  0.1064137609E+06
  0.2472222222E+00  0.1065321697E+06
  0.2475000000E+00  0.1066505789E+06
  0.2477777778E+00  0.1067689877E+06
  0.2480555556E+00  0.1068873965E+06
  0.2483333333E+00  0.1070058056E+06
  0.2486111111E+00  0.1071242134E+06
  0.2488888889E+00  0.1072426226E+06
  0.2491666667E+00  0.1073610313E+06
  0.2494444444E+00  0.1074794401E+06
  0.2497222222E+00  0.1075978492E+06
  0.2500000000E+00  0.1077162580E+06
  0.2502777778E+00  0.1079038413E+06
  0.2505555556E+00  0.1080914257E+06
  0.2508333333E+00  0.1082790091E+06
  0.2511111111E+00  0.1084665927E+06
  0.2513888889E+00  0.1086541771E+06
  0.2516666667E+00  0.1088417604E+06
  0.2519444444E+00  0.1090293448E+06
  0.2522222222E+00  0.1092169281E+06
  0.2525000000E+00  0.1094045125E+06
  0.2527777778E+00  0.1095920962E+06
  0.2530555556E+00  0.1097796795E+06
  0.2533333333E+00  0.1099672639E+06
  0.2536111111E+00  0.1101548471E+06
  0.2538888889E+00  0.1103424315E+06
  0.2541666667E+00  0.1105300152E+06
  0.2544444444E+00  0.1107175985E+06
  0.2547222222E+00  0.1109051829E+06
  0.2550000000E+00  0.1110927662E+06
  0.2552777778E+00  0.1113012047E+06
  0.2555555556E+00  0.1115096422E+06
  0.2558333333E+00  0.1117180806E+06
  0.2561111111E+00  0.1119265182E+06
  0.2563888889E+00  0.1121349566E+06
  0.2566666667E+00  0.1123433941E+06
  0.2569444444E+00  0.1125518326E+06
  0.2572222222E+00  0.1127602701E+06
  0.2575000000E+00  0.1129687085E+06
  0.2577777778E+00  0.1131771461E+06
  0.2580555556E+00  0.1133855845E+06
  0.2583333333E+00  0.1135940219E+06
  0.2586111111E+00  0.1138024605E+06
  0.2588888889E+00  0.1140108979E+06
  0.2591666667E+00  0.1142193364E+06
  0.2594444444E+00  0.1144277739E+06
  0.2597222222E+00  0.1146362123E+06
  0.2600000000E+00  0.1148446499E+06
  0.2602777778E+00  0.1150349101E+06
  0.2605555556E+00  0.1152251702E+06
  0.2608333333E+00  0.1154154297E+06
  0.2611111111E+00  0.1156056899E+06
  0.2613888889E+00  0.1157959501E+06
  0.2616666667E+00  0.1159862096E+06
  0.2619444444E+00  0.1161764698E+06
  0.2622222222E+00  0.1163667299E+06
  0.2625000000E+00  0.1165569895E+06
  0.2627777778E+00  0.1167472497E+06
  0.2630555556E+00  0.1169375098E+06
  0.2633333333E+00  0.1171277693E+06
  0.2636111111E+00  0.1173180296E+06
  0.2638888889E+00  0.1175082887E+06
  0.2641666667E+00  0.1176985492E+06
  0.2644444444E+00  0.1178888094E+06
  0.2647222222E+00  0.1180790686E+06
  0.2650000000E+00  0.1182693291E+06
  0.2652777778E+00  0.1184124991E+06
  0.2655555556E+00  0.1185556706E+06
  0.2658333333E+00  0.1186988409E+06
  0.2661111111E+00  0.1188420113E+06
  0.2663888889E+00  0.1189851827E+06
  0.2666666667E+00  0.1191283528E+06
  0.2669444444E+00  0.1192715231E+06
  0.2672222222E+00  0.1194146945E+06
  0.2675000000E+00  0.1195578649E+06
  0.2677777778E+00  0.1197010353E+06
  0.2680555556E+00  0.1198442066E+06
  0.2683333333E+00  0.1199873766E+06
  0.2686111111E+00  0.1201305471E+06
  0.2688888889E+00  0.1202737174E+06
  0.2691666667E+00  0.1204168888E+06
  0.2694444444E+00  0.1205600592E+06
  0.2697222222E+00  0.1207032293E+06
  0.2700000000E+00  0.1208464006E+06
  0.2702777778E+00  0.1209236892E+06
  0.2705555556E+00  0.1210009787E+06
  0.2708333333E+00  0.1210782679E+06
  0.2711111111E+00  0.1211555565E+06
  0.2713888889E+00  0.1212328461E+06
  0.2716666667E+00  0.1213101353E+06
  0.2719444444E+00  0.1213874238E+06
  0.2722222222E+00  0.1214647134E+06
  0.2725000000E+00  0.1215420017E+06
  0.2727777778E+00  0.1216192913E+06
  0.2730555556E+00  0.1216965809E+06
  0.2733333333E+00  0.1217738691E+06
  0.2736111111E+00  0.1218511586E+06
  0.2738888889E+00  0.1219284482E+06
  0.2741666667E+00  0.1220057368E+06
  0.2744444444E+00  0.1220830260E+06
  0.2747222222E+00  0.1221603145E+06
  0.2750000000E+00  0.1222376041E+06
  0.2752777778E+00  0.1222396592E+06
  0.2755555556E+00  0.1222417138E+06
  0.2758333333E+00  0.1222437689E+06
  0.2761111111E+00  0.1222458235E+06
  0.2763888889E+00  0.1222478786E+06
  0.2766666667E+00  0.1222499340E+06
  0.2769444444E+00  0.1222519886E+06
  0.2772222222E+00  0.1222540437E+06
  0.2775000000E+00  0.1222560983E+06
  0.2777777778E+00  0.1222581534E+06
  0.2780555556E+00  0.1222602079E+06
  0.2783333333E+00  0.1222622630E+06
  0.2786111111E+00  0.1222643186E+06
  0.2788888889E+00  0.1222663731E+06
  0.2791666667E+00  0.1222684283E+06
  0.2794444444E+00  0.1222704827E+06
  0.2797222222E+00  0.1222725378E+06
  0.2800000000E+00  0.1222745934E+06
  0.2802777778E+00  0.1222004309E+06
  0.2805555556E+00  0.1221262695E+06
  0.2808333333E+00  0.1220521085E+06
  0.2811111111E+00  0.1219779470E+06
  0.2813888889E+00  0.1219037856E+06
  0.2816666667E+00  0.1218296234E+06
  0.2819444444E+00  0.1217554620E+06
  0.2822222222E+00  0.1216813006E+06
  0.2825000000E+00  0.1216071395E+06
  0.2827777778E+00  0.1215329780E+06
  0.2830555556E+00  0.1214588166E+06
  0.2833333333E+00  0.1213846545E+06
  0.2836111111E+00  0.1213104931E+06
  0.2838888889E+00  0.1212363317E+06
  0.2841666667E+00  0.1211621702E+06
  0.2844444444E+00  0.1210880092E+06
  0.2847222222E+00  0.1210138477E+06
  0.2850000000E+00  0.1209396853E+06
  0.2852777778E+00  0.1207953180E+06
  0.2855555556E+00  0.1206509497E+06
  0.2858333333E+00  0.1205065822E+06
  0.2861111111E+00  0.1203622139E+06
  0.2863888889E+00  0.1202178456E+06
  0.2866666667E+00  0.1200734780E+06
  0.2869444444E+00  0.1199291098E+06
  0.2872222222E+00  0.1197847415E+06
  0.2875000000E+00  0.1196403739E+06
  0.2877777778E+00  0.1194960057E+06
  0.2880555556E+00  0.1193516384E+06
  0.2883333333E+00  0.1192072698E+06
  0.2886111111E+00  0.1190629015E+06
  0.2888888889E+00  0.1189185343E+06
  0.2891666667E+00  0.1187741657E+06
  0.2894444444E+00  0.1186297984E+06
  0.2897222222E+00  0.1184854302E+06
  0.2900000000E+00  0.1183410616E+06
  0.2902777778E+00  0.1181376633E+06
  0.2905555556E+00  0.1179342652E+06
  0.2908333333E+00  0.1177308656E+06
  0.2911111111E+00  0.1175274675E+06
  0.2913888889E+00  0.1173240692E+06
  0.2916666667E+00  0.1171206706E+06
  0.2919444444E+00  0.1169172715E+06
  0.2922222222E+00  0.1167138729E+06
  0.2925000000E+00  0.1165104747E+06
  0.2927777778E+00  0.1163070755E+06
  0.2930555556E+00  0.1161036769E+06
  0.2933333333E+00  0.1159002788E+06
  0.2936111111E+00  0.1156968805E+06
  0.2938888889E+00  0.1154934810E+06
  0.2941666667E+00  0.1152900828E+06
  0.2944444444E+00  0.1150866842E+06
  0.2947222222E+00  0.1148832850E+06
  0.2950000000E+00  0.1146798868E+06
  0.2952777778E+00  0.1144323383E+06
  0.2955555556E+00  0.1141847886E+06
  0.2958333333E+00  0.1139372401E+06
  0.2961111111E+00  0.1136896916E+06
  0.2963888889E+00  0.1134421420E+06
  0.2966666667E+00  0.1131945935E+06
  0.2969444444E+00  0.1129470442E+06
  0.2972222222E+00  0.1126994957E+06
  0.2975000000E+00  0.1124519471E+06
  0.2977777778E+00  0.1122043975E+06
  0.2980555556E+00  0.1119568490E+06
  0.2983333333E+00  0.1117092994E+06
  0.2986111111E+00  0.1114617509E+06
  0.2988888889E+00  0.1112142014E+06
  0.2991666667E+00  0.1109666531E+06
  0.2994444444E+00  0.1107191046E+06
  0.2997222222E+00  0.1104715550E+06
  0.3000000000E+00  0.1102240064E+06
  0.3002777778E+00  0.1099489649E+06
  0.3005555556E+00  0.1096739233E+06
  0.3008333333E+00  0.1093988833E+06
  0.3011111111E+00  0.1091238417E+06
  0.3013888889E+00  0.1088488002E+06
  0.3016666667E+00  0.1085737596E+06
  0.3019444444E+00  0.1082987181E+06
  0.3022222222E+00  0.1080236769E+06
  0.3025000000E+00  0.1077486364E+06
  0.3027777778E+00  0.1074735948E+06
  0.3030555556E+00  0.1071985534E+06
  0.3033333333E+00  0.1069235119E+06
  0.3036111111E+00  0.1066484717E+06
  0.3038888889E+00  0.1063734301E+06
  0.3041666667E+00  0.1060983886E+06
  0.3044444444E+00  0.1058233480E+06
  0.3047222222E+00  0.1055483065E+06
  0.3050000000E+00  0.1052732654E+06
  0.3052777778E+00  0.1049877798E+06
  0.3055555556E+00  0.1047022945E+06
  0.3058333333E+00  0.1044168079E+06
  0.3061111111E+00  0.1041313226E+06
  0.3063888889E+00  0.1038458369E+06
  0.3066666667E+00  0.1035603517E+06
  0.3069444444E+00  0.1032748650E+06
  0.3072222222E+00  0.1029893797E+06
  0.3075000000E+00  0.1027038944E+06
  0.3077777778E+00  0.1024184078E+06
  0.3080555556E+00  0.1021329225E+06
  0.3083333333E+00  0.1018474369E+06
  0.3086111111E+00  0.1015619506E+06
  0.3088888889E+00  0.1012764650E+06
  0.3091666667E+00  0.1009909797E+06
  0.3094444444E+00  0.1007054941E+06
  0.3097222222E+00  0.1004200078E+06
  0.3100000000E+00  0.1001345221E+06
  0.3102777778E+00  0.9985470177E+05
  0.3105555556E+00  0.9957487996E+05
  0.3108333333E+00  0.9929505959E+05
  0.3111111111E+00  0.9901523923E+05
  0.3113888889E+00  0.9873541851E+05
  0.3116666667E+00  0.9845559714E+05
  0.3119444444E+00  0.9817577645E+05
  0.3122222222E+00  0.9789595596E+05
  0.3125000000E+00  0.9761613426E+05
  0.3127777778E+00  0.9733631389E+05
  0.3130555556E+00  0.9705649318E+05
  0.3133333333E+00  0.9677667281E+05
  0.3136111111E+00  0.9649685100E+05
  0.3138888889E+00  0.9621703063E+05
  0.3141666667E+00  0.9593720992E+05
  0.3144444444E+00  0.9565738856E+05
  0.3147222222E+00  0.9537756785E+05
  0.3150000000E+00  0.9509774737E+05
  0.3152777778E+00  0.9483776518E+05
  0.3155555556E+00  0.9457778420E+05
  0.3158333333E+00  0.9431780334E+05
  0.3161111111E+00  0.9405782204E+05
  0.3163888889E+00  0.9379784018E+05
  0.3166666667E+00  0.9353785921E+05
  0.3169444444E+00  0.9327787790E+05
  0.3172222222E+00  0.9301789705E+05
  0.3175000000E+00  0.9275791474E+05
  0.3177777778E+00  0.9249793388E+05
  0.3180555556E+00  0.9223795291E+05
  0.3183333333E+00  0.9197797072E+05
  0.3186111111E+00  0.9171798974E+05
  0.3188888889E+00  0.9145800844E+05
  0.3191666667E+00  0.9119802757E+05
  0.3194444444E+00  0.9093804561E+05
  0.3197222222E+00  0.9067806441E+05
  0.3200000000E+00  0.9041808344E+05
  0.3202777778E+00  0.9018928905E+05
  0.3205555556E+00  0.8996049343E+05
  0.3208333333E+00  0.8973169903E+05
  0.3211111111E+00  0.8950290430E+05
  0.3213888889E+00  0.8927410991E+05
  0.3216666667E+00  0.8904531529E+05
  0.3219444444E+00  0.8881652089E+05
  0.3222222222E+00  0.8858772617E+05
  0.3225000000E+00  0.8835893078E+05
  0.3227777778E+00  0.8813013637E+05
  0.3230555556E+00  0.8790134175E+05
  0.3233333333E+00  0.8767254736E+05
  0.3236111111E+00  0.8744375263E+05
  0.3238888889E+00  0.8721495824E+05
  0.3241666667E+00  0.8698616350E+05
  0.3244444444E+00  0.8675736822E+05
  0.3247222222E+00  0.8652857349E+05
  0.3250000000E+00  0.8629977910E+05
  0.3252777778E+00  0.8611045792E+05
  0.3255555556E+00  0.8592113574E+05
  0.3258333333E+00  0.8573181456E+05
  0.3261111111E+00  0.8554249238E+05
  0.3263888889E+00  0.8535317120E+05
  0.3266666667E+00  0.8516384903E+05
  0.3269444444E+00  0.8497452785E+05
  0.3272222222E+00  0.8478520567E+05
  0.3275000000E+00  0.8459588449E+05
  0.3277777778E+00  0.8440656231E+05
  0.3280555556E+00  0.8421724113E+05
  0.3283333333E+00  0.8402791895E+05
  0.3286111111E+00  0.8383859678E+05
  0.3288888889E+00  0.8364927560E+05
  0.3291666667E+00  0.8345995341E+05
  0.3294444444E+00  0.8327063213E+05
  0.3297222222E+00  0.8308130994E+05
  0.3300000000E+00  0.8289198877E+05
  0.3302777778E+00  0.8274692960E+05
  0.3305555556E+00  0.8260187076E+05
  0.3308333333E+00  0.8245681192E+05
  0.3311111111E+00  0.8231175309E+05
  0.3313888889E+00  0.8216669426E+05
  0.3316666667E+00  0.8202163508E+05
  0.3319444444E+00  0.8187657624E+05
  0.3322222222E+00  0.8173151740E+05
  0.3325000000E+00  0.8158645857E+05
  0.3327777778E+00  0.8144139962E+05
  0.3330555556E+00  0.8129634045E+05
  0.3333333333E+00  0.8115128162E+05
  0.3336111111E+00  0.8100622278E+05
  0.3338888889E+00  0.8086116394E+05
  0.3341666667E+00  0.8071610510E+05
  0.3344444444E+00  0.8057104593E+05
  0.3347222222E+00  0.8042598709E+05
  0.3350000000E+00  0.8028092826E+05
  0.3352777778E+00  0.8018169316E+05
  0.3355555556E+00  0.8008245918E+05
  0.3358333333E+00  0.7998322453E+05
  0.3361111111E+00  0.7988399055E+05
  0.3363888889E+00  0.7978475556E+05
  0.3366666667E+00  0.7968552146E+05
  0.3369444444E+00  0.7958628682E+05
  0.3372222222E+00  0.7948705283E+05
  0.3375000000E+00  0.7938781884E+05
  0.3377777778E+00  0.7928858375E+05
  0.3380555556E+00  0.7918935010E+05
  0.3383333333E+00  0.7909011512E+05
  0.3386111111E+00  0.7899088113E+05
  0.3388888889E+00  0.7889164614E+05
  0.3391666667E+00  0.7879241206E+05
  0.3394444444E+00  0.7869317740E+05
  0.3397222222E+00  0.7859394341E+05
  0.3400000000E+00  0.7849470844E+05
  0.3402777778E+00  0.7843981462E+05
  0.3405555556E+00  0.7838492093E+05
  0.3408333333E+00  0.7833002724E+05
  0.3411111111E+00  0.7827513353E+05
  0.3413888889E+00  0.7822023884E+05
  0.3416666667E+00  0.7816534504E+05
  0.3419444444E+00  0.7811045133E+05
  0.3422222222E+00  0.7805555764E+05
  0.3425000000E+00  0.7800066393E+05
  0.3427777778E+00  0.7794576924E+05
  0.3430555556E+00  0.7789087544E+05
  0.3433333333E+00  0.7783598173E+05
  0.3436111111E+00  0.7778108804E+05
  0.3438888889E+00  0.7772619434E+05
  0.3441666667E+00  0.7767129998E+05
  0.3444444444E+00  0.7761640617E+05
  0.3447222222E+00  0.7756151247E+05
  0.3450000000E+00  0.7750661878E+05
  0.3452777778E+00  0.7749198550E+05
  0.3455555556E+00  0.7747735255E+05
  0.3458333333E+00  0.7746272061E+05
  0.3461111111E+00  0.7744808778E+05
  0.3463888889E+00  0.7743345483E+05
  0.3466666667E+00  0.7741882189E+05
  0.3469444444E+00  0.7740418995E+05
  0.3472222222E+00  0.7738955700E+05
  0.3475000000E+00  0.7737492406E+05
  0.3477777778E+00  0.7736029112E+05
  0.3480555556E+00  0.7734565917E+05
  0.3483333333E+00  0.7733102623E+05
  0.3486111111E+00  0.7731639328E+05
  0.3488888889E+00  0.7730176045E+05
  0.3491666667E+00  0.7728712817E+05
  0.3494444444E+00  0.7727249523E+05
  0.3497222222E+00  0.7725786229E+05
  0.3500000000E+00  0.7724322935E+05
  0.3502777778E+00  0.7726273104E+05
  0.3505555556E+00  0.7728223285E+05
  0.3508333333E+00  0.7730173455E+05
  0.3511111111E+00  0.7732123625E+05
  0.3513888889E+00  0.7734073806E+05
  0.3516666667E+00  0.7736023942E+05
  0.3519444444E+00  0.7737974124E+05
  0.3522222222E+00  0.7739924294E+05
  0.3525000000E+00  0.7741874463E+05
  0.3527777778E+00  0.7743824644E+05
  0.3530555556E+00  0.7745774814E+05
  0.3533333333E+00  0.7747724984E+05
  0.3536111111E+00  0.7749675132E+05
  0.3538888889E+00  0.7751625302E+05
  0.3541666667E+00  0.7753575471E+05
  0.3544444444E+00  0.7755525652E+05
  0.3547222222E+00  0.7757475822E+05
  0.3550000000E+00  0.7759426003E+05
  0.3552777778E+00  0.7764036849E+05
  0.3555555556E+00  0.7768647805E+05
  0.3558333333E+00  0.7773258761E+05
  0.3561111111E+00  0.7777869651E+05
  0.3563888889E+00  0.7782480606E+05
  0.3566666667E+00  0.7787091562E+05
  0.3569444444E+00  0.7791702418E+05
  0.3572222222E+00  0.7796313408E+05
  0.3575000000E+00  0.7800924364E+05
  0.3577777778E+00  0.7805535320E+05
  0.3580555556E+00  0.7810146176E+05
  0.3583333333E+00  0.7814757154E+05
  0.3586111111E+00  0.7819368110E+05
  0.3588888889E+00  0.7823978967E+05
  0.3591666667E+00  0.7828589922E+05
  0.3594444444E+00  0.7833200912E+05
  0.3597222222E+00  0.7837811768E+05
  0.3600000000E+00  0.7842422724E+05
  0.3602777778E+00  0.7848862114E+05
  0.3605555556E+00  0.7855301604E+05
  0.3608333333E+00  0.7861741006E+05
  0.3611111111E+00  0.7868180495E+05
  0.3613888889E+00  0.7874619886E+05
  0.3616666667E+00  0.7881059243E+05
  0.3619444444E+00  0.7887498743E+05
  0.3622222222E+00  0.7893938134E+05
  0.3625000000E+00  0.7900377624E+05
  0.3627777778E+00  0.7906817025E+05
  0.3630555556E+00  0.7913256516E+05
  0.3633333333E+00  0.7919695905E+05
  0.3636111111E+00  0.7926135296E+05
  0.3638888889E+00  0.7932574798E+05
  0.3641666667E+00  0.7939014153E+05
  0.3644444444E+00  0.7945453644E+05
  0.3647222222E+00  0.7951893033E+05
  0.3650000000E+00  0.7958332435E+05
  0.3652777778E+00  0.7965753339E+05
  0.3655555556E+00  0.7973174221E+05
  0.3658333333E+00  0.7980595125E+05
  0.3661111111E+00  0.7988015940E+05
  0.3663888889E+00  0.7995436810E+05
  0.3666666667E+00  0.8002857725E+05
  0.3669444444E+00  0.8010278530E+05
  0.3672222222E+00  0.8017699412E+05
  0.3675000000E+00  0.8025120316E+05
  0.3677777778E+00  0.8032541131E+05
  0.3680555556E+00  0.8039962001E+05
  0.3683333333E+00  0.8047382905E+05
  0.3686111111E+00  0.8054803687E+05
  0.3688888889E+00  0.8062224591E+05
  0.3691666667E+00  0.8069645506E+05
  0.3694444444E+00  0.8077066377E+05
  0.3697222222E+00  0.8084487193E+05
  0.3700000000E+00  0.8091908097E+05
  0.3702777778E+00  0.8099501931E+05
  0.3705555556E+00  0.8107095788E+05
  0.3708333333E+00  0.8114689612E+05
  0.3711111111E+00  0.8122283447E+05
  0.3713888889E+00  0.8129877305E+05
  0.3716666667E+00  0.8137471128E+05
  0.3719444444E+00  0.8145064986E+05
  0.3722222222E+00  0.8152658820E+05
  0.3725000000E+00  0.8160252678E+05
  0.3727777778E+00  0.8167846502E+05
  0.3730555556E+00  0.8175440370E+05
  0.3733333333E+00  0.8183034194E+05
  0.3736111111E+00  0.8190628018E+05
  0.3738888889E+00  0.8198221875E+05
  0.3741666667E+00  0.8205815709E+05
  0.3744444444E+00  0.8213409567E+05
  0.3747222222E+00  0.8221003390E+05
  0.3750000000E+00  0.8228597259E+05
  0.3752777778E+00  0.8235648214E+05
  0.3755555556E+00  0.8242699180E+05
  0.3758333333E+00  0.8249750145E+05
  0.3761111111E+00  0.8256801233E+05
  0.3763888889E+00  0.8263852199E+05
  0.3766666667E+00  0.8270903153E+05
  0.3769444444E+00  0.8277954118E+05
  0.3772222222E+00  0.8285005118E+05
  0.3775000000E+00  0.8292056172E+05
  0.3777777778E+00  0.8299107139E+05
  0.3780555556E+00  0.8306158093E+05
  0.3783333333E+00  0.8313209091E+05
  0.3786111111E+00  0.8320260158E+05
  0.3788888889E+00  0.8327311112E+05
  0.3791666667E+00  0.8334362077E+05
  0.3794444444E+00  0.8341413077E+05
  0.3797222222E+00  0.8348464031E+05
  0.3800000000E+00  0.8355515097E+05
  0.3802777778E+00  0.8361425622E+05
  0.3805555556E+00  0.8367336137E+05
  0.3808333333E+00  0.8373246630E+05
  0.3811111111E+00  0.8379157156E+05
  0.3813888889E+00  0.8385067681E+05
  0.3816666667E+00  0.8390978173E+05
  0.3819444444E+00  0.8396888688E+05
  0.3822222222E+00  0.8402799214E+05
  0.3825000000E+00  0.8408709706E+05
  0.3827777778E+00  0.8414620232E+05
  0.3830555556E+00  0.8420530758E+05
  0.3833333333E+00  0.8426441172E+05
  0.3836111111E+00  0.8432351664E+05
  0.3838888889E+00  0.8438262190E+05
  0.3841666667E+00  0.8444172716E+05
  0.3844444444E+00  0.8450083209E+05
  0.3847222222E+00  0.8455993734E+05
  0.3850000000E+00  0.8461904249E+05
  0.3852777778E+00  0.8466239759E+05
  0.3855555556E+00  0.8470575258E+05
  0.3858333333E+00  0.8474910756E+05
  0.3861111111E+00  0.8479246255E+05
  0.3863888889E+00  0.8483581787E+05
  0.3866666667E+00  0.8487917287E+05
  0.3869444444E+00  0.8492252786E+05
  0.3872222222E+00  0.8496588396E+05
  0.3875000000E+00  0.8500923895E+05
  0.3877777778E+00  0.8505259394E+05
  0.3880555556E+00  0.8509594926E+05
  0.3883333333E+00  0.8513930425E+05
  0.3886111111E+00  0.8518265924E+05
  0.3888888889E+00  0.8522601423E+05
  0.3891666667E+00  0.8526936933E+05
  0.3894444444E+00  0.8531272432E+05
  0.3897222222E+00  0.8535607964E+05
  0.3900000000E+00  0.8539943463E+05
  0.3902777778E+00  0.8542422111E+05
  0.3905555556E+00  0.8544900858E+05
  0.3908333333E+00  0.8547379505E+05
  0.3911111111E+00  0.8549858243E+05
  0.3913888889E+00  0.8552336890E+05
  0.3916666667E+00  0.8554815638E+05
  0.3919444444E+00  0.8557294286E+05
  0.3922222222E+00  0.8559772999E+05
  0.3925000000E+00  0.8562251748E+05
  0.3927777778E+00  0.8564730384E+05
  0.3930555556E+00  0.8567209132E+05
  0.3933333333E+00  0.8569687779E+05
  0.3936111111E+00  0.8572166526E+05
  0.3938888889E+00  0.8574645175E+05
  0.3941666667E+00  0.8577123922E+05
  0.3944444444E+00  0.8579602559E+05
  0.3947222222E+00  0.8582081306E+05
  0.3950000000E+00  0.8584559954E+05
  0.3952777778E+00  0.8585075996E+05
  0.3955555556E+00  0.8585592037E+05
  0.3958333333E+00  0.8586108069E+05
  0.3961111111E+00  0.8586624143E+05
  0.3963888889E+00  0.8587140186E+05
  0.3966666667E+00  0.8587656216E+05
  0.3969444444E+00  0.8588172258E+05
  0.3972222222E+00  0.8588688199E+05
  0.3975000000E+00  0.8589204242E+05
  0.3977777778E+00  0.8589720272E+05
  0.3980555556E+00  0.8590236314E+05
  0.3983333333E+00  0.8590752355E+05
  0.3986111111E+00  0.8591268431E+05
  0.3988888889E+00  0.8591784461E+05
  0.3991666667E+00  0.8592300503E+05
  0.3994444444E+00  0.8592816545E+05
  0.3997222222E+00  0.8593332476E+05
  0.4000000000E+00  0.8593848517E+05
  0.4002777778E+00  0.8592447201E+05
  0.4005555556E+00  0.8591045862E+05
  0.4008333333E+00  0.8589644546E+05
  0.4011111111E+00  0.8588243230E+05
  0.4013888889E+00  0.8586841891E+05
  0.4016666667E+00  0.8585440575E+05
  0.4019444444E+00  0.8584039224E+05
  0.4022222222E+00  0.8582637919E+05
  0.4025000000E+00  0.8581236603E+05
  0.4027777778E+00  0.8579835253E+05
  0.4030555556E+00  0.8578433948E+05
  0.4033333333E+00  0.8577032631E+05
  0.4036111111E+00  0.8575631281E+05
  0.4038888889E+00  0.8574229876E+05
  0.4041666667E+00  0.8572828527E+05
  0.4044444444E+00  0.8571427210E+05
  0.4047222222E+00  0.8570025905E+05
  0.4050000000E+00  0.8568624554E+05
  0.4052777778E+00  0.8565491772E+05
  0.4055555556E+00  0.8562358901E+05
  0.4058333333E+00  0.8559225997E+05
  0.4061111111E+00  0.8556093214E+05
  0.4063888889E+00  0.8552960343E+05
  0.4066666667E+00  0.8549827439E+05
  0.4069444444E+00  0.8546694656E+05
  0.4072222222E+00  0.8543561785E+05
  0.4075000000E+00  0.8540428970E+05
  0.4077777778E+00  0.8537296099E+05
  0.4080555556E+00  0.8534163226E+05
  0.4083333333E+00  0.8531030411E+05
  0.4086111111E+00  0.8527897540E+05
  0.4088888889E+00  0.8524764657E+05
  0.4091666667E+00  0.8521631853E+05
  0.4094444444E+00  0.8518498982E+05
  0.4097222222E+00  0.8515366199E+05
  0.4100000000E+00  0.8512233295E+05
  0.4102777778E+00  0.8507664972E+05
  0.4105555556E+00  0.8503096616E+05
  0.4108333333E+00  0.8498528293E+05
  0.4111111111E+00  0.8493959970E+05
  0.4113888889E+00  0.8489391514E+05
  0.4116666667E+00  0.8484823191E+05
  0.4119444444E+00  0.8480254868E+05
  0.4122222222E+00  0.8475686523E+05
  0.4125000000E+00  0.8471118200E+05
  0.4127777778E+00  0.8466549844E+05
  0.4130555556E+00  0.8461981521E+05
  0.4133333333E+00  0.8457413198E+05
  0.4136111111E+00  0.8452844842E+05
  0.4138888889E+00  0.8448276518E+05
  0.4141666667E+00  0.8443708096E+05
  0.4144444444E+00  0.8439139740E+05
  0.4147222222E+00  0.8434571418E+05
  0.4150000000E+00  0.8430003061E+05
  0.4152777778E+00  0.8424372653E+05
  0.4155555556E+00  0.8418742323E+05
  0.4158333333E+00  0.8413111915E+05
  0.4161111111E+00  0.8407481474E+05
  0.4163888889E+00  0.8401851166E+05
  0.4166666667E+00  0.8396220725E+05
  0.4169444444E+00  0.8390590316E+05
  0.4172222222E+00  0.8384959986E+05
  0.4175000000E+00  0.8379329579E+05
  0.4177777778E+00  0.8373699138E+05
  0.4180555556E+00  0.8368068830E+05
  0.4183333333E+00  0.8362438388E+05
  0.4186111111E+00  0.8356807980E+05
  0.4188888889E+00  0.8351177639E+05
  0.4191666667E+00  0.8345547242E+05
  0.4194444444E+00  0.8339916801E+05
  0.4197222222E+00  0.8334286494E+05
  0.4200000000E+00  0.8328656051E+05
  0.4202777778E+00  0.8322382024E+05
  0.4205555556E+00  0.8316107884E+05
  0.4208333333E+00  0.8309833844E+05
  0.4211111111E+00  0.8303559815E+05
  0.4213888889E+00  0.8297285643E+05
  0.4216666667E+00  0.8291011615E+05
  0.4219444444E+00  0.8284737575E+05
  0.4222222222E+00  0.8278463547E+05
  0.4225000000E+00  0.8272189407E+05
  0.4227777778E+00  0.8265915345E+05
  0.4230555556E+00  0.8259641305E+05
  0.4233333333E+00  0.8253367167E+05
  0.4236111111E+00  0.8247093138E+05
  0.4238888889E+00  0.8240819065E+05
  0.4241666667E+00  0.8234545036E+05
  0.4244444444E+00  0.8228270897E+05
  0.4247222222E+00  0.8221996869E+05
  0.4250000000E+00  0.8215722829E+05
  0.4252777778E+00  0.8209231962E+05
  0.4255555556E+00  0.8202741185E+05
  0.4258333333E+00  0.8196250439E+05
  0.4261111111E+00  0.8189759673E+05
  0.4263888889E+00  0.8183268795E+05
  0.4266666667E+00  0.8176778061E+05
  0.4269444444E+00  0.8170287283E+05
  0.4272222222E+00  0.8163796417E+05
  0.4275000000E+00  0.8157305671E+05
  0.4277777778E+00  0.8150814905E+05
  0.4280555556E+00  0.8144324027E+05
  0.4283333333E+00  0.8137833282E+05
  0.4286111111E+00  0.8131342515E+05
  0.4288888889E+00  0.8124851638E+05
  0.4291666667E+00  0.8118360904E+05
  0.4294444444E+00  0.8111870126E+05
  0.4297222222E+00  0.8105379359E+05
  0.4300000000E+00  0.8098888514E+05
  0.4302777778E+00  0.8092584048E+05
  0.4305555556E+00  0.8086279504E+05
  0.4308333333E+00  0.8079975070E+05
  0.4311111111E+00  0.8073670604E+05
  0.4313888889E+00  0.8067366071E+05
  0.4316666667E+00  0.8061061627E+05
  0.4319444444E+00  0.8054757061E+05
  0.4322222222E+00  0.8048452627E+05
  0.4325000000E+00  0.8042148183E+05
  0.4327777778E+00  0.8035843651E+05
  0.4330555556E+00  0.8029539184E+05
  0.4333333333E+00  0.8023234740E+05
  0.4336111111E+00  0.8016930206E+05
  0.4338888889E+00  0.8010625740E+05
  0.4341666667E+00  0.8004321196E+05
  0.4344444444E+00  0.7998016763E+05
  0.4347222222E+00  0.7991712296E+05
  0.4350000000E+00  0.7985407763E+05
  0.4352777778E+00  0.7979639434E+05
  0.4355555556E+00  0.7973871005E+05
  0.4358333333E+00  0.7968102710E+05
  0.4361111111E+00  0.7962334380E+05
  0.4363888889E+00  0.7956565951E+05
  0.4366666667E+00  0.7950797622E+05
  0.4369444444E+00  0.7945029226E+05
  0.4372222222E+00  0.7939260897E+05
  0.4375000000E+00  0.7933492568E+05
  0.4377777778E+00  0.7927724139E+05
  0.4380555556E+00  0.7921955810E+05
  0.4383333333E+00  0.7916187414E+05
  0.4386111111E+00  0.7910419085E+05
  0.4388888889E+00  0.7904650756E+05
  0.4391666667E+00  0.7898882327E+05
  0.4394444444E+00  0.7893113997E+05
  0.4397222222E+00  0.7887345602E+05
  0.4400000000E+00  0.7881577273E+05
  0.4402777778E+00  0.7876621518E+05
  0.4405555556E+00  0.7871665630E+05
  0.4408333333E+00  0.7866709866E+05
  0.4411111111E+00  0.7861754071E+05
  0.4413888889E+00  0.7856798253E+05
  0.4416666667E+00  0.7851842459E+05
  0.4419444444E+00  0.7846886675E+05
  0.4422222222E+00  0.7841930880E+05
  0.4425000000E+00  0.7836975062E+05
  0.4427777778E+00  0.7832019267E+05
  0.4430555556E+00  0.7827063483E+05
  0.4433333333E+00  0.7822107654E+05
  0.4436111111E+00  0.7817151870E+05
  0.4438888889E+00  0.7812196075E+05
  0.4441666667E+00  0.7807240257E+05
  0.4444444444E+00  0.7802284472E+05
  0.4447222222E+00  0.7797328678E+05
  0.4450000000E+00  0.7792372860E+05
  0.4452777778E+00  0.7788411265E+05
  0.4455555556E+00  0.7784449636E+05
  0.4458333333E+00  0.7780488007E+05
  0.4461111111E+00  0.7776526411E+05
  0.4463888889E+00  0.7772564783E+05
  0.4466666667E+00  0.7768603153E+05
  0.4469444444E+00  0.7764641525E+05
  0.4472222222E+00  0.7760679918E+05
  0.4475000000E+00  0.7756718290E+05
  0.4477777778E+00  0.7752756671E+05
  0.4480555556E+00  0.7748795032E+05
  0.4483333333E+00  0.7744833437E+05
  0.4486111111E+00  0.7740871807E+05
  0.4488888889E+00  0.7736910179E+05
  0.4491666667E+00  0.7732948550E+05
  0.4494444444E+00  0.7728986954E+05
  0.4497222222E+00  0.7725025325E+05
  0.4500000000E+00  0.7721063697E+05
  0.4502777778E+00  0.7718180874E+05
  0.4505555556E+00  0.7715298063E+05
  0.4508333333E+00  0.7712415209E+05
  0.4511111111E+00  0.7709532387E+05
  0.4513888889E+00  0.7706649577E+05
  0.4516666667E+00  0.7703766756E+05
  0.4519444444E+00  0.7700883945E+05
  0.4522222222E+00  0.7698001090E+05
  0.4525000000E+00  0.7695118269E+05
  0.4527777778E+00  0.7692235458E+05
  0.4530555556E+00  0.7689352647E+05
  0.4533333333E+00  0.7686469816E+05
  0.4536111111E+00  0.7683586971E+05
  0.4538888889E+00  0.7680704161E+05
  0.4541666667E+00  0.7677821339E+05
  0.4544444444E+00  0.7674938518E+05
  0.4547222222E+00  0.7672055673E+05
  0.4550000000E+00  0.7669172852E+05
  0.4552777778E+00  0.7667356214E+05
  0.4555555556E+00  0.7665539566E+05
  0.4558333333E+00  0.7663722918E+05
  0.4561111111E+00  0.7661906281E+05
  0.4563888889E+00  0.7660089643E+05
  0.4566666667E+00  0.7658272995E+05
  0.4569444444E+00  0.7656456347E+05
  0.4572222222E+00  0.7654639699E+05
  0.4575000000E+00  0.7652823060E+05
  0.4577777778E+00  0.7651006423E+05
  0.4580555556E+00  0.7649189774E+05
  0.4583333333E+00  0.7647373126E+05
  0.4586111111E+00  0.7645556488E+05
  0.4588888889E+00  0.7643739840E+05
  0.4591666667E+00  0.7641923203E+05
  0.4594444444E+00  0.7640106555E+05
  0.4597222222E+00  0.7638289917E+05
  0.4600000000E+00  0.7636473268E+05
  0.4602777778E+00  0.7635618216E+05
  0.4605555556E+00  0.7634763187E+05
  0.4608333333E+00  0.7633908135E+05
  0.4611111111E+00  0.7633053094E+05
  0.4613888889E+00  0.7632198043E+05
  0.4616666667E+00  0.7631343002E+05
  0.4619444444E+00  0.7630487951E+05
  0.4622222222E+00  0.7629632909E+05
  0.4625000000E+00  0.7628777869E+05
  0.4627777778E+00  0.7627922827E+05
  0.4630555556E+00  0.7627067776E+05
  0.4633333333E+00  0.7626212735E+05
  0.4636111111E+00  0.7625357684E+05
  0.4638888889E+00  0.7624502632E+05
  0.4641666667E+00  0.7623647591E+05
  0.4644444444E+00  0.7622792552E+05
  0.4647222222E+00  0.7621937509E+05
  0.4650000000E+00  0.7621082459E+05
  0.4652777778E+00  0.7621007645E+05
  0.4655555556E+00  0.7620932779E+05
  0.4658333333E+00  0.7620857923E+05
  0.4661111111E+00  0.7620783111E+05
  0.4663888889E+00  0.7620708244E+05
  0.4666666667E+00  0.7620633387E+05
  0.4669444444E+00  0.7620558575E+05
  0.4672222222E+00  0.7620483708E+05
  0.4675000000E+00  0.7620408853E+05
  0.4677777778E+00  0.7620334007E+05
  0.4680555556E+00  0.7620259172E+05
  0.4683333333E+00  0.7620184317E+05
  0.4686111111E+00  0.7620109471E+05
  0.4688888889E+00  0.7620034638E+05
  0.4691666667E+00  0.7619959782E+05
  0.4694444444E+00  0.7619884935E+05
  0.4697222222E+00  0.7619810068E+05
  0.4700000000E+00  0.7619735246E+05
  0.4702777778E+00  0.7620200980E+05
  0.4705555556E+00  0.7620666712E+05
  0.4708333333E+00  0.7621132457E+05
  0.4711111111E+00  0.7621598223E+05
  0.4713888889E+00  0.7622063957E+05
  0.4716666667E+00  0.7622529690E+05
  0.4719444444E+00  0.7622995422E+05
  0.4722222222E+00  0.7623461190E+05
  0.4725000000E+00  0.7623926922E+05
  0.4727777778E+00  0.7624392655E+05
  0.4730555556E+00  0.7624858389E+05
  0.4733333333E+00  0.7625324122E+05
  0.4736111111E+00  0.7625789900E+05
  0.4738888889E+00  0.7626255632E+05
  0.4741666667E+00  0.7626721366E+05
  0.4744444444E+00  0.7627187099E+05
  0.4747222222E+00  0.7627652865E+05
  0.4750000000E+00  0.7628118589E+05
  0.4752777778E+00  0.7628851314E+05
  0.4755555556E+00  0.7629584062E+05
  0.4758333333E+00  0.7630316823E+05
  0.4761111111E+00  0.7631049527E+05
  0.4763888889E+00  0.7631782287E+05
  0.4766666667E+00  0.7632515013E+05
  0.4769444444E+00  0.7633247762E+05
  0.4772222222E+00  0.7633980511E+05
  0.4775000000E+00  0.7634713226E+05
  0.4777777778E+00  0.7635445986E+05
  0.4780555556E+00  0.7636178700E+05
  0.4783333333E+00  0.7636911451E+05
  0.4786111111E+00  0.7637644176E+05
  0.4788888889E+00  0.7638376924E+05
  0.4791666667E+00  0.7639109675E+05
  0.4794444444E+00  0.7639842389E+05
  0.4797222222E+00  0.7640575149E+05
  0.4800000000E+00  0.7641307864E+05
  0.4802777778E+00  0.7642020788E+05
  0.4805555556E+00  0.7642733711E+05
  0.4808333333E+00  0.7643446602E+05
  0.4811111111E+00  0.7644159526E+05
  0.4813888889E+00  0.7644872426E+05
  0.4816666667E+00  0.7645585350E+05
  0.4819444444E+00  0.7646298273E+05
  0.4822222222E+00  0.7647011164E+05
  0.4825000000E+00  0.7647724086E+05
  0.4827777778E+00  0.7648436977E+05
  0.4830555556E+00  0.7649149901E+05
  0.4833333333E+00  0.7649862791E+05
  0.4836111111E+00  0.7650575715E+05
  0.4838888889E+00  0.7651288648E+05
  0.4841666667E+00  0.7652001539E+05
  0.4844444444E+00  0.7652714463E+05
  0.4847222222E+00  0.7653427353E+05
  0.4850000000E+00  0.7654140266E+05
  0.4852777778E+00  0.7654560601E+05
  0.4855555556E+00  0.7654980960E+05
  0.4858333333E+00  0.7655401296E+05
  0.4861111111E+00  0.7655821622E+05
  0.4863888889E+00  0.7656241979E+05
  0.4866666667E+00  0.7656662305E+05
  0.4869444444E+00  0.7657082641E+05
  0.4872222222E+00  0.7657502999E+05
  0.4875000000E+00  0.7657923325E+05
  0.4877777778E+00  0.7658343650E+05
  0.4880555556E+00  0.7658764009E+05
  0.4883333333E+00  0.7659184344E+05
  0.4886111111E+00  0.7659604671E+05
  0.4888888889E+00  0.7660025039E+05
  0.4891666667E+00  0.7660445354E+05
  0.4894444444E+00  0.7660865689E+05
  0.4897222222E+00  0.7661286048E+05
  0.4900000000E+00  0.7661706374E+05
  0.4902777778E+00  0.7661594151E+05
  0.4905555556E+00  0.7661481929E+05
  0.4908333333E+00  0.7661369750E+05
  0.4911111111E+00  0.7661257518E+05
  0.4913888889E+00  0.7661145295E+05
  0.4916666667E+00  0.7661033116E+05
  0.4919444444E+00  0.7660920893E+05
  0.4922222222E+00  0.7660808660E+05
  0.4925000000E+00  0.7660696471E+05
  0.4927777778E+00  0.7660584259E+05
  0.4930555556E+00  0.7660472037E+05
  0.4933333333E+00  0.7660359837E+05
  0.4936111111E+00  0.7660247626E+05
  0.4938888889E+00  0.7660135403E+05
  0.4941666667E+00  0.7660023213E+05
  0.4944444444E+00  0.7659910981E+05
  0.4947222222E+00  0.7659798769E+05
  0.4950000000E+00  0.7659686580E+05
