  0.1027777778E-01  0.2258504664E+08
  0.1055555556E-01  0.2255585685E+08
  0.1083333333E-01  0.2252666672E+08
  0.1111111111E-01  0.2249747695E+08
  0.1138888889E-01  0.2246828715E+08
  0.1166666667E-01  0.2243909704E+08
  0.1194444444E-01  0.2240990735E+08
  0.1222222222E-01  0.2238071757E+08
  0.1250000000E-01  0.2235152745E+08
  0.1277777778E-01  0.2232233767E+08
  0.1305555556E-01  0.2229314798E+08
  0.1333333333E-01  0.2226395775E+08
  0.1361111111E-01  0.2223476797E+08
  0.1388888889E-01  0.2220557818E+08
  0.1416666667E-01  0.2217638817E+08
  0.1444444444E-01  0.2214719837E+08
  0.1472222222E-01  0.2211800860E+08
  0.1500000000E-01  0.2208881847E+08
  0.1527777778E-01  0.2204908081E+08
  0.1555555556E-01  0.2200934302E+08
  0.1583333333E-01  0.2196960502E+08
  0.1611111111E-01  0.2192986712E+08
  0.1638888889E-01  0.2189012946E+08
  0.1666666667E-01  0.2185039157E+08
  0.1694444444E-01  0.2181065357E+08
  0.1722222222E-01  0.2177091579E+08
  0.1750000000E-01  0.2173117811E+08
  0.1777777778E-01  0.2169144011E+08
  0.1805555556E-01  0.2165170223E+08
  0.1833333333E-01  0.2161196423E+08
  0.1861111111E-01  0.2157222668E+08
  0.1888888889E-01  0.2153248877E+08
  0.1916666667E-01  0.2149275088E+08
  0.1944444444E-01  0.2145301288E+08
  0.1972222222E-01  0.2141327533E+08
  0.2000000000E-01  0.2137353733E+08
  0.2027777778E-01  0.2132430506E+08
  0.2055555556E-01  0.2127507288E+08
  0.2083333333E-01  0.2122584049E+08
  0.2111111111E-01  0.2117660823E+08
  0.2138888889E-01  0.2112737595E+08
  0.2166666667E-01  0.2107814368E+08
  0.2194444444E-01  0.2102891140E+08
  0.2222222222E-01  0.2097967902E+08
  0.2250000000E-01  0.2093044685E+08
  0.2277777778E-01  0.2088121457E+08
  0.2305555556E-01  0.2083198263E+08
  0.2333333333E-01  0.2078275037E+08
  0.2361111111E-01  0.2073351798E+08
  0.2388888889E-01  0.2068428570E+08
  0.2416666667E-01  0.2063505343E+08
  0.2444444444E-01  0.2058582126E+08
  0.2472222222E-01  0.2053658887E+08
  0.2500000000E-01  0.2048735660E+08
  0.2527777778E-01  0.2042992193E+08
  0.2555555556E-01  0.2037248703E+08
  0.2583333333E-01  0.2031505234E+08
  0.2611111111E-01  0.2025761767E+08
  0.2638888889E-01  0.2020018277E+08
  0.2666666667E-01  0.2014274809E+08
  0.2694444444E-01  0.2008531308E+08
  0.2722222222E-01  0.2002787851E+08
  0.2750000000E-01  0.1997044384E+08
  0.2777777778E-01  0.1991300883E+08
  0.2805555556E-01  0.1985557425E+08
  0.2833333333E-01  0.1979813958E+08
  0.2861111111E-01  0.1974070457E+08
  0.2888888889E-01  0.1968326999E+08
  0.2916666667E-01  0.1962583499E+08
  0.2944444444E-01  0.1956840031E+08
  0.2972222222E-01  0.1951096573E+08
  0.3000000000E-01  0.1945353072E+08
  0.3027777778E-01  0.1938936775E+08
  0.3055555556E-01  0.1932520469E+08
  0.3083333333E-01  0.1926104162E+08
  0.3111111111E-01  0.1919687864E+08
  0.3138888889E-01  0.1913271557E+08
  0.3166666667E-01  0.1906855249E+08
  0.3194444444E-01  0.1900438941E+08
  0.3222222222E-01  0.1894022644E+08
  0.3250000000E-01  0.1887606304E+08
  0.3277777778E-01  0.1881190007E+08
  0.3305555556E-01  0.1874773699E+08
  0.3333333333E-01  0.1868357392E+08
  0.3361111111E-01  0.1861941095E+08
  0.3388888889E-01  0.1855524787E+08
  0.3416666667E-01  0.1849108491E+08
  0.3444444444E-01  0.1842692184E+08
  0.3472222222E-01  0.1836275887E+08
  0.3500000000E-01  0.1829859579E+08
  0.3527777778E-01  0.1822927831E+08
  0.3555555556E-01  0.1815996084E+08
  0.3583333333E-01  0.1809064346E+08
  0.3611111111E-01  0.1802132587E+08
  0.3638888889E-01  0.1795200850E+08
  0.3666666667E-01  0.1788269113E+08
  0.3694444444E-01  0.1781337365E+08
  0.3722222222E-01  0.1774405617E+08
  0.3750000000E-01  0.1767473870E+08
  0.3777777778E-01  0.1760542133E+08
  0.3805555556E-01  0.1753610383E+08
  0.3833333333E-01  0.1746678636E+08
  0.3861111111E-01  0.1739746899E+08
  0.3888888889E-01  0.1732815119E+08
  0.3916666667E-01  0.1725883369E+08
  0.3944444444E-01  0.1718951632E+08
  0.3972222222E-01  0.1712019885E+08
  0.4000000000E-01  0.1705088137E+08
  0.4027777778E-01  0.1697805350E+08
  0.4055555556E-01  0.1690522540E+08
  0.4083333333E-01  0.1683239719E+08
  0.4111111111E-01  0.1675956933E+08
  0.4138888889E-01  0.1668674122E+08
  0.4166666667E-01  0.1661391303E+08
  0.4194444444E-01  0.1654108525E+08
  0.4222222222E-01  0.1646825706E+08
  0.4250000000E-01  0.1639542885E+08
  0.4277777778E-01  0.1632260109E+08
  0.4305555556E-01  0.1624977288E+08
  0.4333333333E-01  0.1617694478E+08
  0.4361111111E-01  0.1610411681E+08
  0.4388888889E-01  0.1603128860E+08
  0.4416666667E-01  0.1595846051E+08
  0.4444444444E-01  0.1588563263E+08
  0.4472222222E-01  0.1581280454E+08
  0.4500000000E-01  0.1573997633E+08
  0.4527777778E-01  0.1566527323E+08
  0.4555555556E-01  0.1559056992E+08
  0.4583333333E-01  0.1551586682E+08
  0.4611111111E-01  0.1544116396E+08
  0.4638888889E-01  0.1536646075E+08
  0.4666666667E-01  0.1529175765E+08
  0.4694444444E-01  0.1521705444E+08
  0.4722222222E-01  0.1514235124E+08
  0.4750000000E-01  0.1506764804E+08
  0.4777777778E-01  0.1499294494E+08
  0.4805555556E-01  0.1491824163E+08
  0.4833333333E-01  0.1484353853E+08
  0.4861111111E-01  0.1476883543E+08
  0.4888888889E-01  0.1469413212E+08
  0.4916666667E-01  0.1461942902E+08
  0.4944444444E-01  0.1454472616E+08
  0.4972222222E-01  0.1447002295E+08
  0.5000000000E-01  0.1439531985E+08
  0.5027777778E-01  0.1432031478E+08
  0.5055555556E-01  0.1424530993E+08
  0.5083333333E-01  0.1417030485E+08
  0.5111111111E-01  0.1409530011E+08
  0.5138888889E-01  0.1402029493E+08
  0.5166666667E-01  0.1394529019E+08
  0.5194444444E-01  0.1387028534E+08
  0.5222222222E-01  0.1379528026E+08
  0.5250000000E-01  0.1372027552E+08
  0.5277777778E-01  0.1364527034E+08
  0.5305555556E-01  0.1357026560E+08
  0.5333333333E-01  0.1349526041E+08
  0.5361111111E-01  0.1342025567E+08
  0.5388888889E-01  0.1334525060E+08
  0.5416666667E-01  0.1327024575E+08
  0.5444444444E-01  0.1319524101E+08
  0.5472222222E-01  0.1312023583E+08
  0.5500000000E-01  0.1304523108E+08
  0.5527777778E-01  0.1297138189E+08
  0.5555555556E-01  0.1289753313E+08
  0.5583333333E-01  0.1282368416E+08
  0.5611111111E-01  0.1274983506E+08
  0.5638888889E-01  0.1267598630E+08
  0.5666666667E-01  0.1260213711E+08
  0.5694444444E-01  0.1252828823E+08
  0.5722222222E-01  0.1245443924E+08
  0.5750000000E-01  0.1238059034E+08
  0.5777777778E-01  0.1230674135E+08
  0.5805555556E-01  0.1223289234E+08
  0.5833333333E-01  0.1215904335E+08
  0.5861111111E-01  0.1208519445E+08
  0.5888888889E-01  0.1201134556E+08
  0.5916666667E-01  0.1193749645E+08
  0.5944444444E-01  0.1186364756E+08
  0.5972222222E-01  0.1178979859E+08
  0.6000000000E-01  0.1171594970E+08
  0.6027777778E-01  0.1164456083E+08
  0.6055555556E-01  0.1157317218E+08
  0.6083333333E-01  0.1150178342E+08
  0.6111111111E-01  0.1143039477E+08
  0.6138888889E-01  0.1135900600E+08
  0.6166666667E-01  0.1128761725E+08
  0.6194444444E-01  0.1121622849E+08
  0.6222222222E-01  0.1114483983E+08
  0.6250000000E-01  0.1107345107E+08
  0.6277777778E-01  0.1100206232E+08
  0.6305555556E-01  0.1093067370E+08
  0.6333333333E-01  0.1085928493E+08
  0.6361111111E-01  0.1078789628E+08
  0.6388888889E-01  0.1071650742E+08
  0.6416666667E-01  0.1064511873E+08
  0.6444444444E-01  0.1057373004E+08
  0.6472222222E-01  0.1050234133E+08
  0.6500000000E-01  0.1043095253E+08
  0.6527777778E-01  0.1036313288E+08
  0.6555555556E-01  0.1029531315E+08
  0.6583333333E-01  0.1022749352E+08
  0.6611111111E-01  0.1015967377E+08
  0.6638888889E-01  0.1009185404E+08
  0.6666666667E-01  0.1002403441E+08
  0.6694444444E-01  0.9956214675E+07
  0.6722222222E-01  0.9888395030E+07
  0.6750000000E-01  0.9820575330E+07
  0.6777777778E-01  0.9752755596E+07
  0.6805555556E-01  0.9684935954E+07
  0.6833333333E-01  0.9617116220E+07
  0.6861111111E-01  0.9549296585E+07
  0.6888888889E-01  0.9481476840E+07
  0.6916666667E-01  0.9413657110E+07
  0.6944444444E-01  0.9345837476E+07
  0.6972222222E-01  0.9278017742E+07
  0.7000000000E-01  0.9210198097E+07
  0.7027777778E-01  0.9146841932E+07
  0.7055555556E-01  0.9083485825E+07
  0.7083333333E-01  0.9020129750E+07
  0.7111111111E-01  0.8956773687E+07
  0.7138888889E-01  0.8893417612E+07
  0.7166666667E-01  0.8830061541E+07
  0.7194444444E-01  0.8766705467E+07
  0.7222222222E-01  0.8703349403E+07
  0.7250000000E-01  0.8639993296E+07
  0.7277777778E-01  0.8576637220E+07
  0.7305555556E-01  0.8513281158E+07
  0.7333333333E-01  0.8449925082E+07
  0.7361111111E-01  0.8386569008E+07
  0.7388888889E-01  0.8323212944E+07
  0.7416666667E-01  0.8259856837E+07
  0.7444444444E-01  0.8196500762E+07
  0.7472222222E-01  0.8133144699E+07
  0.7500000000E-01  0.8069788623E+07
  0.7527777778E-01  0.8011559241E+07
  0.7555555556E-01  0.7953329958E+07
  0.7583333333E-01  0.7895100609E+07
  0.7611111111E-01  0.7836871326E+07
  0.7638888889E-01  0.7778641944E+07
  0.7666666667E-01  0.7720412693E+07
  0.7694444444E-01  0.7662183311E+07
  0.7722222222E-01  0.7603954029E+07
  0.7750000000E-01  0.7545724679E+07
  0.7777777778E-01  0.7487495397E+07
  0.7805555556E-01  0.7429266015E+07
  0.7833333333E-01  0.7371036721E+07
  0.7861111111E-01  0.7312807371E+07
  0.7888888889E-01  0.7254578089E+07
  0.7916666667E-01  0.7196348706E+07
  0.7944444444E-01  0.7138119457E+07
  0.7972222222E-01  0.7079890075E+07
  0.8000000000E-01  0.7021660792E+07
  0.8027777778E-01  0.6968993010E+07
  0.8055555556E-01  0.6916325239E+07
  0.8083333333E-01  0.6863657457E+07
  0.8111111111E-01  0.6810989675E+07
  0.8138888889E-01  0.6758321993E+07
  0.8166666667E-01  0.6705654256E+07
  0.8194444444E-01  0.6652986474E+07
  0.8222222222E-01  0.6600318691E+07
  0.8250000000E-01  0.6547650910E+07
  0.8277777778E-01  0.6494983139E+07
  0.8305555556E-01  0.6442315456E+07
  0.8333333333E-01  0.6389647674E+07
  0.8361111111E-01  0.6336979893E+07
  0.8388888889E-01  0.6284312110E+07
  0.8416666667E-01  0.6231644339E+07
  0.8444444444E-01  0.6178976557E+07
  0.8472222222E-01  0.6126308776E+07
  0.8500000000E-01  0.6073641093E+07
  0.8527777778E-01  0.6026744774E+07
  0.8555555556E-01  0.5979848477E+07
  0.8583333333E-01  0.5932952148E+07
  0.8611111111E-01  0.5886055951E+07
  0.8638888889E-01  0.5839159653E+07
  0.8666666667E-01  0.5792263323E+07
  0.8694444444E-01  0.5745367026E+07
  0.8722222222E-01  0.5698470807E+07
  0.8750000000E-01  0.5651574510E+07
  0.8777777778E-01  0.5604678179E+07
  0.8805555556E-01  0.5557781883E+07
  0.8833333333E-01  0.5510885652E+07
  0.8861111111E-01  0.5463989336E+07
  0.8888888889E-01  0.5417093047E+07
  0.8916666667E-01  0.5370196770E+07
  0.8944444444E-01  0.5323300459E+07
  0.8972222222E-01  0.5276404192E+07
  0.9000000000E-01  0.5229507882E+07
  0.9027777778E-01  0.5188388870E+07
  0.9055555556E-01  0.5147269858E+07
  0.9083333333E-01  0.5106150858E+07
  0.9111111111E-01  0.5065031846E+07
  0.9138888889E-01  0.5023912833E+07
  0.9166666667E-01  0.4982793800E+07
  0.9194444444E-01  0.4941674787E+07
  0.9222222222E-01  0.4900555775E+07
  0.9250000000E-01  0.4859436752E+07
  0.9277777778E-01  0.4818317729E+07
  0.9305555556E-01  0.4777198717E+07
  0.9333333333E-01  0.4736079705E+07
  0.9361111111E-01  0.4694960672E+07
  0.9388888889E-01  0.4653841660E+07
  0.9416666667E-01  0.4612722647E+07
  0.9444444444E-01  0.4571603614E+07
  0.9472222222E-01  0.4530484602E+07
  0.9500000000E-01  0.4489365590E+07
  0.9527777778E-01  0.4453848930E+07
  0.9555555556E-01  0.4418332269E+07
  0.9583333333E-01  0.4382815611E+07
  0.9611111111E-01  0.4347298962E+07
  0.9638888889E-01  0.4311782302E+07
  0.9666666667E-01  0.4276265654E+07
  0.9694444444E-01  0.4240748994E+07
  0.9722222222E-01  0.4205232333E+07
  0.9750000000E-01  0.4169715675E+07
  0.9777777778E-01  0.4134199015E+07
  0.9805555556E-01  0.4098682367E+07
  0.9833333333E-01  0.4063165707E+07
  0.9861111111E-01  0.4027649057E+07
  0.9888888889E-01  0.3992132399E+07
  0.9916666667E-01  0.3956615705E+07
  0.9944444444E-01  0.3921099045E+07
  0.9972222222E-01  0.3885582397E+07
  0.1000000000E+00  0.3850065737E+07
  0.1002777778E+00  0.3819823945E+07
  0.1005555556E+00  0.3789582153E+07
  0.1008333333E+00  0.3759340361E+07
  0.1011111111E+00  0.3729098557E+07
  0.1013888889E+00  0.3698856799E+07
  0.1016666667E+00  0.3668615006E+07
  0.1019444444E+00  0.3638373214E+07
  0.1022222222E+00  0.3608131422E+07
  0.1025000000E+00  0.3577889630E+07
  0.1027777778E+00  0.3547647837E+07
  0.1030555556E+00  0.3517406034E+07
  0.1033333333E+00  0.3487164241E+07
  0.1036111111E+00  0.3456922449E+07
  0.1038888889E+00  0.3426680657E+07
  0.1041666667E+00  0.3396438865E+07
  0.1044444444E+00  0.3366197072E+07
  0.1047222222E+00  0.3335955279E+07
  0.1050000000E+00  0.3305713488E+07
  0.1052777778E+00  0.3280305474E+07
  0.1055555556E+00  0.3254897504E+07
  0.1058333333E+00  0.3229489499E+07
  0.1061111111E+00  0.3204081495E+07
  0.1063888889E+00  0.3178673491E+07
  0.1066666667E+00  0.3153265488E+07
  0.1069444444E+00  0.3127857484E+07
  0.1072222222E+00  0.3102449470E+07
  0.1075000000E+00  0.3077041465E+07
  0.1077777778E+00  0.3051633461E+07
  0.1080555556E+00  0.3026225491E+07
  0.1083333333E+00  0.3000817487E+07
  0.1086111111E+00  0.2975409484E+07
  0.1088888889E+00  0.2950001479E+07
  0.1091666667E+00  0.2924593465E+07
  0.1094444444E+00  0.2899185461E+07
  0.1097222222E+00  0.2873777458E+07
  0.1100000000E+00  0.2848369453E+07
  0.1102777778E+00  0.2827269390E+07
  0.1105555556E+00  0.2806169328E+07
  0.1108333333E+00  0.2785069265E+07
  0.1111111111E+00  0.2763969180E+07
  0.1113888889E+00  0.2742869128E+07
  0.1116666667E+00  0.2721769054E+07
  0.1119444444E+00  0.2700668969E+07
  0.1122222222E+00  0.2679568906E+07
  0.1125000000E+00  0.2658468854E+07
  0.1127777778E+00  0.2637368781E+07
  0.1130555556E+00  0.2616268695E+07
  0.1133333333E+00  0.2595168632E+07
  0.1136111111E+00  0.2574068580E+07
  0.1138888889E+00  0.2552968518E+07
  0.1141666667E+00  0.2531868422E+07
  0.1144444444E+00  0.2510768370E+07
  0.1147222222E+00  0.2489668296E+07
  0.1150000000E+00  0.2468568245E+07
  0.1152777778E+00  0.2451204097E+07
  0.1155555556E+00  0.2433839983E+07
  0.1158333333E+00  0.2416475869E+07
  0.1161111111E+00  0.2399111766E+07
  0.1163888889E+00  0.2381747652E+07
  0.1166666667E+00  0.2364383504E+07
  0.1169444444E+00  0.2347019390E+07
  0.1172222222E+00  0.2329655276E+07
  0.1175000000E+00  0.2312291173E+07
  0.1177777778E+00  0.2294927059E+07
  0.1180555556E+00  0.2277562945E+07
  0.1183333333E+00  0.2260198798E+07
  0.1186111111E+00  0.2242834683E+07
  0.1188888889E+00  0.2225470580E+07
  0.1191666667E+00  0.2208106466E+07
  0.1194444444E+00  0.2190742352E+07
  0.1197222222E+00  0.2173378205E+07
  0.1200000000E+00  0.2156014090E+07
  0.1202777778E+00  0.2141798385E+07
  0.1205555556E+00  0.2127582657E+07
  0.1208333333E+00  0.2113366940E+07
  0.1211111111E+00  0.2099151191E+07
  0.1213888889E+00  0.2084935473E+07
  0.1216666667E+00  0.2070719747E+07
  0.1219444444E+00  0.2056504029E+07
  0.1222222222E+00  0.2042288280E+07
  0.1225000000E+00  0.2028072563E+07
  0.1227777778E+00  0.2013856836E+07
  0.1230555556E+00  0.1999641130E+07
  0.1233333333E+00  0.1985425369E+07
  0.1236111111E+00  0.1971209652E+07
  0.1238888889E+00  0.1956993925E+07
  0.1241666667E+00  0.1942778219E+07
  0.1244444444E+00  0.1928562458E+07
  0.1247222222E+00  0.1914346741E+07
  0.1250000000E+00  0.1900131025E+07
  0.1252777778E+00  0.1888488899E+07
  0.1255555556E+00  0.1876846764E+07
  0.1258333333E+00  0.1865204638E+07
  0.1261111111E+00  0.1853562524E+07
  0.1263888889E+00  0.1841920388E+07
  0.1266666667E+00  0.1830278262E+07
  0.1269444444E+00  0.1818636171E+07
  0.1272222222E+00  0.1806994045E+07
  0.1275000000E+00  0.1795351920E+07
  0.1277777778E+00  0.1783709795E+07
  0.1280555556E+00  0.1772067669E+07
  0.1283333333E+00  0.1760425534E+07
  0.1286111111E+00  0.1748783419E+07
  0.1288888889E+00  0.1737141293E+07
  0.1291666667E+00  0.1725499158E+07
  0.1294444444E+00  0.1713857032E+07
  0.1297222222E+00  0.1702214908E+07
  0.1300000000E+00  0.1690572782E+07
  0.1302777778E+00  0.1680967321E+07
  0.1305555556E+00  0.1671361839E+07
  0.1308333333E+00  0.1661756345E+07
  0.1311111111E+00  0.1652150875E+07
  0.1313888889E+00  0.1642545403E+07
  0.1316666667E+00  0.1632939909E+07
  0.1319444444E+00  0.1623334438E+07
  0.1322222222E+00  0.1613728978E+07
  0.1325000000E+00  0.1604123462E+07
  0.1327777778E+00  0.1594518002E+07
  0.1330555556E+00  0.1584912541E+07
  0.1333333333E+00  0.1575307026E+07
  0.1336111111E+00  0.1565701565E+07
  0.1338888889E+00  0.1556096094E+07
  0.1341666667E+00  0.1546490589E+07
  0.1344444444E+00  0.1536885129E+07
  0.1347222222E+00  0.1527279658E+07
  0.1350000000E+00  0.1517674153E+07
  0.1352777778E+00  0.1509623046E+07
  0.1355555556E+00  0.1501571905E+07
  0.1358333333E+00  0.1493520763E+07
  0.1361111111E+00  0.1485469645E+07
  0.1363888889E+00  0.1477418504E+07
  0.1366666667E+00  0.1469367396E+07
  0.1369444444E+00  0.1461316256E+07
  0.1372222222E+00  0.1453265148E+07
  0.1375000000E+00  0.1445213997E+07
  0.1377777778E+00  0.1437162889E+07
  0.1380555556E+00  0.1429111748E+07
  0.1383333333E+00  0.1421060596E+07
  0.1386111111E+00  0.1413009499E+07
  0.1388888889E+00  0.1404958348E+07
  0.1391666667E+00  0.1396907240E+07
  0.1394444444E+00  0.1388856099E+07
  0.1397222222E+00  0.1380804981E+07
  0.1400000000E+00  0.1372753840E+07
  0.1402777778E+00  0.1365843166E+07
  0.1405555556E+00  0.1358932460E+07
  0.1408333333E+00  0.1352021753E+07
  0.1411111111E+00  0.1345111079E+07
  0.1413888889E+00  0.1338200372E+07
  0.1416666667E+00  0.1331289698E+07
  0.1419444444E+00  0.1324378981E+07
  0.1422222222E+00  0.1317468273E+07
  0.1425000000E+00  0.1310557611E+07
  0.1427777778E+00  0.1303646903E+07
  0.1430555556E+00  0.1296736220E+07
  0.1433333333E+00  0.1289825512E+07
  0.1436111111E+00  0.1282914839E+07
  0.1438888889E+00  0.1276004131E+07
  0.1441666667E+00  0.1269093424E+07
  0.1444444444E+00  0.1262182740E+07
  0.1447222222E+00  0.1255272044E+07
  0.1450000000E+00  0.1248361371E+07
  0.1452777778E+00  0.1242252197E+07
  0.1455555556E+00  0.1236143023E+07
  0.1458333333E+00  0.1230033838E+07
  0.1461111111E+00  0.1223924664E+07
  0.1463888889E+00  0.1217815457E+07
  0.1466666667E+00  0.1211706283E+07
  0.1469444444E+00  0.1205597109E+07
  0.1472222222E+00  0.1199487935E+07
  0.1475000000E+00  0.1193378761E+07
  0.1477777778E+00  0.1187269587E+07
  0.1480555556E+00  0.1181160413E+07
  0.1483333333E+00  0.1175051239E+07
  0.1486111111E+00  0.1168942054E+07
  0.1488888889E+00  0.1162832890E+07
  0.1491666667E+00  0.1156723716E+07
  0.1494444444E+00  0.1150614542E+07
  0.1497222222E+00  0.1144505369E+07
  0.1500000000E+00  0.1138396195E+07
  0.1502777778E+00  0.1132825979E+07
  0.1505555556E+00  0.1127255797E+07
  0.1508333333E+00  0.1121685626E+07
  0.1511111111E+00  0.1116115411E+07
  0.1513888889E+00  0.1110545238E+07
  0.1516666667E+00  0.1104975023E+07
  0.1519444444E+00  0.1099404852E+07
  0.1522222222E+00  0.1093834670E+07
  0.1525000000E+00  0.1088264454E+07
  0.1527777778E+00  0.1082694272E+07
  0.1530555556E+00  0.1077124111E+07
  0.1533333333E+00  0.1071553896E+07
  0.1536111111E+00  0.1065983714E+07
  0.1538888889E+00  0.1060413532E+07
  0.1541666667E+00  0.1054843327E+07
  0.1544444444E+00  0.1049273138E+07
  0.1547222222E+00  0.1043702953E+07
  0.1550000000E+00  0.1038132758E+07
  0.1552777778E+00  0.1032913156E+07
  0.1555555556E+00  0.1027693568E+07
  0.1558333333E+00  0.1022473966E+07
  0.1561111111E+00  0.1017254364E+07
  0.1563888889E+00  0.1012034762E+07
  0.1566666667E+00  0.1006815160E+07
  0.1569444444E+00  0.1001595558E+07
  0.1572222222E+00  0.9963759658E+06
  0.1575000000E+00  0.9911563638E+06
  0.1577777778E+00  0.9859367651E+06
  0.1580555556E+00  0.9807171631E+06
  0.1583333333E+00  0.9754975610E+06
  0.1586111111E+00  0.9702779702E+06
  0.1588888889E+00  0.9650583682E+06
  0.1591666667E+00  0.9598387661E+06
  0.1594444444E+00  0.9546191641E+06
  0.1597222222E+00  0.9493995621E+06
  0.1600000000E+00  0.9441799734E+06
  0.1602777778E+00  0.9391900695E+06
  0.1605555556E+00  0.9342001756E+06
  0.1608333333E+00  0.9292102828E+06
  0.1611111111E+00  0.9242203889E+06
  0.1613888889E+00  0.9192304850E+06
  0.1616666667E+00  0.9142405911E+06
  0.1619444444E+00  0.9092506873E+06
  0.1622222222E+00  0.9042607933E+06
  0.1625000000E+00  0.8992708895E+06
  0.1627777778E+00  0.8942810067E+06
  0.1630555556E+00  0.8892911006E+06
  0.1633333333E+00  0.8843012089E+06
  0.1636111111E+00  0.8793113161E+06
  0.1638888889E+00  0.8743214145E+06
  0.1641666667E+00  0.8693315217E+06
  0.1644444444E+00  0.8643416200E+06
  0.1647222222E+00  0.8593517283E+06
  0.1650000000E+00  0.8543618255E+06
  0.1652777778E+00  0.8495379872E+06
  0.1655555556E+00  0.8447141390E+06
  0.1658333333E+00  0.8398902907E+06
  0.1661111111E+00  0.8350664524E+06
  0.1663888889E+00  0.8302426007E+06
  0.1666666667E+00  0.8254187624E+06
  0.1669444444E+00  0.8205949141E+06
  0.1672222222E+00  0.8157710758E+06
  0.1675000000E+00  0.8109472276E+06
  0.1677777778E+00  0.8061233759E+06
  0.1680555556E+00  0.8012995376E+06
  0.1683333333E+00  0.7964756893E+06
  0.1686111111E+00  0.7916518510E+06
  0.1688888889E+00  0.7868280027E+06
  0.1691666667E+00  0.7820041544E+06
  0.1694444444E+00  0.7771803128E+06
  0.1697222222E+00  0.7723564646E+06
  0.1700000000E+00  0.7675326262E+06
  0.1702777778E+00  0.7628587724E+06
  0.1705555556E+00  0.7581849208E+06
  0.1708333333E+00  0.7535110771E+06
  0.1711111111E+00  0.7488372266E+06
  0.1713888889E+00  0.7441633718E+06
  0.1716666667E+00  0.7394895313E+06
  0.1719444444E+00  0.7348156765E+06
  0.1722222222E+00  0.7301418226E+06
  0.1725000000E+00  0.7254679811E+06
  0.1727777778E+00  0.7207941273E+06
  0.1730555556E+00  0.7161202857E+06
  0.1733333333E+00  0.7114464320E+06
  0.1736111111E+00  0.7067725771E+06
  0.1738888889E+00  0.7020987367E+06
  0.1741666667E+00  0.6974248818E+06
  0.1744444444E+00  0.6927510314E+06
  0.1747222222E+00  0.6880771864E+06
  0.1750000000E+00  0.6834033359E+06
  0.1752777778E+00  0.6788979765E+06
  0.1755555556E+00  0.6743926172E+06
  0.1758333333E+00  0.6698872565E+06
  0.1761111111E+00  0.6653818971E+06
  0.1763888889E+00  0.6608765377E+06
  0.1766666667E+00  0.6563711782E+06
  0.1769444444E+00  0.6518658188E+06
  0.1772222222E+00  0.6473604594E+06
  0.1775000000E+00  0.6428551088E+06
  0.1777777778E+00  0.6383497494E+06
  0.1780555556E+00  0.6338443900E+06
  0.1783333333E+00  0.6293390305E+06
  0.1786111111E+00  0.6248336711E+06
  0.1788888889E+00  0.6203283116E+06
  0.1791666667E+00  0.6158229522E+06
  0.1794444444E+00  0.6113175950E+06
  0.1797222222E+00  0.6068122355E+06
  0.1800000000E+00  0.6023068761E+06
  0.1802777778E+00  0.5980113301E+06
  0.1805555556E+00  0.5937157830E+06
  0.1808333333E+00  0.5894202304E+06
  0.1811111111E+00  0.5851246845E+06
  0.1813888889E+00  0.5808291384E+06
  0.1816666667E+00  0.5765335946E+06
  0.1819444444E+00  0.5722380487E+06
  0.1822222222E+00  0.5679424927E+06
  0.1825000000E+00  0.5636469489E+06
  0.1827777778E+00  0.5593514030E+06
  0.1830555556E+00  0.5550558569E+06
  0.1833333333E+00  0.5507603033E+06
  0.1836111111E+00  0.5464647572E+06
  0.1838888889E+00  0.5421692112E+06
  0.1841666667E+00  0.5378736675E+06
  0.1844444444E+00  0.5335781115E+06
  0.1847222222E+00  0.5292825656E+06
  0.1850000000E+00  0.5249870218E+06
  0.1852777778E+00  0.5209548589E+06
  0.1855555556E+00  0.5169226949E+06
  0.1858333333E+00  0.5128905209E+06
  0.1861111111E+00  0.5088583614E+06
  0.1863888889E+00  0.5048261974E+06
  0.1866666667E+00  0.5007940345E+06
  0.1869444444E+00  0.4967618638E+06
  0.1872222222E+00  0.4927297009E+06
  0.1875000000E+00  0.4886975369E+06
  0.1877777778E+00  0.4846653763E+06
  0.1880555556E+00  0.4806332134E+06
  0.1883333333E+00  0.4766010394E+06
  0.1886111111E+00  0.4725688799E+06
  0.1888888889E+00  0.4685367159E+06
  0.1891666667E+00  0.4645045519E+06
  0.1894444444E+00  0.4604723790E+06
  0.1897222222E+00  0.4564402213E+06
  0.1900000000E+00  0.4524080555E+06
  0.1902777778E+00  0.4486949420E+06
  0.1905555556E+00  0.4449818285E+06
  0.1908333333E+00  0.4412687161E+06
  0.1911111111E+00  0.4375556016E+06
  0.1913888889E+00  0.4338424880E+06
  0.1916666667E+00  0.4301293756E+06
  0.1919444444E+00  0.4264162620E+06
  0.1922222222E+00  0.4227031487E+06
  0.1925000000E+00  0.4189900351E+06
  0.1927777778E+00  0.4152769216E+06
  0.1930555556E+00  0.4115638091E+06
  0.1933333333E+00  0.4078506947E+06
  0.1936111111E+00  0.4041375812E+06
  0.1938888889E+00  0.4004244687E+06
  0.1941666667E+00  0.3967113553E+06
  0.1944444444E+00  0.3929982407E+06
  0.1947222222E+00  0.3892851250E+06
  0.1950000000E+00  0.3855720114E+06
  0.1952777778E+00  0.3822282113E+06
  0.1955555556E+00  0.3788844088E+06
  0.1958333333E+00  0.3755406051E+06
  0.1961111111E+00  0.3721968016E+06
  0.1963888889E+00  0.3688529991E+06
  0.1966666667E+00  0.3655091990E+06
  0.1969444444E+00  0.3621653965E+06
  0.1972222222E+00  0.3588215919E+06
  0.1975000000E+00  0.3554777894E+06
  0.1977777778E+00  0.3521339869E+06
  0.1980555556E+00  0.3487901834E+06
  0.1983333333E+00  0.3454463842E+06
  0.1986111111E+00  0.3421025807E+06
  0.1988888889E+00  0.3387587771E+06
  0.1991666667E+00  0.3354149736E+06
  0.1994444444E+00  0.3320711711E+06
  0.1997222222E+00  0.3287273710E+06
  0.2000000000E+00  0.3253835685E+06
  0.2002777778E+00  0.3224476437E+06
  0.2005555556E+00  0.3195117214E+06
  0.2008333333E+00  0.3165757965E+06
  0.2011111111E+00  0.3136398708E+06
  0.2013888889E+00  0.3107039494E+06
  0.2016666667E+00  0.3077680237E+06
  0.2019444444E+00  0.3048321023E+06
  0.2022222222E+00  0.3018961765E+06
  0.2025000000E+00  0.2989602529E+06
  0.2027777778E+00  0.2960243315E+06
  0.2030555556E+00  0.2930884058E+06
  0.2033333333E+00  0.2901524843E+06
  0.2036111111E+00  0.2872165586E+06
  0.2038888889E+00  0.2842806372E+06
  0.2041666667E+00  0.2813447114E+06
  0.2044444444E+00  0.2784087867E+06
  0.2047222222E+00  0.2754728654E+06
  0.2050000000E+00  0.2725369407E+06
  0.2052777778E+00  0.2700325353E+06
  0.2055555556E+00  0.2675281343E+06
  0.2058333333E+00  0.2650237289E+06
  0.2061111111E+00  0.2625193246E+06
  0.2063888889E+00  0.2600149225E+06
  0.2066666667E+00  0.2575105182E+06
  0.2069444444E+00  0.2550061149E+06
  0.2072222222E+00  0.2525017095E+06
  0.2075000000E+00  0.2499973085E+06
  0.2077777778E+00  0.2474929031E+06
  0.2080555556E+00  0.2449884988E+06
  0.2083333333E+00  0.2424840967E+06
  0.2086111111E+00  0.2399796924E+06
  0.2088888889E+00  0.2374752881E+06
  0.2091666667E+00  0.2349708860E+06
  0.2094444444E+00  0.2324664817E+06
  0.2097222222E+00  0.2299620762E+06
  0.2100000000E+00  0.2274576729E+06
  0.2102777778E+00  0.2253913560E+06
  0.2105555556E+00  0.2233250368E+06
  0.2108333333E+00  0.2212587165E+06
  0.2111111111E+00  0.2191924006E+06
  0.2113888889E+00  0.2171260813E+06
  0.2116666667E+00  0.2150597621E+06
  0.2119444444E+00  0.2129934429E+06
  0.2122222222E+00  0.2109271270E+06
  0.2125000000E+00  0.2088608057E+06
  0.2127777778E+00  0.2067944864E+06
  0.2130555556E+00  0.2047281706E+06
  0.2133333333E+00  0.2026618513E+06
  0.2136111111E+00  0.2005955321E+06
  0.2138888889E+00  0.1985292129E+06
  0.2141666667E+00  0.1964628970E+06
  0.2144444444E+00  0.1943965767E+06
  0.2147222222E+00  0.1923302573E+06
  0.2150000000E+00  0.1902639404E+06
  0.2152777778E+00  0.1886251905E+06
  0.2155555556E+00  0.1869864404E+06
  0.2158333333E+00  0.1853476903E+06
  0.2161111111E+00  0.1837089403E+06
  0.2163888889E+00  0.1820701892E+06
  0.2166666667E+00  0.1804314392E+06
  0.2169444444E+00  0.1787926892E+06
  0.2172222222E+00  0.1771539381E+06
  0.2175000000E+00  0.1755151913E+06
  0.2177777778E+00  0.1738764414E+06
  0.2180555556E+00  0.1722376903E+06
  0.2183333333E+00  0.1705989402E+06
  0.2186111111E+00  0.1689601902E+06
  0.2188888889E+00  0.1673214390E+06
  0.2191666667E+00  0.1656826890E+06
  0.2194444444E+00  0.1640439391E+06
  0.2197222222E+00  0.1624051879E+06
  0.2200000000E+00  0.1607664413E+06
  0.2202777778E+00  0.1595292596E+06
  0.2205555556E+00  0.1582920792E+06
  0.2208333333E+00  0.1570548998E+06
  0.2211111111E+00  0.1558177206E+06
  0.2213888889E+00  0.1545805412E+06
  0.2216666667E+00  0.1533433586E+06
  0.2219444444E+00  0.1521061792E+06
  0.2222222222E+00  0.1508690009E+06
  0.2225000000E+00  0.1496318205E+06
  0.2227777778E+00  0.1483946411E+06
  0.2230555556E+00  0.1471574585E+06
  0.2233333333E+00  0.1459202791E+06
  0.2236111111E+00  0.1446830998E+06
  0.2238888889E+00  0.1434459204E+06
  0.2241666667E+00  0.1422087401E+06
  0.2244444444E+00  0.1409715584E+06
  0.2247222222E+00  0.1397343781E+06
  0.2250000000E+00  0.1384971998E+06
  0.2252777778E+00  0.1376223792E+06
  0.2255555556E+00  0.1367475553E+06
  0.2258333333E+00  0.1358727358E+06
  0.2261111111E+00  0.1349979130E+06
  0.2263888889E+00  0.1341230924E+06
  0.2266666667E+00  0.1332482696E+06
  0.2269444444E+00  0.1323734490E+06
  0.2272222222E+00  0.1314986284E+06
  0.2275000000E+00  0.1306238056E+06
  0.2277777778E+00  0.1297489861E+06
  0.2280555556E+00  0.1288741633E+06
  0.2283333333E+00  0.1279993416E+06
  0.2286111111E+00  0.1271245188E+06
  0.2288888889E+00  0.1262496993E+06
  0.2291666667E+00  0.1253748787E+06
  0.2294444444E+00  0.1245000559E+06
  0.2297222222E+00  0.1236252353E+06
  0.2300000000E+00  0.1227504114E+06
  0.2302777778E+00  0.1221890012E+06
  0.2305555556E+00  0.1216275899E+06
  0.2308333333E+00  0.1210661797E+06
  0.2311111111E+00  0.1205047707E+06
  0.2313888889E+00  0.1199433604E+06
  0.2316666667E+00  0.1193819492E+06
  0.2319444444E+00  0.1188205368E+06
  0.2322222222E+00  0.1182591266E+06
  0.2325000000E+00  0.1176977154E+06
  0.2327777778E+00  0.1171363051E+06
  0.2330555556E+00  0.1165748928E+06
  0.2333333333E+00  0.1160134825E+06
  0.2336111111E+00  0.1154520713E+06
  0.2338888889E+00  0.1148906599E+06
  0.2341666667E+00  0.1143292487E+06
  0.2344444444E+00  0.1137678384E+06
  0.2347222222E+00  0.1132064282E+06
  0.2350000000E+00  0.1126450172E+06
  0.2352777778E+00  0.1123417591E+06
  0.2355555556E+00  0.1120384999E+06
  0.2358333333E+00  0.1117352396E+06
  0.2361111111E+00  0.1114319808E+06
  0.2363888889E+00  0.1111287226E+06
  0.2366666667E+00  0.1108254634E+06
  0.2369444444E+00  0.1105222042E+06
  0.2372222222E+00  0.1102189464E+06
  0.2375000000E+00  0.1099156872E+06
  0.2377777778E+00  0.1096124280E+06
  0.2380555556E+00  0.1093091699E+06
  0.2383333333E+00  0.1090059110E+06
  0.2386111111E+00  0.1087026518E+06
  0.2388888889E+00  0.1083993937E+06
  0.2391666667E+00  0.1080961344E+06
  0.2394444444E+00  0.1077928756E+06
  0.2397222222E+00  0.1074896153E+06
  0.2400000000E+00  0.1071863572E+06
  0.2402777778E+00  0.1070833766E+06
  0.2405555556E+00  0.1069803964E+06
  0.2408333333E+00  0.1068774162E+06
  0.2411111111E+00  0.1067744345E+06
  0.2413888889E+00  0.1066714542E+06
  0.2416666667E+00  0.1065684741E+06
  0.2419444444E+00  0.1064654934E+06
  0.2422222222E+00  0.1063625131E+06
  0.2425000000E+00  0.1062595319E+06
  0.2427777778E+00  0.1061565516E+06
  0.2430555556E+00  0.1060535710E+06
  0.2433333333E+00  0.1059505908E+06
  0.2436111111E+00  0.1058476095E+06
  0.2438888889E+00  0.1057446292E+06
  0.2441666667E+00  0.1056416486E+06
  0.2444444444E+00  0.1055386683E+06
  0.2447222222E+00  0.1054356870E+06
  0.2450000000E+00  0.1053327068E+06
  0.2452777778E+00  0.1053729355E+06
  0.2455555556E+00  0.1054131646E+06
  0.2458333333E+00  0.1054533937E+06
  0.2461111111E+00  0.1054936224E+06
  0.2463888889E+00  0.1055338525E+06
  0.2466666667E+00  0.1055740815E+06
  0.2469444444E+00  0.1056143103E+06
  0.2472222222E+00  0.1056545394E+06
  0.2475000000E+00  0.1056947684E+06
  0.2477777778E+00  0.1057349971E+06
  0.2480555556E+00  0.1057752262E+06
  0.2483333333E+00  0.1058154553E+06
  0.2486111111E+00  0.1058556840E+06
  0.2488888889E+00  0.1058959130E+06
  0.2491666667E+00  0.1059361421E+06
  0.2494444444E+00  0.1059763709E+06
  0.2497222222E+00  0.1060165999E+06
  0.2500000000E+00  0.1060568290E+06
  0.2502777778E+00  0.1061869015E+06
  0.2505555556E+00  0.1063169732E+06
  0.2508333333E+00  0.1064470456E+06
  0.2511111111E+00  0.1065771174E+06
  0.2513888889E+00  0.1067071899E+06
  0.2516666667E+00  0.1068372617E+06
  0.2519444444E+00  0.1069673340E+06
  0.2522222222E+00  0.1070974055E+06
  0.2525000000E+00  0.1072274783E+06
  0.2527777778E+00  0.1073575497E+06
  0.2530555556E+00  0.1074876225E+06
  0.2533333333E+00  0.1076176939E+06
  0.2536111111E+00  0.1077477667E+06
  0.2538888889E+00  0.1078778381E+06
  0.2541666667E+00  0.1080079109E+06
  0.2544444444E+00  0.1081379824E+06
  0.2547222222E+00  0.1082680551E+06
  0.2550000000E+00  0.1083981265E+06
  0.2552777778E+00  0.1085708130E+06
  0.2555555556E+00  0.1087434997E+06
  0.2558333333E+00  0.1089161862E+06
  0.2561111111E+00  0.1090888717E+06
  0.2563888889E+00  0.1092615578E+06
  0.2566666667E+00  0.1094342444E+06
  0.2569444444E+00  0.1096069310E+06
  0.2572222222E+00  0.1097796165E+06
  0.2575000000E+00  0.1099523031E+06
  0.2577777778E+00  0.1101249896E+06
  0.2580555556E+00  0.1102976747E+06
  0.2583333333E+00  0.1104703612E+06
  0.2586111111E+00  0.1106430479E+06
  0.2588888889E+00  0.1108157344E+06
  0.2591666667E+00  0.1109884199E+06
  0.2594444444E+00  0.1111611064E+06
  0.2597222222E+00  0.1113337930E+06
  0.2600000000E+00  0.1115064781E+06
  0.2602777778E+00  0.1116822181E+06
  0.2605555556E+00  0.1118579581E+06
  0.2608333333E+00  0.1120336983E+06
  0.2611111111E+00  0.1122094383E+06
  0.2613888889E+00  0.1123851773E+06
  0.2616666667E+00  0.1125609172E+06
  0.2619444444E+00  0.1127366571E+06
  0.2622222222E+00  0.1129123971E+06
  0.2625000000E+00  0.1130881371E+06
  0.2627777778E+00  0.1132638761E+06
  0.2630555556E+00  0.1134396159E+06
  0.2633333333E+00  0.1136153559E+06
  0.2636111111E+00  0.1137910959E+06
  0.2638888889E+00  0.1139668359E+06
  0.2641666667E+00  0.1141425749E+06
  0.2644444444E+00  0.1143183147E+06
  0.2647222222E+00  0.1144940547E+06
  0.2650000000E+00  0.1146697947E+06
  0.2652777778E+00  0.1148177699E+06
  0.2655555556E+00  0.1149657439E+06
  0.2658333333E+00  0.1151137189E+06
  0.2661111111E+00  0.1152616941E+06
  0.2663888889E+00  0.1154096691E+06
  0.2666666667E+00  0.1155576440E+06
  0.2669444444E+00  0.1157056193E+06
  0.2672222222E+00  0.1158535933E+06
  0.2675000000E+00  0.1160015682E+06
  0.2677777778E+00  0.1161495435E+06
  0.2680555556E+00  0.1162975184E+06
  0.2683333333E+00  0.1164454934E+06
  0.2686111111E+00  0.1165934676E+06
  0.2688888889E+00  0.1167414426E+06
  0.2691666667E+00  0.1168894176E+06
  0.2694444444E+00  0.1170373929E+06
  0.2697222222E+00  0.1171853679E+06
  0.2700000000E+00  0.1173333427E+06
  0.2702777778E+00  0.1174317772E+06
  0.2705555556E+00  0.1175302123E+06
  0.2708333333E+00  0.1176286463E+06
  0.2711111111E+00  0.1177270818E+06
  0.2713888889E+00  0.1178255168E+06
  0.2716666667E+00  0.1179239509E+06
  0.2719444444E+00  0.1180223864E+06
  0.2722222222E+00  0.1181208214E+06
  0.2725000000E+00  0.1182192554E+06
  0.2727777778E+00  0.1183176909E+06
  0.2730555556E+00  0.1184161260E+06
  0.2733333333E+00  0.1185145600E+06
  0.2736111111E+00  0.1186129952E+06
  0.2738888889E+00  0.1187114306E+06
  0.2741666667E+00  0.1188098646E+06
  0.2744444444E+00  0.1189082996E+06
  0.2747222222E+00  0.1190067351E+06
  0.2750000000E+00  0.1191051692E+06
  0.2752777778E+00  0.1191409940E+06
  0.2755555556E+00  0.1191768179E+06
  0.2758333333E+00  0.1192126427E+06
  0.2761111111E+00  0.1192484676E+06
  0.2763888889E+00  0.1192842914E+06
  0.2766666667E+00  0.1193201163E+06
  0.2769444444E+00  0.1193559402E+06
  0.2772222222E+00  0.1193917650E+06
  0.2775000000E+00  0.1194275889E+06
  0.2777777778E+00  0.1194634136E+06
  0.2780555556E+00  0.1194992375E+06
  0.2783333333E+00  0.1195350623E+06
  0.2786111111E+00  0.1195708862E+06
  0.2788888889E+00  0.1196067110E+06
  0.2791666667E+00  0.1196425359E+06
  0.2794444444E+00  0.1196783598E+06
  0.2797222222E+00  0.1197141846E+06
  0.2800000000E+00  0.1197500085E+06
  0.2802777778E+00  0.1197181237E+06
  0.2805555556E+00  0.1196862389E+06
  0.2808333333E+00  0.1196543540E+06
  0.2811111111E+00  0.1196224692E+06
  0.2813888889E+00  0.1195905834E+06
  0.2816666667E+00  0.1195586987E+06
  0.2819444444E+00  0.1195268142E+06
  0.2822222222E+00  0.1194949293E+06
  0.2825000000E+00  0.1194630446E+06
  0.2827777778E+00  0.1194311598E+06
  0.2830555556E+00  0.1193992750E+06
  0.2833333333E+00  0.1193673891E+06
  0.2836111111E+00  0.1193355043E+06
  0.2838888889E+00  0.1193036195E+06
  0.2841666667E+00  0.1192717348E+06
  0.2844444444E+00  0.1192398500E+06
  0.2847222222E+00  0.1192079651E+06
  0.2850000000E+00  0.1191760806E+06
  0.2852777778E+00  0.1190783026E+06
  0.2855555556E+00  0.1189805255E+06
  0.2858333333E+00  0.1188827484E+06
  0.2861111111E+00  0.1187849713E+06
  0.2863888889E+00  0.1186871947E+06
  0.2866666667E+00  0.1185894166E+06
  0.2869444444E+00  0.1184916395E+06
  0.2872222222E+00  0.1183938625E+06
  0.2875000000E+00  0.1182960854E+06
  0.2877777778E+00  0.1181983086E+06
  0.2880555556E+00  0.1181005316E+06
  0.2883333333E+00  0.1180027535E+06
  0.2886111111E+00  0.1179049764E+06
  0.2888888889E+00  0.1178071993E+06
  0.2891666667E+00  0.1177094227E+06
  0.2894444444E+00  0.1176116456E+06
  0.2897222222E+00  0.1175138675E+06
  0.2900000000E+00  0.1174160905E+06
  0.2902777778E+00  0.1172596217E+06
  0.2905555556E+00  0.1171031529E+06
  0.2908333333E+00  0.1169466838E+06
  0.2911111111E+00  0.1167902140E+06
  0.2913888889E+00  0.1166337453E+06
  0.2916666667E+00  0.1164772765E+06
  0.2919444444E+00  0.1163208075E+06
  0.2922222222E+00  0.1161643386E+06
  0.2925000000E+00  0.1160078689E+06
  0.2927777778E+00  0.1158513998E+06
  0.2930555556E+00  0.1156949310E+06
  0.2933333333E+00  0.1155384622E+06
  0.2936111111E+00  0.1153819935E+06
  0.2938888889E+00  0.1152255234E+06
  0.2941666667E+00  0.1150690546E+06
  0.2944444444E+00  0.1149125858E+06
  0.2947222222E+00  0.1147561168E+06
  0.2950000000E+00  0.1145996479E+06
  0.2952777778E+00  0.1143958390E+06
  0.2955555556E+00  0.1141920313E+06
  0.2958333333E+00  0.1139882234E+06
  0.2961111111E+00  0.1137844148E+06
  0.2963888889E+00  0.1135806069E+06
  0.2966666667E+00  0.1133767989E+06
  0.2969444444E+00  0.1131729902E+06
  0.2972222222E+00  0.1129691823E+06
  0.2975000000E+00  0.1127653746E+06
  0.2977777778E+00  0.1125615657E+06
  0.2980555556E+00  0.1123577580E+06
  0.2983333333E+00  0.1121539501E+06
  0.2986111111E+00  0.1119501411E+06
  0.2988888889E+00  0.1117463334E+06
  0.2991666667E+00  0.1115425255E+06
  0.2994444444E+00  0.1113387168E+06
  0.2997222222E+00  0.1111349089E+06
  0.3000000000E+00  0.1109310999E+06
  0.3002777778E+00  0.1106937167E+06
  0.3005555556E+00  0.1104563335E+06
  0.3008333333E+00  0.1102189492E+06
  0.3011111111E+00  0.1099815656E+06
  0.3013888889E+00  0.1097441824E+06
  0.3016666667E+00  0.1095067982E+06
  0.3019444444E+00  0.1092694150E+06
  0.3022222222E+00  0.1090320303E+06
  0.3025000000E+00  0.1087946471E+06
  0.3027777778E+00  0.1085572639E+06
  0.3030555556E+00  0.1083198797E+06
  0.3033333333E+00  0.1080824960E+06
  0.3036111111E+00  0.1078451118E+06
  0.3038888889E+00  0.1076077286E+06
  0.3041666667E+00  0.1073703454E+06
  0.3044444444E+00  0.1071329612E+06
  0.3047222222E+00  0.1068955775E+06
  0.3050000000E+00  0.1066581943E+06
  0.3052777778E+00  0.1064021341E+06
  0.3055555556E+00  0.1061460749E+06
  0.3058333333E+00  0.1058900155E+06
  0.3061111111E+00  0.1056339563E+06
  0.3063888889E+00  0.1053778961E+06
  0.3066666667E+00  0.1051218364E+06
  0.3069444444E+00  0.1048657772E+06
  0.3072222222E+00  0.1046097180E+06
  0.3075000000E+00  0.1043536578E+06
  0.3077777778E+00  0.1040975984E+06
  0.3080555556E+00  0.1038415392E+06
  0.3083333333E+00  0.1035854800E+06
  0.3086111111E+00  0.1033294197E+06
  0.3088888889E+00  0.1030733604E+06
  0.3091666667E+00  0.1028173012E+06
  0.3094444444E+00  0.1025612416E+06
  0.3097222222E+00  0.1023051813E+06
  0.3100000000E+00  0.1020491221E+06
  0.3102777778E+00  0.1017891512E+06
  0.3105555556E+00  0.1015291801E+06
  0.3108333333E+00  0.1012692079E+06
  0.3111111111E+00  0.1010092367E+06
  0.3113888889E+00  0.1007492649E+06
  0.3116666667E+00  0.1004892937E+06
  0.3119444444E+00  0.1002293225E+06
  0.3122222222E+00  0.9996935065E+05
  0.3125000000E+00  0.9970937943E+05
  0.3127777778E+00  0.9944940831E+05
  0.3130555556E+00  0.9918943643E+05
  0.3133333333E+00  0.9892946532E+05
  0.3136111111E+00  0.9866949409E+05
  0.3138888889E+00  0.9840952220E+05
  0.3141666667E+00  0.9814955109E+05
  0.3144444444E+00  0.9788957887E+05
  0.3147222222E+00  0.9762960798E+05
  0.3150000000E+00  0.9736963687E+05
  0.3152777778E+00  0.9711938277E+05
  0.3155555556E+00  0.9686912980E+05
  0.3158333333E+00  0.9661887647E+05
  0.3161111111E+00  0.9636862239E+05
  0.3163888889E+00  0.9611836940E+05
  0.3166666667E+00  0.9586811642E+05
  0.3169444444E+00  0.9561786232E+05
  0.3172222222E+00  0.9536760901E+05
  0.3175000000E+00  0.9511735591E+05
  0.3177777778E+00  0.9486710194E+05
  0.3180555556E+00  0.9461684895E+05
  0.3183333333E+00  0.9436659586E+05
  0.3186111111E+00  0.9411634154E+05
  0.3188888889E+00  0.9386608845E+05
  0.3191666667E+00  0.9361583546E+05
  0.3194444444E+00  0.9336558149E+05
  0.3197222222E+00  0.9311532839E+05
  0.3200000000E+00  0.9286507508E+05
  0.3202777778E+00  0.9263608335E+05
  0.3205555556E+00  0.9240709019E+05
  0.3208333333E+00  0.9217809846E+05
  0.3211111111E+00  0.9194910641E+05
  0.3213888889E+00  0.9172011457E+05
  0.3216666667E+00  0.9149112251E+05
  0.3219444444E+00  0.9126213079E+05
  0.3222222222E+00  0.9103313862E+05
  0.3225000000E+00  0.9080414690E+05
  0.3227777778E+00  0.9057515384E+05
  0.3230555556E+00  0.9034616167E+05
  0.3233333333E+00  0.9011716995E+05
  0.3236111111E+00  0.8988817789E+05
  0.3238888889E+00  0.8965918617E+05
  0.3241666667E+00  0.8943019400E+05
  0.3244444444E+00  0.8920120228E+05
  0.3247222222E+00  0.8897221022E+05
  0.3250000000E+00  0.8874321740E+05
  0.3252777778E+00  0.8854462005E+05
  0.3255555556E+00  0.8834602282E+05
  0.3258333333E+00  0.8814742547E+05
  0.3261111111E+00  0.8794882812E+05
  0.3263888889E+00  0.8775022977E+05
  0.3266666667E+00  0.8755163243E+05
  0.3269444444E+00  0.8735303508E+05
  0.3272222222E+00  0.8715443784E+05
  0.3275000000E+00  0.8695583950E+05
  0.3277777778E+00  0.8675724216E+05
  0.3280555556E+00  0.8655864482E+05
  0.3283333333E+00  0.8636004747E+05
  0.3286111111E+00  0.8616145012E+05
  0.3288888889E+00  0.8596285177E+05
  0.3291666667E+00  0.8576425454E+05
  0.3294444444E+00  0.8556565719E+05
  0.3297222222E+00  0.8536705984E+05
  0.3300000000E+00  0.8516846150E+05
  0.3302777778E+00  0.8500641405E+05
  0.3305555556E+00  0.8484436594E+05
  0.3308333333E+00  0.8468231772E+05
  0.3311111111E+00  0.8452027061E+05
  0.3313888889E+00  0.8435822250E+05
  0.3316666667E+00  0.8419617406E+05
  0.3319444444E+00  0.8403412684E+05
  0.3322222222E+00  0.8387207872E+05
  0.3325000000E+00  0.8371003061E+05
  0.3327777778E+00  0.8354798351E+05
  0.3330555556E+00  0.8338593495E+05
  0.3333333333E+00  0.8322388685E+05
  0.3336111111E+00  0.8306183974E+05
  0.3338888889E+00  0.8289979163E+05
  0.3341666667E+00  0.8273774341E+05
  0.3344444444E+00  0.8257569630E+05
  0.3347222222E+00  0.8241364786E+05
  0.3350000000E+00  0.8225159975E+05
  0.3352777778E+00  0.8212940249E+05
  0.3355555556E+00  0.8200720524E+05
  0.3358333333E+00  0.8188500731E+05
  0.3361111111E+00  0.8176281007E+05
  0.3363888889E+00  0.8164061292E+05
  0.3366666667E+00  0.8151841567E+05
  0.3369444444E+00  0.8139621741E+05
  0.3372222222E+00  0.8127402016E+05
  0.3375000000E+00  0.8115182291E+05
  0.3377777778E+00  0.8102962510E+05
  0.3380555556E+00  0.8090742785E+05
  0.3383333333E+00  0.8078523060E+05
  0.3386111111E+00  0.8066303334E+05
  0.3388888889E+00  0.8054083509E+05
  0.3391666667E+00  0.8041863795E+05
  0.3394444444E+00  0.8029644070E+05
  0.3397222222E+00  0.8017424245E+05
  0.3400000000E+00  0.8005204553E+05
  0.3402777778E+00  0.7997017231E+05
  0.3405555556E+00  0.7988829908E+05
  0.3408333333E+00  0.7980642731E+05
  0.3411111111E+00  0.7972455409E+05
  0.3413888889E+00  0.7964268119E+05
  0.3416666667E+00  0.7956080797E+05
  0.3419444444E+00  0.7947893474E+05
  0.3422222222E+00  0.7939706186E+05
  0.3425000000E+00  0.7931518964E+05
  0.3427777778E+00  0.7923331675E+05
  0.3430555556E+00  0.7915144364E+05
  0.3433333333E+00  0.7906957041E+05
  0.3436111111E+00  0.7898769753E+05
  0.3438888889E+00  0.7890582531E+05
  0.3441666667E+00  0.7882395208E+05
  0.3444444444E+00  0.7874207920E+05
  0.3447222222E+00  0.7866020598E+05
  0.3450000000E+00  0.7857833319E+05
  0.3452777778E+00  0.7853472756E+05
  0.3455555556E+00  0.7849112237E+05
  0.3458333333E+00  0.7844751719E+05
  0.3461111111E+00  0.7840391300E+05
  0.3463888889E+00  0.7836030749E+05
  0.3466666667E+00  0.7831670230E+05
  0.3469444444E+00  0.7827309711E+05
  0.3472222222E+00  0.7822949159E+05
  0.3475000000E+00  0.7818588640E+05
  0.3477777778E+00  0.7814228122E+05
  0.3480555556E+00  0.7809867603E+05
  0.3483333333E+00  0.7805507050E+05
  0.3486111111E+00  0.7801146532E+05
  0.3488888889E+00  0.7796786013E+05
  0.3491666667E+00  0.7792425461E+05
  0.3494444444E+00  0.7788064942E+05
  0.3497222222E+00  0.7783704424E+05
  0.3500000000E+00  0.7779344006E+05
  0.3502777778E+00  0.7778392382E+05
  0.3505555556E+00  0.7777440847E+05
  0.3508333333E+00  0.7776489358E+05
  0.3511111111E+00  0.7775537834E+05
  0.3513888889E+00  0.7774586333E+05
  0.3516666667E+00  0.7773634709E+05
  0.3519444444E+00  0.7772683187E+05
  0.3522222222E+00  0.7771731686E+05
  0.3525000000E+00  0.7770780162E+05
  0.3527777778E+00  0.7769828639E+05
  0.3530555556E+00  0.7768877049E+05
  0.3533333333E+00  0.7767925514E+05
  0.3536111111E+00  0.7766974024E+05
  0.3538888889E+00  0.7766022502E+05
  0.3541666667E+00  0.7765070967E+05
  0.3544444444E+00  0.7764119377E+05
  0.3547222222E+00  0.7763167854E+05
  0.3550000000E+00  0.7762216319E+05
  0.3552777778E+00  0.7764096262E+05
  0.3555555556E+00  0.7765976194E+05
  0.3558333333E+00  0.7767856126E+05
  0.3561111111E+00  0.7769736001E+05
  0.3563888889E+00  0.7771615933E+05
  0.3566666667E+00  0.7773495876E+05
  0.3569444444E+00  0.7775375808E+05
  0.3572222222E+00  0.7777255740E+05
  0.3575000000E+00  0.7779135682E+05
  0.3577777778E+00  0.7781015514E+05
  0.3580555556E+00  0.7782895445E+05
  0.3583333333E+00  0.7784775388E+05
  0.3586111111E+00  0.7786655320E+05
  0.3588888889E+00  0.7788535251E+05
  0.3591666667E+00  0.7790415094E+05
  0.3594444444E+00  0.7792295026E+05
  0.3597222222E+00  0.7794174969E+05
  0.3600000000E+00  0.7796054901E+05
  0.3602777778E+00  0.7800079745E+05
  0.3605555556E+00  0.7804104711E+05
  0.3608333333E+00  0.7808129654E+05
  0.3611111111E+00  0.7812154499E+05
  0.3613888889E+00  0.7816179476E+05
  0.3616666667E+00  0.7820204308E+05
  0.3619444444E+00  0.7824229286E+05
  0.3622222222E+00  0.7828254130E+05
  0.3625000000E+00  0.7832279074E+05
  0.3627777778E+00  0.7836303940E+05
  0.3630555556E+00  0.7840328884E+05
  0.3633333333E+00  0.7844353728E+05
  0.3636111111E+00  0.7848378705E+05
  0.3638888889E+00  0.7852403638E+05
  0.3641666667E+00  0.7856428483E+05
  0.3644444444E+00  0.7860453460E+05
  0.3647222222E+00  0.7864478304E+05
  0.3650000000E+00  0.7868503270E+05
  0.3652777778E+00  0.7873936104E+05
  0.3655555556E+00  0.7879368937E+05
  0.3658333333E+00  0.7884801771E+05
  0.3661111111E+00  0.7890234706E+05
  0.3663888889E+00  0.7895667540E+05
  0.3666666667E+00  0.7901100374E+05
  0.3669444444E+00  0.7906533208E+05
  0.3672222222E+00  0.7911966141E+05
  0.3675000000E+00  0.7917398976E+05
  0.3677777778E+00  0.7922831810E+05
  0.3680555556E+00  0.7928264677E+05
  0.3683333333E+00  0.7933697611E+05
  0.3686111111E+00  0.7939130445E+05
  0.3688888889E+00  0.7944563278E+05
  0.3691666667E+00  0.7949996113E+05
  0.3694444444E+00  0.7955429036E+05
  0.3697222222E+00  0.7960861870E+05
  0.3700000000E+00  0.7966294703E+05
  0.3702777778E+00  0.7972397166E+05
  0.3705555556E+00  0.7978499595E+05
  0.3708333333E+00  0.7984602013E+05
  0.3711111111E+00  0.7990704376E+05
  0.3713888889E+00  0.7996806805E+05
  0.3716666667E+00  0.8002909223E+05
  0.3719444444E+00  0.8009011685E+05
  0.3722222222E+00  0.8015114015E+05
  0.3725000000E+00  0.8021216433E+05
  0.3727777778E+00  0.8027318895E+05
  0.3730555556E+00  0.8033421324E+05
  0.3733333333E+00  0.8039523642E+05
  0.3736111111E+00  0.8045626105E+05
  0.3738888889E+00  0.8051728534E+05
  0.3741666667E+00  0.8057830986E+05
  0.3744444444E+00  0.8063933416E+05
  0.3747222222E+00  0.8070035745E+05
  0.3750000000E+00  0.8076138196E+05
  0.3752777778E+00  0.8082224218E+05
  0.3755555556E+00  0.8088310296E+05
  0.3758333333E+00  0.8094396318E+05
  0.3761111111E+00  0.8100482341E+05
  0.3763888889E+00  0.8106568451E+05
  0.3766666667E+00  0.8112654474E+05
  0.3769444444E+00  0.8118740496E+05
  0.3772222222E+00  0.8124826607E+05
  0.3775000000E+00  0.8130912629E+05
  0.3777777778E+00  0.8136998741E+05
  0.3780555556E+00  0.8143084763E+05
  0.3783333333E+00  0.8149170785E+05
  0.3786111111E+00  0.8155256897E+05
  0.3788888889E+00  0.8161342918E+05
  0.3791666667E+00  0.8167428930E+05
  0.3794444444E+00  0.8173515052E+05
  0.3797222222E+00  0.8179601041E+05
  0.3800000000E+00  0.8185687052E+05
  0.3802777778E+00  0.8191150971E+05
  0.3805555556E+00  0.8196614779E+05
  0.3808333333E+00  0.8202078620E+05
  0.3811111111E+00  0.8207542529E+05
  0.3813888889E+00  0.8213006348E+05
  0.3816666667E+00  0.8218470156E+05
  0.3819444444E+00  0.8223934064E+05
  0.3822222222E+00  0.8229397883E+05
  0.3825000000E+00  0.8234861691E+05
  0.3827777778E+00  0.8240325599E+05
  0.3830555556E+00  0.8245789418E+05
  0.3833333333E+00  0.8251253226E+05
  0.3836111111E+00  0.8256717133E+05
  0.3838888889E+00  0.8262180941E+05
  0.3841666667E+00  0.8267644860E+05
  0.3844444444E+00  0.8273108668E+05
  0.3847222222E+00  0.8278572477E+05
  0.3850000000E+00  0.8284036396E+05
  0.3852777778E+00  0.8288401283E+05
  0.3855555556E+00  0.8292766037E+05
  0.3858333333E+00  0.8297130925E+05
  0.3861111111E+00  0.8301495778E+05
  0.3863888889E+00  0.8305860667E+05
  0.3866666667E+00  0.8310225521E+05
  0.3869444444E+00  0.8314590408E+05
  0.3872222222E+00  0.8318955296E+05
  0.3875000000E+00  0.8323320149E+05
  0.3877777778E+00  0.8327685037E+05
  0.3880555556E+00  0.8332049891E+05
  0.3883333333E+00  0.8336414778E+05
  0.3886111111E+00  0.8340779633E+05
  0.3888888889E+00  0.8345144520E+05
  0.3891666667E+00  0.8349509363E+05
  0.3894444444E+00  0.8353874250E+05
  0.3897222222E+00  0.8358239104E+05
  0.3900000000E+00  0.8362603992E+05
  0.3902777778E+00  0.8365518732E+05
  0.3905555556E+00  0.8368433605E+05
  0.3908333333E+00  0.8371348467E+05
  0.3911111111E+00  0.8374263207E+05
  0.3913888889E+00  0.8377178080E+05
  0.3916666667E+00  0.8380092809E+05
  0.3919444444E+00  0.8383007682E+05
  0.3922222222E+00  0.8385922512E+05
  0.3925000000E+00  0.8388837285E+05
  0.3927777778E+00  0.8391752125E+05
  0.3930555556E+00  0.8394666986E+05
  0.3933333333E+00  0.8397581727E+05
  0.3936111111E+00  0.8400496600E+05
  0.3938888889E+00  0.8403411329E+05
  0.3941666667E+00  0.8406326202E+05
  0.3944444444E+00  0.8409241032E+05
  0.3947222222E+00  0.8412155804E+05
  0.3950000000E+00  0.8415070644E+05
  0.3952777778E+00  0.8416340370E+05
  0.3955555556E+00  0.8417610164E+05
  0.3958333333E+00  0.8418879890E+05
  0.3961111111E+00  0.8420149694E+05
  0.3963888889E+00  0.8421419420E+05
  0.3966666667E+00  0.8422689214E+05
  0.3969444444E+00  0.8423958940E+05
  0.3972222222E+00  0.8425228744E+05
  0.3975000000E+00  0.8426498471E+05
  0.3977777778E+00  0.8427768263E+05
  0.3980555556E+00  0.8429037989E+05
  0.3983333333E+00  0.8430307716E+05
  0.3986111111E+00  0.8431577520E+05
  0.3988888889E+00  0.8432847247E+05
  0.3991666667E+00  0.8434117039E+05
  0.3994444444E+00  0.8435386766E+05
  0.3997222222E+00  0.8436656570E+05
  0.4000000000E+00  0.8437926296E+05
  0.4002777778E+00  0.8437495980E+05
  0.4005555556E+00  0.8437065773E+05
  0.4008333333E+00  0.8436635435E+05
  0.4011111111E+00  0.8436205117E+05
  0.4013888889E+00  0.8435774812E+05
  0.4016666667E+00  0.8435344594E+05
  0.4019444444E+00  0.8434914288E+05
  0.4022222222E+00  0.8434483983E+05
  0.4025000000E+00  0.8434053665E+05
  0.4027777778E+00  0.8433623460E+05
  0.4030555556E+00  0.8433193142E+05
  0.4033333333E+00  0.8432762837E+05
  0.4036111111E+00  0.8432332531E+05
  0.4038888889E+00  0.8431902281E+05
  0.4041666667E+00  0.8431471974E+05
  0.4044444444E+00  0.8431041658E+05
  0.4047222222E+00  0.8430611352E+05
  0.4050000000E+00  0.8430181146E+05
  0.4052777778E+00  0.8428133238E+05
  0.4055555556E+00  0.8426085441E+05
  0.4058333333E+00  0.8424037679E+05
  0.4061111111E+00  0.8421989882E+05
  0.4063888889E+00  0.8419942074E+05
  0.4066666667E+00  0.8417894277E+05
  0.4069444444E+00  0.8415846481E+05
  0.4072222222E+00  0.8413798718E+05
  0.4075000000E+00  0.8411750910E+05
  0.4077777778E+00  0.8409703113E+05
  0.4080555556E+00  0.8407655216E+05
  0.4083333333E+00  0.8405607420E+05
  0.4086111111E+00  0.8403559645E+05
  0.4088888889E+00  0.8401511848E+05
  0.4091666667E+00  0.8399464051E+05
  0.4094444444E+00  0.8397416256E+05
  0.4097222222E+00  0.8395368448E+05
  0.4100000000E+00  0.8393320684E+05
  0.4102777778E+00  0.8389852867E+05
  0.4105555556E+00  0.8386385071E+05
  0.4108333333E+00  0.8382917387E+05
  0.4111111111E+00  0.8379449590E+05
  0.4113888889E+00  0.8375981873E+05
  0.4116666667E+00  0.8372514076E+05
  0.4119444444E+00  0.8369046281E+05
  0.4122222222E+00  0.8365578597E+05
  0.4125000000E+00  0.8362110801E+05
  0.4127777778E+00  0.8358642983E+05
  0.4130555556E+00  0.8355175287E+05
  0.4133333333E+00  0.8351707503E+05
  0.4136111111E+00  0.8348239707E+05
  0.4138888889E+00  0.8344772023E+05
  0.4141666667E+00  0.8341304194E+05
  0.4144444444E+00  0.8337836509E+05
  0.4147222222E+00  0.8334368714E+05
  0.4150000000E+00  0.8330900929E+05
  0.4152777778E+00  0.8326299783E+05
  0.4155555556E+00  0.8321698569E+05
  0.4158333333E+00  0.8317097356E+05
  0.4161111111E+00  0.8312496243E+05
  0.4163888889E+00  0.8307895041E+05
  0.4166666667E+00  0.8303293795E+05
  0.4169444444E+00  0.8298692681E+05
  0.4172222222E+00  0.8294091469E+05
  0.4175000000E+00  0.8289490255E+05
  0.4177777778E+00  0.8284889110E+05
  0.4180555556E+00  0.8280287907E+05
  0.4183333333E+00  0.8275686693E+05
  0.4186111111E+00  0.8271085581E+05
  0.4188888889E+00  0.8266484367E+05
  0.4191666667E+00  0.8261883122E+05
  0.4194444444E+00  0.8257282008E+05
  0.4197222222E+00  0.8252680807E+05
  0.4200000000E+00  0.8248079593E+05
  0.4202777778E+00  0.8242693457E+05
  0.4205555556E+00  0.8237307222E+05
  0.4208333333E+00  0.8231920998E+05
  0.4211111111E+00  0.8226534762E+05
  0.4213888889E+00  0.8221148560E+05
  0.4216666667E+00  0.8215762324E+05
  0.4219444444E+00  0.8210376200E+05
  0.4222222222E+00  0.8204989965E+05
  0.4225000000E+00  0.8199603729E+05
  0.4227777778E+00  0.8194217526E+05
  0.4230555556E+00  0.8188831302E+05
  0.4233333333E+00  0.8183445067E+05
  0.4236111111E+00  0.8178058932E+05
  0.4238888889E+00  0.8172672707E+05
  0.4241666667E+00  0.8167286471E+05
  0.4244444444E+00  0.8161900270E+05
  0.4247222222E+00  0.8156514034E+05
  0.4250000000E+00  0.8151127809E+05
  0.4252777778E+00  0.8145333850E+05
  0.4255555556E+00  0.8139540001E+05
  0.4258333333E+00  0.8133746053E+05
  0.4261111111E+00  0.8127952105E+05
  0.4263888889E+00  0.8122158156E+05
  0.4266666667E+00  0.8116364208E+05
  0.4269444444E+00  0.8110570259E+05
  0.4272222222E+00  0.8104776311E+05
  0.4275000000E+00  0.8098982352E+05
  0.4277777778E+00  0.8093188403E+05
  0.4280555556E+00  0.8087394456E+05
  0.4283333333E+00  0.8081600508E+05
  0.4286111111E+00  0.8075806559E+05
  0.4288888889E+00  0.8070012611E+05
  0.4291666667E+00  0.8064218695E+05
  0.4294444444E+00  0.8058424736E+05
  0.4297222222E+00  0.8052630788E+05
  0.4300000000E+00  0.8046836839E+05
  0.4302777778E+00  0.8041010611E+05
  0.4305555556E+00  0.8035184392E+05
  0.4308333333E+00  0.8029358197E+05
  0.4311111111E+00  0.8023531968E+05
  0.4313888889E+00  0.8017705738E+05
  0.4316666667E+00  0.8011879554E+05
  0.4319444444E+00  0.8006053325E+05
  0.4322222222E+00  0.8000227096E+05
  0.4325000000E+00  0.7994400867E+05
  0.4327777778E+00  0.7988574682E+05
  0.4330555556E+00  0.7982748353E+05
  0.4333333333E+00  0.7976922124E+05
  0.4336111111E+00  0.7971095929E+05
  0.4338888889E+00  0.7965269710E+05
  0.4341666667E+00  0.7959443481E+05
  0.4344444444E+00  0.7953617286E+05
  0.4347222222E+00  0.7947791056E+05
  0.4350000000E+00  0.7941964839E+05
  0.4352777778E+00  0.7936450707E+05
  0.4355555556E+00  0.7930936576E+05
  0.4358333333E+00  0.7925422446E+05
  0.4361111111E+00  0.7919908247E+05
  0.4363888889E+00  0.7914394116E+05
  0.4366666667E+00  0.7908879985E+05
  0.4369444444E+00  0.7903365855E+05
  0.4372222222E+00  0.7897851723E+05
  0.4375000000E+00  0.7892337592E+05
  0.4377777778E+00  0.7886823361E+05
  0.4380555556E+00  0.7881309229E+05
  0.4383333333E+00  0.7875795098E+05
  0.4386111111E+00  0.7870280968E+05
  0.4388888889E+00  0.7864766837E+05
  0.4391666667E+00  0.7859252645E+05
  0.4394444444E+00  0.7853738494E+05
  0.4397222222E+00  0.7848224343E+05
  0.4400000000E+00  0.7842710191E+05
  0.4402777778E+00  0.7837799138E+05
  0.4405555556E+00  0.7832888050E+05
  0.4408333333E+00  0.7827976963E+05
  0.4411111111E+00  0.7823065907E+05
  0.4413888889E+00  0.7818154809E+05
  0.4416666667E+00  0.7813243721E+05
  0.4419444444E+00  0.7808332677E+05
  0.4422222222E+00  0.7803421589E+05
  0.4425000000E+00  0.7798510491E+05
  0.4427777778E+00  0.7793599437E+05
  0.4430555556E+00  0.7788688348E+05
  0.4433333333E+00  0.7783777250E+05
  0.4436111111E+00  0.7778866196E+05
  0.4438888889E+00  0.7773955119E+05
  0.4441666667E+00  0.7769044030E+05
  0.4444444444E+00  0.7764132966E+05
  0.4447222222E+00  0.7759221878E+05
  0.4450000000E+00  0.7754310789E+05
  0.4452777778E+00  0.7750216036E+05
  0.4455555556E+00  0.7746121257E+05
  0.4458333333E+00  0.7742026480E+05
  0.4461111111E+00  0.7737931692E+05
  0.4463888889E+00  0.7733836926E+05
  0.4466666667E+00  0.7729742138E+05
  0.4469444444E+00  0.7725647360E+05
  0.4472222222E+00  0.7721552583E+05
  0.4475000000E+00  0.7717457795E+05
  0.4477777778E+00  0.7713363051E+05
  0.4480555556E+00  0.7709268263E+05
  0.4483333333E+00  0.7705173485E+05
  0.4486111111E+00  0.7701078697E+05
  0.4488888889E+00  0.7696983920E+05
  0.4491666667E+00  0.7692889142E+05
  0.4494444444E+00  0.7688794355E+05
  0.4497222222E+00  0.7684699576E+05
  0.4500000000E+00  0.7680604789E+05
  0.4502777778E+00  0.7677455229E+05
  0.4505555556E+00  0.7674305634E+05
  0.4508333333E+00  0.7671156073E+05
  0.4511111111E+00  0.7668006480E+05
  0.4513888889E+00  0.7664856919E+05
  0.4516666667E+00  0.7661707325E+05
  0.4519444444E+00  0.7658557776E+05
  0.4522222222E+00  0.7655408183E+05
  0.4525000000E+00  0.7652258621E+05
  0.4527777778E+00  0.7649109027E+05
  0.4530555556E+00  0.7645959467E+05
  0.4533333333E+00  0.7642809873E+05
  0.4536111111E+00  0.7639660313E+05
  0.4538888889E+00  0.7636510719E+05
  0.4541666667E+00  0.7633361158E+05
  0.4544444444E+00  0.7630211563E+05
  0.4547222222E+00  0.7627062003E+05
  0.4550000000E+00  0.7623912409E+05
  0.4552777778E+00  0.7621747613E+05
  0.4555555556E+00  0.7619582838E+05
  0.4558333333E+00  0.7617418042E+05
  0.4561111111E+00  0.7615253245E+05
  0.4563888889E+00  0.7613088437E+05
  0.4566666667E+00  0.7610923684E+05
  0.4569444444E+00  0.7608758886E+05
  0.4572222222E+00  0.7606594079E+05
  0.4575000000E+00  0.7604429283E+05
  0.4577777778E+00  0.7602264519E+05
  0.4580555556E+00  0.7600099711E+05
  0.4583333333E+00  0.7597934914E+05
  0.4586111111E+00  0.7595770118E+05
  0.4588888889E+00  0.7593605353E+05
  0.4591666667E+00  0.7591440556E+05
  0.4594444444E+00  0.7589275760E+05
  0.4597222222E+00  0.7587110984E+05
  0.4600000000E+00  0.7584946188E+05
  0.4602777778E+00  0.7583716543E+05
  0.4605555556E+00  0.7582486872E+05
  0.4608333333E+00  0.7581257226E+05
  0.4611111111E+00  0.7580027579E+05
  0.4613888889E+00  0.7578797933E+05
  0.4616666667E+00  0.7577568309E+05
  0.4619444444E+00  0.7576338662E+05
  0.4622222222E+00  0.7575108982E+05
  0.4625000000E+00  0.7573879335E+05
  0.4627777778E+00  0.7572649689E+05
  0.4630555556E+00  0.7571420053E+05
  0.4633333333E+00  0.7570190406E+05
  0.4636111111E+00  0.7568960760E+05
  0.4638888889E+00  0.7567731080E+05
  0.4641666667E+00  0.7566501444E+05
  0.4644444444E+00  0.7565271809E+05
  0.4647222222E+00  0.7564042162E+05
  0.4650000000E+00  0.7562812516E+05
  0.4652777778E+00  0.7562389499E+05
  0.4655555556E+00  0.7561966514E+05
  0.4658333333E+00  0.7561543487E+05
  0.4661111111E+00  0.7561120503E+05
  0.4663888889E+00  0.7560697486E+05
  0.4666666667E+00  0.7560274491E+05
  0.4669444444E+00  0.7559851474E+05
  0.4672222222E+00  0.7559428491E+05
  0.4675000000E+00  0.7559005474E+05
  0.4677777778E+00  0.7558582489E+05
  0.4680555556E+00  0.7558159451E+05
  0.4683333333E+00  0.7557736434E+05
  0.4686111111E+00  0.7557313451E+05
  0.4688888889E+00  0.7556890432E+05
  0.4691666667E+00  0.7556467449E+05
  0.4694444444E+00  0.7556044432E+05
  0.4697222222E+00  0.7555621438E+05
  0.4700000000E+00  0.7555198420E+05
  0.4702777778E+00  0.7555388897E+05
  0.4705555556E+00  0.7555579351E+05
  0.4708333333E+00  0.7555769815E+05
  0.4711111111E+00  0.7555960292E+05
  0.4713888889E+00  0.7556150746E+05
  0.4716666667E+00  0.7556341223E+05
  0.4719444444E+00  0.7556531677E+05
  0.4722222222E+00  0.7556722131E+05
  0.4725000000E+00  0.7556912607E+05
  0.4727777778E+00  0.7557103062E+05
  0.4730555556E+00  0.7557293559E+05
  0.4733333333E+00  0.7557484003E+05
  0.4736111111E+00  0.7557674456E+05
  0.4738888889E+00  0.7557864933E+05
  0.4741666667E+00  0.7558055387E+05
  0.4744444444E+00  0.7558245875E+05
  0.4747222222E+00  0.7558436318E+05
  0.4750000000E+00  0.7558626773E+05
  0.4752777778E+00  0.7559193809E+05
  0.4755555556E+00  0.7559760801E+05
  0.4758333333E+00  0.7560327828E+05
  0.4761111111E+00  0.7560894820E+05
  0.4763888889E+00  0.7561461835E+05
  0.4766666667E+00  0.7562028861E+05
  0.4769444444E+00  0.7562595854E+05
  0.4772222222E+00  0.7563162880E+05
  0.4775000000E+00  0.7563729883E+05
  0.4777777778E+00  0.7564296909E+05
  0.4780555556E+00  0.7564863901E+05
  0.4783333333E+00  0.7565430927E+05
  0.4786111111E+00  0.7565997920E+05
  0.4788888889E+00  0.7566564946E+05
  0.4791666667E+00  0.7567131928E+05
  0.4794444444E+00  0.7567698954E+05
  0.4797222222E+00  0.7568265946E+05
  0.4800000000E+00  0.7568832982E+05
  0.4802777778E+00  0.7569514318E+05
  0.4805555556E+00  0.7570195628E+05
  0.4808333333E+00  0.7570876974E+05
  0.4811111111E+00  0.7571558318E+05
  0.4813888889E+00  0.7572239662E+05
  0.4816666667E+00  0.7572920997E+05
  0.4819444444E+00  0.7573602308E+05
  0.4822222222E+00  0.7574283653E+05
  0.4825000000E+00  0.7574964986E+05
  0.4827777778E+00  0.7575646331E+05
  0.4830555556E+00  0.7576327666E+05
  0.4833333333E+00  0.7577008976E+05
  0.4836111111E+00  0.7577690322E+05
  0.4838888889E+00  0.7578371666E+05
  0.4841666667E+00  0.7579053011E+05
  0.4844444444E+00  0.7579734345E+05
  0.4847222222E+00  0.7580415656E+05
  0.4850000000E+00  0.7581097001E+05
  0.4852777778E+00  0.7581631223E+05
  0.4855555556E+00  0.7582165488E+05
  0.4858333333E+00  0.7582699700E+05
  0.4861111111E+00  0.7583233934E+05
  0.4863888889E+00  0.7583768189E+05
  0.4866666667E+00  0.7584302410E+05
  0.4869444444E+00  0.7584836643E+05
  0.4872222222E+00  0.7585370897E+05
  0.4875000000E+00  0.7585905131E+05
  0.4877777778E+00  0.7586439343E+05
  0.4880555556E+00  0.7586973598E+05
  0.4883333333E+00  0.7587507830E+05
  0.4886111111E+00  0.7588042052E+05
  0.4888888889E+00  0.7588576285E+05
  0.4891666667E+00  0.7589110540E+05
  0.4894444444E+00  0.7589644773E+05
  0.4897222222E+00  0.7590178984E+05
  0.4900000000E+00  0.7590713239E+05
  0.4902777778E+00  0.7590858631E+05
  0.4905555556E+00  0.7591004012E+05
  0.4908333333E+00  0.7591149404E+05
  0.4911111111E+00  0.7591294828E+05
  0.4913888889E+00  0.7591440199E+05
  0.4916666667E+00  0.7591585590E+05
  0.4919444444E+00  0.7591730971E+05
  0.4922222222E+00  0.7591876396E+05
  0.4925000000E+00  0.7592021776E+05
  0.4927777778E+00  0.7592167158E+05
  0.4930555556E+00  0.7592312548E+05
  0.4933333333E+00  0.7592457963E+05
  0.4936111111E+00  0.7592603354E+05
  0.4938888889E+00  0.7592748736E+05
  0.4941666667E+00  0.7592894128E+05
  0.4944444444E+00  0.7593039541E+05
  0.4947222222E+00  0.7593184922E+05
  0.4950000000E+00  0.7593330314E+05
