  0.1027777778E-01  0.2256354764E+08
  0.1055555556E-01  0.2253626387E+08
  0.1083333333E-01  0.2250898008E+08
  0.1111111111E-01  0.2248169618E+08
  0.1138888889E-01  0.2245441273E+08
  0.1166666667E-01  0.2242712894E+08
  0.1194444444E-01  0.2239984516E+08
  0.1222222222E-01  0.2237256126E+08
  0.1250000000E-01  0.2234527748E+08
  0.1277777778E-01  0.2231799402E+08
  0.1305555556E-01  0.2229071024E+08
  0.1333333333E-01  0.2226342636E+08
  0.1361111111E-01  0.2223614246E+08
  0.1388888889E-01  0.2220885901E+08
  0.1416666667E-01  0.2218157522E+08
  0.1444444444E-01  0.2215429144E+08
  0.1472222222E-01  0.2212700754E+08
  0.1500000000E-01  0.2209972375E+08
  0.1527777778E-01  0.2206249535E+08
  0.1555555556E-01  0.2202526661E+08
  0.1583333333E-01  0.2198803786E+08
  0.1611111111E-01  0.2195080946E+08
  0.1638888889E-01  0.2191358072E+08
  0.1666666667E-01  0.2187635189E+08
  0.1694444444E-01  0.2183912314E+08
  0.1722222222E-01  0.2180189474E+08
  0.1750000000E-01  0.2176466600E+08
  0.1777777778E-01  0.2172743725E+08
  0.1805555556E-01  0.2169020885E+08
  0.1833333333E-01  0.2165298011E+08
  0.1861111111E-01  0.2161575138E+08
  0.1888888889E-01  0.2157852263E+08
  0.1916666667E-01  0.2154129422E+08
  0.1944444444E-01  0.2150406539E+08
  0.1972222222E-01  0.2146683664E+08
  0.2000000000E-01  0.2142960790E+08
  0.2027777778E-01  0.2138334064E+08
  0.2055555556E-01  0.2133707305E+08
  0.2083333333E-01  0.2129080545E+08
  0.2111111111E-01  0.2124453775E+08
  0.2138888889E-01  0.2119827027E+08
  0.2166666667E-01  0.2115200289E+08
  0.2194444444E-01  0.2110573540E+08
  0.2222222222E-01  0.2105946781E+08
  0.2250000000E-01  0.2101320010E+08
  0.2277777778E-01  0.2096693262E+08
  0.2305555556E-01  0.2092066526E+08
  0.2333333333E-01  0.2087439777E+08
  0.2361111111E-01  0.2082813007E+08
  0.2388888889E-01  0.2078186247E+08
  0.2416666667E-01  0.2073559487E+08
  0.2444444444E-01  0.2068932760E+08
  0.2472222222E-01  0.2064306002E+08
  0.2500000000E-01  0.2059679242E+08
  0.2527777778E-01  0.2054260432E+08
  0.2555555556E-01  0.2048841622E+08
  0.2583333333E-01  0.2043422800E+08
  0.2611111111E-01  0.2038003991E+08
  0.2638888889E-01  0.2032585181E+08
  0.2666666667E-01  0.2027166360E+08
  0.2694444444E-01  0.2021747539E+08
  0.2722222222E-01  0.2016328729E+08
  0.2750000000E-01  0.2010909919E+08
  0.2777777778E-01  0.2005491099E+08
  0.2805555556E-01  0.2000072288E+08
  0.2833333333E-01  0.1994653478E+08
  0.2861111111E-01  0.1989234657E+08
  0.2888888889E-01  0.1983815847E+08
  0.2916666667E-01  0.1978397036E+08
  0.2944444444E-01  0.1972978260E+08
  0.2972222222E-01  0.1967559439E+08
  0.3000000000E-01  0.1962140629E+08
  0.3027777778E-01  0.1956058267E+08
  0.3055555556E-01  0.1949975916E+08
  0.3083333333E-01  0.1943893555E+08
  0.3111111111E-01  0.1937811193E+08
  0.3138888889E-01  0.1931728842E+08
  0.3166666667E-01  0.1925646480E+08
  0.3194444444E-01  0.1919564119E+08
  0.3222222222E-01  0.1913481767E+08
  0.3250000000E-01  0.1907399405E+08
  0.3277777778E-01  0.1901317044E+08
  0.3305555556E-01  0.1895234704E+08
  0.3333333333E-01  0.1889152341E+08
  0.3361111111E-01  0.1883069980E+08
  0.3388888889E-01  0.1876987629E+08
  0.3416666667E-01  0.1870905267E+08
  0.3444444444E-01  0.1864822905E+08
  0.3472222222E-01  0.1858740588E+08
  0.3500000000E-01  0.1852658227E+08
  0.3527777778E-01  0.1846050354E+08
  0.3555555556E-01  0.1839442524E+08
  0.3583333333E-01  0.1832834684E+08
  0.3611111111E-01  0.1826226855E+08
  0.3638888889E-01  0.1819618982E+08
  0.3666666667E-01  0.1813011153E+08
  0.3694444444E-01  0.1806403313E+08
  0.3722222222E-01  0.1799795483E+08
  0.3750000000E-01  0.1793187644E+08
  0.3777777778E-01  0.1786579781E+08
  0.3805555556E-01  0.1779971942E+08
  0.3833333333E-01  0.1773364102E+08
  0.3861111111E-01  0.1766756272E+08
  0.3888888889E-01  0.1760148399E+08
  0.3916666667E-01  0.1753540570E+08
  0.3944444444E-01  0.1746932730E+08
  0.3972222222E-01  0.1740324902E+08
  0.4000000000E-01  0.1733717029E+08
  0.4027777778E-01  0.1726729511E+08
  0.4055555556E-01  0.1719741950E+08
  0.4083333333E-01  0.1712754400E+08
  0.4111111111E-01  0.1705766839E+08
  0.4138888889E-01  0.1698779311E+08
  0.4166666667E-01  0.1691791761E+08
  0.4194444444E-01  0.1684804200E+08
  0.4222222222E-01  0.1677816649E+08
  0.4250000000E-01  0.1670829088E+08
  0.4277777778E-01  0.1663841571E+08
  0.4305555556E-01  0.1656854010E+08
  0.4333333333E-01  0.1649866449E+08
  0.4361111111E-01  0.1642878899E+08
  0.4388888889E-01  0.1635891371E+08
  0.4416666667E-01  0.1628903820E+08
  0.4444444444E-01  0.1621916259E+08
  0.4472222222E-01  0.1614928709E+08
  0.4500000000E-01  0.1607941148E+08
  0.4527777778E-01  0.1600720675E+08
  0.4555555556E-01  0.1593500159E+08
  0.4583333333E-01  0.1586279686E+08
  0.4611111111E-01  0.1579059169E+08
  0.4638888889E-01  0.1571838686E+08
  0.4666666667E-01  0.1564618180E+08
  0.4694444444E-01  0.1557397707E+08
  0.4722222222E-01  0.1550177190E+08
  0.4750000000E-01  0.1542956685E+08
  0.4777777778E-01  0.1535736212E+08
  0.4805555556E-01  0.1528515685E+08
  0.4833333333E-01  0.1521295212E+08
  0.4861111111E-01  0.1514074705E+08
  0.4888888889E-01  0.1506854223E+08
  0.4916666667E-01  0.1499633716E+08
  0.4944444444E-01  0.1492413210E+08
  0.4972222222E-01  0.1485192728E+08
  0.5000000000E-01  0.1477972210E+08
  0.5027777778E-01  0.1470662079E+08
  0.5055555556E-01  0.1463351904E+08
  0.5083333333E-01  0.1456041729E+08
  0.5111111111E-01  0.1448731554E+08
  0.5138888889E-01  0.1441421390E+08
  0.5166666667E-01  0.1434111248E+08
  0.5194444444E-01  0.1426801073E+08
  0.5222222222E-01  0.1419490898E+08
  0.5250000000E-01  0.1412180733E+08
  0.5277777778E-01  0.1404870558E+08
  0.5305555556E-01  0.1397560427E+08
  0.5333333333E-01  0.1390250242E+08
  0.5361111111E-01  0.1382940077E+08
  0.5388888889E-01  0.1375629902E+08
  0.5416666667E-01  0.1368319738E+08
  0.5444444444E-01  0.1361009595E+08
  0.5472222222E-01  0.1353699421E+08
  0.5500000000E-01  0.1346389246E+08
  0.5527777778E-01  0.1339124642E+08
  0.5555555556E-01  0.1331860027E+08
  0.5583333333E-01  0.1324595402E+08
  0.5611111111E-01  0.1317330787E+08
  0.5638888889E-01  0.1310066172E+08
  0.5666666667E-01  0.1302801557E+08
  0.5694444444E-01  0.1295536942E+08
  0.5722222222E-01  0.1288272317E+08
  0.5750000000E-01  0.1281007735E+08
  0.5777777778E-01  0.1273743120E+08
  0.5805555556E-01  0.1266478505E+08
  0.5833333333E-01  0.1259213880E+08
  0.5861111111E-01  0.1251949267E+08
  0.5888888889E-01  0.1244684652E+08
  0.5916666667E-01  0.1237420040E+08
  0.5944444444E-01  0.1230155425E+08
  0.5972222222E-01  0.1222890803E+08
  0.6000000000E-01  0.1215626188E+08
  0.6027777778E-01  0.1208531022E+08
  0.6055555556E-01  0.1201435866E+08
  0.6083333333E-01  0.1194340687E+08
  0.6111111111E-01  0.1187245532E+08
  0.6138888889E-01  0.1180150365E+08
  0.6166666667E-01  0.1173055206E+08
  0.6194444444E-01  0.1165960030E+08
  0.6222222222E-01  0.1158864874E+08
  0.6250000000E-01  0.1151769708E+08
  0.6277777778E-01  0.1144674549E+08
  0.6305555556E-01  0.1137579383E+08
  0.6333333333E-01  0.1130484217E+08
  0.6361111111E-01  0.1123389051E+08
  0.6388888889E-01  0.1116293881E+08
  0.6416666667E-01  0.1109198726E+08
  0.6444444444E-01  0.1102103549E+08
  0.6472222222E-01  0.1095008394E+08
  0.6500000000E-01  0.1087913224E+08
  0.6527777778E-01  0.1081096125E+08
  0.6555555556E-01  0.1074279035E+08
  0.6583333333E-01  0.1067461925E+08
  0.6611111111E-01  0.1060644838E+08
  0.6638888889E-01  0.1053827737E+08
  0.6666666667E-01  0.1047010644E+08
  0.6694444444E-01  0.1040193542E+08
  0.6722222222E-01  0.1033376440E+08
  0.6750000000E-01  0.1026559345E+08
  0.6777777778E-01  0.1019742242E+08
  0.6805555556E-01  0.1012925151E+08
  0.6833333333E-01  0.1006108048E+08
  0.6861111111E-01  0.9992909566E+07
  0.6888888889E-01  0.9924738539E+07
  0.6916666667E-01  0.9856567622E+07
  0.6944444444E-01  0.9788396598E+07
  0.6972222222E-01  0.9720225681E+07
  0.7000000000E-01  0.9652054654E+07
  0.7027777778E-01  0.9587579128E+07
  0.7055555556E-01  0.9523103635E+07
  0.7083333333E-01  0.9458628008E+07
  0.7111111111E-01  0.9394152511E+07
  0.7138888889E-01  0.9329676985E+07
  0.7166666667E-01  0.9265201492E+07
  0.7194444444E-01  0.9200725896E+07
  0.7222222222E-01  0.9136250369E+07
  0.7250000000E-01  0.9071774876E+07
  0.7277777778E-01  0.9007299350E+07
  0.7305555556E-01  0.8942823753E+07
  0.7333333333E-01  0.8878348226E+07
  0.7361111111E-01  0.8813872744E+07
  0.7388888889E-01  0.8749397214E+07
  0.7416666667E-01  0.8684921622E+07
  0.7444444444E-01  0.8620446129E+07
  0.7472222222E-01  0.8555970602E+07
  0.7500000000E-01  0.8491495105E+07
  0.7527777778E-01  0.8431438135E+07
  0.7555555556E-01  0.8371381272E+07
  0.7583333333E-01  0.8311324346E+07
  0.7611111111E-01  0.8251267482E+07
  0.7638888889E-01  0.8191210523E+07
  0.7666666667E-01  0.8131153686E+07
  0.7694444444E-01  0.8071096823E+07
  0.7722222222E-01  0.8011039898E+07
  0.7750000000E-01  0.7950983035E+07
  0.7777777778E-01  0.7890926075E+07
  0.7805555556E-01  0.7830869237E+07
  0.7833333333E-01  0.7770812276E+07
  0.7861111111E-01  0.7710755415E+07
  0.7888888889E-01  0.7650698586E+07
  0.7916666667E-01  0.7590641625E+07
  0.7944444444E-01  0.7530584754E+07
  0.7972222222E-01  0.7470527826E+07
  0.8000000000E-01  0.7410470965E+07
  0.8027777778E-01  0.7355362831E+07
  0.8055555556E-01  0.7300254696E+07
  0.8083333333E-01  0.7245146571E+07
  0.8111111111E-01  0.7190038437E+07
  0.8138888889E-01  0.7134930302E+07
  0.8166666667E-01  0.7079822200E+07
  0.8194444444E-01  0.7024714176E+07
  0.8222222222E-01  0.6969606041E+07
  0.8250000000E-01  0.6914497907E+07
  0.8277777778E-01  0.6859389771E+07
  0.8305555556E-01  0.6804281647E+07
  0.8333333333E-01  0.6749173513E+07
  0.8361111111E-01  0.6694065377E+07
  0.8388888889E-01  0.6638957253E+07
  0.8416666667E-01  0.6583849119E+07
  0.8444444444E-01  0.6528740984E+07
  0.8472222222E-01  0.6473632948E+07
  0.8500000000E-01  0.6418524825E+07
  0.8527777778E-01  0.6368698812E+07
  0.8555555556E-01  0.6318872764E+07
  0.8583333333E-01  0.6269046817E+07
  0.8611111111E-01  0.6219220804E+07
  0.8638888889E-01  0.6169394856E+07
  0.8666666667E-01  0.6119568854E+07
  0.8694444444E-01  0.6069742807E+07
  0.8722222222E-01  0.6019916860E+07
  0.8750000000E-01  0.5970090846E+07
  0.8777777778E-01  0.5920264799E+07
  0.8805555556E-01  0.5870438863E+07
  0.8833333333E-01  0.5820612850E+07
  0.8861111111E-01  0.5770786902E+07
  0.8888888889E-01  0.5720960889E+07
  0.8916666667E-01  0.5671134842E+07
  0.8944444444E-01  0.5621308906E+07
  0.8972222222E-01  0.5571482892E+07
  0.9000000000E-01  0.5521656946E+07
  0.9027777778E-01  0.5477262412E+07
  0.9055555556E-01  0.5432867861E+07
  0.9083333333E-01  0.5388473349E+07
  0.9111111111E-01  0.5344078827E+07
  0.9138888889E-01  0.5299684316E+07
  0.9166666667E-01  0.5255289794E+07
  0.9194444444E-01  0.5210895272E+07
  0.9222222222E-01  0.5166500750E+07
  0.9250000000E-01  0.5122106239E+07
  0.9277777778E-01  0.5077711716E+07
  0.9305555556E-01  0.5033317238E+07
  0.9333333333E-01  0.4988922727E+07
  0.9361111111E-01  0.4944528205E+07
  0.9388888889E-01  0.4900133693E+07
  0.9416666667E-01  0.4855739170E+07
  0.9444444444E-01  0.4811344649E+07
  0.9472222222E-01  0.4766950126E+07
  0.9500000000E-01  0.4722555615E+07
  0.9527777778E-01  0.4683572250E+07
  0.9555555556E-01  0.4644588930E+07
  0.9583333333E-01  0.4605605588E+07
  0.9611111111E-01  0.4566622223E+07
  0.9638888889E-01  0.4527638892E+07
  0.9666666667E-01  0.4488655561E+07
  0.9694444444E-01  0.4449672206E+07
  0.9722222222E-01  0.4410688864E+07
  0.9750000000E-01  0.4371705533E+07
  0.9777777778E-01  0.4332722168E+07
  0.9805555556E-01  0.4293738838E+07
  0.9833333333E-01  0.4254755517E+07
  0.9861111111E-01  0.4215772140E+07
  0.9888888889E-01  0.4176788809E+07
  0.9916666667E-01  0.4137805479E+07
  0.9944444444E-01  0.4098822114E+07
  0.9972222222E-01  0.4059838793E+07
  0.1000000000E+00  0.4020855462E+07
  0.1002777778E+00  0.3987112142E+07
  0.1005555556E+00  0.3953368823E+07
  0.1008333333E+00  0.3919625515E+07
  0.1011111111E+00  0.3885882206E+07
  0.1013888889E+00  0.3852138898E+07
  0.1016666667E+00  0.3818395623E+07
  0.1019444444E+00  0.3784652314E+07
  0.1022222222E+00  0.3750908996E+07
  0.1025000000E+00  0.3717165687E+07
  0.1027777778E+00  0.3683422379E+07
  0.1030555556E+00  0.3649679069E+07
  0.1033333333E+00  0.3615935760E+07
  0.1036111111E+00  0.3582192452E+07
  0.1038888889E+00  0.3548449167E+07
  0.1041666667E+00  0.3514705858E+07
  0.1044444444E+00  0.3480962550E+07
  0.1047222222E+00  0.3447219241E+07
  0.1050000000E+00  0.3413475933E+07
  0.1052777778E+00  0.3384681194E+07
  0.1055555556E+00  0.3355886422E+07
  0.1058333333E+00  0.3327091695E+07
  0.1061111111E+00  0.3298296967E+07
  0.1063888889E+00  0.3269502206E+07
  0.1066666667E+00  0.3240707467E+07
  0.1069444444E+00  0.3211912707E+07
  0.1072222222E+00  0.3183117968E+07
  0.1075000000E+00  0.3154323240E+07
  0.1077777778E+00  0.3125528479E+07
  0.1080555556E+00  0.3096733742E+07
  0.1083333333E+00  0.3067938980E+07
  0.1086111111E+00  0.3039144253E+07
  0.1088888889E+00  0.3010349525E+07
  0.1091666667E+00  0.2981554743E+07
  0.1094444444E+00  0.2952760015E+07
  0.1097222222E+00  0.2923965254E+07
  0.1100000000E+00  0.2895170526E+07
  0.1102777778E+00  0.2870933231E+07
  0.1105555556E+00  0.2846695903E+07
  0.1108333333E+00  0.2822458585E+07
  0.1111111111E+00  0.2798221290E+07
  0.1113888889E+00  0.2773983962E+07
  0.1116666667E+00  0.2749746667E+07
  0.1119444444E+00  0.2725509349E+07
  0.1122222222E+00  0.2701272021E+07
  0.1125000000E+00  0.2677034726E+07
  0.1127777778E+00  0.2652797398E+07
  0.1130555556E+00  0.2628560113E+07
  0.1133333333E+00  0.2604322785E+07
  0.1136111111E+00  0.2580085456E+07
  0.1138888889E+00  0.2555848162E+07
  0.1141666667E+00  0.2531610833E+07
  0.1144444444E+00  0.2507373549E+07
  0.1147222222E+00  0.2483136209E+07
  0.1150000000E+00  0.2458898914E+07
  0.1152777778E+00  0.2438760580E+07
  0.1155555556E+00  0.2418622267E+07
  0.1158333333E+00  0.2398483921E+07
  0.1161111111E+00  0.2378345608E+07
  0.1163888889E+00  0.2358207285E+07
  0.1166666667E+00  0.2338068951E+07
  0.1169444444E+00  0.2317930638E+07
  0.1172222222E+00  0.2297792325E+07
  0.1175000000E+00  0.2277653979E+07
  0.1177777778E+00  0.2257515667E+07
  0.1180555556E+00  0.2237377322E+07
  0.1183333333E+00  0.2217239009E+07
  0.1186111111E+00  0.2197100696E+07
  0.1188888889E+00  0.2176962350E+07
  0.1191666667E+00  0.2156824038E+07
  0.1194444444E+00  0.2136685693E+07
  0.1197222222E+00  0.2116547380E+07
  0.1200000000E+00  0.2096409067E+07
  0.1202777778E+00  0.2079869681E+07
  0.1205555556E+00  0.2063330304E+07
  0.1208333333E+00  0.2046790929E+07
  0.1211111111E+00  0.2030251575E+07
  0.1213888889E+00  0.2013712189E+07
  0.1216666667E+00  0.1997172802E+07
  0.1219444444E+00  0.1980633416E+07
  0.1222222222E+00  0.1964094050E+07
  0.1225000000E+00  0.1947554697E+07
  0.1227777778E+00  0.1931015310E+07
  0.1230555556E+00  0.1914475924E+07
  0.1233333333E+00  0.1897936537E+07
  0.1236111111E+00  0.1881397172E+07
  0.1238888889E+00  0.1864857819E+07
  0.1241666667E+00  0.1848318432E+07
  0.1244444444E+00  0.1831779045E+07
  0.1247222222E+00  0.1815239670E+07
  0.1250000000E+00  0.1798700293E+07
  0.1252777778E+00  0.1785243665E+07
  0.1255555556E+00  0.1771787037E+07
  0.1258333333E+00  0.1758330432E+07
  0.1261111111E+00  0.1744873804E+07
  0.1263888889E+00  0.1731417176E+07
  0.1266666667E+00  0.1717960548E+07
  0.1269444444E+00  0.1704503909E+07
  0.1272222222E+00  0.1691047281E+07
  0.1275000000E+00  0.1677590652E+07
  0.1277777778E+00  0.1664134024E+07
  0.1280555556E+00  0.1650677396E+07
  0.1283333333E+00  0.1637220768E+07
  0.1286111111E+00  0.1623764140E+07
  0.1288888889E+00  0.1610307512E+07
  0.1291666667E+00  0.1596850884E+07
  0.1294444444E+00  0.1583394256E+07
  0.1297222222E+00  0.1569937628E+07
  0.1300000000E+00  0.1556481033E+07
  0.1302777778E+00  0.1545598834E+07
  0.1305555556E+00  0.1534716645E+07
  0.1308333333E+00  0.1523834435E+07
  0.1311111111E+00  0.1512952247E+07
  0.1313888889E+00  0.1502070081E+07
  0.1316666667E+00  0.1491187892E+07
  0.1319444444E+00  0.1480305694E+07
  0.1322222222E+00  0.1469423494E+07
  0.1325000000E+00  0.1458541328E+07
  0.1327777778E+00  0.1447659140E+07
  0.1330555556E+00  0.1436776941E+07
  0.1333333333E+00  0.1425894752E+07
  0.1336111111E+00  0.1415012542E+07
  0.1338888889E+00  0.1404130387E+07
  0.1341666667E+00  0.1393248188E+07
  0.1344444444E+00  0.1382365999E+07
  0.1347222222E+00  0.1371483789E+07
  0.1350000000E+00  0.1360601634E+07
  0.1352777778E+00  0.1351811157E+07
  0.1355555556E+00  0.1343020689E+07
  0.1358333333E+00  0.1334230222E+07
  0.1361111111E+00  0.1325439745E+07
  0.1363888889E+00  0.1316649267E+07
  0.1366666667E+00  0.1307858823E+07
  0.1369444444E+00  0.1299068356E+07
  0.1372222222E+00  0.1290277878E+07
  0.1375000000E+00  0.1281487411E+07
  0.1377777778E+00  0.1272696934E+07
  0.1380555556E+00  0.1263906456E+07
  0.1383333333E+00  0.1255116012E+07
  0.1386111111E+00  0.1246325545E+07
  0.1388888889E+00  0.1237535077E+07
  0.1391666667E+00  0.1228744600E+07
  0.1394444444E+00  0.1219954133E+07
  0.1397222222E+00  0.1211163645E+07
  0.1400000000E+00  0.1202373211E+07
  0.1402777778E+00  0.1195233518E+07
  0.1405555556E+00  0.1188093859E+07
  0.1408333333E+00  0.1180954156E+07
  0.1411111111E+00  0.1173814497E+07
  0.1413888889E+00  0.1166674793E+07
  0.1416666667E+00  0.1159535134E+07
  0.1419444444E+00  0.1152395442E+07
  0.1422222222E+00  0.1145255782E+07
  0.1425000000E+00  0.1138116123E+07
  0.1427777778E+00  0.1130976431E+07
  0.1430555556E+00  0.1123836760E+07
  0.1433333333E+00  0.1116697068E+07
  0.1436111111E+00  0.1109557409E+07
  0.1438888889E+00  0.1102417706E+07
  0.1441666667E+00  0.1095278047E+07
  0.1444444444E+00  0.1088138376E+07
  0.1447222222E+00  0.1080998684E+07
  0.1450000000E+00  0.1073859025E+07
  0.1452777778E+00  0.1067981444E+07
  0.1455555556E+00  0.1062103829E+07
  0.1458333333E+00  0.1056226237E+07
  0.1461111111E+00  0.1050348656E+07
  0.1463888889E+00  0.1044471075E+07
  0.1466666667E+00  0.1038593495E+07
  0.1469444444E+00  0.1032715914E+07
  0.1472222222E+00  0.1026838322E+07
  0.1475000000E+00  0.1020960721E+07
  0.1477777778E+00  0.1015083133E+07
  0.1480555556E+00  0.1009205549E+07
  0.1483333333E+00  0.1003327950E+07
  0.1486111111E+00  0.9974503656E+06
  0.1488888889E+00  0.9915727814E+06
  0.1491666667E+00  0.9856951937E+06
  0.1494444444E+00  0.9798176095E+06
  0.1497222222E+00  0.9739400107E+06
  0.1500000000E+00  0.9680624264E+06
  0.1502777778E+00  0.9631167641E+06
  0.1505555556E+00  0.9581710940E+06
  0.1508333333E+00  0.9532254105E+06
  0.1511111111E+00  0.9482797516E+06
  0.1513888889E+00  0.9433340814E+06
  0.1516666667E+00  0.9383884191E+06
  0.1519444444E+00  0.9334427390E+06
  0.1522222222E+00  0.9284970800E+06
  0.1525000000E+00  0.9235514066E+06
  0.1527777778E+00  0.9186057476E+06
  0.1530555556E+00  0.9136600641E+06
  0.1533333333E+00  0.9087143940E+06
  0.1536111111E+00  0.9037687350E+06
  0.1538888889E+00  0.8988230616E+06
  0.1541666667E+00  0.8938773926E+06
  0.1544444444E+00  0.8889317191E+06
  0.1547222222E+00  0.8839860602E+06
  0.1550000000E+00  0.8790403901E+06
  0.1552777778E+00  0.8747581616E+06
  0.1555555556E+00  0.8704759264E+06
  0.1558333333E+00  0.8661936935E+06
  0.1561111111E+00  0.8619114606E+06
  0.1563888889E+00  0.8576292288E+06
  0.1566666667E+00  0.8533469958E+06
  0.1569444444E+00  0.8490647640E+06
  0.1572222222E+00  0.8447825311E+06
  0.1575000000E+00  0.8405002982E+06
  0.1577777778E+00  0.8362180663E+06
  0.1580555556E+00  0.8319358334E+06
  0.1583333333E+00  0.8276536005E+06
  0.1586111111E+00  0.8233713687E+06
  0.1588888889E+00  0.8190891358E+06
  0.1591666667E+00  0.8148069029E+06
  0.1594444444E+00  0.8105246710E+06
  0.1597222222E+00  0.8062424381E+06
  0.1600000000E+00  0.8019602063E+06
  0.1602777778E+00  0.7981336452E+06
  0.1605555556E+00  0.7943070886E+06
  0.1608333333E+00  0.7904805187E+06
  0.1611111111E+00  0.7866539576E+06
  0.1613888889E+00  0.7828273977E+06
  0.1616666667E+00  0.7790008277E+06
  0.1619444444E+00  0.7751742677E+06
  0.1622222222E+00  0.7713477067E+06
  0.1625000000E+00  0.7675211367E+06
  0.1627777778E+00  0.7636945768E+06
  0.1630555556E+00  0.7598680157E+06
  0.1633333333E+00  0.7560414458E+06
  0.1636111111E+00  0.7522148858E+06
  0.1638888889E+00  0.7483883281E+06
  0.1641666667E+00  0.7445617581E+06
  0.1644444444E+00  0.7407351982E+06
  0.1647222222E+00  0.7369086383E+06
  0.1650000000E+00  0.7330820672E+06
  0.1652777778E+00  0.7295595110E+06
  0.1655555556E+00  0.7260369583E+06
  0.1658333333E+00  0.7225144021E+06
  0.1661111111E+00  0.7189918482E+06
  0.1663888889E+00  0.7154692920E+06
  0.1666666667E+00  0.7119467392E+06
  0.1669444444E+00  0.7084241830E+06
  0.1672222222E+00  0.7049016291E+06
  0.1675000000E+00  0.7013790829E+06
  0.1677777778E+00  0.6978565302E+06
  0.1680555556E+00  0.6943339740E+06
  0.1683333333E+00  0.6908114168E+06
  0.1686111111E+00  0.6872888639E+06
  0.1688888889E+00  0.6837663078E+06
  0.1691666667E+00  0.6802437550E+06
  0.1694444444E+00  0.6767211978E+06
  0.1697222222E+00  0.6731986449E+06
  0.1700000000E+00  0.6696760888E+06
  0.1702777778E+00  0.6663571434E+06
  0.1705555556E+00  0.6630382069E+06
  0.1708333333E+00  0.6597192715E+06
  0.1711111111E+00  0.6564003361E+06
  0.1713888889E+00  0.6530813897E+06
  0.1716666667E+00  0.6497624543E+06
  0.1719444444E+00  0.6464435190E+06
  0.1722222222E+00  0.6431245824E+06
  0.1725000000E+00  0.6398056470E+06
  0.1727777778E+00  0.6364867017E+06
  0.1730555556E+00  0.6331677652E+06
  0.1733333333E+00  0.6298488298E+06
  0.1736111111E+00  0.6265298944E+06
  0.1738888889E+00  0.6232109491E+06
  0.1741666667E+00  0.6198920126E+06
  0.1744444444E+00  0.6165730772E+06
  0.1747222222E+00  0.6132541419E+06
  0.1750000000E+00  0.6099351953E+06
  0.1752777778E+00  0.6067621426E+06
  0.1755555556E+00  0.6035890755E+06
  0.1758333333E+00  0.6004160094E+06
  0.1761111111E+00  0.5972429523E+06
  0.1763888889E+00  0.5940698851E+06
  0.1766666667E+00  0.5908968190E+06
  0.1769444444E+00  0.5877237619E+06
  0.1772222222E+00  0.5845506957E+06
  0.1775000000E+00  0.5813776419E+06
  0.1777777778E+00  0.5782045759E+06
  0.1780555556E+00  0.5750315087E+06
  0.1783333333E+00  0.5718584527E+06
  0.1786111111E+00  0.5686853855E+06
  0.1788888889E+00  0.5655123183E+06
  0.1791666667E+00  0.5623392623E+06
  0.1794444444E+00  0.5591661951E+06
  0.1797222222E+00  0.5559931324E+06
  0.1800000000E+00  0.5528200752E+06
  0.1802777778E+00  0.5497693551E+06
  0.1805555556E+00  0.5467186382E+06
  0.1808333333E+00  0.5436679213E+06
  0.1811111111E+00  0.5406172000E+06
  0.1813888889E+00  0.5375664831E+06
  0.1816666667E+00  0.5345157664E+06
  0.1819444444E+00  0.5314650462E+06
  0.1822222222E+00  0.5284143293E+06
  0.1825000000E+00  0.5253636113E+06
  0.1827777778E+00  0.5223128911E+06
  0.1830555556E+00  0.5192621842E+06
  0.1833333333E+00  0.5162114675E+06
  0.1836111111E+00  0.5131607506E+06
  0.1838888889E+00  0.5101100293E+06
  0.1841666667E+00  0.5070593124E+06
  0.1844444444E+00  0.5040085955E+06
  0.1847222222E+00  0.5009578753E+06
  0.1850000000E+00  0.4979071586E+06
  0.1852777778E+00  0.4949810983E+06
  0.1855555556E+00  0.4920550426E+06
  0.1858333333E+00  0.4891289835E+06
  0.1861111111E+00  0.4862029233E+06
  0.1863888889E+00  0.4832768676E+06
  0.1866666667E+00  0.4803508074E+06
  0.1869444444E+00  0.4774247517E+06
  0.1872222222E+00  0.4744986826E+06
  0.1875000000E+00  0.4715726224E+06
  0.1877777778E+00  0.4686465696E+06
  0.1880555556E+00  0.4657205096E+06
  0.1883333333E+00  0.4627944517E+06
  0.1886111111E+00  0.4598683917E+06
  0.1888888889E+00  0.4569423316E+06
  0.1891666667E+00  0.4540162737E+06
  0.1894444444E+00  0.4510902137E+06
  0.1897222222E+00  0.4481641579E+06
  0.1900000000E+00  0.4452380967E+06
  0.1902777778E+00  0.4424559619E+06
  0.1905555556E+00  0.4396738248E+06
  0.1908333333E+00  0.4368916901E+06
  0.1911111111E+00  0.4341095562E+06
  0.1913888889E+00  0.4313274181E+06
  0.1916666667E+00  0.4285452833E+06
  0.1919444444E+00  0.4257631495E+06
  0.1922222222E+00  0.4229810113E+06
  0.1925000000E+00  0.4201988776E+06
  0.1927777778E+00  0.4174167439E+06
  0.1930555556E+00  0.4146346068E+06
  0.1933333333E+00  0.4118524720E+06
  0.1936111111E+00  0.4090703382E+06
  0.1938888889E+00  0.4062882001E+06
  0.1941666667E+00  0.4035060653E+06
  0.1944444444E+00  0.4007239315E+06
  0.1947222222E+00  0.3979417934E+06
  0.1950000000E+00  0.3951596596E+06
  0.1952777778E+00  0.3925502583E+06
  0.1955555556E+00  0.3899408582E+06
  0.1958333333E+00  0.3873314579E+06
  0.1961111111E+00  0.3847220600E+06
  0.1963888889E+00  0.3821126597E+06
  0.1966666667E+00  0.3795032585E+06
  0.1969444444E+00  0.3768938583E+06
  0.1972222222E+00  0.3742844570E+06
  0.1975000000E+00  0.3716750568E+06
  0.1977777778E+00  0.3690656544E+06
  0.1980555556E+00  0.3664562542E+06
  0.1983333333E+00  0.3638468563E+06
  0.1986111111E+00  0.3612374561E+06
  0.1988888889E+00  0.3586280558E+06
  0.1991666667E+00  0.3560186546E+06
  0.1994444444E+00  0.3534092543E+06
  0.1997222222E+00  0.3507998530E+06
  0.2000000000E+00  0.3481904529E+06
  0.2002777778E+00  0.3457851006E+06
  0.2005555556E+00  0.3433797492E+06
  0.2008333333E+00  0.3409743936E+06
  0.2011111111E+00  0.3385690412E+06
  0.2013888889E+00  0.3361636888E+06
  0.2016666667E+00  0.3337583343E+06
  0.2019444444E+00  0.3313529820E+06
  0.2022222222E+00  0.3289476306E+06
  0.2025000000E+00  0.3265422738E+06
  0.2027777778E+00  0.3241369226E+06
  0.2030555556E+00  0.3217315669E+06
  0.2033333333E+00  0.3193262156E+06
  0.2036111111E+00  0.3169208622E+06
  0.2038888889E+00  0.3145155075E+06
  0.2041666667E+00  0.3121101552E+06
  0.2044444444E+00  0.3097048040E+06
  0.2047222222E+00  0.3072994483E+06
  0.2050000000E+00  0.3048940949E+06
  0.2052777778E+00  0.3027218469E+06
  0.2055555556E+00  0.3005496012E+06
  0.2058333333E+00  0.2983773522E+06
  0.2061111111E+00  0.2962051022E+06
  0.2063888889E+00  0.2940328566E+06
  0.2066666667E+00  0.2918606076E+06
  0.2069444444E+00  0.2896883619E+06
  0.2072222222E+00  0.2875161118E+06
  0.2075000000E+00  0.2853438628E+06
  0.2077777778E+00  0.2831716171E+06
  0.2080555556E+00  0.2809993683E+06
  0.2083333333E+00  0.2788271215E+06
  0.2086111111E+00  0.2766548725E+06
  0.2088888889E+00  0.2744826235E+06
  0.2091666667E+00  0.2723103778E+06
  0.2094444444E+00  0.2701381277E+06
  0.2097222222E+00  0.2679658821E+06
  0.2100000000E+00  0.2657936331E+06
  0.2102777778E+00  0.2638770419E+06
  0.2105555556E+00  0.2619604542E+06
  0.2108333333E+00  0.2600438629E+06
  0.2111111111E+00  0.2581272718E+06
  0.2113888889E+00  0.2562106838E+06
  0.2116666667E+00  0.2542940927E+06
  0.2119444444E+00  0.2523775015E+06
  0.2122222222E+00  0.2504609136E+06
  0.2125000000E+00  0.2485443225E+06
  0.2127777778E+00  0.2466277312E+06
  0.2130555556E+00  0.2447111445E+06
  0.2133333333E+00  0.2427945534E+06
  0.2136111111E+00  0.2408779621E+06
  0.2138888889E+00  0.2389613743E+06
  0.2141666667E+00  0.2370447831E+06
  0.2144444444E+00  0.2351281919E+06
  0.2147222222E+00  0.2332116042E+06
  0.2150000000E+00  0.2312950129E+06
  0.2152777778E+00  0.2296475910E+06
  0.2155555556E+00  0.2280001679E+06
  0.2158333333E+00  0.2263527493E+06
  0.2161111111E+00  0.2247053275E+06
  0.2163888889E+00  0.2230579055E+06
  0.2166666667E+00  0.2214104835E+06
  0.2169444444E+00  0.2197630605E+06
  0.2172222222E+00  0.2181156419E+06
  0.2175000000E+00  0.2164682199E+06
  0.2177777778E+00  0.2148207980E+06
  0.2180555556E+00  0.2131733749E+06
  0.2183333333E+00  0.2115259539E+06
  0.2186111111E+00  0.2098785354E+06
  0.2188888889E+00  0.2082311135E+06
  0.2191666667E+00  0.2065836915E+06
  0.2194444444E+00  0.2049362685E+06
  0.2197222222E+00  0.2032888465E+06
  0.2200000000E+00  0.2016414279E+06
  0.2202777778E+00  0.2002666985E+06
  0.2205555556E+00  0.1988919684E+06
  0.2208333333E+00  0.1975172390E+06
  0.2211111111E+00  0.1961425086E+06
  0.2213888889E+00  0.1947677783E+06
  0.2216666667E+00  0.1933930490E+06
  0.2219444444E+00  0.1920183187E+06
  0.2222222222E+00  0.1906435894E+06
  0.2225000000E+00  0.1892688601E+06
  0.2227777778E+00  0.1878941298E+06
  0.2230555556E+00  0.1865194005E+06
  0.2233333333E+00  0.1851446701E+06
  0.2236111111E+00  0.1837699398E+06
  0.2238888889E+00  0.1823952105E+06
  0.2241666667E+00  0.1810204812E+06
  0.2244444444E+00  0.1796457509E+06
  0.2247222222E+00  0.1782710216E+06
  0.2250000000E+00  0.1768962956E+06
  0.2252777778E+00  0.1757873691E+06
  0.2255555556E+00  0.1746784436E+06
  0.2258333333E+00  0.1735695170E+06
  0.2261111111E+00  0.1724605915E+06
  0.2263888889E+00  0.1713516661E+06
  0.2266666667E+00  0.1702427406E+06
  0.2269444444E+00  0.1691338141E+06
  0.2272222222E+00  0.1680248885E+06
  0.2275000000E+00  0.1669159630E+06
  0.2277777778E+00  0.1658070365E+06
  0.2280555556E+00  0.1646981121E+06
  0.2283333333E+00  0.1635891855E+06
  0.2286111111E+00  0.1624802600E+06
  0.2288888889E+00  0.1613713335E+06
  0.2291666667E+00  0.1602624113E+06
  0.2294444444E+00  0.1591534869E+06
  0.2297222222E+00  0.1580445604E+06
  0.2300000000E+00  0.1569356348E+06
  0.2302777778E+00  0.1560763492E+06
  0.2305555556E+00  0.1552170678E+06
  0.2308333333E+00  0.1543577822E+06
  0.2311111111E+00  0.1534984965E+06
  0.2313888889E+00  0.1526392151E+06
  0.2316666667E+00  0.1517799295E+06
  0.2319444444E+00  0.1509206471E+06
  0.2322222222E+00  0.1500613624E+06
  0.2325000000E+00  0.1492020801E+06
  0.2327777778E+00  0.1483427954E+06
  0.2330555556E+00  0.1474835098E+06
  0.2333333333E+00  0.1466242274E+06
  0.2336111111E+00  0.1457649427E+06
  0.2338888889E+00  0.1449056604E+06
  0.2341666667E+00  0.1440463747E+06
  0.2344444444E+00  0.1431870934E+06
  0.2347222222E+00  0.1423278077E+06
  0.2350000000E+00  0.1414685231E+06
  0.2352777778E+00  0.1408347081E+06
  0.2355555556E+00  0.1402008932E+06
  0.2358333333E+00  0.1395670805E+06
  0.2361111111E+00  0.1389332656E+06
  0.2363888889E+00  0.1382994507E+06
  0.2366666667E+00  0.1376656379E+06
  0.2369444444E+00  0.1370318230E+06
  0.2372222222E+00  0.1363980091E+06
  0.2375000000E+00  0.1357641953E+06
  0.2377777778E+00  0.1351303804E+06
  0.2380555556E+00  0.1344965665E+06
  0.2383333333E+00  0.1338627527E+06
  0.2386111111E+00  0.1332289378E+06
  0.2388888889E+00  0.1325951239E+06
  0.2391666667E+00  0.1319613102E+06
  0.2394444444E+00  0.1313274953E+06
  0.2397222222E+00  0.1306936825E+06
  0.2400000000E+00  0.1300598676E+06
  0.2402777778E+00  0.1296213983E+06
  0.2405555556E+00  0.1291829301E+06
  0.2408333333E+00  0.1287444630E+06
  0.2411111111E+00  0.1283059937E+06
  0.2413888889E+00  0.1278675255E+06
  0.2416666667E+00  0.1274290562E+06
  0.2419444444E+00  0.1269905881E+06
  0.2422222222E+00  0.1265521176E+06
  0.2425000000E+00  0.1261136483E+06
  0.2427777778E+00  0.1256751801E+06
  0.2430555556E+00  0.1252367109E+06
  0.2433333333E+00  0.1247982427E+06
  0.2436111111E+00  0.1243597745E+06
  0.2438888889E+00  0.1239213063E+06
  0.2441666667E+00  0.1234828381E+06
  0.2444444444E+00  0.1230443691E+06
  0.2447222222E+00  0.1226059010E+06
  0.2450000000E+00  0.1221674325E+06
  0.2452777778E+00  0.1218904082E+06
  0.2455555556E+00  0.1216133836E+06
  0.2458333333E+00  0.1213363594E+06
  0.2461111111E+00  0.1210593352E+06
  0.2463888889E+00  0.1207823117E+06
  0.2466666667E+00  0.1205052864E+06
  0.2469444444E+00  0.1202282621E+06
  0.2472222222E+00  0.1199512386E+06
  0.2475000000E+00  0.1196742133E+06
  0.2477777778E+00  0.1193971898E+06
  0.2480555556E+00  0.1191201655E+06
  0.2483333333E+00  0.1188431424E+06
  0.2486111111E+00  0.1185661168E+06
  0.2488888889E+00  0.1182890925E+06
  0.2491666667E+00  0.1180120690E+06
  0.2494444444E+00  0.1177350437E+06
  0.2497222222E+00  0.1174580205E+06
  0.2500000000E+00  0.1171809959E+06
  0.2502777778E+00  0.1170298816E+06
  0.2505555556E+00  0.1168787679E+06
  0.2508333333E+00  0.1167276535E+06
  0.2511111111E+00  0.1165765388E+06
  0.2513888889E+00  0.1164254256E+06
  0.2516666667E+00  0.1162743117E+06
  0.2519444444E+00  0.1161231972E+06
  0.2522222222E+00  0.1159720834E+06
  0.2525000000E+00  0.1158209688E+06
  0.2527777778E+00  0.1156698550E+06
  0.2530555556E+00  0.1155187414E+06
  0.2533333333E+00  0.1153676266E+06
  0.2536111111E+00  0.1152165131E+06
  0.2538888889E+00  0.1150653992E+06
  0.2541666667E+00  0.1149142846E+06
  0.2544444444E+00  0.1147631708E+06
  0.2547222222E+00  0.1146120573E+06
  0.2550000000E+00  0.1144609424E+06
  0.2552777778E+00  0.1144007306E+06
  0.2555555556E+00  0.1143405183E+06
  0.2558333333E+00  0.1142803055E+06
  0.2561111111E+00  0.1142200937E+06
  0.2563888889E+00  0.1141598809E+06
  0.2566666667E+00  0.1140996692E+06
  0.2569444444E+00  0.1140394564E+06
  0.2572222222E+00  0.1139792439E+06
  0.2575000000E+00  0.1139190321E+06
  0.2577777778E+00  0.1138588194E+06
  0.2580555556E+00  0.1137986076E+06
  0.2583333333E+00  0.1137383948E+06
  0.2586111111E+00  0.1136781824E+06
  0.2588888889E+00  0.1136179707E+06
  0.2591666667E+00  0.1135577579E+06
  0.2594444444E+00  0.1134975461E+06
  0.2597222222E+00  0.1134373333E+06
  0.2600000000E+00  0.1133771216E+06
  0.2602777778E+00  0.1133749623E+06
  0.2605555556E+00  0.1133728030E+06
  0.2608333333E+00  0.1133706434E+06
  0.2611111111E+00  0.1133684842E+06
  0.2613888889E+00  0.1133663250E+06
  0.2616666667E+00  0.1133641653E+06
  0.2619444444E+00  0.1133620061E+06
  0.2622222222E+00  0.1133598465E+06
  0.2625000000E+00  0.1133576872E+06
  0.2627777778E+00  0.1133555280E+06
  0.2630555556E+00  0.1133533683E+06
  0.2633333333E+00  0.1133512091E+06
  0.2636111111E+00  0.1133490499E+06
  0.2638888889E+00  0.1133468903E+06
  0.2641666667E+00  0.1133447310E+06
  0.2644444444E+00  0.1133425715E+06
  0.2647222222E+00  0.1133404121E+06
  0.2650000000E+00  0.1133382529E+06
  0.2652777778E+00  0.1133649899E+06
  0.2655555556E+00  0.1133917269E+06
  0.2658333333E+00  0.1134184648E+06
  0.2661111111E+00  0.1134452018E+06
  0.2663888889E+00  0.1134719384E+06
  0.2666666667E+00  0.1134986764E+06
  0.2669444444E+00  0.1135254134E+06
  0.2672222222E+00  0.1135521504E+06
  0.2675000000E+00  0.1135788884E+06
  0.2677777778E+00  0.1136056253E+06
  0.2680555556E+00  0.1136323623E+06
  0.2683333333E+00  0.1136591003E+06
  0.2686111111E+00  0.1136858373E+06
  0.2688888889E+00  0.1137125742E+06
  0.2691666667E+00  0.1137393112E+06
  0.2694444444E+00  0.1137660492E+06
  0.2697222222E+00  0.1137927862E+06
  0.2700000000E+00  0.1138195231E+06
  0.2702777778E+00  0.1138507020E+06
  0.2705555556E+00  0.1138818800E+06
  0.2708333333E+00  0.1139130579E+06
  0.2711111111E+00  0.1139442359E+06
  0.2713888889E+00  0.1139754138E+06
  0.2716666667E+00  0.1140065919E+06
  0.2719444444E+00  0.1140377697E+06
  0.2722222222E+00  0.1140689479E+06
  0.2725000000E+00  0.1141001257E+06
  0.2727777778E+00  0.1141313038E+06
  0.2730555556E+00  0.1141624826E+06
  0.2733333333E+00  0.1141936606E+06
  0.2736111111E+00  0.1142248388E+06
  0.2738888889E+00  0.1142560167E+06
  0.2741666667E+00  0.1142871947E+06
  0.2744444444E+00  0.1143183726E+06
  0.2747222222E+00  0.1143495507E+06
  0.2750000000E+00  0.1143807285E+06
  0.2752777778E+00  0.1143971480E+06
  0.2755555556E+00  0.1144135672E+06
  0.2758333333E+00  0.1144299868E+06
  0.2761111111E+00  0.1144464060E+06
  0.2763888889E+00  0.1144628256E+06
  0.2766666667E+00  0.1144792449E+06
  0.2769444444E+00  0.1144956644E+06
  0.2772222222E+00  0.1145120837E+06
  0.2775000000E+00  0.1145285032E+06
  0.2777777778E+00  0.1145449224E+06
  0.2780555556E+00  0.1145613420E+06
  0.2783333333E+00  0.1145777612E+06
  0.2786111111E+00  0.1145941807E+06
  0.2788888889E+00  0.1146105990E+06
  0.2791666667E+00  0.1146270185E+06
  0.2794444444E+00  0.1146434377E+06
  0.2797222222E+00  0.1146598573E+06
  0.2800000000E+00  0.1146762765E+06
  0.2802777778E+00  0.1146642504E+06
  0.2805555556E+00  0.1146522252E+06
  0.2808333333E+00  0.1146401991E+06
  0.2811111111E+00  0.1146281730E+06
  0.2813888889E+00  0.1146161469E+06
  0.2816666667E+00  0.1146041208E+06
  0.2819444444E+00  0.1145920947E+06
  0.2822222222E+00  0.1145800695E+06
  0.2825000000E+00  0.1145680434E+06
  0.2827777778E+00  0.1145560173E+06
  0.2830555556E+00  0.1145439912E+06
  0.2833333333E+00  0.1145319650E+06
  0.2836111111E+00  0.1145199389E+06
  0.2838888889E+00  0.1145079128E+06
  0.2841666667E+00  0.1144958876E+06
  0.2844444444E+00  0.1144838615E+06
  0.2847222222E+00  0.1144718354E+06
  0.2850000000E+00  0.1144598093E+06
  0.2852777778E+00  0.1144110812E+06
  0.2855555556E+00  0.1143623525E+06
  0.2858333333E+00  0.1143136245E+06
  0.2861111111E+00  0.1142648954E+06
  0.2863888889E+00  0.1142161677E+06
  0.2866666667E+00  0.1141674397E+06
  0.2869444444E+00  0.1141187106E+06
  0.2872222222E+00  0.1140699829E+06
  0.2875000000E+00  0.1140212539E+06
  0.2877777778E+00  0.1139725258E+06
  0.2880555556E+00  0.1139237981E+06
  0.2883333333E+00  0.1138750691E+06
  0.2886111111E+00  0.1138263409E+06
  0.2888888889E+00  0.1137776123E+06
  0.2891666667E+00  0.1137288842E+06
  0.2894444444E+00  0.1136801561E+06
  0.2897222222E+00  0.1136314274E+06
  0.2900000000E+00  0.1135826994E+06
  0.2902777778E+00  0.1134938858E+06
  0.2905555556E+00  0.1134050722E+06
  0.2908333333E+00  0.1133162587E+06
  0.2911111111E+00  0.1132274451E+06
  0.2913888889E+00  0.1131386325E+06
  0.2916666667E+00  0.1130498190E+06
  0.2919444444E+00  0.1129610054E+06
  0.2922222222E+00  0.1128721921E+06
  0.2925000000E+00  0.1127833786E+06
  0.2927777778E+00  0.1126945650E+06
  0.2930555556E+00  0.1126057524E+06
  0.2933333333E+00  0.1125169389E+06
  0.2936111111E+00  0.1124281253E+06
  0.2938888889E+00  0.1123393117E+06
  0.2941666667E+00  0.1122504982E+06
  0.2944444444E+00  0.1121616856E+06
  0.2947222222E+00  0.1120728720E+06
  0.2950000000E+00  0.1119840585E+06
  0.2952777778E+00  0.1118562259E+06
  0.2955555556E+00  0.1117283942E+06
  0.2958333333E+00  0.1116005625E+06
  0.2961111111E+00  0.1114727298E+06
  0.2963888889E+00  0.1113448982E+06
  0.2966666667E+00  0.1112170656E+06
  0.2969444444E+00  0.1110892339E+06
  0.2972222222E+00  0.1109614009E+06
  0.2975000000E+00  0.1108335693E+06
  0.2977777778E+00  0.1107057377E+06
  0.2980555556E+00  0.1105779050E+06
  0.2983333333E+00  0.1104500734E+06
  0.2986111111E+00  0.1103222408E+06
  0.2988888889E+00  0.1101944091E+06
  0.2991666667E+00  0.1100665765E+06
  0.2994444444E+00  0.1099387448E+06
  0.2997222222E+00  0.1098109122E+06
  0.3000000000E+00  0.1096830806E+06
  0.3002777778E+00  0.1095207249E+06
  0.3005555556E+00  0.1093583691E+06
  0.3008333333E+00  0.1091960138E+06
  0.3011111111E+00  0.1090336580E+06
  0.3013888889E+00  0.1088713023E+06
  0.3016666667E+00  0.1087089467E+06
  0.3019444444E+00  0.1085465912E+06
  0.3022222222E+00  0.1083842355E+06
  0.3025000000E+00  0.1082218799E+06
  0.3027777778E+00  0.1080595234E+06
  0.3030555556E+00  0.1078971677E+06
  0.3033333333E+00  0.1077348120E+06
  0.3036111111E+00  0.1075724563E+06
  0.3038888889E+00  0.1074101010E+06
  0.3041666667E+00  0.1072477452E+06
  0.3044444444E+00  0.1070853895E+06
  0.3047222222E+00  0.1069230342E+06
  0.3050000000E+00  0.1067606784E+06
  0.3052777778E+00  0.1065709603E+06
  0.3055555556E+00  0.1063812409E+06
  0.3058333333E+00  0.1061915228E+06
  0.3061111111E+00  0.1060018037E+06
  0.3063888889E+00  0.1058120855E+06
  0.3066666667E+00  0.1056223670E+06
  0.3069444444E+00  0.1054326479E+06
  0.3072222222E+00  0.1052429298E+06
  0.3075000000E+00  0.1050532107E+06
  0.3077777778E+00  0.1048634926E+06
  0.3080555556E+00  0.1046737742E+06
  0.3083333333E+00  0.1044840550E+06
  0.3086111111E+00  0.1042943369E+06
  0.3088888889E+00  0.1041046178E+06
  0.3091666667E+00  0.1039148994E+06
  0.3094444444E+00  0.1037251813E+06
  0.3097222222E+00  0.1035354622E+06
  0.3100000000E+00  0.1033457441E+06
  0.3102777778E+00  0.1031375721E+06
  0.3105555556E+00  0.1029294005E+06
  0.3108333333E+00  0.1027212286E+06
  0.3111111111E+00  0.1025130571E+06
  0.3113888889E+00  0.1023048855E+06
  0.3116666667E+00  0.1020967135E+06
  0.3119444444E+00  0.1018885429E+06
  0.3122222222E+00  0.1016803711E+06
  0.3125000000E+00  0.1014721995E+06
  0.3127777778E+00  0.1012640275E+06
  0.3130555556E+00  0.1010558559E+06
  0.3133333333E+00  0.1008476844E+06
  0.3136111111E+00  0.1006395125E+06
  0.3138888889E+00  0.1004313409E+06
  0.3141666667E+00  0.1002231689E+06
  0.3144444444E+00  0.1000149984E+06
  0.3147222222E+00  0.9980682649E+05
  0.3150000000E+00  0.9959865488E+05
  0.3152777778E+00  0.9938186265E+05
  0.3155555556E+00  0.9916506908E+05
  0.3158333333E+00  0.9894827695E+05
  0.3161111111E+00  0.9873148471E+05
  0.3163888889E+00  0.9851469114E+05
  0.3166666667E+00  0.9829789890E+05
  0.3169444444E+00  0.9808110666E+05
  0.3172222222E+00  0.9786431320E+05
  0.3175000000E+00  0.9764752097E+05
  0.3177777778E+00  0.9743072873E+05
  0.3180555556E+00  0.9721393549E+05
  0.3183333333E+00  0.9699714292E+05
  0.3186111111E+00  0.9678035079E+05
  0.3188888889E+00  0.9656355855E+05
  0.3191666667E+00  0.9634676498E+05
  0.3194444444E+00  0.9612997274E+05
  0.3197222222E+00  0.9591318050E+05
  0.3200000000E+00  0.9569638705E+05
  0.3202777778E+00  0.9548078546E+05
  0.3205555556E+00  0.9526518287E+05
  0.3208333333E+00  0.9504958107E+05
  0.3211111111E+00  0.9483397847E+05
  0.3213888889E+00  0.9461837699E+05
  0.3216666667E+00  0.9440277408E+05
  0.3219444444E+00  0.9418717249E+05
  0.3222222222E+00  0.9397157101E+05
  0.3225000000E+00  0.9375596810E+05
  0.3227777778E+00  0.9354036662E+05
  0.3230555556E+00  0.9332476404E+05
  0.3233333333E+00  0.9310916211E+05
  0.3236111111E+00  0.9289355964E+05
  0.3238888889E+00  0.9267795806E+05
  0.3241666667E+00  0.9246235513E+05
  0.3244444444E+00  0.9224675366E+05
  0.3247222222E+00  0.9203115108E+05
  0.3250000000E+00  0.9181554926E+05
  0.3252777778E+00  0.9161047590E+05
  0.3255555556E+00  0.9140540265E+05
  0.3258333333E+00  0.9120032994E+05
  0.3261111111E+00  0.9099525670E+05
  0.3263888889E+00  0.9079018334E+05
  0.3266666667E+00  0.9058510975E+05
  0.3269444444E+00  0.9038003739E+05
  0.3272222222E+00  0.9017496414E+05
  0.3275000000E+00  0.8996989077E+05
  0.3277777778E+00  0.8976481719E+05
  0.3280555556E+00  0.8955974483E+05
  0.3283333333E+00  0.8935467157E+05
  0.3286111111E+00  0.8914959788E+05
  0.3288888889E+00  0.8894452563E+05
  0.3291666667E+00  0.8873945226E+05
  0.3294444444E+00  0.8853437868E+05
  0.3297222222E+00  0.8832930532E+05
  0.3300000000E+00  0.8812423306E+05
  0.3302777778E+00  0.8793773129E+05
  0.3305555556E+00  0.8775123053E+05
  0.3308333333E+00  0.8756472976E+05
  0.3311111111E+00  0.8737822811E+05
  0.3313888889E+00  0.8719172734E+05
  0.3316666667E+00  0.8700522657E+05
  0.3319444444E+00  0.8681872481E+05
  0.3322222222E+00  0.8663222404E+05
  0.3325000000E+00  0.8644572361E+05
  0.3327777778E+00  0.8625922196E+05
  0.3330555556E+00  0.8607272119E+05
  0.3333333333E+00  0.8588622042E+05
  0.3336111111E+00  0.8569971866E+05
  0.3338888889E+00  0.8551321789E+05
  0.3341666667E+00  0.8532671724E+05
  0.3344444444E+00  0.8514021647E+05
  0.3347222222E+00  0.8495371470E+05
  0.3350000000E+00  0.8476721394E+05
  0.3352777778E+00  0.8460582659E+05
  0.3355555556E+00  0.8444443923E+05
  0.3358333333E+00  0.8428305087E+05
  0.3361111111E+00  0.8412166351E+05
  0.3363888889E+00  0.8396027615E+05
  0.3366666667E+00  0.8379888879E+05
  0.3369444444E+00  0.8363750155E+05
  0.3372222222E+00  0.8347611419E+05
  0.3375000000E+00  0.8331472583E+05
  0.3377777778E+00  0.8315333814E+05
  0.3380555556E+00  0.8299195079E+05
  0.3383333333E+00  0.8283056342E+05
  0.3386111111E+00  0.8266917607E+05
  0.3388888889E+00  0.8250778871E+05
  0.3391666667E+00  0.8234640135E+05
  0.3394444444E+00  0.8218501299E+05
  0.3397222222E+00  0.8202362564E+05
  0.3400000000E+00  0.8186223827E+05
  0.3402777778E+00  0.8173063486E+05
  0.3405555556E+00  0.8159903133E+05
  0.3408333333E+00  0.8146742692E+05
  0.3411111111E+00  0.8133582384E+05
  0.3413888889E+00  0.8120422031E+05
  0.3416666667E+00  0.8107261689E+05
  0.3419444444E+00  0.8094101336E+05
  0.3422222222E+00  0.8080940895E+05
  0.3425000000E+00  0.8067780553E+05
  0.3427777778E+00  0.8054620200E+05
  0.3430555556E+00  0.8041459893E+05
  0.3433333333E+00  0.8028299440E+05
  0.3436111111E+00  0.8015139098E+05
  0.3438888889E+00  0.8001978757E+05
  0.3441666667E+00  0.7988818403E+05
  0.3444444444E+00  0.7975658062E+05
  0.3447222222E+00  0.7962497643E+05
  0.3450000000E+00  0.7949337301E+05
  0.3452777778E+00  0.7939423633E+05
  0.3455555556E+00  0.7929509998E+05
  0.3458333333E+00  0.7919596228E+05
  0.3461111111E+00  0.7909682605E+05
  0.3463888889E+00  0.7899768935E+05
  0.3466666667E+00  0.7889855201E+05
  0.3469444444E+00  0.7879941533E+05
  0.3472222222E+00  0.7870027897E+05
  0.3475000000E+00  0.7860114228E+05
  0.3477777778E+00  0.7850200494E+05
  0.3480555556E+00  0.7840286824E+05
  0.3483333333E+00  0.7830373189E+05
  0.3486111111E+00  0.7820459433E+05
  0.3488888889E+00  0.7810545797E+05
  0.3491666667E+00  0.7800632129E+05
  0.3494444444E+00  0.7790718393E+05
  0.3497222222E+00  0.7780804724E+05
  0.3500000000E+00  0.7770891090E+05
  0.3502777778E+00  0.7764293808E+05
  0.3505555556E+00  0.7757696627E+05
  0.3508333333E+00  0.7751099412E+05
  0.3511111111E+00  0.7744502131E+05
  0.3513888889E+00  0.7737904939E+05
  0.3516666667E+00  0.7731307658E+05
  0.3519444444E+00  0.7724710476E+05
  0.3522222222E+00  0.7718113295E+05
  0.3525000000E+00  0.7711516014E+05
  0.3527777778E+00  0.7704918800E+05
  0.3530555556E+00  0.7698321517E+05
  0.3533333333E+00  0.7691724326E+05
  0.3536111111E+00  0.7685127145E+05
  0.3538888889E+00  0.7678529863E+05
  0.3541666667E+00  0.7671932682E+05
  0.3544444444E+00  0.7665335368E+05
  0.3547222222E+00  0.7658738186E+05
  0.3550000000E+00  0.7652140905E+05
  0.3552777778E+00  0.7648744014E+05
  0.3555555556E+00  0.7645347134E+05
  0.3558333333E+00  0.7641950220E+05
  0.3561111111E+00  0.7638553241E+05
  0.3563888889E+00  0.7635156349E+05
  0.3566666667E+00  0.7631759436E+05
  0.3569444444E+00  0.7628362456E+05
  0.3572222222E+00  0.7624965577E+05
  0.3575000000E+00  0.7621568653E+05
  0.3577777778E+00  0.7618171773E+05
  0.3580555556E+00  0.7614774793E+05
  0.3583333333E+00  0.7611377880E+05
  0.3586111111E+00  0.7607980989E+05
  0.3588888889E+00  0.7604584009E+05
  0.3591666667E+00  0.7601187129E+05
  0.3594444444E+00  0.7597790216E+05
  0.3597222222E+00  0.7594393225E+05
  0.3600000000E+00  0.7590996345E+05
  0.3602777778E+00  0.7590516443E+05
  0.3605555556E+00  0.7590036664E+05
  0.3608333333E+00  0.7589556784E+05
  0.3611111111E+00  0.7589076905E+05
  0.3613888889E+00  0.7588597037E+05
  0.3616666667E+00  0.7588117256E+05
  0.3619444444E+00  0.7587637377E+05
  0.3622222222E+00  0.7587157498E+05
  0.3625000000E+00  0.7586677629E+05
  0.3627777778E+00  0.7586197850E+05
  0.3630555556E+00  0.7585717937E+05
  0.3633333333E+00  0.7585238057E+05
  0.3636111111E+00  0.7584758289E+05
  0.3638888889E+00  0.7584278410E+05
  0.3641666667E+00  0.7583798529E+05
  0.3644444444E+00  0.7583318662E+05
  0.3647222222E+00  0.7582838882E+05
  0.3650000000E+00  0.7582359002E+05
  0.3652777778E+00  0.7584377559E+05
  0.3655555556E+00  0.7586396160E+05
  0.3658333333E+00  0.7588414716E+05
  0.3661111111E+00  0.7590433373E+05
  0.3663888889E+00  0.7592451963E+05
  0.3666666667E+00  0.7594470531E+05
  0.3669444444E+00  0.7596489121E+05
  0.3672222222E+00  0.7598507677E+05
  0.3675000000E+00  0.7600526267E+05
  0.3677777778E+00  0.7602544935E+05
  0.3680555556E+00  0.7604563525E+05
  0.3683333333E+00  0.7606582082E+05
  0.3686111111E+00  0.7608600638E+05
  0.3688888889E+00  0.7610619240E+05
  0.3691666667E+00  0.7612637896E+05
  0.3694444444E+00  0.7614656485E+05
  0.3697222222E+00  0.7616675053E+05
  0.3700000000E+00  0.7618693643E+05
  0.3702777778E+00  0.7622686596E+05
  0.3705555556E+00  0.7626679493E+05
  0.3708333333E+00  0.7630672446E+05
  0.3711111111E+00  0.7634665331E+05
  0.3713888889E+00  0.7638658296E+05
  0.3716666667E+00  0.7642651281E+05
  0.3719444444E+00  0.7646644134E+05
  0.3722222222E+00  0.7650637131E+05
  0.3725000000E+00  0.7654629984E+05
  0.3727777778E+00  0.7658622970E+05
  0.3730555556E+00  0.7662615934E+05
  0.3733333333E+00  0.7666608819E+05
  0.3736111111E+00  0.7670601773E+05
  0.3738888889E+00  0.7674594669E+05
  0.3741666667E+00  0.7678587622E+05
  0.3744444444E+00  0.7682580608E+05
  0.3747222222E+00  0.7686573472E+05
  0.3750000000E+00  0.7690566458E+05
  0.3752777778E+00  0.7695948697E+05
  0.3755555556E+00  0.7701330836E+05
  0.3758333333E+00  0.7706713098E+05
  0.3761111111E+00  0.7712095336E+05
  0.3763888889E+00  0.7717477576E+05
  0.3766666667E+00  0.7722859837E+05
  0.3769444444E+00  0.7728242077E+05
  0.3772222222E+00  0.7733624215E+05
  0.3775000000E+00  0.7739006488E+05
  0.3777777778E+00  0.7744388717E+05
  0.3780555556E+00  0.7749770955E+05
  0.3783333333E+00  0.7755153228E+05
  0.3786111111E+00  0.7760535356E+05
  0.3788888889E+00  0.7765917595E+05
  0.3791666667E+00  0.7771299834E+05
  0.3794444444E+00  0.7776682107E+05
  0.3797222222E+00  0.7782064334E+05
  0.3800000000E+00  0.7787446574E+05
  0.3802777778E+00  0.7793598471E+05
  0.3805555556E+00  0.7799750369E+05
  0.3808333333E+00  0.7805902255E+05
  0.3811111111E+00  0.7812054252E+05
  0.3813888889E+00  0.7818206116E+05
  0.3816666667E+00  0.7824358014E+05
  0.3819444444E+00  0.7830510011E+05
  0.3822222222E+00  0.7836661909E+05
  0.3825000000E+00  0.7842813795E+05
  0.3827777778E+00  0.7848965693E+05
  0.3830555556E+00  0.7855117657E+05
  0.3833333333E+00  0.7861269554E+05
  0.3836111111E+00  0.7867421452E+05
  0.3838888889E+00  0.7873573349E+05
  0.3841666667E+00  0.7879725335E+05
  0.3844444444E+00  0.7885877233E+05
  0.3847222222E+00  0.7892029097E+05
  0.3850000000E+00  0.7898181094E+05
  0.3852777778E+00  0.7904503310E+05
  0.3855555556E+00  0.7910825626E+05
  0.3858333333E+00  0.7917147975E+05
  0.3861111111E+00  0.7923470291E+05
  0.3863888889E+00  0.7929792607E+05
  0.3866666667E+00  0.7936114923E+05
  0.3869444444E+00  0.7942437239E+05
  0.3872222222E+00  0.7948759555E+05
  0.3875000000E+00  0.7955081771E+05
  0.3877777778E+00  0.7961404087E+05
  0.3880555556E+00  0.7967726403E+05
  0.3883333333E+00  0.7974048752E+05
  0.3886111111E+00  0.7980371068E+05
  0.3888888889E+00  0.7986693384E+05
  0.3891666667E+00  0.7993015700E+05
  0.3894444444E+00  0.7999337916E+05
  0.3897222222E+00  0.8005660232E+05
  0.3900000000E+00  0.8011982548E+05
  0.3902777778E+00  0.8017908094E+05
  0.3905555556E+00  0.8023833619E+05
  0.3908333333E+00  0.8029759132E+05
  0.3911111111E+00  0.8035684658E+05
  0.3913888889E+00  0.8041610182E+05
  0.3916666667E+00  0.8047535729E+05
  0.3919444444E+00  0.8053461254E+05
  0.3922222222E+00  0.8059386779E+05
  0.3925000000E+00  0.8065312292E+05
  0.3927777778E+00  0.8071237817E+05
  0.3930555556E+00  0.8077163364E+05
  0.3933333333E+00  0.8083088889E+05
  0.3936111111E+00  0.8089014413E+05
  0.3938888889E+00  0.8094939827E+05
  0.3941666667E+00  0.8100865352E+05
  0.3944444444E+00  0.8106790899E+05
  0.3947222222E+00  0.8112716424E+05
  0.3950000000E+00  0.8118641949E+05
  0.3952777778E+00  0.8123685657E+05
  0.3955555556E+00  0.8128729276E+05
  0.3958333333E+00  0.8133772918E+05
  0.3961111111E+00  0.8138816539E+05
  0.3963888889E+00  0.8143860259E+05
  0.3966666667E+00  0.8148903866E+05
  0.3969444444E+00  0.8153947486E+05
  0.3972222222E+00  0.8158991096E+05
  0.3975000000E+00  0.8164034814E+05
  0.3977777778E+00  0.8169078457E+05
  0.3980555556E+00  0.8174122077E+05
  0.3983333333E+00  0.8179165697E+05
  0.3986111111E+00  0.8184209405E+05
  0.3988888889E+00  0.8189253024E+05
  0.3991666667E+00  0.8194296634E+05
  0.3994444444E+00  0.8199340354E+05
  0.3997222222E+00  0.8204383995E+05
  0.4000000000E+00  0.8209427615E+05
  0.4002777778E+00  0.8213195303E+05
  0.4005555556E+00  0.8216962981E+05
  0.4008333333E+00  0.8220730669E+05
  0.4011111111E+00  0.8224498358E+05
  0.4013888889E+00  0.8228266035E+05
  0.4016666667E+00  0.8232033591E+05
  0.4019444444E+00  0.8235801279E+05
  0.4022222222E+00  0.8239568957E+05
  0.4025000000E+00  0.8243336645E+05
  0.4027777778E+00  0.8247104323E+05
  0.4030555556E+00  0.8250872011E+05
  0.4033333333E+00  0.8254639699E+05
  0.4036111111E+00  0.8258407377E+05
  0.4038888889E+00  0.8262175065E+05
  0.4041666667E+00  0.8265942654E+05
  0.4044444444E+00  0.8269710331E+05
  0.4047222222E+00  0.8273478020E+05
  0.4050000000E+00  0.8277245708E+05
  0.4052777778E+00  0.8279458637E+05
  0.4055555556E+00  0.8281671643E+05
  0.4058333333E+00  0.8283884571E+05
  0.4061111111E+00  0.8286097511E+05
  0.4063888889E+00  0.8288310440E+05
  0.4066666667E+00  0.8290523446E+05
  0.4069444444E+00  0.8292736385E+05
  0.4072222222E+00  0.8294949314E+05
  0.4075000000E+00  0.8297162320E+05
  0.4077777778E+00  0.8299375249E+05
  0.4080555556E+00  0.8301588188E+05
  0.4083333333E+00  0.8303801083E+05
  0.4086111111E+00  0.8306014123E+05
  0.4088888889E+00  0.8308227050E+05
  0.4091666667E+00  0.8310439990E+05
  0.4094444444E+00  0.8312652996E+05
  0.4097222222E+00  0.8314865925E+05
  0.4100000000E+00  0.8317078864E+05
  0.4102777778E+00  0.8317579313E+05
  0.4105555556E+00  0.8318079874E+05
  0.4108333333E+00  0.8318580334E+05
  0.4111111111E+00  0.8319080882E+05
  0.4113888889E+00  0.8319581376E+05
  0.4116666667E+00  0.8320081836E+05
  0.4119444444E+00  0.8320582384E+05
  0.4122222222E+00  0.8321082845E+05
  0.4125000000E+00  0.8321583405E+05
  0.4127777778E+00  0.8322083887E+05
  0.4130555556E+00  0.8322584347E+05
  0.4133333333E+00  0.8323084907E+05
  0.4136111111E+00  0.8323585355E+05
  0.4138888889E+00  0.8324085915E+05
  0.4141666667E+00  0.8324586410E+05
  0.4144444444E+00  0.8325086858E+05
  0.4147222222E+00  0.8325587418E+05
  0.4150000000E+00  0.8326087878E+05
  0.4152777778E+00  0.8324838881E+05
  0.4155555556E+00  0.8323589984E+05
  0.4158333333E+00  0.8322340987E+05
  0.4161111111E+00  0.8321091967E+05
  0.4163888889E+00  0.8319843070E+05
  0.4166666667E+00  0.8318594072E+05
  0.4169444444E+00  0.8317345087E+05
  0.4172222222E+00  0.8316096089E+05
  0.4175000000E+00  0.8314847192E+05
  0.4177777778E+00  0.8313598161E+05
  0.4180555556E+00  0.8312349176E+05
  0.4183333333E+00  0.8311100278E+05
  0.4186111111E+00  0.8309851281E+05
  0.4188888889E+00  0.8308602294E+05
  0.4191666667E+00  0.8307353264E+05
  0.4194444444E+00  0.8306104366E+05
  0.4197222222E+00  0.8304855370E+05
  0.4200000000E+00  0.8303606383E+05
  0.4202777778E+00  0.8300688959E+05
  0.4205555556E+00  0.8297771580E+05
  0.4208333333E+00  0.8294854056E+05
  0.4211111111E+00  0.8291936666E+05
  0.4213888889E+00  0.8289019252E+05
  0.4216666667E+00  0.8286101728E+05
  0.4219444444E+00  0.8283184349E+05
  0.4222222222E+00  0.8280266925E+05
  0.4225000000E+00  0.8277349445E+05
  0.4227777778E+00  0.8274432020E+05
  0.4230555556E+00  0.8271514597E+05
  0.4233333333E+00  0.8268597117E+05
  0.4236111111E+00  0.8265679693E+05
  0.4238888889E+00  0.8262762280E+05
  0.4241666667E+00  0.8259844789E+05
  0.4244444444E+00  0.8256927376E+05
  0.4247222222E+00  0.8254009986E+05
  0.4250000000E+00  0.8251092473E+05
  0.4252777778E+00  0.8246690625E+05
  0.4255555556E+00  0.8242288755E+05
  0.4258333333E+00  0.8237886918E+05
  0.4261111111E+00  0.8233484937E+05
  0.4263888889E+00  0.8229083099E+05
  0.4266666667E+00  0.8224681230E+05
  0.4269444444E+00  0.8220279381E+05
  0.4272222222E+00  0.8215877412E+05
  0.4275000000E+00  0.8211475574E+05
  0.4277777778E+00  0.8207073693E+05
  0.4280555556E+00  0.8202671757E+05
  0.4283333333E+00  0.8198269886E+05
  0.4286111111E+00  0.8193868039E+05
  0.4288888889E+00  0.8189466168E+05
  0.4291666667E+00  0.8185064232E+05
  0.4294444444E+00  0.8180662350E+05
  0.4297222222E+00  0.8176260514E+05
  0.4300000000E+00  0.8171858576E+05
  0.4302777778E+00  0.8166241485E+05
  0.4305555556E+00  0.8160624439E+05
  0.4308333333E+00  0.8155007259E+05
  0.4311111111E+00  0.8149390213E+05
  0.4313888889E+00  0.8143773022E+05
  0.4316666667E+00  0.8138155976E+05
  0.4319444444E+00  0.8132538797E+05
  0.4322222222E+00  0.8126921750E+05
  0.4325000000E+00  0.8121304659E+05
  0.4327777778E+00  0.8115687512E+05
  0.4330555556E+00  0.8110070466E+05
  0.4333333333E+00  0.8104453286E+05
  0.4336111111E+00  0.8098836229E+05
  0.4338888889E+00  0.8093219049E+05
  0.4341666667E+00  0.8087602003E+05
  0.4344444444E+00  0.8081984823E+05
  0.4347222222E+00  0.8076367766E+05
  0.4350000000E+00  0.8070750686E+05
  0.4352777778E+00  0.8064250084E+05
  0.4355555556E+00  0.8057749581E+05
  0.4358333333E+00  0.8051248945E+05
  0.4361111111E+00  0.8044748443E+05
  0.4363888889E+00  0.8038247840E+05
  0.4366666667E+00  0.8031747304E+05
  0.4369444444E+00  0.8025246702E+05
  0.4372222222E+00  0.8018746199E+05
  0.4375000000E+00  0.8012245563E+05
  0.4377777778E+00  0.8005745061E+05
  0.4380555556E+00  0.7999244425E+05
  0.4383333333E+00  0.7992743922E+05
  0.4386111111E+00  0.7986243309E+05
  0.4388888889E+00  0.7979742773E+05
  0.4391666667E+00  0.7973242170E+05
  0.4394444444E+00  0.7966741668E+05
  0.4397222222E+00  0.7960241032E+05
  0.4400000000E+00  0.7953740530E+05
  0.4402777778E+00  0.7946727752E+05
  0.4405555556E+00  0.7939715063E+05
  0.4408333333E+00  0.7932702241E+05
  0.4411111111E+00  0.7925689563E+05
  0.4413888889E+00  0.7918676775E+05
  0.4416666667E+00  0.7911664086E+05
  0.4419444444E+00  0.7904651274E+05
  0.4422222222E+00  0.7897638585E+05
  0.4425000000E+00  0.7890625897E+05
  0.4427777778E+00  0.7883613119E+05
  0.4430555556E+00  0.7876600397E+05
  0.4433333333E+00  0.7869587629E+05
  0.4436111111E+00  0.7862574900E+05
  0.4438888889E+00  0.7855562162E+05
  0.4441666667E+00  0.7848549410E+05
  0.4444444444E+00  0.7841536672E+05
  0.4447222222E+00  0.7834523943E+05
  0.4450000000E+00  0.7827511216E+05
  0.4452777778E+00  0.7820364848E+05
  0.4455555556E+00  0.7813218536E+05
  0.4458333333E+00  0.7806072214E+05
  0.4461111111E+00  0.7798925891E+05
  0.4463888889E+00  0.7791779536E+05
  0.4466666667E+00  0.7784633224E+05
  0.4469444444E+00  0.7777486901E+05
  0.4472222222E+00  0.7770340579E+05
  0.4475000000E+00  0.7763194222E+05
  0.4477777778E+00  0.7756047899E+05
  0.4480555556E+00  0.7748901577E+05
  0.4483333333E+00  0.7741755255E+05
  0.4486111111E+00  0.7734608910E+05
  0.4488888889E+00  0.7727462587E+05
  0.4491666667E+00  0.7720316265E+05
  0.4494444444E+00  0.7713169942E+05
  0.4497222222E+00  0.7706023586E+05
  0.4500000000E+00  0.7698877264E+05
  0.4502777778E+00  0.7691963841E+05
  0.4505555556E+00  0.7685050374E+05
  0.4508333333E+00  0.7678136940E+05
  0.4511111111E+00  0.7671223518E+05
  0.4513888889E+00  0.7664310051E+05
  0.4516666667E+00  0.7657396629E+05
  0.4519444444E+00  0.7650483161E+05
  0.4522222222E+00  0.7643569738E+05
  0.4525000000E+00  0.7636656305E+05
  0.4527777778E+00  0.7629742838E+05
  0.4530555556E+00  0.7622829416E+05
  0.4533333333E+00  0.7615915949E+05
  0.4536111111E+00  0.7609002526E+05
  0.4538888889E+00  0.7602089092E+05
  0.4541666667E+00  0.7595175636E+05
  0.4544444444E+00  0.7588262203E+05
  0.4547222222E+00  0.7581348736E+05
  0.4550000000E+00  0.7574435313E+05
  0.4552777778E+00  0.7568085477E+05
  0.4555555556E+00  0.7561735620E+05
  0.4558333333E+00  0.7555385749E+05
  0.4561111111E+00  0.7549035903E+05
  0.4563888889E+00  0.7542686068E+05
  0.4566666667E+00  0.7536336222E+05
  0.4569444444E+00  0.7529986352E+05
  0.4572222222E+00  0.7523636495E+05
  0.4575000000E+00  0.7517286659E+05
  0.4577777778E+00  0.7510936813E+05
  0.4580555556E+00  0.7504586942E+05
  0.4583333333E+00  0.7498237096E+05
  0.4586111111E+00  0.7491887260E+05
  0.4588888889E+00  0.7485537403E+05
  0.4591666667E+00  0.7479187567E+05
  0.4594444444E+00  0.7472837687E+05
  0.4597222222E+00  0.7466487851E+05
  0.4600000000E+00  0.7460138005E+05
  0.4602777778E+00  0.7454624617E+05
  0.4605555556E+00  0.7449111274E+05
  0.4608333333E+00  0.7443597876E+05
  0.4611111111E+00  0.7438084532E+05
  0.4613888889E+00  0.7432571135E+05
  0.4616666667E+00  0.7427057758E+05
  0.4619444444E+00  0.7421544403E+05
  0.4622222222E+00  0.7416031016E+05
  0.4625000000E+00  0.7410517662E+05
  0.4627777778E+00  0.7405004275E+05
  0.4630555556E+00  0.7399490899E+05
  0.4633333333E+00  0.7393977544E+05
  0.4636111111E+00  0.7388464158E+05
  0.4638888889E+00  0.7382950803E+05
  0.4641666667E+00  0.7377437417E+05
  0.4644444444E+00  0.7371924062E+05
  0.4647222222E+00  0.7366410675E+05
  0.4650000000E+00  0.7360897287E+05
  0.4652777778E+00  0.7356422217E+05
  0.4655555556E+00  0.7351947191E+05
  0.4658333333E+00  0.7347472120E+05
  0.4661111111E+00  0.7342997050E+05
  0.4663888889E+00  0.7338521990E+05
  0.4666666667E+00  0.7334046920E+05
  0.4669444444E+00  0.7329571861E+05
  0.4672222222E+00  0.7325096802E+05
  0.4675000000E+00  0.7320621731E+05
  0.4677777778E+00  0.7316146661E+05
  0.4680555556E+00  0.7311671601E+05
  0.4683333333E+00  0.7307196531E+05
  0.4686111111E+00  0.7302721460E+05
  0.4688888889E+00  0.7298246435E+05
  0.4691666667E+00  0.7293771364E+05
  0.4694444444E+00  0.7289296294E+05
  0.4697222222E+00  0.7284821234E+05
  0.4700000000E+00  0.7280346164E+05
  0.4702777778E+00  0.7277030285E+05
  0.4705555556E+00  0.7273714373E+05
  0.4708333333E+00  0.7270398494E+05
  0.4711111111E+00  0.7267082625E+05
  0.4713888889E+00  0.7263766747E+05
  0.4716666667E+00  0.7260450834E+05
  0.4719444444E+00  0.7257134955E+05
  0.4722222222E+00  0.7253819077E+05
  0.4725000000E+00  0.7250503198E+05
  0.4727777778E+00  0.7247187286E+05
  0.4730555556E+00  0.7243871418E+05
  0.4733333333E+00  0.7240555538E+05
  0.4736111111E+00  0.7237239659E+05
  0.4738888889E+00  0.7233923748E+05
  0.4741666667E+00  0.7230607869E+05
  0.4744444444E+00  0.7227291990E+05
  0.4747222222E+00  0.7223976112E+05
  0.4750000000E+00  0.7220660209E+05
  0.4752777778E+00  0.7218541726E+05
  0.4755555556E+00  0.7216423252E+05
  0.4758333333E+00  0.7214304778E+05
  0.4761111111E+00  0.7212186284E+05
  0.4763888889E+00  0.7210067777E+05
  0.4766666667E+00  0.7207949304E+05
  0.4769444444E+00  0.7205830819E+05
  0.4772222222E+00  0.7203712336E+05
  0.4775000000E+00  0.7201593863E+05
  0.4777777778E+00  0.7199475355E+05
  0.4780555556E+00  0.7197356860E+05
  0.4783333333E+00  0.7195238387E+05
  0.4786111111E+00  0.7193119914E+05
  0.4788888889E+00  0.7191001429E+05
  0.4791666667E+00  0.7188882913E+05
  0.4794444444E+00  0.7186764439E+05
  0.4797222222E+00  0.7184645954E+05
  0.4800000000E+00  0.7182527481E+05
  0.4802777778E+00  0.7181561371E+05
  0.4805555556E+00  0.7180595305E+05
  0.4808333333E+00  0.7179629194E+05
  0.4811111111E+00  0.7178663118E+05
  0.4813888889E+00  0.7177697018E+05
  0.4816666667E+00  0.7176730919E+05
  0.4819444444E+00  0.7175764830E+05
  0.4822222222E+00  0.7174798731E+05
  0.4825000000E+00  0.7173832664E+05
  0.4827777778E+00  0.7172866555E+05
  0.4830555556E+00  0.7171900477E+05
  0.4833333333E+00  0.7170934378E+05
  0.4836111111E+00  0.7169968268E+05
  0.4838888889E+00  0.7169002202E+05
  0.4841666667E+00  0.7168036091E+05
  0.4844444444E+00  0.7167070015E+05
  0.4847222222E+00  0.7166103914E+05
  0.4850000000E+00  0.7165137815E+05
  0.4852777778E+00  0.7165207346E+05
  0.4855555556E+00  0.7165276888E+05
  0.4858333333E+00  0.7165346439E+05
  0.4861111111E+00  0.7165415970E+05
  0.4863888889E+00  0.7165485512E+05
  0.4866666667E+00  0.7165555054E+05
  0.4869444444E+00  0.7165624595E+05
  0.4872222222E+00  0.7165694137E+05
  0.4875000000E+00  0.7165763679E+05
  0.4877777778E+00  0.7165833231E+05
  0.4880555556E+00  0.7165902762E+05
  0.4883333333E+00  0.7165972304E+05
  0.4886111111E+00  0.7166041846E+05
  0.4888888889E+00  0.7166111387E+05
  0.4891666667E+00  0.7166180928E+05
  0.4894444444E+00  0.7166250470E+05
  0.4897222222E+00  0.7166320012E+05
  0.4900000000E+00  0.7166389553E+05
  0.4902777778E+00  0.7167315890E+05
  0.4905555556E+00  0.7168242249E+05
  0.4908333333E+00  0.7169168586E+05
  0.4911111111E+00  0.7170094911E+05
  0.4913888889E+00  0.7171021259E+05
  0.4916666667E+00  0.7171947618E+05
  0.4919444444E+00  0.7172873944E+05
  0.4922222222E+00  0.7173800280E+05
  0.4925000000E+00  0.7174726617E+05
  0.4927777778E+00  0.7175652987E+05
  0.4930555556E+00  0.7176579312E+05
  0.4933333333E+00  0.7177505639E+05
  0.4936111111E+00  0.7178431986E+05
  0.4938888889E+00  0.7179358345E+05
  0.4941666667E+00  0.7180284682E+05
  0.4944444444E+00  0.7181211008E+05
  0.4947222222E+00  0.7182137344E+05
  0.4950000000E+00  0.7183063714E+05
