  0.1027777778E-01  0.2258619349E+08
  0.1055555556E-01  0.2255728856E+08
  0.1083333333E-01  0.2252838320E+08
  0.1111111111E-01  0.2249947826E+08
  0.1138888889E-01  0.2247057334E+08
  0.1166666667E-01  0.2244166787E+08
  0.1194444444E-01  0.2241276295E+08
  0.1222222222E-01  0.2238385791E+08
  0.1250000000E-01  0.2235495266E+08
  0.1277777778E-01  0.2232604772E+08
  0.1305555556E-01  0.2229714269E+08
  0.1333333333E-01  0.2226823733E+08
  0.1361111111E-01  0.2223933229E+08
  0.1388888889E-01  0.2221042737E+08
  0.1416666667E-01  0.2218152211E+08
  0.1444444444E-01  0.2215261708E+08
  0.1472222222E-01  0.2212371204E+08
  0.1500000000E-01  0.2209480667E+08
  0.1527777778E-01  0.2205544224E+08
  0.1555555556E-01  0.2201607769E+08
  0.1583333333E-01  0.2197671325E+08
  0.1611111111E-01  0.2193734846E+08
  0.1638888889E-01  0.2189798392E+08
  0.1666666667E-01  0.2185861948E+08
  0.1694444444E-01  0.2181925470E+08
  0.1722222222E-01  0.2177989015E+08
  0.1750000000E-01  0.2174052571E+08
  0.1777777778E-01  0.2170116083E+08
  0.1805555556E-01  0.2166179639E+08
  0.1833333333E-01  0.2162243194E+08
  0.1861111111E-01  0.2158306707E+08
  0.1888888889E-01  0.2154370263E+08
  0.1916666667E-01  0.2150433818E+08
  0.1944444444E-01  0.2146497330E+08
  0.1972222222E-01  0.2142560885E+08
  0.2000000000E-01  0.2138624432E+08
  0.2027777778E-01  0.2133745025E+08
  0.2055555556E-01  0.2128865642E+08
  0.2083333333E-01  0.2123986259E+08
  0.2111111111E-01  0.2119106843E+08
  0.2138888889E-01  0.2114227460E+08
  0.2166666667E-01  0.2109348054E+08
  0.2194444444E-01  0.2104468672E+08
  0.2222222222E-01  0.2099589289E+08
  0.2250000000E-01  0.2094709873E+08
  0.2277777778E-01  0.2089830490E+08
  0.2305555556E-01  0.2084951117E+08
  0.2333333333E-01  0.2080071702E+08
  0.2361111111E-01  0.2075192318E+08
  0.2388888889E-01  0.2070312903E+08
  0.2416666667E-01  0.2065433519E+08
  0.2444444444E-01  0.2060554136E+08
  0.2472222222E-01  0.2055674719E+08
  0.2500000000E-01  0.2050795337E+08
  0.2527777778E-01  0.2045099458E+08
  0.2555555556E-01  0.2039403588E+08
  0.2583333333E-01  0.2033707709E+08
  0.2611111111E-01  0.2028011798E+08
  0.2638888889E-01  0.2022315907E+08
  0.2666666667E-01  0.2016620038E+08
  0.2694444444E-01  0.2010924159E+08
  0.2722222222E-01  0.2005228280E+08
  0.2750000000E-01  0.1999532411E+08
  0.2777777778E-01  0.1993836520E+08
  0.2805555556E-01  0.1988140608E+08
  0.2833333333E-01  0.1982444729E+08
  0.2861111111E-01  0.1976748860E+08
  0.2888888889E-01  0.1971052970E+08
  0.2916666667E-01  0.1965357091E+08
  0.2944444444E-01  0.1959661221E+08
  0.2972222222E-01  0.1953965343E+08
  0.3000000000E-01  0.1948269464E+08
  0.3027777778E-01  0.1941901509E+08
  0.3055555556E-01  0.1935533589E+08
  0.3083333333E-01  0.1929165679E+08
  0.3111111111E-01  0.1922797759E+08
  0.3138888889E-01  0.1916429839E+08
  0.3166666667E-01  0.1910061885E+08
  0.3194444444E-01  0.1903693964E+08
  0.3222222222E-01  0.1897326055E+08
  0.3250000000E-01  0.1890958134E+08
  0.3277777778E-01  0.1884590213E+08
  0.3305555556E-01  0.1878222259E+08
  0.3333333333E-01  0.1871854349E+08
  0.3361111111E-01  0.1865486429E+08
  0.3388888889E-01  0.1859118508E+08
  0.3416666667E-01  0.1852750588E+08
  0.3444444444E-01  0.1846382645E+08
  0.3472222222E-01  0.1840014724E+08
  0.3500000000E-01  0.1833646804E+08
  0.3527777778E-01  0.1826761213E+08
  0.3555555556E-01  0.1819875657E+08
  0.3583333333E-01  0.1812990055E+08
  0.3611111111E-01  0.1806104464E+08
  0.3638888889E-01  0.1799218897E+08
  0.3666666667E-01  0.1792333307E+08
  0.3694444444E-01  0.1785447705E+08
  0.3722222222E-01  0.1778562148E+08
  0.3750000000E-01  0.1771676547E+08
  0.3777777778E-01  0.1764790966E+08
  0.3805555556E-01  0.1757905399E+08
  0.3833333333E-01  0.1751019808E+08
  0.3861111111E-01  0.1744134207E+08
  0.3888888889E-01  0.1737248650E+08
  0.3916666667E-01  0.1730363048E+08
  0.3944444444E-01  0.1723477459E+08
  0.3972222222E-01  0.1716591891E+08
  0.4000000000E-01  0.1709706300E+08
  0.4027777778E-01  0.1702464591E+08
  0.4055555556E-01  0.1695222850E+08
  0.4083333333E-01  0.1687981141E+08
  0.4111111111E-01  0.1680739388E+08
  0.4138888889E-01  0.1673497656E+08
  0.4166666667E-01  0.1666255937E+08
  0.4194444444E-01  0.1659014205E+08
  0.4222222222E-01  0.1651772485E+08
  0.4250000000E-01  0.1644530743E+08
  0.4277777778E-01  0.1637289034E+08
  0.4305555556E-01  0.1630047292E+08
  0.4333333333E-01  0.1622805583E+08
  0.4361111111E-01  0.1615563841E+08
  0.4388888889E-01  0.1608322122E+08
  0.4416666667E-01  0.1601080390E+08
  0.4444444444E-01  0.1593838671E+08
  0.4472222222E-01  0.1586596928E+08
  0.4500000000E-01  0.1579355186E+08
  0.4527777778E-01  0.1571918319E+08
  0.4555555556E-01  0.1564481495E+08
  0.4583333333E-01  0.1557044638E+08
  0.4611111111E-01  0.1549607781E+08
  0.4638888889E-01  0.1542170913E+08
  0.4666666667E-01  0.1534734056E+08
  0.4694444444E-01  0.1527297189E+08
  0.4722222222E-01  0.1519860332E+08
  0.4750000000E-01  0.1512423474E+08
  0.4777777778E-01  0.1504986608E+08
  0.4805555556E-01  0.1497549750E+08
  0.4833333333E-01  0.1490112883E+08
  0.4861111111E-01  0.1482676026E+08
  0.4888888889E-01  0.1475239169E+08
  0.4916666667E-01  0.1467802301E+08
  0.4944444444E-01  0.1460365444E+08
  0.4972222222E-01  0.1452928576E+08
  0.5000000000E-01  0.1445491720E+08
  0.5027777778E-01  0.1438014971E+08
  0.5055555556E-01  0.1430538256E+08
  0.5083333333E-01  0.1423061507E+08
  0.5111111111E-01  0.1415584791E+08
  0.5138888889E-01  0.1408108043E+08
  0.5166666667E-01  0.1400631339E+08
  0.5194444444E-01  0.1393154590E+08
  0.5222222222E-01  0.1385677874E+08
  0.5250000000E-01  0.1378201125E+08
  0.5277777778E-01  0.1370724410E+08
  0.5305555556E-01  0.1363247661E+08
  0.5333333333E-01  0.1355770957E+08
  0.5361111111E-01  0.1348294208E+08
  0.5388888889E-01  0.1340817493E+08
  0.5416666667E-01  0.1333340744E+08
  0.5444444444E-01  0.1325863995E+08
  0.5472222222E-01  0.1318387279E+08
  0.5500000000E-01  0.1310910532E+08
  0.5527777778E-01  0.1303538222E+08
  0.5555555556E-01  0.1296165913E+08
  0.5583333333E-01  0.1288793604E+08
  0.5611111111E-01  0.1281421294E+08
  0.5638888889E-01  0.1274048985E+08
  0.5666666667E-01  0.1266676676E+08
  0.5694444444E-01  0.1259304379E+08
  0.5722222222E-01  0.1251932073E+08
  0.5750000000E-01  0.1244559764E+08
  0.5777777778E-01  0.1237187465E+08
  0.5805555556E-01  0.1229815145E+08
  0.5833333333E-01  0.1222442836E+08
  0.5861111111E-01  0.1215070537E+08
  0.5888888889E-01  0.1207698217E+08
  0.5916666667E-01  0.1200325908E+08
  0.5944444444E-01  0.1192953609E+08
  0.5972222222E-01  0.1185581289E+08
  0.6000000000E-01  0.1178208980E+08
  0.6027777778E-01  0.1171070716E+08
  0.6055555556E-01  0.1163932434E+08
  0.6083333333E-01  0.1156794159E+08
  0.6111111111E-01  0.1149655885E+08
  0.6138888889E-01  0.1142517603E+08
  0.6166666667E-01  0.1135379328E+08
  0.6194444444E-01  0.1128241058E+08
  0.6222222222E-01  0.1121102772E+08
  0.6250000000E-01  0.1113964512E+08
  0.6277777778E-01  0.1106826227E+08
  0.6305555556E-01  0.1099687945E+08
  0.6333333333E-01  0.1092549682E+08
  0.6361111111E-01  0.1085411396E+08
  0.6388888889E-01  0.1078273125E+08
  0.6416666667E-01  0.1071134851E+08
  0.6444444444E-01  0.1063996571E+08
  0.6472222222E-01  0.1056858301E+08
  0.6500000000E-01  0.1049720022E+08
  0.6527777778E-01  0.1042926536E+08
  0.6555555556E-01  0.1036133052E+08
  0.6583333333E-01  0.1029339566E+08
  0.6611111111E-01  0.1022546073E+08
  0.6638888889E-01  0.1015752589E+08
  0.6666666667E-01  0.1008959103E+08
  0.6694444444E-01  0.1002165620E+08
  0.6722222222E-01  0.9953721357E+07
  0.6750000000E-01  0.9885786500E+07
  0.6777777778E-01  0.9817851561E+07
  0.6805555556E-01  0.9749916693E+07
  0.6833333333E-01  0.9681981864E+07
  0.6861111111E-01  0.9614047029E+07
  0.6888888889E-01  0.9546112168E+07
  0.6916666667E-01  0.9478177333E+07
  0.6944444444E-01  0.9410242494E+07
  0.6972222222E-01  0.9342307535E+07
  0.7000000000E-01  0.9274372697E+07
  0.7027777778E-01  0.9210785926E+07
  0.7055555556E-01  0.9147199144E+07
  0.7083333333E-01  0.9083612373E+07
  0.7111111111E-01  0.9020025592E+07
  0.7138888889E-01  0.8956438854E+07
  0.7166666667E-01  0.8892852072E+07
  0.7194444444E-01  0.8829265302E+07
  0.7222222222E-01  0.8765678631E+07
  0.7250000000E-01  0.8702091849E+07
  0.7277777778E-01  0.8638505078E+07
  0.7305555556E-01  0.8574918297E+07
  0.7333333333E-01  0.8511331526E+07
  0.7361111111E-01  0.8447744787E+07
  0.7388888889E-01  0.8384158006E+07
  0.7416666667E-01  0.8320571235E+07
  0.7444444444E-01  0.8256984453E+07
  0.7472222222E-01  0.8193397682E+07
  0.7500000000E-01  0.8129810900E+07
  0.7527777778E-01  0.8071247236E+07
  0.7555555556E-01  0.8012683528E+07
  0.7583333333E-01  0.7954119815E+07
  0.7611111111E-01  0.7895556118E+07
  0.7638888889E-01  0.7836992441E+07
  0.7666666667E-01  0.7778428832E+07
  0.7694444444E-01  0.7719865133E+07
  0.7722222222E-01  0.7661301456E+07
  0.7750000000E-01  0.7602737746E+07
  0.7777777778E-01  0.7544174048E+07
  0.7805555556E-01  0.7485610372E+07
  0.7833333333E-01  0.7427046662E+07
  0.7861111111E-01  0.7368483062E+07
  0.7888888889E-01  0.7309919385E+07
  0.7916666667E-01  0.7251355676E+07
  0.7944444444E-01  0.7192791977E+07
  0.7972222222E-01  0.7134228301E+07
  0.8000000000E-01  0.7075664591E+07
  0.8027777778E-01  0.7022575988E+07
  0.8055555556E-01  0.6969487452E+07
  0.8083333333E-01  0.6916398849E+07
  0.8111111111E-01  0.6863310236E+07
  0.8138888889E-01  0.6810221699E+07
  0.8166666667E-01  0.6757133097E+07
  0.8194444444E-01  0.6704044483E+07
  0.8222222222E-01  0.6650955947E+07
  0.8250000000E-01  0.6597867345E+07
  0.8277777778E-01  0.6544778731E+07
  0.8305555556E-01  0.6491690095E+07
  0.8333333333E-01  0.6438601592E+07
  0.8361111111E-01  0.6385512978E+07
  0.8388888889E-01  0.6332424342E+07
  0.8416666667E-01  0.6279335840E+07
  0.8444444444E-01  0.6226247226E+07
  0.8472222222E-01  0.6173158590E+07
  0.8500000000E-01  0.6120070087E+07
  0.8527777778E-01  0.6072687780E+07
  0.8555555556E-01  0.6025305474E+07
  0.8583333333E-01  0.5977923244E+07
  0.8611111111E-01  0.5930540937E+07
  0.8638888889E-01  0.5883158631E+07
  0.8666666667E-01  0.5835776424E+07
  0.8694444444E-01  0.5788394128E+07
  0.8722222222E-01  0.5741011821E+07
  0.8750000000E-01  0.5693629581E+07
  0.8777777778E-01  0.5646247275E+07
  0.8805555556E-01  0.5598864978E+07
  0.8833333333E-01  0.5551482771E+07
  0.8861111111E-01  0.5504100465E+07
  0.8888888889E-01  0.5456718178E+07
  0.8916666667E-01  0.5409335879E+07
  0.8944444444E-01  0.5361953602E+07
  0.8972222222E-01  0.5314571335E+07
  0.9000000000E-01  0.5267189058E+07
  0.9027777778E-01  0.5225542872E+07
  0.9055555556E-01  0.5183896684E+07
  0.9083333333E-01  0.5142250530E+07
  0.9111111111E-01  0.5100604354E+07
  0.9138888889E-01  0.5058958167E+07
  0.9166666667E-01  0.5017311980E+07
  0.9194444444E-01  0.4975665793E+07
  0.9222222222E-01  0.4934019640E+07
  0.9250000000E-01  0.4892373462E+07
  0.9277777778E-01  0.4850727264E+07
  0.9305555556E-01  0.4809081077E+07
  0.9333333333E-01  0.4767434924E+07
  0.9361111111E-01  0.4725788747E+07
  0.9388888889E-01  0.4684142559E+07
  0.9416666667E-01  0.4642496372E+07
  0.9444444444E-01  0.4600850219E+07
  0.9472222222E-01  0.4559204032E+07
  0.9500000000E-01  0.4517557855E+07
  0.9527777778E-01  0.4481498028E+07
  0.9555555556E-01  0.4445438180E+07
  0.9583333333E-01  0.4409378319E+07
  0.9611111111E-01  0.4373318503E+07
  0.9638888889E-01  0.4337258644E+07
  0.9666666667E-01  0.4301198828E+07
  0.9694444444E-01  0.4265138967E+07
  0.9722222222E-01  0.4229079141E+07
  0.9750000000E-01  0.4193019292E+07
  0.9777777778E-01  0.4156959464E+07
  0.9805555556E-01  0.4120899626E+07
  0.9833333333E-01  0.4084839799E+07
  0.9861111111E-01  0.4048779950E+07
  0.9888888889E-01  0.4012720123E+07
  0.9916666667E-01  0.3976660274E+07
  0.9944444444E-01  0.3940600448E+07
  0.9972222222E-01  0.3904540598E+07
  0.1000000000E+00  0.3868480771E+07
  0.1002777778E+00  0.3837704571E+07
  0.1005555556E+00  0.3806928369E+07
  0.1008333333E+00  0.3776152210E+07
  0.1011111111E+00  0.3745375998E+07
  0.1013888889E+00  0.3714599796E+07
  0.1016666667E+00  0.3683823595E+07
  0.1019444444E+00  0.3653047415E+07
  0.1022222222E+00  0.3622271215E+07
  0.1025000000E+00  0.3591495013E+07
  0.1027777778E+00  0.3560718812E+07
  0.1030555556E+00  0.3529942642E+07
  0.1033333333E+00  0.3499166441E+07
  0.1036111111E+00  0.3468390239E+07
  0.1038888889E+00  0.3437614038E+07
  0.1041666667E+00  0.3406837859E+07
  0.1044444444E+00  0.3376061658E+07
  0.1047222222E+00  0.3345285456E+07
  0.1050000000E+00  0.3314509277E+07
  0.1052777778E+00  0.3288598685E+07
  0.1055555556E+00  0.3262688082E+07
  0.1058333333E+00  0.3236777512E+07
  0.1061111111E+00  0.3210866898E+07
  0.1063888889E+00  0.3184956295E+07
  0.1066666667E+00  0.3159045736E+07
  0.1069444444E+00  0.3133135133E+07
  0.1072222222E+00  0.3107224519E+07
  0.1075000000E+00  0.3081313949E+07
  0.1077777778E+00  0.3055403346E+07
  0.1080555556E+00  0.3029492733E+07
  0.1083333333E+00  0.3003582174E+07
  0.1086111111E+00  0.2977671570E+07
  0.1088888889E+00  0.2951760967E+07
  0.1091666667E+00  0.2925850387E+07
  0.1094444444E+00  0.2899939784E+07
  0.1097222222E+00  0.2874029192E+07
  0.1100000000E+00  0.2848118612E+07
  0.1102777778E+00  0.2826567782E+07
  0.1105555556E+00  0.2805016976E+07
  0.1108333333E+00  0.2783466170E+07
  0.1111111111E+00  0.2761915352E+07
  0.1113888889E+00  0.2740364556E+07
  0.1116666667E+00  0.2718813749E+07
  0.1119444444E+00  0.2697262943E+07
  0.1122222222E+00  0.2675712137E+07
  0.1125000000E+00  0.2654161307E+07
  0.1127777778E+00  0.2632610500E+07
  0.1130555556E+00  0.2611059694E+07
  0.1133333333E+00  0.2589508888E+07
  0.1136111111E+00  0.2567958081E+07
  0.1138888889E+00  0.2546407285E+07
  0.1141666667E+00  0.2524856479E+07
  0.1144444444E+00  0.2503305672E+07
  0.1147222222E+00  0.2481754855E+07
  0.1150000000E+00  0.2460204025E+07
  0.1152777778E+00  0.2442457105E+07
  0.1155555556E+00  0.2424710197E+07
  0.1158333333E+00  0.2406963278E+07
  0.1161111111E+00  0.2389216369E+07
  0.1163888889E+00  0.2371469450E+07
  0.1166666667E+00  0.2353722530E+07
  0.1169444444E+00  0.2335975621E+07
  0.1172222222E+00  0.2318228668E+07
  0.1175000000E+00  0.2300481749E+07
  0.1177777778E+00  0.2282734840E+07
  0.1180555556E+00  0.2264987921E+07
  0.1183333333E+00  0.2247241002E+07
  0.1186111111E+00  0.2229494092E+07
  0.1188888889E+00  0.2211747173E+07
  0.1191666667E+00  0.2194000254E+07
  0.1194444444E+00  0.2176253334E+07
  0.1197222222E+00  0.2158506392E+07
  0.1200000000E+00  0.2140759472E+07
  0.1202777778E+00  0.2126240389E+07
  0.1205555556E+00  0.2111721272E+07
  0.1208333333E+00  0.2097202144E+07
  0.1211111111E+00  0.2082683038E+07
  0.1213888889E+00  0.2068163943E+07
  0.1216666667E+00  0.2053644816E+07
  0.1219444444E+00  0.2039125709E+07
  0.1222222222E+00  0.2024606615E+07
  0.1225000000E+00  0.2010087497E+07
  0.1227777778E+00  0.1995568381E+07
  0.1230555556E+00  0.1981049253E+07
  0.1233333333E+00  0.1966530169E+07
  0.1236111111E+00  0.1952011052E+07
  0.1238888889E+00  0.1937491924E+07
  0.1241666667E+00  0.1922972840E+07
  0.1244444444E+00  0.1908453724E+07
  0.1247222222E+00  0.1893934606E+07
  0.1250000000E+00  0.1879415478E+07
  0.1252777778E+00  0.1867555945E+07
  0.1255555556E+00  0.1855696389E+07
  0.1258333333E+00  0.1843836822E+07
  0.1261111111E+00  0.1831977310E+07
  0.1263888889E+00  0.1820117743E+07
  0.1266666667E+00  0.1808258187E+07
  0.1269444444E+00  0.1796398654E+07
  0.1272222222E+00  0.1784539097E+07
  0.1275000000E+00  0.1772679531E+07
  0.1277777778E+00  0.1760819997E+07
  0.1280555556E+00  0.1748960441E+07
  0.1283333333E+00  0.1737100874E+07
  0.1286111111E+00  0.1725241362E+07
  0.1288888889E+00  0.1713381796E+07
  0.1291666667E+00  0.1701522239E+07
  0.1294444444E+00  0.1689662706E+07
  0.1297222222E+00  0.1677803149E+07
  0.1300000000E+00  0.1665943616E+07
  0.1302777778E+00  0.1656208235E+07
  0.1305555556E+00  0.1646472885E+07
  0.1308333333E+00  0.1636737537E+07
  0.1311111111E+00  0.1627002154E+07
  0.1313888889E+00  0.1617266806E+07
  0.1316666667E+00  0.1607531457E+07
  0.1319444444E+00  0.1597796074E+07
  0.1322222222E+00  0.1588060726E+07
  0.1325000000E+00  0.1578325377E+07
  0.1327777778E+00  0.1568589995E+07
  0.1330555556E+00  0.1558854647E+07
  0.1333333333E+00  0.1549119297E+07
  0.1336111111E+00  0.1539383916E+07
  0.1338888889E+00  0.1529648566E+07
  0.1341666667E+00  0.1519913218E+07
  0.1344444444E+00  0.1510177870E+07
  0.1347222222E+00  0.1500442487E+07
  0.1350000000E+00  0.1490707138E+07
  0.1352777778E+00  0.1482610617E+07
  0.1355555556E+00  0.1474514086E+07
  0.1358333333E+00  0.1466417599E+07
  0.1361111111E+00  0.1458321068E+07
  0.1363888889E+00  0.1450224546E+07
  0.1366666667E+00  0.1442128015E+07
  0.1369444444E+00  0.1434031528E+07
  0.1372222222E+00  0.1425934997E+07
  0.1375000000E+00  0.1417838476E+07
  0.1377777778E+00  0.1409741955E+07
  0.1380555556E+00  0.1401645457E+07
  0.1383333333E+00  0.1393548936E+07
  0.1386111111E+00  0.1385452405E+07
  0.1388888889E+00  0.1377355884E+07
  0.1391666667E+00  0.1369259386E+07
  0.1394444444E+00  0.1361162865E+07
  0.1397222222E+00  0.1353066334E+07
  0.1400000000E+00  0.1344969813E+07
  0.1402777778E+00  0.1338091085E+07
  0.1405555556E+00  0.1331212347E+07
  0.1408333333E+00  0.1324333608E+07
  0.1411111111E+00  0.1317454880E+07
  0.1413888889E+00  0.1310576153E+07
  0.1416666667E+00  0.1303697381E+07
  0.1419444444E+00  0.1296818653E+07
  0.1422222222E+00  0.1289939914E+07
  0.1425000000E+00  0.1283061186E+07
  0.1427777778E+00  0.1276182449E+07
  0.1430555556E+00  0.1269303687E+07
  0.1433333333E+00  0.1262424959E+07
  0.1436111111E+00  0.1255546221E+07
  0.1438888889E+00  0.1248667482E+07
  0.1441666667E+00  0.1241788755E+07
  0.1444444444E+00  0.1234909993E+07
  0.1447222222E+00  0.1228031255E+07
  0.1450000000E+00  0.1221152528E+07
  0.1452777778E+00  0.1215142175E+07
  0.1455555556E+00  0.1209131812E+07
  0.1458333333E+00  0.1203121437E+07
  0.1461111111E+00  0.1197111074E+07
  0.1463888889E+00  0.1191100732E+07
  0.1466666667E+00  0.1185090369E+07
  0.1469444444E+00  0.1179079983E+07
  0.1472222222E+00  0.1173069631E+07
  0.1475000000E+00  0.1167059278E+07
  0.1477777778E+00  0.1161048927E+07
  0.1480555556E+00  0.1155038574E+07
  0.1483333333E+00  0.1149028178E+07
  0.1486111111E+00  0.1143017836E+07
  0.1488888889E+00  0.1137007473E+07
  0.1491666667E+00  0.1130997131E+07
  0.1494444444E+00  0.1124986735E+07
  0.1497222222E+00  0.1118976393E+07
  0.1500000000E+00  0.1112966040E+07
  0.1502777778E+00  0.1107548615E+07
  0.1505555556E+00  0.1102131190E+07
  0.1508333333E+00  0.1096713775E+07
  0.1511111111E+00  0.1091296350E+07
  0.1513888889E+00  0.1085878935E+07
  0.1516666667E+00  0.1080461521E+07
  0.1519444444E+00  0.1075044062E+07
  0.1522222222E+00  0.1069626647E+07
  0.1525000000E+00  0.1064209222E+07
  0.1527777778E+00  0.1058791807E+07
  0.1530555556E+00  0.1053374381E+07
  0.1533333333E+00  0.1047956963E+07
  0.1536111111E+00  0.1042539544E+07
  0.1538888889E+00  0.1037122119E+07
  0.1541666667E+00  0.1031704701E+07
  0.1544444444E+00  0.1026287276E+07
  0.1547222222E+00  0.1020869858E+07
  0.1550000000E+00  0.1015452440E+07
  0.1552777778E+00  0.1010425183E+07
  0.1555555556E+00  0.1005397925E+07
  0.1558333333E+00  0.1000370669E+07
  0.1561111111E+00  0.9953434088E+06
  0.1563888889E+00  0.9903161516E+06
  0.1566666667E+00  0.9852889056E+06
  0.1569444444E+00  0.9802616451E+06
  0.1572222222E+00  0.9752343879E+06
  0.1575000000E+00  0.9702071418E+06
  0.1577777778E+00  0.9651798813E+06
  0.1580555556E+00  0.9601526141E+06
  0.1583333333E+00  0.9551253681E+06
  0.1586111111E+00  0.9500981109E+06
  0.1588888889E+00  0.9450708504E+06
  0.1591666667E+00  0.9400436043E+06
  0.1594444444E+00  0.9350163471E+06
  0.1597222222E+00  0.9299890866E+06
  0.1600000000E+00  0.9249618305E+06
  0.1602777778E+00  0.9201889712E+06
  0.1605555556E+00  0.9154161018E+06
  0.1608333333E+00  0.9106432436E+06
  0.1611111111E+00  0.9058703876E+06
  0.1613888889E+00  0.9010975294E+06
  0.1616666667E+00  0.8963246601E+06
  0.1619444444E+00  0.8915517963E+06
  0.1622222222E+00  0.8867789414E+06
  0.1625000000E+00  0.8820060765E+06
  0.1627777778E+00  0.8772332116E+06
  0.1630555556E+00  0.8724603467E+06
  0.1633333333E+00  0.8676874929E+06
  0.1636111111E+00  0.8629146280E+06
  0.1638888889E+00  0.8581417665E+06
  0.1641666667E+00  0.8533689016E+06
  0.1644444444E+00  0.8485960467E+06
  0.1647222222E+00  0.8438231818E+06
  0.1650000000E+00  0.8390503169E+06
  0.1652777778E+00  0.8344537287E+06
  0.1655555556E+00  0.8298571448E+06
  0.1658333333E+00  0.8252605577E+06
  0.1661111111E+00  0.8206639728E+06
  0.1663888889E+00  0.8160673956E+06
  0.1666666667E+00  0.8114708107E+06
  0.1669444444E+00  0.8068742236E+06
  0.1672222222E+00  0.8022776398E+06
  0.1675000000E+00  0.7976810515E+06
  0.1677777778E+00  0.7930844678E+06
  0.1680555556E+00  0.7884878795E+06
  0.1683333333E+00  0.7838912923E+06
  0.1686111111E+00  0.7792947085E+06
  0.1688888889E+00  0.7746981203E+06
  0.1691666667E+00  0.7701015365E+06
  0.1694444444E+00  0.7655049583E+06
  0.1697222222E+00  0.7609083745E+06
  0.1700000000E+00  0.7563117873E+06
  0.1702777778E+00  0.7518621221E+06
  0.1705555556E+00  0.7474124646E+06
  0.1708333333E+00  0.7429628104E+06
  0.1711111111E+00  0.7385131551E+06
  0.1713888889E+00  0.7340634876E+06
  0.1716666667E+00  0.7296138334E+06
  0.1719444444E+00  0.7251641792E+06
  0.1722222222E+00  0.7207145106E+06
  0.1725000000E+00  0.7162648564E+06
  0.1727777778E+00  0.7118151990E+06
  0.1730555556E+00  0.7073655448E+06
  0.1733333333E+00  0.7029158795E+06
  0.1736111111E+00  0.6984662220E+06
  0.1738888889E+00  0.6940165678E+06
  0.1741666667E+00  0.6895669137E+06
  0.1744444444E+00  0.6851172451E+06
  0.1747222222E+00  0.6806675909E+06
  0.1750000000E+00  0.6762179334E+06
  0.1752777778E+00  0.6719222324E+06
  0.1755555556E+00  0.6676265281E+06
  0.1758333333E+00  0.6633308237E+06
  0.1761111111E+00  0.6590351294E+06
  0.1763888889E+00  0.6547394250E+06
  0.1766666667E+00  0.6504437239E+06
  0.1769444444E+00  0.6461480196E+06
  0.1772222222E+00  0.6418523152E+06
  0.1775000000E+00  0.6375566220E+06
  0.1777777778E+00  0.6332609210E+06
  0.1780555556E+00  0.6289652166E+06
  0.1783333333E+00  0.6246695122E+06
  0.1786111111E+00  0.6203738179E+06
  0.1788888889E+00  0.6160781169E+06
  0.1791666667E+00  0.6117824126E+06
  0.1794444444E+00  0.6074867082E+06
  0.1797222222E+00  0.6031910038E+06
  0.1800000000E+00  0.5988953095E+06
  0.1802777778E+00  0.5947857031E+06
  0.1805555556E+00  0.5906760833E+06
  0.1808333333E+00  0.5865664737E+06
  0.1811111111E+00  0.5824568673E+06
  0.1813888889E+00  0.5783472575E+06
  0.1816666667E+00  0.5742376479E+06
  0.1819444444E+00  0.5701280381E+06
  0.1822222222E+00  0.5660184317E+06
  0.1825000000E+00  0.5619088221E+06
  0.1827777778E+00  0.5577992123E+06
  0.1830555556E+00  0.5536896059E+06
  0.1833333333E+00  0.5495799963E+06
  0.1836111111E+00  0.5454703865E+06
  0.1838888889E+00  0.5413607769E+06
  0.1841666667E+00  0.5372511705E+06
  0.1844444444E+00  0.5331415507E+06
  0.1847222222E+00  0.5290319411E+06
  0.1850000000E+00  0.5249223347E+06
  0.1852777778E+00  0.5210457449E+06
  0.1855555556E+00  0.5171691441E+06
  0.1858333333E+00  0.5132925432E+06
  0.1861111111E+00  0.5094159434E+06
  0.1863888889E+00  0.5055393526E+06
  0.1866666667E+00  0.5016627529E+06
  0.1869444444E+00  0.4977861520E+06
  0.1872222222E+00  0.4939095523E+06
  0.1875000000E+00  0.4900329481E+06
  0.1877777778E+00  0.4861563573E+06
  0.1880555556E+00  0.4822797575E+06
  0.1883333333E+00  0.4784031566E+06
  0.1886111111E+00  0.4745265569E+06
  0.1888888889E+00  0.4706499661E+06
  0.1891666667E+00  0.4667733663E+06
  0.1894444444E+00  0.4628967655E+06
  0.1897222222E+00  0.4590201697E+06
  0.1900000000E+00  0.4551435718E+06
  0.1902777778E+00  0.4515516279E+06
  0.1905555556E+00  0.4479596795E+06
  0.1908333333E+00  0.4443677321E+06
  0.1911111111E+00  0.4407757836E+06
  0.1913888889E+00  0.4371838407E+06
  0.1916666667E+00  0.4335918922E+06
  0.1919444444E+00  0.4299999449E+06
  0.1922222222E+00  0.4264079965E+06
  0.1925000000E+00  0.4228160525E+06
  0.1927777778E+00  0.4192241040E+06
  0.1930555556E+00  0.4156321577E+06
  0.1933333333E+00  0.4120402137E+06
  0.1936111111E+00  0.4084482652E+06
  0.1938888889E+00  0.4048563180E+06
  0.1941666667E+00  0.4012643696E+06
  0.1944444444E+00  0.3976724265E+06
  0.1947222222E+00  0.3940804781E+06
  0.1950000000E+00  0.3904885307E+06
  0.1952777778E+00  0.3872299909E+06
  0.1955555556E+00  0.3839714521E+06
  0.1958333333E+00  0.3807129122E+06
  0.1961111111E+00  0.3774543733E+06
  0.1963888889E+00  0.3741958301E+06
  0.1966666667E+00  0.3709372913E+06
  0.1969444444E+00  0.3676787514E+06
  0.1972222222E+00  0.3644202126E+06
  0.1975000000E+00  0.3611616748E+06
  0.1977777778E+00  0.3579031349E+06
  0.1980555556E+00  0.3546445961E+06
  0.1983333333E+00  0.3513860528E+06
  0.1986111111E+00  0.3481275141E+06
  0.1988888889E+00  0.3448689741E+06
  0.1991666667E+00  0.3416104353E+06
  0.1994444444E+00  0.3383518954E+06
  0.1997222222E+00  0.3350933566E+06
  0.2000000000E+00  0.3318348166E+06
  0.2002777778E+00  0.3289490333E+06
  0.2005555556E+00  0.3260632512E+06
  0.2008333333E+00  0.3231774679E+06
  0.2011111111E+00  0.3202916867E+06
  0.2013888889E+00  0.3174059024E+06
  0.2016666667E+00  0.3145201213E+06
  0.2019444444E+00  0.3116343370E+06
  0.2022222222E+00  0.3087485559E+06
  0.2025000000E+00  0.3058627726E+06
  0.2027777778E+00  0.3029769904E+06
  0.2030555556E+00  0.3000912071E+06
  0.2033333333E+00  0.2972054250E+06
  0.2036111111E+00  0.2943196406E+06
  0.2038888889E+00  0.2914338573E+06
  0.2041666667E+00  0.2885480751E+06
  0.2044444444E+00  0.2856622918E+06
  0.2047222222E+00  0.2827765097E+06
  0.2050000000E+00  0.2798907264E+06
  0.2052777778E+00  0.2774040665E+06
  0.2055555556E+00  0.2749174067E+06
  0.2058333333E+00  0.2724307447E+06
  0.2061111111E+00  0.2699440849E+06
  0.2063888889E+00  0.2674574250E+06
  0.2066666667E+00  0.2649707652E+06
  0.2069444444E+00  0.2624841042E+06
  0.2072222222E+00  0.2599974434E+06
  0.2075000000E+00  0.2575107835E+06
  0.2077777778E+00  0.2550241237E+06
  0.2080555556E+00  0.2525374638E+06
  0.2083333333E+00  0.2500508029E+06
  0.2086111111E+00  0.2475641420E+06
  0.2088888889E+00  0.2450774822E+06
  0.2091666667E+00  0.2425908223E+06
  0.2094444444E+00  0.2401041625E+06
  0.2097222222E+00  0.2376174972E+06
  0.2100000000E+00  0.2351308373E+06
  0.2102777778E+00  0.2330541046E+06
  0.2105555556E+00  0.2309773684E+06
  0.2108333333E+00  0.2289006333E+06
  0.2111111111E+00  0.2268239006E+06
  0.2113888889E+00  0.2247471644E+06
  0.2116666667E+00  0.2226704283E+06
  0.2119444444E+00  0.2205936956E+06
  0.2122222222E+00  0.2185169595E+06
  0.2125000000E+00  0.2164402233E+06
  0.2127777778E+00  0.2143634906E+06
  0.2130555556E+00  0.2122867545E+06
  0.2133333333E+00  0.2102100183E+06
  0.2136111111E+00  0.2081332865E+06
  0.2138888889E+00  0.2060565505E+06
  0.2141666667E+00  0.2039798143E+06
  0.2144444444E+00  0.2019030816E+06
  0.2147222222E+00  0.1998263455E+06
  0.2150000000E+00  0.1977496093E+06
  0.2152777778E+00  0.1960775634E+06
  0.2155555556E+00  0.1944055174E+06
  0.2158333333E+00  0.1927334705E+06
  0.2161111111E+00  0.1910614234E+06
  0.2163888889E+00  0.1893893774E+06
  0.2166666667E+00  0.1877173304E+06
  0.2169444444E+00  0.1860452833E+06
  0.2172222222E+00  0.1843732373E+06
  0.2175000000E+00  0.1827011915E+06
  0.2177777778E+00  0.1810291445E+06
  0.2180555556E+00  0.1793570984E+06
  0.2183333333E+00  0.1776850514E+06
  0.2186111111E+00  0.1760130045E+06
  0.2188888889E+00  0.1743409584E+06
  0.2191666667E+00  0.1726689114E+06
  0.2194444444E+00  0.1709968644E+06
  0.2197222222E+00  0.1693248184E+06
  0.2200000000E+00  0.1676527725E+06
  0.2202777778E+00  0.1663652778E+06
  0.2205555556E+00  0.1650777842E+06
  0.2208333333E+00  0.1637902907E+06
  0.2211111111E+00  0.1625028004E+06
  0.2213888889E+00  0.1612153058E+06
  0.2216666667E+00  0.1599278123E+06
  0.2219444444E+00  0.1586403220E+06
  0.2222222222E+00  0.1573528284E+06
  0.2225000000E+00  0.1560653348E+06
  0.2227777778E+00  0.1547778413E+06
  0.2230555556E+00  0.1534903510E+06
  0.2233333333E+00  0.1522028575E+06
  0.2236111111E+00  0.1509153638E+06
  0.2238888889E+00  0.1496278703E+06
  0.2241666667E+00  0.1483403800E+06
  0.2244444444E+00  0.1470528855E+06
  0.2247222222E+00  0.1457653919E+06
  0.2250000000E+00  0.1444778983E+06
  0.2252777778E+00  0.1435417429E+06
  0.2255555556E+00  0.1426055844E+06
  0.2258333333E+00  0.1416694291E+06
  0.2261111111E+00  0.1407332705E+06
  0.2263888889E+00  0.1397971152E+06
  0.2266666667E+00  0.1388609577E+06
  0.2269444444E+00  0.1379248013E+06
  0.2272222222E+00  0.1369886427E+06
  0.2275000000E+00  0.1360524874E+06
  0.2277777778E+00  0.1351163299E+06
  0.2280555556E+00  0.1341801713E+06
  0.2283333333E+00  0.1332440160E+06
  0.2286111111E+00  0.1323078563E+06
  0.2288888889E+00  0.1313717021E+06
  0.2291666667E+00  0.1304355435E+06
  0.2294444444E+00  0.1294993882E+06
  0.2297222222E+00  0.1285632297E+06
  0.2300000000E+00  0.1276270754E+06
  0.2302777778E+00  0.1269990468E+06
  0.2305555556E+00  0.1263710203E+06
  0.2308333333E+00  0.1257429927E+06
  0.2311111111E+00  0.1251149652E+06
  0.2313888889E+00  0.1244869376E+06
  0.2316666667E+00  0.1238589110E+06
  0.2319444444E+00  0.1232308858E+06
  0.2322222222E+00  0.1226028593E+06
  0.2325000000E+00  0.1219748317E+06
  0.2327777778E+00  0.1213468042E+06
  0.2330555556E+00  0.1207187766E+06
  0.2333333333E+00  0.1200907501E+06
  0.2336111111E+00  0.1194627215E+06
  0.2338888889E+00  0.1188346950E+06
  0.2341666667E+00  0.1182066707E+06
  0.2344444444E+00  0.1175786432E+06
  0.2347222222E+00  0.1169506156E+06
  0.2350000000E+00  0.1163225891E+06
  0.2352777778E+00  0.1159525919E+06
  0.2355555556E+00  0.1155826003E+06
  0.2358333333E+00  0.1152126041E+06
  0.2361111111E+00  0.1148426091E+06
  0.2363888889E+00  0.1144726140E+06
  0.2366666667E+00  0.1141026200E+06
  0.2369444444E+00  0.1137326248E+06
  0.2372222222E+00  0.1133626308E+06
  0.2375000000E+00  0.1129926347E+06
  0.2377777778E+00  0.1126226407E+06
  0.2380555556E+00  0.1122526459E+06
  0.2383333333E+00  0.1118826518E+06
  0.2386111111E+00  0.1115126567E+06
  0.2388888889E+00  0.1111426617E+06
  0.2391666667E+00  0.1107726666E+06
  0.2394444444E+00  0.1104026729E+06
  0.2397222222E+00  0.1100326777E+06
  0.2400000000E+00  0.1096626827E+06
  0.2402777778E+00  0.1094971932E+06
  0.2405555556E+00  0.1093317047E+06
  0.2408333333E+00  0.1091662152E+06
  0.2411111111E+00  0.1090007267E+06
  0.2413888889E+00  0.1088352361E+06
  0.2416666667E+00  0.1086697474E+06
  0.2419444444E+00  0.1085042581E+06
  0.2422222222E+00  0.1083387691E+06
  0.2425000000E+00  0.1081732801E+06
  0.2427777778E+00  0.1080077911E+06
  0.2430555556E+00  0.1078423010E+06
  0.2433333333E+00  0.1076768120E+06
  0.2436111111E+00  0.1075113230E+06
  0.2438888889E+00  0.1073458340E+06
  0.2441666667E+00  0.1071803450E+06
  0.2444444444E+00  0.1070148560E+06
  0.2447222222E+00  0.1068493660E+06
  0.2450000000E+00  0.1066838768E+06
  0.2452777778E+00  0.1066691998E+06
  0.2455555556E+00  0.1066545230E+06
  0.2458333333E+00  0.1066398459E+06
  0.2461111111E+00  0.1066251698E+06
  0.2463888889E+00  0.1066104930E+06
  0.2466666667E+00  0.1065958159E+06
  0.2469444444E+00  0.1065811391E+06
  0.2472222222E+00  0.1065664620E+06
  0.2475000000E+00  0.1065517853E+06
  0.2477777778E+00  0.1065371082E+06
  0.2480555556E+00  0.1065224313E+06
  0.2483333333E+00  0.1065077542E+06
  0.2486111111E+00  0.1064930775E+06
  0.2488888889E+00  0.1064784004E+06
  0.2491666667E+00  0.1064637233E+06
  0.2494444444E+00  0.1064490475E+06
  0.2497222222E+00  0.1064343704E+06
  0.2500000000E+00  0.1064196936E+06
  0.2502777778E+00  0.1065047986E+06
  0.2505555556E+00  0.1065899034E+06
  0.2508333333E+00  0.1066750084E+06
  0.2511111111E+00  0.1067601134E+06
  0.2513888889E+00  0.1068452185E+06
  0.2516666667E+00  0.1069303235E+06
  0.2519444444E+00  0.1070154285E+06
  0.2522222222E+00  0.1071005333E+06
  0.2525000000E+00  0.1071856383E+06
  0.2527777778E+00  0.1072707433E+06
  0.2530555556E+00  0.1073558484E+06
  0.2533333333E+00  0.1074409534E+06
  0.2536111111E+00  0.1075260581E+06
  0.2538888889E+00  0.1076111632E+06
  0.2541666667E+00  0.1076962682E+06
  0.2544444444E+00  0.1077813733E+06
  0.2547222222E+00  0.1078664783E+06
  0.2550000000E+00  0.1079515833E+06
  0.2552777778E+00  0.1080905427E+06
  0.2555555556E+00  0.1082295021E+06
  0.2558333333E+00  0.1083684619E+06
  0.2561111111E+00  0.1085074213E+06
  0.2563888889E+00  0.1086463807E+06
  0.2566666667E+00  0.1087853404E+06
  0.2569444444E+00  0.1089242998E+06
  0.2572222222E+00  0.1090632592E+06
  0.2575000000E+00  0.1092022189E+06
  0.2577777778E+00  0.1093411783E+06
  0.2580555556E+00  0.1094801378E+06
  0.2583333333E+00  0.1096190975E+06
  0.2586111111E+00  0.1097580569E+06
  0.2588888889E+00  0.1098970163E+06
  0.2591666667E+00  0.1100359760E+06
  0.2594444444E+00  0.1101749354E+06
  0.2597222222E+00  0.1103138948E+06
  0.2600000000E+00  0.1104528545E+06
  0.2602777778E+00  0.1106064505E+06
  0.2605555556E+00  0.1107600464E+06
  0.2608333333E+00  0.1109136413E+06
  0.2611111111E+00  0.1110672374E+06
  0.2613888889E+00  0.1112208333E+06
  0.2616666667E+00  0.1113744292E+06
  0.2619444444E+00  0.1115280241E+06
  0.2622222222E+00  0.1116816204E+06
  0.2625000000E+00  0.1118352163E+06
  0.2627777778E+00  0.1119888122E+06
  0.2630555556E+00  0.1121424072E+06
  0.2633333333E+00  0.1122960031E+06
  0.2636111111E+00  0.1124495990E+06
  0.2638888889E+00  0.1126031950E+06
  0.2641666667E+00  0.1127567900E+06
  0.2644444444E+00  0.1129103859E+06
  0.2647222222E+00  0.1130639818E+06
  0.2650000000E+00  0.1132175778E+06
  0.2652777778E+00  0.1133544947E+06
  0.2655555556E+00  0.1134914116E+06
  0.2658333333E+00  0.1136283297E+06
  0.2661111111E+00  0.1137652466E+06
  0.2663888889E+00  0.1139021636E+06
  0.2666666667E+00  0.1140390816E+06
  0.2669444444E+00  0.1141759985E+06
  0.2672222222E+00  0.1143129165E+06
  0.2675000000E+00  0.1144498334E+06
  0.2677777778E+00  0.1145867505E+06
  0.2680555556E+00  0.1147236681E+06
  0.2683333333E+00  0.1148605850E+06
  0.2686111111E+00  0.1149975020E+06
  0.2688888889E+00  0.1151344199E+06
  0.2691666667E+00  0.1152713370E+06
  0.2694444444E+00  0.1154082539E+06
  0.2697222222E+00  0.1155451719E+06
  0.2700000000E+00  0.1156820889E+06
  0.2702777778E+00  0.1157793764E+06
  0.2705555556E+00  0.1158766640E+06
  0.2708333333E+00  0.1159739525E+06
  0.2711111111E+00  0.1160712404E+06
  0.2713888889E+00  0.1161685279E+06
  0.2716666667E+00  0.1162658154E+06
  0.2719444444E+00  0.1163631029E+06
  0.2722222222E+00  0.1164603915E+06
  0.2725000000E+00  0.1165576794E+06
  0.2727777778E+00  0.1166549669E+06
  0.2730555556E+00  0.1167522545E+06
  0.2733333333E+00  0.1168495420E+06
  0.2736111111E+00  0.1169468306E+06
  0.2738888889E+00  0.1170441182E+06
  0.2741666667E+00  0.1171414060E+06
  0.2744444444E+00  0.1172386936E+06
  0.2747222222E+00  0.1173359821E+06
  0.2750000000E+00  0.1174332697E+06
  0.2752777778E+00  0.1174761840E+06
  0.2755555556E+00  0.1175190992E+06
  0.2758333333E+00  0.1175620132E+06
  0.2761111111E+00  0.1176049276E+06
  0.2763888889E+00  0.1176478427E+06
  0.2766666667E+00  0.1176907568E+06
  0.2769444444E+00  0.1177336722E+06
  0.2772222222E+00  0.1177765862E+06
  0.2775000000E+00  0.1178195017E+06
  0.2777777778E+00  0.1178624158E+06
  0.2780555556E+00  0.1179053298E+06
  0.2783333333E+00  0.1179482453E+06
  0.2786111111E+00  0.1179911593E+06
  0.2788888889E+00  0.1180340748E+06
  0.2791666667E+00  0.1180769888E+06
  0.2794444444E+00  0.1181199039E+06
  0.2797222222E+00  0.1181628184E+06
  0.2800000000E+00  0.1182057324E+06
  0.2802777778E+00  0.1181871904E+06
  0.2805555556E+00  0.1181686474E+06
  0.2808333333E+00  0.1181501045E+06
  0.2811111111E+00  0.1181315624E+06
  0.2813888889E+00  0.1181130195E+06
  0.2816666667E+00  0.1180944765E+06
  0.2819444444E+00  0.1180759345E+06
  0.2822222222E+00  0.1180573915E+06
  0.2825000000E+00  0.1180388485E+06
  0.2827777778E+00  0.1180203066E+06
  0.2830555556E+00  0.1180017636E+06
  0.2833333333E+00  0.1179832207E+06
  0.2836111111E+00  0.1179646786E+06
  0.2838888889E+00  0.1179461356E+06
  0.2841666667E+00  0.1179275927E+06
  0.2844444444E+00  0.1179090507E+06
  0.2847222222E+00  0.1178905077E+06
  0.2850000000E+00  0.1178719647E+06
  0.2852777778E+00  0.1177916618E+06
  0.2855555556E+00  0.1177113579E+06
  0.2858333333E+00  0.1176310550E+06
  0.2861111111E+00  0.1175507522E+06
  0.2863888889E+00  0.1174704483E+06
  0.2866666667E+00  0.1173901454E+06
  0.2869444444E+00  0.1173098415E+06
  0.2872222222E+00  0.1172295386E+06
  0.2875000000E+00  0.1171492347E+06
  0.2877777778E+00  0.1170689319E+06
  0.2880555556E+00  0.1169886280E+06
  0.2883333333E+00  0.1169083254E+06
  0.2886111111E+00  0.1168280214E+06
  0.2888888889E+00  0.1167477186E+06
  0.2891666667E+00  0.1166674147E+06
  0.2894444444E+00  0.1165871118E+06
  0.2897222222E+00  0.1165068079E+06
  0.2900000000E+00  0.1164265050E+06
  0.2902777778E+00  0.1162895539E+06
  0.2905555556E+00  0.1161526031E+06
  0.2908333333E+00  0.1160156523E+06
  0.2911111111E+00  0.1158787012E+06
  0.2913888889E+00  0.1157417504E+06
  0.2916666667E+00  0.1156047996E+06
  0.2919444444E+00  0.1154678485E+06
  0.2922222222E+00  0.1153308987E+06
  0.2925000000E+00  0.1151939479E+06
  0.2927777778E+00  0.1150569968E+06
  0.2930555556E+00  0.1149200460E+06
  0.2933333333E+00  0.1147830952E+06
  0.2936111111E+00  0.1146461441E+06
  0.2938888889E+00  0.1145091933E+06
  0.2941666667E+00  0.1143722425E+06
  0.2944444444E+00  0.1142352914E+06
  0.2947222222E+00  0.1140983406E+06
  0.2950000000E+00  0.1139613898E+06
  0.2952777778E+00  0.1137772223E+06
  0.2955555556E+00  0.1135930537E+06
  0.2958333333E+00  0.1134088855E+06
  0.2961111111E+00  0.1132247168E+06
  0.2963888889E+00  0.1130405485E+06
  0.2966666667E+00  0.1128563800E+06
  0.2969444444E+00  0.1126722123E+06
  0.2972222222E+00  0.1124880440E+06
  0.2975000000E+00  0.1123038755E+06
  0.2977777778E+00  0.1121197069E+06
  0.2980555556E+00  0.1119355385E+06
  0.2983333333E+00  0.1117513700E+06
  0.2986111111E+00  0.1115672017E+06
  0.2988888889E+00  0.1113830341E+06
  0.2991666667E+00  0.1111988655E+06
  0.2994444444E+00  0.1110146972E+06
  0.2997222222E+00  0.1108305287E+06
  0.3000000000E+00  0.1106463601E+06
  0.3002777778E+00  0.1104270925E+06
  0.3005555556E+00  0.1102078251E+06
  0.3008333333E+00  0.1099885575E+06
  0.3011111111E+00  0.1097692901E+06
  0.3013888889E+00  0.1095500226E+06
  0.3016666667E+00  0.1093307547E+06
  0.3019444444E+00  0.1091114873E+06
  0.3022222222E+00  0.1088922197E+06
  0.3025000000E+00  0.1086729523E+06
  0.3027777778E+00  0.1084536848E+06
  0.3030555556E+00  0.1082344173E+06
  0.3033333333E+00  0.1080151485E+06
  0.3036111111E+00  0.1077958810E+06
  0.3038888889E+00  0.1075766135E+06
  0.3041666667E+00  0.1073573460E+06
  0.3044444444E+00  0.1071380785E+06
  0.3047222222E+00  0.1069188111E+06
  0.3050000000E+00  0.1066995432E+06
  0.3052777778E+00  0.1064587806E+06
  0.3055555556E+00  0.1062180167E+06
  0.3058333333E+00  0.1059772542E+06
  0.3061111111E+00  0.1057364903E+06
  0.3063888889E+00  0.1054957274E+06
  0.3066666667E+00  0.1052549649E+06
  0.3069444444E+00  0.1050142010E+06
  0.3072222222E+00  0.1047734381E+06
  0.3075000000E+00  0.1045326745E+06
  0.3077777778E+00  0.1042919115E+06
  0.3080555556E+00  0.1040511480E+06
  0.3083333333E+00  0.1038103851E+06
  0.3086111111E+00  0.1035696222E+06
  0.3088888889E+00  0.1033288587E+06
  0.3091666667E+00  0.1030880958E+06
  0.3094444444E+00  0.1028473322E+06
  0.3097222222E+00  0.1026065693E+06
  0.3100000000E+00  0.1023658064E+06
  0.3102777778E+00  0.1021174072E+06
  0.3105555556E+00  0.1018690088E+06
  0.3108333333E+00  0.1016206106E+06
  0.3111111111E+00  0.1013722125E+06
  0.3113888889E+00  0.1011238140E+06
  0.3116666667E+00  0.1008754159E+06
  0.3119444444E+00  0.1006270163E+06
  0.3122222222E+00  0.1003786182E+06
  0.3125000000E+00  0.1001302197E+06
  0.3127777778E+00  0.9988182157E+05
  0.3130555556E+00  0.9963342337E+05
  0.3133333333E+00  0.9938502393E+05
  0.3136111111E+00  0.9913662583E+05
  0.3138888889E+00  0.9888822730E+05
  0.3141666667E+00  0.9863982919E+05
  0.3144444444E+00  0.9839143065E+05
  0.3147222222E+00  0.9814303255E+05
  0.3150000000E+00  0.9789463301E+05
  0.3152777778E+00  0.9765172863E+05
  0.3155555556E+00  0.9740882514E+05
  0.3158333333E+00  0.9716592065E+05
  0.3161111111E+00  0.9692301593E+05
  0.3163888889E+00  0.9668011144E+05
  0.3166666667E+00  0.9643720707E+05
  0.3169444444E+00  0.9619430224E+05
  0.3172222222E+00  0.9595139887E+05
  0.3175000000E+00  0.9570849438E+05
  0.3177777778E+00  0.9546558965E+05
  0.3180555556E+00  0.9522268516E+05
  0.3183333333E+00  0.9497978068E+05
  0.3186111111E+00  0.9473687697E+05
  0.3188888889E+00  0.9449397248E+05
  0.3191666667E+00  0.9425106810E+05
  0.3194444444E+00  0.9400816328E+05
  0.3197222222E+00  0.9376525890E+05
  0.3200000000E+00  0.9352235440E+05
  0.3202777778E+00  0.9329637275E+05
  0.3205555556E+00  0.9307039155E+05
  0.3208333333E+00  0.9284440891E+05
  0.3211111111E+00  0.9261842771E+05
  0.3213888889E+00  0.9239244541E+05
  0.3216666667E+00  0.9216646376E+05
  0.3219444444E+00  0.9194048156E+05
  0.3222222222E+00  0.9171449992E+05
  0.3225000000E+00  0.9148851872E+05
  0.3227777778E+00  0.9126253641E+05
  0.3230555556E+00  0.9103655477E+05
  0.3233333333E+00  0.9081057257E+05
  0.3236111111E+00  0.9058459092E+05
  0.3238888889E+00  0.9035860973E+05
  0.3241666667E+00  0.9013262708E+05
  0.3244444444E+00  0.8990664577E+05
  0.3247222222E+00  0.8968066358E+05
  0.3250000000E+00  0.8945468193E+05
  0.3252777778E+00  0.8925498661E+05
  0.3255555556E+00  0.8905529030E+05
  0.3258333333E+00  0.8885559531E+05
  0.3261111111E+00  0.8865590000E+05
  0.3263888889E+00  0.8845620369E+05
  0.3266666667E+00  0.8825650826E+05
  0.3269444444E+00  0.8805681295E+05
  0.3272222222E+00  0.8785711763E+05
  0.3275000000E+00  0.8765742132E+05
  0.3277777778E+00  0.8745772633E+05
  0.3280555556E+00  0.8725803102E+05
  0.3283333333E+00  0.8705833470E+05
  0.3286111111E+00  0.8685863928E+05
  0.3288888889E+00  0.8665894396E+05
  0.3291666667E+00  0.8645924865E+05
  0.3294444444E+00  0.8625955233E+05
  0.3297222222E+00  0.8605985702E+05
  0.3300000000E+00  0.8586016203E+05
  0.3302777778E+00  0.8569342443E+05
  0.3305555556E+00  0.8552668771E+05
  0.3308333333E+00  0.8535995110E+05
  0.3311111111E+00  0.8519321450E+05
  0.3313888889E+00  0.8502647778E+05
  0.3316666667E+00  0.8485974017E+05
  0.3319444444E+00  0.8469300357E+05
  0.3322222222E+00  0.8452626685E+05
  0.3325000000E+00  0.8435953024E+05
  0.3327777778E+00  0.8419279264E+05
  0.3330555556E+00  0.8402605593E+05
  0.3333333333E+00  0.8385931931E+05
  0.3336111111E+00  0.8369258271E+05
  0.3338888889E+00  0.8352584600E+05
  0.3341666667E+00  0.8335910838E+05
  0.3344444444E+00  0.8319237178E+05
  0.3347222222E+00  0.8302563507E+05
  0.3350000000E+00  0.8285889847E+05
  0.3352777778E+00  0.8272915286E+05
  0.3355555556E+00  0.8259940814E+05
  0.3358333333E+00  0.8246966353E+05
  0.3361111111E+00  0.8233991892E+05
  0.3363888889E+00  0.8221017420E+05
  0.3366666667E+00  0.8208042959E+05
  0.3369444444E+00  0.8195068498E+05
  0.3372222222E+00  0.8182094038E+05
  0.3375000000E+00  0.8169119433E+05
  0.3377777778E+00  0.8156144972E+05
  0.3380555556E+00  0.8143170511E+05
  0.3383333333E+00  0.8130196039E+05
  0.3386111111E+00  0.8117221578E+05
  0.3388888889E+00  0.8104247117E+05
  0.3391666667E+00  0.8091272656E+05
  0.3394444444E+00  0.8078298085E+05
  0.3397222222E+00  0.8065323625E+05
  0.3400000000E+00  0.8052349164E+05
  0.3402777778E+00  0.8043208496E+05
  0.3405555556E+00  0.8034067807E+05
  0.3408333333E+00  0.8024927139E+05
  0.3411111111E+00  0.8015786483E+05
  0.3413888889E+00  0.8006645782E+05
  0.3416666667E+00  0.7997505126E+05
  0.3419444444E+00  0.7988364458E+05
  0.3422222222E+00  0.7979223769E+05
  0.3425000000E+00  0.7970083114E+05
  0.3427777778E+00  0.7960942445E+05
  0.3430555556E+00  0.7951801790E+05
  0.3433333333E+00  0.7942661088E+05
  0.3436111111E+00  0.7933520433E+05
  0.3438888889E+00  0.7924379765E+05
  0.3441666667E+00  0.7915239076E+05
  0.3444444444E+00  0.7906098408E+05
  0.3447222222E+00  0.7896957752E+05
  0.3450000000E+00  0.7887817051E+05
  0.3452777778E+00  0.7882397561E+05
  0.3455555556E+00  0.7876978026E+05
  0.3458333333E+00  0.7871558602E+05
  0.3461111111E+00  0.7866139101E+05
  0.3463888889E+00  0.7860719577E+05
  0.3466666667E+00  0.7855300175E+05
  0.3469444444E+00  0.7849880651E+05
  0.3472222222E+00  0.7844461117E+05
  0.3475000000E+00  0.7839041625E+05
  0.3477777778E+00  0.7833622191E+05
  0.3480555556E+00  0.7828202701E+05
  0.3483333333E+00  0.7822783177E+05
  0.3486111111E+00  0.7817363741E+05
  0.3488888889E+00  0.7811944252E+05
  0.3491666667E+00  0.7806524717E+05
  0.3494444444E+00  0.7801105326E+05
  0.3497222222E+00  0.7795685791E+05
  0.3500000000E+00  0.7790266267E+05
  0.3502777778E+00  0.7788242071E+05
  0.3505555556E+00  0.7786217742E+05
  0.3508333333E+00  0.7784193513E+05
  0.3511111111E+00  0.7782169283E+05
  0.3513888889E+00  0.7780144966E+05
  0.3516666667E+00  0.7778120737E+05
  0.3519444444E+00  0.7776096408E+05
  0.3522222222E+00  0.7774072178E+05
  0.3525000000E+00  0.7772047950E+05
  0.3527777778E+00  0.7770023632E+05
  0.3530555556E+00  0.7767999435E+05
  0.3533333333E+00  0.7765975107E+05
  0.3536111111E+00  0.7763950878E+05
  0.3538888889E+00  0.7761926648E+05
  0.3541666667E+00  0.7759902319E+05
  0.3544444444E+00  0.7757878102E+05
  0.3547222222E+00  0.7755853773E+05
  0.3550000000E+00  0.7753829543E+05
  0.3552777778E+00  0.7754706676E+05
  0.3555555556E+00  0.7755583754E+05
  0.3558333333E+00  0.7756460887E+05
  0.3561111111E+00  0.7757337920E+05
  0.3563888889E+00  0.7758215098E+05
  0.3566666667E+00  0.7759092132E+05
  0.3569444444E+00  0.7759969264E+05
  0.3572222222E+00  0.7760846342E+05
  0.3575000000E+00  0.7761723475E+05
  0.3577777778E+00  0.7762600509E+05
  0.3580555556E+00  0.7763477686E+05
  0.3583333333E+00  0.7764354719E+05
  0.3586111111E+00  0.7765231852E+05
  0.3588888889E+00  0.7766108897E+05
  0.3591666667E+00  0.7766986063E+05
  0.3594444444E+00  0.7767863096E+05
  0.3597222222E+00  0.7768740241E+05
  0.3600000000E+00  0.7769617308E+05
  0.3602777778E+00  0.7772779680E+05
  0.3605555556E+00  0.7775941975E+05
  0.3608333333E+00  0.7779104247E+05
  0.3611111111E+00  0.7782266552E+05
  0.3613888889E+00  0.7785428825E+05
  0.3616666667E+00  0.7788591119E+05
  0.3619444444E+00  0.7791753391E+05
  0.3622222222E+00  0.7794915797E+05
  0.3625000000E+00  0.7798078103E+05
  0.3627777778E+00  0.7801240364E+05
  0.3630555556E+00  0.7804402670E+05
  0.3633333333E+00  0.7807564942E+05
  0.3636111111E+00  0.7810727247E+05
  0.3638888889E+00  0.7813889509E+05
  0.3641666667E+00  0.7817051914E+05
  0.3644444444E+00  0.7820214187E+05
  0.3647222222E+00  0.7823376492E+05
  0.3650000000E+00  0.7826538764E+05
  0.3652777778E+00  0.7831302284E+05
  0.3655555556E+00  0.7836065714E+05
  0.3658333333E+00  0.7840829244E+05
  0.3661111111E+00  0.7845592664E+05
  0.3663888889E+00  0.7850356127E+05
  0.3666666667E+00  0.7855119658E+05
  0.3669444444E+00  0.7859883077E+05
  0.3672222222E+00  0.7864646607E+05
  0.3675000000E+00  0.7869410038E+05
  0.3677777778E+00  0.7874173555E+05
  0.3680555556E+00  0.7878936986E+05
  0.3683333333E+00  0.7883700516E+05
  0.3686111111E+00  0.7888463935E+05
  0.3688888889E+00  0.7893227466E+05
  0.3691666667E+00  0.7897990896E+05
  0.3694444444E+00  0.7902754415E+05
  0.3697222222E+00  0.7907517846E+05
  0.3700000000E+00  0.7912281376E+05
  0.3702777778E+00  0.7917940725E+05
  0.3705555556E+00  0.7923600073E+05
  0.3708333333E+00  0.7929259455E+05
  0.3711111111E+00  0.7934918905E+05
  0.3713888889E+00  0.7940578254E+05
  0.3716666667E+00  0.7946237603E+05
  0.3719444444E+00  0.7951896952E+05
  0.3722222222E+00  0.7957556334E+05
  0.3725000000E+00  0.7963215783E+05
  0.3727777778E+00  0.7968875132E+05
  0.3730555556E+00  0.7974534481E+05
  0.3733333333E+00  0.7980193863E+05
  0.3736111111E+00  0.7985853312E+05
  0.3738888889E+00  0.7991512661E+05
  0.3741666667E+00  0.7997172010E+05
  0.3744444444E+00  0.8002831359E+05
  0.3747222222E+00  0.8008490741E+05
  0.3750000000E+00  0.8014150191E+05
  0.3752777778E+00  0.8020032159E+05
  0.3755555556E+00  0.8025914128E+05
  0.3758333333E+00  0.8031796197E+05
  0.3761111111E+00  0.8037678166E+05
  0.3763888889E+00  0.8043560167E+05
  0.3766666667E+00  0.8049442236E+05
  0.3769444444E+00  0.8055324205E+05
  0.3772222222E+00  0.8061206174E+05
  0.3775000000E+00  0.8067088241E+05
  0.3777777778E+00  0.8072970210E+05
  0.3780555556E+00  0.8078852291E+05
  0.3783333333E+00  0.8084734259E+05
  0.3786111111E+00  0.8090616262E+05
  0.3788888889E+00  0.8096498330E+05
  0.3791666667E+00  0.8102380299E+05
  0.3794444444E+00  0.8108262267E+05
  0.3797222222E+00  0.8114144336E+05
  0.3800000000E+00  0.8120026304E+05
  0.3802777778E+00  0.8125518085E+05
  0.3805555556E+00  0.8131009788E+05
  0.3808333333E+00  0.8136501570E+05
  0.3811111111E+00  0.8141993351E+05
  0.3813888889E+00  0.8147485021E+05
  0.3816666667E+00  0.8152976802E+05
  0.3819444444E+00  0.8158468616E+05
  0.3822222222E+00  0.8163960286E+05
  0.3825000000E+00  0.8169452066E+05
  0.3827777778E+00  0.8174943836E+05
  0.3830555556E+00  0.8180435517E+05
  0.3833333333E+00  0.8185927331E+05
  0.3836111111E+00  0.8191419101E+05
  0.3838888889E+00  0.8196910782E+05
  0.3841666667E+00  0.8202402563E+05
  0.3844444444E+00  0.8207894333E+05
  0.3847222222E+00  0.8213386047E+05
  0.3850000000E+00  0.8218877828E+05
  0.3852777778E+00  0.8223477688E+05
  0.3855555556E+00  0.8228077547E+05
  0.3858333333E+00  0.8232677407E+05
  0.3861111111E+00  0.8237277366E+05
  0.3863888889E+00  0.8241877226E+05
  0.3866666667E+00  0.8246477119E+05
  0.3869444444E+00  0.8251076979E+05
  0.3872222222E+00  0.8255676838E+05
  0.3875000000E+00  0.8260276709E+05
  0.3877777778E+00  0.8264876568E+05
  0.3880555556E+00  0.8269476428E+05
  0.3883333333E+00  0.8274076288E+05
  0.3886111111E+00  0.8278676180E+05
  0.3888888889E+00  0.8283276040E+05
  0.3891666667E+00  0.8287876000E+05
  0.3894444444E+00  0.8292475859E+05
  0.3897222222E+00  0.8297075719E+05
  0.3900000000E+00  0.8301675589E+05
  0.3902777778E+00  0.8304993525E+05
  0.3905555556E+00  0.8308311427E+05
  0.3908333333E+00  0.8311629363E+05
  0.3911111111E+00  0.8314947364E+05
  0.3913888889E+00  0.8318265300E+05
  0.3916666667E+00  0.8321583201E+05
  0.3919444444E+00  0.8324901103E+05
  0.3922222222E+00  0.8328219038E+05
  0.3925000000E+00  0.8331537040E+05
  0.3927777778E+00  0.8334854976E+05
  0.3930555556E+00  0.8338172878E+05
  0.3933333333E+00  0.8341490813E+05
  0.3936111111E+00  0.8344808715E+05
  0.3938888889E+00  0.8348126750E+05
  0.3941666667E+00  0.8351444652E+05
  0.3944444444E+00  0.8354762588E+05
  0.3947222222E+00  0.8358080489E+05
  0.3950000000E+00  0.8361398436E+05
  0.3952777778E+00  0.8363190169E+05
  0.3955555556E+00  0.8364981847E+05
  0.3958333333E+00  0.8366773526E+05
  0.3961111111E+00  0.8368565270E+05
  0.3963888889E+00  0.8370356937E+05
  0.3966666667E+00  0.8372148715E+05
  0.3969444444E+00  0.8373940359E+05
  0.3972222222E+00  0.8375732026E+05
  0.3975000000E+00  0.8377523805E+05
  0.3977777778E+00  0.8379315449E+05
  0.3980555556E+00  0.8381107227E+05
  0.3983333333E+00  0.8382898894E+05
  0.3986111111E+00  0.8384690538E+05
  0.3988888889E+00  0.8386482316E+05
  0.3991666667E+00  0.8388273995E+05
  0.3994444444E+00  0.8390065728E+05
  0.3997222222E+00  0.8391857406E+05
  0.4000000000E+00  0.8393649084E+05
  0.4002777778E+00  0.8393804794E+05
  0.4005555556E+00  0.8393960504E+05
  0.4008333333E+00  0.8394116248E+05
  0.4011111111E+00  0.8394271958E+05
  0.4013888889E+00  0.8394427701E+05
  0.4016666667E+00  0.8394583401E+05
  0.4019444444E+00  0.8394739244E+05
  0.4022222222E+00  0.8394894954E+05
  0.4025000000E+00  0.8395050665E+05
  0.4027777778E+00  0.8395206408E+05
  0.4030555556E+00  0.8395362118E+05
  0.4033333333E+00  0.8395517862E+05
  0.4036111111E+00  0.8395673572E+05
  0.4038888889E+00  0.8395829316E+05
  0.4041666667E+00  0.8395985026E+05
  0.4044444444E+00  0.8396140736E+05
  0.4047222222E+00  0.8396296469E+05
  0.4050000000E+00  0.8396452179E+05
  0.4052777778E+00  0.8394998901E+05
  0.4055555556E+00  0.8393545678E+05
  0.4058333333E+00  0.8392092455E+05
  0.4061111111E+00  0.8390639177E+05
  0.4063888889E+00  0.8389185954E+05
  0.4066666667E+00  0.8387732643E+05
  0.4069444444E+00  0.8386279420E+05
  0.4072222222E+00  0.8384826231E+05
  0.4075000000E+00  0.8383372919E+05
  0.4077777778E+00  0.8381919696E+05
  0.4080555556E+00  0.8380466407E+05
  0.4083333333E+00  0.8379013196E+05
  0.4086111111E+00  0.8377559873E+05
  0.4088888889E+00  0.8376106695E+05
  0.4091666667E+00  0.8374653472E+05
  0.4094444444E+00  0.8373200149E+05
  0.4097222222E+00  0.8371746938E+05
  0.4100000000E+00  0.8370293649E+05
  0.4102777778E+00  0.8367377315E+05
  0.4105555556E+00  0.8364460849E+05
  0.4108333333E+00  0.8361544414E+05
  0.4111111111E+00  0.8358627981E+05
  0.4113888889E+00  0.8355711614E+05
  0.4116666667E+00  0.8352795181E+05
  0.4119444444E+00  0.8349878747E+05
  0.4122222222E+00  0.8346962313E+05
  0.4125000000E+00  0.8344045947E+05
  0.4127777778E+00  0.8341129512E+05
  0.4130555556E+00  0.8338213079E+05
  0.4133333333E+00  0.8335296635E+05
  0.4136111111E+00  0.8332380268E+05
  0.4138888889E+00  0.8329463834E+05
  0.4141666667E+00  0.8326547400E+05
  0.4144444444E+00  0.8323630934E+05
  0.4147222222E+00  0.8320714601E+05
  0.4150000000E+00  0.8317798166E+05
  0.4152777778E+00  0.8313661086E+05
  0.4155555556E+00  0.8309523963E+05
  0.4158333333E+00  0.8305386971E+05
  0.4161111111E+00  0.8301249858E+05
  0.4163888889E+00  0.8297112768E+05
  0.4166666667E+00  0.8292975776E+05
  0.4169444444E+00  0.8288838663E+05
  0.4172222222E+00  0.8284701572E+05
  0.4175000000E+00  0.8280564481E+05
  0.4177777778E+00  0.8276427468E+05
  0.4180555556E+00  0.8272290377E+05
  0.4183333333E+00  0.8268153253E+05
  0.4186111111E+00  0.8264016272E+05
  0.4188888889E+00  0.8259879182E+05
  0.4191666667E+00  0.8255742058E+05
  0.4194444444E+00  0.8251604977E+05
  0.4197222222E+00  0.8247467987E+05
  0.4200000000E+00  0.8243330863E+05
  0.4202777778E+00  0.8238288552E+05
  0.4205555556E+00  0.8233246208E+05
  0.4208333333E+00  0.8228203866E+05
  0.4211111111E+00  0.8223161655E+05
  0.4213888889E+00  0.8218119312E+05
  0.4216666667E+00  0.8213077002E+05
  0.4219444444E+00  0.8208034658E+05
  0.4222222222E+00  0.8202992315E+05
  0.4225000000E+00  0.8197950004E+05
  0.4227777778E+00  0.8192907662E+05
  0.4230555556E+00  0.8187865451E+05
  0.4233333333E+00  0.8182823107E+05
  0.4236111111E+00  0.8177780765E+05
  0.4238888889E+00  0.8172738454E+05
  0.4241666667E+00  0.8167696110E+05
  0.4244444444E+00  0.8162653801E+05
  0.4247222222E+00  0.8157611457E+05
  0.4250000000E+00  0.8152569114E+05
  0.4252777778E+00  0.8146978902E+05
  0.4255555556E+00  0.8141388657E+05
  0.4258333333E+00  0.8135798312E+05
  0.4261111111E+00  0.8130208100E+05
  0.4263888889E+00  0.8124617756E+05
  0.4266666667E+00  0.8119027511E+05
  0.4269444444E+00  0.8113437199E+05
  0.4272222222E+00  0.8107846954E+05
  0.4275000000E+00  0.8102256709E+05
  0.4277777778E+00  0.8096666398E+05
  0.4280555556E+00  0.8091076153E+05
  0.4283333333E+00  0.8085485808E+05
  0.4286111111E+00  0.8079895596E+05
  0.4288888889E+00  0.8074305251E+05
  0.4291666667E+00  0.8068715006E+05
  0.4294444444E+00  0.8063124761E+05
  0.4297222222E+00  0.8057534450E+05
  0.4300000000E+00  0.8051944205E+05
  0.4302777778E+00  0.8046175534E+05
  0.4305555556E+00  0.8040406850E+05
  0.4308333333E+00  0.8034638168E+05
  0.4311111111E+00  0.8028869486E+05
  0.4313888889E+00  0.8023100803E+05
  0.4316666667E+00  0.8017332120E+05
  0.4319444444E+00  0.8011563449E+05
  0.4322222222E+00  0.8005794766E+05
  0.4325000000E+00  0.8000026184E+05
  0.4327777778E+00  0.7994257501E+05
  0.4330555556E+00  0.7988488818E+05
  0.4333333333E+00  0.7982720136E+05
  0.4336111111E+00  0.7976951464E+05
  0.4338888889E+00  0.7971182782E+05
  0.4341666667E+00  0.7965414099E+05
  0.4344444444E+00  0.7959645416E+05
  0.4347222222E+00  0.7953876734E+05
  0.4350000000E+00  0.7948108063E+05
  0.4352777778E+00  0.7942513357E+05
  0.4355555556E+00  0.7936918685E+05
  0.4358333333E+00  0.7931323880E+05
  0.4361111111E+00  0.7925729174E+05
  0.4363888889E+00  0.7920134369E+05
  0.4366666667E+00  0.7914539697E+05
  0.4369444444E+00  0.7908944992E+05
  0.4372222222E+00  0.7903350186E+05
  0.4375000000E+00  0.7897755481E+05
  0.4377777778E+00  0.7892160709E+05
  0.4380555556E+00  0.7886566003E+05
  0.4383333333E+00  0.7880971298E+05
  0.4386111111E+00  0.7875376526E+05
  0.4388888889E+00  0.7869781821E+05
  0.4391666667E+00  0.7864187115E+05
  0.4394444444E+00  0.7858592320E+05
  0.4397222222E+00  0.7852997608E+05
  0.4400000000E+00  0.7847402873E+05
  0.4402777778E+00  0.7842293570E+05
  0.4405555556E+00  0.7837184268E+05
  0.4408333333E+00  0.7832074965E+05
  0.4411111111E+00  0.7826965629E+05
  0.4413888889E+00  0.7821856338E+05
  0.4416666667E+00  0.7816747035E+05
  0.4419444444E+00  0.7811637733E+05
  0.4422222222E+00  0.7806528430E+05
  0.4425000000E+00  0.7801419139E+05
  0.4427777778E+00  0.7796309836E+05
  0.4430555556E+00  0.7791200534E+05
  0.4433333333E+00  0.7786091231E+05
  0.4436111111E+00  0.7780981907E+05
  0.4438888889E+00  0.7775872604E+05
  0.4441666667E+00  0.7770763291E+05
  0.4444444444E+00  0.7765653989E+05
  0.4447222222E+00  0.7760544697E+05
  0.4450000000E+00  0.7755435395E+05
  0.4452777778E+00  0.7751055548E+05
  0.4455555556E+00  0.7746675711E+05
  0.4458333333E+00  0.7742295864E+05
  0.4461111111E+00  0.7737915984E+05
  0.4463888889E+00  0.7733536148E+05
  0.4466666667E+00  0.7729156301E+05
  0.4469444444E+00  0.7724776455E+05
  0.4472222222E+00  0.7720396607E+05
  0.4475000000E+00  0.7716016770E+05
  0.4477777778E+00  0.7711636913E+05
  0.4480555556E+00  0.7707257044E+05
  0.4483333333E+00  0.7702877197E+05
  0.4486111111E+00  0.7698497351E+05
  0.4488888889E+00  0.7694117504E+05
  0.4491666667E+00  0.7689737666E+05
  0.4494444444E+00  0.7685357819E+05
  0.4497222222E+00  0.7680977973E+05
  0.4500000000E+00  0.7676598126E+05
  0.4502777778E+00  0.7673114663E+05
  0.4505555556E+00  0.7669631188E+05
  0.4508333333E+00  0.7666147714E+05
  0.4511111111E+00  0.7662664240E+05
  0.4513888889E+00  0.7659180765E+05
  0.4516666667E+00  0.7655697291E+05
  0.4519444444E+00  0.7652213826E+05
  0.4522222222E+00  0.7648730386E+05
  0.4525000000E+00  0.7645246923E+05
  0.4527777778E+00  0.7641763447E+05
  0.4530555556E+00  0.7638279973E+05
  0.4533333333E+00  0.7634796500E+05
  0.4536111111E+00  0.7631313024E+05
  0.4538888889E+00  0.7627829550E+05
  0.4541666667E+00  0.7624346121E+05
  0.4544444444E+00  0.7620862645E+05
  0.4547222222E+00  0.7617379171E+05
  0.4550000000E+00  0.7613895708E+05
  0.4552777778E+00  0.7611390001E+05
  0.4555555556E+00  0.7608884251E+05
  0.4558333333E+00  0.7606378544E+05
  0.4561111111E+00  0.7603872838E+05
  0.4563888889E+00  0.7601367098E+05
  0.4566666667E+00  0.7598861392E+05
  0.4569444444E+00  0.7596355673E+05
  0.4572222222E+00  0.7593849935E+05
  0.4575000000E+00  0.7591344229E+05
  0.4577777778E+00  0.7588838522E+05
  0.4580555556E+00  0.7586332771E+05
  0.4583333333E+00  0.7583827065E+05
  0.4586111111E+00  0.7581321359E+05
  0.4588888889E+00  0.7578815618E+05
  0.4591666667E+00  0.7576309912E+05
  0.4594444444E+00  0.7573804195E+05
  0.4597222222E+00  0.7571298489E+05
  0.4600000000E+00  0.7568792748E+05
  0.4602777778E+00  0.7567256902E+05
  0.4605555556E+00  0.7565721055E+05
  0.4608333333E+00  0.7564185175E+05
  0.4611111111E+00  0.7562649328E+05
  0.4613888889E+00  0.7561113481E+05
  0.4616666667E+00  0.7559577634E+05
  0.4619444444E+00  0.7558041776E+05
  0.4622222222E+00  0.7556505928E+05
  0.4625000000E+00  0.7554970081E+05
  0.4627777778E+00  0.7553434201E+05
  0.4630555556E+00  0.7551898355E+05
  0.4633333333E+00  0.7550362507E+05
  0.4636111111E+00  0.7548826660E+05
  0.4638888889E+00  0.7547290780E+05
  0.4641666667E+00  0.7545754934E+05
  0.4644444444E+00  0.7544219086E+05
  0.4647222222E+00  0.7542683206E+05
  0.4650000000E+00  0.7541147359E+05
  0.4652777778E+00  0.7540491135E+05
  0.4655555556E+00  0.7539834912E+05
  0.4658333333E+00  0.7539178634E+05
  0.4661111111E+00  0.7538522409E+05
  0.4663888889E+00  0.7537866187E+05
  0.4666666667E+00  0.7537209908E+05
  0.4669444444E+00  0.7536553684E+05
  0.4672222222E+00  0.7535897451E+05
  0.4675000000E+00  0.7535241193E+05
  0.4677777778E+00  0.7534584958E+05
  0.4680555556E+00  0.7533928725E+05
  0.4683333333E+00  0.7533272501E+05
  0.4686111111E+00  0.7532616233E+05
  0.4688888889E+00  0.7531959999E+05
  0.4691666667E+00  0.7531303775E+05
  0.4694444444E+00  0.7530647497E+05
  0.4697222222E+00  0.7529991273E+05
  0.4700000000E+00  0.7529335049E+05
  0.4702777778E+00  0.7529396740E+05
  0.4705555556E+00  0.7529458396E+05
  0.4708333333E+00  0.7529520085E+05
  0.4711111111E+00  0.7529581776E+05
  0.4713888889E+00  0.7529643465E+05
  0.4716666667E+00  0.7529705155E+05
  0.4719444444E+00  0.7529766811E+05
  0.4722222222E+00  0.7529828501E+05
  0.4725000000E+00  0.7529890191E+05
  0.4727777778E+00  0.7529951880E+05
  0.4730555556E+00  0.7530013571E+05
  0.4733333333E+00  0.7530075217E+05
  0.4736111111E+00  0.7530136906E+05
  0.4738888889E+00  0.7530198597E+05
  0.4741666667E+00  0.7530260287E+05
  0.4744444444E+00  0.7530321976E+05
  0.4747222222E+00  0.7530383632E+05
  0.4750000000E+00  0.7530445322E+05
  0.4752777778E+00  0.7531010245E+05
  0.4755555556E+00  0.7531575134E+05
  0.4758333333E+00  0.7532140023E+05
  0.4761111111E+00  0.7532704946E+05
  0.4763888889E+00  0.7533269835E+05
  0.4766666667E+00  0.7533834747E+05
  0.4769444444E+00  0.7534399636E+05
  0.4772222222E+00  0.7534964559E+05
  0.4775000000E+00  0.7535529449E+05
  0.4777777778E+00  0.7536094338E+05
  0.4780555556E+00  0.7536659250E+05
  0.4783333333E+00  0.7537224139E+05
  0.4786111111E+00  0.7537789061E+05
  0.4788888889E+00  0.7538353951E+05
  0.4791666667E+00  0.7538918840E+05
  0.4794444444E+00  0.7539483762E+05
  0.4797222222E+00  0.7540048641E+05
  0.4800000000E+00  0.7540613564E+05
  0.4802777778E+00  0.7541430694E+05
  0.4805555556E+00  0.7542247846E+05
  0.4808333333E+00  0.7543065000E+05
  0.4811111111E+00  0.7543882130E+05
  0.4813888889E+00  0.7544699294E+05
  0.4816666667E+00  0.7545516423E+05
  0.4819444444E+00  0.7546333577E+05
  0.4822222222E+00  0.7547150740E+05
  0.4825000000E+00  0.7547967870E+05
  0.4827777778E+00  0.7548785034E+05
  0.4830555556E+00  0.7549602143E+05
  0.4833333333E+00  0.7550419306E+05
  0.4836111111E+00  0.7551236469E+05
  0.4838888889E+00  0.7552053599E+05
  0.4841666667E+00  0.7552870753E+05
  0.4844444444E+00  0.7553687883E+05
  0.4847222222E+00  0.7554505047E+05
  0.4850000000E+00  0.7555322210E+05
  0.4852777778E+00  0.7556129742E+05
  0.4855555556E+00  0.7556937318E+05
  0.4858333333E+00  0.7557744861E+05
  0.4861111111E+00  0.7558552426E+05
  0.4863888889E+00  0.7559359968E+05
  0.4866666667E+00  0.7560167500E+05
  0.4869444444E+00  0.7560975086E+05
  0.4872222222E+00  0.7561782618E+05
  0.4875000000E+00  0.7562590193E+05
  0.4877777778E+00  0.7563397736E+05
  0.4880555556E+00  0.7564205311E+05
  0.4883333333E+00  0.7565012843E+05
  0.4886111111E+00  0.7565820430E+05
  0.4888888889E+00  0.7566627962E+05
  0.4891666667E+00  0.7567435537E+05
  0.4894444444E+00  0.7568243069E+05
  0.4897222222E+00  0.7569050621E+05
  0.4900000000E+00  0.7569858187E+05
  0.4902777778E+00  0.7570402524E+05
  0.4905555556E+00  0.7570946870E+05
  0.4908333333E+00  0.7571491162E+05
  0.4911111111E+00  0.7572035499E+05
  0.4913888889E+00  0.7572579835E+05
  0.4916666667E+00  0.7573124171E+05
  0.4919444444E+00  0.7573668508E+05
  0.4922222222E+00  0.7574212799E+05
  0.4925000000E+00  0.7574757146E+05
  0.4927777778E+00  0.7575301483E+05
  0.4930555556E+00  0.7575845819E+05
  0.4933333333E+00  0.7576390144E+05
  0.4936111111E+00  0.7576934481E+05
  0.4938888889E+00  0.7577478784E+05
  0.4941666667E+00  0.7578023120E+05
  0.4944444444E+00  0.7578567457E+05
  0.4947222222E+00  0.7579111792E+05
  0.4950000000E+00  0.7579656128E+05
