  0.1027777778E-01  0.2227067782E+08
  0.1055555556E-01  0.2224836420E+08
  0.1083333333E-01  0.2222605046E+08
  0.1111111111E-01  0.2220373684E+08
  0.1138888889E-01  0.2218142310E+08
  0.1166666667E-01  0.2215910981E+08
  0.1194444444E-01  0.2213679608E+08
  0.1222222222E-01  0.2211448246E+08
  0.1250000000E-01  0.2209216884E+08
  0.1277777778E-01  0.2206985510E+08
  0.1305555556E-01  0.2204754148E+08
  0.1333333333E-01  0.2202522774E+08
  0.1361111111E-01  0.2200291445E+08
  0.1388888889E-01  0.2198060072E+08
  0.1416666667E-01  0.2195828710E+08
  0.1444444444E-01  0.2193597337E+08
  0.1472222222E-01  0.2191365984E+08
  0.1500000000E-01  0.2189134622E+08
  0.1527777778E-01  0.2186074404E+08
  0.1555555556E-01  0.2183014154E+08
  0.1583333333E-01  0.2179953936E+08
  0.1611111111E-01  0.2176893686E+08
  0.1638888889E-01  0.2173833478E+08
  0.1666666667E-01  0.2170773261E+08
  0.1694444444E-01  0.2167713010E+08
  0.1722222222E-01  0.2164652793E+08
  0.1750000000E-01  0.2161592542E+08
  0.1777777778E-01  0.2158532334E+08
  0.1805555556E-01  0.2155472084E+08
  0.1833333333E-01  0.2152411866E+08
  0.1861111111E-01  0.2149351627E+08
  0.1888888889E-01  0.2146291419E+08
  0.1916666667E-01  0.2143231169E+08
  0.1944444444E-01  0.2140170951E+08
  0.1972222222E-01  0.2137110700E+08
  0.2000000000E-01  0.2134050484E+08
  0.2027777778E-01  0.2130220868E+08
  0.2055555556E-01  0.2126391274E+08
  0.2083333333E-01  0.2122561692E+08
  0.2111111111E-01  0.2118732077E+08
  0.2138888889E-01  0.2114902483E+08
  0.2166666667E-01  0.2111072901E+08
  0.2194444444E-01  0.2107243285E+08
  0.2222222222E-01  0.2103413701E+08
  0.2250000000E-01  0.2099584119E+08
  0.2277777778E-01  0.2095754504E+08
  0.2305555556E-01  0.2091924910E+08
  0.2333333333E-01  0.2088095328E+08
  0.2361111111E-01  0.2084265712E+08
  0.2388888889E-01  0.2080436119E+08
  0.2416666667E-01  0.2076606536E+08
  0.2444444444E-01  0.2072776921E+08
  0.2472222222E-01  0.2068947328E+08
  0.2500000000E-01  0.2065117746E+08
  0.2527777778E-01  0.2060593476E+08
  0.2555555556E-01  0.2056069196E+08
  0.2583333333E-01  0.2051544915E+08
  0.2611111111E-01  0.2047020613E+08
  0.2638888889E-01  0.2042496333E+08
  0.2666666667E-01  0.2037972052E+08
  0.2694444444E-01  0.2033447782E+08
  0.2722222222E-01  0.2028923503E+08
  0.2750000000E-01  0.2024399234E+08
  0.2777777778E-01  0.2019874953E+08
  0.2805555556E-01  0.2015350682E+08
  0.2833333333E-01  0.2010826414E+08
  0.2861111111E-01  0.2006302134E+08
  0.2888888889E-01  0.2001777864E+08
  0.2916666667E-01  0.1997253583E+08
  0.2944444444E-01  0.1992729304E+08
  0.2972222222E-01  0.1988205035E+08
  0.3000000000E-01  0.1983680754E+08
  0.3027777778E-01  0.1978549065E+08
  0.3055555556E-01  0.1973417367E+08
  0.3083333333E-01  0.1968285677E+08
  0.3111111111E-01  0.1963153988E+08
  0.3138888889E-01  0.1958022300E+08
  0.3166666667E-01  0.1952890600E+08
  0.3194444444E-01  0.1947758911E+08
  0.3222222222E-01  0.1942627223E+08
  0.3250000000E-01  0.1937495512E+08
  0.3277777778E-01  0.1932363823E+08
  0.3305555556E-01  0.1927232135E+08
  0.3333333333E-01  0.1922100435E+08
  0.3361111111E-01  0.1916968746E+08
  0.3388888889E-01  0.1911837058E+08
  0.3416666667E-01  0.1906705359E+08
  0.3444444444E-01  0.1901573669E+08
  0.3472222222E-01  0.1896441981E+08
  0.3500000000E-01  0.1891310281E+08
  0.3527777778E-01  0.1885665887E+08
  0.3555555556E-01  0.1880021483E+08
  0.3583333333E-01  0.1874377044E+08
  0.3611111111E-01  0.1868732640E+08
  0.3638888889E-01  0.1863088236E+08
  0.3666666667E-01  0.1857443841E+08
  0.3694444444E-01  0.1851799436E+08
  0.3722222222E-01  0.1846155032E+08
  0.3750000000E-01  0.1840510627E+08
  0.3777777778E-01  0.1834866222E+08
  0.3805555556E-01  0.1829221819E+08
  0.3833333333E-01  0.1823577391E+08
  0.3861111111E-01  0.1817932986E+08
  0.3888888889E-01  0.1812288582E+08
  0.3916666667E-01  0.1806644188E+08
  0.3944444444E-01  0.1800999783E+08
  0.3972222222E-01  0.1795355379E+08
  0.4000000000E-01  0.1789710985E+08
  0.4027777778E-01  0.1783656442E+08
  0.4055555556E-01  0.1777601876E+08
  0.4083333333E-01  0.1771547333E+08
  0.4111111111E-01  0.1765492790E+08
  0.4138888889E-01  0.1759438258E+08
  0.4166666667E-01  0.1753383681E+08
  0.4194444444E-01  0.1747329149E+08
  0.4222222222E-01  0.1741274606E+08
  0.4250000000E-01  0.1735220073E+08
  0.4277777778E-01  0.1729165496E+08
  0.4305555556E-01  0.1723110963E+08
  0.4333333333E-01  0.1717056421E+08
  0.4361111111E-01  0.1711001878E+08
  0.4388888889E-01  0.1704947312E+08
  0.4416666667E-01  0.1698892769E+08
  0.4444444444E-01  0.1692838237E+08
  0.4472222222E-01  0.1686783694E+08
  0.4500000000E-01  0.1680729161E+08
  0.4527777778E-01  0.1674370206E+08
  0.4555555556E-01  0.1668011284E+08
  0.4583333333E-01  0.1661652351E+08
  0.4611111111E-01  0.1655293405E+08
  0.4638888889E-01  0.1648934472E+08
  0.4666666667E-01  0.1642575550E+08
  0.4694444444E-01  0.1636216593E+08
  0.4722222222E-01  0.1629857672E+08
  0.4750000000E-01  0.1623498749E+08
  0.4777777778E-01  0.1617139816E+08
  0.4805555556E-01  0.1610780871E+08
  0.4833333333E-01  0.1604421939E+08
  0.4861111111E-01  0.1598063016E+08
  0.4888888889E-01  0.1591704050E+08
  0.4916666667E-01  0.1585345138E+08
  0.4944444444E-01  0.1578986215E+08
  0.4972222222E-01  0.1572627249E+08
  0.5000000000E-01  0.1566268326E+08
  0.5027777778E-01  0.1559711399E+08
  0.5055555556E-01  0.1553154505E+08
  0.5083333333E-01  0.1546597590E+08
  0.5111111111E-01  0.1540040673E+08
  0.5138888889E-01  0.1533483746E+08
  0.5166666667E-01  0.1526926852E+08
  0.5194444444E-01  0.1520369925E+08
  0.5222222222E-01  0.1513813008E+08
  0.5250000000E-01  0.1507256081E+08
  0.5277777778E-01  0.1500699154E+08
  0.5305555556E-01  0.1494142270E+08
  0.5333333333E-01  0.1487585343E+08
  0.5361111111E-01  0.1481028416E+08
  0.5388888889E-01  0.1474471490E+08
  0.5416666667E-01  0.1467914606E+08
  0.5444444444E-01  0.1461357679E+08
  0.5472222222E-01  0.1454800752E+08
  0.5500000000E-01  0.1448243825E+08
  0.5527777778E-01  0.1441593081E+08
  0.5555555556E-01  0.1434942302E+08
  0.5583333333E-01  0.1428291547E+08
  0.5611111111E-01  0.1421640779E+08
  0.5638888889E-01  0.1414990001E+08
  0.5666666667E-01  0.1408339256E+08
  0.5694444444E-01  0.1401688479E+08
  0.5722222222E-01  0.1395037734E+08
  0.5750000000E-01  0.1388386956E+08
  0.5777777778E-01  0.1381736178E+08
  0.5805555556E-01  0.1375085433E+08
  0.5833333333E-01  0.1368434656E+08
  0.5861111111E-01  0.1361783911E+08
  0.5888888889E-01  0.1355133133E+08
  0.5916666667E-01  0.1348482355E+08
  0.5944444444E-01  0.1341831611E+08
  0.5972222222E-01  0.1335180833E+08
  0.6000000000E-01  0.1328530088E+08
  0.6027777778E-01  0.1321885434E+08
  0.6055555556E-01  0.1315240782E+08
  0.6083333333E-01  0.1308596162E+08
  0.6111111111E-01  0.1301951519E+08
  0.6138888889E-01  0.1295306889E+08
  0.6166666667E-01  0.1288662247E+08
  0.6194444444E-01  0.1282017594E+08
  0.6222222222E-01  0.1275372974E+08
  0.6250000000E-01  0.1268728331E+08
  0.6277777778E-01  0.1262083668E+08
  0.6305555556E-01  0.1255439059E+08
  0.6333333333E-01  0.1248794405E+08
  0.6361111111E-01  0.1242149786E+08
  0.6388888889E-01  0.1235505132E+08
  0.6416666667E-01  0.1228860480E+08
  0.6444444444E-01  0.1222215861E+08
  0.6472222222E-01  0.1215571220E+08
  0.6500000000E-01  0.1208926581E+08
  0.6527777778E-01  0.1202380740E+08
  0.6555555556E-01  0.1195834914E+08
  0.6583333333E-01  0.1189289076E+08
  0.6611111111E-01  0.1182743249E+08
  0.6638888889E-01  0.1176197408E+08
  0.6666666667E-01  0.1169651581E+08
  0.6694444444E-01  0.1163105743E+08
  0.6722222222E-01  0.1156559916E+08
  0.6750000000E-01  0.1150014065E+08
  0.6777777778E-01  0.1143468228E+08
  0.6805555556E-01  0.1136922401E+08
  0.6833333333E-01  0.1130376563E+08
  0.6861111111E-01  0.1123830733E+08
  0.6888888889E-01  0.1117284895E+08
  0.6916666667E-01  0.1110739069E+08
  0.6944444444E-01  0.1104193231E+08
  0.6972222222E-01  0.1097647401E+08
  0.7000000000E-01  0.1091101563E+08
  0.7027777778E-01  0.1084738595E+08
  0.7055555556E-01  0.1078375606E+08
  0.7083333333E-01  0.1072012638E+08
  0.7111111111E-01  0.1065649658E+08
  0.7138888889E-01  0.1059286691E+08
  0.7166666667E-01  0.1052923711E+08
  0.7194444444E-01  0.1046560732E+08
  0.7222222222E-01  0.1040197764E+08
  0.7250000000E-01  0.1033834788E+08
  0.7277777778E-01  0.1027471815E+08
  0.7305555556E-01  0.1021108840E+08
  0.7333333333E-01  0.1014745869E+08
  0.7361111111E-01  0.1008382895E+08
  0.7388888889E-01  0.1002019920E+08
  0.7416666667E-01  0.9956569468E+07
  0.7444444444E-01  0.9892939722E+07
  0.7472222222E-01  0.9829309972E+07
  0.7500000000E-01  0.9765680238E+07
  0.7527777778E-01  0.9704612260E+07
  0.7555555556E-01  0.9643544295E+07
  0.7583333333E-01  0.9582476321E+07
  0.7611111111E-01  0.9521408355E+07
  0.7638888889E-01  0.9460340378E+07
  0.7666666667E-01  0.9399272415E+07
  0.7694444444E-01  0.9338204483E+07
  0.7722222222E-01  0.9277136506E+07
  0.7750000000E-01  0.9216068540E+07
  0.7777777778E-01  0.9155000566E+07
  0.7805555556E-01  0.9093932600E+07
  0.7833333333E-01  0.9032864625E+07
  0.7861111111E-01  0.8971796659E+07
  0.7888888889E-01  0.8910728784E+07
  0.7916666667E-01  0.8849660852E+07
  0.7944444444E-01  0.8788592887E+07
  0.7972222222E-01  0.8727524911E+07
  0.8000000000E-01  0.8666456946E+07
  0.8027777778E-01  0.8608572025E+07
  0.8055555556E-01  0.8550687081E+07
  0.8083333333E-01  0.8492802160E+07
  0.8111111111E-01  0.8434917104E+07
  0.8138888889E-01  0.8377032194E+07
  0.8166666667E-01  0.8319147272E+07
  0.8194444444E-01  0.8261262329E+07
  0.8222222222E-01  0.8203377407E+07
  0.8250000000E-01  0.8145492486E+07
  0.8277777778E-01  0.8087607542E+07
  0.8305555556E-01  0.8029722620E+07
  0.8333333333E-01  0.7971837710E+07
  0.8361111111E-01  0.7913952755E+07
  0.8388888889E-01  0.7856067845E+07
  0.8416666667E-01  0.7798182923E+07
  0.8444444444E-01  0.7740297968E+07
  0.8472222222E-01  0.7682413058E+07
  0.8500000000E-01  0.7624528137E+07
  0.8527777778E-01  0.7570322341E+07
  0.8555555556E-01  0.7516116680E+07
  0.8583333333E-01  0.7461910886E+07
  0.8611111111E-01  0.7407705125E+07
  0.8638888889E-01  0.7353499430E+07
  0.8666666667E-01  0.7299293669E+07
  0.8694444444E-01  0.7245087975E+07
  0.8722222222E-01  0.7190882213E+07
  0.8750000000E-01  0.7136676530E+07
  0.8777777778E-01  0.7082470769E+07
  0.8805555556E-01  0.7028265007E+07
  0.8833333333E-01  0.6974059313E+07
  0.8861111111E-01  0.6919853552E+07
  0.8888888889E-01  0.6865647856E+07
  0.8916666667E-01  0.6811442095E+07
  0.8944444444E-01  0.6757236401E+07
  0.8972222222E-01  0.6703030639E+07
  0.9000000000E-01  0.6648824945E+07
  0.9027777778E-01  0.6598671538E+07
  0.9055555556E-01  0.6548518164E+07
  0.9083333333E-01  0.6498364856E+07
  0.9111111111E-01  0.6448211448E+07
  0.9138888889E-01  0.6398058140E+07
  0.9166666667E-01  0.6347904733E+07
  0.9194444444E-01  0.6297751326E+07
  0.9222222222E-01  0.6247598017E+07
  0.9250000000E-01  0.6197444643E+07
  0.9277777778E-01  0.6147291336E+07
  0.9305555556E-01  0.6097137928E+07
  0.9333333333E-01  0.6046984621E+07
  0.9361111111E-01  0.5996831212E+07
  0.9388888889E-01  0.5946677805E+07
  0.9416666667E-01  0.5896524498E+07
  0.9444444444E-01  0.5846371124E+07
  0.9472222222E-01  0.5796217816E+07
  0.9500000000E-01  0.5746064408E+07
  0.9527777778E-01  0.5700213961E+07
  0.9555555556E-01  0.5654363490E+07
  0.9583333333E-01  0.5608513152E+07
  0.9611111111E-01  0.5562662716E+07
  0.9638888889E-01  0.5516812234E+07
  0.9666666667E-01  0.5470961796E+07
  0.9694444444E-01  0.5425111360E+07
  0.9722222222E-01  0.5379260889E+07
  0.9750000000E-01  0.5333410441E+07
  0.9777777778E-01  0.5287560054E+07
  0.9805555556E-01  0.5241709604E+07
  0.9833333333E-01  0.5195859176E+07
  0.9861111111E-01  0.5150008749E+07
  0.9888888889E-01  0.5104158288E+07
  0.9916666667E-01  0.5058307871E+07
  0.9944444444E-01  0.5012457445E+07
  0.9972222222E-01  0.4966606983E+07
  0.1000000000E+00  0.4920756555E+07
  0.1002777778E+00  0.4879339231E+07
  0.1005555556E+00  0.4837921895E+07
  0.1008333333E+00  0.4796504571E+07
  0.1011111111E+00  0.4755087213E+07
  0.1013888889E+00  0.4713669889E+07
  0.1016666667E+00  0.4672252543E+07
  0.1019444444E+00  0.4630835229E+07
  0.1022222222E+00  0.4589417871E+07
  0.1025000000E+00  0.4548000546E+07
  0.1027777778E+00  0.4506583201E+07
  0.1030555556E+00  0.4465165877E+07
  0.1033333333E+00  0.4423748529E+07
  0.1036111111E+00  0.4382331205E+07
  0.1038888889E+00  0.4340913891E+07
  0.1041666667E+00  0.4299496534E+07
  0.1044444444E+00  0.4258079210E+07
  0.1047222222E+00  0.4216661863E+07
  0.1050000000E+00  0.4175244550E+07
  0.1052777778E+00  0.4138286328E+07
  0.1055555556E+00  0.4101328107E+07
  0.1058333333E+00  0.4064369887E+07
  0.1061111111E+00  0.4027411666E+07
  0.1063888889E+00  0.3990453456E+07
  0.1066666667E+00  0.3953495235E+07
  0.1069444444E+00  0.3916537014E+07
  0.1072222222E+00  0.3879578793E+07
  0.1075000000E+00  0.3842620627E+07
  0.1077777778E+00  0.3805662406E+07
  0.1080555556E+00  0.3768704185E+07
  0.1083333333E+00  0.3731745964E+07
  0.1086111111E+00  0.3694787743E+07
  0.1088888889E+00  0.3657829533E+07
  0.1091666667E+00  0.3620871312E+07
  0.1094444444E+00  0.3583913091E+07
  0.1097222222E+00  0.3546954870E+07
  0.1100000000E+00  0.3509996649E+07
  0.1102777778E+00  0.3477422449E+07
  0.1105555556E+00  0.3444848239E+07
  0.1108333333E+00  0.3412274039E+07
  0.1111111111E+00  0.3379699795E+07
  0.1113888889E+00  0.3347125595E+07
  0.1116666667E+00  0.3314551385E+07
  0.1119444444E+00  0.3281977152E+07
  0.1122222222E+00  0.3249402952E+07
  0.1125000000E+00  0.3216828741E+07
  0.1127777778E+00  0.3184254541E+07
  0.1130555556E+00  0.3151680298E+07
  0.1133333333E+00  0.3119106098E+07
  0.1136111111E+00  0.3086531888E+07
  0.1138888889E+00  0.3053957688E+07
  0.1141666667E+00  0.3021383444E+07
  0.1144444444E+00  0.2988809244E+07
  0.1147222222E+00  0.2956235044E+07
  0.1150000000E+00  0.2923660801E+07
  0.1152777778E+00  0.2895312987E+07
  0.1155555556E+00  0.2866965119E+07
  0.1158333333E+00  0.2838617272E+07
  0.1161111111E+00  0.2810269404E+07
  0.1163888889E+00  0.2781921590E+07
  0.1166666667E+00  0.2753573723E+07
  0.1169444444E+00  0.2725225876E+07
  0.1172222222E+00  0.2696878008E+07
  0.1175000000E+00  0.2668530183E+07
  0.1177777778E+00  0.2640182326E+07
  0.1180555556E+00  0.2611834468E+07
  0.1183333333E+00  0.2583486644E+07
  0.1186111111E+00  0.2555138786E+07
  0.1188888889E+00  0.2526790940E+07
  0.1191666667E+00  0.2498443072E+07
  0.1194444444E+00  0.2470095258E+07
  0.1197222222E+00  0.2441747390E+07
  0.1200000000E+00  0.2413399532E+07
  0.1202777778E+00  0.2389050467E+07
  0.1205555556E+00  0.2364701370E+07
  0.1208333333E+00  0.2340352305E+07
  0.1211111111E+00  0.2316003196E+07
  0.1213888889E+00  0.2291654142E+07
  0.1216666667E+00  0.2267305044E+07
  0.1219444444E+00  0.2242955979E+07
  0.1222222222E+00  0.2218606904E+07
  0.1225000000E+00  0.2194257806E+07
  0.1227777778E+00  0.2169908751E+07
  0.1230555556E+00  0.2145559642E+07
  0.1233333333E+00  0.2121210578E+07
  0.1236111111E+00  0.2096861480E+07
  0.1238888889E+00  0.2072512416E+07
  0.1241666667E+00  0.2048163350E+07
  0.1244444444E+00  0.2023814252E+07
  0.1247222222E+00  0.1999465188E+07
  0.1250000000E+00  0.1975116090E+07
  0.1252777778E+00  0.1954483147E+07
  0.1255555556E+00  0.1933850239E+07
  0.1258333333E+00  0.1913217296E+07
  0.1261111111E+00  0.1892584354E+07
  0.1263888889E+00  0.1871951422E+07
  0.1266666667E+00  0.1851318480E+07
  0.1269444444E+00  0.1830685538E+07
  0.1272222222E+00  0.1810052629E+07
  0.1275000000E+00  0.1789419687E+07
  0.1277777778E+00  0.1768786744E+07
  0.1280555556E+00  0.1748153802E+07
  0.1283333333E+00  0.1727520860E+07
  0.1286111111E+00  0.1706887918E+07
  0.1288888889E+00  0.1686255009E+07
  0.1291666667E+00  0.1665622067E+07
  0.1294444444E+00  0.1644989125E+07
  0.1297222222E+00  0.1624356182E+07
  0.1300000000E+00  0.1603723250E+07
  0.1302777778E+00  0.1586485417E+07
  0.1305555556E+00  0.1569247573E+07
  0.1308333333E+00  0.1552009740E+07
  0.1311111111E+00  0.1534771896E+07
  0.1313888889E+00  0.1517534073E+07
  0.1316666667E+00  0.1500296195E+07
  0.1319444444E+00  0.1483058362E+07
  0.1322222222E+00  0.1465820518E+07
  0.1325000000E+00  0.1448582695E+07
  0.1327777778E+00  0.1431344851E+07
  0.1330555556E+00  0.1414107018E+07
  0.1333333333E+00  0.1396869140E+07
  0.1336111111E+00  0.1379631307E+07
  0.1338888889E+00  0.1362393473E+07
  0.1341666667E+00  0.1345155640E+07
  0.1344444444E+00  0.1327917796E+07
  0.1347222222E+00  0.1310679963E+07
  0.1350000000E+00  0.1293442095E+07
  0.1352777778E+00  0.1279252661E+07
  0.1355555556E+00  0.1265063249E+07
  0.1358333333E+00  0.1250873803E+07
  0.1361111111E+00  0.1236684358E+07
  0.1363888889E+00  0.1222494923E+07
  0.1366666667E+00  0.1208305478E+07
  0.1369444444E+00  0.1194116032E+07
  0.1372222222E+00  0.1179926587E+07
  0.1375000000E+00  0.1165737141E+07
  0.1377777778E+00  0.1151547707E+07
  0.1380555556E+00  0.1137358261E+07
  0.1383333333E+00  0.1123168815E+07
  0.1386111111E+00  0.1108979370E+07
  0.1388888889E+00  0.1094789935E+07
  0.1391666667E+00  0.1080600490E+07
  0.1394444444E+00  0.1066411078E+07
  0.1397222222E+00  0.1052221632E+07
  0.1400000000E+00  0.1038032186E+07
  0.1402777778E+00  0.1026533533E+07
  0.1405555556E+00  0.1015034912E+07
  0.1408333333E+00  0.1003536292E+07
  0.1411111111E+00  0.9920376384E+06
  0.1413888889E+00  0.9805390181E+06
  0.1416666667E+00  0.9690403867E+06
  0.1419444444E+00  0.9575417664E+06
  0.1422222222E+00  0.9460431227E+06
  0.1425000000E+00  0.9345445024E+06
  0.1427777778E+00  0.9230458721E+06
  0.1430555556E+00  0.9115472306E+06
  0.1433333333E+00  0.9000486003E+06
  0.1436111111E+00  0.8885499700E+06
  0.1438888889E+00  0.8770513397E+06
  0.1441666667E+00  0.8655527094E+06
  0.1444444444E+00  0.8540540790E+06
  0.1447222222E+00  0.8425554375E+06
  0.1450000000E+00  0.8310568072E+06
  0.1452777778E+00  0.8218919434E+06
  0.1455555556E+00  0.8127270796E+06
  0.1458333333E+00  0.8035622045E+06
  0.1461111111E+00  0.7943973373E+06
  0.1463888889E+00  0.7852324735E+06
  0.1466666667E+00  0.7760676062E+06
  0.1469444444E+00  0.7669027401E+06
  0.1472222222E+00  0.7577378696E+06
  0.1475000000E+00  0.7485730035E+06
  0.1477777778E+00  0.7394081374E+06
  0.1480555556E+00  0.7302432702E+06
  0.1483333333E+00  0.7210784042E+06
  0.1486111111E+00  0.7119135347E+06
  0.1488888889E+00  0.7027486775E+06
  0.1491666667E+00  0.6935838115E+06
  0.1494444444E+00  0.6844189442E+06
  0.1497222222E+00  0.6752540748E+06
  0.1500000000E+00  0.6660892086E+06
  0.1502777778E+00  0.6589118423E+06
  0.1505555556E+00  0.6517344672E+06
  0.1508333333E+00  0.6445570986E+06
  0.1511111111E+00  0.6373797334E+06
  0.1513888889E+00  0.6302023671E+06
  0.1516666667E+00  0.6230250019E+06
  0.1519444444E+00  0.6158476334E+06
  0.1522222222E+00  0.6086702681E+06
  0.1525000000E+00  0.6014928918E+06
  0.1527777778E+00  0.5943155266E+06
  0.1530555556E+00  0.5871381581E+06
  0.1533333333E+00  0.5799607929E+06
  0.1536111111E+00  0.5727834265E+06
  0.1538888889E+00  0.5656060614E+06
  0.1541666667E+00  0.5584286928E+06
  0.1544444444E+00  0.5512513176E+06
  0.1547222222E+00  0.5440739512E+06
  0.1550000000E+00  0.5368965861E+06
  0.1552777778E+00  0.5313798700E+06
  0.1555555556E+00  0.5258631573E+06
  0.1558333333E+00  0.5203464412E+06
  0.1561111111E+00  0.5148297286E+06
  0.1563888889E+00  0.5093130124E+06
  0.1566666667E+00  0.5037962965E+06
  0.1569444444E+00  0.4982795737E+06
  0.1572222222E+00  0.4927628576E+06
  0.1575000000E+00  0.4872461450E+06
  0.1577777778E+00  0.4817294288E+06
  0.1580555556E+00  0.4762127162E+06
  0.1583333333E+00  0.4706960001E+06
  0.1586111111E+00  0.4651792874E+06
  0.1588888889E+00  0.4596625713E+06
  0.1591666667E+00  0.4541458587E+06
  0.1594444444E+00  0.4486291425E+06
  0.1597222222E+00  0.4431124265E+06
  0.1600000000E+00  0.4375957138E+06
  0.1602777778E+00  0.4334386940E+06
  0.1605555556E+00  0.4292816778E+06
  0.1608333333E+00  0.4251246591E+06
  0.1611111111E+00  0.4209676394E+06
  0.1613888889E+00  0.4168106221E+06
  0.1616666667E+00  0.4126536024E+06
  0.1619444444E+00  0.4084965837E+06
  0.1622222222E+00  0.4043395685E+06
  0.1625000000E+00  0.4001825497E+06
  0.1627777778E+00  0.3960255301E+06
  0.1630555556E+00  0.3918685147E+06
  0.1633333333E+00  0.3877114951E+06
  0.1636111111E+00  0.3835544774E+06
  0.1638888889E+00  0.3793974587E+06
  0.1641666667E+00  0.3752404424E+06
  0.1644444444E+00  0.3710834236E+06
  0.1647222222E+00  0.3669264040E+06
  0.1650000000E+00  0.3627693897E+06
  0.1652777778E+00  0.3597009904E+06
  0.1655555556E+00  0.3566325922E+06
  0.1658333333E+00  0.3535641929E+06
  0.1661111111E+00  0.3504957970E+06
  0.1663888889E+00  0.3474273986E+06
  0.1666666667E+00  0.3443589993E+06
  0.1669444444E+00  0.3412906011E+06
  0.1672222222E+00  0.3382222052E+06
  0.1675000000E+00  0.3351538070E+06
  0.1677777778E+00  0.3320854077E+06
  0.1680555556E+00  0.3290170095E+06
  0.1683333333E+00  0.3259486102E+06
  0.1686111111E+00  0.3228802142E+06
  0.1688888889E+00  0.3198118149E+06
  0.1691666667E+00  0.3167434156E+06
  0.1694444444E+00  0.3136750174E+06
  0.1697222222E+00  0.3106066214E+06
  0.1700000000E+00  0.3075382232E+06
  0.1702777778E+00  0.3053206407E+06
  0.1705555556E+00  0.3031030616E+06
  0.1708333333E+00  0.3008854791E+06
  0.1711111111E+00  0.2986679011E+06
  0.1713888889E+00  0.2964503175E+06
  0.1716666667E+00  0.2942327395E+06
  0.1719444444E+00  0.2920151559E+06
  0.1722222222E+00  0.2897975779E+06
  0.1725000000E+00  0.2875799954E+06
  0.1727777778E+00  0.2853624163E+06
  0.1730555556E+00  0.2831448338E+06
  0.1733333333E+00  0.2809272536E+06
  0.1736111111E+00  0.2787096722E+06
  0.1738888889E+00  0.2764920920E+06
  0.1741666667E+00  0.2742745107E+06
  0.1744444444E+00  0.2720569315E+06
  0.1747222222E+00  0.2698393490E+06
  0.1750000000E+00  0.2676217699E+06
  0.1752777778E+00  0.2660509396E+06
  0.1755555556E+00  0.2644801115E+06
  0.1758333333E+00  0.2629092812E+06
  0.1761111111E+00  0.2613384540E+06
  0.1763888889E+00  0.2597676259E+06
  0.1766666667E+00  0.2581967956E+06
  0.1769444444E+00  0.2566259676E+06
  0.1772222222E+00  0.2550551382E+06
  0.1775000000E+00  0.2534843101E+06
  0.1777777778E+00  0.2519134831E+06
  0.1780555556E+00  0.2503426517E+06
  0.1783333333E+00  0.2487718246E+06
  0.1786111111E+00  0.2472009942E+06
  0.1788888889E+00  0.2456301662E+06
  0.1791666667E+00  0.2440593359E+06
  0.1794444444E+00  0.2424885088E+06
  0.1797222222E+00  0.2409176818E+06
  0.1800000000E+00  0.2393468503E+06
  0.1802777778E+00  0.2382521273E+06
  0.1805555556E+00  0.2371574009E+06
  0.1808333333E+00  0.2360626768E+06
  0.1811111111E+00  0.2349679503E+06
  0.1813888889E+00  0.2338732273E+06
  0.1816666667E+00  0.2327785009E+06
  0.1819444444E+00  0.2316837768E+06
  0.1822222222E+00  0.2305890514E+06
  0.1825000000E+00  0.2294943273E+06
  0.1827777778E+00  0.2283995998E+06
  0.1830555556E+00  0.2273048779E+06
  0.1833333333E+00  0.2262101504E+06
  0.1836111111E+00  0.2251154273E+06
  0.1838888889E+00  0.2240207009E+06
  0.1841666667E+00  0.2229259768E+06
  0.1844444444E+00  0.2218312503E+06
  0.1847222222E+00  0.2207365273E+06
  0.1850000000E+00  0.2196418009E+06
  0.1852777778E+00  0.2188844489E+06
  0.1855555556E+00  0.2181270957E+06
  0.1858333333E+00  0.2173697436E+06
  0.1861111111E+00  0.2166123881E+06
  0.1863888889E+00  0.2158550361E+06
  0.1866666667E+00  0.2150976840E+06
  0.1869444444E+00  0.2143403275E+06
  0.1872222222E+00  0.2135829754E+06
  0.1875000000E+00  0.2128256233E+06
  0.1877777778E+00  0.2120682712E+06
  0.1880555556E+00  0.2113109158E+06
  0.1883333333E+00  0.2105535627E+06
  0.1886111111E+00  0.2097962116E+06
  0.1888888889E+00  0.2090388595E+06
  0.1891666667E+00  0.2082815030E+06
  0.1894444444E+00  0.2075241510E+06
  0.1897222222E+00  0.2067667978E+06
  0.1900000000E+00  0.2060094434E+06
  0.1902777778E+00  0.2054800486E+06
  0.1905555556E+00  0.2049506526E+06
  0.1908333333E+00  0.2044212588E+06
  0.1911111111E+00  0.2038918629E+06
  0.1913888889E+00  0.2033624657E+06
  0.1916666667E+00  0.2028330698E+06
  0.1919444444E+00  0.2023036759E+06
  0.1922222222E+00  0.2017742800E+06
  0.1925000000E+00  0.2012448852E+06
  0.1927777778E+00  0.2007154902E+06
  0.1930555556E+00  0.2001860920E+06
  0.1933333333E+00  0.1996566971E+06
  0.1936111111E+00  0.1991273023E+06
  0.1938888889E+00  0.1985979073E+06
  0.1941666667E+00  0.1980685125E+06
  0.1944444444E+00  0.1975391132E+06
  0.1947222222E+00  0.1970097194E+06
  0.1950000000E+00  0.1964803235E+06
  0.1952777778E+00  0.1960956555E+06
  0.1955555556E+00  0.1957109832E+06
  0.1958333333E+00  0.1953263163E+06
  0.1961111111E+00  0.1949416440E+06
  0.1963888889E+00  0.1945569760E+06
  0.1966666667E+00  0.1941723070E+06
  0.1969444444E+00  0.1937876358E+06
  0.1972222222E+00  0.1934029668E+06
  0.1975000000E+00  0.1930182944E+06
  0.1977777778E+00  0.1926336265E+06
  0.1980555556E+00  0.1922489575E+06
  0.1983333333E+00  0.1918642863E+06
  0.1986111111E+00  0.1914796173E+06
  0.1988888889E+00  0.1910949460E+06
  0.1991666667E+00  0.1907102770E+06
  0.1994444444E+00  0.1903256091E+06
  0.1997222222E+00  0.1899409378E+06
  0.2000000000E+00  0.1895562699E+06
  0.2002777778E+00  0.1892555776E+06
  0.2005555556E+00  0.1889548853E+06
  0.2008333333E+00  0.1886541942E+06
  0.2011111111E+00  0.1883535019E+06
  0.2013888889E+00  0.1880528097E+06
  0.2016666667E+00  0.1877521185E+06
  0.2019444444E+00  0.1874514262E+06
  0.2022222222E+00  0.1871507351E+06
  0.2025000000E+00  0.1868500428E+06
  0.2027777778E+00  0.1865493505E+06
  0.2030555556E+00  0.1862486594E+06
  0.2033333333E+00  0.1859479671E+06
  0.2036111111E+00  0.1856472749E+06
  0.2038888889E+00  0.1853465837E+06
  0.2041666667E+00  0.1850458948E+06
  0.2044444444E+00  0.1847452036E+06
  0.2047222222E+00  0.1844445114E+06
  0.2050000000E+00  0.1841438191E+06
  0.2052777778E+00  0.1838853337E+06
  0.2055555556E+00  0.1836268493E+06
  0.2058333333E+00  0.1833683639E+06
  0.2061111111E+00  0.1831098785E+06
  0.2063888889E+00  0.1828513941E+06
  0.2066666667E+00  0.1825929086E+06
  0.2069444444E+00  0.1823344242E+06
  0.2072222222E+00  0.1820759388E+06
  0.2075000000E+00  0.1818174577E+06
  0.2077777778E+00  0.1815589723E+06
  0.2080555556E+00  0.1813004879E+06
  0.2083333333E+00  0.1810420025E+06
  0.2086111111E+00  0.1807835181E+06
  0.2088888889E+00  0.1805250338E+06
  0.2091666667E+00  0.1802665494E+06
  0.2094444444E+00  0.1800080640E+06
  0.2097222222E+00  0.1797495796E+06
  0.2100000000E+00  0.1794910975E+06
  0.2102777778E+00  0.1792482536E+06
  0.2105555556E+00  0.1790054153E+06
  0.2108333333E+00  0.1787625759E+06
  0.2111111111E+00  0.1785197364E+06
  0.2113888889E+00  0.1782768970E+06
  0.2116666667E+00  0.1780340553E+06
  0.2119444444E+00  0.1777912148E+06
  0.2122222222E+00  0.1775483764E+06
  0.2125000000E+00  0.1773055370E+06
  0.2127777778E+00  0.1770626986E+06
  0.2130555556E+00  0.1768198548E+06
  0.2133333333E+00  0.1765770164E+06
  0.2136111111E+00  0.1763341770E+06
  0.2138888889E+00  0.1760913375E+06
  0.2141666667E+00  0.1758484981E+06
  0.2144444444E+00  0.1756056564E+06
  0.2147222222E+00  0.1753628159E+06
  0.2150000000E+00  0.1751199775E+06
  0.2152777778E+00  0.1748778270E+06
  0.2155555556E+00  0.1746356799E+06
  0.2158333333E+00  0.1743935294E+06
  0.2161111111E+00  0.1741513778E+06
  0.2163888889E+00  0.1739092306E+06
  0.2166666667E+00  0.1736670801E+06
  0.2169444444E+00  0.1734249296E+06
  0.2172222222E+00  0.1731827825E+06
  0.2175000000E+00  0.1729406320E+06
  0.2177777778E+00  0.1726984815E+06
  0.2180555556E+00  0.1724563332E+06
  0.2183333333E+00  0.1722141827E+06
  0.2186111111E+00  0.1719720322E+06
  0.2188888889E+00  0.1717298851E+06
  0.2191666667E+00  0.1714877346E+06
  0.2194444444E+00  0.1712455841E+06
  0.2197222222E+00  0.1710034370E+06
  0.2200000000E+00  0.1707612854E+06
  0.2202777778E+00  0.1705135815E+06
  0.2205555556E+00  0.1702658776E+06
  0.2208333333E+00  0.1700181692E+06
  0.2211111111E+00  0.1697704653E+06
  0.2213888889E+00  0.1695227593E+06
  0.2216666667E+00  0.1692750554E+06
  0.2219444444E+00  0.1690273504E+06
  0.2222222222E+00  0.1687796465E+06
  0.2225000000E+00  0.1685319381E+06
  0.2227777778E+00  0.1682842342E+06
  0.2230555556E+00  0.1680365292E+06
  0.2233333333E+00  0.1677888243E+06
  0.2236111111E+00  0.1675411193E+06
  0.2238888889E+00  0.1672934154E+06
  0.2241666667E+00  0.1670457070E+06
  0.2244444444E+00  0.1667980031E+06
  0.2247222222E+00  0.1665502981E+06
  0.2250000000E+00  0.1663025942E+06
  0.2252777778E+00  0.1660487373E+06
  0.2255555556E+00  0.1657948795E+06
  0.2258333333E+00  0.1655410226E+06
  0.2261111111E+00  0.1652871635E+06
  0.2263888889E+00  0.1650333066E+06
  0.2266666667E+00  0.1647794497E+06
  0.2269444444E+00  0.1645255929E+06
  0.2272222222E+00  0.1642717361E+06
  0.2275000000E+00  0.1640178793E+06
  0.2277777778E+00  0.1637640224E+06
  0.2280555556E+00  0.1635101655E+06
  0.2283333333E+00  0.1632563064E+06
  0.2286111111E+00  0.1630024496E+06
  0.2288888889E+00  0.1627485917E+06
  0.2291666667E+00  0.1624947348E+06
  0.2294444444E+00  0.1622408791E+06
  0.2297222222E+00  0.1619870222E+06
  0.2300000000E+00  0.1617331653E+06
  0.2302777778E+00  0.1614762342E+06
  0.2305555556E+00  0.1612193054E+06
  0.2308333333E+00  0.1609623753E+06
  0.2311111111E+00  0.1607054475E+06
  0.2313888889E+00  0.1604485164E+06
  0.2316666667E+00  0.1601915886E+06
  0.2319444444E+00  0.1599346564E+06
  0.2322222222E+00  0.1596777297E+06
  0.2325000000E+00  0.1594207986E+06
  0.2327777778E+00  0.1591638708E+06
  0.2330555556E+00  0.1589069397E+06
  0.2333333333E+00  0.1586500108E+06
  0.2336111111E+00  0.1583930808E+06
  0.2338888889E+00  0.1581361530E+06
  0.2341666667E+00  0.1578792219E+06
  0.2344444444E+00  0.1576222941E+06
  0.2347222222E+00  0.1573653619E+06
  0.2350000000E+00  0.1571084352E+06
  0.2352777778E+00  0.1568530921E+06
  0.2355555556E+00  0.1565977479E+06
  0.2358333333E+00  0.1563424037E+06
  0.2361111111E+00  0.1560870606E+06
  0.2363888889E+00  0.1558317164E+06
  0.2366666667E+00  0.1555763733E+06
  0.2369444444E+00  0.1553210291E+06
  0.2372222222E+00  0.1550656849E+06
  0.2375000000E+00  0.1548103418E+06
  0.2377777778E+00  0.1545549976E+06
  0.2380555556E+00  0.1542996545E+06
  0.2383333333E+00  0.1540443103E+06
  0.2386111111E+00  0.1537889672E+06
  0.2388888889E+00  0.1535336241E+06
  0.2391666667E+00  0.1532782799E+06
  0.2394444444E+00  0.1530229368E+06
  0.2397222222E+00  0.1527675926E+06
  0.2400000000E+00  0.1525122518E+06
  0.2402777778E+00  0.1522634619E+06
  0.2405555556E+00  0.1520146754E+06
  0.2408333333E+00  0.1517658866E+06
  0.2411111111E+00  0.1515170991E+06
  0.2413888889E+00  0.1512683092E+06
  0.2416666667E+00  0.1510195238E+06
  0.2419444444E+00  0.1507707373E+06
  0.2422222222E+00  0.1505219464E+06
  0.2425000000E+00  0.1502731610E+06
  0.2427777778E+00  0.1500243712E+06
  0.2430555556E+00  0.1497755846E+06
  0.2433333333E+00  0.1495267982E+06
  0.2436111111E+00  0.1492780083E+06
  0.2438888889E+00  0.1490292218E+06
  0.2441666667E+00  0.1487804321E+06
  0.2444444444E+00  0.1485316455E+06
  0.2447222222E+00  0.1482828557E+06
  0.2450000000E+00  0.1480340703E+06
  0.2452777778E+00  0.1477961632E+06
  0.2455555556E+00  0.1475582549E+06
  0.2458333333E+00  0.1473203489E+06
  0.2461111111E+00  0.1470824406E+06
  0.2463888889E+00  0.1468445356E+06
  0.2466666667E+00  0.1466066263E+06
  0.2469444444E+00  0.1463687202E+06
  0.2472222222E+00  0.1461308109E+06
  0.2475000000E+00  0.1458929059E+06
  0.2477777778E+00  0.1456549999E+06
  0.2480555556E+00  0.1454170916E+06
  0.2483333333E+00  0.1451791866E+06
  0.2486111111E+00  0.1449412762E+06
  0.2488888889E+00  0.1447033712E+06
  0.2491666667E+00  0.1444654619E+06
  0.2494444444E+00  0.1442275569E+06
  0.2497222222E+00  0.1439896476E+06
  0.2500000000E+00  0.1437517426E+06
  0.2502777778E+00  0.1435277212E+06
  0.2505555556E+00  0.1433037033E+06
  0.2508333333E+00  0.1430796818E+06
  0.2511111111E+00  0.1428556639E+06
  0.2513888889E+00  0.1426316425E+06
  0.2516666667E+00  0.1424076255E+06
  0.2519444444E+00  0.1421836031E+06
  0.2522222222E+00  0.1419595862E+06
  0.2525000000E+00  0.1417355681E+06
  0.2527777778E+00  0.1415115457E+06
  0.2530555556E+00  0.1412875287E+06
  0.2533333333E+00  0.1410635063E+06
  0.2536111111E+00  0.1408394893E+06
  0.2538888889E+00  0.1406154679E+06
  0.2541666667E+00  0.1403914500E+06
  0.2544444444E+00  0.1401674286E+06
  0.2547222222E+00  0.1399434116E+06
  0.2550000000E+00  0.1397193892E+06
  0.2552777778E+00  0.1395108500E+06
  0.2555555556E+00  0.1393023054E+06
  0.2558333333E+00  0.1390937629E+06
  0.2561111111E+00  0.1388852216E+06
  0.2563888889E+00  0.1386766791E+06
  0.2566666667E+00  0.1384681378E+06
  0.2569444444E+00  0.1382595953E+06
  0.2572222222E+00  0.1380510540E+06
  0.2575000000E+00  0.1378425114E+06
  0.2577777778E+00  0.1376339702E+06
  0.2580555556E+00  0.1374254276E+06
  0.2583333333E+00  0.1372168830E+06
  0.2586111111E+00  0.1370083438E+06
  0.2588888889E+00  0.1367997992E+06
  0.2591666667E+00  0.1365912600E+06
  0.2594444444E+00  0.1363827154E+06
  0.2597222222E+00  0.1361741762E+06
  0.2600000000E+00  0.1359656316E+06
  0.2602777778E+00  0.1357724922E+06
  0.2605555556E+00  0.1355793507E+06
  0.2608333333E+00  0.1353862113E+06
  0.2611111111E+00  0.1351930697E+06
  0.2613888889E+00  0.1349999303E+06
  0.2616666667E+00  0.1348067888E+06
  0.2619444444E+00  0.1346136461E+06
  0.2622222222E+00  0.1344205046E+06
  0.2625000000E+00  0.1342273652E+06
  0.2627777778E+00  0.1340342236E+06
  0.2630555556E+00  0.1338410831E+06
  0.2633333333E+00  0.1336479437E+06
  0.2636111111E+00  0.1334548022E+06
  0.2638888889E+00  0.1332616625E+06
  0.2641666667E+00  0.1330685206E+06
  0.2644444444E+00  0.1328753809E+06
  0.2647222222E+00  0.1326822390E+06
  0.2650000000E+00  0.1324890993E+06
  0.2652777778E+00  0.1323099305E+06
  0.2655555556E+00  0.1321307618E+06
  0.2658333333E+00  0.1319515930E+06
  0.2661111111E+00  0.1317724239E+06
  0.2663888889E+00  0.1315932552E+06
  0.2666666667E+00  0.1314140864E+06
  0.2669444444E+00  0.1312349173E+06
  0.2672222222E+00  0.1310557486E+06
  0.2675000000E+00  0.1308765798E+06
  0.2677777778E+00  0.1306974111E+06
  0.2680555556E+00  0.1305182420E+06
  0.2683333333E+00  0.1303390732E+06
  0.2686111111E+00  0.1301599045E+06
  0.2688888889E+00  0.1299807357E+06
  0.2691666667E+00  0.1298015666E+06
  0.2694444444E+00  0.1296223979E+06
  0.2697222222E+00  0.1294432291E+06
  0.2700000000E+00  0.1292640604E+06
  0.2702777778E+00  0.1290963481E+06
  0.2705555556E+00  0.1289286362E+06
  0.2708333333E+00  0.1287609254E+06
  0.2711111111E+00  0.1285932132E+06
  0.2713888889E+00  0.1284255012E+06
  0.2716666667E+00  0.1282577893E+06
  0.2719444444E+00  0.1280900774E+06
  0.2722222222E+00  0.1279223663E+06
  0.2725000000E+00  0.1277546544E+06
  0.2727777778E+00  0.1275869424E+06
  0.2730555556E+00  0.1274192305E+06
  0.2733333333E+00  0.1272515194E+06
  0.2736111111E+00  0.1270838075E+06
  0.2738888889E+00  0.1269160956E+06
  0.2741666667E+00  0.1267483833E+06
  0.2744444444E+00  0.1265806714E+06
  0.2747222222E+00  0.1264129606E+06
  0.2750000000E+00  0.1262452487E+06
  0.2752777778E+00  0.1260856604E+06
  0.2755555556E+00  0.1259260724E+06
  0.2758333333E+00  0.1257664855E+06
  0.2761111111E+00  0.1256068983E+06
  0.2763888889E+00  0.1254473104E+06
  0.2766666667E+00  0.1252877224E+06
  0.2769444444E+00  0.1251281345E+06
  0.2772222222E+00  0.1249685473E+06
  0.2775000000E+00  0.1248089594E+06
  0.2777777778E+00  0.1246493724E+06
  0.2780555556E+00  0.1244897842E+06
  0.2783333333E+00  0.1243301962E+06
  0.2786111111E+00  0.1241706089E+06
  0.2788888889E+00  0.1240110212E+06
  0.2791666667E+00  0.1238514332E+06
  0.2794444444E+00  0.1236918454E+06
  0.2797222222E+00  0.1235322587E+06
  0.2800000000E+00  0.1233726707E+06
  0.2802777778E+00  0.1232175126E+06
  0.2805555556E+00  0.1230623535E+06
  0.2808333333E+00  0.1229071955E+06
  0.2811111111E+00  0.1227520374E+06
  0.2813888889E+00  0.1225968793E+06
  0.2816666667E+00  0.1224417203E+06
  0.2819444444E+00  0.1222865623E+06
  0.2822222222E+00  0.1221314043E+06
  0.2825000000E+00  0.1219762462E+06
  0.2827777778E+00  0.1218210871E+06
  0.2830555556E+00  0.1216659291E+06
  0.2833333333E+00  0.1215107710E+06
  0.2836111111E+00  0.1213556129E+06
  0.2838888889E+00  0.1212004549E+06
  0.2841666667E+00  0.1210452958E+06
  0.2844444444E+00  0.1208901377E+06
  0.2847222222E+00  0.1207349797E+06
  0.2850000000E+00  0.1205798216E+06
  0.2852777778E+00  0.1204254360E+06
  0.2855555556E+00  0.1202710514E+06
  0.2858333333E+00  0.1201166658E+06
  0.2861111111E+00  0.1199622802E+06
  0.2863888889E+00  0.1198078956E+06
  0.2866666667E+00  0.1196535099E+06
  0.2869444444E+00  0.1194991257E+06
  0.2872222222E+00  0.1193447401E+06
  0.2875000000E+00  0.1191903555E+06
  0.2877777778E+00  0.1190359699E+06
  0.2880555556E+00  0.1188815853E+06
  0.2883333333E+00  0.1187271997E+06
  0.2886111111E+00  0.1185728140E+06
  0.2888888889E+00  0.1184184295E+06
  0.2891666667E+00  0.1182640439E+06
  0.2894444444E+00  0.1181096593E+06
  0.2897222222E+00  0.1179552737E+06
  0.2900000000E+00  0.1178008890E+06
  0.2902777778E+00  0.1176438430E+06
  0.2905555556E+00  0.1174867976E+06
  0.2908333333E+00  0.1173297515E+06
  0.2911111111E+00  0.1171727065E+06
  0.2913888889E+00  0.1170156601E+06
  0.2916666667E+00  0.1168586151E+06
  0.2919444444E+00  0.1167015687E+06
  0.2922222222E+00  0.1165445236E+06
  0.2925000000E+00  0.1163874773E+06
  0.2927777778E+00  0.1162304322E+06
  0.2930555556E+00  0.1160733862E+06
  0.2933333333E+00  0.1159163408E+06
  0.2936111111E+00  0.1157592947E+06
  0.2938888889E+00  0.1156022493E+06
  0.2941666667E+00  0.1154452032E+06
  0.2944444444E+00  0.1152881581E+06
  0.2947222222E+00  0.1151311118E+06
  0.2950000000E+00  0.1149740667E+06
  0.2952777778E+00  0.1148116738E+06
  0.2955555556E+00  0.1146492811E+06
  0.2958333333E+00  0.1144868882E+06
  0.2961111111E+00  0.1143244957E+06
  0.2963888889E+00  0.1141621028E+06
  0.2966666667E+00  0.1139997099E+06
  0.2969444444E+00  0.1138373170E+06
  0.2972222222E+00  0.1136749241E+06
  0.2975000000E+00  0.1135125317E+06
  0.2977777778E+00  0.1133501388E+06
  0.2980555556E+00  0.1131877460E+06
  0.2983333333E+00  0.1130253531E+06
  0.2986111111E+00  0.1128629605E+06
  0.2988888889E+00  0.1127005677E+06
  0.2991666667E+00  0.1125381748E+06
  0.2994444444E+00  0.1123757820E+06
  0.2997222222E+00  0.1122133892E+06
  0.3000000000E+00  0.1120509966E+06
  0.3002777778E+00  0.1118812676E+06
  0.3005555556E+00  0.1117115378E+06
  0.3008333333E+00  0.1115418091E+06
  0.3011111111E+00  0.1113720791E+06
  0.3013888889E+00  0.1112023503E+06
  0.3016666667E+00  0.1110326206E+06
  0.3019444444E+00  0.1108628919E+06
  0.3022222222E+00  0.1106931617E+06
  0.3025000000E+00  0.1105234330E+06
  0.3027777778E+00  0.1103537033E+06
  0.3030555556E+00  0.1101839745E+06
  0.3033333333E+00  0.1100142445E+06
  0.3036111111E+00  0.1098445158E+06
  0.3038888889E+00  0.1096747861E+06
  0.3041666667E+00  0.1095050573E+06
  0.3044444444E+00  0.1093353273E+06
  0.3047222222E+00  0.1091655986E+06
  0.3050000000E+00  0.1089958688E+06
  0.3052777778E+00  0.1088177658E+06
  0.3055555556E+00  0.1086396631E+06
  0.3058333333E+00  0.1084615604E+06
  0.3061111111E+00  0.1082834577E+06
  0.3063888889E+00  0.1081053550E+06
  0.3066666667E+00  0.1079272519E+06
  0.3069444444E+00  0.1077491493E+06
  0.3072222222E+00  0.1075710475E+06
  0.3075000000E+00  0.1073929449E+06
  0.3077777778E+00  0.1072148421E+06
  0.3080555556E+00  0.1070367392E+06
  0.3083333333E+00  0.1068586364E+06
  0.3086111111E+00  0.1066805338E+06
  0.3088888889E+00  0.1065024310E+06
  0.3091666667E+00  0.1063243280E+06
  0.3094444444E+00  0.1061462253E+06
  0.3097222222E+00  0.1059681226E+06
  0.3100000000E+00  0.1057900199E+06
  0.3102777778E+00  0.1056035040E+06
  0.3105555556E+00  0.1054169888E+06
  0.3108333333E+00  0.1052304728E+06
  0.3111111111E+00  0.1050439569E+06
  0.3113888889E+00  0.1048574410E+06
  0.3116666667E+00  0.1046709251E+06
  0.3119444444E+00  0.1044844091E+06
  0.3122222222E+00  0.1042978939E+06
  0.3125000000E+00  0.1041113779E+06
  0.3127777778E+00  0.1039248621E+06
  0.3130555556E+00  0.1037383461E+06
  0.3133333333E+00  0.1035518302E+06
  0.3136111111E+00  0.1033653149E+06
  0.3138888889E+00  0.1031787991E+06
  0.3141666667E+00  0.1029922831E+06
  0.3144444444E+00  0.1028057672E+06
  0.3147222222E+00  0.1026192512E+06
  0.3150000000E+00  0.1024327354E+06
  0.3152777778E+00  0.1022387836E+06
  0.3155555556E+00  0.1020448320E+06
  0.3158333333E+00  0.1018508800E+06
  0.3161111111E+00  0.1016569284E+06
  0.3163888889E+00  0.1014629768E+06
  0.3166666667E+00  0.1012690251E+06
  0.3169444444E+00  0.1010750735E+06
  0.3172222222E+00  0.1008811217E+06
  0.3175000000E+00  0.1006871701E+06
  0.3177777778E+00  0.1004932185E+06
  0.3180555556E+00  0.1002992668E+06
  0.3183333333E+00  0.1001053152E+06
  0.3186111111E+00  0.9991136349E+05
  0.3188888889E+00  0.9971741187E+05
  0.3191666667E+00  0.9952346027E+05
  0.3194444444E+00  0.9932950855E+05
  0.3197222222E+00  0.9913555695E+05
  0.3200000000E+00  0.9894160523E+05
  0.3202777778E+00  0.9874199525E+05
  0.3205555556E+00  0.9854238415E+05
  0.3208333333E+00  0.9834277417E+05
  0.3211111111E+00  0.9814316308E+05
  0.3213888889E+00  0.9794355298E+05
  0.3216666667E+00  0.9774394200E+05
  0.3219444444E+00  0.9754433191E+05
  0.3222222222E+00  0.9734472092E+05
  0.3225000000E+00  0.9714510982E+05
  0.3227777778E+00  0.9694549974E+05
  0.3230555556E+00  0.9674588875E+05
  0.3233333333E+00  0.9654627865E+05
  0.3236111111E+00  0.9634666756E+05
  0.3238888889E+00  0.9614705758E+05
  0.3241666667E+00  0.9594744614E+05
  0.3244444444E+00  0.9574783617E+05
  0.3247222222E+00  0.9554822507E+05
  0.3250000000E+00  0.9534861497E+05
  0.3252777778E+00  0.9514603325E+05
  0.3255555556E+00  0.9494345152E+05
  0.3258333333E+00  0.9474086968E+05
  0.3261111111E+00  0.9453828796E+05
  0.3263888889E+00  0.9433570623E+05
  0.3266666667E+00  0.9413312440E+05
  0.3269444444E+00  0.9393054300E+05
  0.3272222222E+00  0.9372796128E+05
  0.3275000000E+00  0.9352537945E+05
  0.3277777778E+00  0.9332279772E+05
  0.3280555556E+00  0.9312021599E+05
  0.3283333333E+00  0.9291763416E+05
  0.3286111111E+00  0.9271505243E+05
  0.3288888889E+00  0.9251247070E+05
  0.3291666667E+00  0.9230988898E+05
  0.3294444444E+00  0.9210730714E+05
  0.3297222222E+00  0.9190472541E+05
  0.3300000000E+00  0.9170214369E+05
  0.3302777778E+00  0.9149974824E+05
  0.3305555556E+00  0.9129735379E+05
  0.3308333333E+00  0.9109495844E+05
  0.3311111111E+00  0.9089256399E+05
  0.3313888889E+00  0.9069016988E+05
  0.3316666667E+00  0.9048777453E+05
  0.3319444444E+00  0.9028538008E+05
  0.3322222222E+00  0.9008298463E+05
  0.3325000000E+00  0.8988059029E+05
  0.3327777778E+00  0.8967819484E+05
  0.3330555556E+00  0.8947580038E+05
  0.3333333333E+00  0.8927340504E+05
  0.3336111111E+00  0.8907101093E+05
  0.3338888889E+00  0.8886861547E+05
  0.3341666667E+00  0.8866622113E+05
  0.3344444444E+00  0.8846382568E+05
  0.3347222222E+00  0.8826143123E+05
  0.3350000000E+00  0.8805903689E+05
  0.3352777778E+00  0.8786048209E+05
  0.3355555556E+00  0.8766192809E+05
  0.3358333333E+00  0.8746337440E+05
  0.3361111111E+00  0.8726482039E+05
  0.3363888889E+00  0.8706626671E+05
  0.3366666667E+00  0.8686771170E+05
  0.3369444444E+00  0.8666915792E+05
  0.3372222222E+00  0.8647060390E+05
  0.3375000000E+00  0.8627205022E+05
  0.3377777778E+00  0.8607349621E+05
  0.3380555556E+00  0.8587494220E+05
  0.3383333333E+00  0.8567638740E+05
  0.3386111111E+00  0.8547783339E+05
  0.3388888889E+00  0.8527927971E+05
  0.3391666667E+00  0.8508072570E+05
  0.3394444444E+00  0.8488217202E+05
  0.3397222222E+00  0.8468361789E+05
  0.3400000000E+00  0.8448506321E+05
  0.3402777778E+00  0.8429419547E+05
  0.3405555556E+00  0.8410332706E+05
  0.3408333333E+00  0.8391245976E+05
  0.3411111111E+00  0.8372159134E+05
  0.3413888889E+00  0.8353072360E+05
  0.3416666667E+00  0.8333985519E+05
  0.3419444444E+00  0.8314898778E+05
  0.3422222222E+00  0.8295811903E+05
  0.3425000000E+00  0.8276725162E+05
  0.3427777778E+00  0.8257638321E+05
  0.3430555556E+00  0.8238551558E+05
  0.3433333333E+00  0.8219464716E+05
  0.3436111111E+00  0.8200377975E+05
  0.3438888889E+00  0.8181291100E+05
  0.3441666667E+00  0.8162204260E+05
  0.3444444444E+00  0.8143117518E+05
  0.3447222222E+00  0.8124030676E+05
  0.3450000000E+00  0.8104943902E+05
  0.3452777778E+00  0.8087008229E+05
  0.3455555556E+00  0.8069072412E+05
  0.3458333333E+00  0.8051136728E+05
  0.3461111111E+00  0.8033200921E+05
  0.3463888889E+00  0.8015265204E+05
  0.3466666667E+00  0.7997329519E+05
  0.3469444444E+00  0.7979393713E+05
  0.3472222222E+00  0.7961458029E+05
  0.3475000000E+00  0.7943522212E+05
  0.3477777778E+00  0.7925586538E+05
  0.3480555556E+00  0.7907650821E+05
  0.3483333333E+00  0.7889715036E+05
  0.3486111111E+00  0.7871779330E+05
  0.3488888889E+00  0.7853843612E+05
  0.3491666667E+00  0.7835907829E+05
  0.3494444444E+00  0.7817972123E+05
  0.3497222222E+00  0.7800036338E+05
  0.3500000000E+00  0.7782100621E+05
  0.3502777778E+00  0.7765679273E+05
  0.3505555556E+00  0.7749258049E+05
  0.3508333333E+00  0.7732836701E+05
  0.3511111111E+00  0.7716415344E+05
  0.3513888889E+00  0.7699994096E+05
  0.3516666667E+00  0.7683572738E+05
  0.3519444444E+00  0.7667151391E+05
  0.3522222222E+00  0.7650730133E+05
  0.3525000000E+00  0.7634308786E+05
  0.3527777778E+00  0.7617887461E+05
  0.3530555556E+00  0.7601466214E+05
  0.3533333333E+00  0.7585044856E+05
  0.3536111111E+00  0.7568623508E+05
  0.3538888889E+00  0.7552202151E+05
  0.3541666667E+00  0.7535780903E+05
  0.3544444444E+00  0.7519359545E+05
  0.3547222222E+00  0.7502938198E+05
  0.3550000000E+00  0.7486516940E+05
  0.3552777778E+00  0.7471934114E+05
  0.3555555556E+00  0.7457351344E+05
  0.3558333333E+00  0.7442768619E+05
  0.3561111111E+00  0.7428185749E+05
  0.3563888889E+00  0.7413603023E+05
  0.3566666667E+00  0.7399020252E+05
  0.3569444444E+00  0.7384437528E+05
  0.3572222222E+00  0.7369854657E+05
  0.3575000000E+00  0.7355271932E+05
  0.3577777778E+00  0.7340689161E+05
  0.3580555556E+00  0.7326106336E+05
  0.3583333333E+00  0.7311523566E+05
  0.3586111111E+00  0.7296940829E+05
  0.3588888889E+00  0.7282357970E+05
  0.3591666667E+00  0.7267775233E+05
  0.3594444444E+00  0.7253192475E+05
  0.3597222222E+00  0.7238609637E+05
  0.3600000000E+00  0.7224026879E+05
  0.3602777778E+00  0.7211550127E+05
  0.3605555556E+00  0.7199073355E+05
  0.3608333333E+00  0.7186596604E+05
  0.3611111111E+00  0.7174119799E+05
  0.3613888889E+00  0.7161643038E+05
  0.3616666667E+00  0.7149166266E+05
  0.3619444444E+00  0.7136689472E+05
  0.3622222222E+00  0.7124212710E+05
  0.3625000000E+00  0.7111735938E+05
  0.3627777778E+00  0.7099259143E+05
  0.3630555556E+00  0.7086782382E+05
  0.3633333333E+00  0.7074305620E+05
  0.3636111111E+00  0.7061828849E+05
  0.3638888889E+00  0.7049352055E+05
  0.3641666667E+00  0.7036875293E+05
  0.3644444444E+00  0.7024398522E+05
  0.3647222222E+00  0.7011921726E+05
  0.3650000000E+00  0.6999444965E+05
  0.3652777778E+00  0.6989274893E+05
  0.3655555556E+00  0.6979104832E+05
  0.3658333333E+00  0.6968934770E+05
  0.3661111111E+00  0.6958764665E+05
  0.3663888889E+00  0.6948594604E+05
  0.3666666667E+00  0.6938424531E+05
  0.3669444444E+00  0.6928254459E+05
  0.3672222222E+00  0.6918084364E+05
  0.3675000000E+00  0.6907914292E+05
  0.3677777778E+00  0.6897744231E+05
  0.3680555556E+00  0.6887574159E+05
  0.3683333333E+00  0.6877404097E+05
  0.3686111111E+00  0.6867234002E+05
  0.3688888889E+00  0.6857063930E+05
  0.3691666667E+00  0.6846893869E+05
  0.3694444444E+00  0.6836723797E+05
  0.3697222222E+00  0.6826553691E+05
  0.3700000000E+00  0.6816383630E+05
  0.3702777778E+00  0.6808641550E+05
  0.3705555556E+00  0.6800899483E+05
  0.3708333333E+00  0.6793157393E+05
  0.3711111111E+00  0.6785415313E+05
  0.3713888889E+00  0.6777673246E+05
  0.3716666667E+00  0.6769931166E+05
  0.3719444444E+00  0.6762189044E+05
  0.3722222222E+00  0.6754446975E+05
  0.3725000000E+00  0.6746704896E+05
  0.3727777778E+00  0.6738962828E+05
  0.3730555556E+00  0.6731220739E+05
  0.3733333333E+00  0.6723478659E+05
  0.3736111111E+00  0.6715736590E+05
  0.3738888889E+00  0.6707994512E+05
  0.3741666667E+00  0.6700252388E+05
  0.3744444444E+00  0.6692510321E+05
  0.3747222222E+00  0.6684768241E+05
  0.3750000000E+00  0.6677026163E+05
  0.3752777778E+00  0.6671755051E+05
  0.3755555556E+00  0.6666483962E+05
  0.3758333333E+00  0.6661212840E+05
  0.3761111111E+00  0.6655941763E+05
  0.3763888889E+00  0.6650670641E+05
  0.3766666667E+00  0.6645399530E+05
  0.3769444444E+00  0.6640128442E+05
  0.3772222222E+00  0.6634857331E+05
  0.3775000000E+00  0.6629586243E+05
  0.3777777778E+00  0.6624315131E+05
  0.3780555556E+00  0.6619044009E+05
  0.3783333333E+00  0.6613772931E+05
  0.3786111111E+00  0.6608501810E+05
  0.3788888889E+00  0.6603230698E+05
  0.3791666667E+00  0.6597959620E+05
  0.3794444444E+00  0.6592688498E+05
  0.3797222222E+00  0.6587417421E+05
  0.3800000000E+00  0.6582146299E+05
  0.3802777778E+00  0.6579298390E+05
  0.3805555556E+00  0.6576450459E+05
  0.3808333333E+00  0.6573602571E+05
  0.3811111111E+00  0.6570754674E+05
  0.3813888889E+00  0.6567906775E+05
  0.3816666667E+00  0.6565058845E+05
  0.3819444444E+00  0.6562210947E+05
  0.3822222222E+00  0.6559363038E+05
  0.3825000000E+00  0.6556515140E+05
  0.3827777778E+00  0.6553667219E+05
  0.3830555556E+00  0.6550819321E+05
  0.3833333333E+00  0.6547971424E+05
  0.3836111111E+00  0.6545123526E+05
  0.3838888889E+00  0.6542275595E+05
  0.3841666667E+00  0.6539427686E+05
  0.3844444444E+00  0.6536579798E+05
  0.3847222222E+00  0.6533731900E+05
  0.3850000000E+00  0.6530883970E+05
  0.3852777778E+00  0.6530341725E+05
  0.3855555556E+00  0.6529799470E+05
  0.3858333333E+00  0.6529257216E+05
  0.3861111111E+00  0.6528714960E+05
  0.3863888889E+00  0.6528172705E+05
  0.3866666667E+00  0.6527630427E+05
  0.3869444444E+00  0.6527088173E+05
  0.3872222222E+00  0.6526545928E+05
  0.3875000000E+00  0.6526003663E+05
  0.3877777778E+00  0.6525461418E+05
  0.3880555556E+00  0.6524919163E+05
  0.3883333333E+00  0.6524376885E+05
  0.3886111111E+00  0.6523834630E+05
  0.3888888889E+00  0.6523292385E+05
  0.3891666667E+00  0.6522750120E+05
  0.3894444444E+00  0.6522207876E+05
  0.3897222222E+00  0.6521665621E+05
  0.3900000000E+00  0.6521123376E+05
  0.3902777778E+00  0.6522683901E+05
  0.3905555556E+00  0.6524244458E+05
  0.3908333333E+00  0.6525805016E+05
  0.3911111111E+00  0.6527365585E+05
  0.3913888889E+00  0.6528926132E+05
  0.3916666667E+00  0.6530486700E+05
  0.3919444444E+00  0.6532047224E+05
  0.3922222222E+00  0.6533607782E+05
  0.3925000000E+00  0.6535168339E+05
  0.3927777778E+00  0.6536728908E+05
  0.3930555556E+00  0.6538289466E+05
  0.3933333333E+00  0.6539850024E+05
  0.3936111111E+00  0.6541410592E+05
  0.3938888889E+00  0.6542971106E+05
  0.3941666667E+00  0.6544531674E+05
  0.3944444444E+00  0.6546092231E+05
  0.3947222222E+00  0.6547652790E+05
  0.3950000000E+00  0.6549213347E+05
  0.3952777778E+00  0.6552619517E+05
  0.3955555556E+00  0.6556025684E+05
  0.3958333333E+00  0.6559431853E+05
  0.3961111111E+00  0.6562838011E+05
  0.3963888889E+00  0.6566244191E+05
  0.3966666667E+00  0.6569650349E+05
  0.3969444444E+00  0.6573056517E+05
  0.3972222222E+00  0.6576462687E+05
  0.3975000000E+00  0.6579868855E+05
  0.3977777778E+00  0.6583275013E+05
  0.3980555556E+00  0.6586681193E+05
  0.3983333333E+00  0.6590087361E+05
  0.3986111111E+00  0.6593493553E+05
  0.3988888889E+00  0.6596899732E+05
  0.3991666667E+00  0.6600305891E+05
  0.3994444444E+00  0.6603712059E+05
  0.3997222222E+00  0.6607118229E+05
  0.4000000000E+00  0.6610524397E+05
  0.4002777778E+00  0.6615462434E+05
  0.4005555556E+00  0.6620400515E+05
  0.4008333333E+00  0.6625338552E+05
  0.4011111111E+00  0.6630276633E+05
  0.4013888889E+00  0.6635214671E+05
  0.4016666667E+00  0.6640152742E+05
  0.4019444444E+00  0.6645090789E+05
  0.4022222222E+00  0.6650028826E+05
  0.4025000000E+00  0.6654966907E+05
  0.4027777778E+00  0.6659904944E+05
  0.4030555556E+00  0.6664843015E+05
  0.4033333333E+00  0.6669781063E+05
  0.4036111111E+00  0.6674719133E+05
  0.4038888889E+00  0.6679657181E+05
  0.4041666667E+00  0.6684595252E+05
  0.4044444444E+00  0.6689533299E+05
  0.4047222222E+00  0.6694471336E+05
  0.4050000000E+00  0.6699409407E+05
  0.4052777778E+00  0.6705532667E+05
  0.4055555556E+00  0.6711655918E+05
  0.4058333333E+00  0.6717779178E+05
  0.4061111111E+00  0.6723902428E+05
  0.4063888889E+00  0.6730025689E+05
  0.4066666667E+00  0.6736148939E+05
  0.4069444444E+00  0.6742272189E+05
  0.4072222222E+00  0.6748395438E+05
  0.4075000000E+00  0.6754518732E+05
  0.4077777778E+00  0.6760641993E+05
  0.4080555556E+00  0.6766765243E+05
  0.4083333333E+00  0.6772888503E+05
  0.4086111111E+00  0.6779011742E+05
  0.4088888889E+00  0.6785135002E+05
  0.4091666667E+00  0.6791258252E+05
  0.4094444444E+00  0.6797381513E+05
  0.4097222222E+00  0.6803504763E+05
  0.4100000000E+00  0.6809628023E+05
  0.4102777778E+00  0.6816569582E+05
  0.4105555556E+00  0.6823511109E+05
  0.4108333333E+00  0.6830452634E+05
  0.4111111111E+00  0.6837394194E+05
  0.4113888889E+00  0.6844335720E+05
  0.4116666667E+00  0.6851277246E+05
  0.4119444444E+00  0.6858218794E+05
  0.4122222222E+00  0.6865160321E+05
  0.4125000000E+00  0.6872101846E+05
  0.4127777778E+00  0.6879043406E+05
  0.4130555556E+00  0.6885984932E+05
  0.4133333333E+00  0.6892926503E+05
  0.4136111111E+00  0.6899868029E+05
  0.4138888889E+00  0.6906809553E+05
  0.4141666667E+00  0.6913751113E+05
  0.4144444444E+00  0.6920692639E+05
  0.4147222222E+00  0.6927634165E+05
  0.4150000000E+00  0.6934575725E+05
  0.4152777778E+00  0.6941964104E+05
  0.4155555556E+00  0.6949352471E+05
  0.4158333333E+00  0.6956740885E+05
  0.4161111111E+00  0.6964129264E+05
  0.4163888889E+00  0.6971517632E+05
  0.4166666667E+00  0.6978906045E+05
  0.4169444444E+00  0.6986294424E+05
  0.4172222222E+00  0.6993682793E+05
  0.4175000000E+00  0.7001071205E+05
  0.4177777778E+00  0.7008459584E+05
  0.4180555556E+00  0.7015847952E+05
  0.4183333333E+00  0.7023236366E+05
  0.4186111111E+00  0.7030624745E+05
  0.4188888889E+00  0.7038013102E+05
  0.4191666667E+00  0.7045401515E+05
  0.4194444444E+00  0.7052789894E+05
  0.4197222222E+00  0.7060178274E+05
  0.4200000000E+00  0.7067566676E+05
  0.4202777778E+00  0.7075044712E+05
  0.4205555556E+00  0.7082522770E+05
  0.4208333333E+00  0.7090000796E+05
  0.4211111111E+00  0.7097478833E+05
  0.4213888889E+00  0.7104956891E+05
  0.4216666667E+00  0.7112434918E+05
  0.4219444444E+00  0.7119912943E+05
  0.4222222222E+00  0.7127391012E+05
  0.4225000000E+00  0.7134869038E+05
  0.4227777778E+00  0.7142347063E+05
  0.4230555556E+00  0.7149825133E+05
  0.4233333333E+00  0.7157303148E+05
  0.4236111111E+00  0.7164781218E+05
  0.4238888889E+00  0.7172259254E+05
  0.4241666667E+00  0.7179737269E+05
  0.4244444444E+00  0.7187215339E+05
  0.4247222222E+00  0.7194693375E+05
  0.4250000000E+00  0.7202171390E+05
  0.4252777778E+00  0.7209409526E+05
  0.4255555556E+00  0.7216647606E+05
  0.4258333333E+00  0.7223885731E+05
  0.4261111111E+00  0.7231123813E+05
  0.4263888889E+00  0.7238361938E+05
  0.4266666667E+00  0.7245600030E+05
  0.4269444444E+00  0.7252838145E+05
  0.4272222222E+00  0.7260076237E+05
  0.4275000000E+00  0.7267314350E+05
  0.4277777778E+00  0.7274552442E+05
  0.4280555556E+00  0.7281790578E+05
  0.4283333333E+00  0.7289028658E+05
  0.4286111111E+00  0.7296266784E+05
  0.4288888889E+00  0.7303504864E+05
  0.4291666667E+00  0.7310742991E+05
  0.4294444444E+00  0.7317981082E+05
  0.4297222222E+00  0.7325219197E+05
  0.4300000000E+00  0.7332457289E+05
  0.4302777778E+00  0.7339166325E+05
  0.4305555556E+00  0.7345875328E+05
  0.4308333333E+00  0.7352584321E+05
  0.4311111111E+00  0.7359293326E+05
  0.4313888889E+00  0.7366002373E+05
  0.4316666667E+00  0.7372711377E+05
  0.4319444444E+00  0.7379420370E+05
  0.4322222222E+00  0.7386129406E+05
  0.4325000000E+00  0.7392838411E+05
  0.4327777778E+00  0.7399547414E+05
  0.4330555556E+00  0.7406256418E+05
  0.4333333333E+00  0.7412965454E+05
  0.4336111111E+00  0.7419674458E+05
  0.4338888889E+00  0.7426383461E+05
  0.4341666667E+00  0.7433092455E+05
  0.4344444444E+00  0.7439801492E+05
  0.4347222222E+00  0.7446510506E+05
  0.4350000000E+00  0.7453219509E+05
  0.4352777778E+00  0.7459161135E+05
  0.4355555556E+00  0.7465102739E+05
  0.4358333333E+00  0.7471044376E+05
  0.4361111111E+00  0.7476985979E+05
  0.4363888889E+00  0.7482927605E+05
  0.4366666667E+00  0.7488869208E+05
  0.4369444444E+00  0.7494810845E+05
  0.4372222222E+00  0.7500752449E+05
  0.4375000000E+00  0.7506694075E+05
  0.4377777778E+00  0.7512635678E+05
  0.4380555556E+00  0.7518577325E+05
  0.4383333333E+00  0.7524518918E+05
  0.4386111111E+00  0.7530460521E+05
  0.4388888889E+00  0.7536402148E+05
  0.4391666667E+00  0.7542343762E+05
  0.4394444444E+00  0.7548285388E+05
  0.4397222222E+00  0.7554226991E+05
  0.4400000000E+00  0.7560168628E+05
  0.4402777778E+00  0.7565165455E+05
  0.4405555556E+00  0.7570162269E+05
  0.4408333333E+00  0.7575159107E+05
  0.4411111111E+00  0.7580155943E+05
  0.4413888889E+00  0.7585152748E+05
  0.4416666667E+00  0.7590149585E+05
  0.4419444444E+00  0.7595146423E+05
  0.4422222222E+00  0.7600143260E+05
  0.4425000000E+00  0.7605140053E+05
  0.4427777778E+00  0.7610136900E+05
  0.4430555556E+00  0.7615133738E+05
  0.4433333333E+00  0.7620130575E+05
  0.4436111111E+00  0.7625127379E+05
  0.4438888889E+00  0.7630124216E+05
  0.4441666667E+00  0.7635121054E+05
  0.4444444444E+00  0.7640117857E+05
  0.4447222222E+00  0.7645114684E+05
  0.4450000000E+00  0.7650111531E+05
  0.4452777778E+00  0.7654044765E+05
  0.4455555556E+00  0.7657977955E+05
  0.4458333333E+00  0.7661911177E+05
  0.4461111111E+00  0.7665844420E+05
  0.4463888889E+00  0.7669777609E+05
  0.4466666667E+00  0.7673710832E+05
  0.4469444444E+00  0.7677644042E+05
  0.4472222222E+00  0.7681577264E+05
  0.4475000000E+00  0.7685510486E+05
  0.4477777778E+00  0.7689443697E+05
  0.4480555556E+00  0.7693376920E+05
  0.4483333333E+00  0.7697310153E+05
  0.4486111111E+00  0.7701243351E+05
  0.4488888889E+00  0.7705176575E+05
  0.4491666667E+00  0.7709109808E+05
  0.4494444444E+00  0.7713043007E+05
  0.4497222222E+00  0.7716976229E+05
  0.4500000000E+00  0.7720909464E+05
  0.4502777778E+00  0.7723724926E+05
  0.4505555556E+00  0.7726540356E+05
  0.4508333333E+00  0.7729355819E+05
  0.4511111111E+00  0.7732171282E+05
  0.4513888889E+00  0.7734986744E+05
  0.4516666667E+00  0.7737802207E+05
  0.4519444444E+00  0.7740617670E+05
  0.4522222222E+00  0.7743433133E+05
  0.4525000000E+00  0.7746248608E+05
  0.4527777778E+00  0.7749064070E+05
  0.4530555556E+00  0.7751879533E+05
  0.4533333333E+00  0.7754694996E+05
  0.4536111111E+00  0.7757510426E+05
  0.4538888889E+00  0.7760325889E+05
  0.4541666667E+00  0.7763141341E+05
  0.4544444444E+00  0.7765956774E+05
  0.4547222222E+00  0.7768772307E+05
  0.4550000000E+00  0.7771587740E+05
  0.4552777778E+00  0.7773294253E+05
  0.4555555556E+00  0.7775000667E+05
  0.4558333333E+00  0.7776707181E+05
  0.4561111111E+00  0.7778413694E+05
  0.4563888889E+00  0.7780120142E+05
  0.4566666667E+00  0.7781826655E+05
  0.4569444444E+00  0.7783533068E+05
  0.4572222222E+00  0.7785239582E+05
  0.4575000000E+00  0.7786946097E+05
  0.4577777778E+00  0.7788652509E+05
  0.4580555556E+00  0.7790359023E+05
  0.4583333333E+00  0.7792065537E+05
  0.4586111111E+00  0.7793771950E+05
  0.4588888889E+00  0.7795478464E+05
  0.4591666667E+00  0.7797184910E+05
  0.4594444444E+00  0.7798891425E+05
  0.4597222222E+00  0.7800597939E+05
  0.4600000000E+00  0.7802304351E+05
  0.4602777778E+00  0.7802964388E+05
  0.4605555556E+00  0.7803624457E+05
  0.4608333333E+00  0.7804284494E+05
  0.4611111111E+00  0.7804944563E+05
  0.4613888889E+00  0.7805604489E+05
  0.4616666667E+00  0.7806264558E+05
  0.4619444444E+00  0.7806924595E+05
  0.4622222222E+00  0.7807584664E+05
  0.4625000000E+00  0.7808244689E+05
  0.4627777778E+00  0.7808904759E+05
  0.4630555556E+00  0.7809564695E+05
  0.4633333333E+00  0.7810224764E+05
  0.4636111111E+00  0.7810884790E+05
  0.4638888889E+00  0.7811544859E+05
  0.4641666667E+00  0.7812204896E+05
  0.4644444444E+00  0.7812864832E+05
  0.4647222222E+00  0.7813524902E+05
  0.4650000000E+00  0.7814184928E+05
  0.4652777778E+00  0.7813908074E+05
  0.4655555556E+00  0.7813631189E+05
  0.4658333333E+00  0.7813354203E+05
  0.4661111111E+00  0.7813077351E+05
  0.4663888889E+00  0.7812800477E+05
  0.4666666667E+00  0.7812523590E+05
  0.4669444444E+00  0.7812246638E+05
  0.4672222222E+00  0.7811969753E+05
  0.4675000000E+00  0.7811692867E+05
  0.4677777778E+00  0.7811416015E+05
  0.4680555556E+00  0.7811139029E+05
  0.4683333333E+00  0.7810862143E+05
  0.4686111111E+00  0.7810585258E+05
  0.4688888889E+00  0.7810308406E+05
  0.4691666667E+00  0.7810031419E+05
  0.4694444444E+00  0.7809754534E+05
  0.4697222222E+00  0.7809477682E+05
  0.4700000000E+00  0.7809200795E+05
  0.4702777778E+00  0.7808135067E+05
  0.4705555556E+00  0.7807069326E+05
  0.4708333333E+00  0.7806003597E+05
  0.4711111111E+00  0.7804937891E+05
  0.4713888889E+00  0.7803872161E+05
  0.4716666667E+00  0.7802806411E+05
  0.4719444444E+00  0.7801740682E+05
  0.4722222222E+00  0.7800674953E+05
  0.4725000000E+00  0.7799609223E+05
  0.4727777778E+00  0.7798543527E+05
  0.4730555556E+00  0.7797477797E+05
  0.4733333333E+00  0.7796412068E+05
  0.4736111111E+00  0.7795346338E+05
  0.4738888889E+00  0.7794280609E+05
  0.4741666667E+00  0.7793214878E+05
  0.4744444444E+00  0.7792149183E+05
  0.4747222222E+00  0.7791083464E+05
  0.4750000000E+00  0.7790017723E+05
  0.4752777778E+00  0.7788337176E+05
  0.4755555556E+00  0.7786656630E+05
  0.4758333333E+00  0.7784976082E+05
  0.4761111111E+00  0.7783295524E+05
  0.4763888889E+00  0.7781614988E+05
  0.4766666667E+00  0.7779934465E+05
  0.4769444444E+00  0.7778253917E+05
  0.4772222222E+00  0.7776573370E+05
  0.4775000000E+00  0.7774892824E+05
  0.4777777778E+00  0.7773212266E+05
  0.4780555556E+00  0.7771531729E+05
  0.4783333333E+00  0.7769851171E+05
  0.4786111111E+00  0.7768170625E+05
  0.4788888889E+00  0.7766490111E+05
  0.4791666667E+00  0.7764809554E+05
  0.4794444444E+00  0.7763129007E+05
  0.4797222222E+00  0.7761448460E+05
  0.4800000000E+00  0.7759767913E+05
  0.4802777778E+00  0.7757659282E+05
  0.4805555556E+00  0.7755550618E+05
  0.4808333333E+00  0.7753441987E+05
  0.4811111111E+00  0.7751333323E+05
  0.4813888889E+00  0.7749224681E+05
  0.4816666667E+00  0.7747116027E+05
  0.4819444444E+00  0.7745007397E+05
  0.4822222222E+00  0.7742898734E+05
  0.4825000000E+00  0.7740790102E+05
  0.4827777778E+00  0.7738681438E+05
  0.4830555556E+00  0.7736572807E+05
  0.4833333333E+00  0.7734464143E+05
  0.4836111111E+00  0.7732355512E+05
  0.4838888889E+00  0.7730246848E+05
  0.4841666667E+00  0.7728138217E+05
  0.4844444444E+00  0.7726029552E+05
  0.4847222222E+00  0.7723920923E+05
  0.4850000000E+00  0.7721812258E+05
  0.4852777778E+00  0.7719467024E+05
  0.4855555556E+00  0.7717121790E+05
  0.4858333333E+00  0.7714776555E+05
  0.4861111111E+00  0.7712431322E+05
  0.4863888889E+00  0.7710086098E+05
  0.4866666667E+00  0.7707740853E+05
  0.4869444444E+00  0.7705395620E+05
  0.4872222222E+00  0.7703050385E+05
  0.4875000000E+00  0.7700705184E+05
  0.4877777778E+00  0.7698359960E+05
  0.4880555556E+00  0.7696014716E+05
  0.4883333333E+00  0.7693669482E+05
  0.4886111111E+00  0.7691324247E+05
  0.4888888889E+00  0.7688979014E+05
  0.4891666667E+00  0.7686633790E+05
  0.4894444444E+00  0.7684288545E+05
  0.4897222222E+00  0.7681943322E+05
  0.4900000000E+00  0.7679598077E+05
  0.4902777778E+00  0.7677197629E+05
  0.4905555556E+00  0.7674797172E+05
  0.4908333333E+00  0.7672396713E+05
  0.4911111111E+00  0.7669996254E+05
  0.4913888889E+00  0.7667595796E+05
  0.4916666667E+00  0.7665195349E+05
  0.4919444444E+00  0.7662794890E+05
  0.4922222222E+00  0.7660394431E+05
  0.4925000000E+00  0.7657993983E+05
  0.4927777778E+00  0.7655593524E+05
  0.4930555556E+00  0.7653193066E+05
  0.4933333333E+00  0.7650792619E+05
  0.4936111111E+00  0.7648392160E+05
  0.4938888889E+00  0.7645991701E+05
  0.4941666667E+00  0.7643591244E+05
  0.4944444444E+00  0.7641190785E+05
  0.4947222222E+00  0.7638790337E+05
  0.4950000000E+00  0.7636389878E+05
