  0.1027777778E-01  0.2228212790E+08
  0.1055555556E-01  0.2225969264E+08
  0.1083333333E-01  0.2223725717E+08
  0.1111111111E-01  0.2221482193E+08
  0.1138888889E-01  0.2219238678E+08
  0.1166666667E-01  0.2216995121E+08
  0.1194444444E-01  0.2214751605E+08
  0.1222222222E-01  0.2212508092E+08
  0.1250000000E-01  0.2210264567E+08
  0.1277777778E-01  0.2208021019E+08
  0.1305555556E-01  0.2205777505E+08
  0.1333333333E-01  0.2203533980E+08
  0.1361111111E-01  0.2201290465E+08
  0.1388888889E-01  0.2199046908E+08
  0.1416666667E-01  0.2196803394E+08
  0.1444444444E-01  0.2194559869E+08
  0.1472222222E-01  0.2192316354E+08
  0.1500000000E-01  0.2190072807E+08
  0.1527777778E-01  0.2186996278E+08
  0.1555555556E-01  0.2183919771E+08
  0.1583333333E-01  0.2180843233E+08
  0.1611111111E-01  0.2177766704E+08
  0.1638888889E-01  0.2174690174E+08
  0.1666666667E-01  0.2171613647E+08
  0.1694444444E-01  0.2168537107E+08
  0.1722222222E-01  0.2165460578E+08
  0.1750000000E-01  0.2162384050E+08
  0.1777777778E-01  0.2159307521E+08
  0.1805555556E-01  0.2156230982E+08
  0.1833333333E-01  0.2153154453E+08
  0.1861111111E-01  0.2150077958E+08
  0.1888888889E-01  0.2147001428E+08
  0.1916666667E-01  0.2143924899E+08
  0.1944444444E-01  0.2140848361E+08
  0.1972222222E-01  0.2137771832E+08
  0.2000000000E-01  0.2134695303E+08
  0.2027777778E-01  0.2130845937E+08
  0.2055555556E-01  0.2126996614E+08
  0.2083333333E-01  0.2123147268E+08
  0.2111111111E-01  0.2119297946E+08
  0.2138888889E-01  0.2115448590E+08
  0.2166666667E-01  0.2111599268E+08
  0.2194444444E-01  0.2107749911E+08
  0.2222222222E-01  0.2103900556E+08
  0.2250000000E-01  0.2100051233E+08
  0.2277777778E-01  0.2096201877E+08
  0.2305555556E-01  0.2092352565E+08
  0.2333333333E-01  0.2088503198E+08
  0.2361111111E-01  0.2084653876E+08
  0.2388888889E-01  0.2080804530E+08
  0.2416666667E-01  0.2076955208E+08
  0.2444444444E-01  0.2073105852E+08
  0.2472222222E-01  0.2069256496E+08
  0.2500000000E-01  0.2065407172E+08
  0.2527777778E-01  0.2060860531E+08
  0.2555555556E-01  0.2056313889E+08
  0.2583333333E-01  0.2051767270E+08
  0.2611111111E-01  0.2047220629E+08
  0.2638888889E-01  0.2042673986E+08
  0.2666666667E-01  0.2038127333E+08
  0.2694444444E-01  0.2033580725E+08
  0.2722222222E-01  0.2029034094E+08
  0.2750000000E-01  0.2024487440E+08
  0.2777777778E-01  0.2019940798E+08
  0.2805555556E-01  0.2015394190E+08
  0.2833333333E-01  0.2010847538E+08
  0.2861111111E-01  0.2006300896E+08
  0.2888888889E-01  0.2001754243E+08
  0.2916666667E-01  0.1997207635E+08
  0.2944444444E-01  0.1992661003E+08
  0.2972222222E-01  0.1988114351E+08
  0.3000000000E-01  0.1983567708E+08
  0.3027777778E-01  0.1978411963E+08
  0.3055555556E-01  0.1973256228E+08
  0.3083333333E-01  0.1968100472E+08
  0.3111111111E-01  0.1962944738E+08
  0.3138888889E-01  0.1957788993E+08
  0.3166666667E-01  0.1952633258E+08
  0.3194444444E-01  0.1947477514E+08
  0.3222222222E-01  0.1942321758E+08
  0.3250000000E-01  0.1937166023E+08
  0.3277777778E-01  0.1932010278E+08
  0.3305555556E-01  0.1926854510E+08
  0.3333333333E-01  0.1921698766E+08
  0.3361111111E-01  0.1916543020E+08
  0.3388888889E-01  0.1911387275E+08
  0.3416666667E-01  0.1906231540E+08
  0.3444444444E-01  0.1901075796E+08
  0.3472222222E-01  0.1895920051E+08
  0.3500000000E-01  0.1890764305E+08
  0.3527777778E-01  0.1885095136E+08
  0.3555555556E-01  0.1879425967E+08
  0.3583333333E-01  0.1873756787E+08
  0.3611111111E-01  0.1868087629E+08
  0.3638888889E-01  0.1862418449E+08
  0.3666666667E-01  0.1856749313E+08
  0.3694444444E-01  0.1851080144E+08
  0.3722222222E-01  0.1845410974E+08
  0.3750000000E-01  0.1839741796E+08
  0.3777777778E-01  0.1834072637E+08
  0.3805555556E-01  0.1828403457E+08
  0.3833333333E-01  0.1822734287E+08
  0.3861111111E-01  0.1817065120E+08
  0.3888888889E-01  0.1811395983E+08
  0.3916666667E-01  0.1805726804E+08
  0.3944444444E-01  0.1800057634E+08
  0.3972222222E-01  0.1794388465E+08
  0.4000000000E-01  0.1788719296E+08
  0.4027777778E-01  0.1782640270E+08
  0.4055555556E-01  0.1776561243E+08
  0.4083333333E-01  0.1770482195E+08
  0.4111111111E-01  0.1764403180E+08
  0.4138888889E-01  0.1758324154E+08
  0.4166666667E-01  0.1752245138E+08
  0.4194444444E-01  0.1746166122E+08
  0.4222222222E-01  0.1740087096E+08
  0.4250000000E-01  0.1734008038E+08
  0.4277777778E-01  0.1727929023E+08
  0.4305555556E-01  0.1721849995E+08
  0.4333333333E-01  0.1715770980E+08
  0.4361111111E-01  0.1709691954E+08
  0.4388888889E-01  0.1703612905E+08
  0.4416666667E-01  0.1697533890E+08
  0.4444444444E-01  0.1691454852E+08
  0.4472222222E-01  0.1685375837E+08
  0.4500000000E-01  0.1679296822E+08
  0.4527777778E-01  0.1672914637E+08
  0.4555555556E-01  0.1666532450E+08
  0.4583333333E-01  0.1660150265E+08
  0.4611111111E-01  0.1653768091E+08
  0.4638888889E-01  0.1647385904E+08
  0.4666666667E-01  0.1641003719E+08
  0.4694444444E-01  0.1634621566E+08
  0.4722222222E-01  0.1628239380E+08
  0.4750000000E-01  0.1621857206E+08
  0.4777777778E-01  0.1615475020E+08
  0.4805555556E-01  0.1609092834E+08
  0.4833333333E-01  0.1602710648E+08
  0.4861111111E-01  0.1596328473E+08
  0.4888888889E-01  0.1589946287E+08
  0.4916666667E-01  0.1583564135E+08
  0.4944444444E-01  0.1577181949E+08
  0.4972222222E-01  0.1570799763E+08
  0.5000000000E-01  0.1564417589E+08
  0.5027777778E-01  0.1557839530E+08
  0.5055555556E-01  0.1551261472E+08
  0.5083333333E-01  0.1544683448E+08
  0.5111111111E-01  0.1538105389E+08
  0.5138888889E-01  0.1531527331E+08
  0.5166666667E-01  0.1524949306E+08
  0.5194444444E-01  0.1518371248E+08
  0.5222222222E-01  0.1511793190E+08
  0.5250000000E-01  0.1505215131E+08
  0.5277777778E-01  0.1498637106E+08
  0.5305555556E-01  0.1492059048E+08
  0.5333333333E-01  0.1485480990E+08
  0.5361111111E-01  0.1478902932E+08
  0.5388888889E-01  0.1472324907E+08
  0.5416666667E-01  0.1465746849E+08
  0.5444444444E-01  0.1459168791E+08
  0.5472222222E-01  0.1452590777E+08
  0.5500000000E-01  0.1446012718E+08
  0.5527777778E-01  0.1439343704E+08
  0.5555555556E-01  0.1432674691E+08
  0.5583333333E-01  0.1426005667E+08
  0.5611111111E-01  0.1419336631E+08
  0.5638888889E-01  0.1412667606E+08
  0.5666666667E-01  0.1405998593E+08
  0.5694444444E-01  0.1399329579E+08
  0.5722222222E-01  0.1392660566E+08
  0.5750000000E-01  0.1385991542E+08
  0.5777777778E-01  0.1379322539E+08
  0.5805555556E-01  0.1372653515E+08
  0.5833333333E-01  0.1365984502E+08
  0.5861111111E-01  0.1359315488E+08
  0.5888888889E-01  0.1352646441E+08
  0.5916666667E-01  0.1345977417E+08
  0.5944444444E-01  0.1339308414E+08
  0.5972222222E-01  0.1332639390E+08
  0.6000000000E-01  0.1325970377E+08
  0.6027777778E-01  0.1319310988E+08
  0.6055555556E-01  0.1312651599E+08
  0.6083333333E-01  0.1305992167E+08
  0.6111111111E-01  0.1299332790E+08
  0.6138888889E-01  0.1292673401E+08
  0.6166666667E-01  0.1286014002E+08
  0.6194444444E-01  0.1279354591E+08
  0.6222222222E-01  0.1272695202E+08
  0.6250000000E-01  0.1266035803E+08
  0.6277777778E-01  0.1259376426E+08
  0.6305555556E-01  0.1252717003E+08
  0.6333333333E-01  0.1246057605E+08
  0.6361111111E-01  0.1239398227E+08
  0.6388888889E-01  0.1232738805E+08
  0.6416666667E-01  0.1226079413E+08
  0.6444444444E-01  0.1219420028E+08
  0.6472222222E-01  0.1212760630E+08
  0.6500000000E-01  0.1206101224E+08
  0.6527777778E-01  0.1199544585E+08
  0.6555555556E-01  0.1192987949E+08
  0.6583333333E-01  0.1186431300E+08
  0.6611111111E-01  0.1179874664E+08
  0.6638888889E-01  0.1173318004E+08
  0.6666666667E-01  0.1166761368E+08
  0.6694444444E-01  0.1160204719E+08
  0.6722222222E-01  0.1153648083E+08
  0.6750000000E-01  0.1147091444E+08
  0.6777777778E-01  0.1140534798E+08
  0.6805555556E-01  0.1133978159E+08
  0.6833333333E-01  0.1127421502E+08
  0.6861111111E-01  0.1120864862E+08
  0.6888888889E-01  0.1114308216E+08
  0.6916666667E-01  0.1107751578E+08
  0.6944444444E-01  0.1101194942E+08
  0.6972222222E-01  0.1094638292E+08
  0.7000000000E-01  0.1088081645E+08
  0.7027777778E-01  0.1081712082E+08
  0.7055555556E-01  0.1075342521E+08
  0.7083333333E-01  0.1068972961E+08
  0.7111111111E-01  0.1062603401E+08
  0.7138888889E-01  0.1056233826E+08
  0.7166666667E-01  0.1049864277E+08
  0.7194444444E-01  0.1043494705E+08
  0.7222222222E-01  0.1037125143E+08
  0.7250000000E-01  0.1030755577E+08
  0.7277777778E-01  0.1024386019E+08
  0.7305555556E-01  0.1018016453E+08
  0.7333333333E-01  0.1011646892E+08
  0.7361111111E-01  0.1005277324E+08
  0.7388888889E-01  0.9989077678E+07
  0.7416666667E-01  0.9925381971E+07
  0.7444444444E-01  0.9861686405E+07
  0.7472222222E-01  0.9797990727E+07
  0.7500000000E-01  0.9734295161E+07
  0.7527777778E-01  0.9673204349E+07
  0.7555555556E-01  0.9612113633E+07
  0.7583333333E-01  0.9551022851E+07
  0.7611111111E-01  0.9489932137E+07
  0.7638888889E-01  0.9428841455E+07
  0.7666666667E-01  0.9367750639E+07
  0.7694444444E-01  0.9306659922E+07
  0.7722222222E-01  0.9245569143E+07
  0.7750000000E-01  0.9184478427E+07
  0.7777777778E-01  0.9123387643E+07
  0.7805555556E-01  0.9062296931E+07
  0.7833333333E-01  0.9001206215E+07
  0.7861111111E-01  0.8940115433E+07
  0.7888888889E-01  0.8879024717E+07
  0.7916666667E-01  0.8817933936E+07
  0.7944444444E-01  0.8756843221E+07
  0.7972222222E-01  0.8695752405E+07
  0.8000000000E-01  0.8634661723E+07
  0.8027777778E-01  0.8576796195E+07
  0.8055555556E-01  0.8518930710E+07
  0.8083333333E-01  0.8461065113E+07
  0.8111111111E-01  0.8403199595E+07
  0.8138888889E-01  0.8345334100E+07
  0.8166666667E-01  0.8287468580E+07
  0.8194444444E-01  0.8229602985E+07
  0.8222222222E-01  0.8171737501E+07
  0.8250000000E-01  0.8113871971E+07
  0.8277777778E-01  0.8056006486E+07
  0.8305555556E-01  0.7998140890E+07
  0.8333333333E-01  0.7940275372E+07
  0.8361111111E-01  0.7882409876E+07
  0.8388888889E-01  0.7824544358E+07
  0.8416666667E-01  0.7766678762E+07
  0.8444444444E-01  0.7708813277E+07
  0.8472222222E-01  0.7650947748E+07
  0.8500000000E-01  0.7593082263E+07
  0.8527777778E-01  0.7538935545E+07
  0.8555555556E-01  0.7484788860E+07
  0.8583333333E-01  0.7430642186E+07
  0.8611111111E-01  0.7376495467E+07
  0.8638888889E-01  0.7322348782E+07
  0.8666666667E-01  0.7268202064E+07
  0.8694444444E-01  0.7214055389E+07
  0.8722222222E-01  0.7159908804E+07
  0.8750000000E-01  0.7105762086E+07
  0.8777777778E-01  0.7051615401E+07
  0.8805555556E-01  0.6997468694E+07
  0.8833333333E-01  0.6943322008E+07
  0.8861111111E-01  0.6889175289E+07
  0.8888888889E-01  0.6835028616E+07
  0.8916666667E-01  0.6780881931E+07
  0.8944444444E-01  0.6726735212E+07
  0.8972222222E-01  0.6672588527E+07
  0.9000000000E-01  0.6618441921E+07
  0.9027777778E-01  0.6568383149E+07
  0.9055555556E-01  0.6518324522E+07
  0.9083333333E-01  0.6468265862E+07
  0.9111111111E-01  0.6418207202E+07
  0.9138888889E-01  0.6368148442E+07
  0.9166666667E-01  0.6318089770E+07
  0.9194444444E-01  0.6268031110E+07
  0.9222222222E-01  0.6217972451E+07
  0.9250000000E-01  0.6167913791E+07
  0.9277777778E-01  0.6117855019E+07
  0.9305555556E-01  0.6067796359E+07
  0.9333333333E-01  0.6017737732E+07
  0.9361111111E-01  0.5967679072E+07
  0.9388888889E-01  0.5917620401E+07
  0.9416666667E-01  0.5867561641E+07
  0.9444444444E-01  0.5817502982E+07
  0.9472222222E-01  0.5767444322E+07
  0.9500000000E-01  0.5717385650E+07
  0.9527777778E-01  0.5671660353E+07
  0.9555555556E-01  0.5625934957E+07
  0.9583333333E-01  0.5580209627E+07
  0.9611111111E-01  0.5534484331E+07
  0.9638888889E-01  0.5488759034E+07
  0.9666666667E-01  0.5443033705E+07
  0.9694444444E-01  0.5397308407E+07
  0.9722222222E-01  0.5351583112E+07
  0.9750000000E-01  0.5305857783E+07
  0.9777777778E-01  0.5260132444E+07
  0.9805555556E-01  0.5214407137E+07
  0.9833333333E-01  0.5168681831E+07
  0.9861111111E-01  0.5122956491E+07
  0.9888888889E-01  0.5077231185E+07
  0.9916666667E-01  0.5031505878E+07
  0.9944444444E-01  0.4985780538E+07
  0.9972222222E-01  0.4940055231E+07
  0.1000000000E+00  0.4894329914E+07
  0.1002777778E+00  0.4853062097E+07
  0.1005555556E+00  0.4811794246E+07
  0.1008333333E+00  0.4770526429E+07
  0.1011111111E+00  0.4729258602E+07
  0.1013888889E+00  0.4687990752E+07
  0.1016666667E+00  0.4646722935E+07
  0.1019444444E+00  0.4605455107E+07
  0.1022222222E+00  0.4564187257E+07
  0.1025000000E+00  0.4522919440E+07
  0.1027777778E+00  0.4481651623E+07
  0.1030555556E+00  0.4440383772E+07
  0.1033333333E+00  0.4399115955E+07
  0.1036111111E+00  0.4357848139E+07
  0.1038888889E+00  0.4316580322E+07
  0.1041666667E+00  0.4275312460E+07
  0.1044444444E+00  0.4234044643E+07
  0.1047222222E+00  0.4192776827E+07
  0.1050000000E+00  0.4151508977E+07
  0.1052777778E+00  0.4114718016E+07
  0.1055555556E+00  0.4077927065E+07
  0.1058333333E+00  0.4041136114E+07
  0.1061111111E+00  0.4004345154E+07
  0.1063888889E+00  0.3967554204E+07
  0.1066666667E+00  0.3930763254E+07
  0.1069444444E+00  0.3893972282E+07
  0.1072222222E+00  0.3857181332E+07
  0.1075000000E+00  0.3820390381E+07
  0.1077777778E+00  0.3783599431E+07
  0.1080555556E+00  0.3746808471E+07
  0.1083333333E+00  0.3710017520E+07
  0.1086111111E+00  0.3673226570E+07
  0.1088888889E+00  0.3636435609E+07
  0.1091666667E+00  0.3599644659E+07
  0.1094444444E+00  0.3562853709E+07
  0.1097222222E+00  0.3526062758E+07
  0.1100000000E+00  0.3489271798E+07
  0.1102777778E+00  0.3456875796E+07
  0.1105555556E+00  0.3424479761E+07
  0.1108333333E+00  0.3392083725E+07
  0.1111111111E+00  0.3359687723E+07
  0.1113888889E+00  0.3327291688E+07
  0.1116666667E+00  0.3294895653E+07
  0.1119444444E+00  0.3262499651E+07
  0.1122222222E+00  0.3230103616E+07
  0.1125000000E+00  0.3197707581E+07
  0.1127777778E+00  0.3165311579E+07
  0.1130555556E+00  0.3132915544E+07
  0.1133333333E+00  0.3100519498E+07
  0.1136111111E+00  0.3068123508E+07
  0.1138888889E+00  0.3035727472E+07
  0.1141666667E+00  0.3003331437E+07
  0.1144444444E+00  0.2970935435E+07
  0.1147222222E+00  0.2938539400E+07
  0.1150000000E+00  0.2906143365E+07
  0.1152777778E+00  0.2877977932E+07
  0.1155555556E+00  0.2849812466E+07
  0.1158333333E+00  0.2821647011E+07
  0.1161111111E+00  0.2793481545E+07
  0.1163888889E+00  0.2765316079E+07
  0.1166666667E+00  0.2737150613E+07
  0.1169444444E+00  0.2708985158E+07
  0.1172222222E+00  0.2680819692E+07
  0.1175000000E+00  0.2652654226E+07
  0.1177777778E+00  0.2624488760E+07
  0.1180555556E+00  0.2596323294E+07
  0.1183333333E+00  0.2568157829E+07
  0.1186111111E+00  0.2539992363E+07
  0.1188888889E+00  0.2511826897E+07
  0.1191666667E+00  0.2483661430E+07
  0.1194444444E+00  0.2455495975E+07
  0.1197222222E+00  0.2427330509E+07
  0.1200000000E+00  0.2399165043E+07
  0.1202777778E+00  0.2374996227E+07
  0.1205555556E+00  0.2350827368E+07
  0.1208333333E+00  0.2326658553E+07
  0.1211111111E+00  0.2302489682E+07
  0.1213888889E+00  0.2278320866E+07
  0.1216666667E+00  0.2254152051E+07
  0.1219444444E+00  0.2229983192E+07
  0.1222222222E+00  0.2205814376E+07
  0.1225000000E+00  0.2181645505E+07
  0.1227777778E+00  0.2157476690E+07
  0.1230555556E+00  0.2133307830E+07
  0.1233333333E+00  0.2109139015E+07
  0.1236111111E+00  0.2084970189E+07
  0.1238888889E+00  0.2060801340E+07
  0.1241666667E+00  0.2036632513E+07
  0.1244444444E+00  0.2012463653E+07
  0.1247222222E+00  0.1988294838E+07
  0.1250000000E+00  0.1964125979E+07
  0.1252777778E+00  0.1943665436E+07
  0.1255555556E+00  0.1923204948E+07
  0.1258333333E+00  0.1902744416E+07
  0.1261111111E+00  0.1882283885E+07
  0.1263888889E+00  0.1861823342E+07
  0.1266666667E+00  0.1841362811E+07
  0.1269444444E+00  0.1820902279E+07
  0.1272222222E+00  0.1800441737E+07
  0.1275000000E+00  0.1779981205E+07
  0.1277777778E+00  0.1759520674E+07
  0.1280555556E+00  0.1739060131E+07
  0.1283333333E+00  0.1718599643E+07
  0.1286111111E+00  0.1698139111E+07
  0.1288888889E+00  0.1677678569E+07
  0.1291666667E+00  0.1657218037E+07
  0.1294444444E+00  0.1636757506E+07
  0.1297222222E+00  0.1616296974E+07
  0.1300000000E+00  0.1595836432E+07
  0.1302777778E+00  0.1578758312E+07
  0.1305555556E+00  0.1561680181E+07
  0.1308333333E+00  0.1544602016E+07
  0.1311111111E+00  0.1527523896E+07
  0.1313888889E+00  0.1510445765E+07
  0.1316666667E+00  0.1493367645E+07
  0.1319444444E+00  0.1476289481E+07
  0.1322222222E+00  0.1459211349E+07
  0.1325000000E+00  0.1442133229E+07
  0.1327777778E+00  0.1425055098E+07
  0.1330555556E+00  0.1407976945E+07
  0.1333333333E+00  0.1390898814E+07
  0.1336111111E+00  0.1373820694E+07
  0.1338888889E+00  0.1356742529E+07
  0.1341666667E+00  0.1339664398E+07
  0.1344444444E+00  0.1322586278E+07
  0.1347222222E+00  0.1305508147E+07
  0.1350000000E+00  0.1288429984E+07
  0.1352777778E+00  0.1274383686E+07
  0.1355555556E+00  0.1260337378E+07
  0.1358333333E+00  0.1246291070E+07
  0.1361111111E+00  0.1232244739E+07
  0.1363888889E+00  0.1218198431E+07
  0.1366666667E+00  0.1204152123E+07
  0.1369444444E+00  0.1190105803E+07
  0.1372222222E+00  0.1176059495E+07
  0.1375000000E+00  0.1162013187E+07
  0.1377777778E+00  0.1147966890E+07
  0.1380555556E+00  0.1133920548E+07
  0.1383333333E+00  0.1119874240E+07
  0.1386111111E+00  0.1105827953E+07
  0.1388888889E+00  0.1091781645E+07
  0.1391666667E+00  0.1077735304E+07
  0.1394444444E+00  0.1063688996E+07
  0.1397222222E+00  0.1049642699E+07
  0.1400000000E+00  0.1035596391E+07
  0.1402777778E+00  0.1024221485E+07
  0.1405555556E+00  0.1012846579E+07
  0.1408333333E+00  0.1001471663E+07
  0.1411111111E+00  0.9900967901E+06
  0.1413888889E+00  0.9787218840E+06
  0.1416666667E+00  0.9673469678E+06
  0.1419444444E+00  0.9559720730E+06
  0.1422222222E+00  0.9445971836E+06
  0.1425000000E+00  0.9332222776E+06
  0.1427777778E+00  0.9218473781E+06
  0.1430555556E+00  0.9104724820E+06
  0.1433333333E+00  0.8990975727E+06
  0.1436111111E+00  0.8877226766E+06
  0.1438888889E+00  0.8763477772E+06
  0.1441666667E+00  0.8649728711E+06
  0.1444444444E+00  0.8535979717E+06
  0.1447222222E+00  0.8422230624E+06
  0.1450000000E+00  0.8308481663E+06
  0.1452777778E+00  0.8217858949E+06
  0.1455555556E+00  0.8127236280E+06
  0.1458333333E+00  0.8036613565E+06
  0.1461111111E+00  0.7945990852E+06
  0.1463888889E+00  0.7855368082E+06
  0.1466666667E+00  0.7764745390E+06
  0.1469444444E+00  0.7674122699E+06
  0.1472222222E+00  0.7583499941E+06
  0.1475000000E+00  0.7492877238E+06
  0.1477777778E+00  0.7402254580E+06
  0.1480555556E+00  0.7311631787E+06
  0.1483333333E+00  0.7221009096E+06
  0.1486111111E+00  0.7130386326E+06
  0.1488888889E+00  0.7039763635E+06
  0.1491666667E+00  0.6949140943E+06
  0.1494444444E+00  0.6858518185E+06
  0.1497222222E+00  0.6767895482E+06
  0.1500000000E+00  0.6677272824E+06
  0.1502777778E+00  0.6606306768E+06
  0.1505555556E+00  0.6535340745E+06
  0.1508333333E+00  0.6464374711E+06
  0.1511111111E+00  0.6393408688E+06
  0.1513888889E+00  0.6322442632E+06
  0.1516666667E+00  0.6251476598E+06
  0.1519444444E+00  0.6180510575E+06
  0.1522222222E+00  0.6109544552E+06
  0.1525000000E+00  0.6038578629E+06
  0.1527777778E+00  0.5967612562E+06
  0.1530555556E+00  0.5896646539E+06
  0.1533333333E+00  0.5825680516E+06
  0.1536111111E+00  0.5754714482E+06
  0.1538888889E+00  0.5683748460E+06
  0.1541666667E+00  0.5612782404E+06
  0.1544444444E+00  0.5541816381E+06
  0.1547222222E+00  0.5470850346E+06
  0.1550000000E+00  0.5399884324E+06
  0.1552777778E+00  0.5345309353E+06
  0.1555555556E+00  0.5290734283E+06
  0.1558333333E+00  0.5236159257E+06
  0.1561111111E+00  0.5181584187E+06
  0.1563888889E+00  0.5127009116E+06
  0.1566666667E+00  0.5072434047E+06
  0.1569444444E+00  0.5017859021E+06
  0.1572222222E+00  0.4963284050E+06
  0.1575000000E+00  0.4908708980E+06
  0.1577777778E+00  0.4854133910E+06
  0.1580555556E+00  0.4799558884E+06
  0.1583333333E+00  0.4744983813E+06
  0.1586111111E+00  0.4690408743E+06
  0.1588888889E+00  0.4635833674E+06
  0.1591666667E+00  0.4581258737E+06
  0.1594444444E+00  0.4526683677E+06
  0.1597222222E+00  0.4472108607E+06
  0.1600000000E+00  0.4417533537E+06
  0.1602777778E+00  0.4376351120E+06
  0.1605555556E+00  0.4335168669E+06
  0.1608333333E+00  0.4293986252E+06
  0.1611111111E+00  0.4252803901E+06
  0.1613888889E+00  0.4211621484E+06
  0.1616666667E+00  0.4170439025E+06
  0.1619444444E+00  0.4129256627E+06
  0.1622222222E+00  0.4088074198E+06
  0.1625000000E+00  0.4046891757E+06
  0.1627777778E+00  0.4005709361E+06
  0.1630555556E+00  0.3964526919E+06
  0.1633333333E+00  0.3923344523E+06
  0.1636111111E+00  0.3882162081E+06
  0.1638888889E+00  0.3840979685E+06
  0.1641666667E+00  0.3799797245E+06
  0.1644444444E+00  0.3758614804E+06
  0.1647222222E+00  0.3717432407E+06
  0.1650000000E+00  0.3676249966E+06
  0.1652777778E+00  0.3645767515E+06
  0.1655555556E+00  0.3615285109E+06
  0.1658333333E+00  0.3584802648E+06
  0.1661111111E+00  0.3554320198E+06
  0.1663888889E+00  0.3523837748E+06
  0.1666666667E+00  0.3493355308E+06
  0.1669444444E+00  0.3462872857E+06
  0.1672222222E+00  0.3432390396E+06
  0.1675000000E+00  0.3401907945E+06
  0.1677777778E+00  0.3371425539E+06
  0.1680555556E+00  0.3340943088E+06
  0.1683333333E+00  0.3310460628E+06
  0.1686111111E+00  0.3279978188E+06
  0.1688888889E+00  0.3249495737E+06
  0.1691666667E+00  0.3219013286E+06
  0.1694444444E+00  0.3188530825E+06
  0.1697222222E+00  0.3158048419E+06
  0.1700000000E+00  0.3127565968E+06
  0.1702777778E+00  0.3105428907E+06
  0.1705555556E+00  0.3083291899E+06
  0.1708333333E+00  0.3061154838E+06
  0.1711111111E+00  0.3039017809E+06
  0.1713888889E+00  0.3016880790E+06
  0.1716666667E+00  0.2994743740E+06
  0.1719444444E+00  0.2972606712E+06
  0.1722222222E+00  0.2950469694E+06
  0.1725000000E+00  0.2928332632E+06
  0.1727777778E+00  0.2906195615E+06
  0.1730555556E+00  0.2884058563E+06
  0.1733333333E+00  0.2861921534E+06
  0.1736111111E+00  0.2839784518E+06
  0.1738888889E+00  0.2817647465E+06
  0.1741666667E+00  0.2795510438E+06
  0.1744444444E+00  0.2773373409E+06
  0.1747222222E+00  0.2751236369E+06
  0.1750000000E+00  0.2729099340E+06
  0.1752777778E+00  0.2713294043E+06
  0.1755555556E+00  0.2697488769E+06
  0.1758333333E+00  0.2681683505E+06
  0.1761111111E+00  0.2665878219E+06
  0.1763888889E+00  0.2650072945E+06
  0.1766666667E+00  0.2634267681E+06
  0.1769444444E+00  0.2618462374E+06
  0.1772222222E+00  0.2602657111E+06
  0.1775000000E+00  0.2586851847E+06
  0.1777777778E+00  0.2571046573E+06
  0.1780555556E+00  0.2555241287E+06
  0.1783333333E+00  0.2539436013E+06
  0.1786111111E+00  0.2523630749E+06
  0.1788888889E+00  0.2507825452E+06
  0.1791666667E+00  0.2492020178E+06
  0.1794444444E+00  0.2476214915E+06
  0.1797222222E+00  0.2460409629E+06
  0.1800000000E+00  0.2444604355E+06
  0.1802777778E+00  0.2433453157E+06
  0.1805555556E+00  0.2422301991E+06
  0.1808333333E+00  0.2411150803E+06
  0.1811111111E+00  0.2399999649E+06
  0.1813888889E+00  0.2388848450E+06
  0.1816666667E+00  0.2377697286E+06
  0.1819444444E+00  0.2366546087E+06
  0.1822222222E+00  0.2355394922E+06
  0.1825000000E+00  0.2344243735E+06
  0.1827777778E+00  0.2333092569E+06
  0.1830555556E+00  0.2321941381E+06
  0.1833333333E+00  0.2310790182E+06
  0.1836111111E+00  0.2299639028E+06
  0.1838888889E+00  0.2288487830E+06
  0.1841666667E+00  0.2277336665E+06
  0.1844444444E+00  0.2266185467E+06
  0.1847222222E+00  0.2255034313E+06
  0.1850000000E+00  0.2243883124E+06
  0.1852777778E+00  0.2236027818E+06
  0.1855555556E+00  0.2228172523E+06
  0.1858333333E+00  0.2220317216E+06
  0.1861111111E+00  0.2212461876E+06
  0.1863888889E+00  0.2204606581E+06
  0.1866666667E+00  0.2196751275E+06
  0.1869444444E+00  0.2188895980E+06
  0.1872222222E+00  0.2181040640E+06
  0.1875000000E+00  0.2173185334E+06
  0.1877777778E+00  0.2165330049E+06
  0.1880555556E+00  0.2157474742E+06
  0.1883333333E+00  0.2149619413E+06
  0.1886111111E+00  0.2141764107E+06
  0.1888888889E+00  0.2133908801E+06
  0.1891666667E+00  0.2126053506E+06
  0.1894444444E+00  0.2118198199E+06
  0.1897222222E+00  0.2110342871E+06
  0.1900000000E+00  0.2102487565E+06
  0.1902777778E+00  0.2096861921E+06
  0.1905555556E+00  0.2091236245E+06
  0.1908333333E+00  0.2085610591E+06
  0.1911111111E+00  0.2079984914E+06
  0.1913888889E+00  0.2074359271E+06
  0.1916666667E+00  0.2068733584E+06
  0.1919444444E+00  0.2063107940E+06
  0.1922222222E+00  0.2057482297E+06
  0.1925000000E+00  0.2051856621E+06
  0.1927777778E+00  0.2046230977E+06
  0.1930555556E+00  0.2040605300E+06
  0.1933333333E+00  0.2034979657E+06
  0.1936111111E+00  0.2029353980E+06
  0.1938888889E+00  0.2023728326E+06
  0.1941666667E+00  0.2018102650E+06
  0.1944444444E+00  0.2012477007E+06
  0.1947222222E+00  0.2006851319E+06
  0.1950000000E+00  0.2001225676E+06
  0.1952777778E+00  0.1997022958E+06
  0.1955555556E+00  0.1992820206E+06
  0.1958333333E+00  0.1988617488E+06
  0.1961111111E+00  0.1984414747E+06
  0.1963888889E+00  0.1980212028E+06
  0.1966666667E+00  0.1976009276E+06
  0.1969444444E+00  0.1971806558E+06
  0.1972222222E+00  0.1967603840E+06
  0.1975000000E+00  0.1963401088E+06
  0.1977777778E+00  0.1959198370E+06
  0.1980555556E+00  0.1954995627E+06
  0.1983333333E+00  0.1950792909E+06
  0.1986111111E+00  0.1946590157E+06
  0.1988888889E+00  0.1942387439E+06
  0.1991666667E+00  0.1938184721E+06
  0.1994444444E+00  0.1933981969E+06
  0.1997222222E+00  0.1929779250E+06
  0.2000000000E+00  0.1925576510E+06
  0.2002777778E+00  0.1922211573E+06
  0.2005555556E+00  0.1918846636E+06
  0.2008333333E+00  0.1915481711E+06
  0.2011111111E+00  0.1912116764E+06
  0.2013888889E+00  0.1908751838E+06
  0.2016666667E+00  0.1905386902E+06
  0.2019444444E+00  0.1902021976E+06
  0.2022222222E+00  0.1898657039E+06
  0.2025000000E+00  0.1895292104E+06
  0.2027777778E+00  0.1891927167E+06
  0.2030555556E+00  0.1888562242E+06
  0.2033333333E+00  0.1885197305E+06
  0.2036111111E+00  0.1881832368E+06
  0.2038888889E+00  0.1878467433E+06
  0.2041666667E+00  0.1875102496E+06
  0.2044444444E+00  0.1871737571E+06
  0.2047222222E+00  0.1868372634E+06
  0.2050000000E+00  0.1865007708E+06
  0.2052777778E+00  0.1862081383E+06
  0.2055555556E+00  0.1859155102E+06
  0.2058333333E+00  0.1856228820E+06
  0.2061111111E+00  0.1853302494E+06
  0.2063888889E+00  0.1850376214E+06
  0.2066666667E+00  0.1847449888E+06
  0.2069444444E+00  0.1844523617E+06
  0.2072222222E+00  0.1841597292E+06
  0.2075000000E+00  0.1838671011E+06
  0.2077777778E+00  0.1835744695E+06
  0.2080555556E+00  0.1832818403E+06
  0.2083333333E+00  0.1829892089E+06
  0.2086111111E+00  0.1826965807E+06
  0.2088888889E+00  0.1824039493E+06
  0.2091666667E+00  0.1821113201E+06
  0.2094444444E+00  0.1818186885E+06
  0.2097222222E+00  0.1815260604E+06
  0.2100000000E+00  0.1812334312E+06
  0.2102777778E+00  0.1809595394E+06
  0.2105555556E+00  0.1806856466E+06
  0.2108333333E+00  0.1804117537E+06
  0.2111111111E+00  0.1801378643E+06
  0.2113888889E+00  0.1798639715E+06
  0.2116666667E+00  0.1795900786E+06
  0.2119444444E+00  0.1793161891E+06
  0.2122222222E+00  0.1790422973E+06
  0.2125000000E+00  0.1787684034E+06
  0.2127777778E+00  0.1784945116E+06
  0.2130555556E+00  0.1782206222E+06
  0.2133333333E+00  0.1779467283E+06
  0.2136111111E+00  0.1776728365E+06
  0.2138888889E+00  0.1773989470E+06
  0.2141666667E+00  0.1771250541E+06
  0.2144444444E+00  0.1768511613E+06
  0.2147222222E+00  0.1765772729E+06
  0.2150000000E+00  0.1763033789E+06
  0.2152777778E+00  0.1760342826E+06
  0.2155555556E+00  0.1757651907E+06
  0.2158333333E+00  0.1754960977E+06
  0.2161111111E+00  0.1752270048E+06
  0.2163888889E+00  0.1749579094E+06
  0.2166666667E+00  0.1746888164E+06
  0.2169444444E+00  0.1744197246E+06
  0.2172222222E+00  0.1741506282E+06
  0.2175000000E+00  0.1738815352E+06
  0.2177777778E+00  0.1736124422E+06
  0.2180555556E+00  0.1733433459E+06
  0.2183333333E+00  0.1730742529E+06
  0.2186111111E+00  0.1728051621E+06
  0.2188888889E+00  0.1725360657E+06
  0.2191666667E+00  0.1722669727E+06
  0.2194444444E+00  0.1719978797E+06
  0.2197222222E+00  0.1717287834E+06
  0.2200000000E+00  0.1714596915E+06
  0.2202777778E+00  0.1711897598E+06
  0.2205555556E+00  0.1709198282E+06
  0.2208333333E+00  0.1706498965E+06
  0.2211111111E+00  0.1703799648E+06
  0.2213888889E+00  0.1701100331E+06
  0.2216666667E+00  0.1698401014E+06
  0.2219444444E+00  0.1695701697E+06
  0.2222222222E+00  0.1693002380E+06
  0.2225000000E+00  0.1690303053E+06
  0.2227777778E+00  0.1687603736E+06
  0.2230555556E+00  0.1684904419E+06
  0.2233333333E+00  0.1682205102E+06
  0.2236111111E+00  0.1679505785E+06
  0.2238888889E+00  0.1676806468E+06
  0.2241666667E+00  0.1674107151E+06
  0.2244444444E+00  0.1671407835E+06
  0.2247222222E+00  0.1668708484E+06
  0.2250000000E+00  0.1666009167E+06
  0.2252777778E+00  0.1663297914E+06
  0.2255555556E+00  0.1660586638E+06
  0.2258333333E+00  0.1657875351E+06
  0.2261111111E+00  0.1655164075E+06
  0.2263888889E+00  0.1652452832E+06
  0.2266666667E+00  0.1649741545E+06
  0.2269444444E+00  0.1647030280E+06
  0.2272222222E+00  0.1644318993E+06
  0.2275000000E+00  0.1641607717E+06
  0.2277777778E+00  0.1638896474E+06
  0.2280555556E+00  0.1636185187E+06
  0.2283333333E+00  0.1633473911E+06
  0.2286111111E+00  0.1630762624E+06
  0.2288888889E+00  0.1628051381E+06
  0.2291666667E+00  0.1625340106E+06
  0.2294444444E+00  0.1622628829E+06
  0.2297222222E+00  0.1619917553E+06
  0.2300000000E+00  0.1617206300E+06
  0.2302777778E+00  0.1614513047E+06
  0.2305555556E+00  0.1611819796E+06
  0.2308333333E+00  0.1609126576E+06
  0.2311111111E+00  0.1606433335E+06
  0.2313888889E+00  0.1603740106E+06
  0.2316666667E+00  0.1601046853E+06
  0.2319444444E+00  0.1598353635E+06
  0.2322222222E+00  0.1595660382E+06
  0.2325000000E+00  0.1592967174E+06
  0.2327777778E+00  0.1590273911E+06
  0.2330555556E+00  0.1587580670E+06
  0.2333333333E+00  0.1584887440E+06
  0.2336111111E+00  0.1582194199E+06
  0.2338888889E+00  0.1579500980E+06
  0.2341666667E+00  0.1576807717E+06
  0.2344444444E+00  0.1574114509E+06
  0.2347222222E+00  0.1571421246E+06
  0.2350000000E+00  0.1568728038E+06
  0.2352777778E+00  0.1566095972E+06
  0.2355555556E+00  0.1563463939E+06
  0.2358333333E+00  0.1560831905E+06
  0.2361111111E+00  0.1558199873E+06
  0.2363888889E+00  0.1555567840E+06
  0.2366666667E+00  0.1552935774E+06
  0.2369444444E+00  0.1550303741E+06
  0.2372222222E+00  0.1547671718E+06
  0.2375000000E+00  0.1545039685E+06
  0.2377777778E+00  0.1542407619E+06
  0.2380555556E+00  0.1539775587E+06
  0.2383333333E+00  0.1537143554E+06
  0.2386111111E+00  0.1534511521E+06
  0.2388888889E+00  0.1531879454E+06
  0.2391666667E+00  0.1529247421E+06
  0.2394444444E+00  0.1526615388E+06
  0.2397222222E+00  0.1523983356E+06
  0.2400000000E+00  0.1521351323E+06
  0.2402777778E+00  0.1518824800E+06
  0.2405555556E+00  0.1516298222E+06
  0.2408333333E+00  0.1513771699E+06
  0.2411111111E+00  0.1511245166E+06
  0.2413888889E+00  0.1508718621E+06
  0.2416666667E+00  0.1506192098E+06
  0.2419444444E+00  0.1503665565E+06
  0.2422222222E+00  0.1501139042E+06
  0.2425000000E+00  0.1498612497E+06
  0.2427777778E+00  0.1496085974E+06
  0.2430555556E+00  0.1493559441E+06
  0.2433333333E+00  0.1491032896E+06
  0.2436111111E+00  0.1488506373E+06
  0.2438888889E+00  0.1485979840E+06
  0.2441666667E+00  0.1483453306E+06
  0.2444444444E+00  0.1480926772E+06
  0.2447222222E+00  0.1478400206E+06
  0.2450000000E+00  0.1475873671E+06
  0.2452777778E+00  0.1473489190E+06
  0.2455555556E+00  0.1471104718E+06
  0.2458333333E+00  0.1468720202E+06
  0.2461111111E+00  0.1466335719E+06
  0.2463888889E+00  0.1463951238E+06
  0.2466666667E+00  0.1461566732E+06
  0.2469444444E+00  0.1459182250E+06
  0.2472222222E+00  0.1456797757E+06
  0.2475000000E+00  0.1454413252E+06
  0.2477777778E+00  0.1452028770E+06
  0.2480555556E+00  0.1449644298E+06
  0.2483333333E+00  0.1447259772E+06
  0.2486111111E+00  0.1444875300E+06
  0.2488888889E+00  0.1442490818E+06
  0.2491666667E+00  0.1440106313E+06
  0.2494444444E+00  0.1437721820E+06
  0.2497222222E+00  0.1435337338E+06
  0.2500000000E+00  0.1432952833E+06
  0.2502777778E+00  0.1430733061E+06
  0.2505555556E+00  0.1428513266E+06
  0.2508333333E+00  0.1426293461E+06
  0.2511111111E+00  0.1424073667E+06
  0.2513888889E+00  0.1421853872E+06
  0.2516666667E+00  0.1419634067E+06
  0.2519444444E+00  0.1417414272E+06
  0.2522222222E+00  0.1415194466E+06
  0.2525000000E+00  0.1412974661E+06
  0.2527777778E+00  0.1410754911E+06
  0.2530555556E+00  0.1408535106E+06
  0.2533333333E+00  0.1406315300E+06
  0.2536111111E+00  0.1404095505E+06
  0.2538888889E+00  0.1401875700E+06
  0.2541666667E+00  0.1399655916E+06
  0.2544444444E+00  0.1397436111E+06
  0.2547222222E+00  0.1395216306E+06
  0.2550000000E+00  0.1392996511E+06
  0.2552777778E+00  0.1390949747E+06
  0.2555555556E+00  0.1388902959E+06
  0.2558333333E+00  0.1386856205E+06
  0.2561111111E+00  0.1384809441E+06
  0.2563888889E+00  0.1382762654E+06
  0.2566666667E+00  0.1380715900E+06
  0.2569444444E+00  0.1378669102E+06
  0.2572222222E+00  0.1376622348E+06
  0.2575000000E+00  0.1374575561E+06
  0.2577777778E+00  0.1372528797E+06
  0.2580555556E+00  0.1370482043E+06
  0.2583333333E+00  0.1368435255E+06
  0.2586111111E+00  0.1366388492E+06
  0.2588888889E+00  0.1364341704E+06
  0.2591666667E+00  0.1362294940E+06
  0.2594444444E+00  0.1360248153E+06
  0.2597222222E+00  0.1358201399E+06
  0.2600000000E+00  0.1356154635E+06
  0.2602777778E+00  0.1354272860E+06
  0.2605555556E+00  0.1352391109E+06
  0.2608333333E+00  0.1350509358E+06
  0.2611111111E+00  0.1348627617E+06
  0.2613888889E+00  0.1346745866E+06
  0.2616666667E+00  0.1344864104E+06
  0.2619444444E+00  0.1342982363E+06
  0.2622222222E+00  0.1341100612E+06
  0.2625000000E+00  0.1339218828E+06
  0.2627777778E+00  0.1337337100E+06
  0.2630555556E+00  0.1335455342E+06
  0.2633333333E+00  0.1333573588E+06
  0.2636111111E+00  0.1331691844E+06
  0.2638888889E+00  0.1329810089E+06
  0.2641666667E+00  0.1327928332E+06
  0.2644444444E+00  0.1326046587E+06
  0.2647222222E+00  0.1324164833E+06
  0.2650000000E+00  0.1322283079E+06
  0.2652777778E+00  0.1320545513E+06
  0.2655555556E+00  0.1318807949E+06
  0.2658333333E+00  0.1317070370E+06
  0.2661111111E+00  0.1315332806E+06
  0.2663888889E+00  0.1313595241E+06
  0.2666666667E+00  0.1311857665E+06
  0.2669444444E+00  0.1310120101E+06
  0.2672222222E+00  0.1308382526E+06
  0.2675000000E+00  0.1306644961E+06
  0.2677777778E+00  0.1304907396E+06
  0.2680555556E+00  0.1303169821E+06
  0.2683333333E+00  0.1301432246E+06
  0.2686111111E+00  0.1299694688E+06
  0.2688888889E+00  0.1297957113E+06
  0.2691666667E+00  0.1296219537E+06
  0.2694444444E+00  0.1294481973E+06
  0.2697222222E+00  0.1292744408E+06
  0.2700000000E+00  0.1291006833E+06
  0.2702777778E+00  0.1289382736E+06
  0.2705555556E+00  0.1287758654E+06
  0.2708333333E+00  0.1286134557E+06
  0.2711111111E+00  0.1284510460E+06
  0.2713888889E+00  0.1282886363E+06
  0.2716666667E+00  0.1281262270E+06
  0.2719444444E+00  0.1279638173E+06
  0.2722222222E+00  0.1278014077E+06
  0.2725000000E+00  0.1276389980E+06
  0.2727777778E+00  0.1274765887E+06
  0.2730555556E+00  0.1273141790E+06
  0.2733333333E+00  0.1271517693E+06
  0.2736111111E+00  0.1269893600E+06
  0.2738888889E+00  0.1268269503E+06
  0.2741666667E+00  0.1266645406E+06
  0.2744444444E+00  0.1265021310E+06
  0.2747222222E+00  0.1263397216E+06
  0.2750000000E+00  0.1261773119E+06
  0.2752777778E+00  0.1260224759E+06
  0.2755555556E+00  0.1258676419E+06
  0.2758333333E+00  0.1257128061E+06
  0.2761111111E+00  0.1255579711E+06
  0.2763888889E+00  0.1254031361E+06
  0.2766666667E+00  0.1252483013E+06
  0.2769444444E+00  0.1250934662E+06
  0.2772222222E+00  0.1249386313E+06
  0.2775000000E+00  0.1247837962E+06
  0.2777777778E+00  0.1246289604E+06
  0.2780555556E+00  0.1244741265E+06
  0.2783333333E+00  0.1243192904E+06
  0.2786111111E+00  0.1241644556E+06
  0.2788888889E+00  0.1240096213E+06
  0.2791666667E+00  0.1238547856E+06
  0.2794444444E+00  0.1236999509E+06
  0.2797222222E+00  0.1235451152E+06
  0.2800000000E+00  0.1233902809E+06
  0.2802777778E+00  0.1232390094E+06
  0.2805555556E+00  0.1230877378E+06
  0.2808333333E+00  0.1229364666E+06
  0.2811111111E+00  0.1227851961E+06
  0.2813888889E+00  0.1226339249E+06
  0.2816666667E+00  0.1224826534E+06
  0.2819444444E+00  0.1223313819E+06
  0.2822222222E+00  0.1221801107E+06
  0.2825000000E+00  0.1220288402E+06
  0.2827777778E+00  0.1218775687E+06
  0.2830555556E+00  0.1217262975E+06
  0.2833333333E+00  0.1215750260E+06
  0.2836111111E+00  0.1214237545E+06
  0.2838888889E+00  0.1212724843E+06
  0.2841666667E+00  0.1211212128E+06
  0.2844444444E+00  0.1209699417E+06
  0.2847222222E+00  0.1208186701E+06
  0.2850000000E+00  0.1206673996E+06
  0.2852777778E+00  0.1205158437E+06
  0.2855555556E+00  0.1203642885E+06
  0.2858333333E+00  0.1202127335E+06
  0.2861111111E+00  0.1200611783E+06
  0.2863888889E+00  0.1199096230E+06
  0.2866666667E+00  0.1197580682E+06
  0.2869444444E+00  0.1196065129E+06
  0.2872222222E+00  0.1194549580E+06
  0.2875000000E+00  0.1193034027E+06
  0.2877777778E+00  0.1191518478E+06
  0.2880555556E+00  0.1190002925E+06
  0.2883333333E+00  0.1188487367E+06
  0.2886111111E+00  0.1186971814E+06
  0.2888888889E+00  0.1185456265E+06
  0.2891666667E+00  0.1183940712E+06
  0.2894444444E+00  0.1182425160E+06
  0.2897222222E+00  0.1180909612E+06
  0.2900000000E+00  0.1179394059E+06
  0.2902777778E+00  0.1177840582E+06
  0.2905555556E+00  0.1176287105E+06
  0.2908333333E+00  0.1174733639E+06
  0.2911111111E+00  0.1173180163E+06
  0.2913888889E+00  0.1171626685E+06
  0.2916666667E+00  0.1170073209E+06
  0.2919444444E+00  0.1168519746E+06
  0.2922222222E+00  0.1166966269E+06
  0.2925000000E+00  0.1165412792E+06
  0.2927777778E+00  0.1163859316E+06
  0.2930555556E+00  0.1162305849E+06
  0.2933333333E+00  0.1160752372E+06
  0.2936111111E+00  0.1159198896E+06
  0.2938888889E+00  0.1157645419E+06
  0.2941666667E+00  0.1156091952E+06
  0.2944444444E+00  0.1154538476E+06
  0.2947222222E+00  0.1152984999E+06
  0.2950000000E+00  0.1151431522E+06
  0.2952777778E+00  0.1149813561E+06
  0.2955555556E+00  0.1148195597E+06
  0.2958333333E+00  0.1146577626E+06
  0.2961111111E+00  0.1144959661E+06
  0.2963888889E+00  0.1143341690E+06
  0.2966666667E+00  0.1141723729E+06
  0.2969444444E+00  0.1140105755E+06
  0.2972222222E+00  0.1138487793E+06
  0.2975000000E+00  0.1136869818E+06
  0.2977777778E+00  0.1135251857E+06
  0.2980555556E+00  0.1133633886E+06
  0.2983333333E+00  0.1132015922E+06
  0.2986111111E+00  0.1130397961E+06
  0.2988888889E+00  0.1128779990E+06
  0.2991666667E+00  0.1127162025E+06
  0.2994444444E+00  0.1125544054E+06
  0.2997222222E+00  0.1123926090E+06
  0.3000000000E+00  0.1122308119E+06
  0.3002777778E+00  0.1120606937E+06
  0.3005555556E+00  0.1118905744E+06
  0.3008333333E+00  0.1117204553E+06
  0.3011111111E+00  0.1115503361E+06
  0.3013888889E+00  0.1113802178E+06
  0.3016666667E+00  0.1112100983E+06
  0.3019444444E+00  0.1110399791E+06
  0.3022222222E+00  0.1108698598E+06
  0.3025000000E+00  0.1106997416E+06
  0.3027777778E+00  0.1105296225E+06
  0.3030555556E+00  0.1103595032E+06
  0.3033333333E+00  0.1101893840E+06
  0.3036111111E+00  0.1100192658E+06
  0.3038888889E+00  0.1098491467E+06
  0.3041666667E+00  0.1096790270E+06
  0.3044444444E+00  0.1095089079E+06
  0.3047222222E+00  0.1093387897E+06
  0.3050000000E+00  0.1091686704E+06
  0.3052777778E+00  0.1089893763E+06
  0.3055555556E+00  0.1088100822E+06
  0.3058333333E+00  0.1086307891E+06
  0.3061111111E+00  0.1084514949E+06
  0.3063888889E+00  0.1082722004E+06
  0.3066666667E+00  0.1080929063E+06
  0.3069444444E+00  0.1079136132E+06
  0.3072222222E+00  0.1077343191E+06
  0.3075000000E+00  0.1075550249E+06
  0.3077777778E+00  0.1073757308E+06
  0.3080555556E+00  0.1071964377E+06
  0.3083333333E+00  0.1070171432E+06
  0.3086111111E+00  0.1068378491E+06
  0.3088888889E+00  0.1066585549E+06
  0.3091666667E+00  0.1064792618E+06
  0.3094444444E+00  0.1062999677E+06
  0.3097222222E+00  0.1061206736E+06
  0.3100000000E+00  0.1059413795E+06
  0.3102777778E+00  0.1057531012E+06
  0.3105555556E+00  0.1055648241E+06
  0.3108333333E+00  0.1053765458E+06
  0.3111111111E+00  0.1051882680E+06
  0.3113888889E+00  0.1049999899E+06
  0.3116666667E+00  0.1048117116E+06
  0.3119444444E+00  0.1046234345E+06
  0.3122222222E+00  0.1044351567E+06
  0.3125000000E+00  0.1042468784E+06
  0.3127777778E+00  0.1040586003E+06
  0.3130555556E+00  0.1038703221E+06
  0.3133333333E+00  0.1036820449E+06
  0.3136111111E+00  0.1034937671E+06
  0.3138888889E+00  0.1033054889E+06
  0.3141666667E+00  0.1031172107E+06
  0.3144444444E+00  0.1029289326E+06
  0.3147222222E+00  0.1027406547E+06
  0.3150000000E+00  0.1025523775E+06
  0.3152777778E+00  0.1023563491E+06
  0.3155555556E+00  0.1021603211E+06
  0.3158333333E+00  0.1019642930E+06
  0.3161111111E+00  0.1017682657E+06
  0.3163888889E+00  0.1015722377E+06
  0.3166666667E+00  0.1013762093E+06
  0.3169444444E+00  0.1011801812E+06
  0.3172222222E+00  0.1009841528E+06
  0.3175000000E+00  0.1007881257E+06
  0.3177777778E+00  0.1005920973E+06
  0.3180555556E+00  0.1003960694E+06
  0.3183333333E+00  0.1002000413E+06
  0.3186111111E+00  0.1000040139E+06
  0.3188888889E+00  0.9980798587E+05
  0.3191666667E+00  0.9961195748E+05
  0.3194444444E+00  0.9941592942E+05
  0.3197222222E+00  0.9921990202E+05
  0.3200000000E+00  0.9902387407E+05
  0.3202777778E+00  0.9882213576E+05
  0.3205555556E+00  0.9862039657E+05
  0.3208333333E+00  0.9841865826E+05
  0.3211111111E+00  0.9821691996E+05
  0.3213888889E+00  0.9801518177E+05
  0.3216666667E+00  0.9781344346E+05
  0.3219444444E+00  0.9761170427E+05
  0.3222222222E+00  0.9740996596E+05
  0.3225000000E+00  0.9720822776E+05
  0.3227777778E+00  0.9700648979E+05
  0.3230555556E+00  0.9680475160E+05
  0.3233333333E+00  0.9660301329E+05
  0.3236111111E+00  0.9640127410E+05
  0.3238888889E+00  0.9619953579E+05
  0.3241666667E+00  0.9599779760E+05
  0.3244444444E+00  0.9579605930E+05
  0.3247222222E+00  0.9559432111E+05
  0.3250000000E+00  0.9539258179E+05
  0.3252777778E+00  0.9518807207E+05
  0.3255555556E+00  0.9498356134E+05
  0.3258333333E+00  0.9477905050E+05
  0.3261111111E+00  0.9457453977E+05
  0.3263888889E+00  0.9437003005E+05
  0.3266666667E+00  0.9416551965E+05
  0.3269444444E+00  0.9396100880E+05
  0.3272222222E+00  0.9375649908E+05
  0.3275000000E+00  0.9355198835E+05
  0.3277777778E+00  0.9334747763E+05
  0.3280555556E+00  0.9314296678E+05
  0.3283333333E+00  0.9293845705E+05
  0.3286111111E+00  0.9273394633E+05
  0.3288888889E+00  0.9252943560E+05
  0.3291666667E+00  0.9232492476E+05
  0.3294444444E+00  0.9212041503E+05
  0.3297222222E+00  0.9191590430E+05
  0.3300000000E+00  0.9171139358E+05
  0.3302777778E+00  0.9150749282E+05
  0.3305555556E+00  0.9130359172E+05
  0.3308333333E+00  0.9109969063E+05
  0.3311111111E+00  0.9089578987E+05
  0.3313888889E+00  0.9069188889E+05
  0.3316666667E+00  0.9048798779E+05
  0.3319444444E+00  0.9028408670E+05
  0.3322222222E+00  0.9008018595E+05
  0.3325000000E+00  0.8987628486E+05
  0.3327777778E+00  0.8967238387E+05
  0.3330555556E+00  0.8946848311E+05
  0.3333333333E+00  0.8926458202E+05
  0.3336111111E+00  0.8906068093E+05
  0.3338888889E+00  0.8885678017E+05
  0.3341666667E+00  0.8865287919E+05
  0.3344444444E+00  0.8844897809E+05
  0.3347222222E+00  0.8824507700E+05
  0.3350000000E+00  0.8804117724E+05
  0.3352777778E+00  0.8784172277E+05
  0.3355555556E+00  0.8764226918E+05
  0.3358333333E+00  0.8744281503E+05
  0.3361111111E+00  0.8724336156E+05
  0.3363888889E+00  0.8704390696E+05
  0.3366666667E+00  0.8684445349E+05
  0.3369444444E+00  0.8664499935E+05
  0.3372222222E+00  0.8644554575E+05
  0.3375000000E+00  0.8624609128E+05
  0.3377777778E+00  0.8604663814E+05
  0.3380555556E+00  0.8584718455E+05
  0.3383333333E+00  0.8564773007E+05
  0.3386111111E+00  0.8544827692E+05
  0.3388888889E+00  0.8524882233E+05
  0.3391666667E+00  0.8504936886E+05
  0.3394444444E+00  0.8484991438E+05
  0.3397222222E+00  0.8465046112E+05
  0.3400000000E+00  0.8445100665E+05
  0.3402777778E+00  0.8425998023E+05
  0.3405555556E+00  0.8406895348E+05
  0.3408333333E+00  0.8387792706E+05
  0.3411111111E+00  0.8368690064E+05
  0.3413888889E+00  0.8349587389E+05
  0.3416666667E+00  0.8330484647E+05
  0.3419444444E+00  0.8311381972E+05
  0.3422222222E+00  0.8292279330E+05
  0.3425000000E+00  0.8273176688E+05
  0.3427777778E+00  0.8254074024E+05
  0.3430555556E+00  0.8234971382E+05
  0.3433333333E+00  0.8215868640E+05
  0.3436111111E+00  0.8196765965E+05
  0.3438888889E+00  0.8177663323E+05
  0.3441666667E+00  0.8158560648E+05
  0.3444444444E+00  0.8139458006E+05
  0.3447222222E+00  0.8120355364E+05
  0.3450000000E+00  0.8101252589E+05
  0.3452777778E+00  0.8083383222E+05
  0.3455555556E+00  0.8065513744E+05
  0.3458333333E+00  0.8047644344E+05
  0.3461111111E+00  0.8029774865E+05
  0.3463888889E+00  0.8011905498E+05
  0.3466666667E+00  0.7994036097E+05
  0.3469444444E+00  0.7976166618E+05
  0.3472222222E+00  0.7958297252E+05
  0.3475000000E+00  0.7940427739E+05
  0.3477777778E+00  0.7922558373E+05
  0.3480555556E+00  0.7904688872E+05
  0.3483333333E+00  0.7886819494E+05
  0.3486111111E+00  0.7868950026E+05
  0.3488888889E+00  0.7851080614E+05
  0.3491666667E+00  0.7833211147E+05
  0.3494444444E+00  0.7815341780E+05
  0.3497222222E+00  0.7797472269E+05
  0.3500000000E+00  0.7779602901E+05
  0.3502777778E+00  0.7763332355E+05
  0.3505555556E+00  0.7747061941E+05
  0.3508333333E+00  0.7730791395E+05
  0.3511111111E+00  0.7714520948E+05
  0.3513888889E+00  0.7698250524E+05
  0.3516666667E+00  0.7681979977E+05
  0.3519444444E+00  0.7665709564E+05
  0.3522222222E+00  0.7649439018E+05
  0.3525000000E+00  0.7633168571E+05
  0.3527777778E+00  0.7616898158E+05
  0.3530555556E+00  0.7600627611E+05
  0.3533333333E+00  0.7584357198E+05
  0.3536111111E+00  0.7568086651E+05
  0.3538888889E+00  0.7551816205E+05
  0.3541666667E+00  0.7535545692E+05
  0.3544444444E+00  0.7519275246E+05
  0.3547222222E+00  0.7503004832E+05
  0.3550000000E+00  0.7486734286E+05
  0.3552777778E+00  0.7472383622E+05
  0.3555555556E+00  0.7458033048E+05
  0.3558333333E+00  0.7443682350E+05
  0.3561111111E+00  0.7429331687E+05
  0.3563888889E+00  0.7414981023E+05
  0.3566666667E+00  0.7400630359E+05
  0.3569444444E+00  0.7386279796E+05
  0.3572222222E+00  0.7371929132E+05
  0.3575000000E+00  0.7357578469E+05
  0.3577777778E+00  0.7343227771E+05
  0.3580555556E+00  0.7328877097E+05
  0.3583333333E+00  0.7314526533E+05
  0.3586111111E+00  0.7300175869E+05
  0.3588888889E+00  0.7285825206E+05
  0.3591666667E+00  0.7271474542E+05
  0.3594444444E+00  0.7257123878E+05
  0.3597222222E+00  0.7242773281E+05
  0.3600000000E+00  0.7228422618E+05
  0.3602777778E+00  0.7216250809E+05
  0.3605555556E+00  0.7204079011E+05
  0.3608333333E+00  0.7191907201E+05
  0.3611111111E+00  0.7179735403E+05
  0.3613888889E+00  0.7167563604E+05
  0.3616666667E+00  0.7155391784E+05
  0.3619444444E+00  0.7143219996E+05
  0.3622222222E+00  0.7131048198E+05
  0.3625000000E+00  0.7118876377E+05
  0.3627777778E+00  0.7106704589E+05
  0.3630555556E+00  0.7094532791E+05
  0.3633333333E+00  0.7082361005E+05
  0.3636111111E+00  0.7070189182E+05
  0.3638888889E+00  0.7058017384E+05
  0.3641666667E+00  0.7045845586E+05
  0.3644444444E+00  0.7033673776E+05
  0.3647222222E+00  0.7021501977E+05
  0.3650000000E+00  0.7009330179E+05
  0.3652777778E+00  0.6999524941E+05
  0.3655555556E+00  0.6989719703E+05
  0.3658333333E+00  0.6979914465E+05
  0.3661111111E+00  0.6970109236E+05
  0.3663888889E+00  0.6960303998E+05
  0.3666666667E+00  0.6950498759E+05
  0.3669444444E+00  0.6940693521E+05
  0.3672222222E+00  0.6930888283E+05
  0.3675000000E+00  0.6921083033E+05
  0.3677777778E+00  0.6911277794E+05
  0.3680555556E+00  0.6901472555E+05
  0.3683333333E+00  0.6891667317E+05
  0.3686111111E+00  0.6881862089E+05
  0.3688888889E+00  0.6872056850E+05
  0.3691666667E+00  0.6862251612E+05
  0.3694444444E+00  0.6852446374E+05
  0.3697222222E+00  0.6842641135E+05
  0.3700000000E+00  0.6832835897E+05
  0.3702777778E+00  0.6825501791E+05
  0.3705555556E+00  0.6818167651E+05
  0.3708333333E+00  0.6810833535E+05
  0.3711111111E+00  0.6803499429E+05
  0.3713888889E+00  0.6796165289E+05
  0.3716666667E+00  0.6788831173E+05
  0.3719444444E+00  0.6781497067E+05
  0.3722222222E+00  0.6774162927E+05
  0.3725000000E+00  0.6766828821E+05
  0.3727777778E+00  0.6759494705E+05
  0.3730555556E+00  0.6752160566E+05
  0.3733333333E+00  0.6744826460E+05
  0.3736111111E+00  0.6737492331E+05
  0.3738888889E+00  0.6730158215E+05
  0.3741666667E+00  0.6722824109E+05
  0.3744444444E+00  0.6715489969E+05
  0.3747222222E+00  0.6708155863E+05
  0.3750000000E+00  0.6700821746E+05
  0.3752777778E+00  0.6695982379E+05
  0.3755555556E+00  0.6691143001E+05
  0.3758333333E+00  0.6686303634E+05
  0.3761111111E+00  0.6681464267E+05
  0.3763888889E+00  0.6676624934E+05
  0.3766666667E+00  0.6671785546E+05
  0.3769444444E+00  0.6666946179E+05
  0.3772222222E+00  0.6662106812E+05
  0.3775000000E+00  0.6657267434E+05
  0.3777777778E+00  0.6652428067E+05
  0.3780555556E+00  0.6647588724E+05
  0.3783333333E+00  0.6642749356E+05
  0.3786111111E+00  0.6637909978E+05
  0.3788888889E+00  0.6633070611E+05
  0.3791666667E+00  0.6628231244E+05
  0.3794444444E+00  0.6623391877E+05
  0.3797222222E+00  0.6618552522E+05
  0.3800000000E+00  0.6613713155E+05
  0.3802777778E+00  0.6611299837E+05
  0.3805555556E+00  0.6608886506E+05
  0.3808333333E+00  0.6606473188E+05
  0.3811111111E+00  0.6604059868E+05
  0.3813888889E+00  0.6601646562E+05
  0.3816666667E+00  0.6599233243E+05
  0.3819444444E+00  0.6596819913E+05
  0.3822222222E+00  0.6594406595E+05
  0.3825000000E+00  0.6591993275E+05
  0.3827777778E+00  0.6589579945E+05
  0.3830555556E+00  0.6587166626E+05
  0.3833333333E+00  0.6584753331E+05
  0.3836111111E+00  0.6582340000E+05
  0.3838888889E+00  0.6579926682E+05
  0.3841666667E+00  0.6577513351E+05
  0.3844444444E+00  0.6575100033E+05
  0.3847222222E+00  0.6572686714E+05
  0.3850000000E+00  0.6570273383E+05
  0.3852777778E+00  0.6570147341E+05
  0.3855555556E+00  0.6570021265E+05
  0.3858333333E+00  0.6569895211E+05
  0.3861111111E+00  0.6569769146E+05
  0.3863888889E+00  0.6569643102E+05
  0.3866666667E+00  0.6569517027E+05
  0.3869444444E+00  0.6569390973E+05
  0.3872222222E+00  0.6569264907E+05
  0.3875000000E+00  0.6569138865E+05
  0.3877777778E+00  0.6569012788E+05
  0.3880555556E+00  0.6568886735E+05
  0.3883333333E+00  0.6568760669E+05
  0.3886111111E+00  0.6568634626E+05
  0.3888888889E+00  0.6568508539E+05
  0.3891666667E+00  0.6568382496E+05
  0.3894444444E+00  0.6568256420E+05
  0.3897222222E+00  0.6568130388E+05
  0.3900000000E+00  0.6568004300E+05
  0.3902777778E+00  0.6569942195E+05
  0.3905555556E+00  0.6571880077E+05
  0.3908333333E+00  0.6573817938E+05
  0.3911111111E+00  0.6575755821E+05
  0.3913888889E+00  0.6577693704E+05
  0.3916666667E+00  0.6579631565E+05
  0.3919444444E+00  0.6581569447E+05
  0.3922222222E+00  0.6583507341E+05
  0.3925000000E+00  0.6585445191E+05
  0.3927777778E+00  0.6587383085E+05
  0.3930555556E+00  0.6589320968E+05
  0.3933333333E+00  0.6591258817E+05
  0.3936111111E+00  0.6593196711E+05
  0.3938888889E+00  0.6595134595E+05
  0.3941666667E+00  0.6597072488E+05
  0.3944444444E+00  0.6599010338E+05
  0.3947222222E+00  0.6600948232E+05
  0.3950000000E+00  0.6602886114E+05
  0.3952777778E+00  0.6606612188E+05
  0.3955555556E+00  0.6610338295E+05
  0.3958333333E+00  0.6614064357E+05
  0.3961111111E+00  0.6617790431E+05
  0.3963888889E+00  0.6621516537E+05
  0.3966666667E+00  0.6625242611E+05
  0.3969444444E+00  0.6628968718E+05
  0.3972222222E+00  0.6632694780E+05
  0.3975000000E+00  0.6636420886E+05
  0.3977777778E+00  0.6640146959E+05
  0.3980555556E+00  0.6643873033E+05
  0.3983333333E+00  0.6647599150E+05
  0.3986111111E+00  0.6651325213E+05
  0.3988888889E+00  0.6655051319E+05
  0.3991666667E+00  0.6658777392E+05
  0.3994444444E+00  0.6662503499E+05
  0.3997222222E+00  0.6666229573E+05
  0.4000000000E+00  0.6669955669E+05
  0.4002777778E+00  0.6675140628E+05
  0.4005555556E+00  0.6680325575E+05
  0.4008333333E+00  0.6685510559E+05
  0.4011111111E+00  0.6690695507E+05
  0.4013888889E+00  0.6695880500E+05
  0.4016666667E+00  0.6701065448E+05
  0.4019444444E+00  0.6706250385E+05
  0.4022222222E+00  0.6711435379E+05
  0.4025000000E+00  0.6716620327E+05
  0.4027777778E+00  0.6721805320E+05
  0.4030555556E+00  0.6726990268E+05
  0.4033333333E+00  0.6732175216E+05
  0.4036111111E+00  0.6737360199E+05
  0.4038888889E+00  0.6742545146E+05
  0.4041666667E+00  0.6747730140E+05
  0.4044444444E+00  0.6752915078E+05
  0.4047222222E+00  0.6758100036E+05
  0.4050000000E+00  0.6763285019E+05
  0.4052777778E+00  0.6769570171E+05
  0.4055555556E+00  0.6775855333E+05
  0.4058333333E+00  0.6782140507E+05
  0.4061111111E+00  0.6788425669E+05
  0.4063888889E+00  0.6794710855E+05
  0.4066666667E+00  0.6800996006E+05
  0.4069444444E+00  0.6807281158E+05
  0.4072222222E+00  0.6813566343E+05
  0.4075000000E+00  0.6819851504E+05
  0.4077777778E+00  0.6826136645E+05
  0.4080555556E+00  0.6832421840E+05
  0.4083333333E+00  0.6838706992E+05
  0.4086111111E+00  0.6844992154E+05
  0.4088888889E+00  0.6851277329E+05
  0.4091666667E+00  0.6857562481E+05
  0.4094444444E+00  0.6863847676E+05
  0.4097222222E+00  0.6870132828E+05
  0.4100000000E+00  0.6876417979E+05
  0.4102777778E+00  0.6883428810E+05
  0.4105555556E+00  0.6890439641E+05
  0.4108333333E+00  0.6897450504E+05
  0.4111111111E+00  0.6904461335E+05
  0.4113888889E+00  0.6911472166E+05
  0.4116666667E+00  0.6918482987E+05
  0.4119444444E+00  0.6925493817E+05
  0.4122222222E+00  0.6932504648E+05
  0.4125000000E+00  0.6939515479E+05
  0.4127777778E+00  0.6946526310E+05
  0.4130555556E+00  0.6953537139E+05
  0.4133333333E+00  0.6960548004E+05
  0.4136111111E+00  0.6967558823E+05
  0.4138888889E+00  0.6974569654E+05
  0.4141666667E+00  0.6981580484E+05
  0.4144444444E+00  0.6988591315E+05
  0.4147222222E+00  0.6995602146E+05
  0.4150000000E+00  0.7002612977E+05
  0.4152777778E+00  0.7009974934E+05
  0.4155555556E+00  0.7017336947E+05
  0.4158333333E+00  0.7024698905E+05
  0.4161111111E+00  0.7032060873E+05
  0.4163888889E+00  0.7039422831E+05
  0.4166666667E+00  0.7046784843E+05
  0.4169444444E+00  0.7054146802E+05
  0.4172222222E+00  0.7061508760E+05
  0.4175000000E+00  0.7068870728E+05
  0.4177777778E+00  0.7076232697E+05
  0.4180555556E+00  0.7083594699E+05
  0.4183333333E+00  0.7090956656E+05
  0.4186111111E+00  0.7098318624E+05
  0.4188888889E+00  0.7105680594E+05
  0.4191666667E+00  0.7113042585E+05
  0.4194444444E+00  0.7120404553E+05
  0.4197222222E+00  0.7127766511E+05
  0.4200000000E+00  0.7135128490E+05
  0.4202777778E+00  0.7142486102E+05
  0.4205555556E+00  0.7149843723E+05
  0.4208333333E+00  0.7157201334E+05
  0.4211111111E+00  0.7164558956E+05
  0.4213888889E+00  0.7171916577E+05
  0.4216666667E+00  0.7179274200E+05
  0.4219444444E+00  0.7186631821E+05
  0.4222222222E+00  0.7193989431E+05
  0.4225000000E+00  0.7201347053E+05
  0.4227777778E+00  0.7208704631E+05
  0.4230555556E+00  0.7216062263E+05
  0.4233333333E+00  0.7223419885E+05
  0.4236111111E+00  0.7230777496E+05
  0.4238888889E+00  0.7238135118E+05
  0.4241666667E+00  0.7245492729E+05
  0.4244444444E+00  0.7252850361E+05
  0.4247222222E+00  0.7260207983E+05
  0.4250000000E+00  0.7267565594E+05
  0.4252777778E+00  0.7274595417E+05
  0.4255555556E+00  0.7281625283E+05
  0.4258333333E+00  0.7288655106E+05
  0.4261111111E+00  0.7295684929E+05
  0.4263888889E+00  0.7302714763E+05
  0.4266666667E+00  0.7309744629E+05
  0.4269444444E+00  0.7316774452E+05
  0.4272222222E+00  0.7323804274E+05
  0.4275000000E+00  0.7330834131E+05
  0.4277777778E+00  0.7337863964E+05
  0.4280555556E+00  0.7344893786E+05
  0.4283333333E+00  0.7351923643E+05
  0.4286111111E+00  0.7358953487E+05
  0.4288888889E+00  0.7365983309E+05
  0.4291666667E+00  0.7373013165E+05
  0.4294444444E+00  0.7380042989E+05
  0.4297222222E+00  0.7387072821E+05
  0.4300000000E+00  0.7394102678E+05
  0.4302777778E+00  0.7400525911E+05
  0.4305555556E+00  0.7406949168E+05
  0.4308333333E+00  0.7413372412E+05
  0.4311111111E+00  0.7419795680E+05
  0.4313888889E+00  0.7426218903E+05
  0.4316666667E+00  0.7432642148E+05
  0.4319444444E+00  0.7439065415E+05
  0.4322222222E+00  0.7445488638E+05
  0.4325000000E+00  0.7451911916E+05
  0.4327777778E+00  0.7458335150E+05
  0.4330555556E+00  0.7464758406E+05
  0.4333333333E+00  0.7471181640E+05
  0.4336111111E+00  0.7477604918E+05
  0.4338888889E+00  0.7484028141E+05
  0.4341666667E+00  0.7490451409E+05
  0.4344444444E+00  0.7496874653E+05
  0.4347222222E+00  0.7503297910E+05
  0.4350000000E+00  0.7509721144E+05
  0.4352777778E+00  0.7515313326E+05
  0.4355555556E+00  0.7520905542E+05
  0.4358333333E+00  0.7526497703E+05
  0.4361111111E+00  0.7532089884E+05
  0.4363888889E+00  0.7537682056E+05
  0.4366666667E+00  0.7543274272E+05
  0.4369444444E+00  0.7548866454E+05
  0.4372222222E+00  0.7554458614E+05
  0.4375000000E+00  0.7560050830E+05
  0.4377777778E+00  0.7565643012E+05
  0.4380555556E+00  0.7571235185E+05
  0.4383333333E+00  0.7576827356E+05
  0.4386111111E+00  0.7582419570E+05
  0.4388888889E+00  0.7588011742E+05
  0.4391666667E+00  0.7593603925E+05
  0.4394444444E+00  0.7599196141E+05
  0.4397222222E+00  0.7604788301E+05
  0.4400000000E+00  0.7610380483E+05
  0.4402777778E+00  0.7614980730E+05
  0.4405555556E+00  0.7619580942E+05
  0.4408333333E+00  0.7624181189E+05
  0.4411111111E+00  0.7628781436E+05
  0.4413888889E+00  0.7633381638E+05
  0.4416666667E+00  0.7637981885E+05
  0.4419444444E+00  0.7642582097E+05
  0.4422222222E+00  0.7647182344E+05
  0.4425000000E+00  0.7651782590E+05
  0.4427777778E+00  0.7656382803E+05
  0.4430555556E+00  0.7660983050E+05
  0.4433333333E+00  0.7665583296E+05
  0.4436111111E+00  0.7670183510E+05
  0.4438888889E+00  0.7674783745E+05
  0.4441666667E+00  0.7679383959E+05
  0.4444444444E+00  0.7683984204E+05
  0.4447222222E+00  0.7688584451E+05
  0.4450000000E+00  0.7693184665E+05
  0.4452777778E+00  0.7696692382E+05
  0.4455555556E+00  0.7700200099E+05
  0.4458333333E+00  0.7703707816E+05
  0.4461111111E+00  0.7707215534E+05
  0.4463888889E+00  0.7710723251E+05
  0.4466666667E+00  0.7714230969E+05
  0.4469444444E+00  0.7717738686E+05
  0.4472222222E+00  0.7721246402E+05
  0.4475000000E+00  0.7724754121E+05
  0.4477777778E+00  0.7728261827E+05
  0.4480555556E+00  0.7731769521E+05
  0.4483333333E+00  0.7735277239E+05
  0.4486111111E+00  0.7738784957E+05
  0.4488888889E+00  0.7742292663E+05
  0.4491666667E+00  0.7745800411E+05
  0.4494444444E+00  0.7749308108E+05
  0.4497222222E+00  0.7752815794E+05
  0.4500000000E+00  0.7756323493E+05
  0.4502777778E+00  0.7758703588E+05
  0.4505555556E+00  0.7761083595E+05
  0.4508333333E+00  0.7763463724E+05
  0.4511111111E+00  0.7765843719E+05
  0.4513888889E+00  0.7768223815E+05
  0.4516666667E+00  0.7770603855E+05
  0.4519444444E+00  0.7772983851E+05
  0.4522222222E+00  0.7775363946E+05
  0.4525000000E+00  0.7777743942E+05
  0.4527777778E+00  0.7780124082E+05
  0.4530555556E+00  0.7782504078E+05
  0.4533333333E+00  0.7784884173E+05
  0.4536111111E+00  0.7787264169E+05
  0.4538888889E+00  0.7789644197E+05
  0.4541666667E+00  0.7792024304E+05
  0.4544444444E+00  0.7794404300E+05
  0.4547222222E+00  0.7796784429E+05
  0.4550000000E+00  0.7799164425E+05
  0.4552777778E+00  0.7800444310E+05
  0.4555555556E+00  0.7801724320E+05
  0.4558333333E+00  0.7803004228E+05
  0.4561111111E+00  0.7804284114E+05
  0.4563888889E+00  0.7805564023E+05
  0.4566666667E+00  0.7806843997E+05
  0.4569444444E+00  0.7808123918E+05
  0.4572222222E+00  0.7809403792E+05
  0.4575000000E+00  0.7810683700E+05
  0.4577777778E+00  0.7811963687E+05
  0.4580555556E+00  0.7813243595E+05
  0.4583333333E+00  0.7814523471E+05
  0.4586111111E+00  0.7815803379E+05
  0.4588888889E+00  0.7817083398E+05
  0.4591666667E+00  0.7818363274E+05
  0.4594444444E+00  0.7819643182E+05
  0.4597222222E+00  0.7820923168E+05
  0.4600000000E+00  0.7822203077E+05
  0.4602777778E+00  0.7822462829E+05
  0.4605555556E+00  0.7822722660E+05
  0.4608333333E+00  0.7822982412E+05
  0.4611111111E+00  0.7823242266E+05
  0.4613888889E+00  0.7823502030E+05
  0.4616666667E+00  0.7823761882E+05
  0.4619444444E+00  0.7824021634E+05
  0.4622222222E+00  0.7824281498E+05
  0.4625000000E+00  0.7824541251E+05
  0.4627777778E+00  0.7824801070E+05
  0.4630555556E+00  0.7825060834E+05
  0.4633333333E+00  0.7825320686E+05
  0.4636111111E+00  0.7825580440E+05
  0.4638888889E+00  0.7825840304E+05
  0.4641666667E+00  0.7826100056E+05
  0.4644444444E+00  0.7826359909E+05
  0.4647222222E+00  0.7826619639E+05
  0.4650000000E+00  0.7826879492E+05
  0.4652777778E+00  0.7826243983E+05
  0.4655555556E+00  0.7825608573E+05
  0.4658333333E+00  0.7824973042E+05
  0.4661111111E+00  0.7824337631E+05
  0.4663888889E+00  0.7823702122E+05
  0.4666666667E+00  0.7823066712E+05
  0.4669444444E+00  0.7822431270E+05
  0.4672222222E+00  0.7821795771E+05
  0.4675000000E+00  0.7821160362E+05
  0.4677777778E+00  0.7820524852E+05
  0.4680555556E+00  0.7819889410E+05
  0.4683333333E+00  0.7819254000E+05
  0.4686111111E+00  0.7818618490E+05
  0.4688888889E+00  0.7817983092E+05
  0.4691666667E+00  0.7817347549E+05
  0.4694444444E+00  0.7816712140E+05
  0.4697222222E+00  0.7816076730E+05
  0.4700000000E+00  0.7815441221E+05
  0.4702777778E+00  0.7814071131E+05
  0.4705555556E+00  0.7812701031E+05
  0.4708333333E+00  0.7811330931E+05
  0.4711111111E+00  0.7809960864E+05
  0.4713888889E+00  0.7808590864E+05
  0.4716666667E+00  0.7807220763E+05
  0.4719444444E+00  0.7805850697E+05
  0.4722222222E+00  0.7804480596E+05
  0.4725000000E+00  0.7803110497E+05
  0.4727777778E+00  0.7801740441E+05
  0.4730555556E+00  0.7800370330E+05
  0.4733333333E+00  0.7799000240E+05
  0.4736111111E+00  0.7797630182E+05
  0.4738888889E+00  0.7796260083E+05
  0.4741666667E+00  0.7794889993E+05
  0.4744444444E+00  0.7793519902E+05
  0.4747222222E+00  0.7792149845E+05
  0.4750000000E+00  0.7790779756E+05
  0.4752777778E+00  0.7788858147E+05
  0.4755555556E+00  0.7786936581E+05
  0.4758333333E+00  0.7785014971E+05
  0.4761111111E+00  0.7783093407E+05
  0.4763888889E+00  0.7781171808E+05
  0.4766666667E+00  0.7779250231E+05
  0.4769444444E+00  0.7777328643E+05
  0.4772222222E+00  0.7775407033E+05
  0.4775000000E+00  0.7773485468E+05
  0.4777777778E+00  0.7771563870E+05
  0.4780555556E+00  0.7769642293E+05
  0.4783333333E+00  0.7767720694E+05
  0.4786111111E+00  0.7765799119E+05
  0.4788888889E+00  0.7763877520E+05
  0.4791666667E+00  0.7761955955E+05
  0.4794444444E+00  0.7760034345E+05
  0.4797222222E+00  0.7758112746E+05
  0.4800000000E+00  0.7756191171E+05
  0.4802777778E+00  0.7753910208E+05
  0.4805555556E+00  0.7751629247E+05
  0.4808333333E+00  0.7749348286E+05
  0.4811111111E+00  0.7747067314E+05
  0.4813888889E+00  0.7744786397E+05
  0.4816666667E+00  0.7742505435E+05
  0.4819444444E+00  0.7740224474E+05
  0.4822222222E+00  0.7737943501E+05
  0.4825000000E+00  0.7735662540E+05
  0.4827777778E+00  0.7733381579E+05
  0.4830555556E+00  0.7731100627E+05
  0.4833333333E+00  0.7728819655E+05
  0.4836111111E+00  0.7726538727E+05
  0.4838888889E+00  0.7724257766E+05
  0.4841666667E+00  0.7721976805E+05
  0.4844444444E+00  0.7719695843E+05
  0.4847222222E+00  0.7717414871E+05
  0.4850000000E+00  0.7715133920E+05
  0.4852777778E+00  0.7712686693E+05
  0.4855555556E+00  0.7710239508E+05
  0.4858333333E+00  0.7707792291E+05
  0.4861111111E+00  0.7705345063E+05
  0.4863888889E+00  0.7702897836E+05
  0.4866666667E+00  0.7700450629E+05
  0.4869444444E+00  0.7698003401E+05
  0.4872222222E+00  0.7695556184E+05
  0.4875000000E+00  0.7693108955E+05
  0.4877777778E+00  0.7690661739E+05
  0.4880555556E+00  0.7688214555E+05
  0.4883333333E+00  0.7685767327E+05
  0.4886111111E+00  0.7683320099E+05
  0.4888888889E+00  0.7680872892E+05
  0.4891666667E+00  0.7678425665E+05
  0.4894444444E+00  0.7675978446E+05
  0.4897222222E+00  0.7673531219E+05
  0.4900000000E+00  0.7671084002E+05
  0.4902777778E+00  0.7668649814E+05
  0.4905555556E+00  0.7666215617E+05
  0.4908333333E+00  0.7663781386E+05
  0.4911111111E+00  0.7661347197E+05
  0.4913888889E+00  0.7658912966E+05
  0.4916666667E+00  0.7656478769E+05
  0.4919444444E+00  0.7654044581E+05
  0.4922222222E+00  0.7651610350E+05
  0.4925000000E+00  0.7649176151E+05
  0.4927777778E+00  0.7646741964E+05
  0.4930555556E+00  0.7644307733E+05
  0.4933333333E+00  0.7641873534E+05
  0.4936111111E+00  0.7639439314E+05
  0.4938888889E+00  0.7637005116E+05
  0.4941666667E+00  0.7634570917E+05
  0.4944444444E+00  0.7632136697E+05
  0.4947222222E+00  0.7629702499E+05
  0.4950000000E+00  0.7627268301E+05
