  0.1027777778E-01  0.2256385282E+08
  0.1055555556E-01  0.2253670564E+08
  0.1083333333E-01  0.2250955837E+08
  0.1111111111E-01  0.2248241088E+08
  0.1138888889E-01  0.2245526371E+08
  0.1166666667E-01  0.2242811643E+08
  0.1194444444E-01  0.2240096937E+08
  0.1222222222E-01  0.2237382177E+08
  0.1250000000E-01  0.2234667460E+08
  0.1277777778E-01  0.2231952743E+08
  0.1305555556E-01  0.2229237982E+08
  0.1333333333E-01  0.2226523265E+08
  0.1361111111E-01  0.2223808539E+08
  0.1388888889E-01  0.2221093832E+08
  0.1416666667E-01  0.2218379071E+08
  0.1444444444E-01  0.2215664354E+08
  0.1472222222E-01  0.2212949638E+08
  0.1500000000E-01  0.2210234888E+08
  0.1527777778E-01  0.2206530037E+08
  0.1555555556E-01  0.2202825163E+08
  0.1583333333E-01  0.2199120323E+08
  0.1611111111E-01  0.2195415450E+08
  0.1638888889E-01  0.2191710611E+08
  0.1666666667E-01  0.2188005737E+08
  0.1694444444E-01  0.2184300896E+08
  0.1722222222E-01  0.2180596012E+08
  0.1750000000E-01  0.2176891172E+08
  0.1777777778E-01  0.2173186298E+08
  0.1805555556E-01  0.2169481458E+08
  0.1833333333E-01  0.2165776585E+08
  0.1861111111E-01  0.2162071744E+08
  0.1888888889E-01  0.2158366870E+08
  0.1916666667E-01  0.2154661988E+08
  0.1944444444E-01  0.2150957147E+08
  0.1972222222E-01  0.2147252273E+08
  0.2000000000E-01  0.2143547433E+08
  0.2027777778E-01  0.2138942014E+08
  0.2055555556E-01  0.2134336626E+08
  0.2083333333E-01  0.2129731217E+08
  0.2111111111E-01  0.2125125798E+08
  0.2138888889E-01  0.2120520411E+08
  0.2166666667E-01  0.2115914992E+08
  0.2194444444E-01  0.2111309571E+08
  0.2222222222E-01  0.2106704195E+08
  0.2250000000E-01  0.2102098765E+08
  0.2277777778E-01  0.2097493356E+08
  0.2305555556E-01  0.2092887960E+08
  0.2333333333E-01  0.2088282550E+08
  0.2361111111E-01  0.2083677141E+08
  0.2388888889E-01  0.2079071744E+08
  0.2416666667E-01  0.2074466335E+08
  0.2444444444E-01  0.2069860905E+08
  0.2472222222E-01  0.2065255528E+08
  0.2500000000E-01  0.2060650108E+08
  0.2527777778E-01  0.2055254782E+08
  0.2555555556E-01  0.2049859445E+08
  0.2583333333E-01  0.2044464107E+08
  0.2611111111E-01  0.2039068803E+08
  0.2638888889E-01  0.2033673466E+08
  0.2666666667E-01  0.2028278129E+08
  0.2694444444E-01  0.2022882791E+08
  0.2722222222E-01  0.2017487454E+08
  0.2750000000E-01  0.2012092118E+08
  0.2777777778E-01  0.2006696814E+08
  0.2805555556E-01  0.2001301476E+08
  0.2833333333E-01  0.1995906138E+08
  0.2861111111E-01  0.1990510802E+08
  0.2888888889E-01  0.1985115475E+08
  0.2916666667E-01  0.1979720182E+08
  0.2944444444E-01  0.1974324844E+08
  0.2972222222E-01  0.1968929507E+08
  0.3000000000E-01  0.1963534170E+08
  0.3027777778E-01  0.1957476118E+08
  0.3055555556E-01  0.1951418034E+08
  0.3083333333E-01  0.1945359994E+08
  0.3111111111E-01  0.1939301943E+08
  0.3138888889E-01  0.1933243892E+08
  0.3166666667E-01  0.1927185819E+08
  0.3194444444E-01  0.1921127778E+08
  0.3222222222E-01  0.1915069726E+08
  0.3250000000E-01  0.1909011653E+08
  0.3277777778E-01  0.1902953603E+08
  0.3305555556E-01  0.1896895551E+08
  0.3333333333E-01  0.1890837466E+08
  0.3361111111E-01  0.1884779426E+08
  0.3388888889E-01  0.1878721375E+08
  0.3416666667E-01  0.1872663334E+08
  0.3444444444E-01  0.1866605261E+08
  0.3472222222E-01  0.1860547210E+08
  0.3500000000E-01  0.1854489159E+08
  0.3527777778E-01  0.1847905059E+08
  0.3555555556E-01  0.1841320970E+08
  0.3583333333E-01  0.1834736904E+08
  0.3611111111E-01  0.1828152791E+08
  0.3638888889E-01  0.1821568704E+08
  0.3666666667E-01  0.1814984636E+08
  0.3694444444E-01  0.1808400559E+08
  0.3722222222E-01  0.1801816447E+08
  0.3750000000E-01  0.1795232370E+08
  0.3777777778E-01  0.1788648302E+08
  0.3805555556E-01  0.1782064181E+08
  0.3833333333E-01  0.1775480114E+08
  0.3861111111E-01  0.1768896036E+08
  0.3888888889E-01  0.1762311914E+08
  0.3916666667E-01  0.1755727848E+08
  0.3944444444E-01  0.1749143770E+08
  0.3972222222E-01  0.1742559659E+08
  0.4000000000E-01  0.1735975581E+08
  0.4027777778E-01  0.1729009948E+08
  0.4055555556E-01  0.1722044271E+08
  0.4083333333E-01  0.1715078639E+08
  0.4111111111E-01  0.1708112962E+08
  0.4138888889E-01  0.1701147329E+08
  0.4166666667E-01  0.1694181651E+08
  0.4194444444E-01  0.1687215964E+08
  0.4222222222E-01  0.1680250332E+08
  0.4250000000E-01  0.1673284654E+08
  0.4277777778E-01  0.1666319022E+08
  0.4305555556E-01  0.1659353344E+08
  0.4333333333E-01  0.1652387713E+08
  0.4361111111E-01  0.1645422036E+08
  0.4388888889E-01  0.1638456403E+08
  0.4416666667E-01  0.1631490726E+08
  0.4444444444E-01  0.1624525093E+08
  0.4472222222E-01  0.1617559416E+08
  0.4500000000E-01  0.1610593772E+08
  0.4527777778E-01  0.1603392075E+08
  0.4555555556E-01  0.1596190411E+08
  0.4583333333E-01  0.1588988723E+08
  0.4611111111E-01  0.1581787058E+08
  0.4638888889E-01  0.1574585361E+08
  0.4666666667E-01  0.1567383697E+08
  0.4694444444E-01  0.1560182032E+08
  0.4722222222E-01  0.1552980344E+08
  0.4750000000E-01  0.1545778670E+08
  0.4777777778E-01  0.1538576983E+08
  0.4805555556E-01  0.1531375319E+08
  0.4833333333E-01  0.1524173631E+08
  0.4861111111E-01  0.1516971957E+08
  0.4888888889E-01  0.1509770292E+08
  0.4916666667E-01  0.1502568605E+08
  0.4944444444E-01  0.1495366940E+08
  0.4972222222E-01  0.1488165243E+08
  0.5000000000E-01  0.1480963578E+08
  0.5027777778E-01  0.1473668128E+08
  0.5055555556E-01  0.1466372688E+08
  0.5083333333E-01  0.1459077238E+08
  0.5111111111E-01  0.1451781788E+08
  0.5138888889E-01  0.1444486303E+08
  0.5166666667E-01  0.1437190853E+08
  0.5194444444E-01  0.1429895403E+08
  0.5222222222E-01  0.1422599963E+08
  0.5250000000E-01  0.1415304512E+08
  0.5277777778E-01  0.1408009052E+08
  0.5305555556E-01  0.1400713611E+08
  0.5333333333E-01  0.1393418161E+08
  0.5361111111E-01  0.1386122711E+08
  0.5388888889E-01  0.1378827271E+08
  0.5416666667E-01  0.1371531821E+08
  0.5444444444E-01  0.1364236359E+08
  0.5472222222E-01  0.1356940919E+08
  0.5500000000E-01  0.1349645469E+08
  0.5527777778E-01  0.1342390664E+08
  0.5555555556E-01  0.1335135838E+08
  0.5583333333E-01  0.1327881033E+08
  0.5611111111E-01  0.1320626216E+08
  0.5638888889E-01  0.1313371401E+08
  0.5666666667E-01  0.1306116618E+08
  0.5694444444E-01  0.1298861813E+08
  0.5722222222E-01  0.1291606987E+08
  0.5750000000E-01  0.1284352182E+08
  0.5777777778E-01  0.1277097365E+08
  0.5805555556E-01  0.1269842550E+08
  0.5833333333E-01  0.1262587745E+08
  0.5861111111E-01  0.1255332952E+08
  0.5888888889E-01  0.1248078140E+08
  0.5916666667E-01  0.1240823327E+08
  0.5944444444E-01  0.1233568519E+08
  0.5972222222E-01  0.1226313706E+08
  0.6000000000E-01  0.1219058907E+08
  0.6027777778E-01  0.1211968101E+08
  0.6055555556E-01  0.1204877303E+08
  0.6083333333E-01  0.1197786507E+08
  0.6111111111E-01  0.1190695700E+08
  0.6138888889E-01  0.1183604903E+08
  0.6166666667E-01  0.1176514106E+08
  0.6194444444E-01  0.1169423299E+08
  0.6222222222E-01  0.1162332502E+08
  0.6250000000E-01  0.1155241705E+08
  0.6277777778E-01  0.1148150899E+08
  0.6305555556E-01  0.1141060113E+08
  0.6333333333E-01  0.1133969316E+08
  0.6361111111E-01  0.1126878509E+08
  0.6388888889E-01  0.1119787712E+08
  0.6416666667E-01  0.1112696906E+08
  0.6444444444E-01  0.1105606109E+08
  0.6472222222E-01  0.1098515312E+08
  0.6500000000E-01  0.1091424505E+08
  0.6527777778E-01  0.1084606086E+08
  0.6555555556E-01  0.1077787664E+08
  0.6583333333E-01  0.1070969257E+08
  0.6611111111E-01  0.1064150835E+08
  0.6638888889E-01  0.1057332431E+08
  0.6666666667E-01  0.1050514013E+08
  0.6694444444E-01  0.1043695594E+08
  0.6722222222E-01  0.1036877178E+08
  0.6750000000E-01  0.1030058759E+08
  0.6777777778E-01  0.1023240344E+08
  0.6805555556E-01  0.1016421926E+08
  0.6833333333E-01  0.1009603510E+08
  0.6861111111E-01  0.1002785092E+08
  0.6888888889E-01  0.9959666767E+07
  0.6916666667E-01  0.9891482583E+07
  0.6944444444E-01  0.9823298430E+07
  0.6972222222E-01  0.9755114243E+07
  0.7000000000E-01  0.9686930092E+07
  0.7027777778E-01  0.9622384974E+07
  0.7055555556E-01  0.9557840005E+07
  0.7083333333E-01  0.9493294999E+07
  0.7111111111E-01  0.9428749914E+07
  0.7138888889E-01  0.9364204912E+07
  0.7166666667E-01  0.9299659839E+07
  0.7194444444E-01  0.9235114821E+07
  0.7222222222E-01  0.9170569752E+07
  0.7250000000E-01  0.9106024746E+07
  0.7277777778E-01  0.9041479662E+07
  0.7305555556E-01  0.8976934659E+07
  0.7333333333E-01  0.8912389686E+07
  0.7361111111E-01  0.8847844602E+07
  0.7388888889E-01  0.8783299599E+07
  0.7416666667E-01  0.8718754526E+07
  0.7444444444E-01  0.8654209509E+07
  0.7472222222E-01  0.8589664440E+07
  0.7500000000E-01  0.8525119433E+07
  0.7527777778E-01  0.8464940108E+07
  0.7555555556E-01  0.8404760659E+07
  0.7583333333E-01  0.8344581307E+07
  0.7611111111E-01  0.8284401991E+07
  0.7638888889E-01  0.8224222642E+07
  0.7666666667E-01  0.8164043183E+07
  0.7694444444E-01  0.8103863863E+07
  0.7722222222E-01  0.8043684516E+07
  0.7750000000E-01  0.7983505067E+07
  0.7777777778E-01  0.7923325752E+07
  0.7805555556E-01  0.7863146400E+07
  0.7833333333E-01  0.7802966939E+07
  0.7861111111E-01  0.7742787623E+07
  0.7888888889E-01  0.7682608273E+07
  0.7916666667E-01  0.7622428924E+07
  0.7944444444E-01  0.7562249508E+07
  0.7972222222E-01  0.7502070159E+07
  0.8000000000E-01  0.7441890798E+07
  0.8027777778E-01  0.7386613064E+07
  0.8055555556E-01  0.7331335431E+07
  0.8083333333E-01  0.7276057797E+07
  0.8111111111E-01  0.7220780064E+07
  0.8138888889E-01  0.7165502419E+07
  0.8166666667E-01  0.7110224785E+07
  0.8194444444E-01  0.7054947052E+07
  0.8222222222E-01  0.6999669419E+07
  0.8250000000E-01  0.6944391741E+07
  0.8277777778E-01  0.6889114008E+07
  0.8305555556E-01  0.6833836374E+07
  0.8333333333E-01  0.6778558641E+07
  0.8361111111E-01  0.6723280996E+07
  0.8388888889E-01  0.6668003363E+07
  0.8416666667E-01  0.6612725629E+07
  0.8444444444E-01  0.6557447995E+07
  0.8472222222E-01  0.6502170351E+07
  0.8500000000E-01  0.6446892617E+07
  0.8527777778E-01  0.6396857984E+07
  0.8555555556E-01  0.6346823349E+07
  0.8583333333E-01  0.6296788749E+07
  0.8611111111E-01  0.6246754115E+07
  0.8638888889E-01  0.6196719525E+07
  0.8666666667E-01  0.6146684891E+07
  0.8694444444E-01  0.6096650190E+07
  0.8722222222E-01  0.6046615556E+07
  0.8750000000E-01  0.5996580922E+07
  0.8777777778E-01  0.5946546321E+07
  0.8805555556E-01  0.5896511687E+07
  0.8833333333E-01  0.5846477086E+07
  0.8861111111E-01  0.5796442452E+07
  0.8888888889E-01  0.5746407853E+07
  0.8916666667E-01  0.5696373119E+07
  0.8944444444E-01  0.5646338484E+07
  0.8972222222E-01  0.5596303884E+07
  0.9000000000E-01  0.5546269250E+07
  0.9027777778E-01  0.5501636590E+07
  0.9055555556E-01  0.5457004065E+07
  0.9083333333E-01  0.5412371395E+07
  0.9111111111E-01  0.5367738765E+07
  0.9138888889E-01  0.5323106115E+07
  0.9166666667E-01  0.5278473485E+07
  0.9194444444E-01  0.5233840847E+07
  0.9222222222E-01  0.5189208217E+07
  0.9250000000E-01  0.5144575588E+07
  0.9277777778E-01  0.5099942948E+07
  0.9305555556E-01  0.5055310320E+07
  0.9333333333E-01  0.5010677679E+07
  0.9361111111E-01  0.4966045040E+07
  0.9388888889E-01  0.4921412443E+07
  0.9416666667E-01  0.4876779805E+07
  0.9444444444E-01  0.4832147175E+07
  0.9472222222E-01  0.4787514545E+07
  0.9500000000E-01  0.4742881895E+07
  0.9527777778E-01  0.4703641592E+07
  0.9555555556E-01  0.4664401247E+07
  0.9583333333E-01  0.4625160944E+07
  0.9611111111E-01  0.4585920621E+07
  0.9638888889E-01  0.4546680308E+07
  0.9666666667E-01  0.4507439972E+07
  0.9694444444E-01  0.4468199648E+07
  0.9722222222E-01  0.4428959345E+07
  0.9750000000E-01  0.4389719033E+07
  0.9777777778E-01  0.4350478697E+07
  0.9805555556E-01  0.4311238374E+07
  0.9833333333E-01  0.4271998071E+07
  0.9861111111E-01  0.4232757758E+07
  0.9888888889E-01  0.4193517411E+07
  0.9916666667E-01  0.4154277099E+07
  0.9944444444E-01  0.4115036786E+07
  0.9972222222E-01  0.4075796484E+07
  0.1000000000E+00  0.4036556127E+07
  0.1002777778E+00  0.4002547997E+07
  0.1005555556E+00  0.3968539857E+07
  0.1008333333E+00  0.3934531707E+07
  0.1011111111E+00  0.3900523566E+07
  0.1013888889E+00  0.3866515436E+07
  0.1016666667E+00  0.3832507286E+07
  0.1019444444E+00  0.3798499146E+07
  0.1022222222E+00  0.3764491006E+07
  0.1025000000E+00  0.3730482866E+07
  0.1027777778E+00  0.3696474725E+07
  0.1030555556E+00  0.3662466586E+07
  0.1033333333E+00  0.3628458446E+07
  0.1036111111E+00  0.3594450305E+07
  0.1038888889E+00  0.3560442165E+07
  0.1041666667E+00  0.3526434014E+07
  0.1044444444E+00  0.3492425886E+07
  0.1047222222E+00  0.3458417745E+07
  0.1050000000E+00  0.3424409594E+07
  0.1052777778E+00  0.3395352965E+07
  0.1055555556E+00  0.3366296327E+07
  0.1058333333E+00  0.3337239721E+07
  0.1061111111E+00  0.3308183092E+07
  0.1063888889E+00  0.3279126487E+07
  0.1066666667E+00  0.3250069846E+07
  0.1069444444E+00  0.3221013208E+07
  0.1072222222E+00  0.3191956601E+07
  0.1075000000E+00  0.3162899972E+07
  0.1077777778E+00  0.3133843367E+07
  0.1080555556E+00  0.3104786727E+07
  0.1083333333E+00  0.3075730122E+07
  0.1086111111E+00  0.3046673493E+07
  0.1088888889E+00  0.3017616843E+07
  0.1091666667E+00  0.2988560248E+07
  0.1094444444E+00  0.2959503619E+07
  0.1097222222E+00  0.2930447003E+07
  0.1100000000E+00  0.2901390374E+07
  0.1102777778E+00  0.2876904194E+07
  0.1105555556E+00  0.2852417991E+07
  0.1108333333E+00  0.2827931810E+07
  0.1111111111E+00  0.2803445608E+07
  0.1113888889E+00  0.2778959428E+07
  0.1116666667E+00  0.2754473224E+07
  0.1119444444E+00  0.2729987055E+07
  0.1122222222E+00  0.2705500841E+07
  0.1125000000E+00  0.2681014660E+07
  0.1127777778E+00  0.2656528458E+07
  0.1130555556E+00  0.2632042277E+07
  0.1133333333E+00  0.2607556097E+07
  0.1136111111E+00  0.2583069895E+07
  0.1138888889E+00  0.2558583724E+07
  0.1141666667E+00  0.2534097510E+07
  0.1144444444E+00  0.2509611341E+07
  0.1147222222E+00  0.2485125127E+07
  0.1150000000E+00  0.2460638958E+07
  0.1152777778E+00  0.2440273562E+07
  0.1155555556E+00  0.2419908165E+07
  0.1158333333E+00  0.2399542769E+07
  0.1161111111E+00  0.2379177363E+07
  0.1163888889E+00  0.2358811967E+07
  0.1166666667E+00  0.2338446570E+07
  0.1169444444E+00  0.2318081208E+07
  0.1172222222E+00  0.2297715811E+07
  0.1175000000E+00  0.2277350415E+07
  0.1177777778E+00  0.2256985009E+07
  0.1180555556E+00  0.2236619612E+07
  0.1183333333E+00  0.2216254216E+07
  0.1186111111E+00  0.2195888820E+07
  0.1188888889E+00  0.2175523424E+07
  0.1191666667E+00  0.2155158027E+07
  0.1194444444E+00  0.2134792664E+07
  0.1197222222E+00  0.2114427258E+07
  0.1200000000E+00  0.2094061862E+07
  0.1202777778E+00  0.2077324409E+07
  0.1205555556E+00  0.2060586956E+07
  0.1208333333E+00  0.2043849546E+07
  0.1211111111E+00  0.2027112092E+07
  0.1213888889E+00  0.2010374639E+07
  0.1216666667E+00  0.1993637219E+07
  0.1219444444E+00  0.1976899766E+07
  0.1222222222E+00  0.1960162313E+07
  0.1225000000E+00  0.1943424893E+07
  0.1227777778E+00  0.1926687429E+07
  0.1230555556E+00  0.1909950009E+07
  0.1233333333E+00  0.1893212566E+07
  0.1236111111E+00  0.1876475113E+07
  0.1238888889E+00  0.1859737693E+07
  0.1241666667E+00  0.1843000239E+07
  0.1244444444E+00  0.1826262786E+07
  0.1247222222E+00  0.1809525367E+07
  0.1250000000E+00  0.1792787913E+07
  0.1252777778E+00  0.1779167533E+07
  0.1255555556E+00  0.1765547165E+07
  0.1258333333E+00  0.1751926796E+07
  0.1261111111E+00  0.1738306416E+07
  0.1263888889E+00  0.1724686047E+07
  0.1266666667E+00  0.1711065667E+07
  0.1269444444E+00  0.1697445298E+07
  0.1272222222E+00  0.1683824953E+07
  0.1275000000E+00  0.1670204573E+07
  0.1277777778E+00  0.1656584204E+07
  0.1280555556E+00  0.1642963835E+07
  0.1283333333E+00  0.1629343455E+07
  0.1286111111E+00  0.1615723087E+07
  0.1288888889E+00  0.1602102707E+07
  0.1291666667E+00  0.1588482338E+07
  0.1294444444E+00  0.1574861969E+07
  0.1297222222E+00  0.1561241589E+07
  0.1300000000E+00  0.1547621210E+07
  0.1302777778E+00  0.1536612923E+07
  0.1305555556E+00  0.1525604626E+07
  0.1308333333E+00  0.1514596329E+07
  0.1311111111E+00  0.1503587998E+07
  0.1313888889E+00  0.1492579701E+07
  0.1316666667E+00  0.1481571402E+07
  0.1319444444E+00  0.1470563105E+07
  0.1322222222E+00  0.1459554808E+07
  0.1325000000E+00  0.1448546477E+07
  0.1327777778E+00  0.1437538190E+07
  0.1330555556E+00  0.1426529892E+07
  0.1333333333E+00  0.1415521595E+07
  0.1336111111E+00  0.1404513264E+07
  0.1338888889E+00  0.1393504967E+07
  0.1341666667E+00  0.1382496680E+07
  0.1344444444E+00  0.1371488382E+07
  0.1347222222E+00  0.1360480052E+07
  0.1350000000E+00  0.1349471755E+07
  0.1352777778E+00  0.1340594086E+07
  0.1355555556E+00  0.1331716438E+07
  0.1358333333E+00  0.1322838747E+07
  0.1361111111E+00  0.1313961089E+07
  0.1363888889E+00  0.1305083421E+07
  0.1366666667E+00  0.1296205763E+07
  0.1369444444E+00  0.1287328072E+07
  0.1372222222E+00  0.1278450415E+07
  0.1375000000E+00  0.1269572746E+07
  0.1377777778E+00  0.1260695098E+07
  0.1380555556E+00  0.1251817407E+07
  0.1383333333E+00  0.1242939750E+07
  0.1386111111E+00  0.1234062081E+07
  0.1388888889E+00  0.1225184423E+07
  0.1391666667E+00  0.1216306732E+07
  0.1394444444E+00  0.1207429075E+07
  0.1397222222E+00  0.1198551416E+07
  0.1400000000E+00  0.1189673725E+07
  0.1402777778E+00  0.1182485156E+07
  0.1405555556E+00  0.1175296532E+07
  0.1408333333E+00  0.1168107963E+07
  0.1411111111E+00  0.1160919350E+07
  0.1413888889E+00  0.1153730780E+07
  0.1416666667E+00  0.1146542178E+07
  0.1419444444E+00  0.1139353588E+07
  0.1422222222E+00  0.1132164985E+07
  0.1425000000E+00  0.1124976372E+07
  0.1427777778E+00  0.1117787803E+07
  0.1430555556E+00  0.1110599189E+07
  0.1433333333E+00  0.1103410610E+07
  0.1436111111E+00  0.1096221996E+07
  0.1438888889E+00  0.1089033427E+07
  0.1441666667E+00  0.1081844825E+07
  0.1444444444E+00  0.1074656244E+07
  0.1447222222E+00  0.1067467642E+07
  0.1450000000E+00  0.1060279052E+07
  0.1452777778E+00  0.1054388477E+07
  0.1455555556E+00  0.1048497890E+07
  0.1458333333E+00  0.1042607294E+07
  0.1461111111E+00  0.1036716718E+07
  0.1463888889E+00  0.1030826165E+07
  0.1466666667E+00  0.1024935590E+07
  0.1469444444E+00  0.1019045000E+07
  0.1472222222E+00  0.1013154432E+07
  0.1475000000E+00  0.1007263852E+07
  0.1477777778E+00  0.1001373266E+07
  0.1480555556E+00  0.9954826969E+06
  0.1483333333E+00  0.9895921172E+06
  0.1486111111E+00  0.9837015519E+06
  0.1488888889E+00  0.9778109622E+06
  0.1491666667E+00  0.9719203969E+06
  0.1494444444E+00  0.9660298171E+06
  0.1497222222E+00  0.9601392274E+06
  0.1500000000E+00  0.9542486621E+06
  0.1502777778E+00  0.9493221361E+06
  0.1505555556E+00  0.9443956345E+06
  0.1508333333E+00  0.9394691117E+06
  0.1511111111E+00  0.9345426102E+06
  0.1513888889E+00  0.9296160874E+06
  0.1516666667E+00  0.9246895725E+06
  0.1519444444E+00  0.9197630597E+06
  0.1522222222E+00  0.9148365482E+06
  0.1525000000E+00  0.9099100254E+06
  0.1527777778E+00  0.9049835238E+06
  0.1530555556E+00  0.9000569978E+06
  0.1533333333E+00  0.8951304862E+06
  0.1536111111E+00  0.8902039735E+06
  0.1538888889E+00  0.8852774619E+06
  0.1541666667E+00  0.8803509391E+06
  0.1544444444E+00  0.8754244342E+06
  0.1547222222E+00  0.8704979115E+06
  0.1550000000E+00  0.8655713999E+06
  0.1552777778E+00  0.8613355858E+06
  0.1555555556E+00  0.8570997616E+06
  0.1558333333E+00  0.8528639441E+06
  0.1561111111E+00  0.8486281199E+06
  0.1563888889E+00  0.8443922969E+06
  0.1566666667E+00  0.8401564827E+06
  0.1569444444E+00  0.8359206552E+06
  0.1572222222E+00  0.8316848311E+06
  0.1575000000E+00  0.8274490169E+06
  0.1577777778E+00  0.8232131894E+06
  0.1580555556E+00  0.8189773752E+06
  0.1583333333E+00  0.8147415522E+06
  0.1586111111E+00  0.8105057280E+06
  0.1588888889E+00  0.8062699105E+06
  0.1591666667E+00  0.8020340864E+06
  0.1594444444E+00  0.7977982622E+06
  0.1597222222E+00  0.7935624481E+06
  0.1600000000E+00  0.7893266205E+06
  0.1602777778E+00  0.7855681045E+06
  0.1605555556E+00  0.7818095852E+06
  0.1608333333E+00  0.7780510559E+06
  0.1611111111E+00  0.7742925387E+06
  0.1613888889E+00  0.7705340194E+06
  0.1616666667E+00  0.7667754900E+06
  0.1619444444E+00  0.7630169740E+06
  0.1622222222E+00  0.7592584536E+06
  0.1625000000E+00  0.7554999242E+06
  0.1627777778E+00  0.7517414049E+06
  0.1630555556E+00  0.7479828878E+06
  0.1633333333E+00  0.7442243584E+06
  0.1636111111E+00  0.7404658390E+06
  0.1638888889E+00  0.7367073230E+06
  0.1641666667E+00  0.7329488026E+06
  0.1644444444E+00  0.7291902732E+06
  0.1647222222E+00  0.7254317572E+06
  0.1650000000E+00  0.7216732379E+06
  0.1652777778E+00  0.7182343707E+06
  0.1655555556E+00  0.7147955146E+06
  0.1658333333E+00  0.7113566585E+06
  0.1661111111E+00  0.7079178012E+06
  0.1663888889E+00  0.7044789352E+06
  0.1666666667E+00  0.7010400790E+06
  0.1669444444E+00  0.6976012229E+06
  0.1672222222E+00  0.6941623657E+06
  0.1675000000E+00  0.6907234996E+06
  0.1677777778E+00  0.6872846435E+06
  0.1680555556E+00  0.6838457863E+06
  0.1683333333E+00  0.6804069302E+06
  0.1686111111E+00  0.6769680641E+06
  0.1688888889E+00  0.6735292080E+06
  0.1691666667E+00  0.6700903508E+06
  0.1694444444E+00  0.6666514846E+06
  0.1697222222E+00  0.6632126285E+06
  0.1700000000E+00  0.6597737713E+06
  0.1702777778E+00  0.6565481861E+06
  0.1705555556E+00  0.6533225974E+06
  0.1708333333E+00  0.6500970122E+06
  0.1711111111E+00  0.6468714369E+06
  0.1713888889E+00  0.6436458517E+06
  0.1716666667E+00  0.6404202664E+06
  0.1719444444E+00  0.6371946778E+06
  0.1722222222E+00  0.6339690927E+06
  0.1725000000E+00  0.6307435074E+06
  0.1727777778E+00  0.6275179222E+06
  0.1730555556E+00  0.6242923468E+06
  0.1733333333E+00  0.6210667617E+06
  0.1736111111E+00  0.6178411730E+06
  0.1738888889E+00  0.6146155878E+06
  0.1741666667E+00  0.6113900025E+06
  0.1744444444E+00  0.6081644173E+06
  0.1747222222E+00  0.6049388420E+06
  0.1750000000E+00  0.6017132568E+06
  0.1752777778E+00  0.5986375151E+06
  0.1755555556E+00  0.5955617855E+06
  0.1758333333E+00  0.5924860539E+06
  0.1761111111E+00  0.5894103155E+06
  0.1763888889E+00  0.5863345861E+06
  0.1766666667E+00  0.5832588443E+06
  0.1769444444E+00  0.5801831159E+06
  0.1772222222E+00  0.5771073843E+06
  0.1775000000E+00  0.5740316448E+06
  0.1777777778E+00  0.5709559164E+06
  0.1780555556E+00  0.5678801747E+06
  0.1783333333E+00  0.5648044463E+06
  0.1786111111E+00  0.5617287136E+06
  0.1788888889E+00  0.5586529751E+06
  0.1791666667E+00  0.5555772467E+06
  0.1794444444E+00  0.5525015040E+06
  0.1797222222E+00  0.5494257756E+06
  0.1800000000E+00  0.5463500438E+06
  0.1802777778E+00  0.5433955192E+06
  0.1805555556E+00  0.5404409979E+06
  0.1808333333E+00  0.5374864731E+06
  0.1811111111E+00  0.5345319484E+06
  0.1813888889E+00  0.5315774237E+06
  0.1816666667E+00  0.5286228990E+06
  0.1819444444E+00  0.5256683842E+06
  0.1822222222E+00  0.5227138629E+06
  0.1825000000E+00  0.5197593382E+06
  0.1827777778E+00  0.5168048135E+06
  0.1830555556E+00  0.5138502888E+06
  0.1833333333E+00  0.5108957640E+06
  0.1836111111E+00  0.5079412383E+06
  0.1838888889E+00  0.5049867268E+06
  0.1841666667E+00  0.5020322022E+06
  0.1844444444E+00  0.4990776775E+06
  0.1847222222E+00  0.4961231527E+06
  0.1850000000E+00  0.4931686281E+06
  0.1852777778E+00  0.4903332869E+06
  0.1855555556E+00  0.4874979534E+06
  0.1858333333E+00  0.4846626122E+06
  0.1861111111E+00  0.4818272710E+06
  0.1863888889E+00  0.4789919364E+06
  0.1866666667E+00  0.4761565952E+06
  0.1869444444E+00  0.4733212506E+06
  0.1872222222E+00  0.4704859193E+06
  0.1875000000E+00  0.4676505769E+06
  0.1877777778E+00  0.4648152386E+06
  0.1880555556E+00  0.4619798971E+06
  0.1883333333E+00  0.4591445598E+06
  0.1886111111E+00  0.4563092183E+06
  0.1888888889E+00  0.4534738801E+06
  0.1891666667E+00  0.4506385395E+06
  0.1894444444E+00  0.4478032024E+06
  0.1897222222E+00  0.4449678642E+06
  0.1900000000E+00  0.4421325226E+06
  0.1902777778E+00  0.4394322016E+06
  0.1905555556E+00  0.4367318838E+06
  0.1908333333E+00  0.4340315607E+06
  0.1911111111E+00  0.4313312397E+06
  0.1913888889E+00  0.4286309175E+06
  0.1916666667E+00  0.4259305965E+06
  0.1919444444E+00  0.4232302788E+06
  0.1922222222E+00  0.4205299567E+06
  0.1925000000E+00  0.4178296346E+06
  0.1927777778E+00  0.4151293126E+06
  0.1930555556E+00  0.4124289948E+06
  0.1933333333E+00  0.4097286738E+06
  0.1936111111E+00  0.4070283517E+06
  0.1938888889E+00  0.4043280306E+06
  0.1941666667E+00  0.4016277086E+06
  0.1944444444E+00  0.3989273897E+06
  0.1947222222E+00  0.3962270687E+06
  0.1950000000E+00  0.3935267467E+06
  0.1952777778E+00  0.3909877936E+06
  0.1955555556E+00  0.3884488438E+06
  0.1958333333E+00  0.3859098897E+06
  0.1961111111E+00  0.3833709366E+06
  0.1963888889E+00  0.3808319835E+06
  0.1966666667E+00  0.3782930327E+06
  0.1969444444E+00  0.3757540796E+06
  0.1972222222E+00  0.3732151254E+06
  0.1975000000E+00  0.3706761712E+06
  0.1977777778E+00  0.3681372182E+06
  0.1980555556E+00  0.3655982684E+06
  0.1983333333E+00  0.3630593153E+06
  0.1986111111E+00  0.3605203612E+06
  0.1988888889E+00  0.3579814080E+06
  0.1991666667E+00  0.3554424583E+06
  0.1994444444E+00  0.3529035042E+06
  0.1997222222E+00  0.3503645511E+06
  0.2000000000E+00  0.3478255968E+06
  0.2002777778E+00  0.3454778375E+06
  0.2005555556E+00  0.3431300735E+06
  0.2008333333E+00  0.3407823141E+06
  0.2011111111E+00  0.3384345501E+06
  0.2013888889E+00  0.3360867886E+06
  0.2016666667E+00  0.3337390257E+06
  0.2019444444E+00  0.3313912652E+06
  0.2022222222E+00  0.3290435013E+06
  0.2025000000E+00  0.3266957418E+06
  0.2027777778E+00  0.3243479779E+06
  0.2030555556E+00  0.3220002151E+06
  0.2033333333E+00  0.3196524545E+06
  0.2036111111E+00  0.3173046907E+06
  0.2038888889E+00  0.3149569311E+06
  0.2041666667E+00  0.3126091673E+06
  0.2044444444E+00  0.3102614078E+06
  0.2047222222E+00  0.3079136439E+06
  0.2050000000E+00  0.3055658833E+06
  0.2052777778E+00  0.3034377936E+06
  0.2055555556E+00  0.3013097083E+06
  0.2058333333E+00  0.2991816185E+06
  0.2061111111E+00  0.2970535298E+06
  0.2063888889E+00  0.2949254435E+06
  0.2066666667E+00  0.2927973548E+06
  0.2069444444E+00  0.2906692684E+06
  0.2072222222E+00  0.2885411797E+06
  0.2075000000E+00  0.2864130889E+06
  0.2077777778E+00  0.2842850035E+06
  0.2080555556E+00  0.2821569149E+06
  0.2083333333E+00  0.2800288284E+06
  0.2086111111E+00  0.2779007398E+06
  0.2088888889E+00  0.2757726501E+06
  0.2091666667E+00  0.2736445648E+06
  0.2094444444E+00  0.2715164750E+06
  0.2097222222E+00  0.2693883897E+06
  0.2100000000E+00  0.2672603000E+06
  0.2102777778E+00  0.2653746796E+06
  0.2105555556E+00  0.2634890559E+06
  0.2108333333E+00  0.2616034332E+06
  0.2111111111E+00  0.2597178138E+06
  0.2113888889E+00  0.2578321902E+06
  0.2116666667E+00  0.2559465708E+06
  0.2119444444E+00  0.2540609470E+06
  0.2122222222E+00  0.2521753267E+06
  0.2125000000E+00  0.2502897040E+06
  0.2127777778E+00  0.2484040846E+06
  0.2130555556E+00  0.2465184610E+06
  0.2133333333E+00  0.2446328416E+06
  0.2136111111E+00  0.2427472168E+06
  0.2138888889E+00  0.2408615942E+06
  0.2141666667E+00  0.2389759748E+06
  0.2144444444E+00  0.2370903511E+06
  0.2147222222E+00  0.2352047318E+06
  0.2150000000E+00  0.2333191091E+06
  0.2152777778E+00  0.2316903773E+06
  0.2155555556E+00  0.2300616465E+06
  0.2158333333E+00  0.2284329168E+06
  0.2161111111E+00  0.2268041816E+06
  0.2163888889E+00  0.2251754509E+06
  0.2166666667E+00  0.2235467212E+06
  0.2169444444E+00  0.2219179904E+06
  0.2172222222E+00  0.2202892585E+06
  0.2175000000E+00  0.2186605254E+06
  0.2177777778E+00  0.2170317946E+06
  0.2180555556E+00  0.2154030639E+06
  0.2183333333E+00  0.2137743331E+06
  0.2186111111E+00  0.2121456023E+06
  0.2188888889E+00  0.2105168683E+06
  0.2191666667E+00  0.2088881375E+06
  0.2194444444E+00  0.2072594067E+06
  0.2197222222E+00  0.2056306770E+06
  0.2200000000E+00  0.2040019452E+06
  0.2202777778E+00  0.2026350625E+06
  0.2205555556E+00  0.2012681811E+06
  0.2208333333E+00  0.1999012985E+06
  0.2211111111E+00  0.1985344181E+06
  0.2213888889E+00  0.1971675344E+06
  0.2216666667E+00  0.1958006540E+06
  0.2219444444E+00  0.1944337714E+06
  0.2222222222E+00  0.1930668900E+06
  0.2225000000E+00  0.1917000074E+06
  0.2227777778E+00  0.1903331260E+06
  0.2230555556E+00  0.1889662433E+06
  0.2233333333E+00  0.1875993629E+06
  0.2236111111E+00  0.1862324793E+06
  0.2238888889E+00  0.1848655989E+06
  0.2241666667E+00  0.1834987162E+06
  0.2244444444E+00  0.1821318349E+06
  0.2247222222E+00  0.1807649523E+06
  0.2250000000E+00  0.1793980708E+06
  0.2252777778E+00  0.1782879373E+06
  0.2255555556E+00  0.1771778060E+06
  0.2258333333E+00  0.1760676714E+06
  0.2261111111E+00  0.1749575402E+06
  0.2263888889E+00  0.1738474055E+06
  0.2266666667E+00  0.1727372742E+06
  0.2269444444E+00  0.1716271431E+06
  0.2272222222E+00  0.1705170084E+06
  0.2275000000E+00  0.1694068771E+06
  0.2277777778E+00  0.1682967436E+06
  0.2280555556E+00  0.1671866113E+06
  0.2283333333E+00  0.1660764800E+06
  0.2286111111E+00  0.1649663465E+06
  0.2288888889E+00  0.1638562142E+06
  0.2291666667E+00  0.1627460795E+06
  0.2294444444E+00  0.1616359494E+06
  0.2297222222E+00  0.1605258137E+06
  0.2300000000E+00  0.1594156824E+06
  0.2302777778E+00  0.1585481199E+06
  0.2305555556E+00  0.1576805540E+06
  0.2308333333E+00  0.1568129904E+06
  0.2311111111E+00  0.1559454288E+06
  0.2313888889E+00  0.1550778630E+06
  0.2316666667E+00  0.1542102993E+06
  0.2319444444E+00  0.1533427368E+06
  0.2322222222E+00  0.1524751709E+06
  0.2325000000E+00  0.1516076084E+06
  0.2327777778E+00  0.1507400414E+06
  0.2330555556E+00  0.1498724789E+06
  0.2333333333E+00  0.1490049164E+06
  0.2336111111E+00  0.1481373505E+06
  0.2338888889E+00  0.1472697869E+06
  0.2341666667E+00  0.1464022244E+06
  0.2344444444E+00  0.1455346595E+06
  0.2347222222E+00  0.1446670958E+06
  0.2350000000E+00  0.1437995333E+06
  0.2352777778E+00  0.1431523855E+06
  0.2355555556E+00  0.1425052419E+06
  0.2358333333E+00  0.1418580941E+06
  0.2361111111E+00  0.1412109505E+06
  0.2363888889E+00  0.1405638070E+06
  0.2366666667E+00  0.1399166591E+06
  0.2369444444E+00  0.1392695157E+06
  0.2372222222E+00  0.1386223711E+06
  0.2375000000E+00  0.1379752243E+06
  0.2377777778E+00  0.1373280786E+06
  0.2380555556E+00  0.1366809318E+06
  0.2383333333E+00  0.1360337872E+06
  0.2386111111E+00  0.1353866438E+06
  0.2388888889E+00  0.1347394969E+06
  0.2391666667E+00  0.1340923524E+06
  0.2394444444E+00  0.1334452055E+06
  0.2397222222E+00  0.1327980610E+06
  0.2400000000E+00  0.1321509174E+06
  0.2402777778E+00  0.1316960013E+06
  0.2405555556E+00  0.1312410864E+06
  0.2408333333E+00  0.1307861736E+06
  0.2411111111E+00  0.1303312564E+06
  0.2413888889E+00  0.1298763435E+06
  0.2416666667E+00  0.1294214286E+06
  0.2419444444E+00  0.1289665125E+06
  0.2422222222E+00  0.1285115986E+06
  0.2425000000E+00  0.1280566858E+06
  0.2427777778E+00  0.1276017675E+06
  0.2430555556E+00  0.1271468547E+06
  0.2433333333E+00  0.1266919408E+06
  0.2436111111E+00  0.1262370246E+06
  0.2438888889E+00  0.1257821097E+06
  0.2441666667E+00  0.1253271969E+06
  0.2444444444E+00  0.1248722797E+06
  0.2447222222E+00  0.1244173669E+06
  0.2450000000E+00  0.1239624486E+06
  0.2452777778E+00  0.1236676095E+06
  0.2455555556E+00  0.1233727698E+06
  0.2458333333E+00  0.1230779291E+06
  0.2461111111E+00  0.1227830883E+06
  0.2463888889E+00  0.1224882496E+06
  0.2466666667E+00  0.1221934088E+06
  0.2469444444E+00  0.1218985681E+06
  0.2472222222E+00  0.1216037287E+06
  0.2475000000E+00  0.1213088879E+06
  0.2477777778E+00  0.1210140472E+06
  0.2480555556E+00  0.1207192075E+06
  0.2483333333E+00  0.1204243667E+06
  0.2486111111E+00  0.1201295259E+06
  0.2488888889E+00  0.1198346863E+06
  0.2491666667E+00  0.1195398455E+06
  0.2494444444E+00  0.1192450047E+06
  0.2497222222E+00  0.1189501651E+06
  0.2500000000E+00  0.1186553243E+06
  0.2502777778E+00  0.1184865016E+06
  0.2505555556E+00  0.1183176786E+06
  0.2508333333E+00  0.1181488556E+06
  0.2511111111E+00  0.1179800336E+06
  0.2513888889E+00  0.1178112109E+06
  0.2516666667E+00  0.1176423879E+06
  0.2519444444E+00  0.1174735649E+06
  0.2522222222E+00  0.1173047422E+06
  0.2525000000E+00  0.1171359193E+06
  0.2527777778E+00  0.1169670964E+06
  0.2530555556E+00  0.1167982744E+06
  0.2533333333E+00  0.1166294518E+06
  0.2536111111E+00  0.1164606287E+06
  0.2538888889E+00  0.1162918057E+06
  0.2541666667E+00  0.1161229831E+06
  0.2544444444E+00  0.1159541601E+06
  0.2547222222E+00  0.1157853372E+06
  0.2550000000E+00  0.1156165152E+06
  0.2552777778E+00  0.1155398684E+06
  0.2555555556E+00  0.1154632213E+06
  0.2558333333E+00  0.1153865743E+06
  0.2561111111E+00  0.1153099276E+06
  0.2563888889E+00  0.1152332805E+06
  0.2566666667E+00  0.1151566335E+06
  0.2569444444E+00  0.1150799868E+06
  0.2572222222E+00  0.1150033397E+06
  0.2575000000E+00  0.1149266927E+06
  0.2577777778E+00  0.1148500460E+06
  0.2580555556E+00  0.1147733990E+06
  0.2583333333E+00  0.1146967518E+06
  0.2586111111E+00  0.1146201051E+06
  0.2588888889E+00  0.1145434581E+06
  0.2591666667E+00  0.1144668110E+06
  0.2594444444E+00  0.1143901643E+06
  0.2597222222E+00  0.1143135173E+06
  0.2600000000E+00  0.1142368702E+06
  0.2602777778E+00  0.1142203846E+06
  0.2605555556E+00  0.1142038989E+06
  0.2608333333E+00  0.1141874119E+06
  0.2611111111E+00  0.1141709262E+06
  0.2613888889E+00  0.1141544405E+06
  0.2616666667E+00  0.1141379545E+06
  0.2619444444E+00  0.1141214679E+06
  0.2622222222E+00  0.1141049823E+06
  0.2625000000E+00  0.1140884963E+06
  0.2627777778E+00  0.1140720096E+06
  0.2630555556E+00  0.1140555240E+06
  0.2633333333E+00  0.1140390379E+06
  0.2636111111E+00  0.1140225523E+06
  0.2638888889E+00  0.1140060656E+06
  0.2641666667E+00  0.1139895796E+06
  0.2644444444E+00  0.1139730939E+06
  0.2647222222E+00  0.1139566082E+06
  0.2650000000E+00  0.1139401217E+06
  0.2652777778E+00  0.1139551484E+06
  0.2655555556E+00  0.1139701757E+06
  0.2658333333E+00  0.1139852025E+06
  0.2661111111E+00  0.1140002298E+06
  0.2663888889E+00  0.1140152565E+06
  0.2666666667E+00  0.1140302827E+06
  0.2669444444E+00  0.1140453096E+06
  0.2672222222E+00  0.1140603367E+06
  0.2675000000E+00  0.1140753636E+06
  0.2677777778E+00  0.1140903908E+06
  0.2680555556E+00  0.1141054177E+06
  0.2683333333E+00  0.1141204448E+06
  0.2686111111E+00  0.1141354717E+06
  0.2688888889E+00  0.1141504979E+06
  0.2691666667E+00  0.1141655247E+06
  0.2694444444E+00  0.1141805519E+06
  0.2697222222E+00  0.1141955787E+06
  0.2700000000E+00  0.1142106059E+06
  0.2702777778E+00  0.1142328982E+06
  0.2705555556E+00  0.1142551902E+06
  0.2708333333E+00  0.1142774815E+06
  0.2711111111E+00  0.1142997734E+06
  0.2713888889E+00  0.1143220658E+06
  0.2716666667E+00  0.1143443580E+06
  0.2719444444E+00  0.1143666489E+06
  0.2722222222E+00  0.1143889413E+06
  0.2725000000E+00  0.1144112335E+06
  0.2727777778E+00  0.1144335254E+06
  0.2730555556E+00  0.1144558168E+06
  0.2733333333E+00  0.1144781087E+06
  0.2736111111E+00  0.1145004011E+06
  0.2738888889E+00  0.1145226933E+06
  0.2741666667E+00  0.1145449842E+06
  0.2744444444E+00  0.1145672766E+06
  0.2747222222E+00  0.1145895688E+06
  0.2750000000E+00  0.1146118608E+06
  0.2752777778E+00  0.1146221663E+06
  0.2755555556E+00  0.1146324717E+06
  0.2758333333E+00  0.1146427772E+06
  0.2761111111E+00  0.1146530827E+06
  0.2763888889E+00  0.1146633882E+06
  0.2766666667E+00  0.1146736937E+06
  0.2769444444E+00  0.1146839992E+06
  0.2772222222E+00  0.1146943050E+06
  0.2775000000E+00  0.1147046105E+06
  0.2777777778E+00  0.1147149160E+06
  0.2780555556E+00  0.1147252214E+06
  0.2783333333E+00  0.1147355268E+06
  0.2786111111E+00  0.1147458323E+06
  0.2788888889E+00  0.1147561378E+06
  0.2791666667E+00  0.1147664433E+06
  0.2794444444E+00  0.1147767488E+06
  0.2797222222E+00  0.1147870543E+06
  0.2800000000E+00  0.1147973598E+06
  0.2802777778E+00  0.1147817344E+06
  0.2805555556E+00  0.1147661077E+06
  0.2808333333E+00  0.1147504823E+06
  0.2811111111E+00  0.1147348557E+06
  0.2813888889E+00  0.1147192304E+06
  0.2816666667E+00  0.1147036036E+06
  0.2819444444E+00  0.1146879783E+06
  0.2822222222E+00  0.1146723516E+06
  0.2825000000E+00  0.1146567263E+06
  0.2827777778E+00  0.1146411005E+06
  0.2830555556E+00  0.1146254742E+06
  0.2833333333E+00  0.1146098485E+06
  0.2836111111E+00  0.1145942222E+06
  0.2838888889E+00  0.1145785968E+06
  0.2841666667E+00  0.1145629702E+06
  0.2844444444E+00  0.1145473447E+06
  0.2847222222E+00  0.1145317181E+06
  0.2850000000E+00  0.1145160927E+06
  0.2852777778E+00  0.1144658669E+06
  0.2855555556E+00  0.1144156426E+06
  0.2858333333E+00  0.1143654182E+06
  0.2861111111E+00  0.1143151927E+06
  0.2863888889E+00  0.1142649683E+06
  0.2866666667E+00  0.1142147435E+06
  0.2869444444E+00  0.1141645180E+06
  0.2872222222E+00  0.1141142936E+06
  0.2875000000E+00  0.1140640692E+06
  0.2877777778E+00  0.1140138437E+06
  0.2880555556E+00  0.1139636190E+06
  0.2883333333E+00  0.1139133946E+06
  0.2886111111E+00  0.1138631692E+06
  0.2888888889E+00  0.1138129447E+06
  0.2891666667E+00  0.1137627203E+06
  0.2894444444E+00  0.1137124945E+06
  0.2897222222E+00  0.1136622701E+06
  0.2900000000E+00  0.1136120456E+06
  0.2902777778E+00  0.1135233364E+06
  0.2905555556E+00  0.1134346274E+06
  0.2908333333E+00  0.1133459181E+06
  0.2911111111E+00  0.1132572089E+06
  0.2913888889E+00  0.1131685009E+06
  0.2916666667E+00  0.1130797915E+06
  0.2919444444E+00  0.1129910825E+06
  0.2922222222E+00  0.1129023733E+06
  0.2925000000E+00  0.1128136650E+06
  0.2927777778E+00  0.1127249560E+06
  0.2930555556E+00  0.1126362468E+06
  0.2933333333E+00  0.1125475378E+06
  0.2936111111E+00  0.1124588285E+06
  0.2938888889E+00  0.1123701203E+06
  0.2941666667E+00  0.1122814113E+06
  0.2944444444E+00  0.1121927019E+06
  0.2947222222E+00  0.1121039930E+06
  0.2950000000E+00  0.1120152847E+06
  0.2952777778E+00  0.1118886160E+06
  0.2955555556E+00  0.1117619483E+06
  0.2958333333E+00  0.1116352805E+06
  0.2961111111E+00  0.1115086114E+06
  0.2963888889E+00  0.1113819437E+06
  0.2966666667E+00  0.1112552760E+06
  0.2969444444E+00  0.1111286082E+06
  0.2972222222E+00  0.1110019395E+06
  0.2975000000E+00  0.1108752717E+06
  0.2977777778E+00  0.1107486037E+06
  0.2980555556E+00  0.1106219350E+06
  0.2983333333E+00  0.1104952672E+06
  0.2986111111E+00  0.1103685995E+06
  0.2988888889E+00  0.1102419307E+06
  0.2991666667E+00  0.1101152631E+06
  0.2994444444E+00  0.1099885950E+06
  0.2997222222E+00  0.1098619272E+06
  0.3000000000E+00  0.1097352585E+06
  0.3002777778E+00  0.1095745962E+06
  0.3005555556E+00  0.1094139331E+06
  0.3008333333E+00  0.1092532699E+06
  0.3011111111E+00  0.1090926079E+06
  0.3013888889E+00  0.1089319448E+06
  0.3016666667E+00  0.1087712826E+06
  0.3019444444E+00  0.1086106193E+06
  0.3022222222E+00  0.1084499571E+06
  0.3025000000E+00  0.1082892939E+06
  0.3027777778E+00  0.1081286307E+06
  0.3030555556E+00  0.1079679685E+06
  0.3033333333E+00  0.1078073052E+06
  0.3036111111E+00  0.1076466431E+06
  0.3038888889E+00  0.1074859802E+06
  0.3041666667E+00  0.1073253169E+06
  0.3044444444E+00  0.1071646548E+06
  0.3047222222E+00  0.1070039915E+06
  0.3050000000E+00  0.1068433293E+06
  0.3052777778E+00  0.1066553521E+06
  0.3055555556E+00  0.1064673749E+06
  0.3058333333E+00  0.1062793973E+06
  0.3061111111E+00  0.1060914211E+06
  0.3063888889E+00  0.1059034439E+06
  0.3066666667E+00  0.1057154666E+06
  0.3069444444E+00  0.1055274894E+06
  0.3072222222E+00  0.1053395129E+06
  0.3075000000E+00  0.1051515357E+06
  0.3077777778E+00  0.1049635583E+06
  0.3080555556E+00  0.1047755822E+06
  0.3083333333E+00  0.1045876050E+06
  0.3086111111E+00  0.1043996278E+06
  0.3088888889E+00  0.1042116501E+06
  0.3091666667E+00  0.1040236739E+06
  0.3094444444E+00  0.1038356967E+06
  0.3097222222E+00  0.1036477195E+06
  0.3100000000E+00  0.1034597422E+06
  0.3102777778E+00  0.1032529623E+06
  0.3105555556E+00  0.1030461824E+06
  0.3108333333E+00  0.1028394015E+06
  0.3111111111E+00  0.1026326216E+06
  0.3113888889E+00  0.1024258416E+06
  0.3116666667E+00  0.1022190607E+06
  0.3119444444E+00  0.1020122808E+06
  0.3122222222E+00  0.1018055008E+06
  0.3125000000E+00  0.1015987202E+06
  0.3127777778E+00  0.1013919403E+06
  0.3130555556E+00  0.1011851594E+06
  0.3133333333E+00  0.1009783795E+06
  0.3136111111E+00  0.1007715996E+06
  0.3138888889E+00  0.1005648187E+06
  0.3141666667E+00  0.1003580387E+06
  0.3144444444E+00  0.1001512588E+06
  0.3147222222E+00  0.9994447783E+05
  0.3150000000E+00  0.9973769790E+05
  0.3152777778E+00  0.9952164902E+05
  0.3155555556E+00  0.9930560069E+05
  0.3158333333E+00  0.9908955180E+05
  0.3161111111E+00  0.9887350247E+05
  0.3163888889E+00  0.9865745448E+05
  0.3166666667E+00  0.9844140526E+05
  0.3169444444E+00  0.9822535626E+05
  0.3172222222E+00  0.9800930804E+05
  0.3175000000E+00  0.9779325905E+05
  0.3177777778E+00  0.9757720982E+05
  0.3180555556E+00  0.9736116184E+05
  0.3183333333E+00  0.9714511262E+05
  0.3186111111E+00  0.9692906362E+05
  0.3188888889E+00  0.9671301540E+05
  0.3191666667E+00  0.9649696640E+05
  0.3194444444E+00  0.9628091708E+05
  0.3197222222E+00  0.9606486919E+05
  0.3200000000E+00  0.9584881986E+05
  0.3202777778E+00  0.9563312870E+05
  0.3205555556E+00  0.9541743842E+05
  0.3208333333E+00  0.9520174693E+05
  0.3211111111E+00  0.9498605576E+05
  0.3213888889E+00  0.9477036549E+05
  0.3216666667E+00  0.9455467433E+05
  0.3219444444E+00  0.9433898271E+05
  0.3222222222E+00  0.9412329255E+05
  0.3225000000E+00  0.9390760127E+05
  0.3227777778E+00  0.9369191011E+05
  0.3230555556E+00  0.9347621984E+05
  0.3233333333E+00  0.9326052833E+05
  0.3236111111E+00  0.9304483706E+05
  0.3238888889E+00  0.9282914691E+05
  0.3241666667E+00  0.9261345574E+05
  0.3244444444E+00  0.9239776447E+05
  0.3247222222E+00  0.9218207396E+05
  0.3250000000E+00  0.9196638269E+05
  0.3252777778E+00  0.9176031567E+05
  0.3255555556E+00  0.9155424965E+05
  0.3258333333E+00  0.9134818297E+05
  0.3261111111E+00  0.9114211696E+05
  0.3263888889E+00  0.9093605004E+05
  0.3266666667E+00  0.9072998403E+05
  0.3269444444E+00  0.9052391801E+05
  0.3272222222E+00  0.9031785100E+05
  0.3275000000E+00  0.9011178531E+05
  0.3277777778E+00  0.8990571829E+05
  0.3280555556E+00  0.8969965228E+05
  0.3283333333E+00  0.8949358525E+05
  0.3286111111E+00  0.8928751924E+05
  0.3288888889E+00  0.8908145222E+05
  0.3291666667E+00  0.8887538654E+05
  0.3294444444E+00  0.8866931952E+05
  0.3297222222E+00  0.8846325350E+05
  0.3300000000E+00  0.8825718660E+05
  0.3302777778E+00  0.8806882184E+05
  0.3305555556E+00  0.8788045719E+05
  0.3308333333E+00  0.8769209255E+05
  0.3311111111E+00  0.8750372679E+05
  0.3313888889E+00  0.8731536214E+05
  0.3316666667E+00  0.8712699749E+05
  0.3319444444E+00  0.8693863285E+05
  0.3322222222E+00  0.8675026809E+05
  0.3325000000E+00  0.8656190278E+05
  0.3327777778E+00  0.8637353813E+05
  0.3330555556E+00  0.8618517337E+05
  0.3333333333E+00  0.8599680873E+05
  0.3336111111E+00  0.8580844408E+05
  0.3338888889E+00  0.8562007844E+05
  0.3341666667E+00  0.8543171369E+05
  0.3344444444E+00  0.8524334904E+05
  0.3347222222E+00  0.8505498439E+05
  0.3350000000E+00  0.8486661963E+05
  0.3352777778E+00  0.8470262446E+05
  0.3355555556E+00  0.8453862929E+05
  0.3358333333E+00  0.8437463312E+05
  0.3361111111E+00  0.8421063794E+05
  0.3363888889E+00  0.8404664243E+05
  0.3366666667E+00  0.8388264725E+05
  0.3369444444E+00  0.8371865208E+05
  0.3372222222E+00  0.8355465690E+05
  0.3375000000E+00  0.8339066174E+05
  0.3377777778E+00  0.8322666646E+05
  0.3380555556E+00  0.8306267127E+05
  0.3383333333E+00  0.8289867610E+05
  0.3386111111E+00  0.8273468092E+05
  0.3388888889E+00  0.8257068576E+05
  0.3391666667E+00  0.8240669058E+05
  0.3394444444E+00  0.8224269541E+05
  0.3397222222E+00  0.8207869990E+05
  0.3400000000E+00  0.8191470472E+05
  0.3402777778E+00  0.8177994913E+05
  0.3405555556E+00  0.8164519263E+05
  0.3408333333E+00  0.8151043715E+05
  0.3411111111E+00  0.8137568166E+05
  0.3413888889E+00  0.8124092517E+05
  0.3416666667E+00  0.8110616957E+05
  0.3419444444E+00  0.8097141408E+05
  0.3422222222E+00  0.8083665859E+05
  0.3425000000E+00  0.8070190210E+05
  0.3427777778E+00  0.8056714617E+05
  0.3430555556E+00  0.8043239067E+05
  0.3433333333E+00  0.8029763419E+05
  0.3436111111E+00  0.8016287870E+05
  0.3438888889E+00  0.8002812311E+05
  0.3441666667E+00  0.7989336661E+05
  0.3444444444E+00  0.7975861113E+05
  0.3447222222E+00  0.7962385563E+05
  0.3450000000E+00  0.7948909903E+05
  0.3452777778E+00  0.7938651717E+05
  0.3455555556E+00  0.7928393420E+05
  0.3458333333E+00  0.7918135256E+05
  0.3461111111E+00  0.7907876970E+05
  0.3463888889E+00  0.7897618772E+05
  0.3466666667E+00  0.7887360508E+05
  0.3469444444E+00  0.7877102222E+05
  0.3472222222E+00  0.7866844025E+05
  0.3475000000E+00  0.7856585760E+05
  0.3477777778E+00  0.7846327563E+05
  0.3480555556E+00  0.7836069278E+05
  0.3483333333E+00  0.7825811080E+05
  0.3486111111E+00  0.7815552815E+05
  0.3488888889E+00  0.7805294629E+05
  0.3491666667E+00  0.7795036333E+05
  0.3494444444E+00  0.7784778069E+05
  0.3497222222E+00  0.7774519871E+05
  0.3500000000E+00  0.7764261585E+05
  0.3502777778E+00  0.7757318335E+05
  0.3505555556E+00  0.7750375120E+05
  0.3508333333E+00  0.7743431770E+05
  0.3511111111E+00  0.7736488520E+05
  0.3513888889E+00  0.7729545272E+05
  0.3516666667E+00  0.7722601922E+05
  0.3519444444E+00  0.7715658673E+05
  0.3522222222E+00  0.7708715423E+05
  0.3525000000E+00  0.7701772074E+05
  0.3527777778E+00  0.7694828825E+05
  0.3530555556E+00  0.7687885575E+05
  0.3533333333E+00  0.7680942225E+05
  0.3536111111E+00  0.7673998977E+05
  0.3538888889E+00  0.7667055738E+05
  0.3541666667E+00  0.7660112522E+05
  0.3544444444E+00  0.7653169173E+05
  0.3547222222E+00  0.7646225923E+05
  0.3550000000E+00  0.7639282674E+05
  0.3552777778E+00  0.7635566241E+05
  0.3555555556E+00  0.7631849908E+05
  0.3558333333E+00  0.7628133585E+05
  0.3561111111E+00  0.7624417285E+05
  0.3563888889E+00  0.7620700963E+05
  0.3566666667E+00  0.7616984629E+05
  0.3569444444E+00  0.7613268296E+05
  0.3572222222E+00  0.7609551906E+05
  0.3575000000E+00  0.7605835573E+05
  0.3577777778E+00  0.7602119240E+05
  0.3580555556E+00  0.7598402917E+05
  0.3583333333E+00  0.7594686617E+05
  0.3586111111E+00  0.7590970294E+05
  0.3588888889E+00  0.7587253961E+05
  0.3591666667E+00  0.7583537528E+05
  0.3594444444E+00  0.7579821238E+05
  0.3597222222E+00  0.7576104905E+05
  0.3600000000E+00  0.7572388572E+05
  0.3602777778E+00  0.7571642212E+05
  0.3605555556E+00  0.7570895886E+05
  0.3608333333E+00  0.7570149526E+05
  0.3611111111E+00  0.7569403067E+05
  0.3613888889E+00  0.7568656707E+05
  0.3616666667E+00  0.7567910347E+05
  0.3619444444E+00  0.7567164021E+05
  0.3622222222E+00  0.7566417661E+05
  0.3625000000E+00  0.7565671301E+05
  0.3627777778E+00  0.7564924842E+05
  0.3630555556E+00  0.7564178515E+05
  0.3633333333E+00  0.7563432155E+05
  0.3636111111E+00  0.7562685796E+05
  0.3638888889E+00  0.7561939436E+05
  0.3641666667E+00  0.7561193076E+05
  0.3644444444E+00  0.7560446649E+05
  0.3647222222E+00  0.7559700290E+05
  0.3650000000E+00  0.7558953930E+05
  0.3652777778E+00  0.7560781296E+05
  0.3655555556E+00  0.7562608540E+05
  0.3658333333E+00  0.7564435906E+05
  0.3661111111E+00  0.7566263171E+05
  0.3663888889E+00  0.7568090514E+05
  0.3666666667E+00  0.7569917781E+05
  0.3669444444E+00  0.7571745157E+05
  0.3672222222E+00  0.7573572524E+05
  0.3675000000E+00  0.7575399755E+05
  0.3677777778E+00  0.7577227132E+05
  0.3680555556E+00  0.7579054398E+05
  0.3683333333E+00  0.7580881741E+05
  0.3686111111E+00  0.7582709108E+05
  0.3688888889E+00  0.7584536384E+05
  0.3691666667E+00  0.7586363716E+05
  0.3694444444E+00  0.7588190982E+05
  0.3697222222E+00  0.7590018359E+05
  0.3700000000E+00  0.7591845592E+05
  0.3702777778E+00  0.7595739298E+05
  0.3705555556E+00  0.7599633005E+05
  0.3708333333E+00  0.7603526712E+05
  0.3711111111E+00  0.7607420509E+05
  0.3713888889E+00  0.7611314216E+05
  0.3716666667E+00  0.7615207922E+05
  0.3719444444E+00  0.7619101629E+05
  0.3722222222E+00  0.7622995337E+05
  0.3725000000E+00  0.7626889044E+05
  0.3727777778E+00  0.7630782750E+05
  0.3730555556E+00  0.7634676446E+05
  0.3733333333E+00  0.7638570153E+05
  0.3736111111E+00  0.7642463861E+05
  0.3738888889E+00  0.7646357534E+05
  0.3741666667E+00  0.7650251241E+05
  0.3744444444E+00  0.7654144948E+05
  0.3747222222E+00  0.7658038645E+05
  0.3750000000E+00  0.7661932352E+05
  0.3752777778E+00  0.7667317449E+05
  0.3755555556E+00  0.7672702626E+05
  0.3758333333E+00  0.7678087724E+05
  0.3761111111E+00  0.7683472890E+05
  0.3763888889E+00  0.7688857988E+05
  0.3766666667E+00  0.7694243153E+05
  0.3769444444E+00  0.7699628252E+05
  0.3772222222E+00  0.7705013428E+05
  0.3775000000E+00  0.7710398527E+05
  0.3777777778E+00  0.7715783691E+05
  0.3780555556E+00  0.7721168756E+05
  0.3783333333E+00  0.7726553954E+05
  0.3786111111E+00  0.7731939020E+05
  0.3788888889E+00  0.7737324218E+05
  0.3791666667E+00  0.7742709295E+05
  0.3794444444E+00  0.7748094493E+05
  0.3797222222E+00  0.7753479558E+05
  0.3800000000E+00  0.7758864757E+05
  0.3802777778E+00  0.7765124360E+05
  0.3805555556E+00  0.7771384098E+05
  0.3808333333E+00  0.7777643702E+05
  0.3811111111E+00  0.7783903451E+05
  0.3813888889E+00  0.7790163155E+05
  0.3816666667E+00  0.7796422792E+05
  0.3819444444E+00  0.7802682496E+05
  0.3822222222E+00  0.7808942135E+05
  0.3825000000E+00  0.7815201871E+05
  0.3827777778E+00  0.7821461476E+05
  0.3830555556E+00  0.7827721214E+05
  0.3833333333E+00  0.7833980817E+05
  0.3836111111E+00  0.7840240555E+05
  0.3838888889E+00  0.7846500259E+05
  0.3841666667E+00  0.7852759908E+05
  0.3844444444E+00  0.7859019612E+05
  0.3847222222E+00  0.7865279249E+05
  0.3850000000E+00  0.7871538953E+05
  0.3852777778E+00  0.7878068997E+05
  0.3855555556E+00  0.7884599086E+05
  0.3858333333E+00  0.7891129130E+05
  0.3861111111E+00  0.7897659173E+05
  0.3863888889E+00  0.7904189330E+05
  0.3866666667E+00  0.7910719373E+05
  0.3869444444E+00  0.7917249428E+05
  0.3872222222E+00  0.7923779472E+05
  0.3875000000E+00  0.7930309516E+05
  0.3877777778E+00  0.7936839571E+05
  0.3880555556E+00  0.7943369615E+05
  0.3883333333E+00  0.7949899771E+05
  0.3886111111E+00  0.7956429848E+05
  0.3888888889E+00  0.7962959891E+05
  0.3891666667E+00  0.7969489947E+05
  0.3894444444E+00  0.7976019991E+05
  0.3897222222E+00  0.7982550046E+05
  0.3900000000E+00  0.7989080089E+05
  0.3902777778E+00  0.7995301337E+05
  0.3905555556E+00  0.8001522485E+05
  0.3908333333E+00  0.8007743688E+05
  0.3911111111E+00  0.8013964836E+05
  0.3913888889E+00  0.8020186083E+05
  0.3916666667E+00  0.8026407320E+05
  0.3919444444E+00  0.8032628468E+05
  0.3922222222E+00  0.8038849682E+05
  0.3925000000E+00  0.8045070830E+05
  0.3927777778E+00  0.8051292066E+05
  0.3930555556E+00  0.8057513214E+05
  0.3933333333E+00  0.8063734429E+05
  0.3936111111E+00  0.8069955564E+05
  0.3938888889E+00  0.8076176812E+05
  0.3941666667E+00  0.8082397959E+05
  0.3944444444E+00  0.8088619207E+05
  0.3947222222E+00  0.8094840311E+05
  0.3950000000E+00  0.8101061558E+05
  0.3952777778E+00  0.8106470305E+05
  0.3955555556E+00  0.8111879039E+05
  0.3958333333E+00  0.8117287819E+05
  0.3961111111E+00  0.8122696553E+05
  0.3963888889E+00  0.8128105298E+05
  0.3966666667E+00  0.8133514045E+05
  0.3969444444E+00  0.8138922779E+05
  0.3972222222E+00  0.8144331525E+05
  0.3975000000E+00  0.8149740304E+05
  0.3977777778E+00  0.8155149039E+05
  0.3980555556E+00  0.8160557785E+05
  0.3983333333E+00  0.8165966519E+05
  0.3986111111E+00  0.8171375266E+05
  0.3988888889E+00  0.8176784011E+05
  0.3991666667E+00  0.8182192746E+05
  0.3994444444E+00  0.8187601525E+05
  0.3997222222E+00  0.8193010259E+05
  0.4000000000E+00  0.8198419006E+05
  0.4002777778E+00  0.8202597552E+05
  0.4005555556E+00  0.8206776199E+05
  0.4008333333E+00  0.8210954747E+05
  0.4011111111E+00  0.8215133293E+05
  0.4013888889E+00  0.8219311840E+05
  0.4016666667E+00  0.8223490487E+05
  0.4019444444E+00  0.8227669033E+05
  0.4022222222E+00  0.8231847580E+05
  0.4025000000E+00  0.8236026127E+05
  0.4027777778E+00  0.8240204674E+05
  0.4030555556E+00  0.8244383321E+05
  0.4033333333E+00  0.8248561867E+05
  0.4036111111E+00  0.8252740414E+05
  0.4038888889E+00  0.8256918960E+05
  0.4041666667E+00  0.8261097508E+05
  0.4044444444E+00  0.8265276155E+05
  0.4047222222E+00  0.8269454701E+05
  0.4050000000E+00  0.8273633248E+05
  0.4052777778E+00  0.8276275695E+05
  0.4055555556E+00  0.8278918020E+05
  0.4058333333E+00  0.8281560380E+05
  0.4061111111E+00  0.8284202805E+05
  0.4063888889E+00  0.8286845163E+05
  0.4066666667E+00  0.8289487588E+05
  0.4069444444E+00  0.8292129946E+05
  0.4072222222E+00  0.8294772272E+05
  0.4075000000E+00  0.8297414730E+05
  0.4077777778E+00  0.8300057077E+05
  0.4080555556E+00  0.8302699502E+05
  0.4083333333E+00  0.8305341861E+05
  0.4086111111E+00  0.8307984186E+05
  0.4088888889E+00  0.8310626645E+05
  0.4091666667E+00  0.8313268969E+05
  0.4094444444E+00  0.8315911428E+05
  0.4097222222E+00  0.8318553787E+05
  0.4100000000E+00  0.8321196112E+05
  0.4102777778E+00  0.8322115577E+05
  0.4105555556E+00  0.8323035088E+05
  0.4108333333E+00  0.8323954565E+05
  0.4111111111E+00  0.8324873975E+05
  0.4113888889E+00  0.8325793453E+05
  0.4116666667E+00  0.8326712918E+05
  0.4119444444E+00  0.8327632329E+05
  0.4122222222E+00  0.8328551805E+05
  0.4125000000E+00  0.8329471316E+05
  0.4127777778E+00  0.8330390782E+05
  0.4130555556E+00  0.8331310159E+05
  0.4133333333E+00  0.8332229669E+05
  0.4136111111E+00  0.8333149146E+05
  0.4138888889E+00  0.8334068523E+05
  0.4141666667E+00  0.8334988022E+05
  0.4144444444E+00  0.8335907499E+05
  0.4147222222E+00  0.8336827010E+05
  0.4150000000E+00  0.8337746387E+05
  0.4152777778E+00  0.8336876946E+05
  0.4155555556E+00  0.8336007605E+05
  0.4158333333E+00  0.8335138164E+05
  0.4161111111E+00  0.8334268734E+05
  0.4163888889E+00  0.8333399293E+05
  0.4166666667E+00  0.8332529952E+05
  0.4169444444E+00  0.8331660512E+05
  0.4172222222E+00  0.8330791082E+05
  0.4175000000E+00  0.8329921642E+05
  0.4177777778E+00  0.8329052301E+05
  0.4180555556E+00  0.8328182860E+05
  0.4183333333E+00  0.8327313430E+05
  0.4186111111E+00  0.8326443989E+05
  0.4188888889E+00  0.8325574548E+05
  0.4191666667E+00  0.8324705207E+05
  0.4194444444E+00  0.8323835777E+05
  0.4197222222E+00  0.8322966336E+05
  0.4200000000E+00  0.8322096895E+05
  0.4202777778E+00  0.8319492850E+05
  0.4205555556E+00  0.8316888707E+05
  0.4208333333E+00  0.8314284650E+05
  0.4211111111E+00  0.8311680506E+05
  0.4213888889E+00  0.8309076361E+05
  0.4216666667E+00  0.8306472305E+05
  0.4219444444E+00  0.8303868160E+05
  0.4222222222E+00  0.8301264116E+05
  0.4225000000E+00  0.8298659971E+05
  0.4227777778E+00  0.8296055815E+05
  0.4230555556E+00  0.8293451770E+05
  0.4233333333E+00  0.8290847625E+05
  0.4236111111E+00  0.8288243480E+05
  0.4238888889E+00  0.8285639425E+05
  0.4241666667E+00  0.8283035280E+05
  0.4244444444E+00  0.8280431235E+05
  0.4247222222E+00  0.8277827080E+05
  0.4250000000E+00  0.8275222935E+05
  0.4252777778E+00  0.8271045240E+05
  0.4255555556E+00  0.8266867511E+05
  0.4258333333E+00  0.8262689672E+05
  0.4261111111E+00  0.8258511977E+05
  0.4263888889E+00  0.8254334249E+05
  0.4266666667E+00  0.8250156443E+05
  0.4269444444E+00  0.8245978714E+05
  0.4272222222E+00  0.8241800986E+05
  0.4275000000E+00  0.8237623191E+05
  0.4277777778E+00  0.8233445452E+05
  0.4280555556E+00  0.8229267723E+05
  0.4283333333E+00  0.8225089929E+05
  0.4286111111E+00  0.8220912189E+05
  0.4288888889E+00  0.8216734494E+05
  0.4291666667E+00  0.8212556666E+05
  0.4294444444E+00  0.8208378926E+05
  0.4297222222E+00  0.8204201232E+05
  0.4300000000E+00  0.8200023403E+05
  0.4302777778E+00  0.8194523681E+05
  0.4305555556E+00  0.8189023959E+05
  0.4308333333E+00  0.8183524138E+05
  0.4311111111E+00  0.8178024427E+05
  0.4313888889E+00  0.8172524604E+05
  0.4316666667E+00  0.8167024883E+05
  0.4319444444E+00  0.8161525162E+05
  0.4322222222E+00  0.8156025340E+05
  0.4325000000E+00  0.8150525618E+05
  0.4327777778E+00  0.8145025896E+05
  0.4330555556E+00  0.8139526085E+05
  0.4333333333E+00  0.8134026364E+05
  0.4336111111E+00  0.8128526541E+05
  0.4338888889E+00  0.8123026820E+05
  0.4341666667E+00  0.8117527098E+05
  0.4344444444E+00  0.8112027277E+05
  0.4347222222E+00  0.8106527565E+05
  0.4350000000E+00  0.8101027844E+05
  0.4352777778E+00  0.8094526906E+05
  0.4355555556E+00  0.8088025834E+05
  0.4358333333E+00  0.8081524896E+05
  0.4361111111E+00  0.8075023969E+05
  0.4363888889E+00  0.8068523031E+05
  0.4366666667E+00  0.8062022093E+05
  0.4369444444E+00  0.8055521155E+05
  0.4372222222E+00  0.8049020228E+05
  0.4375000000E+00  0.8042519289E+05
  0.4377777778E+00  0.8036018351E+05
  0.4380555556E+00  0.8029517280E+05
  0.4383333333E+00  0.8023016353E+05
  0.4386111111E+00  0.8016515416E+05
  0.4388888889E+00  0.8010014478E+05
  0.4391666667E+00  0.8003513540E+05
  0.4394444444E+00  0.7997012612E+05
  0.4397222222E+00  0.7990511674E+05
  0.4400000000E+00  0.7984010736E+05
  0.4402777778E+00  0.7976876279E+05
  0.4405555556E+00  0.7969741965E+05
  0.4408333333E+00  0.7962607641E+05
  0.4411111111E+00  0.7955473284E+05
  0.4413888889E+00  0.7948338871E+05
  0.4416666667E+00  0.7941204547E+05
  0.4419444444E+00  0.7934070201E+05
  0.4422222222E+00  0.7926935777E+05
  0.4425000000E+00  0.7919801453E+05
  0.4427777778E+00  0.7912667107E+05
  0.4430555556E+00  0.7905532682E+05
  0.4433333333E+00  0.7898398358E+05
  0.4436111111E+00  0.7891264012E+05
  0.4438888889E+00  0.7884129588E+05
  0.4441666667E+00  0.7876995275E+05
  0.4444444444E+00  0.7869860908E+05
  0.4447222222E+00  0.7862726554E+05
  0.4450000000E+00  0.7855592211E+05
  0.4452777778E+00  0.7848207177E+05
  0.4455555556E+00  0.7840822153E+05
  0.4458333333E+00  0.7833437107E+05
  0.4461111111E+00  0.7826052117E+05
  0.4463888889E+00  0.7818667084E+05
  0.4466666667E+00  0.7811282059E+05
  0.4469444444E+00  0.7803897026E+05
  0.4472222222E+00  0.7796512034E+05
  0.4475000000E+00  0.7789127001E+05
  0.4477777778E+00  0.7781741978E+05
  0.4480555556E+00  0.7774356943E+05
  0.4483333333E+00  0.7766971953E+05
  0.4486111111E+00  0.7759586918E+05
  0.4488888889E+00  0.7752201883E+05
  0.4491666667E+00  0.7744816850E+05
  0.4494444444E+00  0.7737431859E+05
  0.4497222222E+00  0.7730046825E+05
  0.4500000000E+00  0.7722661801E+05
  0.4502777778E+00  0.7715404343E+05
  0.4505555556E+00  0.7708146885E+05
  0.4508333333E+00  0.7700889393E+05
  0.4511111111E+00  0.7693631935E+05
  0.4513888889E+00  0.7686374477E+05
  0.4516666667E+00  0.7679117019E+05
  0.4519444444E+00  0.7671859526E+05
  0.4522222222E+00  0.7664602069E+05
  0.4525000000E+00  0.7657344611E+05
  0.4527777778E+00  0.7650087162E+05
  0.4530555556E+00  0.7642829671E+05
  0.4533333333E+00  0.7635572213E+05
  0.4536111111E+00  0.7628314754E+05
  0.4538888889E+00  0.7621057296E+05
  0.4541666667E+00  0.7613799804E+05
  0.4544444444E+00  0.7606542345E+05
  0.4547222222E+00  0.7599284888E+05
  0.4550000000E+00  0.7592027430E+05
  0.4552777778E+00  0.7585246798E+05
  0.4555555556E+00  0.7578466158E+05
  0.4558333333E+00  0.7571685549E+05
  0.4561111111E+00  0.7564904907E+05
  0.4563888889E+00  0.7558124310E+05
  0.4566666667E+00  0.7551343668E+05
  0.4569444444E+00  0.7544563059E+05
  0.4572222222E+00  0.7537782429E+05
  0.4575000000E+00  0.7531001810E+05
  0.4577777778E+00  0.7524221168E+05
  0.4580555556E+00  0.7517440561E+05
  0.4583333333E+00  0.7510659930E+05
  0.4586111111E+00  0.7503879287E+05
  0.4588888889E+00  0.7497098680E+05
  0.4591666667E+00  0.7490318049E+05
  0.4594444444E+00  0.7483537441E+05
  0.4597222222E+00  0.7476756799E+05
  0.4600000000E+00  0.7469976201E+05
  0.4602777778E+00  0.7463969594E+05
  0.4605555556E+00  0.7457962987E+05
  0.4608333333E+00  0.7451956400E+05
  0.4611111111E+00  0.7445949826E+05
  0.4613888889E+00  0.7439943230E+05
  0.4616666667E+00  0.7433936633E+05
  0.4619444444E+00  0.7427930036E+05
  0.4622222222E+00  0.7421923462E+05
  0.4625000000E+00  0.7415916876E+05
  0.4627777778E+00  0.7409910268E+05
  0.4630555556E+00  0.7403903661E+05
  0.4633333333E+00  0.7397897108E+05
  0.4636111111E+00  0.7391890500E+05
  0.4638888889E+00  0.7385883904E+05
  0.4641666667E+00  0.7379877306E+05
  0.4644444444E+00  0.7373870711E+05
  0.4647222222E+00  0.7367864136E+05
  0.4650000000E+00  0.7361857550E+05
  0.4652777778E+00  0.7356855326E+05
  0.4655555556E+00  0.7351853103E+05
  0.4658333333E+00  0.7346850846E+05
  0.4661111111E+00  0.7341848633E+05
  0.4663888889E+00  0.7336846410E+05
  0.4666666667E+00  0.7331844186E+05
  0.4669444444E+00  0.7326841974E+05
  0.4672222222E+00  0.7321839760E+05
  0.4675000000E+00  0.7316837536E+05
  0.4677777778E+00  0.7311835312E+05
  0.4680555556E+00  0.7306833067E+05
  0.4683333333E+00  0.7301830843E+05
  0.4686111111E+00  0.7296828620E+05
  0.4688888889E+00  0.7291826407E+05
  0.4691666667E+00  0.7286824184E+05
  0.4694444444E+00  0.7281821970E+05
  0.4697222222E+00  0.7276819747E+05
  0.4700000000E+00  0.7271817500E+05
  0.4702777778E+00  0.7267971464E+05
  0.4705555556E+00  0.7264125449E+05
  0.4708333333E+00  0.7260279424E+05
  0.4711111111E+00  0.7256433398E+05
  0.4713888889E+00  0.7252587373E+05
  0.4716666667E+00  0.7248741347E+05
  0.4719444444E+00  0.7244895332E+05
  0.4722222222E+00  0.7241049296E+05
  0.4725000000E+00  0.7237203281E+05
  0.4727777778E+00  0.7233357256E+05
  0.4730555556E+00  0.7229511229E+05
  0.4733333333E+00  0.7225665204E+05
  0.4736111111E+00  0.7221819179E+05
  0.4738888889E+00  0.7217973164E+05
  0.4741666667E+00  0.7214127128E+05
  0.4744444444E+00  0.7210281113E+05
  0.4747222222E+00  0.7206435087E+05
  0.4750000000E+00  0.7202589061E+05
  0.4752777778E+00  0.7199968850E+05
  0.4755555556E+00  0.7197348684E+05
  0.4758333333E+00  0.7194728484E+05
  0.4761111111E+00  0.7192108262E+05
  0.4763888889E+00  0.7189488096E+05
  0.4766666667E+00  0.7186867895E+05
  0.4769444444E+00  0.7184247707E+05
  0.4772222222E+00  0.7181627508E+05
  0.4775000000E+00  0.7179007307E+05
  0.4777777778E+00  0.7176387130E+05
  0.4780555556E+00  0.7173766918E+05
  0.4783333333E+00  0.7171146752E+05
  0.4786111111E+00  0.7168526542E+05
  0.4788888889E+00  0.7165906363E+05
  0.4791666667E+00  0.7163286154E+05
  0.4794444444E+00  0.7160665953E+05
  0.4797222222E+00  0.7158045786E+05
  0.4800000000E+00  0.7155425566E+05
  0.4802777778E+00  0.7154016131E+05
  0.4805555556E+00  0.7152606698E+05
  0.4808333333E+00  0.7151197252E+05
  0.4811111111E+00  0.7149787809E+05
  0.4813888889E+00  0.7148378373E+05
  0.4816666667E+00  0.7146968929E+05
  0.4819444444E+00  0.7145559484E+05
  0.4822222222E+00  0.7144150051E+05
  0.4825000000E+00  0.7142740640E+05
  0.4827777778E+00  0.7141331205E+05
  0.4830555556E+00  0.7139921760E+05
  0.4833333333E+00  0.7138512315E+05
  0.4836111111E+00  0.7137102871E+05
  0.4838888889E+00  0.7135693437E+05
  0.4841666667E+00  0.7134284003E+05
  0.4844444444E+00  0.7132874558E+05
  0.4847222222E+00  0.7131465114E+05
  0.4850000000E+00  0.7130055669E+05
  0.4852777778E+00  0.7129766760E+05
  0.4855555556E+00  0.7129477863E+05
  0.4858333333E+00  0.7129188944E+05
  0.4861111111E+00  0.7128900046E+05
  0.4863888889E+00  0.7128611127E+05
  0.4866666667E+00  0.7128322240E+05
  0.4869444444E+00  0.7128033321E+05
  0.4872222222E+00  0.7127744423E+05
  0.4875000000E+00  0.7127455504E+05
  0.4877777778E+00  0.7127166617E+05
  0.4880555556E+00  0.7126877698E+05
  0.4883333333E+00  0.7126588800E+05
  0.4886111111E+00  0.7126299881E+05
  0.4888888889E+00  0.7126011005E+05
  0.4891666667E+00  0.7125722075E+05
  0.4894444444E+00  0.7125433188E+05
  0.4897222222E+00  0.7125144257E+05
  0.4900000000E+00  0.7124855382E+05
  0.4902777778E+00  0.7125529714E+05
  0.4905555556E+00  0.7126204024E+05
  0.4908333333E+00  0.7126878356E+05
  0.4911111111E+00  0.7127552689E+05
  0.4913888889E+00  0.7128227032E+05
  0.4916666667E+00  0.7128901365E+05
  0.4919444444E+00  0.7129575708E+05
  0.4922222222E+00  0.7130250041E+05
  0.4925000000E+00  0.7130924373E+05
  0.4927777778E+00  0.7131598684E+05
  0.4930555556E+00  0.7132273015E+05
  0.4933333333E+00  0.7132947360E+05
  0.4936111111E+00  0.7133621691E+05
  0.4938888889E+00  0.7134296036E+05
  0.4941666667E+00  0.7134970377E+05
  0.4944444444E+00  0.7135644710E+05
  0.4947222222E+00  0.7136319053E+05
  0.4950000000E+00  0.7136993353E+05
