  0.1027777778E-01  0.2259290524E+08
  0.1055555556E-01  0.2256292537E+08
  0.1083333333E-01  0.2253294540E+08
  0.1111111111E-01  0.2250296564E+08
  0.1138888889E-01  0.2247298612E+08
  0.1166666667E-01  0.2244300615E+08
  0.1194444444E-01  0.2241302628E+08
  0.1222222222E-01  0.2238304631E+08
  0.1250000000E-01  0.2235306645E+08
  0.1277777778E-01  0.2232308657E+08
  0.1305555556E-01  0.2229310672E+08
  0.1333333333E-01  0.2226312685E+08
  0.1361111111E-01  0.2223314688E+08
  0.1388888889E-01  0.2220316703E+08
  0.1416666667E-01  0.2217318705E+08
  0.1444444444E-01  0.2214320729E+08
  0.1472222222E-01  0.2211322776E+08
  0.1500000000E-01  0.2208324779E+08
  0.1527777778E-01  0.2204247392E+08
  0.1555555556E-01  0.2200170028E+08
  0.1583333333E-01  0.2196092675E+08
  0.1611111111E-01  0.2192015311E+08
  0.1638888889E-01  0.2187937958E+08
  0.1666666667E-01  0.2183860559E+08
  0.1694444444E-01  0.2179783196E+08
  0.1722222222E-01  0.2175705842E+08
  0.1750000000E-01  0.2171628479E+08
  0.1777777778E-01  0.2167551124E+08
  0.1805555556E-01  0.2163473728E+08
  0.1833333333E-01  0.2159396373E+08
  0.1861111111E-01  0.2155319020E+08
  0.1888888889E-01  0.2151241645E+08
  0.1916666667E-01  0.2147164292E+08
  0.1944444444E-01  0.2143086928E+08
  0.1972222222E-01  0.2139009541E+08
  0.2000000000E-01  0.2134932187E+08
  0.2027777778E-01  0.2129887238E+08
  0.2055555556E-01  0.2124842290E+08
  0.2083333333E-01  0.2119797374E+08
  0.2111111111E-01  0.2114752426E+08
  0.2138888889E-01  0.2109707487E+08
  0.2166666667E-01  0.2104662539E+08
  0.2194444444E-01  0.2099617579E+08
  0.2222222222E-01  0.2094572673E+08
  0.2250000000E-01  0.2089527725E+08
  0.2277777778E-01  0.2084482777E+08
  0.2305555556E-01  0.2079437827E+08
  0.2333333333E-01  0.2074392879E+08
  0.2361111111E-01  0.2069347974E+08
  0.2388888889E-01  0.2064303025E+08
  0.2416666667E-01  0.2059258077E+08
  0.2444444444E-01  0.2054213127E+08
  0.2472222222E-01  0.2049168179E+08
  0.2500000000E-01  0.2044123241E+08
  0.2527777778E-01  0.2038247490E+08
  0.2555555556E-01  0.2032371696E+08
  0.2583333333E-01  0.2026495911E+08
  0.2611111111E-01  0.2020620126E+08
  0.2638888889E-01  0.2014744376E+08
  0.2666666667E-01  0.2008868592E+08
  0.2694444444E-01  0.2002992797E+08
  0.2722222222E-01  0.1997117024E+08
  0.2750000000E-01  0.1991241263E+08
  0.2777777778E-01  0.1985365478E+08
  0.2805555556E-01  0.1979489695E+08
  0.2833333333E-01  0.1973613910E+08
  0.2861111111E-01  0.1967738127E+08
  0.2888888889E-01  0.1961862365E+08
  0.2916666667E-01  0.1955986590E+08
  0.2944444444E-01  0.1950110807E+08
  0.2972222222E-01  0.1944235012E+08
  0.3000000000E-01  0.1938359262E+08
  0.3027777778E-01  0.1931808213E+08
  0.3055555556E-01  0.1925257188E+08
  0.3083333333E-01  0.1918706139E+08
  0.3111111111E-01  0.1912155103E+08
  0.3138888889E-01  0.1905604055E+08
  0.3166666667E-01  0.1899053006E+08
  0.3194444444E-01  0.1892501970E+08
  0.3222222222E-01  0.1885950922E+08
  0.3250000000E-01  0.1879399895E+08
  0.3277777778E-01  0.1872848847E+08
  0.3305555556E-01  0.1866297822E+08
  0.3333333333E-01  0.1859746762E+08
  0.3361111111E-01  0.1853195748E+08
  0.3388888889E-01  0.1846644699E+08
  0.3416666667E-01  0.1840093663E+08
  0.3444444444E-01  0.1833542615E+08
  0.3472222222E-01  0.1826991554E+08
  0.3500000000E-01  0.1820440540E+08
  0.3527777778E-01  0.1813379857E+08
  0.3555555556E-01  0.1806319175E+08
  0.3583333333E-01  0.1799258502E+08
  0.3611111111E-01  0.1792197818E+08
  0.3638888889E-01  0.1785137135E+08
  0.3666666667E-01  0.1778076452E+08
  0.3694444444E-01  0.1771015812E+08
  0.3722222222E-01  0.1763955130E+08
  0.3750000000E-01  0.1756894447E+08
  0.3777777778E-01  0.1749833774E+08
  0.3805555556E-01  0.1742773092E+08
  0.3833333333E-01  0.1735712419E+08
  0.3861111111E-01  0.1728651726E+08
  0.3888888889E-01  0.1721591052E+08
  0.3916666667E-01  0.1714530369E+08
  0.3944444444E-01  0.1707469687E+08
  0.3972222222E-01  0.1700409014E+08
  0.4000000000E-01  0.1693348331E+08
  0.4027777778E-01  0.1685950218E+08
  0.4055555556E-01  0.1678552083E+08
  0.4083333333E-01  0.1671153937E+08
  0.4111111111E-01  0.1663755802E+08
  0.4138888889E-01  0.1656357656E+08
  0.4166666667E-01  0.1648959521E+08
  0.4194444444E-01  0.1641561375E+08
  0.4222222222E-01  0.1634163263E+08
  0.4250000000E-01  0.1626765117E+08
  0.4277777778E-01  0.1619366981E+08
  0.4305555556E-01  0.1611968835E+08
  0.4333333333E-01  0.1604570689E+08
  0.4361111111E-01  0.1597172553E+08
  0.4388888889E-01  0.1589774407E+08
  0.4416666667E-01  0.1582376306E+08
  0.4444444444E-01  0.1574978159E+08
  0.4472222222E-01  0.1567580024E+08
  0.4500000000E-01  0.1560181868E+08
  0.4527777778E-01  0.1552616704E+08
  0.4555555556E-01  0.1545051574E+08
  0.4583333333E-01  0.1537486410E+08
  0.4611111111E-01  0.1529921246E+08
  0.4638888889E-01  0.1522356072E+08
  0.4666666667E-01  0.1514790942E+08
  0.4694444444E-01  0.1507225767E+08
  0.4722222222E-01  0.1499660604E+08
  0.4750000000E-01  0.1492095440E+08
  0.4777777778E-01  0.1484530299E+08
  0.4805555556E-01  0.1476965135E+08
  0.4833333333E-01  0.1469399972E+08
  0.4861111111E-01  0.1461834841E+08
  0.4888888889E-01  0.1454269677E+08
  0.4916666667E-01  0.1446704493E+08
  0.4944444444E-01  0.1439139329E+08
  0.4972222222E-01  0.1431574198E+08
  0.5000000000E-01  0.1424009035E+08
  0.5027777778E-01  0.1416439748E+08
  0.5055555556E-01  0.1408870471E+08
  0.5083333333E-01  0.1401301183E+08
  0.5111111111E-01  0.1393731896E+08
  0.5138888889E-01  0.1386162619E+08
  0.5166666667E-01  0.1378593342E+08
  0.5194444444E-01  0.1371024044E+08
  0.5222222222E-01  0.1363454767E+08
  0.5250000000E-01  0.1355885490E+08
  0.5277777778E-01  0.1348316203E+08
  0.5305555556E-01  0.1340746915E+08
  0.5333333333E-01  0.1333177638E+08
  0.5361111111E-01  0.1325608352E+08
  0.5388888889E-01  0.1318039075E+08
  0.5416666667E-01  0.1310469787E+08
  0.5444444444E-01  0.1302900500E+08
  0.5472222222E-01  0.1295331223E+08
  0.5500000000E-01  0.1287761946E+08
  0.5527777778E-01  0.1280338259E+08
  0.5555555556E-01  0.1272914561E+08
  0.5583333333E-01  0.1265490862E+08
  0.5611111111E-01  0.1258067160E+08
  0.5638888889E-01  0.1250643447E+08
  0.5666666667E-01  0.1243219752E+08
  0.5694444444E-01  0.1235796060E+08
  0.5722222222E-01  0.1228372365E+08
  0.5750000000E-01  0.1220948648E+08
  0.5777777778E-01  0.1213524956E+08
  0.5805555556E-01  0.1206101261E+08
  0.5833333333E-01  0.1198677558E+08
  0.5861111111E-01  0.1191253852E+08
  0.5888888889E-01  0.1183830160E+08
  0.5916666667E-01  0.1176406465E+08
  0.5944444444E-01  0.1168982759E+08
  0.5972222222E-01  0.1161559057E+08
  0.6000000000E-01  0.1154135361E+08
  0.6027777778E-01  0.1146989777E+08
  0.6055555556E-01  0.1139844183E+08
  0.6083333333E-01  0.1132698599E+08
  0.6111111111E-01  0.1125553015E+08
  0.6138888889E-01  0.1118407417E+08
  0.6166666667E-01  0.1111261844E+08
  0.6194444444E-01  0.1104116249E+08
  0.6222222222E-01  0.1096970655E+08
  0.6250000000E-01  0.1089825070E+08
  0.6277777778E-01  0.1082679487E+08
  0.6305555556E-01  0.1075533903E+08
  0.6333333333E-01  0.1068388305E+08
  0.6361111111E-01  0.1061242717E+08
  0.6388888889E-01  0.1054097136E+08
  0.6416666667E-01  0.1046951545E+08
  0.6444444444E-01  0.1039805964E+08
  0.6472222222E-01  0.1032660373E+08
  0.6500000000E-01  0.1025514781E+08
  0.6527777778E-01  0.1018758392E+08
  0.6555555556E-01  0.1012001996E+08
  0.6583333333E-01  0.1005245596E+08
  0.6611111111E-01  0.9984891965E+07
  0.6638888889E-01  0.9917328002E+07
  0.6666666667E-01  0.9849764105E+07
  0.6694444444E-01  0.9782200141E+07
  0.6722222222E-01  0.9714636144E+07
  0.6750000000E-01  0.9647072181E+07
  0.6777777778E-01  0.9579508184E+07
  0.6805555556E-01  0.9511944321E+07
  0.6833333333E-01  0.9444380324E+07
  0.6861111111E-01  0.9376816361E+07
  0.6888888889E-01  0.9309252364E+07
  0.6916666667E-01  0.9241688400E+07
  0.6944444444E-01  0.9174124503E+07
  0.6972222222E-01  0.9106560540E+07
  0.7000000000E-01  0.9038996543E+07
  0.7027777778E-01  0.8976202563E+07
  0.7055555556E-01  0.8913408582E+07
  0.7083333333E-01  0.8850614601E+07
  0.7111111111E-01  0.8787820721E+07
  0.7138888889E-01  0.8725026706E+07
  0.7166666667E-01  0.8662232725E+07
  0.7194444444E-01  0.8599438744E+07
  0.7222222222E-01  0.8536644764E+07
  0.7250000000E-01  0.8473850783E+07
  0.7277777778E-01  0.8411056802E+07
  0.7305555556E-01  0.8348262822E+07
  0.7333333333E-01  0.8285468907E+07
  0.7361111111E-01  0.8222674926E+07
  0.7388888889E-01  0.8159880945E+07
  0.7416666667E-01  0.8097086965E+07
  0.7444444444E-01  0.8034292984E+07
  0.7472222222E-01  0.7971499003E+07
  0.7500000000E-01  0.7908704989E+07
  0.7527777778E-01  0.7851310937E+07
  0.7555555556E-01  0.7793916856E+07
  0.7583333333E-01  0.7736522772E+07
  0.7611111111E-01  0.7679128688E+07
  0.7638888889E-01  0.7621734626E+07
  0.7666666667E-01  0.7564340541E+07
  0.7694444444E-01  0.7506946458E+07
  0.7722222222E-01  0.7449552374E+07
  0.7750000000E-01  0.7392158291E+07
  0.7777777778E-01  0.7334764240E+07
  0.7805555556E-01  0.7277370144E+07
  0.7833333333E-01  0.7219976061E+07
  0.7861111111E-01  0.7162581877E+07
  0.7888888889E-01  0.7105187827E+07
  0.7916666667E-01  0.7047793743E+07
  0.7944444444E-01  0.6990399647E+07
  0.7972222222E-01  0.6933005564E+07
  0.8000000000E-01  0.6875611480E+07
  0.8027777778E-01  0.6824004767E+07
  0.8055555556E-01  0.6772397920E+07
  0.8083333333E-01  0.6720791173E+07
  0.8111111111E-01  0.6669184326E+07
  0.8138888889E-01  0.6617577579E+07
  0.8166666667E-01  0.6565970821E+07
  0.8194444444E-01  0.6514363974E+07
  0.8222222222E-01  0.6462757227E+07
  0.8250000000E-01  0.6411150414E+07
  0.8277777778E-01  0.6359543667E+07
  0.8305555556E-01  0.6307936920E+07
  0.8333333333E-01  0.6256330073E+07
  0.8361111111E-01  0.6204723326E+07
  0.8388888889E-01  0.6153116467E+07
  0.8416666667E-01  0.6101509720E+07
  0.8444444444E-01  0.6049902873E+07
  0.8472222222E-01  0.5998296126E+07
  0.8500000000E-01  0.5946689412E+07
  0.8527777778E-01  0.5901021826E+07
  0.8555555556E-01  0.5855354362E+07
  0.8583333333E-01  0.5809686807E+07
  0.8611111111E-01  0.5764019355E+07
  0.8638888889E-01  0.5718351890E+07
  0.8666666667E-01  0.5672684336E+07
  0.8694444444E-01  0.5627016883E+07
  0.8722222222E-01  0.5581349330E+07
  0.8750000000E-01  0.5535681831E+07
  0.8777777778E-01  0.5490014328E+07
  0.8805555556E-01  0.5444346824E+07
  0.8833333333E-01  0.5398679319E+07
  0.8861111111E-01  0.5353011826E+07
  0.8888888889E-01  0.5307344332E+07
  0.8916666667E-01  0.5261676839E+07
  0.8944444444E-01  0.5216009335E+07
  0.8972222222E-01  0.5170341797E+07
  0.9000000000E-01  0.5124674304E+07
  0.9027777778E-01  0.5084887308E+07
  0.9055555556E-01  0.5045100365E+07
  0.9083333333E-01  0.5005313369E+07
  0.9111111111E-01  0.4965526383E+07
  0.9138888889E-01  0.4925739398E+07
  0.9166666667E-01  0.4885952411E+07
  0.9194444444E-01  0.4846165426E+07
  0.9222222222E-01  0.4806378429E+07
  0.9250000000E-01  0.4766591477E+07
  0.9277777778E-01  0.4726804493E+07
  0.9305555556E-01  0.4687017505E+07
  0.9333333333E-01  0.4647230520E+07
  0.9361111111E-01  0.4607443523E+07
  0.9388888889E-01  0.4567656538E+07
  0.9416666667E-01  0.4527869552E+07
  0.9444444444E-01  0.4488082600E+07
  0.9472222222E-01  0.4448295613E+07
  0.9500000000E-01  0.4408508618E+07
  0.9527777778E-01  0.4374360316E+07
  0.9555555556E-01  0.4340212015E+07
  0.9583333333E-01  0.4306063701E+07
  0.9611111111E-01  0.4271915400E+07
  0.9638888889E-01  0.4237767098E+07
  0.9666666667E-01  0.4203618830E+07
  0.9694444444E-01  0.4169470517E+07
  0.9722222222E-01  0.4135322215E+07
  0.9750000000E-01  0.4101173913E+07
  0.9777777778E-01  0.4067025601E+07
  0.9805555556E-01  0.4032877299E+07
  0.9833333333E-01  0.3998728998E+07
  0.9861111111E-01  0.3964580684E+07
  0.9888888889E-01  0.3930432383E+07
  0.9916666667E-01  0.3896284114E+07
  0.9944444444E-01  0.3862135813E+07
  0.9972222222E-01  0.3827987499E+07
  0.1000000000E+00  0.3793839198E+07
  0.1002777778E+00  0.3764936933E+07
  0.1005555556E+00  0.3736034668E+07
  0.1008333333E+00  0.3707132369E+07
  0.1011111111E+00  0.3678230104E+07
  0.1013888889E+00  0.3649327828E+07
  0.1016666667E+00  0.3620425573E+07
  0.1019444444E+00  0.3591523308E+07
  0.1022222222E+00  0.3562621032E+07
  0.1025000000E+00  0.3533718733E+07
  0.1027777778E+00  0.3504816469E+07
  0.1030555556E+00  0.3475914203E+07
  0.1033333333E+00  0.3447011938E+07
  0.1036111111E+00  0.3418109673E+07
  0.1038888889E+00  0.3389207397E+07
  0.1041666667E+00  0.3360305142E+07
  0.1044444444E+00  0.3331402832E+07
  0.1047222222E+00  0.3302500568E+07
  0.1050000000E+00  0.3273598303E+07
  0.1052777778E+00  0.3249441349E+07
  0.1055555556E+00  0.3225284350E+07
  0.1058333333E+00  0.3201127385E+07
  0.1061111111E+00  0.3176970431E+07
  0.1063888889E+00  0.3152813443E+07
  0.1066666667E+00  0.3128656489E+07
  0.1069444444E+00  0.3104499535E+07
  0.1072222222E+00  0.3080342526E+07
  0.1075000000E+00  0.3056185572E+07
  0.1077777778E+00  0.3032028617E+07
  0.1080555556E+00  0.3007871629E+07
  0.1083333333E+00  0.2983714665E+07
  0.1086111111E+00  0.2959557666E+07
  0.1088888889E+00  0.2935400712E+07
  0.1091666667E+00  0.2911243758E+07
  0.1094444444E+00  0.2887086760E+07
  0.1097222222E+00  0.2862929806E+07
  0.1100000000E+00  0.2838772852E+07
  0.1102777778E+00  0.2818784419E+07
  0.1105555556E+00  0.2798795987E+07
  0.1108333333E+00  0.2778807554E+07
  0.1111111111E+00  0.2758819165E+07
  0.1113888889E+00  0.2738830743E+07
  0.1116666667E+00  0.2718842300E+07
  0.1119444444E+00  0.2698853878E+07
  0.1122222222E+00  0.2678865490E+07
  0.1125000000E+00  0.2658877057E+07
  0.1127777778E+00  0.2638888625E+07
  0.1130555556E+00  0.2618900203E+07
  0.1133333333E+00  0.2598911803E+07
  0.1136111111E+00  0.2578923371E+07
  0.1138888889E+00  0.2558934949E+07
  0.1141666667E+00  0.2538946516E+07
  0.1144444444E+00  0.2518958128E+07
  0.1147222222E+00  0.2498969696E+07
  0.1150000000E+00  0.2478981263E+07
  0.1152777778E+00  0.2462549706E+07
  0.1155555556E+00  0.2446118105E+07
  0.1158333333E+00  0.2429686515E+07
  0.1161111111E+00  0.2413254947E+07
  0.1163888889E+00  0.2396823357E+07
  0.1166666667E+00  0.2380391756E+07
  0.1169444444E+00  0.2363960166E+07
  0.1172222222E+00  0.2347528598E+07
  0.1175000000E+00  0.2331097008E+07
  0.1177777778E+00  0.2314665407E+07
  0.1180555556E+00  0.2298233850E+07
  0.1183333333E+00  0.2281802249E+07
  0.1186111111E+00  0.2265370659E+07
  0.1188888889E+00  0.2248939091E+07
  0.1191666667E+00  0.2232507501E+07
  0.1194444444E+00  0.2216075900E+07
  0.1197222222E+00  0.2199644343E+07
  0.1200000000E+00  0.2183212742E+07
  0.1202777778E+00  0.2169723427E+07
  0.1205555556E+00  0.2156234145E+07
  0.1208333333E+00  0.2142744818E+07
  0.1211111111E+00  0.2129255503E+07
  0.1213888889E+00  0.2115766210E+07
  0.1216666667E+00  0.2102276894E+07
  0.1219444444E+00  0.2088787568E+07
  0.1222222222E+00  0.2075298285E+07
  0.1225000000E+00  0.2061808959E+07
  0.1227777778E+00  0.2048319643E+07
  0.1230555556E+00  0.2034830350E+07
  0.1233333333E+00  0.2021341035E+07
  0.1236111111E+00  0.2007851753E+07
  0.1238888889E+00  0.1994362426E+07
  0.1241666667E+00  0.1980873111E+07
  0.1244444444E+00  0.1967383818E+07
  0.1247222222E+00  0.1953894502E+07
  0.1250000000E+00  0.1940405176E+07
  0.1252777778E+00  0.1929269741E+07
  0.1255555556E+00  0.1918134305E+07
  0.1258333333E+00  0.1906998835E+07
  0.1261111111E+00  0.1895863401E+07
  0.1263888889E+00  0.1884727965E+07
  0.1266666667E+00  0.1873592495E+07
  0.1269444444E+00  0.1862457060E+07
  0.1272222222E+00  0.1851321624E+07
  0.1275000000E+00  0.1840186200E+07
  0.1277777778E+00  0.1829050720E+07
  0.1280555556E+00  0.1817915284E+07
  0.1283333333E+00  0.1806779859E+07
  0.1286111111E+00  0.1795644380E+07
  0.1288888889E+00  0.1784508944E+07
  0.1291666667E+00  0.1773373509E+07
  0.1294444444E+00  0.1762238073E+07
  0.1297222222E+00  0.1751102604E+07
  0.1300000000E+00  0.1739967169E+07
  0.1302777778E+00  0.1730648149E+07
  0.1305555556E+00  0.1721329106E+07
  0.1308333333E+00  0.1712010076E+07
  0.1311111111E+00  0.1702691056E+07
  0.1313888889E+00  0.1693372004E+07
  0.1316666667E+00  0.1684052984E+07
  0.1319444444E+00  0.1674733954E+07
  0.1322222222E+00  0.1665414911E+07
  0.1325000000E+00  0.1656095881E+07
  0.1327777778E+00  0.1646776861E+07
  0.1330555556E+00  0.1637457819E+07
  0.1333333333E+00  0.1628138789E+07
  0.1336111111E+00  0.1618819780E+07
  0.1338888889E+00  0.1609500716E+07
  0.1341666667E+00  0.1600181696E+07
  0.1344444444E+00  0.1590862677E+07
  0.1347222222E+00  0.1581543624E+07
  0.1350000000E+00  0.1572224604E+07
  0.1352777778E+00  0.1564251249E+07
  0.1355555556E+00  0.1556277916E+07
  0.1358333333E+00  0.1548304560E+07
  0.1361111111E+00  0.1540331205E+07
  0.1363888889E+00  0.1532357873E+07
  0.1366666667E+00  0.1524384517E+07
  0.1369444444E+00  0.1516411150E+07
  0.1372222222E+00  0.1508437839E+07
  0.1375000000E+00  0.1500464473E+07
  0.1377777778E+00  0.1492491107E+07
  0.1380555556E+00  0.1484517762E+07
  0.1383333333E+00  0.1476544429E+07
  0.1386111111E+00  0.1468571073E+07
  0.1388888889E+00  0.1460597707E+07
  0.1391666667E+00  0.1452624386E+07
  0.1394444444E+00  0.1444651030E+07
  0.1397222222E+00  0.1436677664E+07
  0.1400000000E+00  0.1428704342E+07
  0.1402777778E+00  0.1421684648E+07
  0.1405555556E+00  0.1414664933E+07
  0.1408333333E+00  0.1407645229E+07
  0.1411111111E+00  0.1400625558E+07
  0.1413888889E+00  0.1393605864E+07
  0.1416666667E+00  0.1386586159E+07
  0.1419444444E+00  0.1379566488E+07
  0.1422222222E+00  0.1372546794E+07
  0.1425000000E+00  0.1365527090E+07
  0.1427777778E+00  0.1358507386E+07
  0.1430555556E+00  0.1351487715E+07
  0.1433333333E+00  0.1344468021E+07
  0.1436111111E+00  0.1337448317E+07
  0.1438888889E+00  0.1330428601E+07
  0.1441666667E+00  0.1323408930E+07
  0.1444444444E+00  0.1316389236E+07
  0.1447222222E+00  0.1309369532E+07
  0.1450000000E+00  0.1302349861E+07
  0.1452777778E+00  0.1295974874E+07
  0.1455555556E+00  0.1289599886E+07
  0.1458333333E+00  0.1283224920E+07
  0.1461111111E+00  0.1276849933E+07
  0.1463888889E+00  0.1270474945E+07
  0.1466666667E+00  0.1264099958E+07
  0.1469444444E+00  0.1257724937E+07
  0.1472222222E+00  0.1251349959E+07
  0.1475000000E+00  0.1244974983E+07
  0.1477777778E+00  0.1238599996E+07
  0.1480555556E+00  0.1232225008E+07
  0.1483333333E+00  0.1225850021E+07
  0.1486111111E+00  0.1219475044E+07
  0.1488888889E+00  0.1213100056E+07
  0.1491666667E+00  0.1206725069E+07
  0.1494444444E+00  0.1200350092E+07
  0.1497222222E+00  0.1193975105E+07
  0.1500000000E+00  0.1187600118E+07
  0.1502777778E+00  0.1181642802E+07
  0.1505555556E+00  0.1175685486E+07
  0.1508333333E+00  0.1169728170E+07
  0.1511111111E+00  0.1163770865E+07
  0.1513888889E+00  0.1157813515E+07
  0.1516666667E+00  0.1151856189E+07
  0.1519444444E+00  0.1145898873E+07
  0.1522222222E+00  0.1139941557E+07
  0.1525000000E+00  0.1133984241E+07
  0.1527777778E+00  0.1128026892E+07
  0.1530555556E+00  0.1122069577E+07
  0.1533333333E+00  0.1116112261E+07
  0.1536111111E+00  0.1110154945E+07
  0.1538888889E+00  0.1104197629E+07
  0.1541666667E+00  0.1098240280E+07
  0.1544444444E+00  0.1092282954E+07
  0.1547222222E+00  0.1086325638E+07
  0.1550000000E+00  0.1080368333E+07
  0.1552777778E+00  0.1074678596E+07
  0.1555555556E+00  0.1068988860E+07
  0.1558333333E+00  0.1063299123E+07
  0.1561111111E+00  0.1057609420E+07
  0.1563888889E+00  0.1051919677E+07
  0.1566666667E+00  0.1046229947E+07
  0.1569444444E+00  0.1040540217E+07
  0.1572222222E+00  0.1034850499E+07
  0.1575000000E+00  0.1029160769E+07
  0.1577777778E+00  0.1023471039E+07
  0.1580555556E+00  0.1017781313E+07
  0.1583333333E+00  0.1012091583E+07
  0.1586111111E+00  0.1006401853E+07
  0.1588888889E+00  0.1000712123E+07
  0.1591666667E+00  0.9950223931E+06
  0.1594444444E+00  0.9893326745E+06
  0.1597222222E+00  0.9836429346E+06
  0.1600000000E+00  0.9779532048E+06
  0.1602777778E+00  0.9724487685E+06
  0.1605555556E+00  0.9669443534E+06
  0.1608333333E+00  0.9614399171E+06
  0.1611111111E+00  0.9559354886E+06
  0.1613888889E+00  0.9504310523E+06
  0.1616666667E+00  0.9449266272E+06
  0.1619444444E+00  0.9394221909E+06
  0.1622222222E+00  0.9339177658E+06
  0.1625000000E+00  0.9284133262E+06
  0.1627777778E+00  0.9229089011E+06
  0.1630555556E+00  0.9174044759E+06
  0.1633333333E+00  0.9119000396E+06
  0.1636111111E+00  0.9063956145E+06
  0.1638888889E+00  0.9008911749E+06
  0.1641666667E+00  0.8953867498E+06
  0.1644444444E+00  0.8898823135E+06
  0.1647222222E+00  0.8843778950E+06
  0.1650000000E+00  0.8788734609E+06
  0.1652777778E+00  0.8735271213E+06
  0.1655555556E+00  0.8681807784E+06
  0.1658333333E+00  0.8628344454E+06
  0.1661111111E+00  0.8574881024E+06
  0.1663888889E+00  0.8521417695E+06
  0.1666666667E+00  0.8467954265E+06
  0.1669444444E+00  0.8414490957E+06
  0.1672222222E+00  0.8361027528E+06
  0.1675000000E+00  0.8307564198E+06
  0.1677777778E+00  0.8254100769E+06
  0.1680555556E+00  0.8200637438E+06
  0.1683333333E+00  0.8147174009E+06
  0.1686111111E+00  0.8093710580E+06
  0.1688888889E+00  0.8040247283E+06
  0.1691666667E+00  0.7986783854E+06
  0.1694444444E+00  0.7933320524E+06
  0.1697222222E+00  0.7879857095E+06
  0.1700000000E+00  0.7826393765E+06
  0.1702777778E+00  0.7774674548E+06
  0.1705555556E+00  0.7722955287E+06
  0.1708333333E+00  0.7671236070E+06
  0.1711111111E+00  0.7619516809E+06
  0.1713888889E+00  0.7567797592E+06
  0.1716666667E+00  0.7516078342E+06
  0.1719444444E+00  0.7464359113E+06
  0.1722222222E+00  0.7412639863E+06
  0.1725000000E+00  0.7360920647E+06
  0.1727777778E+00  0.7309201385E+06
  0.1730555556E+00  0.7257482168E+06
  0.1733333333E+00  0.7205762940E+06
  0.1736111111E+00  0.7154043691E+06
  0.1738888889E+00  0.7102324474E+06
  0.1741666667E+00  0.7050605212E+06
  0.1744444444E+00  0.6998885995E+06
  0.1747222222E+00  0.6947166734E+06
  0.1750000000E+00  0.6895447517E+06
  0.1752777778E+00  0.6845924923E+06
  0.1755555556E+00  0.6796402330E+06
  0.1758333333E+00  0.6746879637E+06
  0.1761111111E+00  0.6697357011E+06
  0.1763888889E+00  0.6647834417E+06
  0.1766666667E+00  0.6598311724E+06
  0.1769444444E+00  0.6548789131E+06
  0.1772222222E+00  0.6499266536E+06
  0.1775000000E+00  0.6449743843E+06
  0.1777777778E+00  0.6400221250E+06
  0.1780555556E+00  0.6350698667E+06
  0.1783333333E+00  0.6301175974E+06
  0.1786111111E+00  0.6251653381E+06
  0.1788888889E+00  0.6202130788E+06
  0.1791666667E+00  0.6152608094E+06
  0.1794444444E+00  0.6103085501E+06
  0.1797222222E+00  0.6053562908E+06
  0.1800000000E+00  0.6004040214E+06
  0.1802777778E+00  0.5957328813E+06
  0.1805555556E+00  0.5910617412E+06
  0.1808333333E+00  0.5863906111E+06
  0.1811111111E+00  0.5817194699E+06
  0.1813888889E+00  0.5770483297E+06
  0.1816666667E+00  0.5723771897E+06
  0.1819444444E+00  0.5677060495E+06
  0.1822222222E+00  0.5630349095E+06
  0.1825000000E+00  0.5583637694E+06
  0.1827777778E+00  0.5536926292E+06
  0.1830555556E+00  0.5490214892E+06
  0.1833333333E+00  0.5443503490E+06
  0.1836111111E+00  0.5396792112E+06
  0.1838888889E+00  0.5350080711E+06
  0.1841666667E+00  0.5303369409E+06
  0.1844444444E+00  0.5256658009E+06
  0.1847222222E+00  0.5209946607E+06
  0.1850000000E+00  0.5163235206E+06
  0.1852777778E+00  0.5120001614E+06
  0.1855555556E+00  0.5076767989E+06
  0.1858333333E+00  0.5033534397E+06
  0.1861111111E+00  0.4990300805E+06
  0.1863888889E+00  0.4947067213E+06
  0.1866666667E+00  0.4903833588E+06
  0.1869444444E+00  0.4860599995E+06
  0.1872222222E+00  0.4817366415E+06
  0.1875000000E+00  0.4774132890E+06
  0.1877777778E+00  0.4730899298E+06
  0.1880555556E+00  0.4687665706E+06
  0.1883333333E+00  0.4644432114E+06
  0.1886111111E+00  0.4601198489E+06
  0.1888888889E+00  0.4557964897E+06
  0.1891666667E+00  0.4514731305E+06
  0.1894444444E+00  0.4471497724E+06
  0.1897222222E+00  0.4428264108E+06
  0.1900000000E+00  0.4385030527E+06
  0.1902777778E+00  0.4345892006E+06
  0.1905555556E+00  0.4306753497E+06
  0.1908333333E+00  0.4267614986E+06
  0.1911111111E+00  0.4228476500E+06
  0.1913888889E+00  0.4189337980E+06
  0.1916666667E+00  0.4150199459E+06
  0.1919444444E+00  0.4111060951E+06
  0.1922222222E+00  0.4071922441E+06
  0.1925000000E+00  0.4032783920E+06
  0.1927777778E+00  0.3993645399E+06
  0.1930555556E+00  0.3954506879E+06
  0.1933333333E+00  0.3915368369E+06
  0.1936111111E+00  0.3876229860E+06
  0.1938888889E+00  0.3837091340E+06
  0.1941666667E+00  0.3797952820E+06
  0.1944444444E+00  0.3758814334E+06
  0.1947222222E+00  0.3719675824E+06
  0.1950000000E+00  0.3680537303E+06
  0.1952777778E+00  0.3645991809E+06
  0.1955555556E+00  0.3611446316E+06
  0.1958333333E+00  0.3576900822E+06
  0.1961111111E+00  0.3542355327E+06
  0.1963888889E+00  0.3507809866E+06
  0.1966666667E+00  0.3473264373E+06
  0.1969444444E+00  0.3438718868E+06
  0.1972222222E+00  0.3404173374E+06
  0.1975000000E+00  0.3369627890E+06
  0.1977777778E+00  0.3335082429E+06
  0.1980555556E+00  0.3300536925E+06
  0.1983333333E+00  0.3265991431E+06
  0.1986111111E+00  0.3231445937E+06
  0.1988888889E+00  0.3196900442E+06
  0.1991666667E+00  0.3162354982E+06
  0.1994444444E+00  0.3127809487E+06
  0.1997222222E+00  0.3093263994E+06
  0.2000000000E+00  0.3058718489E+06
  0.2002777778E+00  0.3029090525E+06
  0.2005555556E+00  0.2999462539E+06
  0.2008333333E+00  0.2969834554E+06
  0.2011111111E+00  0.2940206581E+06
  0.2013888889E+00  0.2910578596E+06
  0.2016666667E+00  0.2880950611E+06
  0.2019444444E+00  0.2851322625E+06
  0.2022222222E+00  0.2821694662E+06
  0.2025000000E+00  0.2792066677E+06
  0.2027777778E+00  0.2762438691E+06
  0.2030555556E+00  0.2732810750E+06
  0.2033333333E+00  0.2703182766E+06
  0.2036111111E+00  0.2673554781E+06
  0.2038888889E+00  0.2643926817E+06
  0.2041666667E+00  0.2614298832E+06
  0.2044444444E+00  0.2584670847E+06
  0.2047222222E+00  0.2555042873E+06
  0.2050000000E+00  0.2525414887E+06
  0.2052777778E+00  0.2500834106E+06
  0.2055555556E+00  0.2476253323E+06
  0.2058333333E+00  0.2451672574E+06
  0.2061111111E+00  0.2427091803E+06
  0.2063888889E+00  0.2402511054E+06
  0.2066666667E+00  0.2377930271E+06
  0.2069444444E+00  0.2353349488E+06
  0.2072222222E+00  0.2328768729E+06
  0.2075000000E+00  0.2304187958E+06
  0.2077777778E+00  0.2279607175E+06
  0.2080555556E+00  0.2255026427E+06
  0.2083333333E+00  0.2230445645E+06
  0.2086111111E+00  0.2205864862E+06
  0.2088888889E+00  0.2181284124E+06
  0.2091666667E+00  0.2156703342E+06
  0.2094444444E+00  0.2132122559E+06
  0.2097222222E+00  0.2107541810E+06
  0.2100000000E+00  0.2082961017E+06
  0.2102777778E+00  0.2063353794E+06
  0.2105555556E+00  0.2043746592E+06
  0.2108333333E+00  0.2024139355E+06
  0.2111111111E+00  0.2004532120E+06
  0.2113888889E+00  0.1984924896E+06
  0.2116666667E+00  0.1965317693E+06
  0.2119444444E+00  0.1945710458E+06
  0.2122222222E+00  0.1926103234E+06
  0.2125000000E+00  0.1906495989E+06
  0.2127777778E+00  0.1886888786E+06
  0.2130555556E+00  0.1867281551E+06
  0.2133333333E+00  0.1847674327E+06
  0.2136111111E+00  0.1828067091E+06
  0.2138888889E+00  0.1808459889E+06
  0.2141666667E+00  0.1788852665E+06
  0.2144444444E+00  0.1769245430E+06
  0.2147222222E+00  0.1749638194E+06
  0.2150000000E+00  0.1730030982E+06
  0.2152777778E+00  0.1715133707E+06
  0.2155555556E+00  0.1700236421E+06
  0.2158333333E+00  0.1685339113E+06
  0.2161111111E+00  0.1670441827E+06
  0.2163888889E+00  0.1655544552E+06
  0.2166666667E+00  0.1640647266E+06
  0.2169444444E+00  0.1625749980E+06
  0.2172222222E+00  0.1610852695E+06
  0.2175000000E+00  0.1595955419E+06
  0.2177777778E+00  0.1581058134E+06
  0.2180555556E+00  0.1566160858E+06
  0.2183333333E+00  0.1551263573E+06
  0.2186111111E+00  0.1536366297E+06
  0.2188888889E+00  0.1521469012E+06
  0.2191666667E+00  0.1506571725E+06
  0.2194444444E+00  0.1491674440E+06
  0.2197222222E+00  0.1476777165E+06
  0.2200000000E+00  0.1461879879E+06
  0.2202777778E+00  0.1451267602E+06
  0.2205555556E+00  0.1440655325E+06
  0.2208333333E+00  0.1430043047E+06
  0.2211111111E+00  0.1419430780E+06
  0.2213888889E+00  0.1408818492E+06
  0.2216666667E+00  0.1398206225E+06
  0.2219444444E+00  0.1387593937E+06
  0.2222222222E+00  0.1376981704E+06
  0.2225000000E+00  0.1366369416E+06
  0.2227777778E+00  0.1355757138E+06
  0.2230555556E+00  0.1345144872E+06
  0.2233333333E+00  0.1334532584E+06
  0.2236111111E+00  0.1323920317E+06
  0.2238888889E+00  0.1313308029E+06
  0.2241666667E+00  0.1302695796E+06
  0.2244444444E+00  0.1292083518E+06
  0.2247222222E+00  0.1281471230E+06
  0.2250000000E+00  0.1270858963E+06
  0.2252777778E+00  0.1263980088E+06
  0.2255555556E+00  0.1257101246E+06
  0.2258333333E+00  0.1250222415E+06
  0.2261111111E+00  0.1243343540E+06
  0.2263888889E+00  0.1236464698E+06
  0.2266666667E+00  0.1229585833E+06
  0.2269444444E+00  0.1222706992E+06
  0.2272222222E+00  0.1215828117E+06
  0.2275000000E+00  0.1208949285E+06
  0.2277777778E+00  0.1202070432E+06
  0.2280555556E+00  0.1195191557E+06
  0.2283333333E+00  0.1188312726E+06
  0.2286111111E+00  0.1181433851E+06
  0.2288888889E+00  0.1174555009E+06
  0.2291666667E+00  0.1167676144E+06
  0.2294444444E+00  0.1160797302E+06
  0.2297222222E+00  0.1153918461E+06
  0.2300000000E+00  0.1147039595E+06
  0.2302777778E+00  0.1143260276E+06
  0.2305555556E+00  0.1139480925E+06
  0.2308333333E+00  0.1135701605E+06
  0.2311111111E+00  0.1131922253E+06
  0.2313888889E+00  0.1128142933E+06
  0.2316666667E+00  0.1124363592E+06
  0.2319444444E+00  0.1120584273E+06
  0.2322222222E+00  0.1116804937E+06
  0.2325000000E+00  0.1113025601E+06
  0.2327777778E+00  0.1109246266E+06
  0.2330555556E+00  0.1105466934E+06
  0.2333333333E+00  0.1101687598E+06
  0.2336111111E+00  0.1097908265E+06
  0.2338888889E+00  0.1094128940E+06
  0.2341666667E+00  0.1090349604E+06
  0.2344444444E+00  0.1086570271E+06
  0.2347222222E+00  0.1082790935E+06
  0.2350000000E+00  0.1079011601E+06
  0.2352777778E+00  0.1077657592E+06
  0.2355555556E+00  0.1076303581E+06
  0.2358333333E+00  0.1074949571E+06
  0.2361111111E+00  0.1073595563E+06
  0.2363888889E+00  0.1072241541E+06
  0.2366666667E+00  0.1070887531E+06
  0.2369444444E+00  0.1069533530E+06
  0.2372222222E+00  0.1068179512E+06
  0.2375000000E+00  0.1066825501E+06
  0.2377777778E+00  0.1065471490E+06
  0.2380555556E+00  0.1064117475E+06
  0.2383333333E+00  0.1062763464E+06
  0.2386111111E+00  0.1061409460E+06
  0.2388888889E+00  0.1060055446E+06
  0.2391666667E+00  0.1058701436E+06
  0.2394444444E+00  0.1057347422E+06
  0.2397222222E+00  0.1055993408E+06
  0.2400000000E+00  0.1054639394E+06
  0.2402777778E+00  0.1055038045E+06
  0.2405555556E+00  0.1055436693E+06
  0.2408333333E+00  0.1055835343E+06
  0.2411111111E+00  0.1056233990E+06
  0.2413888889E+00  0.1056632641E+06
  0.2416666667E+00  0.1057031291E+06
  0.2419444444E+00  0.1057429939E+06
  0.2422222222E+00  0.1057828590E+06
  0.2425000000E+00  0.1058227237E+06
  0.2427777778E+00  0.1058625888E+06
  0.2430555556E+00  0.1059024535E+06
  0.2433333333E+00  0.1059423185E+06
  0.2436111111E+00  0.1059821833E+06
  0.2438888889E+00  0.1060220484E+06
  0.2441666667E+00  0.1060619131E+06
  0.2444444444E+00  0.1061017782E+06
  0.2447222222E+00  0.1061416429E+06
  0.2450000000E+00  0.1061815079E+06
  0.2452777778E+00  0.1063332143E+06
  0.2455555556E+00  0.1064849207E+06
  0.2458333333E+00  0.1066366280E+06
  0.2461111111E+00  0.1067883344E+06
  0.2463888889E+00  0.1069400417E+06
  0.2466666667E+00  0.1070917480E+06
  0.2469444444E+00  0.1072434544E+06
  0.2472222222E+00  0.1073951618E+06
  0.2475000000E+00  0.1075468681E+06
  0.2477777778E+00  0.1076985754E+06
  0.2480555556E+00  0.1078502818E+06
  0.2483333333E+00  0.1080019882E+06
  0.2486111111E+00  0.1081536955E+06
  0.2488888889E+00  0.1083054019E+06
  0.2491666667E+00  0.1084571092E+06
  0.2494444444E+00  0.1086088152E+06
  0.2497222222E+00  0.1087605226E+06
  0.2500000000E+00  0.1089122289E+06
  0.2502777778E+00  0.1091191040E+06
  0.2505555556E+00  0.1093259788E+06
  0.2508333333E+00  0.1095328536E+06
  0.2511111111E+00  0.1097397284E+06
  0.2513888889E+00  0.1099466031E+06
  0.2516666667E+00  0.1101534783E+06
  0.2519444444E+00  0.1103603541E+06
  0.2522222222E+00  0.1105672288E+06
  0.2525000000E+00  0.1107741036E+06
  0.2527777778E+00  0.1109809787E+06
  0.2530555556E+00  0.1111878535E+06
  0.2533333333E+00  0.1113947282E+06
  0.2536111111E+00  0.1116016031E+06
  0.2538888889E+00  0.1118084778E+06
  0.2541666667E+00  0.1120153529E+06
  0.2544444444E+00  0.1122222277E+06
  0.2547222222E+00  0.1124291035E+06
  0.2550000000E+00  0.1126359783E+06
  0.2552777778E+00  0.1128503599E+06
  0.2555555556E+00  0.1130647419E+06
  0.2558333333E+00  0.1132791236E+06
  0.2561111111E+00  0.1134935062E+06
  0.2563888889E+00  0.1137078879E+06
  0.2566666667E+00  0.1139222699E+06
  0.2569444444E+00  0.1141366515E+06
  0.2572222222E+00  0.1143510342E+06
  0.2575000000E+00  0.1145654158E+06
  0.2577777778E+00  0.1147797977E+06
  0.2580555556E+00  0.1149941804E+06
  0.2583333333E+00  0.1152085620E+06
  0.2586111111E+00  0.1154229437E+06
  0.2588888889E+00  0.1156373257E+06
  0.2591666667E+00  0.1158517083E+06
  0.2594444444E+00  0.1160660900E+06
  0.2597222222E+00  0.1162804717E+06
  0.2600000000E+00  0.1164948536E+06
  0.2602777778E+00  0.1166792612E+06
  0.2605555556E+00  0.1168636697E+06
  0.2608333333E+00  0.1170480772E+06
  0.2611111111E+00  0.1172324847E+06
  0.2613888889E+00  0.1174168923E+06
  0.2616666667E+00  0.1176012997E+06
  0.2619444444E+00  0.1177857073E+06
  0.2622222222E+00  0.1179701152E+06
  0.2625000000E+00  0.1181545226E+06
  0.2627777778E+00  0.1183389302E+06
  0.2630555556E+00  0.1185233376E+06
  0.2633333333E+00  0.1187077452E+06
  0.2636111111E+00  0.1188921527E+06
  0.2638888889E+00  0.1190765602E+06
  0.2641666667E+00  0.1192609678E+06
  0.2644444444E+00  0.1194453756E+06
  0.2647222222E+00  0.1196297832E+06
  0.2650000000E+00  0.1198141906E+06
  0.2652777778E+00  0.1199419341E+06
  0.2655555556E+00  0.1200696762E+06
  0.2658333333E+00  0.1201974196E+06
  0.2661111111E+00  0.1203251630E+06
  0.2663888889E+00  0.1204529054E+06
  0.2666666667E+00  0.1205806488E+06
  0.2669444444E+00  0.1207083923E+06
  0.2672222222E+00  0.1208361343E+06
  0.2675000000E+00  0.1209638778E+06
  0.2677777778E+00  0.1210916201E+06
  0.2680555556E+00  0.1212193636E+06
  0.2683333333E+00  0.1213471070E+06
  0.2686111111E+00  0.1214748491E+06
  0.2688888889E+00  0.1216025925E+06
  0.2691666667E+00  0.1217303349E+06
  0.2694444444E+00  0.1218580783E+06
  0.2697222222E+00  0.1219858218E+06
  0.2700000000E+00  0.1221135642E+06
  0.2702777778E+00  0.1221684993E+06
  0.2705555556E+00  0.1222234345E+06
  0.2708333333E+00  0.1222783707E+06
  0.2711111111E+00  0.1223333058E+06
  0.2713888889E+00  0.1223882410E+06
  0.2716666667E+00  0.1224431762E+06
  0.2719444444E+00  0.1224981114E+06
  0.2722222222E+00  0.1225530464E+06
  0.2725000000E+00  0.1226079816E+06
  0.2727777778E+00  0.1226629178E+06
  0.2730555556E+00  0.1227178530E+06
  0.2733333333E+00  0.1227727882E+06
  0.2736111111E+00  0.1228277233E+06
  0.2738888889E+00  0.1228826585E+06
  0.2741666667E+00  0.1229375936E+06
  0.2744444444E+00  0.1229925288E+06
  0.2747222222E+00  0.1230474650E+06
  0.2750000000E+00  0.1231024001E+06
  0.2752777778E+00  0.1230780091E+06
  0.2755555556E+00  0.1230536182E+06
  0.2758333333E+00  0.1230292269E+06
  0.2761111111E+00  0.1230048369E+06
  0.2763888889E+00  0.1229804459E+06
  0.2766666667E+00  0.1229560549E+06
  0.2769444444E+00  0.1229316639E+06
  0.2772222222E+00  0.1229072739E+06
  0.2775000000E+00  0.1228828829E+06
  0.2777777778E+00  0.1228584919E+06
  0.2780555556E+00  0.1228341009E+06
  0.2783333333E+00  0.1228097099E+06
  0.2786111111E+00  0.1227853199E+06
  0.2788888889E+00  0.1227609289E+06
  0.2791666667E+00  0.1227365379E+06
  0.2794444444E+00  0.1227121469E+06
  0.2797222222E+00  0.1226877569E+06
  0.2800000000E+00  0.1226633660E+06
  0.2802777778E+00  0.1225614661E+06
  0.2805555556E+00  0.1224595666E+06
  0.2808333333E+00  0.1223576671E+06
  0.2811111111E+00  0.1222557672E+06
  0.2813888889E+00  0.1221538677E+06
  0.2816666667E+00  0.1220519682E+06
  0.2819444444E+00  0.1219500684E+06
  0.2822222222E+00  0.1218481688E+06
  0.2825000000E+00  0.1217462690E+06
  0.2827777778E+00  0.1216443685E+06
  0.2830555556E+00  0.1215424690E+06
  0.2833333333E+00  0.1214405691E+06
  0.2836111111E+00  0.1213386696E+06
  0.2838888889E+00  0.1212367701E+06
  0.2841666667E+00  0.1211348703E+06
  0.2844444444E+00  0.1210329707E+06
  0.2847222222E+00  0.1209310709E+06
  0.2850000000E+00  0.1208291714E+06
  0.2852777778E+00  0.1206583458E+06
  0.2855555556E+00  0.1204875192E+06
  0.2858333333E+00  0.1203166926E+06
  0.2861111111E+00  0.1201458670E+06
  0.2863888889E+00  0.1199750403E+06
  0.2866666667E+00  0.1198042141E+06
  0.2869444444E+00  0.1196333885E+06
  0.2872222222E+00  0.1194625619E+06
  0.2875000000E+00  0.1192917363E+06
  0.2877777778E+00  0.1191209097E+06
  0.2880555556E+00  0.1189500831E+06
  0.2883333333E+00  0.1187792575E+06
  0.2886111111E+00  0.1186084309E+06
  0.2888888889E+00  0.1184376053E+06
  0.2891666667E+00  0.1182667787E+06
  0.2894444444E+00  0.1180959521E+06
  0.2897222222E+00  0.1179251264E+06
  0.2900000000E+00  0.1177542998E+06
  0.2902777778E+00  0.1175279086E+06
  0.2905555556E+00  0.1173015171E+06
  0.2908333333E+00  0.1170751258E+06
  0.2911111111E+00  0.1168487346E+06
  0.2913888889E+00  0.1166223431E+06
  0.2916666667E+00  0.1163959518E+06
  0.2919444444E+00  0.1161695603E+06
  0.2922222222E+00  0.1159431691E+06
  0.2925000000E+00  0.1157167775E+06
  0.2927777778E+00  0.1154903853E+06
  0.2930555556E+00  0.1152639938E+06
  0.2933333333E+00  0.1150376025E+06
  0.2936111111E+00  0.1148112110E+06
  0.2938888889E+00  0.1145848198E+06
  0.2941666667E+00  0.1143584282E+06
  0.2944444444E+00  0.1141320370E+06
  0.2947222222E+00  0.1139056455E+06
  0.2950000000E+00  0.1136792542E+06
  0.2952777778E+00  0.1134138706E+06
  0.2955555556E+00  0.1131484865E+06
  0.2958333333E+00  0.1128831028E+06
  0.2961111111E+00  0.1126177197E+06
  0.2963888889E+00  0.1123523360E+06
  0.2966666667E+00  0.1120869523E+06
  0.2969444444E+00  0.1118215683E+06
  0.2972222222E+00  0.1115561845E+06
  0.2975000000E+00  0.1112908004E+06
  0.2977777778E+00  0.1110254178E+06
  0.2980555556E+00  0.1107600337E+06
  0.2983333333E+00  0.1104946500E+06
  0.2986111111E+00  0.1102292662E+06
  0.2988888889E+00  0.1099638822E+06
  0.2991666667E+00  0.1096984985E+06
  0.2994444444E+00  0.1094331154E+06
  0.2997222222E+00  0.1091677317E+06
  0.3000000000E+00  0.1089023480E+06
  0.3002777778E+00  0.1086157600E+06
  0.3005555556E+00  0.1083291722E+06
  0.3008333333E+00  0.1080425846E+06
  0.3011111111E+00  0.1077559968E+06
  0.3013888889E+00  0.1074694089E+06
  0.3016666667E+00  0.1071828211E+06
  0.3019444444E+00  0.1068962333E+06
  0.3022222222E+00  0.1066096447E+06
  0.3025000000E+00  0.1063230566E+06
  0.3027777778E+00  0.1060364690E+06
  0.3030555556E+00  0.1057498812E+06
  0.3033333333E+00  0.1054632936E+06
  0.3036111111E+00  0.1051767058E+06
  0.3038888889E+00  0.1048901177E+06
  0.3041666667E+00  0.1046035301E+06
  0.3044444444E+00  0.1043169423E+06
  0.3047222222E+00  0.1040303547E+06
  0.3050000000E+00  0.1037437666E+06
  0.3052777778E+00  0.1034535692E+06
  0.3055555556E+00  0.1031633716E+06
  0.3058333333E+00  0.1028731749E+06
  0.3061111111E+00  0.1025829775E+06
  0.3063888889E+00  0.1022927798E+06
  0.3066666667E+00  0.1020025825E+06
  0.3069444444E+00  0.1017123858E+06
  0.3072222222E+00  0.1014221881E+06
  0.3075000000E+00  0.1011319908E+06
  0.3077777778E+00  0.1008417932E+06
  0.3080555556E+00  0.1005515965E+06
  0.3083333333E+00  0.1002613992E+06
  0.3086111111E+00  0.9997120148E+05
  0.3088888889E+00  0.9968100412E+05
  0.3091666667E+00  0.9939080745E+05
  0.3094444444E+00  0.9910060976E+05
  0.3097222222E+00  0.9881041241E+05
  0.3100000000E+00  0.9852021473E+05
  0.3102777778E+00  0.9824250076E+05
  0.3105555556E+00  0.9796478623E+05
  0.3108333333E+00  0.9768707125E+05
  0.3111111111E+00  0.9740935672E+05
  0.3113888889E+00  0.9713164275E+05
  0.3116666667E+00  0.9685392789E+05
  0.3119444444E+00  0.9657621336E+05
  0.3122222222E+00  0.9629849940E+05
  0.3125000000E+00  0.9602078454E+05
  0.3127777778E+00  0.9574306989E+05
  0.3130555556E+00  0.9546535603E+05
  0.3133333333E+00  0.9518764140E+05
  0.3136111111E+00  0.9490992653E+05
  0.3138888889E+00  0.9463221256E+05
  0.3141666667E+00  0.9435449803E+05
  0.3144444444E+00  0.9407678317E+05
  0.3147222222E+00  0.9379906821E+05
  0.3150000000E+00  0.9352135468E+05
  0.3152777778E+00  0.9326976989E+05
  0.3155555556E+00  0.9301818477E+05
  0.3158333333E+00  0.9276659999E+05
  0.3161111111E+00  0.9251501520E+05
  0.3163888889E+00  0.9226343041E+05
  0.3166666667E+00  0.9201184575E+05
  0.3169444444E+00  0.9176025962E+05
  0.3172222222E+00  0.9150867483E+05
  0.3175000000E+00  0.9125709006E+05
  0.3177777778E+00  0.9100550527E+05
  0.3180555556E+00  0.9075392015E+05
  0.3183333333E+00  0.9050233537E+05
  0.3186111111E+00  0.9025075069E+05
  0.3188888889E+00  0.8999916591E+05
  0.3191666667E+00  0.8974758113E+05
  0.3194444444E+00  0.8949599600E+05
  0.3197222222E+00  0.8924441122E+05
  0.3200000000E+00  0.8899282644E+05
  0.3202777778E+00  0.8877776462E+05
  0.3205555556E+00  0.8856270169E+05
  0.3208333333E+00  0.8834763954E+05
  0.3211111111E+00  0.8813257761E+05
  0.3213888889E+00  0.8791751580E+05
  0.3216666667E+00  0.8770245288E+05
  0.3219444444E+00  0.8748739105E+05
  0.3222222222E+00  0.8727232913E+05
  0.3225000000E+00  0.8705726598E+05
  0.3227777778E+00  0.8684220405E+05
  0.3230555556E+00  0.8662714223E+05
  0.3233333333E+00  0.8641208031E+05
  0.3236111111E+00  0.8619701738E+05
  0.3238888889E+00  0.8598195556E+05
  0.3241666667E+00  0.8576689364E+05
  0.3244444444E+00  0.8555183049E+05
  0.3247222222E+00  0.8533676856E+05
  0.3250000000E+00  0.8512170674E+05
  0.3252777778E+00  0.8495017566E+05
  0.3255555556E+00  0.8477864424E+05
  0.3258333333E+00  0.8460711315E+05
  0.3261111111E+00  0.8443558273E+05
  0.3263888889E+00  0.8426405165E+05
  0.3266666667E+00  0.8409252022E+05
  0.3269444444E+00  0.8392098914E+05
  0.3272222222E+00  0.8374945806E+05
  0.3275000000E+00  0.8357792763E+05
  0.3277777778E+00  0.8340639655E+05
  0.3280555556E+00  0.8323486513E+05
  0.3283333333E+00  0.8306333404E+05
  0.3286111111E+00  0.8289180262E+05
  0.3288888889E+00  0.8272027254E+05
  0.3291666667E+00  0.8254874144E+05
  0.3294444444E+00  0.8237721003E+05
  0.3297222222E+00  0.8220567906E+05
  0.3300000000E+00  0.8203414763E+05
  0.3302777778E+00  0.8190945129E+05
  0.3305555556E+00  0.8178475461E+05
  0.3308333333E+00  0.8166005827E+05
  0.3311111111E+00  0.8153536193E+05
  0.3313888889E+00  0.8141066426E+05
  0.3316666667E+00  0.8128596791E+05
  0.3319444444E+00  0.8116127123E+05
  0.3322222222E+00  0.8103657489E+05
  0.3325000000E+00  0.8091187822E+05
  0.3327777778E+00  0.8078718087E+05
  0.3330555556E+00  0.8066248453E+05
  0.3333333333E+00  0.8053778785E+05
  0.3336111111E+00  0.8041309151E+05
  0.3338888889E+00  0.8028839483E+05
  0.3341666667E+00  0.8016369749E+05
  0.3344444444E+00  0.8003900081E+05
  0.3347222222E+00  0.7991430447E+05
  0.3350000000E+00  0.7978960812E+05
  0.3352777778E+00  0.7971173486E+05
  0.3355555556E+00  0.7963386204E+05
  0.3358333333E+00  0.7955598877E+05
  0.3361111111E+00  0.7947811584E+05
  0.3363888889E+00  0.7940024257E+05
  0.3366666667E+00  0.7932236964E+05
  0.3369444444E+00  0.7924449648E+05
  0.3372222222E+00  0.7916662355E+05
  0.3375000000E+00  0.7908874929E+05
  0.3377777778E+00  0.7901087635E+05
  0.3380555556E+00  0.7893300353E+05
  0.3383333333E+00  0.7885513027E+05
  0.3386111111E+00  0.7877725734E+05
  0.3388888889E+00  0.7869938406E+05
  0.3391666667E+00  0.7862151113E+05
  0.3394444444E+00  0.7854363798E+05
  0.3397222222E+00  0.7846576504E+05
  0.3400000000E+00  0.7838789178E+05
  0.3402777778E+00  0.7835381453E+05
  0.3405555556E+00  0.7831973715E+05
  0.3408333333E+00  0.7828565988E+05
  0.3411111111E+00  0.7825158263E+05
  0.3413888889E+00  0.7821750525E+05
  0.3416666667E+00  0.7818342800E+05
  0.3419444444E+00  0.7814935073E+05
  0.3422222222E+00  0.7811527337E+05
  0.3425000000E+00  0.7808119577E+05
  0.3427777778E+00  0.7804711851E+05
  0.3430555556E+00  0.7801304114E+05
  0.3433333333E+00  0.7797896388E+05
  0.3436111111E+00  0.7794488651E+05
  0.3438888889E+00  0.7791080924E+05
  0.3441666667E+00  0.7787673199E+05
  0.3444444444E+00  0.7784265461E+05
  0.3447222222E+00  0.7780857736E+05
  0.3450000000E+00  0.7777450010E+05
  0.3452777778E+00  0.7777872949E+05
  0.3455555556E+00  0.7778295932E+05
  0.3458333333E+00  0.7778718906E+05
  0.3461111111E+00  0.7779141989E+05
  0.3463888889E+00  0.7779564963E+05
  0.3466666667E+00  0.7779987912E+05
  0.3469444444E+00  0.7780410885E+05
  0.3472222222E+00  0.7780833870E+05
  0.3475000000E+00  0.7781256942E+05
  0.3477777778E+00  0.7781679893E+05
  0.3480555556E+00  0.7782102865E+05
  0.3483333333E+00  0.7782525850E+05
  0.3486111111E+00  0.7782948821E+05
  0.3488888889E+00  0.7783371806E+05
  0.3491666667E+00  0.7783794845E+05
  0.3494444444E+00  0.7784217829E+05
  0.3497222222E+00  0.7784640802E+05
  0.3500000000E+00  0.7785063774E+05
  0.3502777778E+00  0.7788586365E+05
  0.3505555556E+00  0.7792108920E+05
  0.3508333333E+00  0.7795631610E+05
  0.3511111111E+00  0.7799154199E+05
  0.3513888889E+00  0.7802676789E+05
  0.3516666667E+00  0.7806199345E+05
  0.3519444444E+00  0.7809721935E+05
  0.3522222222E+00  0.7813244525E+05
  0.3525000000E+00  0.7816767114E+05
  0.3527777778E+00  0.7820289704E+05
  0.3530555556E+00  0.7823812360E+05
  0.3533333333E+00  0.7827334950E+05
  0.3536111111E+00  0.7830857539E+05
  0.3538888889E+00  0.7834380129E+05
  0.3541666667E+00  0.7837902684E+05
  0.3544444444E+00  0.7841425274E+05
  0.3547222222E+00  0.7844947863E+05
  0.3550000000E+00  0.7848470454E+05
  0.3552777778E+00  0.7854250994E+05
  0.3555555556E+00  0.7860031402E+05
  0.3558333333E+00  0.7865811943E+05
  0.3561111111E+00  0.7871592383E+05
  0.3563888889E+00  0.7877372926E+05
  0.3566666667E+00  0.7883153344E+05
  0.3569444444E+00  0.7888933885E+05
  0.3572222222E+00  0.7894714326E+05
  0.3575000000E+00  0.7900494867E+05
  0.3577777778E+00  0.7906275274E+05
  0.3580555556E+00  0.7912055815E+05
  0.3583333333E+00  0.7917836256E+05
  0.3586111111E+00  0.7923616797E+05
  0.3588888889E+00  0.7929397206E+05
  0.3591666667E+00  0.7935177746E+05
  0.3594444444E+00  0.7940958188E+05
  0.3597222222E+00  0.7946738728E+05
  0.3600000000E+00  0.7952519136E+05
  0.3602777778E+00  0.7959669940E+05
  0.3605555556E+00  0.7966820711E+05
  0.3608333333E+00  0.7973971370E+05
  0.3611111111E+00  0.7981122141E+05
  0.3613888889E+00  0.7988272946E+05
  0.3616666667E+00  0.7995423616E+05
  0.3619444444E+00  0.8002574375E+05
  0.3622222222E+00  0.8009725179E+05
  0.3625000000E+00  0.8016875950E+05
  0.3627777778E+00  0.8024026621E+05
  0.3630555556E+00  0.8031177381E+05
  0.3633333333E+00  0.8038328185E+05
  0.3636111111E+00  0.8045478856E+05
  0.3638888889E+00  0.8052629627E+05
  0.3641666667E+00  0.8059780386E+05
  0.3644444444E+00  0.8066931090E+05
  0.3647222222E+00  0.8074081860E+05
  0.3650000000E+00  0.8081232631E+05
  0.3652777778E+00  0.8088886726E+05
  0.3655555556E+00  0.8096540798E+05
  0.3658333333E+00  0.8104194903E+05
  0.3661111111E+00  0.8111848976E+05
  0.3663888889E+00  0.8119503182E+05
  0.3666666667E+00  0.8127157287E+05
  0.3669444444E+00  0.8134811359E+05
  0.3672222222E+00  0.8142465465E+05
  0.3675000000E+00  0.8150119537E+05
  0.3677777778E+00  0.8157773743E+05
  0.3680555556E+00  0.8165427804E+05
  0.3683333333E+00  0.8173081909E+05
  0.3686111111E+00  0.8180735981E+05
  0.3688888889E+00  0.8188390087E+05
  0.3691666667E+00  0.8196044292E+05
  0.3694444444E+00  0.8203698365E+05
  0.3697222222E+00  0.8211352471E+05
  0.3700000000E+00  0.8219006542E+05
  0.3702777778E+00  0.8226370697E+05
  0.3705555556E+00  0.8233734818E+05
  0.3708333333E+00  0.8241099061E+05
  0.3711111111E+00  0.8248463216E+05
  0.3713888889E+00  0.8255827337E+05
  0.3716666667E+00  0.8263191491E+05
  0.3719444444E+00  0.8270555612E+05
  0.3722222222E+00  0.8277919866E+05
  0.3725000000E+00  0.8285283988E+05
  0.3727777778E+00  0.8292648131E+05
  0.3730555556E+00  0.8300012284E+05
  0.3733333333E+00  0.8307376405E+05
  0.3736111111E+00  0.8314740560E+05
  0.3738888889E+00  0.8322104781E+05
  0.3741666667E+00  0.8329468936E+05
  0.3744444444E+00  0.8336833089E+05
  0.3747222222E+00  0.8344197199E+05
  0.3750000000E+00  0.8351561354E+05
  0.3752777778E+00  0.8357966729E+05
  0.3755555556E+00  0.8364372071E+05
  0.3758333333E+00  0.8370777446E+05
  0.3761111111E+00  0.8377182821E+05
  0.3763888889E+00  0.8383588196E+05
  0.3766666667E+00  0.8389993572E+05
  0.3769444444E+00  0.8396398947E+05
  0.3772222222E+00  0.8402804322E+05
  0.3775000000E+00  0.8409209664E+05
  0.3777777778E+00  0.8415615039E+05
  0.3780555556E+00  0.8422020414E+05
  0.3783333333E+00  0.8428425790E+05
  0.3786111111E+00  0.8434831165E+05
  0.3788888889E+00  0.8441236539E+05
  0.3791666667E+00  0.8447641881E+05
  0.3794444444E+00  0.8454047257E+05
  0.3797222222E+00  0.8460452632E+05
  0.3800000000E+00  0.8466858006E+05
  0.3802777778E+00  0.8471780261E+05
  0.3805555556E+00  0.8476702604E+05
  0.3808333333E+00  0.8481624893E+05
  0.3811111111E+00  0.8486547246E+05
  0.3813888889E+00  0.8491469501E+05
  0.3816666667E+00  0.8496391855E+05
  0.3819444444E+00  0.8501314098E+05
  0.3822222222E+00  0.8506236486E+05
  0.3825000000E+00  0.8511158741E+05
  0.3827777778E+00  0.8516081096E+05
  0.3830555556E+00  0.8521003349E+05
  0.3833333333E+00  0.8525925703E+05
  0.3836111111E+00  0.8530847980E+05
  0.3838888889E+00  0.8535770334E+05
  0.3841666667E+00  0.8540692589E+05
  0.3844444444E+00  0.8545614943E+05
  0.3847222222E+00  0.8550537198E+05
  0.3850000000E+00  0.8555459585E+05
  0.3852777778E+00  0.8558557973E+05
  0.3855555556E+00  0.8561656362E+05
  0.3858333333E+00  0.8564754784E+05
  0.3861111111E+00  0.8567853173E+05
  0.3863888889E+00  0.8570951594E+05
  0.3866666667E+00  0.8574049983E+05
  0.3869444444E+00  0.8577148415E+05
  0.3872222222E+00  0.8580246804E+05
  0.3875000000E+00  0.8583345225E+05
  0.3877777778E+00  0.8586443613E+05
  0.3880555556E+00  0.8589542002E+05
  0.3883333333E+00  0.8592640423E+05
  0.3886111111E+00  0.8595738812E+05
  0.3888888889E+00  0.8598837245E+05
  0.3891666667E+00  0.8601935633E+05
  0.3894444444E+00  0.8605034055E+05
  0.3897222222E+00  0.8608132444E+05
  0.3900000000E+00  0.8611230831E+05
  0.3902777778E+00  0.8612328924E+05
  0.3905555556E+00  0.8613426984E+05
  0.3908333333E+00  0.8614525045E+05
  0.3911111111E+00  0.8615623193E+05
  0.3913888889E+00  0.8616721286E+05
  0.3916666667E+00  0.8617819345E+05
  0.3919444444E+00  0.8618917405E+05
  0.3922222222E+00  0.8620015564E+05
  0.3925000000E+00  0.8621113647E+05
  0.3927777778E+00  0.8622211706E+05
  0.3930555556E+00  0.8623309766E+05
  0.3933333333E+00  0.8624407926E+05
  0.3936111111E+00  0.8625506019E+05
  0.3938888889E+00  0.8626604079E+05
  0.3941666667E+00  0.8627702128E+05
  0.3944444444E+00  0.8628800287E+05
  0.3947222222E+00  0.8629898380E+05
  0.3950000000E+00  0.8630996439E+05
  0.3952777778E+00  0.8630097813E+05
  0.3955555556E+00  0.8629199208E+05
  0.3958333333E+00  0.8628300614E+05
  0.3961111111E+00  0.8627401988E+05
  0.3963888889E+00  0.8626503295E+05
  0.3966666667E+00  0.8625604668E+05
  0.3969444444E+00  0.8624706063E+05
  0.3972222222E+00  0.8623807469E+05
  0.3975000000E+00  0.8622908843E+05
  0.3977777778E+00  0.8622010249E+05
  0.3980555556E+00  0.8621111655E+05
  0.3983333333E+00  0.8620212918E+05
  0.3986111111E+00  0.8619314323E+05
  0.3988888889E+00  0.8618415697E+05
  0.3991666667E+00  0.8617517104E+05
  0.3994444444E+00  0.8616618510E+05
  0.3997222222E+00  0.8615719871E+05
  0.4000000000E+00  0.8614821179E+05
  0.4002777778E+00  0.8612075924E+05
  0.4005555556E+00  0.8609330804E+05
  0.4008333333E+00  0.8606585549E+05
  0.4011111111E+00  0.8603840329E+05
  0.4013888889E+00  0.8601095108E+05
  0.4016666667E+00  0.8598349854E+05
  0.4019444444E+00  0.8595604633E+05
  0.4022222222E+00  0.8592859379E+05
  0.4025000000E+00  0.8590114169E+05
  0.4027777778E+00  0.8587368915E+05
  0.4030555556E+00  0.8584623694E+05
  0.4033333333E+00  0.8581878440E+05
  0.4036111111E+00  0.8579133220E+05
  0.4038888889E+00  0.8576387999E+05
  0.4041666667E+00  0.8573642745E+05
  0.4044444444E+00  0.8570897524E+05
  0.4047222222E+00  0.8568152370E+05
  0.4050000000E+00  0.8565407149E+05
  0.4052777778E+00  0.8561094134E+05
  0.4055555556E+00  0.8556781220E+05
  0.4058333333E+00  0.8552468305E+05
  0.4061111111E+00  0.8548155391E+05
  0.4063888889E+00  0.8543842376E+05
  0.4066666667E+00  0.8539529461E+05
  0.4069444444E+00  0.8535216547E+05
  0.4072222222E+00  0.8530903666E+05
  0.4075000000E+00  0.8526590651E+05
  0.4077777778E+00  0.8522277737E+05
  0.4080555556E+00  0.8517964822E+05
  0.4083333333E+00  0.8513651908E+05
  0.4086111111E+00  0.8509338893E+05
  0.4088888889E+00  0.8505025978E+05
  0.4091666667E+00  0.8500713064E+05
  0.4094444444E+00  0.8496400150E+05
  0.4097222222E+00  0.8492087135E+05
  0.4100000000E+00  0.8487774253E+05
  0.4102777778E+00  0.8482264417E+05
  0.4105555556E+00  0.8476754679E+05
  0.4108333333E+00  0.8471244841E+05
  0.4111111111E+00  0.8465735037E+05
  0.4113888889E+00  0.8460225299E+05
  0.4116666667E+00  0.8454715463E+05
  0.4119444444E+00  0.8449205658E+05
  0.4122222222E+00  0.8443695820E+05
  0.4125000000E+00  0.8438186083E+05
  0.4127777778E+00  0.8432676279E+05
  0.4130555556E+00  0.8427166442E+05
  0.4133333333E+00  0.8421656704E+05
  0.4136111111E+00  0.8416146900E+05
  0.4138888889E+00  0.8410637063E+05
  0.4141666667E+00  0.8405127225E+05
  0.4144444444E+00  0.8399617522E+05
  0.4147222222E+00  0.8394107684E+05
  0.4150000000E+00  0.8388597846E+05
  0.4152777778E+00  0.8382316785E+05
  0.4155555556E+00  0.8376035637E+05
  0.4158333333E+00  0.8369754542E+05
  0.4161111111E+00  0.8363473493E+05
  0.4163888889E+00  0.8357192332E+05
  0.4166666667E+00  0.8350911283E+05
  0.4169444444E+00  0.8344630190E+05
  0.4172222222E+00  0.8338349039E+05
  0.4175000000E+00  0.8332067979E+05
  0.4177777778E+00  0.8325786929E+05
  0.4180555556E+00  0.8319505736E+05
  0.4183333333E+00  0.8313224687E+05
  0.4186111111E+00  0.8306943626E+05
  0.4188888889E+00  0.8300662477E+05
  0.4191666667E+00  0.8294381382E+05
  0.4194444444E+00  0.8288100333E+05
  0.4197222222E+00  0.8281819173E+05
  0.4200000000E+00  0.8275538123E+05
  0.4202777778E+00  0.8268930489E+05
  0.4205555556E+00  0.8262322899E+05
  0.4208333333E+00  0.8255715310E+05
  0.4211111111E+00  0.8249107719E+05
  0.4213888889E+00  0.8242500130E+05
  0.4216666667E+00  0.8235892539E+05
  0.4219444444E+00  0.8229284917E+05
  0.4222222222E+00  0.8222677326E+05
  0.4225000000E+00  0.8216069737E+05
  0.4227777778E+00  0.8209462147E+05
  0.4230555556E+00  0.8202854556E+05
  0.4233333333E+00  0.8196246967E+05
  0.4236111111E+00  0.8189639343E+05
  0.4238888889E+00  0.8183031754E+05
  0.4241666667E+00  0.8176424163E+05
  0.4244444444E+00  0.8169816574E+05
  0.4247222222E+00  0.8163208984E+05
  0.4250000000E+00  0.8156601394E+05
  0.4252777778E+00  0.8150094580E+05
  0.4255555556E+00  0.8143587766E+05
  0.4258333333E+00  0.8137080963E+05
  0.4261111111E+00  0.8130574183E+05
  0.4263888889E+00  0.8124067379E+05
  0.4266666667E+00  0.8117560565E+05
  0.4269444444E+00  0.8111053751E+05
  0.4272222222E+00  0.8104546882E+05
  0.4275000000E+00  0.8098040067E+05
  0.4277777778E+00  0.8091533253E+05
  0.4280555556E+00  0.8085026450E+05
  0.4283333333E+00  0.8078519670E+05
  0.4286111111E+00  0.8072012855E+05
  0.4288888889E+00  0.8065506053E+05
  0.4291666667E+00  0.8058999238E+05
  0.4294444444E+00  0.8052492424E+05
  0.4297222222E+00  0.8045985654E+05
  0.4300000000E+00  0.8039478741E+05
  0.4302777778E+00  0.8033451114E+05
  0.4305555556E+00  0.8027423411E+05
  0.4308333333E+00  0.8021395817E+05
  0.4311111111E+00  0.8015368092E+05
  0.4313888889E+00  0.8009340487E+05
  0.4316666667E+00  0.8003312762E+05
  0.4319444444E+00  0.7997285169E+05
  0.4322222222E+00  0.7991257432E+05
  0.4325000000E+00  0.7985229839E+05
  0.4327777778E+00  0.7979202113E+05
  0.4330555556E+00  0.7973174509E+05
  0.4333333333E+00  0.7967146783E+05
  0.4336111111E+00  0.7961119190E+05
  0.4338888889E+00  0.7955091453E+05
  0.4341666667E+00  0.7949063860E+05
  0.4344444444E+00  0.7943036168E+05
  0.4347222222E+00  0.7937008530E+05
  0.4350000000E+00  0.7930980838E+05
  0.4352777778E+00  0.7925735560E+05
  0.4355555556E+00  0.7920490282E+05
  0.4358333333E+00  0.7915245027E+05
  0.4361111111E+00  0.7909999748E+05
  0.4363888889E+00  0.7904754404E+05
  0.4366666667E+00  0.7899509127E+05
  0.4369444444E+00  0.7894263870E+05
  0.4372222222E+00  0.7889018593E+05
  0.4375000000E+00  0.7883773349E+05
  0.4377777778E+00  0.7878528070E+05
  0.4380555556E+00  0.7873282782E+05
  0.4383333333E+00  0.7868037438E+05
  0.4386111111E+00  0.7862792160E+05
  0.4388888889E+00  0.7857546915E+05
  0.4391666667E+00  0.7852301637E+05
  0.4394444444E+00  0.7847056372E+05
  0.4397222222E+00  0.7841811084E+05
  0.4400000000E+00  0.7836565787E+05
  0.4402777778E+00  0.7832315697E+05
  0.4405555556E+00  0.7828065574E+05
  0.4408333333E+00  0.7823815443E+05
  0.4411111111E+00  0.7819565353E+05
  0.4413888889E+00  0.7815315220E+05
  0.4416666667E+00  0.7811065098E+05
  0.4419444444E+00  0.7806815008E+05
  0.4422222222E+00  0.7802564888E+05
  0.4425000000E+00  0.7798314765E+05
  0.4427777778E+00  0.7794064665E+05
  0.4430555556E+00  0.7789814543E+05
  0.4433333333E+00  0.7785564411E+05
  0.4436111111E+00  0.7781314322E+05
  0.4438888889E+00  0.7777064199E+05
  0.4441666667E+00  0.7772814066E+05
  0.4444444444E+00  0.7768563977E+05
  0.4447222222E+00  0.7764313845E+05
  0.4450000000E+00  0.7760063733E+05
  0.4452777778E+00  0.7756915191E+05
  0.4455555556E+00  0.7753766694E+05
  0.4458333333E+00  0.7750618153E+05
  0.4461111111E+00  0.7747469622E+05
  0.4463888889E+00  0.7744321081E+05
  0.4466666667E+00  0.7741172551E+05
  0.4469444444E+00  0.7738024008E+05
  0.4472222222E+00  0.7734875488E+05
  0.4475000000E+00  0.7731726958E+05
  0.4477777778E+00  0.7728578416E+05
  0.4480555556E+00  0.7725429886E+05
  0.4483333333E+00  0.7722281345E+05
  0.4486111111E+00  0.7719132847E+05
  0.4488888889E+00  0.7715984306E+05
  0.4491666667E+00  0.7712835775E+05
  0.4494444444E+00  0.7709687234E+05
  0.4497222222E+00  0.7706538704E+05
  0.4500000000E+00  0.7703390172E+05
  0.4502777778E+00  0.7701347516E+05
  0.4505555556E+00  0.7699304893E+05
  0.4508333333E+00  0.7697262235E+05
  0.4511111111E+00  0.7695219612E+05
  0.4513888889E+00  0.7693176946E+05
  0.4516666667E+00  0.7691134333E+05
  0.4519444444E+00  0.7689091677E+05
  0.4522222222E+00  0.7687049019E+05
  0.4525000000E+00  0.7685006397E+05
  0.4527777778E+00  0.7682963739E+05
  0.4530555556E+00  0.7680921116E+05
  0.4533333333E+00  0.7678878471E+05
  0.4536111111E+00  0.7676835837E+05
  0.4538888889E+00  0.7674793191E+05
  0.4541666667E+00  0.7672750523E+05
  0.4544444444E+00  0.7670707911E+05
  0.4547222222E+00  0.7668665255E+05
  0.4550000000E+00  0.7666622621E+05
  0.4552777778E+00  0.7665594210E+05
  0.4555555556E+00  0.7664565800E+05
  0.4558333333E+00  0.7663537379E+05
  0.4561111111E+00  0.7662508969E+05
  0.4563888889E+00  0.7661480548E+05
  0.4566666667E+00  0.7660452137E+05
  0.4569444444E+00  0.7659423727E+05
  0.4572222222E+00  0.7658395306E+05
  0.4575000000E+00  0.7657366895E+05
  0.4577777778E+00  0.7656338475E+05
  0.4580555556E+00  0.7655310065E+05
  0.4583333333E+00  0.7654281644E+05
  0.4586111111E+00  0.7653253234E+05
  0.4588888889E+00  0.7652224823E+05
  0.4591666667E+00  0.7651196402E+05
  0.4594444444E+00  0.7650167991E+05
  0.4597222222E+00  0.7649139560E+05
  0.4600000000E+00  0.7648111149E+05
  0.4602777778E+00  0.7647920792E+05
  0.4605555556E+00  0.7647730476E+05
  0.4608333333E+00  0.7647540141E+05
  0.4611111111E+00  0.7647349792E+05
  0.4613888889E+00  0.7647159467E+05
  0.4616666667E+00  0.7646969141E+05
  0.4619444444E+00  0.7646778783E+05
  0.4622222222E+00  0.7646588456E+05
  0.4625000000E+00  0.7646398132E+05
  0.4627777778E+00  0.7646207783E+05
  0.4630555556E+00  0.7646017448E+05
  0.4633333333E+00  0.7645827132E+05
  0.4636111111E+00  0.7645636775E+05
  0.4638888889E+00  0.7645446448E+05
  0.4641666667E+00  0.7645256123E+05
  0.4644444444E+00  0.7645065797E+05
  0.4647222222E+00  0.7644875439E+05
  0.4650000000E+00  0.7644685124E+05
  0.4652777778E+00  0.7645092356E+05
  0.4655555556E+00  0.7645499566E+05
  0.4658333333E+00  0.7645906808E+05
  0.4661111111E+00  0.7646314051E+05
  0.4663888889E+00  0.7646721259E+05
  0.4666666667E+00  0.7647128503E+05
  0.4669444444E+00  0.7647535734E+05
  0.4672222222E+00  0.7647942987E+05
  0.4675000000E+00  0.7648350186E+05
  0.4677777778E+00  0.7648757439E+05
  0.4680555556E+00  0.7649164671E+05
  0.4683333333E+00  0.7649571880E+05
  0.4686111111E+00  0.7649979123E+05
  0.4688888889E+00  0.7650386365E+05
  0.4691666667E+00  0.7650793574E+05
  0.4694444444E+00  0.7651200818E+05
  0.4697222222E+00  0.7651608049E+05
  0.4700000000E+00  0.7652015302E+05
  0.4702777778E+00  0.7652738059E+05
  0.4705555556E+00  0.7653460819E+05
  0.4708333333E+00  0.7654183587E+05
  0.4711111111E+00  0.7654906356E+05
  0.4713888889E+00  0.7655629114E+05
  0.4716666667E+00  0.7656351883E+05
  0.4719444444E+00  0.7657074652E+05
  0.4722222222E+00  0.7657797400E+05
  0.4725000000E+00  0.7658520168E+05
  0.4727777778E+00  0.7659242937E+05
  0.4730555556E+00  0.7659965695E+05
  0.4733333333E+00  0.7660688464E+05
  0.4736111111E+00  0.7661411232E+05
  0.4738888889E+00  0.7662133992E+05
  0.4741666667E+00  0.7662856748E+05
  0.4744444444E+00  0.7663579517E+05
  0.4747222222E+00  0.7664302276E+05
  0.4750000000E+00  0.7665025044E+05
  0.4752777778E+00  0.7665766349E+05
  0.4755555556E+00  0.7666507667E+05
  0.4758333333E+00  0.7667248972E+05
  0.4761111111E+00  0.7667990300E+05
  0.4763888889E+00  0.7668731639E+05
  0.4766666667E+00  0.7669472923E+05
  0.4769444444E+00  0.7670214262E+05
  0.4772222222E+00  0.7670955557E+05
  0.4775000000E+00  0.7671696884E+05
  0.4777777778E+00  0.7672438213E+05
  0.4780555556E+00  0.7673179518E+05
  0.4783333333E+00  0.7673920836E+05
  0.4786111111E+00  0.7674662141E+05
  0.4788888889E+00  0.7675403469E+05
  0.4791666667E+00  0.7676144775E+05
  0.4794444444E+00  0.7676886092E+05
  0.4797222222E+00  0.7677627431E+05
  0.4800000000E+00  0.7678368726E+05
  0.4802777778E+00  0.7678838491E+05
  0.4805555556E+00  0.7679308233E+05
  0.4808333333E+00  0.7679777998E+05
  0.4811111111E+00  0.7680247740E+05
  0.4813888889E+00  0.7680717495E+05
  0.4816666667E+00  0.7681187270E+05
  0.4819444444E+00  0.7681657002E+05
  0.4822222222E+00  0.7682126778E+05
  0.4825000000E+00  0.7682596510E+05
  0.4827777778E+00  0.7683066285E+05
  0.4830555556E+00  0.7683536006E+05
  0.4833333333E+00  0.7684005782E+05
  0.4836111111E+00  0.7684475547E+05
  0.4838888889E+00  0.7684945289E+05
  0.4841666667E+00  0.7685415054E+05
  0.4844444444E+00  0.7685884797E+05
  0.4847222222E+00  0.7686354552E+05
  0.4850000000E+00  0.7686824295E+05
  0.4852777778E+00  0.7686765836E+05
  0.4855555556E+00  0.7686707335E+05
  0.4858333333E+00  0.7686648834E+05
  0.4861111111E+00  0.7686590377E+05
  0.4863888889E+00  0.7686531887E+05
  0.4866666667E+00  0.7686473374E+05
  0.4869444444E+00  0.7686414917E+05
  0.4872222222E+00  0.7686356426E+05
  0.4875000000E+00  0.7686297926E+05
  0.4877777778E+00  0.7686239458E+05
  0.4880555556E+00  0.7686180966E+05
  0.4883333333E+00  0.7686122465E+05
  0.4886111111E+00  0.7686064009E+05
  0.4888888889E+00  0.7686005507E+05
  0.4891666667E+00  0.7685947006E+05
  0.4894444444E+00  0.7685888548E+05
  0.4897222222E+00  0.7685830058E+05
  0.4900000000E+00  0.7685771546E+05
  0.4902777778E+00  0.7684978341E+05
  0.4905555556E+00  0.7684185092E+05
  0.4908333333E+00  0.7683391875E+05
  0.4911111111E+00  0.7682598626E+05
  0.4913888889E+00  0.7681805410E+05
  0.4916666667E+00  0.7681012194E+05
  0.4919444444E+00  0.7680218955E+05
  0.4922222222E+00  0.7679425729E+05
  0.4925000000E+00  0.7678632490E+05
  0.4927777778E+00  0.7677839275E+05
  0.4930555556E+00  0.7677046024E+05
  0.4933333333E+00  0.7676252809E+05
  0.4936111111E+00  0.7675459571E+05
  0.4938888889E+00  0.7674666343E+05
  0.4941666667E+00  0.7673873105E+05
  0.4944444444E+00  0.7673079889E+05
  0.4947222222E+00  0.7672286673E+05
  0.4950000000E+00  0.7671493424E+05
