  0.1027777778E-01  0.2253782843E+08
  0.1055555556E-01  0.2251309364E+08
  0.1083333333E-01  0.2248835864E+08
  0.1111111111E-01  0.2246362385E+08
  0.1138888889E-01  0.2243888884E+08
  0.1166666667E-01  0.2241415406E+08
  0.1194444444E-01  0.2238941894E+08
  0.1222222222E-01  0.2236468427E+08
  0.1250000000E-01  0.2233994915E+08
  0.1277777778E-01  0.2231521449E+08
  0.1305555556E-01  0.2229047937E+08
  0.1333333333E-01  0.2226574426E+08
  0.1361111111E-01  0.2224100948E+08
  0.1388888889E-01  0.2221627447E+08
  0.1416666667E-01  0.2219153968E+08
  0.1444444444E-01  0.2216680467E+08
  0.1472222222E-01  0.2214206989E+08
  0.1500000000E-01  0.2211733488E+08
  0.1527777778E-01  0.2208348520E+08
  0.1555555556E-01  0.2204963552E+08
  0.1583333333E-01  0.2201578584E+08
  0.1611111111E-01  0.2198193584E+08
  0.1638888889E-01  0.2194808606E+08
  0.1666666667E-01  0.2191423648E+08
  0.1694444444E-01  0.2188038647E+08
  0.1722222222E-01  0.2184653669E+08
  0.1750000000E-01  0.2181268701E+08
  0.1777777778E-01  0.2177883744E+08
  0.1805555556E-01  0.2174498732E+08
  0.1833333333E-01  0.2171113765E+08
  0.1861111111E-01  0.2167728798E+08
  0.1888888889E-01  0.2164343830E+08
  0.1916666667E-01  0.2160958828E+08
  0.1944444444E-01  0.2157573861E+08
  0.1972222222E-01  0.2154188893E+08
  0.2000000000E-01  0.2150803914E+08
  0.2027777778E-01  0.2146580367E+08
  0.2055555556E-01  0.2142356840E+08
  0.2083333333E-01  0.2138133293E+08
  0.2111111111E-01  0.2133909744E+08
  0.2138888889E-01  0.2129686230E+08
  0.2166666667E-01  0.2125462683E+08
  0.2194444444E-01  0.2121239145E+08
  0.2222222222E-01  0.2117015598E+08
  0.2250000000E-01  0.2112792094E+08
  0.2277777778E-01  0.2108568547E+08
  0.2305555556E-01  0.2104344998E+08
  0.2333333333E-01  0.2100121461E+08
  0.2361111111E-01  0.2095897914E+08
  0.2388888889E-01  0.2091674399E+08
  0.2416666667E-01  0.2087450852E+08
  0.2444444444E-01  0.2083227313E+08
  0.2472222222E-01  0.2079003777E+08
  0.2500000000E-01  0.2074780229E+08
  0.2527777778E-01  0.2069808981E+08
  0.2555555556E-01  0.2064837700E+08
  0.2583333333E-01  0.2059866430E+08
  0.2611111111E-01  0.2054895181E+08
  0.2638888889E-01  0.2049923900E+08
  0.2666666667E-01  0.2044952619E+08
  0.2694444444E-01  0.2039981349E+08
  0.2722222222E-01  0.2035010100E+08
  0.2750000000E-01  0.2030038819E+08
  0.2777777778E-01  0.2025067538E+08
  0.2805555556E-01  0.2020096267E+08
  0.2833333333E-01  0.2015125019E+08
  0.2861111111E-01  0.2010153737E+08
  0.2888888889E-01  0.2005182456E+08
  0.2916666667E-01  0.2000211219E+08
  0.2944444444E-01  0.1995239937E+08
  0.2972222222E-01  0.1990268666E+08
  0.3000000000E-01  0.1985297385E+08
  0.3027777778E-01  0.1979683750E+08
  0.3055555556E-01  0.1974070094E+08
  0.3083333333E-01  0.1968456436E+08
  0.3111111111E-01  0.1962842811E+08
  0.3138888889E-01  0.1957229153E+08
  0.3166666667E-01  0.1951615496E+08
  0.3194444444E-01  0.1946001828E+08
  0.3222222222E-01  0.1940388204E+08
  0.3250000000E-01  0.1934774546E+08
  0.3277777778E-01  0.1929160889E+08
  0.3305555556E-01  0.1923547264E+08
  0.3333333333E-01  0.1917933606E+08
  0.3361111111E-01  0.1912319939E+08
  0.3388888889E-01  0.1906706282E+08
  0.3416666667E-01  0.1901092657E+08
  0.3444444444E-01  0.1895478999E+08
  0.3472222222E-01  0.1889865342E+08
  0.3500000000E-01  0.1884251706E+08
  0.3527777778E-01  0.1878109614E+08
  0.3555555556E-01  0.1871967543E+08
  0.3583333333E-01  0.1865825460E+08
  0.3611111111E-01  0.1859683389E+08
  0.3638888889E-01  0.1853541306E+08
  0.3666666667E-01  0.1847399236E+08
  0.3694444444E-01  0.1841257132E+08
  0.3722222222E-01  0.1835115083E+08
  0.3750000000E-01  0.1828972979E+08
  0.3777777778E-01  0.1822830929E+08
  0.3805555556E-01  0.1816688825E+08
  0.3833333333E-01  0.1810546764E+08
  0.3861111111E-01  0.1804404671E+08
  0.3888888889E-01  0.1798262601E+08
  0.3916666667E-01  0.1792120518E+08
  0.3944444444E-01  0.1785978448E+08
  0.3972222222E-01  0.1779836365E+08
  0.4000000000E-01  0.1773694295E+08
  0.4027777778E-01  0.1767145859E+08
  0.4055555556E-01  0.1760597403E+08
  0.4083333333E-01  0.1754048957E+08
  0.4111111111E-01  0.1747500512E+08
  0.4138888889E-01  0.1740952031E+08
  0.4166666667E-01  0.1734403587E+08
  0.4194444444E-01  0.1727855140E+08
  0.4222222222E-01  0.1721306705E+08
  0.4250000000E-01  0.1714758249E+08
  0.4277777778E-01  0.1708209813E+08
  0.4305555556E-01  0.1701661358E+08
  0.4333333333E-01  0.1695112923E+08
  0.4361111111E-01  0.1688564433E+08
  0.4388888889E-01  0.1682015997E+08
  0.4416666667E-01  0.1675467541E+08
  0.4444444444E-01  0.1668919106E+08
  0.4472222222E-01  0.1662370660E+08
  0.4500000000E-01  0.1655822214E+08
  0.4527777778E-01  0.1648992025E+08
  0.4555555556E-01  0.1642161847E+08
  0.4583333333E-01  0.1635331657E+08
  0.4611111111E-01  0.1628501458E+08
  0.4638888889E-01  0.1621671301E+08
  0.4666666667E-01  0.1614841101E+08
  0.4694444444E-01  0.1608010891E+08
  0.4722222222E-01  0.1601180735E+08
  0.4750000000E-01  0.1594350535E+08
  0.4777777778E-01  0.1587520378E+08
  0.4805555556E-01  0.1580690167E+08
  0.4833333333E-01  0.1573859977E+08
  0.4861111111E-01  0.1567029811E+08
  0.4888888889E-01  0.1560199622E+08
  0.4916666667E-01  0.1553369410E+08
  0.4944444444E-01  0.1546539254E+08
  0.4972222222E-01  0.1539709054E+08
  0.5000000000E-01  0.1532878898E+08
  0.5027777778E-01  0.1525890826E+08
  0.5055555556E-01  0.1518902798E+08
  0.5083333333E-01  0.1511914726E+08
  0.5111111111E-01  0.1504926688E+08
  0.5138888889E-01  0.1497938626E+08
  0.5166666667E-01  0.1490950599E+08
  0.5194444444E-01  0.1483962570E+08
  0.5222222222E-01  0.1476974499E+08
  0.5250000000E-01  0.1469986470E+08
  0.5277777778E-01  0.1462998398E+08
  0.5305555556E-01  0.1456010360E+08
  0.5333333333E-01  0.1449022331E+08
  0.5361111111E-01  0.1442034260E+08
  0.5388888889E-01  0.1435046242E+08
  0.5416666667E-01  0.1428058171E+08
  0.5444444444E-01  0.1421070142E+08
  0.5472222222E-01  0.1414082104E+08
  0.5500000000E-01  0.1407094032E+08
  0.5527777778E-01  0.1400067621E+08
  0.5555555556E-01  0.1393041166E+08
  0.5583333333E-01  0.1386014733E+08
  0.5611111111E-01  0.1378988321E+08
  0.5638888889E-01  0.1371961865E+08
  0.5666666667E-01  0.1364935454E+08
  0.5694444444E-01  0.1357908999E+08
  0.5722222222E-01  0.1350882566E+08
  0.5750000000E-01  0.1343856154E+08
  0.5777777778E-01  0.1336829699E+08
  0.5805555556E-01  0.1329803277E+08
  0.5833333333E-01  0.1322776821E+08
  0.5861111111E-01  0.1315750399E+08
  0.5888888889E-01  0.1308723987E+08
  0.5916666667E-01  0.1301697532E+08
  0.5944444444E-01  0.1294671111E+08
  0.5972222222E-01  0.1287644687E+08
  0.6000000000E-01  0.1280618232E+08
  0.6027777778E-01  0.1273665994E+08
  0.6055555556E-01  0.1266713712E+08
  0.6083333333E-01  0.1259761463E+08
  0.6111111111E-01  0.1252809191E+08
  0.6138888889E-01  0.1245856943E+08
  0.6166666667E-01  0.1238904678E+08
  0.6194444444E-01  0.1231952423E+08
  0.6222222222E-01  0.1225000157E+08
  0.6250000000E-01  0.1218047892E+08
  0.6277777778E-01  0.1211095637E+08
  0.6305555556E-01  0.1204143382E+08
  0.6333333333E-01  0.1197191119E+08
  0.6361111111E-01  0.1190238854E+08
  0.6388888889E-01  0.1183286599E+08
  0.6416666667E-01  0.1176334344E+08
  0.6444444444E-01  0.1169382068E+08
  0.6472222222E-01  0.1162429813E+08
  0.6500000000E-01  0.1155477558E+08
  0.6527777778E-01  0.1148701563E+08
  0.6555555556E-01  0.1141925579E+08
  0.6583333333E-01  0.1135149584E+08
  0.6611111111E-01  0.1128373600E+08
  0.6638888889E-01  0.1121597608E+08
  0.6666666667E-01  0.1114821625E+08
  0.6694444444E-01  0.1108045629E+08
  0.6722222222E-01  0.1101269646E+08
  0.6750000000E-01  0.1094493651E+08
  0.6777777778E-01  0.1087717655E+08
  0.6805555556E-01  0.1080941672E+08
  0.6833333333E-01  0.1074165677E+08
  0.6861111111E-01  0.1067389693E+08
  0.6888888889E-01  0.1060613701E+08
  0.6916666667E-01  0.1053837714E+08
  0.6944444444E-01  0.1047061724E+08
  0.6972222222E-01  0.1040285735E+08
  0.7000000000E-01  0.1033509745E+08
  0.7027777778E-01  0.1027000015E+08
  0.7055555556E-01  0.1020490295E+08
  0.7083333333E-01  0.1013980569E+08
  0.7111111111E-01  0.1007470849E+08
  0.7138888889E-01  0.1000961129E+08
  0.7166666667E-01  0.9944513997E+07
  0.7194444444E-01  0.9879416799E+07
  0.7222222222E-01  0.9814319503E+07
  0.7250000000E-01  0.9749222305E+07
  0.7277777778E-01  0.9684125107E+07
  0.7305555556E-01  0.9619027846E+07
  0.7333333333E-01  0.9553930647E+07
  0.7361111111E-01  0.9488833349E+07
  0.7388888889E-01  0.9423736155E+07
  0.7416666667E-01  0.9358638957E+07
  0.7444444444E-01  0.9293541661E+07
  0.7472222222E-01  0.9228444463E+07
  0.7500000000E-01  0.9163347198E+07
  0.7527777778E-01  0.9101669879E+07
  0.7555555556E-01  0.9039992504E+07
  0.7583333333E-01  0.8978315097E+07
  0.7611111111E-01  0.8916637725E+07
  0.7638888889E-01  0.8854960406E+07
  0.7666666667E-01  0.8793283031E+07
  0.7694444444E-01  0.8731605622E+07
  0.7722222222E-01  0.8669928249E+07
  0.7750000000E-01  0.8608250929E+07
  0.7777777778E-01  0.8546573554E+07
  0.7805555556E-01  0.8484896146E+07
  0.7833333333E-01  0.8423218738E+07
  0.7861111111E-01  0.8361541352E+07
  0.7888888889E-01  0.8299864044E+07
  0.7916666667E-01  0.8238186669E+07
  0.7944444444E-01  0.8176509251E+07
  0.7972222222E-01  0.8114831876E+07
  0.8000000000E-01  0.8053154568E+07
  0.8027777778E-01  0.7995506928E+07
  0.8055555556E-01  0.7937859399E+07
  0.8083333333E-01  0.7880211837E+07
  0.8111111111E-01  0.7822564297E+07
  0.8138888889E-01  0.7764916635E+07
  0.8166666667E-01  0.7707269095E+07
  0.8194444444E-01  0.7649621533E+07
  0.8222222222E-01  0.7591973905E+07
  0.8250000000E-01  0.7534326331E+07
  0.8277777778E-01  0.7476678802E+07
  0.8305555556E-01  0.7419031262E+07
  0.8333333333E-01  0.7361383599E+07
  0.8361111111E-01  0.7303736071E+07
  0.8388888889E-01  0.7246088497E+07
  0.8416666667E-01  0.7188440969E+07
  0.8444444444E-01  0.7130793307E+07
  0.8472222222E-01  0.7073145767E+07
  0.8500000000E-01  0.7015498205E+07
  0.8527777778E-01  0.6962332802E+07
  0.8555555556E-01  0.6909167500E+07
  0.8583333333E-01  0.6856002064E+07
  0.8611111111E-01  0.6802836761E+07
  0.8638888889E-01  0.6749671326E+07
  0.8666666667E-01  0.6696506023E+07
  0.8694444444E-01  0.6643340620E+07
  0.8722222222E-01  0.6590175295E+07
  0.8750000000E-01  0.6537009994E+07
  0.8777777778E-01  0.6483844557E+07
  0.8805555556E-01  0.6430679255E+07
  0.8833333333E-01  0.6377513853E+07
  0.8861111111E-01  0.6324348517E+07
  0.8888888889E-01  0.6271183114E+07
  0.8916666667E-01  0.6218017778E+07
  0.8944444444E-01  0.6164852376E+07
  0.8972222222E-01  0.6111687040E+07
  0.9000000000E-01  0.6058521637E+07
  0.9027777778E-01  0.6010138794E+07
  0.9055555556E-01  0.5961755917E+07
  0.9083333333E-01  0.5913372973E+07
  0.9111111111E-01  0.5864990086E+07
  0.9138888889E-01  0.5816607242E+07
  0.9166666667E-01  0.5768224265E+07
  0.9194444444E-01  0.5719841422E+07
  0.9222222222E-01  0.5671458534E+07
  0.9250000000E-01  0.5623075590E+07
  0.9277777778E-01  0.5574692713E+07
  0.9305555556E-01  0.5526309870E+07
  0.9333333333E-01  0.5477926882E+07
  0.9361111111E-01  0.5429544038E+07
  0.9388888889E-01  0.5381161141E+07
  0.9416666667E-01  0.5332778257E+07
  0.9444444444E-01  0.5284395350E+07
  0.9472222222E-01  0.5236012476E+07
  0.9500000000E-01  0.5187629593E+07
  0.9527777778E-01  0.5144182466E+07
  0.9555555556E-01  0.5100735328E+07
  0.9583333333E-01  0.5057288191E+07
  0.9611111111E-01  0.5013841063E+07
  0.9638888889E-01  0.4970393970E+07
  0.9666666667E-01  0.4926946843E+07
  0.9694444444E-01  0.4883499705E+07
  0.9722222222E-01  0.4840052567E+07
  0.9750000000E-01  0.4796605473E+07
  0.9777777778E-01  0.4753158336E+07
  0.9805555556E-01  0.4709711210E+07
  0.9833333333E-01  0.4666264082E+07
  0.9861111111E-01  0.4622816977E+07
  0.9888888889E-01  0.4579369851E+07
  0.9916666667E-01  0.4535922712E+07
  0.9944444444E-01  0.4492475587E+07
  0.9972222222E-01  0.4449028492E+07
  0.1000000000E+00  0.4405581354E+07
  0.1002777778E+00  0.4367084891E+07
  0.1005555556E+00  0.4328588460E+07
  0.1008333333E+00  0.4290092005E+07
  0.1011111111E+00  0.4251595574E+07
  0.1013888889E+00  0.4213099098E+07
  0.1016666667E+00  0.4174602635E+07
  0.1019444444E+00  0.4136106204E+07
  0.1022222222E+00  0.4097609739E+07
  0.1025000000E+00  0.4059113308E+07
  0.1027777778E+00  0.4020616853E+07
  0.1030555556E+00  0.3982120389E+07
  0.1033333333E+00  0.3943623959E+07
  0.1036111111E+00  0.3905127494E+07
  0.1038888889E+00  0.3866631063E+07
  0.1041666667E+00  0.3828134587E+07
  0.1044444444E+00  0.3789638123E+07
  0.1047222222E+00  0.3751141702E+07
  0.1050000000E+00  0.3712645238E+07
  0.1052777778E+00  0.3678997237E+07
  0.1055555556E+00  0.3645349238E+07
  0.1058333333E+00  0.3611701226E+07
  0.1061111111E+00  0.3578053235E+07
  0.1063888889E+00  0.3544405202E+07
  0.1066666667E+00  0.3510757201E+07
  0.1069444444E+00  0.3477109201E+07
  0.1072222222E+00  0.3443461189E+07
  0.1075000000E+00  0.3409813198E+07
  0.1077777778E+00  0.3376165165E+07
  0.1080555556E+00  0.3342517164E+07
  0.1083333333E+00  0.3308869154E+07
  0.1086111111E+00  0.3275221153E+07
  0.1088888889E+00  0.3241573162E+07
  0.1091666667E+00  0.3207925129E+07
  0.1094444444E+00  0.3174277117E+07
  0.1097222222E+00  0.3140629117E+07
  0.1100000000E+00  0.3106981126E+07
  0.1102777778E+00  0.3077972682E+07
  0.1105555556E+00  0.3048964227E+07
  0.1108333333E+00  0.3019955816E+07
  0.1111111111E+00  0.2990947372E+07
  0.1113888889E+00  0.2961938917E+07
  0.1116666667E+00  0.2932930507E+07
  0.1119444444E+00  0.2903922062E+07
  0.1122222222E+00  0.2874913607E+07
  0.1125000000E+00  0.2845905197E+07
  0.1127777778E+00  0.2816896752E+07
  0.1130555556E+00  0.2787888297E+07
  0.1133333333E+00  0.2758879853E+07
  0.1136111111E+00  0.2729871442E+07
  0.1138888889E+00  0.2700862987E+07
  0.1141666667E+00  0.2671854543E+07
  0.1144444444E+00  0.2642846132E+07
  0.1147222222E+00  0.2613837677E+07
  0.1150000000E+00  0.2584829233E+07
  0.1152777778E+00  0.2560169008E+07
  0.1155555556E+00  0.2535508772E+07
  0.1158333333E+00  0.2510848537E+07
  0.1161111111E+00  0.2486188311E+07
  0.1163888889E+00  0.2461528076E+07
  0.1166666667E+00  0.2436867829E+07
  0.1169444444E+00  0.2412207604E+07
  0.1172222222E+00  0.2387547368E+07
  0.1175000000E+00  0.2362887133E+07
  0.1177777778E+00  0.2338226907E+07
  0.1180555556E+00  0.2313566672E+07
  0.1183333333E+00  0.2288906446E+07
  0.1186111111E+00  0.2264246211E+07
  0.1188888889E+00  0.2239585975E+07
  0.1191666667E+00  0.2214925750E+07
  0.1194444444E+00  0.2190265503E+07
  0.1197222222E+00  0.2165605268E+07
  0.1200000000E+00  0.2140945042E+07
  0.1202777778E+00  0.2120277630E+07
  0.1205555556E+00  0.2099610240E+07
  0.1208333333E+00  0.2078942828E+07
  0.1211111111E+00  0.2058275416E+07
  0.1213888889E+00  0.2037607993E+07
  0.1216666667E+00  0.2016940581E+07
  0.1219444444E+00  0.1996273157E+07
  0.1222222222E+00  0.1975605745E+07
  0.1225000000E+00  0.1954938333E+07
  0.1227777778E+00  0.1934270910E+07
  0.1230555556E+00  0.1913603498E+07
  0.1233333333E+00  0.1892936075E+07
  0.1236111111E+00  0.1872268662E+07
  0.1238888889E+00  0.1851601284E+07
  0.1241666667E+00  0.1830933860E+07
  0.1244444444E+00  0.1810266448E+07
  0.1247222222E+00  0.1789599035E+07
  0.1250000000E+00  0.1768931623E+07
  0.1252777778E+00  0.1751857613E+07
  0.1255555556E+00  0.1734783569E+07
  0.1258333333E+00  0.1717709558E+07
  0.1261111111E+00  0.1700635548E+07
  0.1263888889E+00  0.1683561514E+07
  0.1266666667E+00  0.1666487504E+07
  0.1269444444E+00  0.1649413460E+07
  0.1272222222E+00  0.1632339450E+07
  0.1275000000E+00  0.1615265439E+07
  0.1277777778E+00  0.1598191395E+07
  0.1280555556E+00  0.1581117395E+07
  0.1283333333E+00  0.1564043384E+07
  0.1286111111E+00  0.1546969341E+07
  0.1288888889E+00  0.1529895330E+07
  0.1291666667E+00  0.1512821320E+07
  0.1294444444E+00  0.1495747286E+07
  0.1297222222E+00  0.1478673276E+07
  0.1300000000E+00  0.1461599265E+07
  0.1302777778E+00  0.1447695665E+07
  0.1305555556E+00  0.1433792076E+07
  0.1308333333E+00  0.1419888454E+07
  0.1311111111E+00  0.1405984854E+07
  0.1313888889E+00  0.1392081265E+07
  0.1316666667E+00  0.1378177676E+07
  0.1319444444E+00  0.1364274087E+07
  0.1322222222E+00  0.1350370487E+07
  0.1325000000E+00  0.1336466898E+07
  0.1327777778E+00  0.1322563309E+07
  0.1330555556E+00  0.1308659720E+07
  0.1333333333E+00  0.1294756120E+07
  0.1336111111E+00  0.1280852531E+07
  0.1338888889E+00  0.1266948942E+07
  0.1341666667E+00  0.1253045353E+07
  0.1344444444E+00  0.1239141753E+07
  0.1347222222E+00  0.1225238164E+07
  0.1350000000E+00  0.1211334576E+07
  0.1352777778E+00  0.1200170954E+07
  0.1355555556E+00  0.1189007332E+07
  0.1358333333E+00  0.1177843710E+07
  0.1361111111E+00  0.1166680088E+07
  0.1363888889E+00  0.1155516465E+07
  0.1366666667E+00  0.1144352843E+07
  0.1369444444E+00  0.1133189255E+07
  0.1372222222E+00  0.1122025633E+07
  0.1375000000E+00  0.1110862011E+07
  0.1377777778E+00  0.1099698390E+07
  0.1380555556E+00  0.1088534768E+07
  0.1383333333E+00  0.1077371146E+07
  0.1386111111E+00  0.1066207524E+07
  0.1388888889E+00  0.1055043902E+07
  0.1391666667E+00  0.1043880290E+07
  0.1394444444E+00  0.1032716669E+07
  0.1397222222E+00  0.1021553047E+07
  0.1400000000E+00  0.1010389414E+07
  0.1402777778E+00  0.1001544345E+07
  0.1405555556E+00  0.9926992760E+06
  0.1408333333E+00  0.9838541837E+06
  0.1411111111E+00  0.9750091115E+06
  0.1413888889E+00  0.9661640181E+06
  0.1416666667E+00  0.9573189459E+06
  0.1419444444E+00  0.9484738670E+06
  0.1422222222E+00  0.9396287847E+06
  0.1425000000E+00  0.9307837013E+06
  0.1427777778E+00  0.9219386191E+06
  0.1430555556E+00  0.9130935402E+06
  0.1433333333E+00  0.9042484579E+06
  0.1436111111E+00  0.8954033746E+06
  0.1438888889E+00  0.8865582956E+06
  0.1441666667E+00  0.8777132134E+06
  0.1444444444E+00  0.8688681412E+06
  0.1447222222E+00  0.8600230589E+06
  0.1450000000E+00  0.8511779689E+06
  0.1452777778E+00  0.8442513660E+06
  0.1455555556E+00  0.8373247653E+06
  0.1458333333E+00  0.8303981658E+06
  0.1461111111E+00  0.8234715550E+06
  0.1463888889E+00  0.8165449544E+06
  0.1466666667E+00  0.8096183493E+06
  0.1469444444E+00  0.8026917553E+06
  0.1472222222E+00  0.7957651501E+06
  0.1475000000E+00  0.7888385450E+06
  0.1477777778E+00  0.7819119399E+06
  0.1480555556E+00  0.7749853448E+06
  0.1483333333E+00  0.7680587408E+06
  0.1486111111E+00  0.7611321357E+06
  0.1488888889E+00  0.7542055272E+06
  0.1491666667E+00  0.7472789321E+06
  0.1494444444E+00  0.7403523270E+06
  0.1497222222E+00  0.7334257230E+06
  0.1500000000E+00  0.7264991178E+06
  0.1502777778E+00  0.7211222121E+06
  0.1505555556E+00  0.7157452952E+06
  0.1508333333E+00  0.7103683927E+06
  0.1511111111E+00  0.7049914769E+06
  0.1513888889E+00  0.6996145712E+06
  0.1516666667E+00  0.6942376642E+06
  0.1519444444E+00  0.6888607485E+06
  0.1522222222E+00  0.6834838427E+06
  0.1525000000E+00  0.6781069303E+06
  0.1527777778E+00  0.6727300245E+06
  0.1530555556E+00  0.6673531076E+06
  0.1533333333E+00  0.6619762018E+06
  0.1536111111E+00  0.6565992860E+06
  0.1538888889E+00  0.6512223803E+06
  0.1541666667E+00  0.6458454667E+06
  0.1544444444E+00  0.6404685610E+06
  0.1547222222E+00  0.6350916451E+06
  0.1550000000E+00  0.6297147394E+06
  0.1552777778E+00  0.6255575935E+06
  0.1555555556E+00  0.6214004508E+06
  0.1558333333E+00  0.6172433048E+06
  0.1561111111E+00  0.6130861600E+06
  0.1563888889E+00  0.6089290173E+06
  0.1566666667E+00  0.6047718715E+06
  0.1569444444E+00  0.6006147255E+06
  0.1572222222E+00  0.5964575829E+06
  0.1575000000E+00  0.5923004269E+06
  0.1577777778E+00  0.5881432822E+06
  0.1580555556E+00  0.5839861395E+06
  0.1583333333E+00  0.5798289936E+06
  0.1586111111E+00  0.5756718476E+06
  0.1588888889E+00  0.5715147050E+06
  0.1591666667E+00  0.5673575601E+06
  0.1594444444E+00  0.5632004141E+06
  0.1597222222E+00  0.5590432716E+06
  0.1600000000E+00  0.5548861256E+06
  0.1602777778E+00  0.5516620761E+06
  0.1605555556E+00  0.5484380377E+06
  0.1608333333E+00  0.5452139949E+06
  0.1611111111E+00  0.5419899455E+06
  0.1613888889E+00  0.5387659060E+06
  0.1616666667E+00  0.5355418565E+06
  0.1619444444E+00  0.5323178148E+06
  0.1622222222E+00  0.5290937653E+06
  0.1625000000E+00  0.5258697258E+06
  0.1627777778E+00  0.5226456763E+06
  0.1630555556E+00  0.5194216346E+06
  0.1633333333E+00  0.5161975851E+06
  0.1636111111E+00  0.5129735457E+06
  0.1638888889E+00  0.5097494962E+06
  0.1641666667E+00  0.5065254545E+06
  0.1644444444E+00  0.5033014050E+06
  0.1647222222E+00  0.5000773655E+06
  0.1650000000E+00  0.4968533260E+06
  0.1652777778E+00  0.4943203284E+06
  0.1655555556E+00  0.4917873396E+06
  0.1658333333E+00  0.4892543518E+06
  0.1661111111E+00  0.4867213630E+06
  0.1663888889E+00  0.4841883787E+06
  0.1666666667E+00  0.4816553899E+06
  0.1669444444E+00  0.4791224022E+06
  0.1672222222E+00  0.4765894133E+06
  0.1675000000E+00  0.4740564256E+06
  0.1677777778E+00  0.4715234401E+06
  0.1680555556E+00  0.4689904525E+06
  0.1683333333E+00  0.4664574637E+06
  0.1686111111E+00  0.4639244759E+06
  0.1688888889E+00  0.4613914871E+06
  0.1691666667E+00  0.4588585028E+06
  0.1694444444E+00  0.4563255140E+06
  0.1697222222E+00  0.4537925293E+06
  0.1700000000E+00  0.4512595404E+06
  0.1702777778E+00  0.4492207329E+06
  0.1705555556E+00  0.4471819241E+06
  0.1708333333E+00  0.4451431165E+06
  0.1711111111E+00  0.4431043089E+06
  0.1713888889E+00  0.4410654980E+06
  0.1716666667E+00  0.4390266904E+06
  0.1719444444E+00  0.4369878838E+06
  0.1722222222E+00  0.4349490729E+06
  0.1725000000E+00  0.4329102653E+06
  0.1727777778E+00  0.4308714545E+06
  0.1730555556E+00  0.4288326469E+06
  0.1733333333E+00  0.4267938394E+06
  0.1736111111E+00  0.4247550294E+06
  0.1738888889E+00  0.4227162219E+06
  0.1741666667E+00  0.4206774109E+06
  0.1744444444E+00  0.4186386034E+06
  0.1747222222E+00  0.4165997958E+06
  0.1750000000E+00  0.4145609860E+06
  0.1752777778E+00  0.4128617658E+06
  0.1755555556E+00  0.4111625414E+06
  0.1758333333E+00  0.4094633179E+06
  0.1761111111E+00  0.4077640934E+06
  0.1763888889E+00  0.4060648723E+06
  0.1766666667E+00  0.4043656489E+06
  0.1769444444E+00  0.4026664243E+06
  0.1772222222E+00  0.4009672032E+06
  0.1775000000E+00  0.3992679798E+06
  0.1777777778E+00  0.3975687552E+06
  0.1780555556E+00  0.3958695329E+06
  0.1783333333E+00  0.3941703117E+06
  0.1786111111E+00  0.3924710872E+06
  0.1788888889E+00  0.3907718638E+06
  0.1791666667E+00  0.3890726427E+06
  0.1794444444E+00  0.3873734182E+06
  0.1797222222E+00  0.3856741947E+06
  0.1800000000E+00  0.3839749736E+06
  0.1802777778E+00  0.3824994215E+06
  0.1805555556E+00  0.3810238706E+06
  0.1808333333E+00  0.3795483219E+06
  0.1811111111E+00  0.3780727700E+06
  0.1813888889E+00  0.3765972170E+06
  0.1816666667E+00  0.3751216683E+06
  0.1819444444E+00  0.3736461174E+06
  0.1822222222E+00  0.3721705653E+06
  0.1825000000E+00  0.3706950166E+06
  0.1827777778E+00  0.3692194647E+06
  0.1830555556E+00  0.3677439128E+06
  0.1833333333E+00  0.3662683641E+06
  0.1836111111E+00  0.3647928120E+06
  0.1838888889E+00  0.3633172600E+06
  0.1841666667E+00  0.3618417113E+06
  0.1844444444E+00  0.3603661604E+06
  0.1847222222E+00  0.3588906075E+06
  0.1850000000E+00  0.3574150588E+06
  0.1852777778E+00  0.3560814716E+06
  0.1855555556E+00  0.3547478868E+06
  0.1858333333E+00  0.3534142988E+06
  0.1861111111E+00  0.3520807094E+06
  0.1863888889E+00  0.3507471257E+06
  0.1866666667E+00  0.3494135376E+06
  0.1869444444E+00  0.3480799527E+06
  0.1872222222E+00  0.3467463657E+06
  0.1875000000E+00  0.3454127776E+06
  0.1877777778E+00  0.3440791927E+06
  0.1880555556E+00  0.3427456045E+06
  0.1883333333E+00  0.3414120197E+06
  0.1886111111E+00  0.3400784316E+06
  0.1888888889E+00  0.3387448478E+06
  0.1891666667E+00  0.3374112597E+06
  0.1894444444E+00  0.3360776716E+06
  0.1897222222E+00  0.3347440868E+06
  0.1900000000E+00  0.3334104986E+06
  0.1902777778E+00  0.3321657958E+06
  0.1905555556E+00  0.3309210919E+06
  0.1908333333E+00  0.3296763891E+06
  0.1911111111E+00  0.3284316863E+06
  0.1913888889E+00  0.3271869835E+06
  0.1916666667E+00  0.3259422807E+06
  0.1919444444E+00  0.3246975779E+06
  0.1922222222E+00  0.3234528741E+06
  0.1925000000E+00  0.3222081713E+06
  0.1927777778E+00  0.3209634685E+06
  0.1930555556E+00  0.3197187646E+06
  0.1933333333E+00  0.3184740618E+06
  0.1936111111E+00  0.3172293590E+06
  0.1938888889E+00  0.3159846552E+06
  0.1941666667E+00  0.3147399524E+06
  0.1944444444E+00  0.3134952496E+06
  0.1947222222E+00  0.3122505468E+06
  0.1950000000E+00  0.3110058440E+06
  0.1952777778E+00  0.3098201067E+06
  0.1955555556E+00  0.3086343694E+06
  0.1958333333E+00  0.3074486330E+06
  0.1961111111E+00  0.3062628958E+06
  0.1963888889E+00  0.3050771594E+06
  0.1966666667E+00  0.3038914199E+06
  0.1969444444E+00  0.3027056826E+06
  0.1972222222E+00  0.3015199463E+06
  0.1975000000E+00  0.3003342090E+06
  0.1977777778E+00  0.2991484717E+06
  0.1980555556E+00  0.2979627354E+06
  0.1983333333E+00  0.2967769981E+06
  0.1986111111E+00  0.2955912618E+06
  0.1988888889E+00  0.2944055222E+06
  0.1991666667E+00  0.2932197849E+06
  0.1994444444E+00  0.2920340487E+06
  0.1997222222E+00  0.2908483113E+06
  0.2000000000E+00  0.2896625740E+06
  0.2002777778E+00  0.2885232189E+06
  0.2005555556E+00  0.2873838659E+06
  0.2008333333E+00  0.2862445141E+06
  0.2011111111E+00  0.2851051578E+06
  0.2013888889E+00  0.2839658059E+06
  0.2016666667E+00  0.2828264519E+06
  0.2019444444E+00  0.2816870967E+06
  0.2022222222E+00  0.2805477438E+06
  0.2025000000E+00  0.2794083908E+06
  0.2027777778E+00  0.2782690356E+06
  0.2030555556E+00  0.2771296827E+06
  0.2033333333E+00  0.2759903308E+06
  0.2036111111E+00  0.2748509736E+06
  0.2038888889E+00  0.2737116217E+06
  0.2041666667E+00  0.2725722654E+06
  0.2044444444E+00  0.2714329136E+06
  0.2047222222E+00  0.2702935606E+06
  0.2050000000E+00  0.2691542054E+06
  0.2052777778E+00  0.2680612268E+06
  0.2055555556E+00  0.2669682484E+06
  0.2058333333E+00  0.2658752664E+06
  0.2061111111E+00  0.2647822878E+06
  0.2063888889E+00  0.2636893070E+06
  0.2066666667E+00  0.2625963284E+06
  0.2069444444E+00  0.2615033509E+06
  0.2072222222E+00  0.2604103689E+06
  0.2075000000E+00  0.2593173903E+06
  0.2077777778E+00  0.2582244095E+06
  0.2080555556E+00  0.2571314309E+06
  0.2083333333E+00  0.2560384523E+06
  0.2086111111E+00  0.2549454715E+06
  0.2088888889E+00  0.2538524929E+06
  0.2091666667E+00  0.2527595154E+06
  0.2094444444E+00  0.2516665334E+06
  0.2097222222E+00  0.2505735549E+06
  0.2100000000E+00  0.2494805730E+06
  0.2102777778E+00  0.2484416802E+06
  0.2105555556E+00  0.2474027842E+06
  0.2108333333E+00  0.2463638914E+06
  0.2111111111E+00  0.2453249953E+06
  0.2113888889E+00  0.2442860992E+06
  0.2116666667E+00  0.2432472064E+06
  0.2119444444E+00  0.2422083103E+06
  0.2122222222E+00  0.2411694176E+06
  0.2125000000E+00  0.2401305215E+06
  0.2127777778E+00  0.2390916254E+06
  0.2130555556E+00  0.2380527326E+06
  0.2133333333E+00  0.2370138376E+06
  0.2136111111E+00  0.2359749449E+06
  0.2138888889E+00  0.2349360488E+06
  0.2141666667E+00  0.2338971527E+06
  0.2144444444E+00  0.2328582589E+06
  0.2147222222E+00  0.2318193628E+06
  0.2150000000E+00  0.2307804700E+06
  0.2152777778E+00  0.2298070769E+06
  0.2155555556E+00  0.2288336826E+06
  0.2158333333E+00  0.2278602884E+06
  0.2161111111E+00  0.2268868952E+06
  0.2163888889E+00  0.2259135044E+06
  0.2166666667E+00  0.2249401102E+06
  0.2169444444E+00  0.2239667170E+06
  0.2172222222E+00  0.2229933228E+06
  0.2175000000E+00  0.2220199286E+06
  0.2177777778E+00  0.2210465354E+06
  0.2180555556E+00  0.2200731412E+06
  0.2183333333E+00  0.2190997503E+06
  0.2186111111E+00  0.2181263561E+06
  0.2188888889E+00  0.2171529630E+06
  0.2191666667E+00  0.2161795688E+06
  0.2194444444E+00  0.2152061745E+06
  0.2197222222E+00  0.2142327814E+06
  0.2200000000E+00  0.2132593894E+06
  0.2202777778E+00  0.2123638096E+06
  0.2205555556E+00  0.2114682286E+06
  0.2208333333E+00  0.2105726487E+06
  0.2211111111E+00  0.2096770678E+06
  0.2213888889E+00  0.2087814869E+06
  0.2216666667E+00  0.2078859071E+06
  0.2219444444E+00  0.2069903262E+06
  0.2222222222E+00  0.2060947453E+06
  0.2225000000E+00  0.2051991643E+06
  0.2227777778E+00  0.2043035844E+06
  0.2230555556E+00  0.2034080046E+06
  0.2233333333E+00  0.2025124237E+06
  0.2236111111E+00  0.2016168427E+06
  0.2238888889E+00  0.2007212618E+06
  0.2241666667E+00  0.1998256809E+06
  0.2244444444E+00  0.1989301010E+06
  0.2247222222E+00  0.1980345212E+06
  0.2250000000E+00  0.1971389403E+06
  0.2252777778E+00  0.1963316613E+06
  0.2255555556E+00  0.1955243857E+06
  0.2258333333E+00  0.1947171068E+06
  0.2261111111E+00  0.1939098279E+06
  0.2263888889E+00  0.1931025523E+06
  0.2266666667E+00  0.1922952734E+06
  0.2269444444E+00  0.1914879944E+06
  0.2272222222E+00  0.1906807198E+06
  0.2275000000E+00  0.1898734409E+06
  0.2277777778E+00  0.1890661619E+06
  0.2280555556E+00  0.1882588863E+06
  0.2283333333E+00  0.1874516074E+06
  0.2286111111E+00  0.1866443284E+06
  0.2288888889E+00  0.1858370529E+06
  0.2291666667E+00  0.1850297739E+06
  0.2294444444E+00  0.1842224950E+06
  0.2297222222E+00  0.1834152194E+06
  0.2300000000E+00  0.1826079404E+06
  0.2302777778E+00  0.1818964324E+06
  0.2305555556E+00  0.1811849245E+06
  0.2308333333E+00  0.1804734175E+06
  0.2311111111E+00  0.1797619096E+06
  0.2313888889E+00  0.1790504017E+06
  0.2316666667E+00  0.1783388937E+06
  0.2319444444E+00  0.1776273857E+06
  0.2322222222E+00  0.1769158788E+06
  0.2325000000E+00  0.1762043709E+06
  0.2327777778E+00  0.1754928629E+06
  0.2330555556E+00  0.1747813549E+06
  0.2333333333E+00  0.1740698470E+06
  0.2336111111E+00  0.1733583401E+06
  0.2338888889E+00  0.1726468321E+06
  0.2341666667E+00  0.1719353231E+06
  0.2344444444E+00  0.1712238161E+06
  0.2347222222E+00  0.1705123082E+06
  0.2350000000E+00  0.1698008013E+06
  0.2352777778E+00  0.1691883342E+06
  0.2355555556E+00  0.1685758649E+06
  0.2358333333E+00  0.1679633988E+06
  0.2361111111E+00  0.1673509317E+06
  0.2363888889E+00  0.1667384624E+06
  0.2366666667E+00  0.1661259963E+06
  0.2369444444E+00  0.1655135303E+06
  0.2372222222E+00  0.1649010609E+06
  0.2375000000E+00  0.1642885949E+06
  0.2377777778E+00  0.1636761245E+06
  0.2380555556E+00  0.1630636584E+06
  0.2383333333E+00  0.1624511924E+06
  0.2386111111E+00  0.1618387220E+06
  0.2388888889E+00  0.1612262570E+06
  0.2391666667E+00  0.1606137866E+06
  0.2394444444E+00  0.1600013195E+06
  0.2397222222E+00  0.1593888545E+06
  0.2400000000E+00  0.1587763841E+06
  0.2402777778E+00  0.1582618913E+06
  0.2405555556E+00  0.1577473931E+06
  0.2408333333E+00  0.1572328960E+06
  0.2411111111E+00  0.1567183988E+06
  0.2413888889E+00  0.1562039017E+06
  0.2416666667E+00  0.1556894044E+06
  0.2419444444E+00  0.1551749062E+06
  0.2422222222E+00  0.1546604124E+06
  0.2425000000E+00  0.1541459152E+06
  0.2427777778E+00  0.1536314181E+06
  0.2430555556E+00  0.1531169209E+06
  0.2433333333E+00  0.1526024238E+06
  0.2436111111E+00  0.1520879265E+06
  0.2438888889E+00  0.1515734327E+06
  0.2441666667E+00  0.1510589345E+06
  0.2444444444E+00  0.1505444384E+06
  0.2447222222E+00  0.1500299402E+06
  0.2450000000E+00  0.1495154430E+06
  0.2452777778E+00  0.1490937154E+06
  0.2455555556E+00  0.1486719845E+06
  0.2458333333E+00  0.1482502546E+06
  0.2461111111E+00  0.1478285271E+06
  0.2463888889E+00  0.1474067962E+06
  0.2466666667E+00  0.1469850696E+06
  0.2469444444E+00  0.1465633387E+06
  0.2472222222E+00  0.1461416112E+06
  0.2475000000E+00  0.1457198813E+06
  0.2477777778E+00  0.1452981537E+06
  0.2480555556E+00  0.1448764228E+06
  0.2483333333E+00  0.1444546929E+06
  0.2486111111E+00  0.1440329654E+06
  0.2488888889E+00  0.1436112344E+06
  0.2491666667E+00  0.1431895068E+06
  0.2494444444E+00  0.1427677759E+06
  0.2497222222E+00  0.1423460494E+06
  0.2500000000E+00  0.1419243185E+06
  0.2502777778E+00  0.1415864987E+06
  0.2505555556E+00  0.1412486768E+06
  0.2508333333E+00  0.1409108569E+06
  0.2511111111E+00  0.1405730360E+06
  0.2513888889E+00  0.1402352162E+06
  0.2516666667E+00  0.1398973931E+06
  0.2519444444E+00  0.1395595711E+06
  0.2522222222E+00  0.1392217513E+06
  0.2525000000E+00  0.1388839304E+06
  0.2527777778E+00  0.1385461106E+06
  0.2530555556E+00  0.1382082897E+06
  0.2533333333E+00  0.1378704688E+06
  0.2536111111E+00  0.1375326490E+06
  0.2538888889E+00  0.1371948281E+06
  0.2541666667E+00  0.1368570050E+06
  0.2544444444E+00  0.1365191830E+06
  0.2547222222E+00  0.1361813632E+06
  0.2550000000E+00  0.1358435423E+06
  0.2552777778E+00  0.1355781155E+06
  0.2555555556E+00  0.1353126852E+06
  0.2558333333E+00  0.1350472540E+06
  0.2561111111E+00  0.1347818261E+06
  0.2563888889E+00  0.1345163948E+06
  0.2566666667E+00  0.1342509669E+06
  0.2569444444E+00  0.1339855367E+06
  0.2572222222E+00  0.1337201088E+06
  0.2575000000E+00  0.1334546775E+06
  0.2577777778E+00  0.1331892496E+06
  0.2580555556E+00  0.1329238193E+06
  0.2583333333E+00  0.1326583881E+06
  0.2586111111E+00  0.1323929602E+06
  0.2588888889E+00  0.1321275300E+06
  0.2591666667E+00  0.1318621031E+06
  0.2594444444E+00  0.1315966725E+06
  0.2597222222E+00  0.1313312426E+06
  0.2600000000E+00  0.1310658127E+06
  0.2602777778E+00  0.1308593268E+06
  0.2605555556E+00  0.1306528405E+06
  0.2608333333E+00  0.1304463542E+06
  0.2611111111E+00  0.1302398690E+06
  0.2613888889E+00  0.1300333838E+06
  0.2616666667E+00  0.1298268975E+06
  0.2619444444E+00  0.1296204112E+06
  0.2622222222E+00  0.1294139260E+06
  0.2625000000E+00  0.1292074397E+06
  0.2627777778E+00  0.1290009535E+06
  0.2630555556E+00  0.1287944672E+06
  0.2633333333E+00  0.1285879820E+06
  0.2636111111E+00  0.1283814961E+06
  0.2638888889E+00  0.1281750098E+06
  0.2641666667E+00  0.1279685235E+06
  0.2644444444E+00  0.1277620383E+06
  0.2647222222E+00  0.1275555521E+06
  0.2650000000E+00  0.1273490658E+06
  0.2652777778E+00  0.1271872748E+06
  0.2655555556E+00  0.1270254840E+06
  0.2658333333E+00  0.1268636920E+06
  0.2661111111E+00  0.1267019021E+06
  0.2663888889E+00  0.1265401113E+06
  0.2666666667E+00  0.1263783193E+06
  0.2669444444E+00  0.1262165285E+06
  0.2672222222E+00  0.1260547375E+06
  0.2675000000E+00  0.1258929466E+06
  0.2677777778E+00  0.1257311547E+06
  0.2680555556E+00  0.1255693648E+06
  0.2683333333E+00  0.1254075728E+06
  0.2686111111E+00  0.1252457820E+06
  0.2688888889E+00  0.1250839910E+06
  0.2691666667E+00  0.1249222002E+06
  0.2694444444E+00  0.1247604082E+06
  0.2697222222E+00  0.1245986184E+06
  0.2700000000E+00  0.1244368265E+06
  0.2702777778E+00  0.1243055877E+06
  0.2705555556E+00  0.1241743488E+06
  0.2708333333E+00  0.1240431109E+06
  0.2711111111E+00  0.1239118720E+06
  0.2713888889E+00  0.1237806330E+06
  0.2716666667E+00  0.1236493951E+06
  0.2719444444E+00  0.1235181562E+06
  0.2722222222E+00  0.1233869174E+06
  0.2725000000E+00  0.1232556785E+06
  0.2727777778E+00  0.1231244406E+06
  0.2730555556E+00  0.1229932017E+06
  0.2733333333E+00  0.1228619627E+06
  0.2736111111E+00  0.1227307245E+06
  0.2738888889E+00  0.1225994857E+06
  0.2741666667E+00  0.1224682468E+06
  0.2744444444E+00  0.1223370079E+06
  0.2747222222E+00  0.1222057700E+06
  0.2750000000E+00  0.1220745310E+06
  0.2752777778E+00  0.1219605616E+06
  0.2755555556E+00  0.1218465909E+06
  0.2758333333E+00  0.1217326214E+06
  0.2761111111E+00  0.1216186516E+06
  0.2763888889E+00  0.1215046812E+06
  0.2766666667E+00  0.1213907114E+06
  0.2769444444E+00  0.1212767420E+06
  0.2772222222E+00  0.1211627713E+06
  0.2775000000E+00  0.1210488018E+06
  0.2777777778E+00  0.1209348320E+06
  0.2780555556E+00  0.1208208616E+06
  0.2783333333E+00  0.1207068918E+06
  0.2786111111E+00  0.1205929224E+06
  0.2788888889E+00  0.1204789516E+06
  0.2791666667E+00  0.1203649822E+06
  0.2794444444E+00  0.1202510124E+06
  0.2797222222E+00  0.1201370419E+06
  0.2800000000E+00  0.1200230722E+06
  0.2802777778E+00  0.1199146821E+06
  0.2805555556E+00  0.1198062920E+06
  0.2808333333E+00  0.1196979018E+06
  0.2811111111E+00  0.1195895114E+06
  0.2813888889E+00  0.1194811222E+06
  0.2816666667E+00  0.1193727321E+06
  0.2819444444E+00  0.1192643416E+06
  0.2822222222E+00  0.1191559515E+06
  0.2825000000E+00  0.1190475614E+06
  0.2827777778E+00  0.1189391712E+06
  0.2830555556E+00  0.1188307808E+06
  0.2833333333E+00  0.1187223916E+06
  0.2836111111E+00  0.1186140016E+06
  0.2838888889E+00  0.1185056111E+06
  0.2841666667E+00  0.1183972210E+06
  0.2844444444E+00  0.1182888309E+06
  0.2847222222E+00  0.1181804407E+06
  0.2850000000E+00  0.1180720503E+06
  0.2852777778E+00  0.1179596734E+06
  0.2855555556E+00  0.1178472950E+06
  0.2858333333E+00  0.1177349171E+06
  0.2861111111E+00  0.1176225398E+06
  0.2863888889E+00  0.1175101619E+06
  0.2866666667E+00  0.1173977837E+06
  0.2869444444E+00  0.1172854067E+06
  0.2872222222E+00  0.1171730284E+06
  0.2875000000E+00  0.1170606505E+06
  0.2877777778E+00  0.1169482732E+06
  0.2880555556E+00  0.1168358953E+06
  0.2883333333E+00  0.1167235170E+06
  0.2886111111E+00  0.1166111401E+06
  0.2888888889E+00  0.1164987618E+06
  0.2891666667E+00  0.1163863849E+06
  0.2894444444E+00  0.1162740066E+06
  0.2897222222E+00  0.1161616286E+06
  0.2900000000E+00  0.1160492514E+06
  0.2902777778E+00  0.1159256149E+06
  0.2905555556E+00  0.1158019793E+06
  0.2908333333E+00  0.1156783437E+06
  0.2911111111E+00  0.1155547068E+06
  0.2913888889E+00  0.1154310714E+06
  0.2916666667E+00  0.1153074358E+06
  0.2919444444E+00  0.1151837992E+06
  0.2922222222E+00  0.1150601634E+06
  0.2925000000E+00  0.1149365278E+06
  0.2927777778E+00  0.1148128912E+06
  0.2930555556E+00  0.1146892557E+06
  0.2933333333E+00  0.1145656198E+06
  0.2936111111E+00  0.1144419832E+06
  0.2938888889E+00  0.1143183476E+06
  0.2941666667E+00  0.1141947122E+06
  0.2944444444E+00  0.1140710763E+06
  0.2947222222E+00  0.1139474397E+06
  0.2950000000E+00  0.1138238042E+06
  0.2952777778E+00  0.1136843007E+06
  0.2955555556E+00  0.1135447986E+06
  0.2958333333E+00  0.1134052952E+06
  0.2961111111E+00  0.1132657931E+06
  0.2963888889E+00  0.1131262896E+06
  0.2966666667E+00  0.1129867875E+06
  0.2969444444E+00  0.1128472850E+06
  0.2972222222E+00  0.1127077819E+06
  0.2975000000E+00  0.1125682795E+06
  0.2977777778E+00  0.1124287763E+06
  0.2980555556E+00  0.1122892739E+06
  0.2983333333E+00  0.1121497708E+06
  0.2986111111E+00  0.1120102683E+06
  0.2988888889E+00  0.1118707652E+06
  0.2991666667E+00  0.1117312627E+06
  0.2994444444E+00  0.1115917596E+06
  0.2997222222E+00  0.1114522572E+06
  0.3000000000E+00  0.1113127540E+06
  0.3002777778E+00  0.1111551714E+06
  0.3005555556E+00  0.1109975890E+06
  0.3008333333E+00  0.1108400064E+06
  0.3011111111E+00  0.1106824240E+06
  0.3013888889E+00  0.1105248417E+06
  0.3016666667E+00  0.1103672590E+06
  0.3019444444E+00  0.1102096767E+06
  0.3022222222E+00  0.1100520940E+06
  0.3025000000E+00  0.1098945116E+06
  0.3027777778E+00  0.1097369303E+06
  0.3030555556E+00  0.1095793476E+06
  0.3033333333E+00  0.1094217653E+06
  0.3036111111E+00  0.1092641826E+06
  0.3038888889E+00  0.1091066003E+06
  0.3041666667E+00  0.1089490179E+06
  0.3044444444E+00  0.1087914353E+06
  0.3047222222E+00  0.1086338529E+06
  0.3050000000E+00  0.1084762703E+06
  0.3052777778E+00  0.1083007436E+06
  0.3055555556E+00  0.1081252175E+06
  0.3058333333E+00  0.1079496915E+06
  0.3061111111E+00  0.1077741655E+06
  0.3063888889E+00  0.1075986383E+06
  0.3066666667E+00  0.1074231123E+06
  0.3069444444E+00  0.1072475863E+06
  0.3072222222E+00  0.1070720602E+06
  0.3075000000E+00  0.1068965332E+06
  0.3077777778E+00  0.1067210072E+06
  0.3080555556E+00  0.1065454811E+06
  0.3083333333E+00  0.1063699544E+06
  0.3086111111E+00  0.1061944284E+06
  0.3088888889E+00  0.1060189023E+06
  0.3091666667E+00  0.1058433763E+06
  0.3094444444E+00  0.1056678493E+06
  0.3097222222E+00  0.1054923232E+06
  0.3100000000E+00  0.1053167972E+06
  0.3102777778E+00  0.1051255095E+06
  0.3105555556E+00  0.1049342225E+06
  0.3108333333E+00  0.1047429358E+06
  0.3111111111E+00  0.1045516482E+06
  0.3113888889E+00  0.1043603611E+06
  0.3116666667E+00  0.1041690745E+06
  0.3119444444E+00  0.1039777864E+06
  0.3122222222E+00  0.1037864998E+06
  0.3125000000E+00  0.1035952121E+06
  0.3127777778E+00  0.1034039251E+06
  0.3130555556E+00  0.1032126384E+06
  0.3133333333E+00  0.1030213508E+06
  0.3136111111E+00  0.1028300637E+06
  0.3138888889E+00  0.1026387761E+06
  0.3141666667E+00  0.1024474890E+06
  0.3144444444E+00  0.1022562024E+06
  0.3147222222E+00  0.1020649147E+06
  0.3150000000E+00  0.1018736277E+06
  0.3152777778E+00  0.1016704875E+06
  0.3155555556E+00  0.1014673473E+06
  0.3158333333E+00  0.1012642070E+06
  0.3161111111E+00  0.1010610658E+06
  0.3163888889E+00  0.1008579256E+06
  0.3166666667E+00  0.1006547854E+06
  0.3169444444E+00  0.1004516452E+06
  0.3172222222E+00  0.1002485047E+06
  0.3175000000E+00  0.1000453645E+06
  0.3177777778E+00  0.9984222429E+05
  0.3180555556E+00  0.9963908407E+05
  0.3183333333E+00  0.9943594285E+05
  0.3186111111E+00  0.9923280263E+05
  0.3188888889E+00  0.9902966241E+05
  0.3191666667E+00  0.9882652231E+05
  0.3194444444E+00  0.9862338175E+05
  0.3197222222E+00  0.9842024153E+05
  0.3200000000E+00  0.9821710131E+05
  0.3202777778E+00  0.9800717325E+05
  0.3205555556E+00  0.9779724485E+05
  0.3208333333E+00  0.9758731758E+05
  0.3211111111E+00  0.9737738952E+05
  0.3213888889E+00  0.9716746211E+05
  0.3216666667E+00  0.9695753372E+05
  0.3219444444E+00  0.9674760577E+05
  0.3222222222E+00  0.9653767838E+05
  0.3225000000E+00  0.9632775032E+05
  0.3227777778E+00  0.9611782192E+05
  0.3230555556E+00  0.9590789463E+05
  0.3233333333E+00  0.9569796657E+05
  0.3236111111E+00  0.9548803918E+05
  0.3238888889E+00  0.9527811112E+05
  0.3241666667E+00  0.9506818284E+05
  0.3244444444E+00  0.9485825543E+05
  0.3247222222E+00  0.9464832738E+05
  0.3250000000E+00  0.9443839898E+05
  0.3252777778E+00  0.9422770000E+05
  0.3255555556E+00  0.9401699956E+05
  0.3258333333E+00  0.9380629957E+05
  0.3261111111E+00  0.9359559912E+05
  0.3263888889E+00  0.9338490014E+05
  0.3266666667E+00  0.9317419970E+05
  0.3269444444E+00  0.9296349971E+05
  0.3272222222E+00  0.9275280027E+05
  0.3275000000E+00  0.9254210028E+05
  0.3277777778E+00  0.9233139985E+05
  0.3280555556E+00  0.9212069985E+05
  0.3283333333E+00  0.9191000041E+05
  0.3286111111E+00  0.9169930042E+05
  0.3288888889E+00  0.9148860032E+05
  0.3291666667E+00  0.9127790000E+05
  0.3294444444E+00  0.9106720090E+05
  0.3297222222E+00  0.9085650046E+05
  0.3300000000E+00  0.9064580046E+05
  0.3302777778E+00  0.9044057865E+05
  0.3305555556E+00  0.9023535628E+05
  0.3308333333E+00  0.9003013481E+05
  0.3311111111E+00  0.8982491299E+05
  0.3313888889E+00  0.8961969063E+05
  0.3316666667E+00  0.8941446880E+05
  0.3319444444E+00  0.8920924633E+05
  0.3322222222E+00  0.8900402496E+05
  0.3325000000E+00  0.8879880315E+05
  0.3327777778E+00  0.8859358078E+05
  0.3330555556E+00  0.8838835897E+05
  0.3333333333E+00  0.8818313748E+05
  0.3336111111E+00  0.8797791512E+05
  0.3338888889E+00  0.8777269331E+05
  0.3341666667E+00  0.8756747083E+05
  0.3344444444E+00  0.8736224913E+05
  0.3347222222E+00  0.8715702765E+05
  0.3350000000E+00  0.8695180527E+05
  0.3352777778E+00  0.8675834601E+05
  0.3355555556E+00  0.8656488809E+05
  0.3358333333E+00  0.8637142884E+05
  0.3361111111E+00  0.8617796958E+05
  0.3363888889E+00  0.8598451065E+05
  0.3366666667E+00  0.8579105140E+05
  0.3369444444E+00  0.8559759347E+05
  0.3372222222E+00  0.8540413421E+05
  0.3375000000E+00  0.8521067529E+05
  0.3377777778E+00  0.8501721603E+05
  0.3380555556E+00  0.8482375710E+05
  0.3383333333E+00  0.8463029884E+05
  0.3386111111E+00  0.8443683958E+05
  0.3388888889E+00  0.8424338066E+05
  0.3391666667E+00  0.8404992140E+05
  0.3394444444E+00  0.8385646247E+05
  0.3397222222E+00  0.8366300421E+05
  0.3400000000E+00  0.8346954529E+05
  0.3402777778E+00  0.8329367706E+05
  0.3405555556E+00  0.8311780783E+05
  0.3408333333E+00  0.8294193972E+05
  0.3411111111E+00  0.8276607048E+05
  0.3413888889E+00  0.8259020237E+05
  0.3416666667E+00  0.8241433415E+05
  0.3419444444E+00  0.8223846503E+05
  0.3422222222E+00  0.8206259714E+05
  0.3425000000E+00  0.8188672901E+05
  0.3427777778E+00  0.8171085979E+05
  0.3430555556E+00  0.8153499168E+05
  0.3433333333E+00  0.8135912345E+05
  0.3436111111E+00  0.8118325434E+05
  0.3438888889E+00  0.8100738610E+05
  0.3441666667E+00  0.8083151799E+05
  0.3444444444E+00  0.8065564876E+05
  0.3447222222E+00  0.8047978064E+05
  0.3450000000E+00  0.8030391276E+05
  0.3452777778E+00  0.8015071156E+05
  0.3455555556E+00  0.7999751026E+05
  0.3458333333E+00  0.7984431008E+05
  0.3461111111E+00  0.7969110888E+05
  0.3463888889E+00  0.7953790870E+05
  0.3466666667E+00  0.7938470739E+05
  0.3469444444E+00  0.7923150654E+05
  0.3472222222E+00  0.7907830636E+05
  0.3475000000E+00  0.7892510505E+05
  0.3477777778E+00  0.7877190386E+05
  0.3480555556E+00  0.7861870368E+05
  0.3483333333E+00  0.7846550249E+05
  0.3486111111E+00  0.7831230219E+05
  0.3488888889E+00  0.7815910133E+05
  0.3491666667E+00  0.7800590014E+05
  0.3494444444E+00  0.7785269985E+05
  0.3497222222E+00  0.7769949865E+05
  0.3500000000E+00  0.7754629847E+05
  0.3502777778E+00  0.7741982881E+05
  0.3505555556E+00  0.7729335892E+05
  0.3508333333E+00  0.7716688838E+05
  0.3511111111E+00  0.7704041872E+05
  0.3513888889E+00  0.7691394882E+05
  0.3516666667E+00  0.7678747916E+05
  0.3519444444E+00  0.7666100928E+05
  0.3522222222E+00  0.7653453962E+05
  0.3525000000E+00  0.7640807007E+05
  0.3527777778E+00  0.7628160008E+05
  0.3530555556E+00  0.7615513053E+05
  0.3533333333E+00  0.7602866098E+05
  0.3536111111E+00  0.7590219097E+05
  0.3538888889E+00  0.7577572142E+05
  0.3541666667E+00  0.7564925176E+05
  0.3544444444E+00  0.7552278188E+05
  0.3547222222E+00  0.7539631222E+05
  0.3550000000E+00  0.7526984234E+05
  0.3552777778E+00  0.7517297250E+05
  0.3555555556E+00  0.7507610264E+05
  0.3558333333E+00  0.7497923247E+05
  0.3561111111E+00  0.7488236163E+05
  0.3563888889E+00  0.7478549144E+05
  0.3566666667E+00  0.7468862160E+05
  0.3569444444E+00  0.7459175142E+05
  0.3572222222E+00  0.7449488157E+05
  0.3575000000E+00  0.7439801173E+05
  0.3577777778E+00  0.7430114156E+05
  0.3580555556E+00  0.7420427170E+05
  0.3583333333E+00  0.7410740153E+05
  0.3586111111E+00  0.7401053169E+05
  0.3588888889E+00  0.7391366050E+05
  0.3591666667E+00  0.7381679066E+05
  0.3594444444E+00  0.7371992082E+05
  0.3597222222E+00  0.7362305074E+05
  0.3600000000E+00  0.7352618090E+05
  0.3602777778E+00  0.7346045906E+05
  0.3605555556E+00  0.7339473722E+05
  0.3608333333E+00  0.7332901472E+05
  0.3611111111E+00  0.7326329298E+05
  0.3613888889E+00  0.7319757115E+05
  0.3616666667E+00  0.7313184964E+05
  0.3619444444E+00  0.7306612791E+05
  0.3622222222E+00  0.7300040507E+05
  0.3625000000E+00  0.7293468323E+05
  0.3627777778E+00  0.7286896172E+05
  0.3630555556E+00  0.7280323999E+05
  0.3633333333E+00  0.7273751815E+05
  0.3636111111E+00  0.7267179565E+05
  0.3638888889E+00  0.7260607391E+05
  0.3641666667E+00  0.7254035208E+05
  0.3644444444E+00  0.7247463023E+05
  0.3647222222E+00  0.7240890873E+05
  0.3650000000E+00  0.7234318599E+05
  0.3652777778E+00  0.7230882719E+05
  0.3655555556E+00  0.7227446816E+05
  0.3658333333E+00  0.7224010947E+05
  0.3661111111E+00  0.7220575076E+05
  0.3663888889E+00  0.7217139162E+05
  0.3666666667E+00  0.7213703193E+05
  0.3669444444E+00  0.7210267322E+05
  0.3672222222E+00  0.7206831420E+05
  0.3675000000E+00  0.7203395538E+05
  0.3677777778E+00  0.7199959669E+05
  0.3680555556E+00  0.7196523766E+05
  0.3683333333E+00  0.7193087797E+05
  0.3686111111E+00  0.7189651915E+05
  0.3688888889E+00  0.7186216013E+05
  0.3691666667E+00  0.7182780142E+05
  0.3694444444E+00  0.7179344273E+05
  0.3697222222E+00  0.7175908359E+05
  0.3700000000E+00  0.7172472389E+05
  0.3702777778E+00  0.7172059432E+05
  0.3705555556E+00  0.7171646487E+05
  0.3708333333E+00  0.7171233530E+05
  0.3711111111E+00  0.7170820473E+05
  0.3713888889E+00  0.7170407517E+05
  0.3716666667E+00  0.7169994571E+05
  0.3719444444E+00  0.7169581514E+05
  0.3722222222E+00  0.7169168557E+05
  0.3725000000E+00  0.7168755611E+05
  0.3727777778E+00  0.7168342655E+05
  0.3730555556E+00  0.7167929598E+05
  0.3733333333E+00  0.7167516653E+05
  0.3736111111E+00  0.7167103695E+05
  0.3738888889E+00  0.7166690639E+05
  0.3741666667E+00  0.7166277682E+05
  0.3744444444E+00  0.7165864736E+05
  0.3747222222E+00  0.7165451780E+05
  0.3750000000E+00  0.7165038723E+05
  0.3752777778E+00  0.7167417217E+05
  0.3755555556E+00  0.7169795566E+05
  0.3758333333E+00  0.7172173971E+05
  0.3761111111E+00  0.7174552350E+05
  0.3763888889E+00  0.7176930774E+05
  0.3766666667E+00  0.7179309154E+05
  0.3769444444E+00  0.7181687578E+05
  0.3772222222E+00  0.7184065958E+05
  0.3775000000E+00  0.7186444371E+05
  0.3777777778E+00  0.7188822795E+05
  0.3780555556E+00  0.7191201175E+05
  0.3783333333E+00  0.7193579599E+05
  0.3786111111E+00  0.7195957979E+05
  0.3788888889E+00  0.7198336403E+05
  0.3791666667E+00  0.7200714783E+05
  0.3794444444E+00  0.7203093207E+05
  0.3797222222E+00  0.7205471586E+05
  0.3800000000E+00  0.7207850011E+05
  0.3802777778E+00  0.7212673841E+05
  0.3805555556E+00  0.7217497694E+05
  0.3808333333E+00  0.7222321536E+05
  0.3811111111E+00  0.7227145368E+05
  0.3813888889E+00  0.7231969219E+05
  0.3816666667E+00  0.7236793051E+05
  0.3819444444E+00  0.7241616894E+05
  0.3822222222E+00  0.7246440746E+05
  0.3825000000E+00  0.7251264578E+05
  0.3827777778E+00  0.7256088420E+05
  0.3830555556E+00  0.7260912272E+05
  0.3833333333E+00  0.7265736103E+05
  0.3836111111E+00  0.7270559946E+05
  0.3838888889E+00  0.7275383821E+05
  0.3841666667E+00  0.7280207663E+05
  0.3844444444E+00  0.7285031504E+05
  0.3847222222E+00  0.7289855336E+05
  0.3850000000E+00  0.7294679188E+05
  0.3852777778E+00  0.7301524746E+05
  0.3855555556E+00  0.7308370311E+05
  0.3858333333E+00  0.7315215841E+05
  0.3861111111E+00  0.7322061427E+05
  0.3863888889E+00  0.7328907024E+05
  0.3866666667E+00  0.7335752522E+05
  0.3869444444E+00  0.7342598141E+05
  0.3872222222E+00  0.7349443737E+05
  0.3875000000E+00  0.7356289223E+05
  0.3877777778E+00  0.7363134853E+05
  0.3880555556E+00  0.7369980450E+05
  0.3883333333E+00  0.7376825936E+05
  0.3886111111E+00  0.7383671533E+05
  0.3888888889E+00  0.7390517053E+05
  0.3891666667E+00  0.7397362649E+05
  0.3894444444E+00  0.7404208235E+05
  0.3897222222E+00  0.7411053766E+05
  0.3900000000E+00  0.7417899362E+05
  0.3902777778E+00  0.7426265227E+05
  0.3905555556E+00  0.7434631181E+05
  0.3908333333E+00  0.7442997045E+05
  0.3911111111E+00  0.7451362877E+05
  0.3913888889E+00  0.7459728842E+05
  0.3916666667E+00  0.7468094708E+05
  0.3919444444E+00  0.7476460573E+05
  0.3922222222E+00  0.7484826526E+05
  0.3925000000E+00  0.7493192391E+05
  0.3927777778E+00  0.7501558256E+05
  0.3930555556E+00  0.7509924221E+05
  0.3933333333E+00  0.7518290086E+05
  0.3936111111E+00  0.7526655951E+05
  0.3938888889E+00  0.7535021871E+05
  0.3941666667E+00  0.7543387736E+05
  0.3944444444E+00  0.7551753600E+05
  0.3947222222E+00  0.7560119565E+05
  0.3950000000E+00  0.7568485430E+05
  0.3952777778E+00  0.7577839425E+05
  0.3955555556E+00  0.7587193442E+05
  0.3958333333E+00  0.7596547337E+05
  0.3961111111E+00  0.7605901365E+05
  0.3963888889E+00  0.7615255359E+05
  0.3966666667E+00  0.7624609386E+05
  0.3969444444E+00  0.7633963381E+05
  0.3972222222E+00  0.7643317409E+05
  0.3975000000E+00  0.7652671393E+05
  0.3977777778E+00  0.7662025388E+05
  0.3980555556E+00  0.7671379316E+05
  0.3983333333E+00  0.7680733310E+05
  0.3986111111E+00  0.7690087337E+05
  0.3988888889E+00  0.7699441332E+05
  0.3991666667E+00  0.7708795349E+05
  0.3994444444E+00  0.7718149344E+05
  0.3997222222E+00  0.7727503339E+05
  0.4000000000E+00  0.7736857267E+05
  0.4002777778E+00  0.7746647149E+05
  0.4005555556E+00  0.7756436930E+05
  0.4008333333E+00  0.7766226847E+05
  0.4011111111E+00  0.7776016729E+05
  0.4013888889E+00  0.7785806510E+05
  0.4016666667E+00  0.7795596426E+05
  0.4019444444E+00  0.7805386208E+05
  0.4022222222E+00  0.7815176090E+05
  0.4025000000E+00  0.7824965906E+05
  0.4027777778E+00  0.7834755788E+05
  0.4030555556E+00  0.7844545570E+05
  0.4033333333E+00  0.7854335485E+05
  0.4036111111E+00  0.7864125268E+05
  0.4038888889E+00  0.7873915150E+05
  0.4041666667E+00  0.7883705031E+05
  0.4044444444E+00  0.7893494848E+05
  0.4047222222E+00  0.7903284729E+05
  0.4050000000E+00  0.7913074511E+05
  0.4052777778E+00  0.7922760555E+05
  0.4055555556E+00  0.7932446610E+05
  0.4058333333E+00  0.7942132653E+05
  0.4061111111E+00  0.7951818642E+05
  0.4063888889E+00  0.7961504686E+05
  0.4066666667E+00  0.7971190741E+05
  0.4069444444E+00  0.7980876784E+05
  0.4072222222E+00  0.7990562839E+05
  0.4075000000E+00  0.8000248882E+05
  0.4077777778E+00  0.8009934836E+05
  0.4080555556E+00  0.8019620880E+05
  0.4083333333E+00  0.8029306924E+05
  0.4086111111E+00  0.8038992979E+05
  0.4088888889E+00  0.8048679023E+05
  0.4091666667E+00  0.8058364977E+05
  0.4094444444E+00  0.8068051021E+05
  0.4097222222E+00  0.8077737076E+05
  0.4100000000E+00  0.8087423120E+05
  0.4102777778E+00  0.8096500956E+05
  0.4105555556E+00  0.8105578781E+05
  0.4108333333E+00  0.8114656740E+05
  0.4111111111E+00  0.8123734576E+05
  0.4113888889E+00  0.8132812401E+05
  0.4116666667E+00  0.8141890226E+05
  0.4119444444E+00  0.8150968052E+05
  0.4122222222E+00  0.8160046022E+05
  0.4125000000E+00  0.8169123848E+05
  0.4127777778E+00  0.8178201672E+05
  0.4130555556E+00  0.8187279498E+05
  0.4133333333E+00  0.8196357434E+05
  0.4136111111E+00  0.8205435292E+05
  0.4138888889E+00  0.8214513119E+05
  0.4141666667E+00  0.8223590955E+05
  0.4144444444E+00  0.8232668880E+05
  0.4147222222E+00  0.8241746705E+05
  0.4150000000E+00  0.8250824564E+05
  0.4152777778E+00  0.8258843163E+05
  0.4155555556E+00  0.8266861829E+05
  0.4158333333E+00  0.8274880429E+05
  0.4161111111E+00  0.8282899028E+05
  0.4163888889E+00  0.8290917727E+05
  0.4166666667E+00  0.8298936317E+05
  0.4169444444E+00  0.8306954916E+05
  0.4172222222E+00  0.8314973515E+05
  0.4175000000E+00  0.8322992215E+05
  0.4177777778E+00  0.8331010814E+05
  0.4180555556E+00  0.8339029402E+05
  0.4183333333E+00  0.8347048102E+05
  0.4186111111E+00  0.8355066701E+05
  0.4188888889E+00  0.8363085300E+05
  0.4191666667E+00  0.8371103900E+05
  0.4194444444E+00  0.8379122599E+05
  0.4197222222E+00  0.8387141187E+05
  0.4200000000E+00  0.8395159786E+05
  0.4202777778E+00  0.8401743884E+05
  0.4205555556E+00  0.8408327881E+05
  0.4208333333E+00  0.8414911977E+05
  0.4211111111E+00  0.8421495985E+05
  0.4213888889E+00  0.8428079948E+05
  0.4216666667E+00  0.8434664045E+05
  0.4219444444E+00  0.8441248042E+05
  0.4222222222E+00  0.8447832138E+05
  0.4225000000E+00  0.8454416135E+05
  0.4227777778E+00  0.8461000231E+05
  0.4230555556E+00  0.8467584228E+05
  0.4233333333E+00  0.8474168225E+05
  0.4236111111E+00  0.8480752321E+05
  0.4238888889E+00  0.8487336318E+05
  0.4241666667E+00  0.8493920416E+05
  0.4244444444E+00  0.8500504412E+05
  0.4247222222E+00  0.8507088509E+05
  0.4250000000E+00  0.8513672516E+05
  0.4252777778E+00  0.8518532926E+05
  0.4255555556E+00  0.8523393337E+05
  0.4258333333E+00  0.8528253757E+05
  0.4261111111E+00  0.8533114201E+05
  0.4263888889E+00  0.8537974611E+05
  0.4266666667E+00  0.8542835132E+05
  0.4269444444E+00  0.8547695542E+05
  0.4272222222E+00  0.8552555997E+05
  0.4275000000E+00  0.8557416407E+05
  0.4277777778E+00  0.8562276818E+05
  0.4280555556E+00  0.8567137239E+05
  0.4283333333E+00  0.8571997683E+05
  0.4286111111E+00  0.8576858104E+05
  0.4288888889E+00  0.8581718514E+05
  0.4291666667E+00  0.8586578924E+05
  0.4294444444E+00  0.8591439345E+05
  0.4297222222E+00  0.8596299889E+05
  0.4300000000E+00  0.8601160310E+05
  0.4302777778E+00  0.8604104159E+05
  0.4305555556E+00  0.8607048064E+05
  0.4308333333E+00  0.8609991914E+05
  0.4311111111E+00  0.8612935830E+05
  0.4313888889E+00  0.8615879679E+05
  0.4316666667E+00  0.8618823594E+05
  0.4319444444E+00  0.8621767544E+05
  0.4322222222E+00  0.8624711394E+05
  0.4325000000E+00  0.8627655310E+05
  0.4327777778E+00  0.8630599159E+05
  0.4330555556E+00  0.8633543075E+05
  0.4333333333E+00  0.8636486924E+05
  0.4336111111E+00  0.8639430873E+05
  0.4338888889E+00  0.8642374790E+05
  0.4341666667E+00  0.8645318639E+05
  0.4344444444E+00  0.8648262554E+05
  0.4347222222E+00  0.8651206403E+05
  0.4350000000E+00  0.8654150353E+05
  0.4352777778E+00  0.8655084342E+05
  0.4355555556E+00  0.8656018420E+05
  0.4358333333E+00  0.8656952441E+05
  0.4361111111E+00  0.8657886419E+05
  0.4363888889E+00  0.8658820508E+05
  0.4366666667E+00  0.8659754519E+05
  0.4369444444E+00  0.8660688608E+05
  0.4372222222E+00  0.8661622619E+05
  0.4375000000E+00  0.8662556608E+05
  0.4377777778E+00  0.8663490684E+05
  0.4380555556E+00  0.8664424707E+05
  0.4383333333E+00  0.8665358685E+05
  0.4386111111E+00  0.8666292773E+05
  0.4388888889E+00  0.8667226785E+05
  0.4391666667E+00  0.8668160873E+05
  0.4394444444E+00  0.8669094884E+05
  0.4397222222E+00  0.8670028873E+05
  0.4400000000E+00  0.8670962950E+05
  0.4402777778E+00  0.8669894722E+05
  0.4405555556E+00  0.8668826582E+05
  0.4408333333E+00  0.8667758419E+05
  0.4411111111E+00  0.8666690190E+05
  0.4413888889E+00  0.8665622050E+05
  0.4416666667E+00  0.8664553789E+05
  0.4419444444E+00  0.8663485659E+05
  0.4422222222E+00  0.8662417386E+05
  0.4425000000E+00  0.8661349257E+05
  0.4427777778E+00  0.8660281028E+05
  0.4430555556E+00  0.8659212854E+05
  0.4433333333E+00  0.8658144626E+05
  0.4436111111E+00  0.8657076497E+05
  0.4438888889E+00  0.8656008322E+05
  0.4441666667E+00  0.8654940094E+05
  0.4444444444E+00  0.8653871932E+05
  0.4447222222E+00  0.8652803692E+05
  0.4450000000E+00  0.8651735562E+05
  0.4452777778E+00  0.8648761311E+05
  0.4455555556E+00  0.8645786969E+05
  0.4458333333E+00  0.8642812717E+05
  0.4461111111E+00  0.8639838475E+05
  0.4463888889E+00  0.8636864134E+05
  0.4466666667E+00  0.8633889883E+05
  0.4469444444E+00  0.8630915641E+05
  0.4472222222E+00  0.8627941389E+05
  0.4475000000E+00  0.8624967047E+05
  0.4477777778E+00  0.8621992795E+05
  0.4480555556E+00  0.8619018553E+05
  0.4483333333E+00  0.8616044335E+05
  0.4486111111E+00  0.8613069993E+05
  0.4488888889E+00  0.8610095741E+05
  0.4491666667E+00  0.8607121499E+05
  0.4494444444E+00  0.8604147148E+05
  0.4497222222E+00  0.8601172906E+05
  0.4500000000E+00  0.8598198654E+05
  0.4502777778E+00  0.8593499334E+05
  0.4505555556E+00  0.8588799870E+05
  0.4508333333E+00  0.8584100539E+05
  0.4511111111E+00  0.8579401207E+05
  0.4513888889E+00  0.8574701755E+05
  0.4516666667E+00  0.8570002424E+05
  0.4519444444E+00  0.8565303093E+05
  0.4522222222E+00  0.8560603729E+05
  0.4525000000E+00  0.8555904298E+05
  0.4527777778E+00  0.8551204978E+05
  0.4530555556E+00  0.8546505646E+05
  0.4533333333E+00  0.8541806183E+05
  0.4536111111E+00  0.8537106852E+05
  0.4538888889E+00  0.8532407532E+05
  0.4541666667E+00  0.8527708068E+05
  0.4544444444E+00  0.8523008737E+05
  0.4547222222E+00  0.8518309405E+05
  0.4550000000E+00  0.8513610052E+05
  0.4552777778E+00  0.8507437536E+05
  0.4555555556E+00  0.8501264997E+05
  0.4558333333E+00  0.8495092481E+05
  0.4561111111E+00  0.8488919931E+05
  0.4563888889E+00  0.8482747426E+05
  0.4566666667E+00  0.8476574876E+05
  0.4569444444E+00  0.8470402370E+05
  0.4572222222E+00  0.8464229820E+05
  0.4575000000E+00  0.8458057415E+05
  0.4577777778E+00  0.8451884865E+05
  0.4580555556E+00  0.8445712360E+05
  0.4583333333E+00  0.8439539810E+05
  0.4586111111E+00  0.8433367305E+05
  0.4588888889E+00  0.8427194754E+05
  0.4591666667E+00  0.8421022249E+05
  0.4594444444E+00  0.8414849699E+05
  0.4597222222E+00  0.8408677294E+05
  0.4600000000E+00  0.8402504744E+05
  0.4602777778E+00  0.8395162570E+05
  0.4605555556E+00  0.8387820374E+05
  0.4608333333E+00  0.8380478167E+05
  0.4611111111E+00  0.8373135959E+05
  0.4613888889E+00  0.8365793763E+05
  0.4616666667E+00  0.8358451556E+05
  0.4619444444E+00  0.8351109381E+05
  0.4622222222E+00  0.8343767173E+05
  0.4625000000E+00  0.8336424977E+05
  0.4627777778E+00  0.8329082870E+05
  0.4630555556E+00  0.8321740663E+05
  0.4633333333E+00  0.8314398500E+05
  0.4636111111E+00  0.8307056293E+05
  0.4638888889E+00  0.8299714086E+05
  0.4641666667E+00  0.8292371889E+05
  0.4644444444E+00  0.8285029682E+05
  0.4647222222E+00  0.8277687508E+05
  0.4650000000E+00  0.8270345312E+05
  0.4652777778E+00  0.8262171885E+05
  0.4655555556E+00  0.8253998469E+05
  0.4658333333E+00  0.8245825053E+05
  0.4661111111E+00  0.8237651626E+05
  0.4663888889E+00  0.8229478210E+05
  0.4666666667E+00  0.8221304794E+05
  0.4669444444E+00  0.8213131367E+05
  0.4672222222E+00  0.8204957951E+05
  0.4675000000E+00  0.8196784535E+05
  0.4677777778E+00  0.8188611108E+05
  0.4680555556E+00  0.8180437692E+05
  0.4683333333E+00  0.8172264276E+05
  0.4686111111E+00  0.8164090860E+05
  0.4688888889E+00  0.8155917433E+05
  0.4691666667E+00  0.8147744017E+05
  0.4694444444E+00  0.8139570601E+05
  0.4697222222E+00  0.8131397174E+05
  0.4700000000E+00  0.8123223759E+05
  0.4702777778E+00  0.8114574300E+05
  0.4705555556E+00  0.8105924930E+05
  0.4708333333E+00  0.8097275472E+05
  0.4711111111E+00  0.8088626069E+05
  0.4713888889E+00  0.8079976598E+05
  0.4716666667E+00  0.8071327240E+05
  0.4719444444E+00  0.8062677770E+05
  0.4722222222E+00  0.8054028412E+05
  0.4725000000E+00  0.8045378908E+05
  0.4727777778E+00  0.8036729550E+05
  0.4730555556E+00  0.8028080080E+05
  0.4733333333E+00  0.8019430722E+05
  0.4736111111E+00  0.8010781318E+05
  0.4738888889E+00  0.8002131860E+05
  0.4741666667E+00  0.7993482440E+05
  0.4744444444E+00  0.7984833032E+05
  0.4747222222E+00  0.7976183579E+05
  0.4750000000E+00  0.7967534169E+05
  0.4752777778E+00  0.7958762163E+05
  0.4755555556E+00  0.7949990147E+05
  0.4758333333E+00  0.7941218174E+05
  0.4761111111E+00  0.7932446157E+05
  0.4763888889E+00  0.7923674150E+05
  0.4766666667E+00  0.7914902134E+05
  0.4769444444E+00  0.7906130118E+05
  0.4772222222E+00  0.7897358112E+05
  0.4775000000E+00  0.7888586084E+05
  0.4777777778E+00  0.7879814077E+05
  0.4780555556E+00  0.7871042094E+05
  0.4783333333E+00  0.7862270088E+05
  0.4786111111E+00  0.7853498071E+05
  0.4788888889E+00  0.7844726065E+05
  0.4791666667E+00  0.7835954048E+05
  0.4794444444E+00  0.7827182032E+05
  0.4797222222E+00  0.7818410026E+05
  0.4800000000E+00  0.7809638009E+05
  0.4802777778E+00  0.7801075712E+05
  0.4805555556E+00  0.7792513382E+05
  0.4808333333E+00  0.7783951074E+05
  0.4811111111E+00  0.7775388733E+05
  0.4813888889E+00  0.7766826437E+05
  0.4816666667E+00  0.7758264106E+05
  0.4819444444E+00  0.7749701766E+05
  0.4822222222E+00  0.7741139458E+05
  0.4825000000E+00  0.7732577127E+05
  0.4827777778E+00  0.7724014831E+05
  0.4830555556E+00  0.7715452490E+05
  0.4833333333E+00  0.7706890193E+05
  0.4836111111E+00  0.7698327852E+05
  0.4838888889E+00  0.7689765511E+05
  0.4841666667E+00  0.7681203215E+05
  0.4844444444E+00  0.7672640884E+05
  0.4847222222E+00  0.7664078576E+05
  0.4850000000E+00  0.7655516237E+05
  0.4852777778E+00  0.7647463127E+05
  0.4855555556E+00  0.7639409973E+05
  0.4858333333E+00  0.7631356863E+05
  0.4861111111E+00  0.7623303745E+05
  0.4863888889E+00  0.7615250591E+05
  0.4866666667E+00  0.7607197481E+05
  0.4869444444E+00  0.7599144372E+05
  0.4872222222E+00  0.7591091217E+05
  0.4875000000E+00  0.7583038099E+05
  0.4877777778E+00  0.7574984978E+05
  0.4880555556E+00  0.7566931869E+05
  0.4883333333E+00  0.7558878726E+05
  0.4886111111E+00  0.7550825606E+05
  0.4888888889E+00  0.7542772486E+05
  0.4891666667E+00  0.7534719333E+05
  0.4894444444E+00  0.7526666223E+05
  0.4897222222E+00  0.7518613114E+05
  0.4900000000E+00  0.7510559960E+05
  0.4902777778E+00  0.7503267924E+05
  0.4905555556E+00  0.7495975855E+05
  0.4908333333E+00  0.7488683785E+05
  0.4911111111E+00  0.7481391726E+05
  0.4913888889E+00  0.7474099656E+05
  0.4916666667E+00  0.7466807620E+05
  0.4919444444E+00  0.7459515551E+05
  0.4922222222E+00  0.7452223492E+05
  0.4925000000E+00  0.7444931421E+05
  0.4927777778E+00  0.7437639351E+05
  0.4930555556E+00  0.7430347326E+05
  0.4933333333E+00  0.7423055247E+05
  0.4936111111E+00  0.7415763188E+05
  0.4938888889E+00  0.7408471117E+05
  0.4941666667E+00  0.7401179047E+05
  0.4944444444E+00  0.7393887021E+05
  0.4947222222E+00  0.7386594952E+05
  0.4950000000E+00  0.7379302883E+05
