  0.1027777778E-01  0.2232517845E+08
  0.1055555556E-01  0.2230235573E+08
  0.1083333333E-01  0.2227953310E+08
  0.1111111111E-01  0.2225671038E+08
  0.1138888889E-01  0.2223388765E+08
  0.1166666667E-01  0.2221106504E+08
  0.1194444444E-01  0.2218824240E+08
  0.1222222222E-01  0.2216541967E+08
  0.1250000000E-01  0.2214259706E+08
  0.1277777778E-01  0.2211977432E+08
  0.1305555556E-01  0.2209695160E+08
  0.1333333333E-01  0.2207412898E+08
  0.1361111111E-01  0.2205130626E+08
  0.1388888889E-01  0.2202848363E+08
  0.1416666667E-01  0.2200566091E+08
  0.1444444444E-01  0.2198283818E+08
  0.1472222222E-01  0.2196001556E+08
  0.1500000000E-01  0.2193719283E+08
  0.1527777778E-01  0.2190590798E+08
  0.1555555556E-01  0.2187462268E+08
  0.1583333333E-01  0.2184333783E+08
  0.1611111111E-01  0.2181205265E+08
  0.1638888889E-01  0.2178076780E+08
  0.1666666667E-01  0.2174948250E+08
  0.1694444444E-01  0.2171819722E+08
  0.1722222222E-01  0.2168691236E+08
  0.1750000000E-01  0.2165562717E+08
  0.1777777778E-01  0.2162434221E+08
  0.1805555556E-01  0.2159305702E+08
  0.1833333333E-01  0.2156177218E+08
  0.1861111111E-01  0.2153048688E+08
  0.1888888889E-01  0.2149920170E+08
  0.1916666667E-01  0.2146791684E+08
  0.1944444444E-01  0.2143663165E+08
  0.1972222222E-01  0.2140534669E+08
  0.2000000000E-01  0.2137406140E+08
  0.2027777778E-01  0.2133493733E+08
  0.2055555556E-01  0.2129581325E+08
  0.2083333333E-01  0.2125668863E+08
  0.2111111111E-01  0.2121756455E+08
  0.2138888889E-01  0.2117844038E+08
  0.2166666667E-01  0.2113931619E+08
  0.2194444444E-01  0.2110019168E+08
  0.2222222222E-01  0.2106106760E+08
  0.2250000000E-01  0.2102194343E+08
  0.2277777778E-01  0.2098281891E+08
  0.2305555556E-01  0.2094369473E+08
  0.2333333333E-01  0.2090457066E+08
  0.2361111111E-01  0.2086544637E+08
  0.2388888889E-01  0.2082632196E+08
  0.2416666667E-01  0.2078719778E+08
  0.2444444444E-01  0.2074807371E+08
  0.2472222222E-01  0.2070894909E+08
  0.2500000000E-01  0.2066982501E+08
  0.2527777778E-01  0.2062364242E+08
  0.2555555556E-01  0.2057745985E+08
  0.2583333333E-01  0.2053127694E+08
  0.2611111111E-01  0.2048509436E+08
  0.2638888889E-01  0.2043891167E+08
  0.2666666667E-01  0.2039272920E+08
  0.2694444444E-01  0.2034654652E+08
  0.2722222222E-01  0.2030036360E+08
  0.2750000000E-01  0.2025418113E+08
  0.2777777778E-01  0.2020799845E+08
  0.2805555556E-01  0.2016181587E+08
  0.2833333333E-01  0.2011563340E+08
  0.2861111111E-01  0.2006945038E+08
  0.2888888889E-01  0.2002326780E+08
  0.2916666667E-01  0.1997708512E+08
  0.2944444444E-01  0.1993090264E+08
  0.2972222222E-01  0.1988471972E+08
  0.3000000000E-01  0.1983853704E+08
  0.3027777778E-01  0.1978620653E+08
  0.3055555556E-01  0.1973387624E+08
  0.3083333333E-01  0.1968154563E+08
  0.3111111111E-01  0.1962921501E+08
  0.3138888889E-01  0.1957688449E+08
  0.3166666667E-01  0.1952455420E+08
  0.3194444444E-01  0.1947222359E+08
  0.3222222222E-01  0.1941989297E+08
  0.3250000000E-01  0.1936756245E+08
  0.3277777778E-01  0.1931523183E+08
  0.3305555556E-01  0.1926290155E+08
  0.3333333333E-01  0.1921057093E+08
  0.3361111111E-01  0.1915824041E+08
  0.3388888889E-01  0.1910590979E+08
  0.3416666667E-01  0.1905357918E+08
  0.3444444444E-01  0.1900124889E+08
  0.3472222222E-01  0.1894891838E+08
  0.3500000000E-01  0.1889658776E+08
  0.3527777778E-01  0.1883909672E+08
  0.3555555556E-01  0.1878160601E+08
  0.3583333333E-01  0.1872411486E+08
  0.3611111111E-01  0.1866662371E+08
  0.3638888889E-01  0.1860913299E+08
  0.3666666667E-01  0.1855164195E+08
  0.3694444444E-01  0.1849415090E+08
  0.3722222222E-01  0.1843665975E+08
  0.3750000000E-01  0.1837916904E+08
  0.3777777778E-01  0.1832167800E+08
  0.3805555556E-01  0.1826418686E+08
  0.3833333333E-01  0.1820669615E+08
  0.3861111111E-01  0.1814920500E+08
  0.3888888889E-01  0.1809171395E+08
  0.3916666667E-01  0.1803422291E+08
  0.3944444444E-01  0.1797673220E+08
  0.3972222222E-01  0.1791924104E+08
  0.4000000000E-01  0.1786175000E+08
  0.4027777778E-01  0.1780016500E+08
  0.4055555556E-01  0.1773858010E+08
  0.4083333333E-01  0.1767699531E+08
  0.4111111111E-01  0.1761541031E+08
  0.4138888889E-01  0.1755382540E+08
  0.4166666667E-01  0.1749224016E+08
  0.4194444444E-01  0.1743065516E+08
  0.4222222222E-01  0.1736907026E+08
  0.4250000000E-01  0.1730748547E+08
  0.4277777778E-01  0.1724590047E+08
  0.4305555556E-01  0.1718431557E+08
  0.4333333333E-01  0.1712273057E+08
  0.4361111111E-01  0.1706114534E+08
  0.4388888889E-01  0.1699956042E+08
  0.4416666667E-01  0.1693797554E+08
  0.4444444444E-01  0.1687639064E+08
  0.4472222222E-01  0.1681480574E+08
  0.4500000000E-01  0.1675322072E+08
  0.4527777778E-01  0.1668863869E+08
  0.4555555556E-01  0.1662405700E+08
  0.4583333333E-01  0.1655947486E+08
  0.4611111111E-01  0.1649489272E+08
  0.4638888889E-01  0.1643031101E+08
  0.4666666667E-01  0.1636572898E+08
  0.4694444444E-01  0.1630114684E+08
  0.4722222222E-01  0.1623656514E+08
  0.4750000000E-01  0.1617198300E+08
  0.4777777778E-01  0.1610740086E+08
  0.4805555556E-01  0.1604281916E+08
  0.4833333333E-01  0.1597823713E+08
  0.4861111111E-01  0.1591365499E+08
  0.4888888889E-01  0.1584907318E+08
  0.4916666667E-01  0.1578449125E+08
  0.4944444444E-01  0.1571990911E+08
  0.4972222222E-01  0.1565532731E+08
  0.5000000000E-01  0.1559074517E+08
  0.5027777778E-01  0.1552426667E+08
  0.5055555556E-01  0.1545778840E+08
  0.5083333333E-01  0.1539130990E+08
  0.5111111111E-01  0.1532483118E+08
  0.5138888889E-01  0.1525835268E+08
  0.5166666667E-01  0.1519187442E+08
  0.5194444444E-01  0.1512539592E+08
  0.5222222222E-01  0.1505891720E+08
  0.5250000000E-01  0.1499243870E+08
  0.5277777778E-01  0.1492596043E+08
  0.5305555556E-01  0.1485948193E+08
  0.5333333333E-01  0.1479300333E+08
  0.5361111111E-01  0.1472652472E+08
  0.5388888889E-01  0.1466004645E+08
  0.5416666667E-01  0.1459356795E+08
  0.5444444444E-01  0.1452708935E+08
  0.5472222222E-01  0.1446061073E+08
  0.5500000000E-01  0.1439413247E+08
  0.5527777778E-01  0.1432683047E+08
  0.5555555556E-01  0.1425952880E+08
  0.5583333333E-01  0.1419222724E+08
  0.5611111111E-01  0.1412492524E+08
  0.5638888889E-01  0.1405762358E+08
  0.5666666667E-01  0.1399032158E+08
  0.5694444444E-01  0.1392302001E+08
  0.5722222222E-01  0.1385571835E+08
  0.5750000000E-01  0.1378841635E+08
  0.5777777778E-01  0.1372111469E+08
  0.5805555556E-01  0.1365381302E+08
  0.5833333333E-01  0.1358651112E+08
  0.5861111111E-01  0.1351920946E+08
  0.5888888889E-01  0.1345190746E+08
  0.5916666667E-01  0.1338460580E+08
  0.5944444444E-01  0.1331730414E+08
  0.5972222222E-01  0.1325000224E+08
  0.6000000000E-01  0.1318270057E+08
  0.6027777778E-01  0.1311560130E+08
  0.6055555556E-01  0.1304850204E+08
  0.6083333333E-01  0.1298140288E+08
  0.6111111111E-01  0.1291430360E+08
  0.6138888889E-01  0.1284720434E+08
  0.6166666667E-01  0.1278010507E+08
  0.6194444444E-01  0.1271300591E+08
  0.6222222222E-01  0.1264590664E+08
  0.6250000000E-01  0.1257880747E+08
  0.6277777778E-01  0.1251170832E+08
  0.6305555556E-01  0.1244460905E+08
  0.6333333333E-01  0.1237750978E+08
  0.6361111111E-01  0.1231041041E+08
  0.6388888889E-01  0.1224331122E+08
  0.6416666667E-01  0.1217621195E+08
  0.6444444444E-01  0.1210911268E+08
  0.6472222222E-01  0.1204201341E+08
  0.6500000000E-01  0.1197491425E+08
  0.6527777778E-01  0.1190896370E+08
  0.6555555556E-01  0.1184301322E+08
  0.6583333333E-01  0.1177706267E+08
  0.6611111111E-01  0.1171111222E+08
  0.6638888889E-01  0.1164516178E+08
  0.6666666667E-01  0.1157921119E+08
  0.6694444444E-01  0.1151326075E+08
  0.6722222222E-01  0.1144731020E+08
  0.6750000000E-01  0.1138135975E+08
  0.6777777778E-01  0.1131540920E+08
  0.6805555556E-01  0.1124945872E+08
  0.6833333333E-01  0.1118350817E+08
  0.6861111111E-01  0.1111755772E+08
  0.6888888889E-01  0.1105160717E+08
  0.6916666667E-01  0.1098565669E+08
  0.6944444444E-01  0.1091970635E+08
  0.6972222222E-01  0.1085375580E+08
  0.7000000000E-01  0.1078780535E+08
  0.7027777778E-01  0.1072385614E+08
  0.7055555556E-01  0.1065990703E+08
  0.7083333333E-01  0.1059595793E+08
  0.7111111111E-01  0.1053200883E+08
  0.7138888889E-01  0.1046805982E+08
  0.7166666667E-01  0.1040411074E+08
  0.7194444444E-01  0.1034016161E+08
  0.7222222222E-01  0.1027621250E+08
  0.7250000000E-01  0.1021226339E+08
  0.7277777778E-01  0.1014831437E+08
  0.7305555556E-01  0.1008436524E+08
  0.7333333333E-01  0.1002041613E+08
  0.7361111111E-01  0.9956467046E+07
  0.7388888889E-01  0.9892517930E+07
  0.7416666667E-01  0.9828568904E+07
  0.7444444444E-01  0.9764619788E+07
  0.7472222222E-01  0.9700670676E+07
  0.7500000000E-01  0.9636721561E+07
  0.7527777778E-01  0.9575511777E+07
  0.7555555556E-01  0.9514301997E+07
  0.7583333333E-01  0.9453092216E+07
  0.7611111111E-01  0.9391882444E+07
  0.7638888889E-01  0.9330672664E+07
  0.7666666667E-01  0.9269462913E+07
  0.7694444444E-01  0.9208253044E+07
  0.7722222222E-01  0.9147043264E+07
  0.7750000000E-01  0.9085833480E+07
  0.7777777778E-01  0.9024623711E+07
  0.7805555556E-01  0.8963413930E+07
  0.7833333333E-01  0.8902204148E+07
  0.7861111111E-01  0.8840994377E+07
  0.7888888889E-01  0.8779784595E+07
  0.7916666667E-01  0.8718574813E+07
  0.7944444444E-01  0.8657365044E+07
  0.7972222222E-01  0.8596155262E+07
  0.8000000000E-01  0.8534945380E+07
  0.8027777778E-01  0.8477093577E+07
  0.8055555556E-01  0.8419241673E+07
  0.8083333333E-01  0.8361389872E+07
  0.8111111111E-01  0.8303537957E+07
  0.8138888889E-01  0.8245686054E+07
  0.8166666667E-01  0.8187834251E+07
  0.8194444444E-01  0.8129982347E+07
  0.8222222222E-01  0.8072130534E+07
  0.8250000000E-01  0.8014278631E+07
  0.8277777778E-01  0.7956426728E+07
  0.8305555556E-01  0.7898574925E+07
  0.8333333333E-01  0.7840723022E+07
  0.8361111111E-01  0.7782871208E+07
  0.8388888889E-01  0.7725019305E+07
  0.8416666667E-01  0.7667167402E+07
  0.8444444444E-01  0.7609315598E+07
  0.8472222222E-01  0.7551463684E+07
  0.8500000000E-01  0.7493611882E+07
  0.8527777778E-01  0.7439604752E+07
  0.8555555556E-01  0.7385597590E+07
  0.8583333333E-01  0.7331590461E+07
  0.8611111111E-01  0.7277583400E+07
  0.8638888889E-01  0.7223576270E+07
  0.8666666667E-01  0.7169569141E+07
  0.8694444444E-01  0.7115562079E+07
  0.8722222222E-01  0.7061554949E+07
  0.8750000000E-01  0.7007547787E+07
  0.8777777778E-01  0.6953540658E+07
  0.8805555556E-01  0.6899533596E+07
  0.8833333333E-01  0.6845526466E+07
  0.8861111111E-01  0.6791519304E+07
  0.8888888889E-01  0.6737512275E+07
  0.8916666667E-01  0.6683505145E+07
  0.8944444444E-01  0.6629497983E+07
  0.8972222222E-01  0.6575490854E+07
  0.9000000000E-01  0.6521483792E+07
  0.9027777778E-01  0.6471679259E+07
  0.9055555556E-01  0.6421874726E+07
  0.9083333333E-01  0.6372070193E+07
  0.9111111111E-01  0.6322265648E+07
  0.9138888889E-01  0.6272461115E+07
  0.9166666667E-01  0.6222656583E+07
  0.9194444444E-01  0.6172851949E+07
  0.9222222222E-01  0.6123047384E+07
  0.9250000000E-01  0.6073242839E+07
  0.9277777778E-01  0.6023438306E+07
  0.9305555556E-01  0.5973633773E+07
  0.9333333333E-01  0.5923829240E+07
  0.9361111111E-01  0.5874024708E+07
  0.9388888889E-01  0.5824220163E+07
  0.9416666667E-01  0.5774415630E+07
  0.9444444444E-01  0.5724611097E+07
  0.9472222222E-01  0.5674806564E+07
  0.9500000000E-01  0.5625002032E+07
  0.9527777778E-01  0.5579630281E+07
  0.9555555556E-01  0.5534258532E+07
  0.9583333333E-01  0.5488886915E+07
  0.9611111111E-01  0.5443515165E+07
  0.9638888889E-01  0.5398143449E+07
  0.9666666667E-01  0.5352771710E+07
  0.9694444444E-01  0.5307399991E+07
  0.9722222222E-01  0.5262028283E+07
  0.9750000000E-01  0.5216656554E+07
  0.9777777778E-01  0.5171284857E+07
  0.9805555556E-01  0.5125913139E+07
  0.9833333333E-01  0.5080541399E+07
  0.9861111111E-01  0.5035169703E+07
  0.9888888889E-01  0.4989797973E+07
  0.9916666667E-01  0.4944426276E+07
  0.9944444444E-01  0.4899054536E+07
  0.9972222222E-01  0.4853682817E+07
  0.1000000000E+00  0.4808311122E+07
  0.1002777778E+00  0.4767478455E+07
  0.1005555556E+00  0.4726645821E+07
  0.1008333333E+00  0.4685813154E+07
  0.1011111111E+00  0.4644980521E+07
  0.1013888889E+00  0.4604147887E+07
  0.1016666667E+00  0.4563315230E+07
  0.1019444444E+00  0.4522482597E+07
  0.1022222222E+00  0.4481649931E+07
  0.1025000000E+00  0.4440817297E+07
  0.1027777778E+00  0.4399984629E+07
  0.1030555556E+00  0.4359151996E+07
  0.1033333333E+00  0.4318319330E+07
  0.1036111111E+00  0.4277486706E+07
  0.1038888889E+00  0.4236654040E+07
  0.1041666667E+00  0.4195821407E+07
  0.1044444444E+00  0.4154988772E+07
  0.1047222222E+00  0.4114156116E+07
  0.1050000000E+00  0.4073323472E+07
  0.1052777778E+00  0.4037029410E+07
  0.1055555556E+00  0.4000735383E+07
  0.1058333333E+00  0.3964441321E+07
  0.1061111111E+00  0.3928147293E+07
  0.1063888889E+00  0.3891853221E+07
  0.1066666667E+00  0.3855559193E+07
  0.1069444444E+00  0.3819265165E+07
  0.1072222222E+00  0.3782971104E+07
  0.1075000000E+00  0.3746677065E+07
  0.1077777778E+00  0.3710383003E+07
  0.1080555556E+00  0.3674088975E+07
  0.1083333333E+00  0.3637794914E+07
  0.1086111111E+00  0.3601500874E+07
  0.1088888889E+00  0.3565206847E+07
  0.1091666667E+00  0.3528912785E+07
  0.1094444444E+00  0.3492618757E+07
  0.1097222222E+00  0.3456324685E+07
  0.1100000000E+00  0.3420030657E+07
  0.1102777778E+00  0.3388172628E+07
  0.1105555556E+00  0.3356314577E+07
  0.1108333333E+00  0.3324456539E+07
  0.1111111111E+00  0.3292598510E+07
  0.1113888889E+00  0.3260740482E+07
  0.1116666667E+00  0.3228882464E+07
  0.1119444444E+00  0.3197024392E+07
  0.1122222222E+00  0.3165166363E+07
  0.1125000000E+00  0.3133308334E+07
  0.1127777778E+00  0.3101450296E+07
  0.1130555556E+00  0.3069592278E+07
  0.1133333333E+00  0.3037734250E+07
  0.1136111111E+00  0.3005876177E+07
  0.1138888889E+00  0.2974018149E+07
  0.1141666667E+00  0.2942160120E+07
  0.1144444444E+00  0.2910302103E+07
  0.1147222222E+00  0.2878444064E+07
  0.1150000000E+00  0.2846586002E+07
  0.1152777778E+00  0.2818979031E+07
  0.1155555556E+00  0.2791372037E+07
  0.1158333333E+00  0.2763765066E+07
  0.1161111111E+00  0.2736158061E+07
  0.1163888889E+00  0.2708551067E+07
  0.1166666667E+00  0.2680944096E+07
  0.1169444444E+00  0.2653337091E+07
  0.1172222222E+00  0.2625730130E+07
  0.1175000000E+00  0.2598123126E+07
  0.1177777778E+00  0.2570516155E+07
  0.1180555556E+00  0.2542909172E+07
  0.1183333333E+00  0.2515302167E+07
  0.1186111111E+00  0.2487695206E+07
  0.1188888889E+00  0.2460088202E+07
  0.1191666667E+00  0.2432481231E+07
  0.1194444444E+00  0.2404874236E+07
  0.1197222222E+00  0.2377267265E+07
  0.1200000000E+00  0.2349660261E+07
  0.1202777778E+00  0.2326050775E+07
  0.1205555556E+00  0.2302441288E+07
  0.1208333333E+00  0.2278831802E+07
  0.1211111111E+00  0.2255222316E+07
  0.1213888889E+00  0.2231612829E+07
  0.1216666667E+00  0.2208003333E+07
  0.1219444444E+00  0.2184393847E+07
  0.1222222222E+00  0.2160784360E+07
  0.1225000000E+00  0.2137174885E+07
  0.1227777778E+00  0.2113565432E+07
  0.1230555556E+00  0.2089955946E+07
  0.1233333333E+00  0.2066346450E+07
  0.1236111111E+00  0.2042736963E+07
  0.1238888889E+00  0.2019127477E+07
  0.1241666667E+00  0.1995517991E+07
  0.1244444444E+00  0.1971908504E+07
  0.1247222222E+00  0.1948299018E+07
  0.1250000000E+00  0.1924689532E+07
  0.1252777778E+00  0.1904771369E+07
  0.1255555556E+00  0.1884853216E+07
  0.1258333333E+00  0.1864935053E+07
  0.1261111111E+00  0.1845016901E+07
  0.1263888889E+00  0.1825098749E+07
  0.1266666667E+00  0.1805180596E+07
  0.1269444444E+00  0.1785262434E+07
  0.1272222222E+00  0.1765344271E+07
  0.1275000000E+00  0.1745426118E+07
  0.1277777778E+00  0.1725507955E+07
  0.1280555556E+00  0.1705589803E+07
  0.1283333333E+00  0.1685671640E+07
  0.1286111111E+00  0.1665753487E+07
  0.1288888889E+00  0.1645835324E+07
  0.1291666667E+00  0.1625917172E+07
  0.1294444444E+00  0.1605999009E+07
  0.1297222222E+00  0.1586080856E+07
  0.1300000000E+00  0.1566162693E+07
  0.1302777778E+00  0.1549594448E+07
  0.1305555556E+00  0.1533026193E+07
  0.1308333333E+00  0.1516457926E+07
  0.1311111111E+00  0.1499889681E+07
  0.1313888889E+00  0.1483321426E+07
  0.1316666667E+00  0.1466753159E+07
  0.1319444444E+00  0.1450184914E+07
  0.1322222222E+00  0.1433616659E+07
  0.1325000000E+00  0.1417048392E+07
  0.1327777778E+00  0.1400480147E+07
  0.1330555556E+00  0.1383911881E+07
  0.1333333333E+00  0.1367343625E+07
  0.1336111111E+00  0.1350775380E+07
  0.1338888889E+00  0.1334207113E+07
  0.1341666667E+00  0.1317638858E+07
  0.1344444444E+00  0.1301070613E+07
  0.1347222222E+00  0.1284502346E+07
  0.1350000000E+00  0.1267934058E+07
  0.1352777778E+00  0.1254352469E+07
  0.1355555556E+00  0.1240770859E+07
  0.1358333333E+00  0.1227189227E+07
  0.1361111111E+00  0.1213607629E+07
  0.1363888889E+00  0.1200026040E+07
  0.1366666667E+00  0.1186444408E+07
  0.1369444444E+00  0.1172862798E+07
  0.1372222222E+00  0.1159281199E+07
  0.1375000000E+00  0.1145699577E+07
  0.1377777778E+00  0.1132117979E+07
  0.1380555556E+00  0.1118536369E+07
  0.1383333333E+00  0.1104954737E+07
  0.1386111111E+00  0.1091373148E+07
  0.1388888889E+00  0.1077791549E+07
  0.1391666667E+00  0.1064209917E+07
  0.1394444444E+00  0.1050628307E+07
  0.1397222222E+00  0.1037046685E+07
  0.1400000000E+00  0.1023465087E+07
  0.1402777778E+00  0.1012500102E+07
  0.1405555556E+00  0.1001535127E+07
  0.1408333333E+00  0.9905701426E+06
  0.1411111111E+00  0.9796051579E+06
  0.1413888889E+00  0.9686401732E+06
  0.1416666667E+00  0.9576752318E+06
  0.1419444444E+00  0.9467102372E+06
  0.1422222222E+00  0.9357452524E+06
  0.1425000000E+00  0.9247802811E+06
  0.1427777778E+00  0.9138152996E+06
  0.1430555556E+00  0.9028503183E+06
  0.1433333333E+00  0.8918853324E+06
  0.1436111111E+00  0.8809203510E+06
  0.1438888889E+00  0.8699553696E+06
  0.1441666667E+00  0.8589903983E+06
  0.1444444444E+00  0.8480254169E+06
  0.1447222222E+00  0.8370604322E+06
  0.1450000000E+00  0.8260954608E+06
  0.1452777778E+00  0.8173819221E+06
  0.1455555556E+00  0.8086683867E+06
  0.1458333333E+00  0.7999548481E+06
  0.1461111111E+00  0.7912413216E+06
  0.1463888889E+00  0.7825277830E+06
  0.1466666667E+00  0.7738142443E+06
  0.1469444444E+00  0.7651007045E+06
  0.1472222222E+00  0.7563871758E+06
  0.1475000000E+00  0.7476736405E+06
  0.1477777778E+00  0.7389601018E+06
  0.1480555556E+00  0.7302465731E+06
  0.1483333333E+00  0.7215330333E+06
  0.1486111111E+00  0.7128194946E+06
  0.1488888889E+00  0.7041059559E+06
  0.1491666667E+00  0.6953924273E+06
  0.1494444444E+00  0.6866788908E+06
  0.1497222222E+00  0.6779653522E+06
  0.1500000000E+00  0.6692518235E+06
  0.1502777778E+00  0.6624394909E+06
  0.1505555556E+00  0.6556271573E+06
  0.1508333333E+00  0.6488148280E+06
  0.1511111111E+00  0.6420024943E+06
  0.1513888889E+00  0.6351901618E+06
  0.1516666667E+00  0.6283778292E+06
  0.1519444444E+00  0.6215654989E+06
  0.1522222222E+00  0.6147531664E+06
  0.1525000000E+00  0.6079408339E+06
  0.1527777778E+00  0.6011285002E+06
  0.1530555556E+00  0.5943161710E+06
  0.1533333333E+00  0.5875038384E+06
  0.1536111111E+00  0.5806915048E+06
  0.1538888889E+00  0.5738791723E+06
  0.1541666667E+00  0.5670668396E+06
  0.1544444444E+00  0.5602545193E+06
  0.1547222222E+00  0.5534421868E+06
  0.1550000000E+00  0.5466298531E+06
  0.1552777778E+00  0.5413918041E+06
  0.1555555556E+00  0.5361537674E+06
  0.1558333333E+00  0.5309157273E+06
  0.1561111111E+00  0.5256776772E+06
  0.1563888889E+00  0.5204396371E+06
  0.1566666667E+00  0.5152015871E+06
  0.1569444444E+00  0.5099635470E+06
  0.1572222222E+00  0.5047255103E+06
  0.1575000000E+00  0.4994874600E+06
  0.1577777778E+00  0.4942494199E+06
  0.1580555556E+00  0.4890113799E+06
  0.1583333333E+00  0.4837733298E+06
  0.1586111111E+00  0.4785352897E+06
  0.1588888889E+00  0.4732972541E+06
  0.1591666667E+00  0.4680592040E+06
  0.1594444444E+00  0.4628211639E+06
  0.1597222222E+00  0.4575831138E+06
  0.1600000000E+00  0.4523450737E+06
  0.1602777778E+00  0.4483837331E+06
  0.1605555556E+00  0.4444224037E+06
  0.1608333333E+00  0.4404610643E+06
  0.1611111111E+00  0.4364997238E+06
  0.1613888889E+00  0.4325383944E+06
  0.1616666667E+00  0.4285770538E+06
  0.1619444444E+00  0.4246157174E+06
  0.1622222222E+00  0.4206543799E+06
  0.1625000000E+00  0.4166930435E+06
  0.1627777778E+00  0.4127317059E+06
  0.1630555556E+00  0.4087703695E+06
  0.1633333333E+00  0.4048090331E+06
  0.1636111111E+00  0.4008476956E+06
  0.1638888889E+00  0.3968863592E+06
  0.1641666667E+00  0.3929250216E+06
  0.1644444444E+00  0.3889636862E+06
  0.1647222222E+00  0.3850023486E+06
  0.1650000000E+00  0.3810410122E+06
  0.1652777778E+00  0.3780915529E+06
  0.1655555556E+00  0.3751420936E+06
  0.1658333333E+00  0.3721926353E+06
  0.1661111111E+00  0.3692431782E+06
  0.1663888889E+00  0.3662937189E+06
  0.1666666667E+00  0.3633442606E+06
  0.1669444444E+00  0.3603948013E+06
  0.1672222222E+00  0.3574453453E+06
  0.1675000000E+00  0.3544958870E+06
  0.1677777778E+00  0.3515464266E+06
  0.1680555556E+00  0.3485969673E+06
  0.1683333333E+00  0.3456475123E+06
  0.1686111111E+00  0.3426980530E+06
  0.1688888889E+00  0.3397485937E+06
  0.1691666667E+00  0.3367991352E+06
  0.1694444444E+00  0.3338496782E+06
  0.1697222222E+00  0.3309002189E+06
  0.1700000000E+00  0.3279507606E+06
  0.1702777778E+00  0.3257838864E+06
  0.1705555556E+00  0.3236170142E+06
  0.1708333333E+00  0.3214501399E+06
  0.1711111111E+00  0.3192832657E+06
  0.1713888889E+00  0.3171163903E+06
  0.1716666667E+00  0.3149495160E+06
  0.1719444444E+00  0.3127826428E+06
  0.1722222222E+00  0.3106157696E+06
  0.1725000000E+00  0.3084488953E+06
  0.1727777778E+00  0.3062820222E+06
  0.1730555556E+00  0.3041151457E+06
  0.1733333333E+00  0.3019482724E+06
  0.1736111111E+00  0.2997813992E+06
  0.1738888889E+00  0.2976145251E+06
  0.1741666667E+00  0.2954476518E+06
  0.1744444444E+00  0.2932807786E+06
  0.1747222222E+00  0.2911139020E+06
  0.1750000000E+00  0.2889470278E+06
  0.1752777778E+00  0.2873687503E+06
  0.1755555556E+00  0.2857904728E+06
  0.1758333333E+00  0.2842121954E+06
  0.1761111111E+00  0.2826339168E+06
  0.1763888889E+00  0.2810556393E+06
  0.1766666667E+00  0.2794773618E+06
  0.1769444444E+00  0.2778990844E+06
  0.1772222222E+00  0.2763208068E+06
  0.1775000000E+00  0.2747425284E+06
  0.1777777778E+00  0.2731642508E+06
  0.1780555556E+00  0.2715859733E+06
  0.1783333333E+00  0.2700076947E+06
  0.1786111111E+00  0.2684294184E+06
  0.1788888889E+00  0.2668511398E+06
  0.1791666667E+00  0.2652728622E+06
  0.1794444444E+00  0.2636945848E+06
  0.1797222222E+00  0.2621163063E+06
  0.1800000000E+00  0.2605380298E+06
  0.1802777778E+00  0.2593886718E+06
  0.1805555556E+00  0.2582393148E+06
  0.1808333333E+00  0.2570899567E+06
  0.1811111111E+00  0.2559406008E+06
  0.1813888889E+00  0.2547912427E+06
  0.1816666667E+00  0.2536418857E+06
  0.1819444444E+00  0.2524925277E+06
  0.1822222222E+00  0.2513431707E+06
  0.1825000000E+00  0.2501938136E+06
  0.1827777778E+00  0.2490444600E+06
  0.1830555556E+00  0.2478951019E+06
  0.1833333333E+00  0.2467457449E+06
  0.1836111111E+00  0.2455963879E+06
  0.1838888889E+00  0.2444470309E+06
  0.1841666667E+00  0.2432976728E+06
  0.1844444444E+00  0.2421483159E+06
  0.1847222222E+00  0.2409989578E+06
  0.1850000000E+00  0.2398496018E+06
  0.1852777778E+00  0.2390016937E+06
  0.1855555556E+00  0.2381537833E+06
  0.1858333333E+00  0.2373058729E+06
  0.1861111111E+00  0.2364579658E+06
  0.1863888889E+00  0.2356100543E+06
  0.1866666667E+00  0.2347621462E+06
  0.1869444444E+00  0.2339142358E+06
  0.1872222222E+00  0.2330663253E+06
  0.1875000000E+00  0.2322184182E+06
  0.1877777778E+00  0.2313705068E+06
  0.1880555556E+00  0.2305225997E+06
  0.1883333333E+00  0.2296746893E+06
  0.1886111111E+00  0.2288267789E+06
  0.1888888889E+00  0.2279788707E+06
  0.1891666667E+00  0.2271309592E+06
  0.1894444444E+00  0.2262830521E+06
  0.1897222222E+00  0.2254351417E+06
  0.1900000000E+00  0.2245872346E+06
  0.1902777778E+00  0.2239423249E+06
  0.1905555556E+00  0.2232974151E+06
  0.1908333333E+00  0.2226525064E+06
  0.1911111111E+00  0.2220075967E+06
  0.1913888889E+00  0.2213626869E+06
  0.1916666667E+00  0.2207177771E+06
  0.1919444444E+00  0.2200728673E+06
  0.1922222222E+00  0.2194279586E+06
  0.1925000000E+00  0.2187830499E+06
  0.1927777778E+00  0.2181381401E+06
  0.1930555556E+00  0.2174932304E+06
  0.1933333333E+00  0.2168483206E+06
  0.1936111111E+00  0.2162034108E+06
  0.1938888889E+00  0.2155585022E+06
  0.1941666667E+00  0.2149135924E+06
  0.1944444444E+00  0.2142686826E+06
  0.1947222222E+00  0.2136237738E+06
  0.1950000000E+00  0.2129788641E+06
  0.1952777778E+00  0.2124639361E+06
  0.1955555556E+00  0.2119490114E+06
  0.1958333333E+00  0.2114340834E+06
  0.1961111111E+00  0.2109191564E+06
  0.1963888889E+00  0.2104042284E+06
  0.1966666667E+00  0.2098893004E+06
  0.1969444444E+00  0.2093743713E+06
  0.1972222222E+00  0.2088594466E+06
  0.1975000000E+00  0.2083445196E+06
  0.1977777778E+00  0.2078295916E+06
  0.1980555556E+00  0.2073146636E+06
  0.1983333333E+00  0.2067997356E+06
  0.1986111111E+00  0.2062848086E+06
  0.1988888889E+00  0.2057698840E+06
  0.1991666667E+00  0.2052549549E+06
  0.1994444444E+00  0.2047400269E+06
  0.1997222222E+00  0.2042250989E+06
  0.2000000000E+00  0.2037101719E+06
  0.2002777778E+00  0.2032735508E+06
  0.2005555556E+00  0.2028369296E+06
  0.2008333333E+00  0.2024003051E+06
  0.2011111111E+00  0.2019636851E+06
  0.2013888889E+00  0.2015270639E+06
  0.2016666667E+00  0.2010904428E+06
  0.2019444444E+00  0.2006538183E+06
  0.2022222222E+00  0.2002171972E+06
  0.2025000000E+00  0.1997805760E+06
  0.2027777778E+00  0.1993439515E+06
  0.2030555556E+00  0.1989073314E+06
  0.2033333333E+00  0.1984707102E+06
  0.2036111111E+00  0.1980340902E+06
  0.2038888889E+00  0.1975974657E+06
  0.2041666667E+00  0.1971608446E+06
  0.2044444444E+00  0.1967242234E+06
  0.2047222222E+00  0.1962876023E+06
  0.2050000000E+00  0.1958509778E+06
  0.2052777778E+00  0.1954585894E+06
  0.2055555556E+00  0.1950662010E+06
  0.2058333333E+00  0.1946738116E+06
  0.2061111111E+00  0.1942814232E+06
  0.2063888889E+00  0.1938890338E+06
  0.2066666667E+00  0.1934966455E+06
  0.2069444444E+00  0.1931042570E+06
  0.2072222222E+00  0.1927118676E+06
  0.2075000000E+00  0.1923194793E+06
  0.2077777778E+00  0.1919270909E+06
  0.2080555556E+00  0.1915347014E+06
  0.2083333333E+00  0.1911423120E+06
  0.2086111111E+00  0.1907499247E+06
  0.2088888889E+00  0.1903575353E+06
  0.2091666667E+00  0.1899651459E+06
  0.2094444444E+00  0.1895727585E+06
  0.2097222222E+00  0.1891803691E+06
  0.2100000000E+00  0.1887879807E+06
  0.2102777778E+00  0.1884194144E+06
  0.2105555556E+00  0.1880508468E+06
  0.2108333333E+00  0.1876822805E+06
  0.2111111111E+00  0.1873137119E+06
  0.2113888889E+00  0.1869451465E+06
  0.2116666667E+00  0.1865765780E+06
  0.2119444444E+00  0.1862080127E+06
  0.2122222222E+00  0.1858394440E+06
  0.2125000000E+00  0.1854708777E+06
  0.2127777778E+00  0.1851023102E+06
  0.2130555556E+00  0.1847337448E+06
  0.2133333333E+00  0.1843651752E+06
  0.2136111111E+00  0.1839966099E+06
  0.2138888889E+00  0.1836280423E+06
  0.2141666667E+00  0.1832594760E+06
  0.2144444444E+00  0.1828909073E+06
  0.2147222222E+00  0.1825223410E+06
  0.2150000000E+00  0.1821537724E+06
  0.2152777778E+00  0.1817986298E+06
  0.2155555556E+00  0.1814434872E+06
  0.2158333333E+00  0.1810883412E+06
  0.2161111111E+00  0.1807331986E+06
  0.2163888889E+00  0.1803780560E+06
  0.2166666667E+00  0.1800229100E+06
  0.2169444444E+00  0.1796677674E+06
  0.2172222222E+00  0.1793126248E+06
  0.2175000000E+00  0.1789574822E+06
  0.2177777778E+00  0.1786023363E+06
  0.2180555556E+00  0.1782471937E+06
  0.2183333333E+00  0.1778920511E+06
  0.2186111111E+00  0.1775369075E+06
  0.2188888889E+00  0.1771817615E+06
  0.2191666667E+00  0.1768266189E+06
  0.2194444444E+00  0.1764714763E+06
  0.2197222222E+00  0.1761163337E+06
  0.2200000000E+00  0.1757611878E+06
  0.2202777778E+00  0.1754162356E+06
  0.2205555556E+00  0.1750712824E+06
  0.2208333333E+00  0.1747263291E+06
  0.2211111111E+00  0.1743813725E+06
  0.2213888889E+00  0.1740364192E+06
  0.2216666667E+00  0.1736914670E+06
  0.2219444444E+00  0.1733465139E+06
  0.2222222222E+00  0.1730015572E+06
  0.2225000000E+00  0.1726566040E+06
  0.2227777778E+00  0.1723116507E+06
  0.2230555556E+00  0.1719666975E+06
  0.2233333333E+00  0.1716217420E+06
  0.2236111111E+00  0.1712767877E+06
  0.2238888889E+00  0.1709318355E+06
  0.2241666667E+00  0.1705868822E+06
  0.2244444444E+00  0.1702419257E+06
  0.2247222222E+00  0.1698969735E+06
  0.2250000000E+00  0.1695520192E+06
  0.2252777778E+00  0.1692182310E+06
  0.2255555556E+00  0.1688844441E+06
  0.2258333333E+00  0.1685506550E+06
  0.2261111111E+00  0.1682168681E+06
  0.2263888889E+00  0.1678830799E+06
  0.2266666667E+00  0.1675492941E+06
  0.2269444444E+00  0.1672155039E+06
  0.2272222222E+00  0.1668817191E+06
  0.2275000000E+00  0.1665479288E+06
  0.2277777778E+00  0.1662141397E+06
  0.2280555556E+00  0.1658803537E+06
  0.2283333333E+00  0.1655465646E+06
  0.2286111111E+00  0.1652127788E+06
  0.2288888889E+00  0.1648789895E+06
  0.2291666667E+00  0.1645452037E+06
  0.2294444444E+00  0.1642114135E+06
  0.2297222222E+00  0.1638776287E+06
  0.2300000000E+00  0.1635438384E+06
  0.2302777778E+00  0.1632246076E+06
  0.2305555556E+00  0.1629053799E+06
  0.2308333333E+00  0.1625861489E+06
  0.2311111111E+00  0.1622669202E+06
  0.2313888889E+00  0.1619476892E+06
  0.2316666667E+00  0.1616284572E+06
  0.2319444444E+00  0.1613092307E+06
  0.2322222222E+00  0.1609899987E+06
  0.2325000000E+00  0.1606707710E+06
  0.2327777778E+00  0.1603515390E+06
  0.2330555556E+00  0.1600323080E+06
  0.2333333333E+00  0.1597130794E+06
  0.2336111111E+00  0.1593938495E+06
  0.2338888889E+00  0.1590746175E+06
  0.2341666667E+00  0.1587553898E+06
  0.2344444444E+00  0.1584361578E+06
  0.2347222222E+00  0.1581169302E+06
  0.2350000000E+00  0.1577976982E+06
  0.2352777778E+00  0.1574969448E+06
  0.2355555556E+00  0.1571961902E+06
  0.2358333333E+00  0.1568954347E+06
  0.2361111111E+00  0.1565946802E+06
  0.2363888889E+00  0.1562939256E+06
  0.2366666667E+00  0.1559931734E+06
  0.2369444444E+00  0.1556924189E+06
  0.2372222222E+00  0.1553916644E+06
  0.2375000000E+00  0.1550909088E+06
  0.2377777778E+00  0.1547901554E+06
  0.2380555556E+00  0.1544894009E+06
  0.2383333333E+00  0.1541886453E+06
  0.2386111111E+00  0.1538878908E+06
  0.2388888889E+00  0.1535871352E+06
  0.2391666667E+00  0.1532863807E+06
  0.2394444444E+00  0.1529856295E+06
  0.2397222222E+00  0.1526848740E+06
  0.2400000000E+00  0.1523841194E+06
  0.2402777778E+00  0.1521052550E+06
  0.2405555556E+00  0.1518263895E+06
  0.2408333333E+00  0.1515475217E+06
  0.2411111111E+00  0.1512686562E+06
  0.2413888889E+00  0.1509897907E+06
  0.2416666667E+00  0.1507109262E+06
  0.2419444444E+00  0.1504320618E+06
  0.2422222222E+00  0.1501531962E+06
  0.2425000000E+00  0.1498743308E+06
  0.2427777778E+00  0.1495954663E+06
  0.2430555556E+00  0.1493165985E+06
  0.2433333333E+00  0.1490377319E+06
  0.2436111111E+00  0.1487588675E+06
  0.2438888889E+00  0.1484800030E+06
  0.2441666667E+00  0.1482011376E+06
  0.2444444444E+00  0.1479222720E+06
  0.2447222222E+00  0.1476434075E+06
  0.2450000000E+00  0.1473645421E+06
  0.2452777778E+00  0.1471097571E+06
  0.2455555556E+00  0.1468549755E+06
  0.2458333333E+00  0.1466001939E+06
  0.2461111111E+00  0.1463454090E+06
  0.2463888889E+00  0.1460906274E+06
  0.2466666667E+00  0.1458358458E+06
  0.2469444444E+00  0.1455810609E+06
  0.2472222222E+00  0.1453262794E+06
  0.2475000000E+00  0.1450714978E+06
  0.2477777778E+00  0.1448167128E+06
  0.2480555556E+00  0.1445619312E+06
  0.2483333333E+00  0.1443071497E+06
  0.2486111111E+00  0.1440523647E+06
  0.2488888889E+00  0.1437975831E+06
  0.2491666667E+00  0.1435428005E+06
  0.2494444444E+00  0.1432880156E+06
  0.2497222222E+00  0.1430332340E+06
  0.2500000000E+00  0.1427784524E+06
  0.2502777778E+00  0.1425482826E+06
  0.2505555556E+00  0.1423181118E+06
  0.2508333333E+00  0.1420879453E+06
  0.2511111111E+00  0.1418577745E+06
  0.2513888889E+00  0.1416276047E+06
  0.2516666667E+00  0.1413974339E+06
  0.2519444444E+00  0.1411672674E+06
  0.2522222222E+00  0.1409370966E+06
  0.2525000000E+00  0.1407069268E+06
  0.2527777778E+00  0.1404767570E+06
  0.2530555556E+00  0.1402465896E+06
  0.2533333333E+00  0.1400164198E+06
  0.2536111111E+00  0.1397862501E+06
  0.2538888889E+00  0.1395560803E+06
  0.2541666667E+00  0.1393259128E+06
  0.2544444444E+00  0.1390957430E+06
  0.2547222222E+00  0.1388655722E+06
  0.2550000000E+00  0.1386354024E+06
  0.2552777778E+00  0.1384288267E+06
  0.2555555556E+00  0.1382222534E+06
  0.2558333333E+00  0.1380156777E+06
  0.2561111111E+00  0.1378091032E+06
  0.2563888889E+00  0.1376025265E+06
  0.2566666667E+00  0.1373959508E+06
  0.2569444444E+00  0.1371893785E+06
  0.2572222222E+00  0.1369828040E+06
  0.2575000000E+00  0.1367762273E+06
  0.2577777778E+00  0.1365696516E+06
  0.2580555556E+00  0.1363630771E+06
  0.2583333333E+00  0.1361565004E+06
  0.2586111111E+00  0.1359499281E+06
  0.2588888889E+00  0.1357433524E+06
  0.2591666667E+00  0.1355367769E+06
  0.2594444444E+00  0.1353302012E+06
  0.2597222222E+00  0.1351236256E+06
  0.2600000000E+00  0.1349170534E+06
  0.2602777778E+00  0.1347314374E+06
  0.2605555556E+00  0.1345458259E+06
  0.2608333333E+00  0.1343602101E+06
  0.2611111111E+00  0.1341745986E+06
  0.2613888889E+00  0.1339889838E+06
  0.2616666667E+00  0.1338033714E+06
  0.2619444444E+00  0.1336177579E+06
  0.2622222222E+00  0.1334321439E+06
  0.2625000000E+00  0.1332465298E+06
  0.2627777778E+00  0.1330609170E+06
  0.2630555556E+00  0.1328753042E+06
  0.2633333333E+00  0.1326896900E+06
  0.2636111111E+00  0.1325040772E+06
  0.2638888889E+00  0.1323184631E+06
  0.2641666667E+00  0.1321328503E+06
  0.2644444444E+00  0.1319472360E+06
  0.2647222222E+00  0.1317616222E+06
  0.2650000000E+00  0.1315760091E+06
  0.2652777778E+00  0.1314075707E+06
  0.2655555556E+00  0.1312391324E+06
  0.2658333333E+00  0.1310706941E+06
  0.2661111111E+00  0.1309022557E+06
  0.2663888889E+00  0.1307338171E+06
  0.2666666667E+00  0.1305653788E+06
  0.2669444444E+00  0.1303969404E+06
  0.2672222222E+00  0.1302285031E+06
  0.2675000000E+00  0.1300600638E+06
  0.2677777778E+00  0.1298916251E+06
  0.2680555556E+00  0.1297231878E+06
  0.2683333333E+00  0.1295547485E+06
  0.2686111111E+00  0.1293863101E+06
  0.2688888889E+00  0.1292178729E+06
  0.2691666667E+00  0.1290494332E+06
  0.2694444444E+00  0.1288809948E+06
  0.2697222222E+00  0.1287125575E+06
  0.2700000000E+00  0.1285441182E+06
  0.2702777778E+00  0.1283882959E+06
  0.2705555556E+00  0.1282324730E+06
  0.2708333333E+00  0.1280766501E+06
  0.2711111111E+00  0.1279208271E+06
  0.2713888889E+00  0.1277650028E+06
  0.2716666667E+00  0.1276091798E+06
  0.2719444444E+00  0.1274533569E+06
  0.2722222222E+00  0.1272975340E+06
  0.2725000000E+00  0.1271417107E+06
  0.2727777778E+00  0.1269858878E+06
  0.2730555556E+00  0.1268300649E+06
  0.2733333333E+00  0.1266742408E+06
  0.2736111111E+00  0.1265184176E+06
  0.2738888889E+00  0.1263625946E+06
  0.2741666667E+00  0.1262067717E+06
  0.2744444444E+00  0.1260509485E+06
  0.2747222222E+00  0.1258951265E+06
  0.2750000000E+00  0.1257393036E+06
  0.2752777778E+00  0.1255911062E+06
  0.2755555556E+00  0.1254429090E+06
  0.2758333333E+00  0.1252947115E+06
  0.2761111111E+00  0.1251465144E+06
  0.2763888889E+00  0.1249983169E+06
  0.2766666667E+00  0.1248501209E+06
  0.2769444444E+00  0.1247019231E+06
  0.2772222222E+00  0.1245537261E+06
  0.2775000000E+00  0.1244055289E+06
  0.2777777778E+00  0.1242573318E+06
  0.2780555556E+00  0.1241091345E+06
  0.2783333333E+00  0.1239609376E+06
  0.2786111111E+00  0.1238127402E+06
  0.2788888889E+00  0.1236645433E+06
  0.2791666667E+00  0.1235163460E+06
  0.2794444444E+00  0.1233681490E+06
  0.2797222222E+00  0.1232199517E+06
  0.2800000000E+00  0.1230717548E+06
  0.2802777778E+00  0.1229262591E+06
  0.2805555556E+00  0.1227807635E+06
  0.2808333333E+00  0.1226352669E+06
  0.2811111111E+00  0.1224897711E+06
  0.2813888889E+00  0.1223442755E+06
  0.2816666667E+00  0.1221987802E+06
  0.2819444444E+00  0.1220532835E+06
  0.2822222222E+00  0.1219077879E+06
  0.2825000000E+00  0.1217622923E+06
  0.2827777778E+00  0.1216167967E+06
  0.2830555556E+00  0.1214713010E+06
  0.2833333333E+00  0.1213258047E+06
  0.2836111111E+00  0.1211803091E+06
  0.2838888889E+00  0.1210348134E+06
  0.2841666667E+00  0.1208893178E+06
  0.2844444444E+00  0.1207438222E+06
  0.2847222222E+00  0.1205983256E+06
  0.2850000000E+00  0.1204528302E+06
  0.2852777778E+00  0.1203055846E+06
  0.2855555556E+00  0.1201583390E+06
  0.2858333333E+00  0.1200110937E+06
  0.2861111111E+00  0.1198638491E+06
  0.2863888889E+00  0.1197166035E+06
  0.2866666667E+00  0.1195693578E+06
  0.2869444444E+00  0.1194221126E+06
  0.2872222222E+00  0.1192748669E+06
  0.2875000000E+00  0.1191276214E+06
  0.2877777778E+00  0.1189803762E+06
  0.2880555556E+00  0.1188331305E+06
  0.2883333333E+00  0.1186858849E+06
  0.2886111111E+00  0.1185386406E+06
  0.2888888889E+00  0.1183913950E+06
  0.2891666667E+00  0.1182441494E+06
  0.2894444444E+00  0.1180969041E+06
  0.2897222222E+00  0.1179496585E+06
  0.2900000000E+00  0.1178024129E+06
  0.2902777778E+00  0.1176496054E+06
  0.2905555556E+00  0.1174967977E+06
  0.2908333333E+00  0.1173439900E+06
  0.2911111111E+00  0.1171911823E+06
  0.2913888889E+00  0.1170383748E+06
  0.2916666667E+00  0.1168855671E+06
  0.2919444444E+00  0.1167327583E+06
  0.2922222222E+00  0.1165799510E+06
  0.2925000000E+00  0.1164271431E+06
  0.2927777778E+00  0.1162743354E+06
  0.2930555556E+00  0.1161215277E+06
  0.2933333333E+00  0.1159687203E+06
  0.2936111111E+00  0.1158159125E+06
  0.2938888889E+00  0.1156631048E+06
  0.2941666667E+00  0.1155102971E+06
  0.2944444444E+00  0.1153574897E+06
  0.2947222222E+00  0.1152046819E+06
  0.2950000000E+00  0.1150518731E+06
  0.2952777778E+00  0.1148908106E+06
  0.2955555556E+00  0.1147297470E+06
  0.2958333333E+00  0.1145686834E+06
  0.2961111111E+00  0.1144076198E+06
  0.2963888889E+00  0.1142465559E+06
  0.2966666667E+00  0.1140854933E+06
  0.2969444444E+00  0.1139244298E+06
  0.2972222222E+00  0.1137633663E+06
  0.2975000000E+00  0.1136023027E+06
  0.2977777778E+00  0.1134412387E+06
  0.2980555556E+00  0.1132801752E+06
  0.2983333333E+00  0.1131191126E+06
  0.2986111111E+00  0.1129580490E+06
  0.2988888889E+00  0.1127969854E+06
  0.2991666667E+00  0.1126359218E+06
  0.2994444444E+00  0.1124748579E+06
  0.2997222222E+00  0.1123137953E+06
  0.3000000000E+00  0.1121527317E+06
  0.3002777778E+00  0.1119817313E+06
  0.3005555556E+00  0.1118107317E+06
  0.3008333333E+00  0.1116397323E+06
  0.3011111111E+00  0.1114687317E+06
  0.3013888889E+00  0.1112977323E+06
  0.3016666667E+00  0.1111267327E+06
  0.3019444444E+00  0.1109557323E+06
  0.3022222222E+00  0.1107847327E+06
  0.3025000000E+00  0.1106137335E+06
  0.3027777778E+00  0.1104427330E+06
  0.3030555556E+00  0.1102717335E+06
  0.3033333333E+00  0.1101007340E+06
  0.3036111111E+00  0.1099297334E+06
  0.3038888889E+00  0.1097587340E+06
  0.3041666667E+00  0.1095877344E+06
  0.3044444444E+00  0.1094167340E+06
  0.3047222222E+00  0.1092457344E+06
  0.3050000000E+00  0.1090747350E+06
  0.3052777778E+00  0.1088933171E+06
  0.3055555556E+00  0.1087119004E+06
  0.3058333333E+00  0.1085304826E+06
  0.3061111111E+00  0.1083490659E+06
  0.3063888889E+00  0.1081676481E+06
  0.3066666667E+00  0.1079862304E+06
  0.3069444444E+00  0.1078048136E+06
  0.3072222222E+00  0.1076233959E+06
  0.3075000000E+00  0.1074419791E+06
  0.3077777778E+00  0.1072605613E+06
  0.3080555556E+00  0.1070791445E+06
  0.3083333333E+00  0.1068977267E+06
  0.3086111111E+00  0.1067163100E+06
  0.3088888889E+00  0.1065348922E+06
  0.3091666667E+00  0.1063534742E+06
  0.3094444444E+00  0.1061720574E+06
  0.3097222222E+00  0.1059906397E+06
  0.3100000000E+00  0.1058092229E+06
  0.3102777778E+00  0.1056180747E+06
  0.3105555556E+00  0.1054269262E+06
  0.3108333333E+00  0.1052357778E+06
  0.3111111111E+00  0.1050446306E+06
  0.3113888889E+00  0.1048534821E+06
  0.3116666667E+00  0.1046623336E+06
  0.3119444444E+00  0.1044711852E+06
  0.3122222222E+00  0.1042800370E+06
  0.3125000000E+00  0.1040888895E+06
  0.3127777778E+00  0.1038977411E+06
  0.3130555556E+00  0.1037065929E+06
  0.3133333333E+00  0.1035154444E+06
  0.3136111111E+00  0.1033242960E+06
  0.3138888889E+00  0.1031331485E+06
  0.3141666667E+00  0.1029420003E+06
  0.3144444444E+00  0.1027508518E+06
  0.3147222222E+00  0.1025597034E+06
  0.3150000000E+00  0.1023685552E+06
  0.3152777778E+00  0.1021694777E+06
  0.3155555556E+00  0.1019703994E+06
  0.3158333333E+00  0.1017713213E+06
  0.3161111111E+00  0.1015722431E+06
  0.3163888889E+00  0.1013731649E+06
  0.3166666667E+00  0.1011740866E+06
  0.3169444444E+00  0.1009750085E+06
  0.3172222222E+00  0.1007759313E+06
  0.3175000000E+00  0.1005768530E+06
  0.3177777778E+00  0.1003777748E+06
  0.3180555556E+00  0.1001786966E+06
  0.3183333333E+00  0.9997961836E+05
  0.3186111111E+00  0.9978054018E+05
  0.3188888889E+00  0.9958146167E+05
  0.3191666667E+00  0.9938238450E+05
  0.3194444444E+00  0.9918330621E+05
  0.3197222222E+00  0.9898422804E+05
  0.3200000000E+00  0.9878514986E+05
  0.3202777778E+00  0.9858076721E+05
  0.3205555556E+00  0.9837638420E+05
  0.3208333333E+00  0.9817200155E+05
  0.3211111111E+00  0.9796761900E+05
  0.3213888889E+00  0.9776323501E+05
  0.3216666667E+00  0.9755885234E+05
  0.3219444444E+00  0.9735446946E+05
  0.3222222222E+00  0.9715008680E+05
  0.3225000000E+00  0.9694570414E+05
  0.3227777778E+00  0.9674132115E+05
  0.3230555556E+00  0.9653693860E+05
  0.3233333333E+00  0.9633255593E+05
  0.3236111111E+00  0.9612817194E+05
  0.3238888889E+00  0.9592378940E+05
  0.3241666667E+00  0.9571940639E+05
  0.3244444444E+00  0.9551502374E+05
  0.3247222222E+00  0.9531064119E+05
  0.3250000000E+00  0.9510625820E+05
  0.3252777778E+00  0.9490006381E+05
  0.3255555556E+00  0.9469387042E+05
  0.3258333333E+00  0.9448767671E+05
  0.3261111111E+00  0.9428148233E+05
  0.3263888889E+00  0.9407528895E+05
  0.3266666667E+00  0.9386909434E+05
  0.3269444444E+00  0.9366290096E+05
  0.3272222222E+00  0.9345670657E+05
  0.3275000000E+00  0.9325051285E+05
  0.3277777778E+00  0.9304431848E+05
  0.3280555556E+00  0.9283812509E+05
  0.3283333333E+00  0.9263193038E+05
  0.3286111111E+00  0.9242573699E+05
  0.3288888889E+00  0.9221954373E+05
  0.3291666667E+00  0.9201334934E+05
  0.3294444444E+00  0.9180715562E+05
  0.3297222222E+00  0.9160096124E+05
  0.3300000000E+00  0.9139476785E+05
  0.3302777778E+00  0.9119063047E+05
  0.3305555556E+00  0.9098649408E+05
  0.3308333333E+00  0.9078235658E+05
  0.3311111111E+00  0.9057821919E+05
  0.3313888889E+00  0.9037408281E+05
  0.3316666667E+00  0.9016994543E+05
  0.3319444444E+00  0.8996580803E+05
  0.3322222222E+00  0.8976167154E+05
  0.3325000000E+00  0.8955753415E+05
  0.3327777778E+00  0.8935339677E+05
  0.3330555556E+00  0.8914926037E+05
  0.3333333333E+00  0.8894512299E+05
  0.3336111111E+00  0.8874098549E+05
  0.3338888889E+00  0.8853684910E+05
  0.3341666667E+00  0.8833271171E+05
  0.3344444444E+00  0.8812857433E+05
  0.3347222222E+00  0.8792443794E+05
  0.3350000000E+00  0.8772030044E+05
  0.3352777778E+00  0.8752244081E+05
  0.3355555556E+00  0.8732458116E+05
  0.3358333333E+00  0.8712672153E+05
  0.3361111111E+00  0.8692886201E+05
  0.3363888889E+00  0.8673100237E+05
  0.3366666667E+00  0.8653314240E+05
  0.3369444444E+00  0.8633528276E+05
  0.3372222222E+00  0.8613742313E+05
  0.3375000000E+00  0.8593956350E+05
  0.3377777778E+00  0.8574170385E+05
  0.3380555556E+00  0.8554384422E+05
  0.3383333333E+00  0.8534598459E+05
  0.3386111111E+00  0.8514812595E+05
  0.3388888889E+00  0.8495026631E+05
  0.3391666667E+00  0.8475240667E+05
  0.3394444444E+00  0.8455454704E+05
  0.3397222222E+00  0.8435668741E+05
  0.3400000000E+00  0.8415882776E+05
  0.3402777778E+00  0.8397148099E+05
  0.3405555556E+00  0.8378413498E+05
  0.3408333333E+00  0.8359678931E+05
  0.3411111111E+00  0.8340944354E+05
  0.3413888889E+00  0.8322209686E+05
  0.3416666667E+00  0.8303475119E+05
  0.3419444444E+00  0.8284740541E+05
  0.3422222222E+00  0.8266005841E+05
  0.3425000000E+00  0.8247271273E+05
  0.3427777778E+00  0.8228536696E+05
  0.3430555556E+00  0.8209802029E+05
  0.3433333333E+00  0.8191067461E+05
  0.3436111111E+00  0.8172332883E+05
  0.3438888889E+00  0.8153598217E+05
  0.3441666667E+00  0.8134863616E+05
  0.3444444444E+00  0.8116129037E+05
  0.3447222222E+00  0.8097394471E+05
  0.3450000000E+00  0.8078659804E+05
  0.3452777778E+00  0.8061378654E+05
  0.3455555556E+00  0.8044097639E+05
  0.3458333333E+00  0.8026816477E+05
  0.3461111111E+00  0.8009535328E+05
  0.3463888889E+00  0.7992254312E+05
  0.3466666667E+00  0.7974973162E+05
  0.3469444444E+00  0.7957692013E+05
  0.3472222222E+00  0.7940410897E+05
  0.3475000000E+00  0.7923129847E+05
  0.3477777778E+00  0.7905848698E+05
  0.3480555556E+00  0.7888567570E+05
  0.3483333333E+00  0.7871286521E+05
  0.3486111111E+00  0.7854005371E+05
  0.3488888889E+00  0.7836724255E+05
  0.3491666667E+00  0.7819443106E+05
  0.3494444444E+00  0.7802162056E+05
  0.3497222222E+00  0.7784880940E+05
  0.3500000000E+00  0.7767599780E+05
  0.3502777778E+00  0.7752134833E+05
  0.3505555556E+00  0.7736669908E+05
  0.3508333333E+00  0.7721204948E+05
  0.3511111111E+00  0.7705739990E+05
  0.3513888889E+00  0.7690275066E+05
  0.3516666667E+00  0.7674810119E+05
  0.3519444444E+00  0.7659345160E+05
  0.3522222222E+00  0.7643880235E+05
  0.3525000000E+00  0.7628415277E+05
  0.3527777778E+00  0.7612950319E+05
  0.3530555556E+00  0.7597485372E+05
  0.3533333333E+00  0.7582020447E+05
  0.3536111111E+00  0.7566555488E+05
  0.3538888889E+00  0.7551090530E+05
  0.3541666667E+00  0.7535625605E+05
  0.3544444444E+00  0.7520160658E+05
  0.3547222222E+00  0.7504695700E+05
  0.3550000000E+00  0.7489230775E+05
  0.3552777778E+00  0.7475885550E+05
  0.3555555556E+00  0.7462540436E+05
  0.3558333333E+00  0.7449195245E+05
  0.3561111111E+00  0.7435850031E+05
  0.3563888889E+00  0.7422504940E+05
  0.3566666667E+00  0.7409159725E+05
  0.3569444444E+00  0.7395814634E+05
  0.3572222222E+00  0.7382469410E+05
  0.3575000000E+00  0.7369124329E+05
  0.3577777778E+00  0.7355779104E+05
  0.3580555556E+00  0.7342433890E+05
  0.3583333333E+00  0.7329088799E+05
  0.3586111111E+00  0.7315743586E+05
  0.3588888889E+00  0.7302398493E+05
  0.3591666667E+00  0.7289053269E+05
  0.3594444444E+00  0.7275708088E+05
  0.3597222222E+00  0.7262362964E+05
  0.3600000000E+00  0.7249017750E+05
  0.3602777778E+00  0.7238021116E+05
  0.3605555556E+00  0.7227024582E+05
  0.3608333333E+00  0.7216027981E+05
  0.3611111111E+00  0.7205031377E+05
  0.3613888889E+00  0.7194034773E+05
  0.3616666667E+00  0.7183038169E+05
  0.3619444444E+00  0.7172041565E+05
  0.3622222222E+00  0.7161044961E+05
  0.3625000000E+00  0.7150048357E+05
  0.3627777778E+00  0.7139051753E+05
  0.3630555556E+00  0.7128055138E+05
  0.3633333333E+00  0.7117058534E+05
  0.3636111111E+00  0.7106061930E+05
  0.3638888889E+00  0.7095065326E+05
  0.3641666667E+00  0.7084068722E+05
  0.3644444444E+00  0.7073072119E+05
  0.3647222222E+00  0.7062075514E+05
  0.3650000000E+00  0.7051078910E+05
  0.3652777778E+00  0.7042577376E+05
  0.3655555556E+00  0.7034075821E+05
  0.3658333333E+00  0.7025574287E+05
  0.3661111111E+00  0.7017072719E+05
  0.3663888889E+00  0.7008571164E+05
  0.3666666667E+00  0.7000069629E+05
  0.3669444444E+00  0.6991568095E+05
  0.3672222222E+00  0.6983066561E+05
  0.3675000000E+00  0.6974565005E+05
  0.3677777778E+00  0.6966063471E+05
  0.3680555556E+00  0.6957561904E+05
  0.3683333333E+00  0.6949060358E+05
  0.3686111111E+00  0.6940558813E+05
  0.3688888889E+00  0.6932057279E+05
  0.3691666667E+00  0.6923555734E+05
  0.3694444444E+00  0.6915054189E+05
  0.3697222222E+00  0.6906552655E+05
  0.3700000000E+00  0.6898051087E+05
  0.3702777778E+00  0.6892099176E+05
  0.3705555556E+00  0.6886147299E+05
  0.3708333333E+00  0.6880195408E+05
  0.3711111111E+00  0.6874243497E+05
  0.3713888889E+00  0.6868291596E+05
  0.3716666667E+00  0.6862339685E+05
  0.3719444444E+00  0.6856387794E+05
  0.3722222222E+00  0.6850435883E+05
  0.3725000000E+00  0.6844483972E+05
  0.3727777778E+00  0.6838532071E+05
  0.3730555556E+00  0.6832580170E+05
  0.3733333333E+00  0.6826628270E+05
  0.3736111111E+00  0.6820676358E+05
  0.3738888889E+00  0.6814724457E+05
  0.3741666667E+00  0.6808772556E+05
  0.3744444444E+00  0.6802820656E+05
  0.3747222222E+00  0.6796868778E+05
  0.3750000000E+00  0.6790916866E+05
  0.3752777778E+00  0.6787482711E+05
  0.3755555556E+00  0.6784048556E+05
  0.3758333333E+00  0.6780614390E+05
  0.3761111111E+00  0.6777180235E+05
  0.3763888889E+00  0.6773746079E+05
  0.3766666667E+00  0.6770311914E+05
  0.3769444444E+00  0.6766877748E+05
  0.3772222222E+00  0.6763443591E+05
  0.3775000000E+00  0.6760009426E+05
  0.3777777778E+00  0.6756575303E+05
  0.3780555556E+00  0.6753141149E+05
  0.3783333333E+00  0.6749706983E+05
  0.3786111111E+00  0.6746272827E+05
  0.3788888889E+00  0.6742838651E+05
  0.3791666667E+00  0.6739404495E+05
  0.3794444444E+00  0.6735970340E+05
  0.3797222222E+00  0.6732536175E+05
  0.3800000000E+00  0.6729102019E+05
  0.3802777778E+00  0.6728058756E+05
  0.3805555556E+00  0.6727015493E+05
  0.3808333333E+00  0.6725972241E+05
  0.3811111111E+00  0.6724928978E+05
  0.3813888889E+00  0.6723885715E+05
  0.3816666667E+00  0.6722842452E+05
  0.3819444444E+00  0.6721799187E+05
  0.3822222222E+00  0.6720755924E+05
  0.3825000000E+00  0.6719712672E+05
  0.3827777778E+00  0.6718669399E+05
  0.3830555556E+00  0.6717626136E+05
  0.3833333333E+00  0.6716582873E+05
  0.3836111111E+00  0.6715539610E+05
  0.3838888889E+00  0.6714496358E+05
  0.3841666667E+00  0.6713453095E+05
  0.3844444444E+00  0.6712409831E+05
  0.3847222222E+00  0.6711366568E+05
  0.3850000000E+00  0.6710323305E+05
  0.3852777778E+00  0.6711474716E+05
  0.3855555556E+00  0.6712626115E+05
  0.3858333333E+00  0.6713777536E+05
  0.3861111111E+00  0.6714928936E+05
  0.3863888889E+00  0.6716080347E+05
  0.3866666667E+00  0.6717231746E+05
  0.3869444444E+00  0.6718383157E+05
  0.3872222222E+00  0.6719534567E+05
  0.3875000000E+00  0.6720685978E+05
  0.3877777778E+00  0.6721837377E+05
  0.3880555556E+00  0.6722988788E+05
  0.3883333333E+00  0.6724140221E+05
  0.3886111111E+00  0.6725291642E+05
  0.3888888889E+00  0.6726443042E+05
  0.3891666667E+00  0.6727594441E+05
  0.3894444444E+00  0.6728745852E+05
  0.3897222222E+00  0.6729897252E+05
  0.3900000000E+00  0.6731048672E+05
  0.3902777778E+00  0.6734117635E+05
  0.3905555556E+00  0.6737186642E+05
  0.3908333333E+00  0.6740255604E+05
  0.3911111111E+00  0.6743324577E+05
  0.3913888889E+00  0.6746393540E+05
  0.3916666667E+00  0.6749462547E+05
  0.3919444444E+00  0.6752531510E+05
  0.3922222222E+00  0.6755600482E+05
  0.3925000000E+00  0.6758669445E+05
  0.3927777778E+00  0.6761738418E+05
  0.3930555556E+00  0.6764807415E+05
  0.3933333333E+00  0.6767876388E+05
  0.3936111111E+00  0.6770945350E+05
  0.3938888889E+00  0.6774014323E+05
  0.3941666667E+00  0.6777083319E+05
  0.3944444444E+00  0.6780152293E+05
  0.3947222222E+00  0.6783221256E+05
  0.3950000000E+00  0.6786290229E+05
  0.3952777778E+00  0.6790953917E+05
  0.3955555556E+00  0.6795617596E+05
  0.3958333333E+00  0.6800281284E+05
  0.3961111111E+00  0.6804944928E+05
  0.3963888889E+00  0.6809608606E+05
  0.3966666667E+00  0.6814272294E+05
  0.3969444444E+00  0.6818935940E+05
  0.3972222222E+00  0.6823599628E+05
  0.3975000000E+00  0.6828263317E+05
  0.3977777778E+00  0.6832926961E+05
  0.3980555556E+00  0.6837590638E+05
  0.3983333333E+00  0.6842254327E+05
  0.3986111111E+00  0.6846917972E+05
  0.3988888889E+00  0.6851581661E+05
  0.3991666667E+00  0.6856245339E+05
  0.3994444444E+00  0.6860909027E+05
  0.3997222222E+00  0.6865572671E+05
  0.4000000000E+00  0.6870236349E+05
  0.4002777778E+00  0.6876127441E+05
  0.4005555556E+00  0.6882018553E+05
  0.4008333333E+00  0.6887909611E+05
  0.4011111111E+00  0.6893800702E+05
  0.4013888889E+00  0.6899691794E+05
  0.4016666667E+00  0.6905582885E+05
  0.4019444444E+00  0.6911473976E+05
  0.4022222222E+00  0.6917365068E+05
  0.4025000000E+00  0.6923256125E+05
  0.4027777778E+00  0.6929147217E+05
  0.4030555556E+00  0.6935038329E+05
  0.4033333333E+00  0.6940929421E+05
  0.4036111111E+00  0.6946820513E+05
  0.4038888889E+00  0.6952711604E+05
  0.4041666667E+00  0.6958602662E+05
  0.4044444444E+00  0.6964493753E+05
  0.4047222222E+00  0.6970384845E+05
  0.4050000000E+00  0.6976275936E+05
  0.4052777778E+00  0.6983008488E+05
  0.4055555556E+00  0.6989741040E+05
  0.4058333333E+00  0.6996473605E+05
  0.4061111111E+00  0.7003206158E+05
  0.4063888889E+00  0.7009938711E+05
  0.4066666667E+00  0.7016671263E+05
  0.4069444444E+00  0.7023403794E+05
  0.4072222222E+00  0.7030136380E+05
  0.4075000000E+00  0.7036868933E+05
  0.4077777778E+00  0.7043601475E+05
  0.4080555556E+00  0.7050334017E+05
  0.4083333333E+00  0.7057066569E+05
  0.4086111111E+00  0.7063799155E+05
  0.4088888889E+00  0.7070531687E+05
  0.4091666667E+00  0.7077264240E+05
  0.4094444444E+00  0.7083996792E+05
  0.4097222222E+00  0.7090729333E+05
  0.4100000000E+00  0.7097461910E+05
  0.4102777778E+00  0.7104646627E+05
  0.4105555556E+00  0.7111831334E+05
  0.4108333333E+00  0.7119016074E+05
  0.4111111111E+00  0.7126200781E+05
  0.4113888889E+00  0.7133385522E+05
  0.4116666667E+00  0.7140570238E+05
  0.4119444444E+00  0.7147754979E+05
  0.4122222222E+00  0.7154939686E+05
  0.4125000000E+00  0.7162124426E+05
  0.4127777778E+00  0.7169309133E+05
  0.4130555556E+00  0.7176493849E+05
  0.4133333333E+00  0.7183678590E+05
  0.4136111111E+00  0.7190863298E+05
  0.4138888889E+00  0.7198048037E+05
  0.4141666667E+00  0.7205232754E+05
  0.4144444444E+00  0.7212417495E+05
  0.4147222222E+00  0.7219602201E+05
  0.4150000000E+00  0.7226786954E+05
  0.4152777778E+00  0.7234046988E+05
  0.4155555556E+00  0.7241307055E+05
  0.4158333333E+00  0.7248567091E+05
  0.4161111111E+00  0.7255827159E+05
  0.4163888889E+00  0.7263087238E+05
  0.4166666667E+00  0.7270347263E+05
  0.4169444444E+00  0.7277607330E+05
  0.4172222222E+00  0.7284867376E+05
  0.4175000000E+00  0.7292127443E+05
  0.4177777778E+00  0.7299387512E+05
  0.4180555556E+00  0.7306647547E+05
  0.4183333333E+00  0.7313907615E+05
  0.4186111111E+00  0.7321167650E+05
  0.4188888889E+00  0.7328427718E+05
  0.4191666667E+00  0.7335687797E+05
  0.4194444444E+00  0.7342947831E+05
  0.4197222222E+00  0.7350207890E+05
  0.4200000000E+00  0.7357467935E+05
  0.4202777778E+00  0.7364458462E+05
  0.4205555556E+00  0.7371448945E+05
  0.4208333333E+00  0.7378439438E+05
  0.4211111111E+00  0.7385429965E+05
  0.4213888889E+00  0.7392420447E+05
  0.4216666667E+00  0.7399410941E+05
  0.4219444444E+00  0.7406401424E+05
  0.4222222222E+00  0.7413391951E+05
  0.4225000000E+00  0.7420382443E+05
  0.4227777778E+00  0.7427372927E+05
  0.4230555556E+00  0.7434363464E+05
  0.4233333333E+00  0.7441353958E+05
  0.4236111111E+00  0.7448344441E+05
  0.4238888889E+00  0.7455334934E+05
  0.4241666667E+00  0.7462325460E+05
  0.4244444444E+00  0.7469315944E+05
  0.4247222222E+00  0.7476306437E+05
  0.4250000000E+00  0.7483296954E+05
  0.4252777778E+00  0.7489716659E+05
  0.4255555556E+00  0.7496136397E+05
  0.4258333333E+00  0.7502556123E+05
  0.4261111111E+00  0.7508975828E+05
  0.4263888889E+00  0.7515395566E+05
  0.4266666667E+00  0.7521815304E+05
  0.4269444444E+00  0.7528235010E+05
  0.4272222222E+00  0.7534654737E+05
  0.4275000000E+00  0.7541074475E+05
  0.4277777778E+00  0.7547494213E+05
  0.4280555556E+00  0.7553913908E+05
  0.4283333333E+00  0.7560333646E+05
  0.4286111111E+00  0.7566753384E+05
  0.4288888889E+00  0.7573173077E+05
  0.4291666667E+00  0.7579592816E+05
  0.4294444444E+00  0.7586012554E+05
  0.4297222222E+00  0.7592432292E+05
  0.4300000000E+00  0.7598851997E+05
  0.4302777778E+00  0.7604454974E+05
  0.4305555556E+00  0.7610057917E+05
  0.4308333333E+00  0.7615660885E+05
  0.4311111111E+00  0.7621263863E+05
  0.4313888889E+00  0.7626866807E+05
  0.4316666667E+00  0.7632469794E+05
  0.4319444444E+00  0.7638072739E+05
  0.4322222222E+00  0.7643675716E+05
  0.4325000000E+00  0.7649278659E+05
  0.4327777778E+00  0.7654881637E+05
  0.4330555556E+00  0.7660484604E+05
  0.4333333333E+00  0.7666087548E+05
  0.4336111111E+00  0.7671690525E+05
  0.4338888889E+00  0.7677293480E+05
  0.4341666667E+00  0.7682896458E+05
  0.4344444444E+00  0.7688499401E+05
  0.4347222222E+00  0.7694102378E+05
  0.4350000000E+00  0.7699705366E+05
  0.4352777778E+00  0.7704308273E+05
  0.4355555556E+00  0.7708911081E+05
  0.4358333333E+00  0.7713514023E+05
  0.4361111111E+00  0.7718116930E+05
  0.4363888889E+00  0.7722719838E+05
  0.4366666667E+00  0.7727322679E+05
  0.4369444444E+00  0.7731925587E+05
  0.4372222222E+00  0.7736528494E+05
  0.4375000000E+00  0.7741131436E+05
  0.4377777778E+00  0.7745734243E+05
  0.4380555556E+00  0.7750337151E+05
  0.4383333333E+00  0.7754940104E+05
  0.4386111111E+00  0.7759543011E+05
  0.4388888889E+00  0.7764145852E+05
  0.4391666667E+00  0.7768748760E+05
  0.4394444444E+00  0.7773351668E+05
  0.4397222222E+00  0.7777954608E+05
  0.4400000000E+00  0.7782557517E+05
  0.4402777778E+00  0.7786046613E+05
  0.4405555556E+00  0.7789535854E+05
  0.4408333333E+00  0.7793024962E+05
  0.4411111111E+00  0.7796514170E+05
  0.4413888889E+00  0.7800003266E+05
  0.4416666667E+00  0.7803492507E+05
  0.4419444444E+00  0.7806981615E+05
  0.4422222222E+00  0.7810470811E+05
  0.4425000000E+00  0.7813959919E+05
  0.4427777778E+00  0.7817449159E+05
  0.4430555556E+00  0.7820938367E+05
  0.4433333333E+00  0.7824427464E+05
  0.4436111111E+00  0.7827916705E+05
  0.4438888889E+00  0.7831405813E+05
  0.4441666667E+00  0.7834895010E+05
  0.4444444444E+00  0.7838384117E+05
  0.4447222222E+00  0.7841873358E+05
  0.4450000000E+00  0.7845362466E+05
  0.4452777778E+00  0.7847688043E+05
  0.4455555556E+00  0.7850013565E+05
  0.4458333333E+00  0.7852339053E+05
  0.4461111111E+00  0.7854664531E+05
  0.4463888889E+00  0.7856990019E+05
  0.4466666667E+00  0.7859315630E+05
  0.4469444444E+00  0.7861641118E+05
  0.4472222222E+00  0.7863966607E+05
  0.4475000000E+00  0.7866292117E+05
  0.4477777778E+00  0.7868617706E+05
  0.4480555556E+00  0.7870943194E+05
  0.4483333333E+00  0.7873268672E+05
  0.4486111111E+00  0.7875594193E+05
  0.4488888889E+00  0.7877919682E+05
  0.4491666667E+00  0.7880245259E+05
  0.4494444444E+00  0.7882570781E+05
  0.4497222222E+00  0.7884896269E+05
  0.4500000000E+00  0.7887221747E+05
  0.4502777778E+00  0.7888399903E+05
  0.4505555556E+00  0.7889577926E+05
  0.4508333333E+00  0.7890756083E+05
  0.4511111111E+00  0.7891934139E+05
  0.4513888889E+00  0.7893112262E+05
  0.4516666667E+00  0.7894290318E+05
  0.4519444444E+00  0.7895468440E+05
  0.4522222222E+00  0.7896646598E+05
  0.4525000000E+00  0.7897824654E+05
  0.4527777778E+00  0.7899002776E+05
  0.4530555556E+00  0.7900180821E+05
  0.4533333333E+00  0.7901358977E+05
  0.4536111111E+00  0.7902537001E+05
  0.4538888889E+00  0.7903715157E+05
  0.4541666667E+00  0.7904893180E+05
  0.4544444444E+00  0.7906071336E+05
  0.4547222222E+00  0.7907249392E+05
  0.4550000000E+00  0.7908427516E+05
  0.4552777778E+00  0.7908535220E+05
  0.4555555556E+00  0.7908642924E+05
  0.4558333333E+00  0.7908750628E+05
  0.4561111111E+00  0.7908858366E+05
  0.4563888889E+00  0.7908966070E+05
  0.4566666667E+00  0.7909073775E+05
  0.4569444444E+00  0.7909181480E+05
  0.4572222222E+00  0.7909289184E+05
  0.4575000000E+00  0.7909396888E+05
  0.4577777778E+00  0.7909504592E+05
  0.4580555556E+00  0.7909612298E+05
  0.4583333333E+00  0.7909720001E+05
  0.4586111111E+00  0.7909827706E+05
  0.4588888889E+00  0.7909935410E+05
  0.4591666667E+00  0.7910043148E+05
  0.4594444444E+00  0.7910150852E+05
  0.4597222222E+00  0.7910258557E+05
  0.4600000000E+00  0.7910366261E+05
  0.4602777778E+00  0.7909528492E+05
  0.4605555556E+00  0.7908690712E+05
  0.4608333333E+00  0.7907852943E+05
  0.4611111111E+00  0.7907015263E+05
  0.4613888889E+00  0.7906177528E+05
  0.4616666667E+00  0.7905339747E+05
  0.4619444444E+00  0.7904501978E+05
  0.4622222222E+00  0.7903664309E+05
  0.4625000000E+00  0.7902826529E+05
  0.4627777778E+00  0.7901988761E+05
  0.4630555556E+00  0.7901151013E+05
  0.4633333333E+00  0.7900313344E+05
  0.4636111111E+00  0.7899475565E+05
  0.4638888889E+00  0.7898637796E+05
  0.4641666667E+00  0.7897800027E+05
  0.4644444444E+00  0.7896962346E+05
  0.4647222222E+00  0.7896124611E+05
  0.4650000000E+00  0.7895286831E+05
  0.4652777778E+00  0.7893666885E+05
  0.4655555556E+00  0.7892046940E+05
  0.4658333333E+00  0.7890427128E+05
  0.4661111111E+00  0.7888807184E+05
  0.4663888889E+00  0.7887187239E+05
  0.4666666667E+00  0.7885567294E+05
  0.4669444444E+00  0.7883947382E+05
  0.4672222222E+00  0.7882327425E+05
  0.4675000000E+00  0.7880707480E+05
  0.4677777778E+00  0.7879087636E+05
  0.4680555556E+00  0.7877467724E+05
  0.4683333333E+00  0.7875847779E+05
  0.4686111111E+00  0.7874227834E+05
  0.4688888889E+00  0.7872607888E+05
  0.4691666667E+00  0.7870987978E+05
  0.4694444444E+00  0.7869368132E+05
  0.4697222222E+00  0.7867748176E+05
  0.4700000000E+00  0.7866128231E+05
  0.4702777778E+00  0.7863917015E+05
  0.4705555556E+00  0.7861705699E+05
  0.4708333333E+00  0.7859494483E+05
  0.4711111111E+00  0.7857283234E+05
  0.4713888889E+00  0.7855072018E+05
  0.4716666667E+00  0.7852860703E+05
  0.4719444444E+00  0.7850649486E+05
  0.4722222222E+00  0.7848438236E+05
  0.4725000000E+00  0.7846227020E+05
  0.4727777778E+00  0.7844015705E+05
  0.4730555556E+00  0.7841804489E+05
  0.4733333333E+00  0.7839593240E+05
  0.4736111111E+00  0.7837382024E+05
  0.4738888889E+00  0.7835170708E+05
  0.4741666667E+00  0.7832959492E+05
  0.4744444444E+00  0.7830748243E+05
  0.4747222222E+00  0.7828536927E+05
  0.4750000000E+00  0.7826325710E+05
  0.4752777778E+00  0.7823727122E+05
  0.4755555556E+00  0.7821128522E+05
  0.4758333333E+00  0.7818529833E+05
  0.4761111111E+00  0.7815931243E+05
  0.4763888889E+00  0.7813332643E+05
  0.4766666667E+00  0.7810734015E+05
  0.4769444444E+00  0.7808135396E+05
  0.4772222222E+00  0.7805536766E+05
  0.4775000000E+00  0.7802938157E+05
  0.4777777778E+00  0.7800339538E+05
  0.4780555556E+00  0.7797740908E+05
  0.4783333333E+00  0.7795142299E+05
  0.4786111111E+00  0.7792543680E+05
  0.4788888889E+00  0.7789945050E+05
  0.4791666667E+00  0.7787346465E+05
  0.4794444444E+00  0.7784747856E+05
  0.4797222222E+00  0.7782149225E+05
  0.4800000000E+00  0.7779550606E+05
  0.4802777778E+00  0.7776767714E+05
  0.4805555556E+00  0.7773984854E+05
  0.4808333333E+00  0.7771201971E+05
  0.4811111111E+00  0.7768419079E+05
  0.4813888889E+00  0.7765636219E+05
  0.4816666667E+00  0.7762853326E+05
  0.4819444444E+00  0.7760070477E+05
  0.4822222222E+00  0.7757287584E+05
  0.4825000000E+00  0.7754504715E+05
  0.4827777778E+00  0.7751721821E+05
  0.4830555556E+00  0.7748938939E+05
  0.4833333333E+00  0.7746156079E+05
  0.4836111111E+00  0.7743373186E+05
  0.4838888889E+00  0.7740590327E+05
  0.4841666667E+00  0.7737807444E+05
  0.4844444444E+00  0.7735024585E+05
  0.4847222222E+00  0.7732241692E+05
  0.4850000000E+00  0.7729458799E+05
  0.4852777778E+00  0.7726685863E+05
  0.4855555556E+00  0.7723912893E+05
  0.4858333333E+00  0.7721139934E+05
  0.4861111111E+00  0.7718366987E+05
  0.4863888889E+00  0.7715594016E+05
  0.4866666667E+00  0.7712821048E+05
  0.4869444444E+00  0.7710048110E+05
  0.4872222222E+00  0.7707275140E+05
  0.4875000000E+00  0.7704502171E+05
  0.4877777778E+00  0.7701729235E+05
  0.4880555556E+00  0.7698956264E+05
  0.4883333333E+00  0.7696183295E+05
  0.4886111111E+00  0.7693410324E+05
  0.4888888889E+00  0.7690637399E+05
  0.4891666667E+00  0.7687864418E+05
  0.4894444444E+00  0.7685091449E+05
  0.4897222222E+00  0.7682318512E+05
  0.4900000000E+00  0.7679545543E+05
  0.4902777778E+00  0.7676953633E+05
  0.4905555556E+00  0.7674361723E+05
  0.4908333333E+00  0.7671769814E+05
  0.4911111111E+00  0.7669177904E+05
  0.4913888889E+00  0.7666585995E+05
  0.4916666667E+00  0.7663994075E+05
  0.4919444444E+00  0.7661402143E+05
  0.4922222222E+00  0.7658810233E+05
  0.4925000000E+00  0.7656218323E+05
  0.4927777778E+00  0.7653626405E+05
  0.4930555556E+00  0.7651034495E+05
  0.4933333333E+00  0.7648442596E+05
  0.4936111111E+00  0.7645850686E+05
  0.4938888889E+00  0.7643258767E+05
  0.4941666667E+00  0.7640666857E+05
  0.4944444444E+00  0.7638074958E+05
  0.4947222222E+00  0.7635483038E+05
  0.4950000000E+00  0.7632891128E+05
