  0.1027777778E-01  0.2257465158E+08
  0.1055555556E-01  0.2254664497E+08
  0.1083333333E-01  0.2251863791E+08
  0.1111111111E-01  0.2249063128E+08
  0.1138888889E-01  0.2246262456E+08
  0.1166666667E-01  0.2243461749E+08
  0.1194444444E-01  0.2240661076E+08
  0.1222222222E-01  0.2237860414E+08
  0.1250000000E-01  0.2235059719E+08
  0.1277777778E-01  0.2232259046E+08
  0.1305555556E-01  0.2229458383E+08
  0.1333333333E-01  0.2226657677E+08
  0.1361111111E-01  0.2223857015E+08
  0.1388888889E-01  0.2221056353E+08
  0.1416666667E-01  0.2218255647E+08
  0.1444444444E-01  0.2215454984E+08
  0.1472222222E-01  0.2212654278E+08
  0.1500000000E-01  0.2209853616E+08
  0.1527777778E-01  0.2206035391E+08
  0.1555555556E-01  0.2202217165E+08
  0.1583333333E-01  0.2198398906E+08
  0.1611111111E-01  0.2194580691E+08
  0.1638888889E-01  0.2190762466E+08
  0.1666666667E-01  0.2186944207E+08
  0.1694444444E-01  0.2183125982E+08
  0.1722222222E-01  0.2179307766E+08
  0.1750000000E-01  0.2175489507E+08
  0.1777777778E-01  0.2171671293E+08
  0.1805555556E-01  0.2167853067E+08
  0.1833333333E-01  0.2164034842E+08
  0.1861111111E-01  0.2160216582E+08
  0.1888888889E-01  0.2156398357E+08
  0.1916666667E-01  0.2152580132E+08
  0.1944444444E-01  0.2148761884E+08
  0.1972222222E-01  0.2144943659E+08
  0.2000000000E-01  0.2141125432E+08
  0.2027777778E-01  0.2136385697E+08
  0.2055555556E-01  0.2131645919E+08
  0.2083333333E-01  0.2126906174E+08
  0.2111111111E-01  0.2122166428E+08
  0.2138888889E-01  0.2117426704E+08
  0.2166666667E-01  0.2112686926E+08
  0.2194444444E-01  0.2107947181E+08
  0.2222222222E-01  0.2103207445E+08
  0.2250000000E-01  0.2098467700E+08
  0.2277777778E-01  0.2093727955E+08
  0.2305555556E-01  0.2088988177E+08
  0.2333333333E-01  0.2084248453E+08
  0.2361111111E-01  0.2079508708E+08
  0.2388888889E-01  0.2074768963E+08
  0.2416666667E-01  0.2070029227E+08
  0.2444444444E-01  0.2065289449E+08
  0.2472222222E-01  0.2060549704E+08
  0.2500000000E-01  0.2055809969E+08
  0.2527777778E-01  0.2050266938E+08
  0.2555555556E-01  0.2044723919E+08
  0.2583333333E-01  0.2039180920E+08
  0.2611111111E-01  0.2033637890E+08
  0.2638888889E-01  0.2028094859E+08
  0.2666666667E-01  0.2022551829E+08
  0.2694444444E-01  0.2017008797E+08
  0.2722222222E-01  0.2011465800E+08
  0.2750000000E-01  0.2005922781E+08
  0.2777777778E-01  0.2000379750E+08
  0.2805555556E-01  0.1994836719E+08
  0.2833333333E-01  0.1989293721E+08
  0.2861111111E-01  0.1983750691E+08
  0.2888888889E-01  0.1978207660E+08
  0.2916666667E-01  0.1972664640E+08
  0.2944444444E-01  0.1967121608E+08
  0.2972222222E-01  0.1961578622E+08
  0.3000000000E-01  0.1956035592E+08
  0.3027777778E-01  0.1949824823E+08
  0.3055555556E-01  0.1943614031E+08
  0.3083333333E-01  0.1937403262E+08
  0.3111111111E-01  0.1931192493E+08
  0.3138888889E-01  0.1924981747E+08
  0.3166666667E-01  0.1918770944E+08
  0.3194444444E-01  0.1912560185E+08
  0.3222222222E-01  0.1906349417E+08
  0.3250000000E-01  0.1900138615E+08
  0.3277777778E-01  0.1893927856E+08
  0.3305555556E-01  0.1887717099E+08
  0.3333333333E-01  0.1881506340E+08
  0.3361111111E-01  0.1875295537E+08
  0.3388888889E-01  0.1869084770E+08
  0.3416666667E-01  0.1862874010E+08
  0.3444444444E-01  0.1856663208E+08
  0.3472222222E-01  0.1850452450E+08
  0.3500000000E-01  0.1844241692E+08
  0.3527777778E-01  0.1837508425E+08
  0.3555555556E-01  0.1830775147E+08
  0.3583333333E-01  0.1824041880E+08
  0.3611111111E-01  0.1817308623E+08
  0.3638888889E-01  0.1810575346E+08
  0.3666666667E-01  0.1803842077E+08
  0.3694444444E-01  0.1797108843E+08
  0.3722222222E-01  0.1790375565E+08
  0.3750000000E-01  0.1783642309E+08
  0.3777777778E-01  0.1776909041E+08
  0.3805555556E-01  0.1770175764E+08
  0.3833333333E-01  0.1763442497E+08
  0.3861111111E-01  0.1756709240E+08
  0.3888888889E-01  0.1749975972E+08
  0.3916666667E-01  0.1743242694E+08
  0.3944444444E-01  0.1736509427E+08
  0.3972222222E-01  0.1729776192E+08
  0.4000000000E-01  0.1723042926E+08
  0.4027777778E-01  0.1715939899E+08
  0.4055555556E-01  0.1708836904E+08
  0.4083333333E-01  0.1701733888E+08
  0.4111111111E-01  0.1694630893E+08
  0.4138888889E-01  0.1687527875E+08
  0.4166666667E-01  0.1680424881E+08
  0.4194444444E-01  0.1673321866E+08
  0.4222222222E-01  0.1666218838E+08
  0.4250000000E-01  0.1659115844E+08
  0.4277777778E-01  0.1652012816E+08
  0.4305555556E-01  0.1644909833E+08
  0.4333333333E-01  0.1637806805E+08
  0.4361111111E-01  0.1630703811E+08
  0.4388888889E-01  0.1623600783E+08
  0.4416666667E-01  0.1616497801E+08
  0.4444444444E-01  0.1609394773E+08
  0.4472222222E-01  0.1602291779E+08
  0.4500000000E-01  0.1595188763E+08
  0.4527777778E-01  0.1587869140E+08
  0.4555555556E-01  0.1580549486E+08
  0.4583333333E-01  0.1573229865E+08
  0.4611111111E-01  0.1565910211E+08
  0.4638888889E-01  0.1558590589E+08
  0.4666666667E-01  0.1551270935E+08
  0.4694444444E-01  0.1543951280E+08
  0.4722222222E-01  0.1536631659E+08
  0.4750000000E-01  0.1529312004E+08
  0.4777777778E-01  0.1521992384E+08
  0.4805555556E-01  0.1514672719E+08
  0.4833333333E-01  0.1507353098E+08
  0.4861111111E-01  0.1500033443E+08
  0.4888888889E-01  0.1492713821E+08
  0.4916666667E-01  0.1485394167E+08
  0.4944444444E-01  0.1478074546E+08
  0.4972222222E-01  0.1470754891E+08
  0.5000000000E-01  0.1463435237E+08
  0.5027777778E-01  0.1456047638E+08
  0.5055555556E-01  0.1448660029E+08
  0.5083333333E-01  0.1441272441E+08
  0.5111111111E-01  0.1433884809E+08
  0.5138888889E-01  0.1426497210E+08
  0.5166666667E-01  0.1419109611E+08
  0.5194444444E-01  0.1411722012E+08
  0.5222222222E-01  0.1404334415E+08
  0.5250000000E-01  0.1396946782E+08
  0.5277777778E-01  0.1389559183E+08
  0.5305555556E-01  0.1382171584E+08
  0.5333333333E-01  0.1374783986E+08
  0.5361111111E-01  0.1367396365E+08
  0.5388888889E-01  0.1360008756E+08
  0.5416666667E-01  0.1352621157E+08
  0.5444444444E-01  0.1345233558E+08
  0.5472222222E-01  0.1337845926E+08
  0.5500000000E-01  0.1330458327E+08
  0.5527777778E-01  0.1323142128E+08
  0.5555555556E-01  0.1315825909E+08
  0.5583333333E-01  0.1308509710E+08
  0.5611111111E-01  0.1301193501E+08
  0.5638888889E-01  0.1293877281E+08
  0.5666666667E-01  0.1286561049E+08
  0.5694444444E-01  0.1279244839E+08
  0.5722222222E-01  0.1271928620E+08
  0.5750000000E-01  0.1264612421E+08
  0.5777777778E-01  0.1257296208E+08
  0.5805555556E-01  0.1249979996E+08
  0.5833333333E-01  0.1242663783E+08
  0.5861111111E-01  0.1235347570E+08
  0.5888888889E-01  0.1228031359E+08
  0.5916666667E-01  0.1220715142E+08
  0.5944444444E-01  0.1213398930E+08
  0.5972222222E-01  0.1206082718E+08
  0.6000000000E-01  0.1198766505E+08
  0.6027777778E-01  0.1191648269E+08
  0.6055555556E-01  0.1184530047E+08
  0.6083333333E-01  0.1177411814E+08
  0.6111111111E-01  0.1170293579E+08
  0.6138888889E-01  0.1163175347E+08
  0.6166666667E-01  0.1156057111E+08
  0.6194444444E-01  0.1148938879E+08
  0.6222222222E-01  0.1141820657E+08
  0.6250000000E-01  0.1134702421E+08
  0.6277777778E-01  0.1127584188E+08
  0.6305555556E-01  0.1120465953E+08
  0.6333333333E-01  0.1113347731E+08
  0.6361111111E-01  0.1106229498E+08
  0.6388888889E-01  0.1099111262E+08
  0.6416666667E-01  0.1091993041E+08
  0.6444444444E-01  0.1084874795E+08
  0.6472222222E-01  0.1077756563E+08
  0.6500000000E-01  0.1070638341E+08
  0.6527777778E-01  0.1063827841E+08
  0.6555555556E-01  0.1057017343E+08
  0.6583333333E-01  0.1050206847E+08
  0.6611111111E-01  0.1043396361E+08
  0.6638888889E-01  0.1036585864E+08
  0.6666666667E-01  0.1029775367E+08
  0.6694444444E-01  0.1022964871E+08
  0.6722222222E-01  0.1016154378E+08
  0.6750000000E-01  0.1009343881E+08
  0.6777777778E-01  0.1002533385E+08
  0.6805555556E-01  0.9957228880E+07
  0.6833333333E-01  0.9889123924E+07
  0.6861111111E-01  0.9821018954E+07
  0.6888888889E-01  0.9752913987E+07
  0.6916666667E-01  0.9684809054E+07
  0.6944444444E-01  0.9616704099E+07
  0.6972222222E-01  0.9548599132E+07
  0.7000000000E-01  0.9480494162E+07
  0.7027777778E-01  0.9416377001E+07
  0.7055555556E-01  0.9352259829E+07
  0.7083333333E-01  0.9288142690E+07
  0.7111111111E-01  0.9224025528E+07
  0.7138888889E-01  0.9159908260E+07
  0.7166666667E-01  0.9095791088E+07
  0.7194444444E-01  0.9031673960E+07
  0.7222222222E-01  0.8967556787E+07
  0.7250000000E-01  0.8903439615E+07
  0.7277777778E-01  0.8839322354E+07
  0.7305555556E-01  0.8775205182E+07
  0.7333333333E-01  0.8711088042E+07
  0.7361111111E-01  0.8646970881E+07
  0.7388888889E-01  0.8582853709E+07
  0.7416666667E-01  0.8518736437E+07
  0.7444444444E-01  0.8454619309E+07
  0.7472222222E-01  0.8390502137E+07
  0.7500000000E-01  0.8326384965E+07
  0.7527777778E-01  0.8266959511E+07
  0.7555555556E-01  0.8207534147E+07
  0.7583333333E-01  0.8148108798E+07
  0.7611111111E-01  0.8088683334E+07
  0.7638888889E-01  0.8029257936E+07
  0.7666666667E-01  0.7969832583E+07
  0.7694444444E-01  0.7910407119E+07
  0.7722222222E-01  0.7850981755E+07
  0.7750000000E-01  0.7791556404E+07
  0.7777777778E-01  0.7732131040E+07
  0.7805555556E-01  0.7672705577E+07
  0.7833333333E-01  0.7613280224E+07
  0.7861111111E-01  0.7553854827E+07
  0.7888888889E-01  0.7494429364E+07
  0.7916666667E-01  0.7435004011E+07
  0.7944444444E-01  0.7375578648E+07
  0.7972222222E-01  0.7316153185E+07
  0.8000000000E-01  0.7256727832E+07
  0.8027777778E-01  0.7202491829E+07
  0.8055555556E-01  0.7148255803E+07
  0.8083333333E-01  0.7094019800E+07
  0.8111111111E-01  0.7039783897E+07
  0.8138888889E-01  0.6985547905E+07
  0.8166666667E-01  0.6931311869E+07
  0.8194444444E-01  0.6877075876E+07
  0.8222222222E-01  0.6822839873E+07
  0.8250000000E-01  0.6768603870E+07
  0.8277777778E-01  0.6714367879E+07
  0.8305555556E-01  0.6660131942E+07
  0.8333333333E-01  0.6605895950E+07
  0.8361111111E-01  0.6551659946E+07
  0.8388888889E-01  0.6497423943E+07
  0.8416666667E-01  0.6443187918E+07
  0.8444444444E-01  0.6388951915E+07
  0.8472222222E-01  0.6334715924E+07
  0.8500000000E-01  0.6280480020E+07
  0.8527777778E-01  0.6231723308E+07
  0.8555555556E-01  0.6182966719E+07
  0.8583333333E-01  0.6134210108E+07
  0.8611111111E-01  0.6085453518E+07
  0.8638888889E-01  0.6036696906E+07
  0.8666666667E-01  0.5987940295E+07
  0.8694444444E-01  0.5939183706E+07
  0.8722222222E-01  0.5890427094E+07
  0.8750000000E-01  0.5841670405E+07
  0.8777777778E-01  0.5792913794E+07
  0.8805555556E-01  0.5744157216E+07
  0.8833333333E-01  0.5695400592E+07
  0.8861111111E-01  0.5646643981E+07
  0.8888888889E-01  0.5597887392E+07
  0.8916666667E-01  0.5549130780E+07
  0.8944444444E-01  0.5500374202E+07
  0.8972222222E-01  0.5451617519E+07
  0.9000000000E-01  0.5402860922E+07
  0.9027777778E-01  0.5359681554E+07
  0.9055555556E-01  0.5316502210E+07
  0.9083333333E-01  0.5273322888E+07
  0.9111111111E-01  0.5230143511E+07
  0.9138888889E-01  0.5186964167E+07
  0.9166666667E-01  0.5143784834E+07
  0.9194444444E-01  0.5100605502E+07
  0.9222222222E-01  0.5057426134E+07
  0.9250000000E-01  0.5014246791E+07
  0.9277777778E-01  0.4971067447E+07
  0.9305555556E-01  0.4927888091E+07
  0.9333333333E-01  0.4884708747E+07
  0.9361111111E-01  0.4841529414E+07
  0.9388888889E-01  0.4798350071E+07
  0.9416666667E-01  0.4755170704E+07
  0.9444444444E-01  0.4711991371E+07
  0.9472222222E-01  0.4668812027E+07
  0.9500000000E-01  0.4625632650E+07
  0.9527777778E-01  0.4587953958E+07
  0.9555555556E-01  0.4550275244E+07
  0.9583333333E-01  0.4512596496E+07
  0.9611111111E-01  0.4474917782E+07
  0.9638888889E-01  0.4437239068E+07
  0.9666666667E-01  0.4399560332E+07
  0.9694444444E-01  0.4361881618E+07
  0.9722222222E-01  0.4324202904E+07
  0.9750000000E-01  0.4286524156E+07
  0.9777777778E-01  0.4248845453E+07
  0.9805555556E-01  0.4211166749E+07
  0.9833333333E-01  0.4173488003E+07
  0.9861111111E-01  0.4135809289E+07
  0.9888888889E-01  0.4098130552E+07
  0.9916666667E-01  0.4060451838E+07
  0.9944444444E-01  0.4022773124E+07
  0.9972222222E-01  0.3985094377E+07
  0.1000000000E+00  0.3947415674E+07
  0.1002777778E+00  0.3915008590E+07
  0.1005555556E+00  0.3882601515E+07
  0.1008333333E+00  0.3850194442E+07
  0.1011111111E+00  0.3817787335E+07
  0.1013888889E+00  0.3785380260E+07
  0.1016666667E+00  0.3752973187E+07
  0.1019444444E+00  0.3720566113E+07
  0.1022222222E+00  0.3688159040E+07
  0.1025000000E+00  0.3655751966E+07
  0.1027777778E+00  0.3623344848E+07
  0.1030555556E+00  0.3590937774E+07
  0.1033333333E+00  0.3558530701E+07
  0.1036111111E+00  0.3526123627E+07
  0.1038888889E+00  0.3493716553E+07
  0.1041666667E+00  0.3461309479E+07
  0.1044444444E+00  0.3428902406E+07
  0.1047222222E+00  0.3396495298E+07
  0.1050000000E+00  0.3364088214E+07
  0.1052777778E+00  0.3336605018E+07
  0.1055555556E+00  0.3309121833E+07
  0.1058333333E+00  0.3281638680E+07
  0.1061111111E+00  0.3254155485E+07
  0.1063888889E+00  0.3226672299E+07
  0.1066666667E+00  0.3199189103E+07
  0.1069444444E+00  0.3171705907E+07
  0.1072222222E+00  0.3144222720E+07
  0.1075000000E+00  0.3116739525E+07
  0.1077777778E+00  0.3089256338E+07
  0.1080555556E+00  0.3061773143E+07
  0.1083333333E+00  0.3034289981E+07
  0.1086111111E+00  0.3006806794E+07
  0.1088888889E+00  0.2979323598E+07
  0.1091666667E+00  0.2951840414E+07
  0.1094444444E+00  0.2924357228E+07
  0.1097222222E+00  0.2896874032E+07
  0.1100000000E+00  0.2869390846E+07
  0.1102777778E+00  0.2846388757E+07
  0.1105555556E+00  0.2823386688E+07
  0.1108333333E+00  0.2800384609E+07
  0.1111111111E+00  0.2777382529E+07
  0.1113888889E+00  0.2754380428E+07
  0.1116666667E+00  0.2731378338E+07
  0.1119444444E+00  0.2708376270E+07
  0.1122222222E+00  0.2685374191E+07
  0.1125000000E+00  0.2662372111E+07
  0.1127777778E+00  0.2639370033E+07
  0.1130555556E+00  0.2616367920E+07
  0.1133333333E+00  0.2593365852E+07
  0.1136111111E+00  0.2570363773E+07
  0.1138888889E+00  0.2547361694E+07
  0.1141666667E+00  0.2524359615E+07
  0.1144444444E+00  0.2501357535E+07
  0.1147222222E+00  0.2478355434E+07
  0.1150000000E+00  0.2455353354E+07
  0.1152777778E+00  0.2436329314E+07
  0.1155555556E+00  0.2417305230E+07
  0.1158333333E+00  0.2398281191E+07
  0.1161111111E+00  0.2379257107E+07
  0.1163888889E+00  0.2360233067E+07
  0.1166666667E+00  0.2341208982E+07
  0.1169444444E+00  0.2322184943E+07
  0.1172222222E+00  0.2303160858E+07
  0.1175000000E+00  0.2284136819E+07
  0.1177777778E+00  0.2265112735E+07
  0.1180555556E+00  0.2246088695E+07
  0.1183333333E+00  0.2227064610E+07
  0.1186111111E+00  0.2208040571E+07
  0.1188888889E+00  0.2189016498E+07
  0.1191666667E+00  0.2169992447E+07
  0.1194444444E+00  0.2150968374E+07
  0.1197222222E+00  0.2131944290E+07
  0.1200000000E+00  0.2112920250E+07
  0.1202777778E+00  0.2097338475E+07
  0.1205555556E+00  0.2081756678E+07
  0.1208333333E+00  0.2066174903E+07
  0.1211111111E+00  0.2050593139E+07
  0.1213888889E+00  0.2035011331E+07
  0.1216666667E+00  0.2019429566E+07
  0.1219444444E+00  0.2003847758E+07
  0.1222222222E+00  0.1988265994E+07
  0.1225000000E+00  0.1972684231E+07
  0.1227777778E+00  0.1957102422E+07
  0.1230555556E+00  0.1941520658E+07
  0.1233333333E+00  0.1925938883E+07
  0.1236111111E+00  0.1910357086E+07
  0.1238888889E+00  0.1894775311E+07
  0.1241666667E+00  0.1879193547E+07
  0.1244444444E+00  0.1863611739E+07
  0.1247222222E+00  0.1848029975E+07
  0.1250000000E+00  0.1832448166E+07
  0.1252777778E+00  0.1819766950E+07
  0.1255555556E+00  0.1807085743E+07
  0.1258333333E+00  0.1794404560E+07
  0.1261111111E+00  0.1781723354E+07
  0.1263888889E+00  0.1769042137E+07
  0.1266666667E+00  0.1756360921E+07
  0.1269444444E+00  0.1743679714E+07
  0.1272222222E+00  0.1730998509E+07
  0.1275000000E+00  0.1718317302E+07
  0.1277777778E+00  0.1705636086E+07
  0.1280555556E+00  0.1692954870E+07
  0.1283333333E+00  0.1680273663E+07
  0.1286111111E+00  0.1667592447E+07
  0.1288888889E+00  0.1654911240E+07
  0.1291666667E+00  0.1642230024E+07
  0.1294444444E+00  0.1629548807E+07
  0.1297222222E+00  0.1616867601E+07
  0.1300000000E+00  0.1604186384E+07
  0.1302777778E+00  0.1593882692E+07
  0.1305555556E+00  0.1583579000E+07
  0.1308333333E+00  0.1573275308E+07
  0.1311111111E+00  0.1562971583E+07
  0.1313888889E+00  0.1552667891E+07
  0.1316666667E+00  0.1542364199E+07
  0.1319444444E+00  0.1532060507E+07
  0.1322222222E+00  0.1521756826E+07
  0.1325000000E+00  0.1511453134E+07
  0.1327777778E+00  0.1501149442E+07
  0.1330555556E+00  0.1490845749E+07
  0.1333333333E+00  0.1480542024E+07
  0.1336111111E+00  0.1470238332E+07
  0.1338888889E+00  0.1459934640E+07
  0.1341666667E+00  0.1449630948E+07
  0.1344444444E+00  0.1439327267E+07
  0.1347222222E+00  0.1429023575E+07
  0.1350000000E+00  0.1418719883E+07
  0.1352777778E+00  0.1410306900E+07
  0.1355555556E+00  0.1401893930E+07
  0.1358333333E+00  0.1393480980E+07
  0.1361111111E+00  0.1385068021E+07
  0.1363888889E+00  0.1376655062E+07
  0.1366666667E+00  0.1368242101E+07
  0.1369444444E+00  0.1359829142E+07
  0.1372222222E+00  0.1351416193E+07
  0.1375000000E+00  0.1343003233E+07
  0.1377777778E+00  0.1334590240E+07
  0.1380555556E+00  0.1326177280E+07
  0.1383333333E+00  0.1317764321E+07
  0.1386111111E+00  0.1309351361E+07
  0.1388888889E+00  0.1300938412E+07
  0.1391666667E+00  0.1292525453E+07
  0.1394444444E+00  0.1284112492E+07
  0.1397222222E+00  0.1275699533E+07
  0.1400000000E+00  0.1267286573E+07
  0.1402777778E+00  0.1260329317E+07
  0.1405555556E+00  0.1253372093E+07
  0.1408333333E+00  0.1246414837E+07
  0.1411111111E+00  0.1239457614E+07
  0.1413888889E+00  0.1232500346E+07
  0.1416666667E+00  0.1225543123E+07
  0.1419444444E+00  0.1218585867E+07
  0.1422222222E+00  0.1211628633E+07
  0.1425000000E+00  0.1204671410E+07
  0.1427777778E+00  0.1197714153E+07
  0.1430555556E+00  0.1190756930E+07
  0.1433333333E+00  0.1183799663E+07
  0.1436111111E+00  0.1176842440E+07
  0.1438888889E+00  0.1169885184E+07
  0.1441666667E+00  0.1162927949E+07
  0.1444444444E+00  0.1155970693E+07
  0.1447222222E+00  0.1149013470E+07
  0.1450000000E+00  0.1142056236E+07
  0.1452777778E+00  0.1136180727E+07
  0.1455555556E+00  0.1130305209E+07
  0.1458333333E+00  0.1124429690E+07
  0.1461111111E+00  0.1118554181E+07
  0.1463888889E+00  0.1112678662E+07
  0.1466666667E+00  0.1106803144E+07
  0.1469444444E+00  0.1100927635E+07
  0.1472222222E+00  0.1095052116E+07
  0.1475000000E+00  0.1089176597E+07
  0.1477777778E+00  0.1083301089E+07
  0.1480555556E+00  0.1077425570E+07
  0.1483333333E+00  0.1071550051E+07
  0.1486111111E+00  0.1065674542E+07
  0.1488888889E+00  0.1059799023E+07
  0.1491666667E+00  0.1053923505E+07
  0.1494444444E+00  0.1048047996E+07
  0.1497222222E+00  0.1042172477E+07
  0.1500000000E+00  0.1036296934E+07
  0.1502777778E+00  0.1031194844E+07
  0.1505555556E+00  0.1026092732E+07
  0.1508333333E+00  0.1020990642E+07
  0.1511111111E+00  0.1015888544E+07
  0.1513888889E+00  0.1010786433E+07
  0.1516666667E+00  0.1005684343E+07
  0.1519444444E+00  0.1000582232E+07
  0.1522222222E+00  0.9954801303E+06
  0.1525000000E+00  0.9903780335E+06
  0.1527777778E+00  0.9852759322E+06
  0.1530555556E+00  0.9801738309E+06
  0.1533333333E+00  0.9750717308E+06
  0.1536111111E+00  0.9699696295E+06
  0.1538888889E+00  0.9648675216E+06
  0.1541666667E+00  0.9597654314E+06
  0.1544444444E+00  0.9546633301E+06
  0.1547222222E+00  0.9495612188E+06
  0.1550000000E+00  0.9444591287E+06
  0.1552777778E+00  0.9398891312E+06
  0.1555555556E+00  0.9353191416E+06
  0.1558333333E+00  0.9307491408E+06
  0.1561111111E+00  0.9261791512E+06
  0.1563888889E+00  0.9216091504E+06
  0.1566666667E+00  0.9170391496E+06
  0.1569444444E+00  0.9124691600E+06
  0.1572222222E+00  0.9078991592E+06
  0.1575000000E+00  0.9033291696E+06
  0.1577777778E+00  0.8987591688E+06
  0.1580555556E+00  0.8941891792E+06
  0.1583333333E+00  0.8896191784E+06
  0.1586111111E+00  0.8850491888E+06
  0.1588888889E+00  0.8804791925E+06
  0.1591666667E+00  0.8759091972E+06
  0.1594444444E+00  0.8713392009E+06
  0.1597222222E+00  0.8667692157E+06
  0.1600000000E+00  0.8621992205E+06
  0.1602777778E+00  0.8579840521E+06
  0.1605555556E+00  0.8537688937E+06
  0.1608333333E+00  0.8495537264E+06
  0.1611111111E+00  0.8453385680E+06
  0.1613888889E+00  0.8411233995E+06
  0.1616666667E+00  0.8369082411E+06
  0.1619444444E+00  0.8326930838E+06
  0.1622222222E+00  0.8284779154E+06
  0.1625000000E+00  0.8242627570E+06
  0.1627777778E+00  0.8200475896E+06
  0.1630555556E+00  0.8158324312E+06
  0.1633333333E+00  0.8116172728E+06
  0.1636111111E+00  0.8074021044E+06
  0.1638888889E+00  0.8031869471E+06
  0.1641666667E+00  0.7989717787E+06
  0.1644444444E+00  0.7947566202E+06
  0.1647222222E+00  0.7905414529E+06
  0.1650000000E+00  0.7863262979E+06
  0.1652777778E+00  0.7823460728E+06
  0.1655555556E+00  0.7783658589E+06
  0.1658333333E+00  0.7743856373E+06
  0.1661111111E+00  0.7704054234E+06
  0.1663888889E+00  0.7664252017E+06
  0.1666666667E+00  0.7624449878E+06
  0.1669444444E+00  0.7584647661E+06
  0.1672222222E+00  0.7544845522E+06
  0.1675000000E+00  0.7505043271E+06
  0.1677777778E+00  0.7465241166E+06
  0.1680555556E+00  0.7425438915E+06
  0.1683333333E+00  0.7385636810E+06
  0.1686111111E+00  0.7345834560E+06
  0.1688888889E+00  0.7306032454E+06
  0.1691666667E+00  0.7266230204E+06
  0.1694444444E+00  0.7226427965E+06
  0.1697222222E+00  0.7186625848E+06
  0.1700000000E+00  0.7146823609E+06
  0.1702777778E+00  0.7108679838E+06
  0.1705555556E+00  0.7070535934E+06
  0.1708333333E+00  0.7032392164E+06
  0.1711111111E+00  0.6994248260E+06
  0.1713888889E+00  0.6956104490E+06
  0.1716666667E+00  0.6917960586E+06
  0.1719444444E+00  0.6879816815E+06
  0.1722222222E+00  0.6841672911E+06
  0.1725000000E+00  0.6803529141E+06
  0.1727777778E+00  0.6765385237E+06
  0.1730555556E+00  0.6727241467E+06
  0.1733333333E+00  0.6689097563E+06
  0.1736111111E+00  0.6650953804E+06
  0.1738888889E+00  0.6612809899E+06
  0.1741666667E+00  0.6574666096E+06
  0.1744444444E+00  0.6536522225E+06
  0.1747222222E+00  0.6498378422E+06
  0.1750000000E+00  0.6460234550E+06
  0.1752777778E+00  0.6423462635E+06
  0.1755555556E+00  0.6386690722E+06
  0.1758333333E+00  0.6349918795E+06
  0.1761111111E+00  0.6313146881E+06
  0.1763888889E+00  0.6276374966E+06
  0.1766666667E+00  0.6239603085E+06
  0.1769444444E+00  0.6202831170E+06
  0.1772222222E+00  0.6166059255E+06
  0.1775000000E+00  0.6129287340E+06
  0.1777777778E+00  0.6092515426E+06
  0.1780555556E+00  0.6055743600E+06
  0.1783333333E+00  0.6018971685E+06
  0.1786111111E+00  0.5982199770E+06
  0.1788888889E+00  0.5945427856E+06
  0.1791666667E+00  0.5908655975E+06
  0.1794444444E+00  0.5871884060E+06
  0.1797222222E+00  0.5835112145E+06
  0.1800000000E+00  0.5798340231E+06
  0.1802777778E+00  0.5762960986E+06
  0.1805555556E+00  0.5727581842E+06
  0.1808333333E+00  0.5692202709E+06
  0.1811111111E+00  0.5656823532E+06
  0.1813888889E+00  0.5621444299E+06
  0.1816666667E+00  0.5586065155E+06
  0.1819444444E+00  0.5550686022E+06
  0.1822222222E+00  0.5515306778E+06
  0.1825000000E+00  0.5479927633E+06
  0.1827777778E+00  0.5444548500E+06
  0.1830555556E+00  0.5409169256E+06
  0.1833333333E+00  0.5373790123E+06
  0.1836111111E+00  0.5338410946E+06
  0.1838888889E+00  0.5303031702E+06
  0.1841666667E+00  0.5267652569E+06
  0.1844444444E+00  0.5232273425E+06
  0.1847222222E+00  0.5196894191E+06
  0.1850000000E+00  0.5161515047E+06
  0.1852777778E+00  0.5127763597E+06
  0.1855555556E+00  0.5094012015E+06
  0.1858333333E+00  0.5060260565E+06
  0.1861111111E+00  0.5026509127E+06
  0.1863888889E+00  0.4992757578E+06
  0.1866666667E+00  0.4959006128E+06
  0.1869444444E+00  0.4925254546E+06
  0.1872222222E+00  0.4891503097E+06
  0.1875000000E+00  0.4857751647E+06
  0.1877777778E+00  0.4824000098E+06
  0.1880555556E+00  0.4790248648E+06
  0.1883333333E+00  0.4756497166E+06
  0.1886111111E+00  0.4722745617E+06
  0.1888888889E+00  0.4688994168E+06
  0.1891666667E+00  0.4655242680E+06
  0.1894444444E+00  0.4621491191E+06
  0.1897222222E+00  0.4587739678E+06
  0.1900000000E+00  0.4553988189E+06
  0.1902777778E+00  0.4522218308E+06
  0.1905555556E+00  0.4490448407E+06
  0.1908333333E+00  0.4458678504E+06
  0.1911111111E+00  0.4426908624E+06
  0.1913888889E+00  0.4395138711E+06
  0.1916666667E+00  0.4363368853E+06
  0.1919444444E+00  0.4331598940E+06
  0.1922222222E+00  0.4299829060E+06
  0.1925000000E+00  0.4268059159E+06
  0.1927777778E+00  0.4236289256E+06
  0.1930555556E+00  0.4204519376E+06
  0.1933333333E+00  0.4172749475E+06
  0.1936111111E+00  0.4140979596E+06
  0.1938888889E+00  0.4109209692E+06
  0.1941666667E+00  0.4077439824E+06
  0.1944444444E+00  0.4045669911E+06
  0.1947222222E+00  0.4013899997E+06
  0.1950000000E+00  0.3982130139E+06
  0.1952777778E+00  0.3952738675E+06
  0.1955555556E+00  0.3923347213E+06
  0.1958333333E+00  0.3893955793E+06
  0.1961111111E+00  0.3864564328E+06
  0.1963888889E+00  0.3835172875E+06
  0.1966666667E+00  0.3805781455E+06
  0.1969444444E+00  0.3776390001E+06
  0.1972222222E+00  0.3746998537E+06
  0.1975000000E+00  0.3717607085E+06
  0.1977777778E+00  0.3688215655E+06
  0.1980555556E+00  0.3658824190E+06
  0.1983333333E+00  0.3629432737E+06
  0.1986111111E+00  0.3600041284E+06
  0.1988888889E+00  0.3570649852E+06
  0.1991666667E+00  0.3541258399E+06
  0.1994444444E+00  0.3511866947E+06
  0.1997222222E+00  0.3482475506E+06
  0.2000000000E+00  0.3453084053E+06
  0.2002777778E+00  0.3426441414E+06
  0.2005555556E+00  0.3399798722E+06
  0.2008333333E+00  0.3373156084E+06
  0.2011111111E+00  0.3346513435E+06
  0.2013888889E+00  0.3319870786E+06
  0.2016666667E+00  0.3293228138E+06
  0.2019444444E+00  0.3266585466E+06
  0.2022222222E+00  0.3239942807E+06
  0.2025000000E+00  0.3213300169E+06
  0.2027777778E+00  0.3186657521E+06
  0.2030555556E+00  0.3160014872E+06
  0.2033333333E+00  0.3133372191E+06
  0.2036111111E+00  0.3106729552E+06
  0.2038888889E+00  0.3080086893E+06
  0.2041666667E+00  0.3053444255E+06
  0.2044444444E+00  0.3026801607E+06
  0.2047222222E+00  0.3000158924E+06
  0.2050000000E+00  0.2973516276E+06
  0.2052777778E+00  0.2949922832E+06
  0.2055555556E+00  0.2926329378E+06
  0.2058333333E+00  0.2902735891E+06
  0.2061111111E+00  0.2879142447E+06
  0.2063888889E+00  0.2855548993E+06
  0.2066666667E+00  0.2831955550E+06
  0.2069444444E+00  0.2808362052E+06
  0.2072222222E+00  0.2784768608E+06
  0.2075000000E+00  0.2761175155E+06
  0.2077777778E+00  0.2737581711E+06
  0.2080555556E+00  0.2713988234E+06
  0.2083333333E+00  0.2690394770E+06
  0.2086111111E+00  0.2666801326E+06
  0.2088888889E+00  0.2643207872E+06
  0.2091666667E+00  0.2619614396E+06
  0.2094444444E+00  0.2596020942E+06
  0.2097222222E+00  0.2572427487E+06
  0.2100000000E+00  0.2548834045E+06
  0.2102777778E+00  0.2528483933E+06
  0.2105555556E+00  0.2508133866E+06
  0.2108333333E+00  0.2487783787E+06
  0.2111111111E+00  0.2467433719E+06
  0.2113888889E+00  0.2447083651E+06
  0.2116666667E+00  0.2426733574E+06
  0.2119444444E+00  0.2406383462E+06
  0.2122222222E+00  0.2386033394E+06
  0.2125000000E+00  0.2365683327E+06
  0.2127777778E+00  0.2345333249E+06
  0.2130555556E+00  0.2324983170E+06
  0.2133333333E+00  0.2304633070E+06
  0.2136111111E+00  0.2284283003E+06
  0.2138888889E+00  0.2263932923E+06
  0.2141666667E+00  0.2243582856E+06
  0.2144444444E+00  0.2223232789E+06
  0.2147222222E+00  0.2202882667E+06
  0.2150000000E+00  0.2182532598E+06
  0.2152777778E+00  0.2165496697E+06
  0.2155555556E+00  0.2148460751E+06
  0.2158333333E+00  0.2131424815E+06
  0.2161111111E+00  0.2114388914E+06
  0.2163888889E+00  0.2097352967E+06
  0.2166666667E+00  0.2080317054E+06
  0.2169444444E+00  0.2063281119E+06
  0.2172222222E+00  0.2046245173E+06
  0.2175000000E+00  0.2029209259E+06
  0.2177777778E+00  0.2012173335E+06
  0.2180555556E+00  0.1995137388E+06
  0.2183333333E+00  0.1978101487E+06
  0.2186111111E+00  0.1961065540E+06
  0.2188888889E+00  0.1944029628E+06
  0.2191666667E+00  0.1926993693E+06
  0.2194444444E+00  0.1909957756E+06
  0.2197222222E+00  0.1892921844E+06
  0.2200000000E+00  0.1875885908E+06
  0.2202777778E+00  0.1862110529E+06
  0.2205555556E+00  0.1848335152E+06
  0.2208333333E+00  0.1834559784E+06
  0.2211111111E+00  0.1820784405E+06
  0.2213888889E+00  0.1807009037E+06
  0.2216666667E+00  0.1793233624E+06
  0.2219444444E+00  0.1779458247E+06
  0.2222222222E+00  0.1765682879E+06
  0.2225000000E+00  0.1751907500E+06
  0.2227777778E+00  0.1738132132E+06
  0.2230555556E+00  0.1724356764E+06
  0.2233333333E+00  0.1710581352E+06
  0.2236111111E+00  0.1696805974E+06
  0.2238888889E+00  0.1683030606E+06
  0.2241666667E+00  0.1669255227E+06
  0.2244444444E+00  0.1655479859E+06
  0.2247222222E+00  0.1641704480E+06
  0.2250000000E+00  0.1627929102E+06
  0.2252777778E+00  0.1617241387E+06
  0.2255555556E+00  0.1606553694E+06
  0.2258333333E+00  0.1595866012E+06
  0.2261111111E+00  0.1585178329E+06
  0.2263888889E+00  0.1574490636E+06
  0.2266666667E+00  0.1563802954E+06
  0.2269444444E+00  0.1553115272E+06
  0.2272222222E+00  0.1542427545E+06
  0.2275000000E+00  0.1531739863E+06
  0.2277777778E+00  0.1521052181E+06
  0.2280555556E+00  0.1510364488E+06
  0.2283333333E+00  0.1499676795E+06
  0.2286111111E+00  0.1488989113E+06
  0.2288888889E+00  0.1478301431E+06
  0.2291666667E+00  0.1467613704E+06
  0.2294444444E+00  0.1456926022E+06
  0.2297222222E+00  0.1446238340E+06
  0.2300000000E+00  0.1435550647E+06
  0.2302777778E+00  0.1427678235E+06
  0.2305555556E+00  0.1419805856E+06
  0.2308333333E+00  0.1411933433E+06
  0.2311111111E+00  0.1404061020E+06
  0.2313888889E+00  0.1396188641E+06
  0.2316666667E+00  0.1388316229E+06
  0.2319444444E+00  0.1380443806E+06
  0.2322222222E+00  0.1372571427E+06
  0.2325000000E+00  0.1364699015E+06
  0.2327777778E+00  0.1356826602E+06
  0.2330555556E+00  0.1348954179E+06
  0.2333333333E+00  0.1341081800E+06
  0.2336111111E+00  0.1333209388E+06
  0.2338888889E+00  0.1325336975E+06
  0.2341666667E+00  0.1317464586E+06
  0.2344444444E+00  0.1309592173E+06
  0.2347222222E+00  0.1301719761E+06
  0.2350000000E+00  0.1293847382E+06
  0.2352777778E+00  0.1288438990E+06
  0.2355555556E+00  0.1283030598E+06
  0.2358333333E+00  0.1277622195E+06
  0.2361111111E+00  0.1272213836E+06
  0.2363888889E+00  0.1266805454E+06
  0.2366666667E+00  0.1261397062E+06
  0.2369444444E+00  0.1255988671E+06
  0.2372222222E+00  0.1250580279E+06
  0.2375000000E+00  0.1245171887E+06
  0.2377777778E+00  0.1239763517E+06
  0.2380555556E+00  0.1234355135E+06
  0.2383333333E+00  0.1228946743E+06
  0.2386111111E+00  0.1223538351E+06
  0.2388888889E+00  0.1218129959E+06
  0.2391666667E+00  0.1212721601E+06
  0.2394444444E+00  0.1207313209E+06
  0.2397222222E+00  0.1201904815E+06
  0.2400000000E+00  0.1196496424E+06
  0.2402777778E+00  0.1193148868E+06
  0.2405555556E+00  0.1189801278E+06
  0.2408333333E+00  0.1186453706E+06
  0.2411111111E+00  0.1183106126E+06
  0.2413888889E+00  0.1179758554E+06
  0.2416666667E+00  0.1176410985E+06
  0.2419444444E+00  0.1173063402E+06
  0.2422222222E+00  0.1169715839E+06
  0.2425000000E+00  0.1166368259E+06
  0.2427777778E+00  0.1163020688E+06
  0.2430555556E+00  0.1159673104E+06
  0.2433333333E+00  0.1156325535E+06
  0.2436111111E+00  0.1152977952E+06
  0.2438888889E+00  0.1149630383E+06
  0.2441666667E+00  0.1146282811E+06
  0.2444444444E+00  0.1142935228E+06
  0.2447222222E+00  0.1139587659E+06
  0.2450000000E+00  0.1136240085E+06
  0.2452777778E+00  0.1134525018E+06
  0.2455555556E+00  0.1132809961E+06
  0.2458333333E+00  0.1131094903E+06
  0.2461111111E+00  0.1129379838E+06
  0.2463888889E+00  0.1127664781E+06
  0.2466666667E+00  0.1125949724E+06
  0.2469444444E+00  0.1124234653E+06
  0.2472222222E+00  0.1122519593E+06
  0.2475000000E+00  0.1120804534E+06
  0.2477777778E+00  0.1119089474E+06
  0.2480555556E+00  0.1117374418E+06
  0.2483333333E+00  0.1115659357E+06
  0.2486111111E+00  0.1113944288E+06
  0.2488888889E+00  0.1112229228E+06
  0.2491666667E+00  0.1110514169E+06
  0.2494444444E+00  0.1108799109E+06
  0.2497222222E+00  0.1107084049E+06
  0.2500000000E+00  0.1105368980E+06
  0.2502777778E+00  0.1104858009E+06
  0.2505555556E+00  0.1104347035E+06
  0.2508333333E+00  0.1103836064E+06
  0.2511111111E+00  0.1103325090E+06
  0.2513888889E+00  0.1102814109E+06
  0.2516666667E+00  0.1102303135E+06
  0.2519444444E+00  0.1101792161E+06
  0.2522222222E+00  0.1101281191E+06
  0.2525000000E+00  0.1100770217E+06
  0.2527777778E+00  0.1100259236E+06
  0.2530555556E+00  0.1099748262E+06
  0.2533333333E+00  0.1099237288E+06
  0.2536111111E+00  0.1098726317E+06
  0.2538888889E+00  0.1098215343E+06
  0.2541666667E+00  0.1097704363E+06
  0.2544444444E+00  0.1097193389E+06
  0.2547222222E+00  0.1096682415E+06
  0.2550000000E+00  0.1096171444E+06
  0.2552777778E+00  0.1096459324E+06
  0.2555555556E+00  0.1096747215E+06
  0.2558333333E+00  0.1097035099E+06
  0.2561111111E+00  0.1097322980E+06
  0.2563888889E+00  0.1097610870E+06
  0.2566666667E+00  0.1097898754E+06
  0.2569444444E+00  0.1098186645E+06
  0.2572222222E+00  0.1098474526E+06
  0.2575000000E+00  0.1098762405E+06
  0.2577777778E+00  0.1099050300E+06
  0.2580555556E+00  0.1099338180E+06
  0.2583333333E+00  0.1099626071E+06
  0.2586111111E+00  0.1099913954E+06
  0.2588888889E+00  0.1100201835E+06
  0.2591666667E+00  0.1100489726E+06
  0.2594444444E+00  0.1100777607E+06
  0.2597222222E+00  0.1101065490E+06
  0.2600000000E+00  0.1101353381E+06
  0.2602777778E+00  0.1102074987E+06
  0.2605555556E+00  0.1102796596E+06
  0.2608333333E+00  0.1103518192E+06
  0.2611111111E+00  0.1104239801E+06
  0.2613888889E+00  0.1104961407E+06
  0.2616666667E+00  0.1105683017E+06
  0.2619444444E+00  0.1106404622E+06
  0.2622222222E+00  0.1107126232E+06
  0.2625000000E+00  0.1107847838E+06
  0.2627777778E+00  0.1108569447E+06
  0.2630555556E+00  0.1109291043E+06
  0.2633333333E+00  0.1110012652E+06
  0.2636111111E+00  0.1110734258E+06
  0.2638888889E+00  0.1111455867E+06
  0.2641666667E+00  0.1112177473E+06
  0.2644444444E+00  0.1112899083E+06
  0.2647222222E+00  0.1113620689E+06
  0.2650000000E+00  0.1114342298E+06
  0.2652777778E+00  0.1115186996E+06
  0.2655555556E+00  0.1116031707E+06
  0.2658333333E+00  0.1116876405E+06
  0.2661111111E+00  0.1117721117E+06
  0.2663888889E+00  0.1118565814E+06
  0.2666666667E+00  0.1119410526E+06
  0.2669444444E+00  0.1120255223E+06
  0.2672222222E+00  0.1121099934E+06
  0.2675000000E+00  0.1121944633E+06
  0.2677777778E+00  0.1122789343E+06
  0.2680555556E+00  0.1123634042E+06
  0.2683333333E+00  0.1124478752E+06
  0.2686111111E+00  0.1125323460E+06
  0.2688888889E+00  0.1126168162E+06
  0.2691666667E+00  0.1127012869E+06
  0.2694444444E+00  0.1127857571E+06
  0.2697222222E+00  0.1128702279E+06
  0.2700000000E+00  0.1129546980E+06
  0.2702777778E+00  0.1130266954E+06
  0.2705555556E+00  0.1130986920E+06
  0.2708333333E+00  0.1131706898E+06
  0.2711111111E+00  0.1132426863E+06
  0.2713888889E+00  0.1133146838E+06
  0.2716666667E+00  0.1133866817E+06
  0.2719444444E+00  0.1134586781E+06
  0.2722222222E+00  0.1135306756E+06
  0.2725000000E+00  0.1136026724E+06
  0.2727777778E+00  0.1136746699E+06
  0.2730555556E+00  0.1137466665E+06
  0.2733333333E+00  0.1138186639E+06
  0.2736111111E+00  0.1138906607E+06
  0.2738888889E+00  0.1139626582E+06
  0.2741666667E+00  0.1140346558E+06
  0.2744444444E+00  0.1141066526E+06
  0.2747222222E+00  0.1141786500E+06
  0.2750000000E+00  0.1142506465E+06
  0.2752777778E+00  0.1142919658E+06
  0.2755555556E+00  0.1143332858E+06
  0.2758333333E+00  0.1143746051E+06
  0.2761111111E+00  0.1144159239E+06
  0.2763888889E+00  0.1144572429E+06
  0.2766666667E+00  0.1144985622E+06
  0.2769444444E+00  0.1145398821E+06
  0.2772222222E+00  0.1145812013E+06
  0.2775000000E+00  0.1146225203E+06
  0.2777777778E+00  0.1146638393E+06
  0.2780555556E+00  0.1147051585E+06
  0.2783333333E+00  0.1147464774E+06
  0.2786111111E+00  0.1147877977E+06
  0.2788888889E+00  0.1148291167E+06
  0.2791666667E+00  0.1148704355E+06
  0.2794444444E+00  0.1149117548E+06
  0.2797222222E+00  0.1149530738E+06
  0.2800000000E+00  0.1149943941E+06
  0.2802777778E+00  0.1149933553E+06
  0.2805555556E+00  0.1149923180E+06
  0.2808333333E+00  0.1149912804E+06
  0.2811111111E+00  0.1149902427E+06
  0.2813888889E+00  0.1149892054E+06
  0.2816666667E+00  0.1149881678E+06
  0.2819444444E+00  0.1149871294E+06
  0.2822222222E+00  0.1149860918E+06
  0.2825000000E+00  0.1149850543E+06
  0.2827777778E+00  0.1149840167E+06
  0.2830555556E+00  0.1149829794E+06
  0.2833333333E+00  0.1149819417E+06
  0.2836111111E+00  0.1149809044E+06
  0.2838888889E+00  0.1149798658E+06
  0.2841666667E+00  0.1149788284E+06
  0.2844444444E+00  0.1149777908E+06
  0.2847222222E+00  0.1149767535E+06
  0.2850000000E+00  0.1149757157E+06
  0.2852777778E+00  0.1149267727E+06
  0.2855555556E+00  0.1148778299E+06
  0.2858333333E+00  0.1148288868E+06
  0.2861111111E+00  0.1147799448E+06
  0.2863888889E+00  0.1147310015E+06
  0.2866666667E+00  0.1146820585E+06
  0.2869444444E+00  0.1146331155E+06
  0.2872222222E+00  0.1145841726E+06
  0.2875000000E+00  0.1145352306E+06
  0.2877777778E+00  0.1144862876E+06
  0.2880555556E+00  0.1144373442E+06
  0.2883333333E+00  0.1143884012E+06
  0.2886111111E+00  0.1143394582E+06
  0.2888888889E+00  0.1142905162E+06
  0.2891666667E+00  0.1142415733E+06
  0.2894444444E+00  0.1141926300E+06
  0.2897222222E+00  0.1141436870E+06
  0.2900000000E+00  0.1140947450E+06
  0.2902777778E+00  0.1139975965E+06
  0.2905555556E+00  0.1139004480E+06
  0.2908333333E+00  0.1138032995E+06
  0.2911111111E+00  0.1137061521E+06
  0.2913888889E+00  0.1136090035E+06
  0.2916666667E+00  0.1135118551E+06
  0.2919444444E+00  0.1134147075E+06
  0.2922222222E+00  0.1133175591E+06
  0.2925000000E+00  0.1132204109E+06
  0.2927777778E+00  0.1131232634E+06
  0.2930555556E+00  0.1130261149E+06
  0.2933333333E+00  0.1129289664E+06
  0.2936111111E+00  0.1128318190E+06
  0.2938888889E+00  0.1127346704E+06
  0.2941666667E+00  0.1126375220E+06
  0.2944444444E+00  0.1125403745E+06
  0.2947222222E+00  0.1124432260E+06
  0.2950000000E+00  0.1123460775E+06
  0.2952777778E+00  0.1122049645E+06
  0.2955555556E+00  0.1120638504E+06
  0.2958333333E+00  0.1119227360E+06
  0.2961111111E+00  0.1117816229E+06
  0.2963888889E+00  0.1116405089E+06
  0.2966666667E+00  0.1114993948E+06
  0.2969444444E+00  0.1113582818E+06
  0.2972222222E+00  0.1112171678E+06
  0.2975000000E+00  0.1110760543E+06
  0.2977777778E+00  0.1109349403E+06
  0.2980555556E+00  0.1107938262E+06
  0.2983333333E+00  0.1106527132E+06
  0.2986111111E+00  0.1105115991E+06
  0.2988888889E+00  0.1103704861E+06
  0.2991666667E+00  0.1102293716E+06
  0.2994444444E+00  0.1100882576E+06
  0.2997222222E+00  0.1099471446E+06
  0.3000000000E+00  0.1098060305E+06
  0.3002777778E+00  0.1096284508E+06
  0.3005555556E+00  0.1094508722E+06
  0.3008333333E+00  0.1092732924E+06
  0.3011111111E+00  0.1090957130E+06
  0.3013888889E+00  0.1089181345E+06
  0.3016666667E+00  0.1087405547E+06
  0.3019444444E+00  0.1085629761E+06
  0.3022222222E+00  0.1083853964E+06
  0.3025000000E+00  0.1082078169E+06
  0.3027777778E+00  0.1080302381E+06
  0.3030555556E+00  0.1078526586E+06
  0.3033333333E+00  0.1076750788E+06
  0.3036111111E+00  0.1074975003E+06
  0.3038888889E+00  0.1073199206E+06
  0.3041666667E+00  0.1071423410E+06
  0.3044444444E+00  0.1069647622E+06
  0.3047222222E+00  0.1067871828E+06
  0.3050000000E+00  0.1066096039E+06
  0.3052777778E+00  0.1064053577E+06
  0.3055555556E+00  0.1062011114E+06
  0.3058333333E+00  0.1059968652E+06
  0.3061111111E+00  0.1057926198E+06
  0.3063888889E+00  0.1055883736E+06
  0.3066666667E+00  0.1053841274E+06
  0.3069444444E+00  0.1051798810E+06
  0.3072222222E+00  0.1049756358E+06
  0.3075000000E+00  0.1047713895E+06
  0.3077777778E+00  0.1045671433E+06
  0.3080555556E+00  0.1043628969E+06
  0.3083333333E+00  0.1041586517E+06
  0.3086111111E+00  0.1039544055E+06
  0.3088888889E+00  0.1037501592E+06
  0.3091666667E+00  0.1035459129E+06
  0.3094444444E+00  0.1033416676E+06
  0.3097222222E+00  0.1031374214E+06
  0.3100000000E+00  0.1029331750E+06
  0.3102777778E+00  0.1027132944E+06
  0.3105555556E+00  0.1024934147E+06
  0.3108333333E+00  0.1022735340E+06
  0.3111111111E+00  0.1020536534E+06
  0.3113888889E+00  0.1018337727E+06
  0.3116666667E+00  0.1016138919E+06
  0.3119444444E+00  0.1013940113E+06
  0.3122222222E+00  0.1011741316E+06
  0.3125000000E+00  0.1009542509E+06
  0.3127777778E+00  0.1007343703E+06
  0.3130555556E+00  0.1005144896E+06
  0.3133333333E+00  0.1002946088E+06
  0.3136111111E+00  0.1000747281E+06
  0.3138888889E+00  0.9985484882E+05
  0.3141666667E+00  0.9963496815E+05
  0.3144444444E+00  0.9941508749E+05
  0.3147222222E+00  0.9919520682E+05
  0.3150000000E+00  0.9897532604E+05
  0.3152777778E+00  0.9875116074E+05
  0.3155555556E+00  0.9852699644E+05
  0.3158333333E+00  0.9830283114E+05
  0.3161111111E+00  0.9807866573E+05
  0.3163888889E+00  0.9785450045E+05
  0.3166666667E+00  0.9763033548E+05
  0.3169444444E+00  0.9740617007E+05
  0.3172222222E+00  0.9718200477E+05
  0.3175000000E+00  0.9695783947E+05
  0.3177777778E+00  0.9673367506E+05
  0.3180555556E+00  0.9650950976E+05
  0.3183333333E+00  0.9628534446E+05
  0.3186111111E+00  0.9606117938E+05
  0.3188888889E+00  0.9583701408E+05
  0.3191666667E+00  0.9561284879E+05
  0.3194444444E+00  0.9538868350E+05
  0.3197222222E+00  0.9516451808E+05
  0.3200000000E+00  0.9494035279E+05
  0.3202777778E+00  0.9472259213E+05
  0.3205555556E+00  0.9450483037E+05
  0.3208333333E+00  0.9428706838E+05
  0.3211111111E+00  0.9406930673E+05
  0.3213888889E+00  0.9385154497E+05
  0.3216666667E+00  0.9363378298E+05
  0.3219444444E+00  0.9341602134E+05
  0.3222222222E+00  0.9319825923E+05
  0.3225000000E+00  0.9298049759E+05
  0.3227777778E+00  0.9276273593E+05
  0.3230555556E+00  0.9254497383E+05
  0.3233333333E+00  0.9232721218E+05
  0.3236111111E+00  0.9210945153E+05
  0.3238888889E+00  0.9189168943E+05
  0.3241666667E+00  0.9167392778E+05
  0.3244444444E+00  0.9145616612E+05
  0.3247222222E+00  0.9123840403E+05
  0.3250000000E+00  0.9102064238E+05
  0.3252777778E+00  0.9081887137E+05
  0.3255555556E+00  0.9061709925E+05
  0.3258333333E+00  0.9041532824E+05
  0.3261111111E+00  0.9021355612E+05
  0.3263888889E+00  0.9001178510E+05
  0.3266666667E+00  0.8981001410E+05
  0.3269444444E+00  0.8960824232E+05
  0.3272222222E+00  0.8940647130E+05
  0.3275000000E+00  0.8920470029E+05
  0.3277777778E+00  0.8900292817E+05
  0.3280555556E+00  0.8880115716E+05
  0.3283333333E+00  0.8859938615E+05
  0.3286111111E+00  0.8839761403E+05
  0.3288888889E+00  0.8819584302E+05
  0.3291666667E+00  0.8799407101E+05
  0.3294444444E+00  0.8779230023E+05
  0.3297222222E+00  0.8759052921E+05
  0.3300000000E+00  0.8738875720E+05
  0.3302777778E+00  0.8721069874E+05
  0.3305555556E+00  0.8703263916E+05
  0.3308333333E+00  0.8685457969E+05
  0.3311111111E+00  0.8667652056E+05
  0.3313888889E+00  0.8649846109E+05
  0.3316666667E+00  0.8632040163E+05
  0.3319444444E+00  0.8614234205E+05
  0.3322222222E+00  0.8596428391E+05
  0.3325000000E+00  0.8578622445E+05
  0.3327777778E+00  0.8560816498E+05
  0.3330555556E+00  0.8543010551E+05
  0.3333333333E+00  0.8525204604E+05
  0.3336111111E+00  0.8507398680E+05
  0.3338888889E+00  0.8489592834E+05
  0.3341666667E+00  0.8471786888E+05
  0.3344444444E+00  0.8453980941E+05
  0.3347222222E+00  0.8436175028E+05
  0.3350000000E+00  0.8418369070E+05
  0.3352777778E+00  0.8403507938E+05
  0.3355555556E+00  0.8388646795E+05
  0.3358333333E+00  0.8373785652E+05
  0.3361111111E+00  0.8358924509E+05
  0.3363888889E+00  0.8344063467E+05
  0.3366666667E+00  0.8329202369E+05
  0.3369444444E+00  0.8314341226E+05
  0.3372222222E+00  0.8299480083E+05
  0.3375000000E+00  0.8284618940E+05
  0.3377777778E+00  0.8269757799E+05
  0.3380555556E+00  0.8254896667E+05
  0.3383333333E+00  0.8240035524E+05
  0.3386111111E+00  0.8225174381E+05
  0.3388888889E+00  0.8210313238E+05
  0.3391666667E+00  0.8195452129E+05
  0.3394444444E+00  0.8180590998E+05
  0.3397222222E+00  0.8165729855E+05
  0.3400000000E+00  0.8150868712E+05
  0.3402777778E+00  0.8139302296E+05
  0.3405555556E+00  0.8127735835E+05
  0.3408333333E+00  0.8116169407E+05
  0.3411111111E+00  0.8104602991E+05
  0.3413888889E+00  0.8093036529E+05
  0.3416666667E+00  0.8081470114E+05
  0.3419444444E+00  0.8069903685E+05
  0.3422222222E+00  0.8058337224E+05
  0.3425000000E+00  0.8046770808E+05
  0.3427777778E+00  0.8035204380E+05
  0.3430555556E+00  0.8023637964E+05
  0.3433333333E+00  0.8012071503E+05
  0.3436111111E+00  0.8000504975E+05
  0.3438888889E+00  0.7988938559E+05
  0.3441666667E+00  0.7977372097E+05
  0.3444444444E+00  0.7965805682E+05
  0.3447222222E+00  0.7954239253E+05
  0.3450000000E+00  0.7942672803E+05
  0.3452777778E+00  0.7934527936E+05
  0.3455555556E+00  0.7926382946E+05
  0.3458333333E+00  0.7918237958E+05
  0.3461111111E+00  0.7910093101E+05
  0.3463888889E+00  0.7901948112E+05
  0.3466666667E+00  0.7893803122E+05
  0.3469444444E+00  0.7885658255E+05
  0.3472222222E+00  0.7877513265E+05
  0.3475000000E+00  0.7869368310E+05
  0.3477777778E+00  0.7861223420E+05
  0.3480555556E+00  0.7853078431E+05
  0.3483333333E+00  0.7844933474E+05
  0.3486111111E+00  0.7836788585E+05
  0.3488888889E+00  0.7828643584E+05
  0.3491666667E+00  0.7820498728E+05
  0.3494444444E+00  0.7812353739E+05
  0.3497222222E+00  0.7804208749E+05
  0.3500000000E+00  0.7796063893E+05
  0.3502777778E+00  0.7791257681E+05
  0.3505555556E+00  0.7786451603E+05
  0.3508333333E+00  0.7781645525E+05
  0.3511111111E+00  0.7776839424E+05
  0.3513888889E+00  0.7772033346E+05
  0.3516666667E+00  0.7767227268E+05
  0.3519444444E+00  0.7762421189E+05
  0.3522222222E+00  0.7757614978E+05
  0.3525000000E+00  0.7752808899E+05
  0.3527777778E+00  0.7748002832E+05
  0.3530555556E+00  0.7743196721E+05
  0.3533333333E+00  0.7738390643E+05
  0.3536111111E+00  0.7733584565E+05
  0.3538888889E+00  0.7728778487E+05
  0.3541666667E+00  0.7723972375E+05
  0.3544444444E+00  0.7719166208E+05
  0.3547222222E+00  0.7714360129E+05
  0.3550000000E+00  0.7709554051E+05
  0.3552777778E+00  0.7707820525E+05
  0.3555555556E+00  0.7706087133E+05
  0.3558333333E+00  0.7704353653E+05
  0.3561111111E+00  0.7702620261E+05
  0.3563888889E+00  0.7700886769E+05
  0.3566666667E+00  0.7699153378E+05
  0.3569444444E+00  0.7697419896E+05
  0.3572222222E+00  0.7695686404E+05
  0.3575000000E+00  0.7693953013E+05
  0.3577777778E+00  0.7692219521E+05
  0.3580555556E+00  0.7690486140E+05
  0.3583333333E+00  0.7688752647E+05
  0.3586111111E+00  0.7687019156E+05
  0.3588888889E+00  0.7685285764E+05
  0.3591666667E+00  0.7683552283E+05
  0.3594444444E+00  0.7681818891E+05
  0.3597222222E+00  0.7680085399E+05
  0.3600000000E+00  0.7678351907E+05
  0.3602777778E+00  0.7679271519E+05
  0.3605555556E+00  0.7680191064E+05
  0.3608333333E+00  0.7681110610E+05
  0.3611111111E+00  0.7682030255E+05
  0.3613888889E+00  0.7682949767E+05
  0.3616666667E+00  0.7683869312E+05
  0.3619444444E+00  0.7684788946E+05
  0.3622222222E+00  0.7685708491E+05
  0.3625000000E+00  0.7686628036E+05
  0.3627777778E+00  0.7687547648E+05
  0.3630555556E+00  0.7688467194E+05
  0.3633333333E+00  0.7689386739E+05
  0.3636111111E+00  0.7690306385E+05
  0.3638888889E+00  0.7691225897E+05
  0.3641666667E+00  0.7692145429E+05
  0.3644444444E+00  0.7693065075E+05
  0.3647222222E+00  0.7693984620E+05
  0.3650000000E+00  0.7694904132E+05
  0.3652777778E+00  0.7697945576E+05
  0.3655555556E+00  0.7700987119E+05
  0.3658333333E+00  0.7704028574E+05
  0.3661111111E+00  0.7707070017E+05
  0.3663888889E+00  0.7710111560E+05
  0.3666666667E+00  0.7713153003E+05
  0.3669444444E+00  0.7716194413E+05
  0.3672222222E+00  0.7719235967E+05
  0.3675000000E+00  0.7722277411E+05
  0.3677777778E+00  0.7725318854E+05
  0.3680555556E+00  0.7728360398E+05
  0.3683333333E+00  0.7731401841E+05
  0.3686111111E+00  0.7734443262E+05
  0.3688888889E+00  0.7737484805E+05
  0.3691666667E+00  0.7740526248E+05
  0.3694444444E+00  0.7743567691E+05
  0.3697222222E+00  0.7746609235E+05
  0.3700000000E+00  0.7749650689E+05
  0.3702777778E+00  0.7754209232E+05
  0.3705555556E+00  0.7758767786E+05
  0.3708333333E+00  0.7763326272E+05
  0.3711111111E+00  0.7767884826E+05
  0.3713888889E+00  0.7772443414E+05
  0.3716666667E+00  0.7777001968E+05
  0.3719444444E+00  0.7781560511E+05
  0.3722222222E+00  0.7786119097E+05
  0.3725000000E+00  0.7790677651E+05
  0.3727777778E+00  0.7795236139E+05
  0.3730555556E+00  0.7799794693E+05
  0.3733333333E+00  0.7804353247E+05
  0.3736111111E+00  0.7808911823E+05
  0.3738888889E+00  0.7813470376E+05
  0.3741666667E+00  0.7818028930E+05
  0.3744444444E+00  0.7822587517E+05
  0.3747222222E+00  0.7827145971E+05
  0.3750000000E+00  0.7831704559E+05
  0.3752777778E+00  0.7837151347E+05
  0.3755555556E+00  0.7842598070E+05
  0.3758333333E+00  0.7848044803E+05
  0.3761111111E+00  0.7853491593E+05
  0.3763888889E+00  0.7858938315E+05
  0.3766666667E+00  0.7864385048E+05
  0.3769444444E+00  0.7869831838E+05
  0.3772222222E+00  0.7875278561E+05
  0.3775000000E+00  0.7880725393E+05
  0.3777777778E+00  0.7886172083E+05
  0.3780555556E+00  0.7891618806E+05
  0.3783333333E+00  0.7897065638E+05
  0.3786111111E+00  0.7902512328E+05
  0.3788888889E+00  0.7907959050E+05
  0.3791666667E+00  0.7913405884E+05
  0.3794444444E+00  0.7918852607E+05
  0.3797222222E+00  0.7924299306E+05
  0.3800000000E+00  0.7929746129E+05
  0.3802777778E+00  0.7935456743E+05
  0.3805555556E+00  0.7941167290E+05
  0.3808333333E+00  0.7946877893E+05
  0.3811111111E+00  0.7952588541E+05
  0.3813888889E+00  0.7958299155E+05
  0.3816666667E+00  0.7964009702E+05
  0.3819444444E+00  0.7969720316E+05
  0.3822222222E+00  0.7975430952E+05
  0.3825000000E+00  0.7981141566E+05
  0.3827777778E+00  0.7986852114E+05
  0.3830555556E+00  0.7992562728E+05
  0.3833333333E+00  0.7998273375E+05
  0.3836111111E+00  0.8003983989E+05
  0.3838888889E+00  0.8009694525E+05
  0.3841666667E+00  0.8015405139E+05
  0.3844444444E+00  0.8021115787E+05
  0.3847222222E+00  0.8026826401E+05
  0.3850000000E+00  0.8032536948E+05
  0.3852777778E+00  0.8037946369E+05
  0.3855555556E+00  0.8043355736E+05
  0.3858333333E+00  0.8048765069E+05
  0.3861111111E+00  0.8054174525E+05
  0.3863888889E+00  0.8059583858E+05
  0.3866666667E+00  0.8064993224E+05
  0.3869444444E+00  0.8070402646E+05
  0.3872222222E+00  0.8075812012E+05
  0.3875000000E+00  0.8081221346E+05
  0.3877777778E+00  0.8086630801E+05
  0.3880555556E+00  0.8092040167E+05
  0.3883333333E+00  0.8097449500E+05
  0.3886111111E+00  0.8102858855E+05
  0.3888888889E+00  0.8108268289E+05
  0.3891666667E+00  0.8113677655E+05
  0.3894444444E+00  0.8119086976E+05
  0.3897222222E+00  0.8124496443E+05
  0.3900000000E+00  0.8129905765E+05
  0.3902777778E+00  0.8134516667E+05
  0.3905555556E+00  0.8139127459E+05
  0.3908333333E+00  0.8143738361E+05
  0.3911111111E+00  0.8148349252E+05
  0.3913888889E+00  0.8152960076E+05
  0.3916666667E+00  0.8157570979E+05
  0.3919444444E+00  0.8162181870E+05
  0.3922222222E+00  0.8166792672E+05
  0.3925000000E+00  0.8171403563E+05
  0.3927777778E+00  0.8176014454E+05
  0.3930555556E+00  0.8180625257E+05
  0.3933333333E+00  0.8185236148E+05
  0.3936111111E+00  0.8189847050E+05
  0.3938888889E+00  0.8194457840E+05
  0.3941666667E+00  0.8199068731E+05
  0.3944444444E+00  0.8203679534E+05
  0.3947222222E+00  0.8208290425E+05
  0.3950000000E+00  0.8212901327E+05
  0.3952777778E+00  0.8216328583E+05
  0.3955555556E+00  0.8219755905E+05
  0.3958333333E+00  0.8223183228E+05
  0.3961111111E+00  0.8226610450E+05
  0.3963888889E+00  0.8230037806E+05
  0.3966666667E+00  0.8233465128E+05
  0.3969444444E+00  0.8236892351E+05
  0.3972222222E+00  0.8240319673E+05
  0.3975000000E+00  0.8243747028E+05
  0.3977777778E+00  0.8247174250E+05
  0.3980555556E+00  0.8250601573E+05
  0.3983333333E+00  0.8254028829E+05
  0.3986111111E+00  0.8257456162E+05
  0.3988888889E+00  0.8260883484E+05
  0.3991666667E+00  0.8264310707E+05
  0.3994444444E+00  0.8267738063E+05
  0.3997222222E+00  0.8271165385E+05
  0.4000000000E+00  0.8274592608E+05
  0.4002777778E+00  0.8276564972E+05
  0.4005555556E+00  0.8278537237E+05
  0.4008333333E+00  0.8280509568E+05
  0.4011111111E+00  0.8282481832E+05
  0.4013888889E+00  0.8284454197E+05
  0.4016666667E+00  0.8286426461E+05
  0.4019444444E+00  0.8288398827E+05
  0.4022222222E+00  0.8290371058E+05
  0.4025000000E+00  0.8292343422E+05
  0.4027777778E+00  0.8294315687E+05
  0.4030555556E+00  0.8296288051E+05
  0.4033333333E+00  0.8298260282E+05
  0.4036111111E+00  0.8300232647E+05
  0.4038888889E+00  0.8302204912E+05
  0.4041666667E+00  0.8304177277E+05
  0.4044444444E+00  0.8306149541E+05
  0.4047222222E+00  0.8308121873E+05
  0.4050000000E+00  0.8310094137E+05
  0.4052777778E+00  0.8310469150E+05
  0.4055555556E+00  0.8310844296E+05
  0.4058333333E+00  0.8311219309E+05
  0.4061111111E+00  0.8311594333E+05
  0.4063888889E+00  0.8311969379E+05
  0.4066666667E+00  0.8312344392E+05
  0.4069444444E+00  0.8312719515E+05
  0.4072222222E+00  0.8313094562E+05
  0.4075000000E+00  0.8313469574E+05
  0.4077777778E+00  0.8313844588E+05
  0.4080555556E+00  0.8314219745E+05
  0.4083333333E+00  0.8314594758E+05
  0.4086111111E+00  0.8314969770E+05
  0.4088888889E+00  0.8315344828E+05
  0.4091666667E+00  0.8315719841E+05
  0.4094444444E+00  0.8316094954E+05
  0.4097222222E+00  0.8316470000E+05
  0.4100000000E+00  0.8316845023E+05
  0.4102777778E+00  0.8315605309E+05
  0.4105555556E+00  0.8314365507E+05
  0.4108333333E+00  0.8313125793E+05
  0.4111111111E+00  0.8311886090E+05
  0.4113888889E+00  0.8310646409E+05
  0.4116666667E+00  0.8309406707E+05
  0.4119444444E+00  0.8308166893E+05
  0.4122222222E+00  0.8306927189E+05
  0.4125000000E+00  0.8305687476E+05
  0.4127777778E+00  0.8304447773E+05
  0.4130555556E+00  0.8303208093E+05
  0.4133333333E+00  0.8301968289E+05
  0.4136111111E+00  0.8300728575E+05
  0.4138888889E+00  0.8299488873E+05
  0.4141666667E+00  0.8298249159E+05
  0.4144444444E+00  0.8297009356E+05
  0.4147222222E+00  0.8295769675E+05
  0.4150000000E+00  0.8294529973E+05
  0.4152777778E+00  0.8291772823E+05
  0.4155555556E+00  0.8289015663E+05
  0.4158333333E+00  0.8286258514E+05
  0.4161111111E+00  0.8283501398E+05
  0.4163888889E+00  0.8280744249E+05
  0.4166666667E+00  0.8277987099E+05
  0.4169444444E+00  0.8275229839E+05
  0.4172222222E+00  0.8272472689E+05
  0.4175000000E+00  0.8269715574E+05
  0.4177777778E+00  0.8266958424E+05
  0.4180555556E+00  0.8264201275E+05
  0.4183333333E+00  0.8261444114E+05
  0.4186111111E+00  0.8258686966E+05
  0.4188888889E+00  0.8255929850E+05
  0.4191666667E+00  0.8253172700E+05
  0.4194444444E+00  0.8250415552E+05
  0.4197222222E+00  0.8247658391E+05
  0.4200000000E+00  0.8244901142E+05
  0.4202777778E+00  0.8240826138E+05
  0.4205555556E+00  0.8236751157E+05
  0.4208333333E+00  0.8232676054E+05
  0.4211111111E+00  0.8228601039E+05
  0.4213888889E+00  0.8224525936E+05
  0.4216666667E+00  0.8220450932E+05
  0.4219444444E+00  0.8216375817E+05
  0.4222222222E+00  0.8212300814E+05
  0.4225000000E+00  0.8208225801E+05
  0.4227777778E+00  0.8204150697E+05
  0.4230555556E+00  0.8200075682E+05
  0.4233333333E+00  0.8196000579E+05
  0.4236111111E+00  0.8191925576E+05
  0.4238888889E+00  0.8187850461E+05
  0.4241666667E+00  0.8183775458E+05
  0.4244444444E+00  0.8179700343E+05
  0.4247222222E+00  0.8175625373E+05
  0.4250000000E+00  0.8171550358E+05
  0.4252777778E+00  0.8166435923E+05
  0.4255555556E+00  0.8161321512E+05
  0.4258333333E+00  0.8156207100E+05
  0.4261111111E+00  0.8151092665E+05
  0.4263888889E+00  0.8145978253E+05
  0.4266666667E+00  0.8140863818E+05
  0.4269444444E+00  0.8135749407E+05
  0.4272222222E+00  0.8130634994E+05
  0.4275000000E+00  0.8125520560E+05
  0.4277777778E+00  0.8120406147E+05
  0.4280555556E+00  0.8115291735E+05
  0.4283333333E+00  0.8110177300E+05
  0.4286111111E+00  0.8105062889E+05
  0.4288888889E+00  0.8099948443E+05
  0.4291666667E+00  0.8094834042E+05
  0.4294444444E+00  0.8089719630E+05
  0.4297222222E+00  0.8084605184E+05
  0.4300000000E+00  0.8079490784E+05
  0.4302777778E+00  0.8073670090E+05
  0.4305555556E+00  0.8067849398E+05
  0.4308333333E+00  0.8062028706E+05
  0.4311111111E+00  0.8056208046E+05
  0.4313888889E+00  0.8050387354E+05
  0.4316666667E+00  0.8044566662E+05
  0.4319444444E+00  0.8038745969E+05
  0.4322222222E+00  0.8032925277E+05
  0.4325000000E+00  0.8027104684E+05
  0.4327777778E+00  0.8021284025E+05
  0.4330555556E+00  0.8015463333E+05
  0.4333333333E+00  0.8009642640E+05
  0.4336111111E+00  0.8003821948E+05
  0.4338888889E+00  0.7998001255E+05
  0.4341666667E+00  0.7992180563E+05
  0.4344444444E+00  0.7986359904E+05
  0.4347222222E+00  0.7980539211E+05
  0.4350000000E+00  0.7974718519E+05
  0.4352777778E+00  0.7968551730E+05
  0.4355555556E+00  0.7962385019E+05
  0.4358333333E+00  0.7956218342E+05
  0.4361111111E+00  0.7950051554E+05
  0.4363888889E+00  0.7943884842E+05
  0.4366666667E+00  0.7937718066E+05
  0.4369444444E+00  0.7931551377E+05
  0.4372222222E+00  0.7925384567E+05
  0.4375000000E+00  0.7919217878E+05
  0.4377777778E+00  0.7913051201E+05
  0.4380555556E+00  0.7906884423E+05
  0.4383333333E+00  0.7900717702E+05
  0.4386111111E+00  0.7894550924E+05
  0.4388888889E+00  0.7888384247E+05
  0.4391666667E+00  0.7882217525E+05
  0.4394444444E+00  0.7876050748E+05
  0.4397222222E+00  0.7869884059E+05
  0.4400000000E+00  0.7863717289E+05
  0.4402777778E+00  0.7857566573E+05
  0.4405555556E+00  0.7851415857E+05
  0.4408333333E+00  0.7845265106E+05
  0.4411111111E+00  0.7839114390E+05
  0.4413888889E+00  0.7832963641E+05
  0.4416666667E+00  0.7826812925E+05
  0.4419444444E+00  0.7820662208E+05
  0.4422222222E+00  0.7814511458E+05
  0.4425000000E+00  0.7808360753E+05
  0.4427777778E+00  0.7802210003E+05
  0.4430555556E+00  0.7796059287E+05
  0.4433333333E+00  0.7789908571E+05
  0.4436111111E+00  0.7783757820E+05
  0.4438888889E+00  0.7777607105E+05
  0.4441666667E+00  0.7771456388E+05
  0.4444444444E+00  0.7765305639E+05
  0.4447222222E+00  0.7759154923E+05
  0.4450000000E+00  0.7753004172E+05
  0.4452777778E+00  0.7747201911E+05
  0.4455555556E+00  0.7741399662E+05
  0.4458333333E+00  0.7735597391E+05
  0.4461111111E+00  0.7729795130E+05
  0.4463888889E+00  0.7723992880E+05
  0.4466666667E+00  0.7718190610E+05
  0.4469444444E+00  0.7712388382E+05
  0.4472222222E+00  0.7706586122E+05
  0.4475000000E+00  0.7700783861E+05
  0.4477777778E+00  0.7694981601E+05
  0.4480555556E+00  0.7689179340E+05
  0.4483333333E+00  0.7683377079E+05
  0.4486111111E+00  0.7677574818E+05
  0.4488888889E+00  0.7671772559E+05
  0.4491666667E+00  0.7665970297E+05
  0.4494444444E+00  0.7660168037E+05
  0.4497222222E+00  0.7654365777E+05
  0.4500000000E+00  0.7648563516E+05
  0.4502777778E+00  0.7643395759E+05
  0.4505555556E+00  0.7638228005E+05
  0.4508333333E+00  0.7633060249E+05
  0.4511111111E+00  0.7627892492E+05
  0.4513888889E+00  0.7622724738E+05
  0.4516666667E+00  0.7617556981E+05
  0.4519444444E+00  0.7612389225E+05
  0.4522222222E+00  0.7607221458E+05
  0.4525000000E+00  0.7602053713E+05
  0.4527777778E+00  0.7596885957E+05
  0.4530555556E+00  0.7591718191E+05
  0.4533333333E+00  0.7586550401E+05
  0.4536111111E+00  0.7581382656E+05
  0.4538888889E+00  0.7576214890E+05
  0.4541666667E+00  0.7571047133E+05
  0.4544444444E+00  0.7565879389E+05
  0.4547222222E+00  0.7560711623E+05
  0.4550000000E+00  0.7555543866E+05
  0.4552777778E+00  0.7551232094E+05
  0.4555555556E+00  0.7546920278E+05
  0.4558333333E+00  0.7542608473E+05
  0.4561111111E+00  0.7538296659E+05
  0.4563888889E+00  0.7533984887E+05
  0.4566666667E+00  0.7529673070E+05
  0.4569444444E+00  0.7525361265E+05
  0.4572222222E+00  0.7521049494E+05
  0.4575000000E+00  0.7516737678E+05
  0.4577777778E+00  0.7512425872E+05
  0.4580555556E+00  0.7508114057E+05
  0.4583333333E+00  0.7503802285E+05
  0.4586111111E+00  0.7499490470E+05
  0.4588888889E+00  0.7495178665E+05
  0.4591666667E+00  0.7490866893E+05
  0.4594444444E+00  0.7486555077E+05
  0.4597222222E+00  0.7482243272E+05
  0.4600000000E+00  0.7477931457E+05
  0.4602777778E+00  0.7474617744E+05
  0.4605555556E+00  0.7471304022E+05
  0.4608333333E+00  0.7467990311E+05
  0.4611111111E+00  0.7464676588E+05
  0.4613888889E+00  0.7461362866E+05
  0.4616666667E+00  0.7458049154E+05
  0.4619444444E+00  0.7454735431E+05
  0.4622222222E+00  0.7451421720E+05
  0.4625000000E+00  0.7448107998E+05
  0.4627777778E+00  0.7444794275E+05
  0.4630555556E+00  0.7441480563E+05
  0.4633333333E+00  0.7438166841E+05
  0.4636111111E+00  0.7434853118E+05
  0.4638888889E+00  0.7431539407E+05
  0.4641666667E+00  0.7428225685E+05
  0.4644444444E+00  0.7424911973E+05
  0.4647222222E+00  0.7421598251E+05
  0.4650000000E+00  0.7418284528E+05
  0.4652777778E+00  0.7416027206E+05
  0.4655555556E+00  0.7413769850E+05
  0.4658333333E+00  0.7411512528E+05
  0.4661111111E+00  0.7409255173E+05
  0.4663888889E+00  0.7406997841E+05
  0.4666666667E+00  0.7404740495E+05
  0.4669444444E+00  0.7402483163E+05
  0.4672222222E+00  0.7400225809E+05
  0.4675000000E+00  0.7397968485E+05
  0.4677777778E+00  0.7395711131E+05
  0.4680555556E+00  0.7393453798E+05
  0.4683333333E+00  0.7391196454E+05
  0.4686111111E+00  0.7388939120E+05
  0.4688888889E+00  0.7386681799E+05
  0.4691666667E+00  0.7384424454E+05
  0.4694444444E+00  0.7382167122E+05
  0.4697222222E+00  0.7379909776E+05
  0.4700000000E+00  0.7377652444E+05
  0.4702777778E+00  0.7376425619E+05
  0.4705555556E+00  0.7375198817E+05
  0.4708333333E+00  0.7373971993E+05
  0.4711111111E+00  0.7372745166E+05
  0.4713888889E+00  0.7371518364E+05
  0.4716666667E+00  0.7370291528E+05
  0.4719444444E+00  0.7369064737E+05
  0.4722222222E+00  0.7367837913E+05
  0.4725000000E+00  0.7366611077E+05
  0.4727777778E+00  0.7365384285E+05
  0.4730555556E+00  0.7364157460E+05
  0.4733333333E+00  0.7362930657E+05
  0.4736111111E+00  0.7361703822E+05
  0.4738888889E+00  0.7360476997E+05
  0.4741666667E+00  0.7359250206E+05
  0.4744444444E+00  0.7358023370E+05
  0.4747222222E+00  0.7356796579E+05
  0.4750000000E+00  0.7355569753E+05
  0.4752777778E+00  0.7355271759E+05
  0.4755555556E+00  0.7354973787E+05
  0.4758333333E+00  0.7354675804E+05
  0.4761111111E+00  0.7354377832E+05
  0.4763888889E+00  0.7354079848E+05
  0.4766666667E+00  0.7353781866E+05
  0.4769444444E+00  0.7353483893E+05
  0.4772222222E+00  0.7353185911E+05
  0.4775000000E+00  0.7352887927E+05
  0.4777777778E+00  0.7352589945E+05
  0.4780555556E+00  0.7352291972E+05
  0.4783333333E+00  0.7351993979E+05
  0.4786111111E+00  0.7351696006E+05
  0.4788888889E+00  0.7351398024E+05
  0.4791666667E+00  0.7351100052E+05
  0.4794444444E+00  0.7350802058E+05
  0.4797222222E+00  0.7350504086E+05
  0.4800000000E+00  0.7350206103E+05
  0.4802777778E+00  0.7350668112E+05
  0.4805555556E+00  0.7351130089E+05
  0.4808333333E+00  0.7351592066E+05
  0.4811111111E+00  0.7352054042E+05
  0.4813888889E+00  0.7352516019E+05
  0.4816666667E+00  0.7352977995E+05
  0.4819444444E+00  0.7353439972E+05
  0.4822222222E+00  0.7353901982E+05
  0.4825000000E+00  0.7354363958E+05
  0.4827777778E+00  0.7354825924E+05
  0.4830555556E+00  0.7355287912E+05
  0.4833333333E+00  0.7355749888E+05
  0.4836111111E+00  0.7356211854E+05
  0.4838888889E+00  0.7356673830E+05
  0.4841666667E+00  0.7357135852E+05
  0.4844444444E+00  0.7357597828E+05
  0.4847222222E+00  0.7358059794E+05
  0.4850000000E+00  0.7358521770E+05
  0.4852777778E+00  0.7359527398E+05
  0.4855555556E+00  0.7360533027E+05
  0.4858333333E+00  0.7361538634E+05
  0.4861111111E+00  0.7362544295E+05
  0.4863888889E+00  0.7363549924E+05
  0.4866666667E+00  0.7364555541E+05
  0.4869444444E+00  0.7365561169E+05
  0.4872222222E+00  0.7366566799E+05
  0.4875000000E+00  0.7367572406E+05
  0.4877777778E+00  0.7368578034E+05
  0.4880555556E+00  0.7369583696E+05
  0.4883333333E+00  0.7370589313E+05
  0.4886111111E+00  0.7371594941E+05
  0.4888888889E+00  0.7372600559E+05
  0.4891666667E+00  0.7373606176E+05
  0.4894444444E+00  0.7374611805E+05
  0.4897222222E+00  0.7375617433E+05
  0.4900000000E+00  0.7376623084E+05
  0.4902777778E+00  0.7377924691E+05
  0.4905555556E+00  0.7379226332E+05
  0.4908333333E+00  0.7380527962E+05
  0.4911111111E+00  0.7381829602E+05
  0.4913888889E+00  0.7383131244E+05
  0.4916666667E+00  0.7384432884E+05
  0.4919444444E+00  0.7385734481E+05
  0.4922222222E+00  0.7387036120E+05
  0.4925000000E+00  0.7388337750E+05
  0.4927777778E+00  0.7389639402E+05
  0.4930555556E+00  0.7390941032E+05
  0.4933333333E+00  0.7392242672E+05
  0.4936111111E+00  0.7393544269E+05
  0.4938888889E+00  0.7394845920E+05
  0.4941666667E+00  0.7396147550E+05
  0.4944444444E+00  0.7397449191E+05
  0.4947222222E+00  0.7398750830E+05
  0.4950000000E+00  0.7400052460E+05
