  0.1027777778E-01  0.2257157322E+08
  0.1055555556E-01  0.2254609017E+08
  0.1083333333E-01  0.2252060681E+08
  0.1111111111E-01  0.2249512366E+08
  0.1138888889E-01  0.2246964073E+08
  0.1166666667E-01  0.2244415758E+08
  0.1194444444E-01  0.2241867455E+08
  0.1222222222E-01  0.2239319151E+08
  0.1250000000E-01  0.2236770814E+08
  0.1277777778E-01  0.2234222500E+08
  0.1305555556E-01  0.2231674207E+08
  0.1333333333E-01  0.2229125903E+08
  0.1361111111E-01  0.2226577588E+08
  0.1388888889E-01  0.2224029295E+08
  0.1416666667E-01  0.2221480947E+08
  0.1444444444E-01  0.2218932645E+08
  0.1472222222E-01  0.2216384340E+08
  0.1500000000E-01  0.2213836036E+08
  0.1527777778E-01  0.2210351355E+08
  0.1555555556E-01  0.2206866698E+08
  0.1583333333E-01  0.2203382017E+08
  0.1611111111E-01  0.2199897359E+08
  0.1638888889E-01  0.2196412678E+08
  0.1666666667E-01  0.2192928021E+08
  0.1694444444E-01  0.2189443340E+08
  0.1722222222E-01  0.2185958693E+08
  0.1750000000E-01  0.2182474013E+08
  0.1777777778E-01  0.2178989330E+08
  0.1805555556E-01  0.2175504673E+08
  0.1833333333E-01  0.2172019992E+08
  0.1861111111E-01  0.2168535334E+08
  0.1888888889E-01  0.2165050653E+08
  0.1916666667E-01  0.2161565996E+08
  0.1944444444E-01  0.2158081315E+08
  0.1972222222E-01  0.2154596657E+08
  0.2000000000E-01  0.2151111977E+08
  0.2027777778E-01  0.2146768611E+08
  0.2055555556E-01  0.2142425265E+08
  0.2083333333E-01  0.2138081900E+08
  0.2111111111E-01  0.2133738544E+08
  0.2138888889E-01  0.2129395178E+08
  0.2166666667E-01  0.2125051813E+08
  0.2194444444E-01  0.2120708456E+08
  0.2222222222E-01  0.2116365057E+08
  0.2250000000E-01  0.2112021703E+08
  0.2277777778E-01  0.2107678347E+08
  0.2305555556E-01  0.2103334981E+08
  0.2333333333E-01  0.2098991624E+08
  0.2361111111E-01  0.2094648259E+08
  0.2388888889E-01  0.2090304893E+08
  0.2416666667E-01  0.2085961538E+08
  0.2444444444E-01  0.2081618183E+08
  0.2472222222E-01  0.2077274826E+08
  0.2500000000E-01  0.2072931461E+08
  0.2527777778E-01  0.2067825874E+08
  0.2555555556E-01  0.2062720323E+08
  0.2583333333E-01  0.2057614747E+08
  0.2611111111E-01  0.2052509194E+08
  0.2638888889E-01  0.2047403610E+08
  0.2666666667E-01  0.2042298068E+08
  0.2694444444E-01  0.2037192481E+08
  0.2722222222E-01  0.2032086929E+08
  0.2750000000E-01  0.2026981354E+08
  0.2777777778E-01  0.2021875801E+08
  0.2805555556E-01  0.2016770216E+08
  0.2833333333E-01  0.2011664662E+08
  0.2861111111E-01  0.2006559088E+08
  0.2888888889E-01  0.2001453503E+08
  0.2916666667E-01  0.1996347949E+08
  0.2944444444E-01  0.1991242374E+08
  0.2972222222E-01  0.1986136823E+08
  0.3000000000E-01  0.1981031236E+08
  0.3027777778E-01  0.1975275118E+08
  0.3055555556E-01  0.1969518991E+08
  0.3083333333E-01  0.1963762873E+08
  0.3111111111E-01  0.1958006735E+08
  0.3138888889E-01  0.1952250617E+08
  0.3166666667E-01  0.1946494500E+08
  0.3194444444E-01  0.1940738372E+08
  0.3222222222E-01  0.1934982243E+08
  0.3250000000E-01  0.1929226115E+08
  0.3277777778E-01  0.1923469997E+08
  0.3305555556E-01  0.1917713881E+08
  0.3333333333E-01  0.1911957753E+08
  0.3361111111E-01  0.1906201624E+08
  0.3388888889E-01  0.1900445496E+08
  0.3416666667E-01  0.1894689379E+08
  0.3444444444E-01  0.1888933261E+08
  0.3472222222E-01  0.1883177123E+08
  0.3500000000E-01  0.1877421005E+08
  0.3527777778E-01  0.1871134914E+08
  0.3555555556E-01  0.1864848778E+08
  0.3583333333E-01  0.1858562653E+08
  0.3611111111E-01  0.1852276562E+08
  0.3638888889E-01  0.1845990427E+08
  0.3666666667E-01  0.1839704336E+08
  0.3694444444E-01  0.1833418201E+08
  0.3722222222E-01  0.1827132077E+08
  0.3750000000E-01  0.1820845984E+08
  0.3777777778E-01  0.1814559850E+08
  0.3805555556E-01  0.1808273759E+08
  0.3833333333E-01  0.1801987634E+08
  0.3861111111E-01  0.1795701533E+08
  0.3888888889E-01  0.1789415419E+08
  0.3916666667E-01  0.1783129294E+08
  0.3944444444E-01  0.1776843192E+08
  0.3972222222E-01  0.1770557067E+08
  0.4000000000E-01  0.1764270976E+08
  0.4027777778E-01  0.1757583521E+08
  0.4055555556E-01  0.1750896053E+08
  0.4083333333E-01  0.1744208609E+08
  0.4111111111E-01  0.1737521174E+08
  0.4138888889E-01  0.1730833730E+08
  0.4166666667E-01  0.1724146296E+08
  0.4194444444E-01  0.1717458852E+08
  0.4222222222E-01  0.1710771372E+08
  0.4250000000E-01  0.1704083929E+08
  0.4277777778E-01  0.1697396484E+08
  0.4305555556E-01  0.1690709050E+08
  0.4333333333E-01  0.1684021605E+08
  0.4361111111E-01  0.1677334172E+08
  0.4388888889E-01  0.1670646682E+08
  0.4416666667E-01  0.1663959248E+08
  0.4444444444E-01  0.1657271804E+08
  0.4472222222E-01  0.1650584370E+08
  0.4500000000E-01  0.1643896925E+08
  0.4527777778E-01  0.1636939047E+08
  0.4555555556E-01  0.1629981181E+08
  0.4583333333E-01  0.1623023303E+08
  0.4611111111E-01  0.1616065426E+08
  0.4638888889E-01  0.1609107550E+08
  0.4666666667E-01  0.1602149671E+08
  0.4694444444E-01  0.1595191804E+08
  0.4722222222E-01  0.1588233927E+08
  0.4750000000E-01  0.1581276049E+08
  0.4777777778E-01  0.1574318173E+08
  0.4805555556E-01  0.1567360261E+08
  0.4833333333E-01  0.1560402394E+08
  0.4861111111E-01  0.1553444517E+08
  0.4888888889E-01  0.1546486639E+08
  0.4916666667E-01  0.1539528773E+08
  0.4944444444E-01  0.1532570885E+08
  0.4972222222E-01  0.1525613018E+08
  0.5000000000E-01  0.1518655141E+08
  0.5027777778E-01  0.1511556372E+08
  0.5055555556E-01  0.1504457569E+08
  0.5083333333E-01  0.1497358801E+08
  0.5111111111E-01  0.1490259998E+08
  0.5138888889E-01  0.1483161196E+08
  0.5166666667E-01  0.1476062427E+08
  0.5194444444E-01  0.1468963625E+08
  0.5222222222E-01  0.1461864846E+08
  0.5250000000E-01  0.1454766033E+08
  0.5277777778E-01  0.1447667264E+08
  0.5305555556E-01  0.1440568462E+08
  0.5333333333E-01  0.1433469660E+08
  0.5361111111E-01  0.1426370891E+08
  0.5388888889E-01  0.1419272089E+08
  0.5416666667E-01  0.1412173320E+08
  0.5444444444E-01  0.1405074518E+08
  0.5472222222E-01  0.1397975749E+08
  0.5500000000E-01  0.1390876947E+08
  0.5527777778E-01  0.1383761457E+08
  0.5555555556E-01  0.1376646000E+08
  0.5583333333E-01  0.1369530521E+08
  0.5611111111E-01  0.1362415074E+08
  0.5638888889E-01  0.1355299574E+08
  0.5666666667E-01  0.1348184127E+08
  0.5694444444E-01  0.1341068637E+08
  0.5722222222E-01  0.1333953181E+08
  0.5750000000E-01  0.1326837701E+08
  0.5777777778E-01  0.1319722244E+08
  0.5805555556E-01  0.1312606764E+08
  0.5833333333E-01  0.1305491308E+08
  0.5861111111E-01  0.1298375818E+08
  0.5888888889E-01  0.1291260371E+08
  0.5916666667E-01  0.1284144882E+08
  0.5944444444E-01  0.1277029424E+08
  0.5972222222E-01  0.1269913945E+08
  0.6000000000E-01  0.1262798488E+08
  0.6027777778E-01  0.1255782556E+08
  0.6055555556E-01  0.1248766621E+08
  0.6083333333E-01  0.1241750693E+08
  0.6111111111E-01  0.1234734765E+08
  0.6138888889E-01  0.1227718837E+08
  0.6166666667E-01  0.1220702909E+08
  0.6194444444E-01  0.1213686992E+08
  0.6222222222E-01  0.1206671064E+08
  0.6250000000E-01  0.1199655135E+08
  0.6277777778E-01  0.1192639207E+08
  0.6305555556E-01  0.1185623279E+08
  0.6333333333E-01  0.1178607361E+08
  0.6361111111E-01  0.1171591433E+08
  0.6388888889E-01  0.1164575505E+08
  0.6416666667E-01  0.1157559577E+08
  0.6444444444E-01  0.1150543648E+08
  0.6472222222E-01  0.1143527720E+08
  0.6500000000E-01  0.1136511792E+08
  0.6527777778E-01  0.1129699934E+08
  0.6555555556E-01  0.1122888091E+08
  0.6583333333E-01  0.1116076253E+08
  0.6611111111E-01  0.1109264406E+08
  0.6638888889E-01  0.1102452548E+08
  0.6666666667E-01  0.1095640705E+08
  0.6694444444E-01  0.1088828858E+08
  0.6722222222E-01  0.1082017021E+08
  0.6750000000E-01  0.1075205174E+08
  0.6777777778E-01  0.1068393319E+08
  0.6805555556E-01  0.1061581472E+08
  0.6833333333E-01  0.1054769623E+08
  0.6861111111E-01  0.1047957784E+08
  0.6888888889E-01  0.1041145938E+08
  0.6916666667E-01  0.1034334088E+08
  0.6944444444E-01  0.1027522239E+08
  0.6972222222E-01  0.1020710389E+08
  0.7000000000E-01  0.1013898552E+08
  0.7027777778E-01  0.1007381910E+08
  0.7055555556E-01  0.1000865258E+08
  0.7083333333E-01  0.9943486195E+07
  0.7111111111E-01  0.9878319764E+07
  0.7138888889E-01  0.9813153382E+07
  0.7166666667E-01  0.9747986955E+07
  0.7194444444E-01  0.9682820569E+07
  0.7222222222E-01  0.9617654142E+07
  0.7250000000E-01  0.9552487759E+07
  0.7277777778E-01  0.9487321329E+07
  0.7305555556E-01  0.9422154936E+07
  0.7333333333E-01  0.9356988520E+07
  0.7361111111E-01  0.9291822122E+07
  0.7388888889E-01  0.9226655706E+07
  0.7416666667E-01  0.9161489280E+07
  0.7444444444E-01  0.9096322894E+07
  0.7472222222E-01  0.9031156467E+07
  0.7500000000E-01  0.8965990084E+07
  0.7527777778E-01  0.8904531173E+07
  0.7555555556E-01  0.8843072273E+07
  0.7583333333E-01  0.8781613458E+07
  0.7611111111E-01  0.8720154557E+07
  0.7638888889E-01  0.8658695745E+07
  0.7666666667E-01  0.8597236845E+07
  0.7694444444E-01  0.8535777934E+07
  0.7722222222E-01  0.8474319167E+07
  0.7750000000E-01  0.8412860256E+07
  0.7777777778E-01  0.8351401456E+07
  0.7805555556E-01  0.8289942543E+07
  0.7833333333E-01  0.8228483643E+07
  0.7861111111E-01  0.8167024832E+07
  0.7888888889E-01  0.8105565928E+07
  0.7916666667E-01  0.8044107118E+07
  0.7944444444E-01  0.7982648218E+07
  0.7972222222E-01  0.7921189305E+07
  0.8000000000E-01  0.7859730505E+07
  0.8027777778E-01  0.7802574780E+07
  0.8055555556E-01  0.7745419167E+07
  0.8083333333E-01  0.7688263553E+07
  0.8111111111E-01  0.7631107928E+07
  0.8138888889E-01  0.7573952214E+07
  0.8166666667E-01  0.7516796623E+07
  0.8194444444E-01  0.7459641010E+07
  0.8222222222E-01  0.7402485396E+07
  0.8250000000E-01  0.7345329672E+07
  0.8277777778E-01  0.7288174058E+07
  0.8305555556E-01  0.7231018433E+07
  0.8333333333E-01  0.7173862720E+07
  0.8361111111E-01  0.7116707106E+07
  0.8388888889E-01  0.7059551482E+07
  0.8416666667E-01  0.7002395869E+07
  0.8444444444E-01  0.6945240144E+07
  0.8472222222E-01  0.6888084530E+07
  0.8500000000E-01  0.6830928916E+07
  0.8527777778E-01  0.6778503474E+07
  0.8555555556E-01  0.6726078008E+07
  0.8583333333E-01  0.6673652576E+07
  0.8611111111E-01  0.6621227143E+07
  0.8638888889E-01  0.6568801677E+07
  0.8666666667E-01  0.6516376234E+07
  0.8694444444E-01  0.6463950802E+07
  0.8722222222E-01  0.6411525369E+07
  0.8750000000E-01  0.6359099903E+07
  0.8777777778E-01  0.6306674471E+07
  0.8805555556E-01  0.6254249028E+07
  0.8833333333E-01  0.6201823562E+07
  0.8861111111E-01  0.6149398129E+07
  0.8888888889E-01  0.6096972697E+07
  0.8916666667E-01  0.6044547265E+07
  0.8944444444E-01  0.5992121788E+07
  0.8972222222E-01  0.5939696355E+07
  0.9000000000E-01  0.5887270924E+07
  0.9027777778E-01  0.5839841052E+07
  0.9055555556E-01  0.5792411092E+07
  0.9083333333E-01  0.5744981120E+07
  0.9111111111E-01  0.5697551149E+07
  0.9138888889E-01  0.5650121190E+07
  0.9166666667E-01  0.5602691218E+07
  0.9194444444E-01  0.5555261246E+07
  0.9222222222E-01  0.5507831275E+07
  0.9250000000E-01  0.5460401315E+07
  0.9277777778E-01  0.5412971344E+07
  0.9305555556E-01  0.5365541373E+07
  0.9333333333E-01  0.5318111422E+07
  0.9361111111E-01  0.5270681451E+07
  0.9388888889E-01  0.5223251490E+07
  0.9416666667E-01  0.5175821529E+07
  0.9444444444E-01  0.5128391602E+07
  0.9472222222E-01  0.5080961630E+07
  0.9500000000E-01  0.5033531668E+07
  0.9527777778E-01  0.4991208061E+07
  0.9555555556E-01  0.4948884486E+07
  0.9583333333E-01  0.4906560909E+07
  0.9611111111E-01  0.4864237324E+07
  0.9638888889E-01  0.4821913747E+07
  0.9666666667E-01  0.4779590138E+07
  0.9694444444E-01  0.4737266563E+07
  0.9722222222E-01  0.4694942977E+07
  0.9750000000E-01  0.4652619401E+07
  0.9777777778E-01  0.4610295792E+07
  0.9805555556E-01  0.4567972206E+07
  0.9833333333E-01  0.4525648630E+07
  0.9861111111E-01  0.4483325065E+07
  0.9888888889E-01  0.4441001480E+07
  0.9916666667E-01  0.4398677871E+07
  0.9944444444E-01  0.4356354294E+07
  0.9972222222E-01  0.4314030709E+07
  0.1000000000E+00  0.4271707133E+07
  0.1002777778E+00  0.4234457519E+07
  0.1005555556E+00  0.4197207940E+07
  0.1008333333E+00  0.4159958326E+07
  0.1011111111E+00  0.4122708713E+07
  0.1013888889E+00  0.4085459132E+07
  0.1016666667E+00  0.4048209519E+07
  0.1019444444E+00  0.4010959939E+07
  0.1022222222E+00  0.3973710325E+07
  0.1025000000E+00  0.3936460712E+07
  0.1027777778E+00  0.3899211132E+07
  0.1030555556E+00  0.3861961518E+07
  0.1033333333E+00  0.3824711905E+07
  0.1036111111E+00  0.3787462324E+07
  0.1038888889E+00  0.3750212712E+07
  0.1041666667E+00  0.3712963131E+07
  0.1044444444E+00  0.3675713508E+07
  0.1047222222E+00  0.3638463904E+07
  0.1050000000E+00  0.3601214324E+07
  0.1052777778E+00  0.3568886508E+07
  0.1055555556E+00  0.3536558714E+07
  0.1058333333E+00  0.3504230932E+07
  0.1061111111E+00  0.3471903104E+07
  0.1063888889E+00  0.3439575322E+07
  0.1066666667E+00  0.3407247494E+07
  0.1069444444E+00  0.3374919712E+07
  0.1072222222E+00  0.3342591884E+07
  0.1075000000E+00  0.3310264112E+07
  0.1077777778E+00  0.3277936317E+07
  0.1080555556E+00  0.3245608501E+07
  0.1083333333E+00  0.3213280707E+07
  0.1086111111E+00  0.3180952892E+07
  0.1088888889E+00  0.3148625098E+07
  0.1091666667E+00  0.3116297281E+07
  0.1094444444E+00  0.3083969488E+07
  0.1097222222E+00  0.3051641705E+07
  0.1100000000E+00  0.3019313877E+07
  0.1102777778E+00  0.2991649128E+07
  0.1105555556E+00  0.2963984334E+07
  0.1108333333E+00  0.2936319585E+07
  0.1111111111E+00  0.2908654791E+07
  0.1113888889E+00  0.2880990041E+07
  0.1116666667E+00  0.2853325248E+07
  0.1119444444E+00  0.2825660488E+07
  0.1122222222E+00  0.2797995694E+07
  0.1125000000E+00  0.2770330934E+07
  0.1127777778E+00  0.2742666151E+07
  0.1130555556E+00  0.2715001391E+07
  0.1133333333E+00  0.2687336597E+07
  0.1136111111E+00  0.2659671837E+07
  0.1138888889E+00  0.2632007054E+07
  0.1141666667E+00  0.2604342294E+07
  0.1144444444E+00  0.2576677500E+07
  0.1147222222E+00  0.2549012740E+07
  0.1150000000E+00  0.2521347946E+07
  0.1152777778E+00  0.2498007185E+07
  0.1155555556E+00  0.2474666415E+07
  0.1158333333E+00  0.2451325644E+07
  0.1161111111E+00  0.2427984883E+07
  0.1163888889E+00  0.2404644079E+07
  0.1166666667E+00  0.2381303308E+07
  0.1169444444E+00  0.2357962558E+07
  0.1172222222E+00  0.2334621788E+07
  0.1175000000E+00  0.2311280983E+07
  0.1177777778E+00  0.2287940213E+07
  0.1180555556E+00  0.2264599452E+07
  0.1183333333E+00  0.2241258681E+07
  0.1186111111E+00  0.2217917910E+07
  0.1188888889E+00  0.2194577127E+07
  0.1191666667E+00  0.2171236356E+07
  0.1194444444E+00  0.2147895585E+07
  0.1197222222E+00  0.2124554814E+07
  0.1200000000E+00  0.2101214020E+07
  0.1202777778E+00  0.2081798517E+07
  0.1205555556E+00  0.2062383023E+07
  0.1208333333E+00  0.2042967520E+07
  0.1211111111E+00  0.2023552027E+07
  0.1213888889E+00  0.2004136523E+07
  0.1216666667E+00  0.1984721019E+07
  0.1219444444E+00  0.1965305492E+07
  0.1222222222E+00  0.1945889988E+07
  0.1225000000E+00  0.1926474495E+07
  0.1227777778E+00  0.1907058991E+07
  0.1230555556E+00  0.1887643498E+07
  0.1233333333E+00  0.1868227995E+07
  0.1236111111E+00  0.1848812468E+07
  0.1238888889E+00  0.1829396964E+07
  0.1241666667E+00  0.1809981471E+07
  0.1244444444E+00  0.1790565966E+07
  0.1247222222E+00  0.1771150463E+07
  0.1250000000E+00  0.1751734969E+07
  0.1252777778E+00  0.1735807951E+07
  0.1255555556E+00  0.1719880932E+07
  0.1258333333E+00  0.1703953937E+07
  0.1261111111E+00  0.1688026918E+07
  0.1263888889E+00  0.1672099900E+07
  0.1266666667E+00  0.1656172915E+07
  0.1269444444E+00  0.1640245896E+07
  0.1272222222E+00  0.1624318877E+07
  0.1275000000E+00  0.1608391892E+07
  0.1277777778E+00  0.1592464874E+07
  0.1280555556E+00  0.1576537888E+07
  0.1283333333E+00  0.1560610870E+07
  0.1286111111E+00  0.1544683851E+07
  0.1288888889E+00  0.1528756866E+07
  0.1291666667E+00  0.1512829837E+07
  0.1294444444E+00  0.1496902819E+07
  0.1297222222E+00  0.1480975834E+07
  0.1300000000E+00  0.1465048815E+07
  0.1302777778E+00  0.1452157244E+07
  0.1305555556E+00  0.1439265639E+07
  0.1308333333E+00  0.1426374078E+07
  0.1311111111E+00  0.1413482463E+07
  0.1313888889E+00  0.1400590892E+07
  0.1316666667E+00  0.1387699298E+07
  0.1319444444E+00  0.1374807727E+07
  0.1322222222E+00  0.1361916112E+07
  0.1325000000E+00  0.1349024552E+07
  0.1327777778E+00  0.1336132947E+07
  0.1330555556E+00  0.1323241375E+07
  0.1333333333E+00  0.1310349805E+07
  0.1336111111E+00  0.1297458200E+07
  0.1338888889E+00  0.1284566629E+07
  0.1341666667E+00  0.1271675035E+07
  0.1344444444E+00  0.1258783463E+07
  0.1347222222E+00  0.1245891848E+07
  0.1350000000E+00  0.1233000288E+07
  0.1352777778E+00  0.1222691617E+07
  0.1355555556E+00  0.1212382958E+07
  0.1358333333E+00  0.1202074287E+07
  0.1361111111E+00  0.1191765637E+07
  0.1363888889E+00  0.1181456977E+07
  0.1366666667E+00  0.1171148306E+07
  0.1369444444E+00  0.1160839647E+07
  0.1372222222E+00  0.1150530976E+07
  0.1375000000E+00  0.1140222316E+07
  0.1377777778E+00  0.1129913656E+07
  0.1380555556E+00  0.1119604985E+07
  0.1383333333E+00  0.1109296336E+07
  0.1386111111E+00  0.1098987709E+07
  0.1388888889E+00  0.1088679038E+07
  0.1391666667E+00  0.1078370379E+07
  0.1394444444E+00  0.1068061708E+07
  0.1397222222E+00  0.1057753048E+07
  0.1400000000E+00  0.1047444388E+07
  0.1402777778E+00  0.1039283534E+07
  0.1405555556E+00  0.1031122680E+07
  0.1408333333E+00  0.1022961826E+07
  0.1411111111E+00  0.1014801006E+07
  0.1413888889E+00  0.1006640153E+07
  0.1416666667E+00  0.9984792988E+06
  0.1419444444E+00  0.9903184448E+06
  0.1422222222E+00  0.9821576041E+06
  0.1425000000E+00  0.9739967568E+06
  0.1427777778E+00  0.9658359206E+06
  0.1430555556E+00  0.9576750632E+06
  0.1433333333E+00  0.9495142159E+06
  0.1436111111E+00  0.9413533686E+06
  0.1438888889E+00  0.9331925212E+06
  0.1441666667E+00  0.9250316739E+06
  0.1444444444E+00  0.9168708377E+06
  0.1447222222E+00  0.9087099803E+06
  0.1450000000E+00  0.9005491330E+06
  0.1452777778E+00  0.8941306458E+06
  0.1455555556E+00  0.8877121586E+06
  0.1458333333E+00  0.8812936614E+06
  0.1461111111E+00  0.8748751709E+06
  0.1463888889E+00  0.8684566836E+06
  0.1466666667E+00  0.8620381964E+06
  0.1469444444E+00  0.8556196992E+06
  0.1472222222E+00  0.8492012120E+06
  0.1475000000E+00  0.8427827248E+06
  0.1477777778E+00  0.8363642376E+06
  0.1480555556E+00  0.8299457471E+06
  0.1483333333E+00  0.8235272498E+06
  0.1486111111E+00  0.8171087593E+06
  0.1488888889E+00  0.8106902710E+06
  0.1491666667E+00  0.8042717838E+06
  0.1494444444E+00  0.7978532865E+06
  0.1497222222E+00  0.7914347983E+06
  0.1500000000E+00  0.7850163110E+06
  0.1502777778E+00  0.7799737136E+06
  0.1505555556E+00  0.7749311150E+06
  0.1508333333E+00  0.7698885176E+06
  0.1511111111E+00  0.7648459090E+06
  0.1513888889E+00  0.7598033115E+06
  0.1516666667E+00  0.7547607130E+06
  0.1519444444E+00  0.7497181155E+06
  0.1522222222E+00  0.7446755170E+06
  0.1525000000E+00  0.7396329195E+06
  0.1527777778E+00  0.7345903209E+06
  0.1530555556E+00  0.7295477135E+06
  0.1533333333E+00  0.7245051149E+06
  0.1536111111E+00  0.7194625175E+06
  0.1538888889E+00  0.7144199189E+06
  0.1541666667E+00  0.7093773214E+06
  0.1544444444E+00  0.7043347229E+06
  0.1547222222E+00  0.6992921288E+06
  0.1550000000E+00  0.6942495313E+06
  0.1552777778E+00  0.6902621164E+06
  0.1555555556E+00  0.6862747060E+06
  0.1558333333E+00  0.6822872956E+06
  0.1561111111E+00  0.6782998840E+06
  0.1563888889E+00  0.6743124737E+06
  0.1566666667E+00  0.6703250632E+06
  0.1569444444E+00  0.6663376528E+06
  0.1572222222E+00  0.6623502412E+06
  0.1575000000E+00  0.6583628308E+06
  0.1577777778E+00  0.6543754205E+06
  0.1580555556E+00  0.6503880188E+06
  0.1583333333E+00  0.6464006085E+06
  0.1586111111E+00  0.6424131980E+06
  0.1588888889E+00  0.6384257876E+06
  0.1591666667E+00  0.6344383761E+06
  0.1594444444E+00  0.6304509623E+06
  0.1597222222E+00  0.6264635519E+06
  0.1600000000E+00  0.6224761403E+06
  0.1602777778E+00  0.6192722520E+06
  0.1605555556E+00  0.6160683538E+06
  0.1608333333E+00  0.6128644655E+06
  0.1611111111E+00  0.6096605773E+06
  0.1613888889E+00  0.6064566790E+06
  0.1616666667E+00  0.6032527907E+06
  0.1619444444E+00  0.6000488925E+06
  0.1622222222E+00  0.5968450042E+06
  0.1625000000E+00  0.5936411148E+06
  0.1627777778E+00  0.5904372166E+06
  0.1630555556E+00  0.5872333283E+06
  0.1633333333E+00  0.5840294299E+06
  0.1636111111E+00  0.5808255417E+06
  0.1638888889E+00  0.5776216434E+06
  0.1641666667E+00  0.5744177552E+06
  0.1644444444E+00  0.5712138669E+06
  0.1647222222E+00  0.5680099686E+06
  0.1650000000E+00  0.5648060792E+06
  0.1652777778E+00  0.5621630706E+06
  0.1655555556E+00  0.5595200619E+06
  0.1658333333E+00  0.5568770399E+06
  0.1661111111E+00  0.5542340313E+06
  0.1663888889E+00  0.5515910226E+06
  0.1666666667E+00  0.5489480139E+06
  0.1669444444E+00  0.5463050052E+06
  0.1672222222E+00  0.5436619966E+06
  0.1675000000E+00  0.5410189879E+06
  0.1677777778E+00  0.5383759792E+06
  0.1680555556E+00  0.5357329706E+06
  0.1683333333E+00  0.5330899519E+06
  0.1686111111E+00  0.5304469433E+06
  0.1688888889E+00  0.5278039347E+06
  0.1691666667E+00  0.5251609260E+06
  0.1694444444E+00  0.5225179173E+06
  0.1697222222E+00  0.5198749076E+06
  0.1700000000E+00  0.5172318988E+06
  0.1702777778E+00  0.5149754220E+06
  0.1705555556E+00  0.5127189551E+06
  0.1708333333E+00  0.5104624782E+06
  0.1711111111E+00  0.5082060114E+06
  0.1713888889E+00  0.5059495344E+06
  0.1716666667E+00  0.5036930665E+06
  0.1719444444E+00  0.5014365996E+06
  0.1722222222E+00  0.4991801227E+06
  0.1725000000E+00  0.4969236559E+06
  0.1727777778E+00  0.4946671789E+06
  0.1730555556E+00  0.4924107121E+06
  0.1733333333E+00  0.4901542353E+06
  0.1736111111E+00  0.4878977672E+06
  0.1738888889E+00  0.4856412904E+06
  0.1741666667E+00  0.4833848235E+06
  0.1744444444E+00  0.4811283466E+06
  0.1747222222E+00  0.4788718798E+06
  0.1750000000E+00  0.4766154028E+06
  0.1752777778E+00  0.4746150629E+06
  0.1755555556E+00  0.4726147196E+06
  0.1758333333E+00  0.4706143795E+06
  0.1761111111E+00  0.4686140395E+06
  0.1763888889E+00  0.4666137057E+06
  0.1766666667E+00  0.4646133623E+06
  0.1769444444E+00  0.4626130233E+06
  0.1772222222E+00  0.4606126833E+06
  0.1775000000E+00  0.4586123433E+06
  0.1777777778E+00  0.4566120009E+06
  0.1780555556E+00  0.4546116621E+06
  0.1783333333E+00  0.4526113220E+06
  0.1786111111E+00  0.4506109831E+06
  0.1788888889E+00  0.4486106398E+06
  0.1791666667E+00  0.4466103008E+06
  0.1794444444E+00  0.4446099607E+06
  0.1797222222E+00  0.4426096185E+06
  0.1800000000E+00  0.4406092796E+06
  0.1802777778E+00  0.4387736726E+06
  0.1805555556E+00  0.4369380613E+06
  0.1808333333E+00  0.4351024543E+06
  0.1811111111E+00  0.4332668485E+06
  0.1813888889E+00  0.4314312382E+06
  0.1816666667E+00  0.4295956313E+06
  0.1819444444E+00  0.4277600199E+06
  0.1822222222E+00  0.4259244141E+06
  0.1825000000E+00  0.4240888038E+06
  0.1827777778E+00  0.4222531969E+06
  0.1830555556E+00  0.4204175899E+06
  0.1833333333E+00  0.4185819786E+06
  0.1836111111E+00  0.4167463727E+06
  0.1838888889E+00  0.4149107625E+06
  0.1841666667E+00  0.4130751555E+06
  0.1844444444E+00  0.4112395452E+06
  0.1847222222E+00  0.4094039384E+06
  0.1850000000E+00  0.4075683314E+06
  0.1852777778E+00  0.4058394497E+06
  0.1855555556E+00  0.4041105713E+06
  0.1858333333E+00  0.4023816906E+06
  0.1861111111E+00  0.4006528112E+06
  0.1863888889E+00  0.3989239338E+06
  0.1866666667E+00  0.3971950512E+06
  0.1869444444E+00  0.3954661738E+06
  0.1872222222E+00  0.3937372965E+06
  0.1875000000E+00  0.3920084137E+06
  0.1877777778E+00  0.3902795364E+06
  0.1880555556E+00  0.3885506535E+06
  0.1883333333E+00  0.3868217762E+06
  0.1886111111E+00  0.3850928980E+06
  0.1888888889E+00  0.3833640162E+06
  0.1891666667E+00  0.3816351378E+06
  0.1894444444E+00  0.3799062561E+06
  0.1897222222E+00  0.3781773777E+06
  0.1900000000E+00  0.3764484993E+06
  0.1902777778E+00  0.3747950871E+06
  0.1905555556E+00  0.3731416740E+06
  0.1908333333E+00  0.3714882617E+06
  0.1911111111E+00  0.3698348485E+06
  0.1913888889E+00  0.3681814363E+06
  0.1916666667E+00  0.3665280264E+06
  0.1919444444E+00  0.3648746132E+06
  0.1922222222E+00  0.3632212010E+06
  0.1925000000E+00  0.3615677879E+06
  0.1927777778E+00  0.3599143745E+06
  0.1930555556E+00  0.3582609624E+06
  0.1933333333E+00  0.3566075536E+06
  0.1936111111E+00  0.3549541392E+06
  0.1938888889E+00  0.3533007270E+06
  0.1941666667E+00  0.3516473149E+06
  0.1944444444E+00  0.3499939015E+06
  0.1947222222E+00  0.3483404884E+06
  0.1950000000E+00  0.3466870796E+06
  0.1952777778E+00  0.3450984072E+06
  0.1955555556E+00  0.3435097383E+06
  0.1958333333E+00  0.3419210681E+06
  0.1961111111E+00  0.3403323981E+06
  0.1963888889E+00  0.3387437257E+06
  0.1966666667E+00  0.3371550568E+06
  0.1969444444E+00  0.3355663877E+06
  0.1972222222E+00  0.3339777188E+06
  0.1975000000E+00  0.3323890464E+06
  0.1977777778E+00  0.3308003763E+06
  0.1980555556E+00  0.3292117062E+06
  0.1983333333E+00  0.3276230373E+06
  0.1986111111E+00  0.3260343682E+06
  0.1988888889E+00  0.3244456960E+06
  0.1991666667E+00  0.3228570269E+06
  0.1994444444E+00  0.3212683579E+06
  0.1997222222E+00  0.3196796889E+06
  0.2000000000E+00  0.3180910145E+06
  0.2002777778E+00  0.3165704582E+06
  0.2005555556E+00  0.3150498974E+06
  0.2008333333E+00  0.3135293367E+06
  0.2011111111E+00  0.3120087760E+06
  0.2013888889E+00  0.3104882154E+06
  0.2016666667E+00  0.3089676579E+06
  0.2019444444E+00  0.3074470972E+06
  0.2022222222E+00  0.3059265365E+06
  0.2025000000E+00  0.3044059757E+06
  0.2027777778E+00  0.3028854184E+06
  0.2030555556E+00  0.3013648577E+06
  0.2033333333E+00  0.2998442970E+06
  0.2036111111E+00  0.2983237363E+06
  0.2038888889E+00  0.2968031767E+06
  0.2041666667E+00  0.2952826193E+06
  0.2044444444E+00  0.2937620576E+06
  0.2047222222E+00  0.2922414968E+06
  0.2050000000E+00  0.2907209361E+06
  0.2052777778E+00  0.2892809266E+06
  0.2055555556E+00  0.2878409172E+06
  0.2058333333E+00  0.2864009077E+06
  0.2061111111E+00  0.2849608937E+06
  0.2063888889E+00  0.2835208833E+06
  0.2066666667E+00  0.2820808738E+06
  0.2069444444E+00  0.2806408642E+06
  0.2072222222E+00  0.2792008547E+06
  0.2075000000E+00  0.2777608408E+06
  0.2077777778E+00  0.2763208313E+06
  0.2080555556E+00  0.2748808218E+06
  0.2083333333E+00  0.2734408123E+06
  0.2086111111E+00  0.2720007984E+06
  0.2088888889E+00  0.2705607879E+06
  0.2091666667E+00  0.2691207784E+06
  0.2094444444E+00  0.2676807689E+06
  0.2097222222E+00  0.2662407584E+06
  0.2100000000E+00  0.2648007455E+06
  0.2102777778E+00  0.2634577980E+06
  0.2105555556E+00  0.2621148504E+06
  0.2108333333E+00  0.2607719029E+06
  0.2111111111E+00  0.2594289509E+06
  0.2113888889E+00  0.2580860045E+06
  0.2116666667E+00  0.2567430558E+06
  0.2119444444E+00  0.2554001050E+06
  0.2122222222E+00  0.2540571585E+06
  0.2125000000E+00  0.2527142099E+06
  0.2127777778E+00  0.2513712623E+06
  0.2130555556E+00  0.2500283114E+06
  0.2133333333E+00  0.2486853639E+06
  0.2136111111E+00  0.2473424152E+06
  0.2138888889E+00  0.2459994687E+06
  0.2141666667E+00  0.2446565179E+06
  0.2144444444E+00  0.2433135693E+06
  0.2147222222E+00  0.2419706228E+06
  0.2150000000E+00  0.2406276708E+06
  0.2152777778E+00  0.2393984825E+06
  0.2155555556E+00  0.2381692930E+06
  0.2158333333E+00  0.2369401012E+06
  0.2161111111E+00  0.2357109119E+06
  0.2163888889E+00  0.2344817224E+06
  0.2166666667E+00  0.2332525307E+06
  0.2169444444E+00  0.2320233412E+06
  0.2172222222E+00  0.2307941495E+06
  0.2175000000E+00  0.2295649612E+06
  0.2177777778E+00  0.2283357717E+06
  0.2180555556E+00  0.2271065800E+06
  0.2183333333E+00  0.2258773895E+06
  0.2186111111E+00  0.2246482011E+06
  0.2188888889E+00  0.2234190094E+06
  0.2191666667E+00  0.2221898199E+06
  0.2194444444E+00  0.2209606282E+06
  0.2197222222E+00  0.2197314388E+06
  0.2200000000E+00  0.2185022504E+06
  0.2202777778E+00  0.2174011637E+06
  0.2205555556E+00  0.2163000761E+06
  0.2208333333E+00  0.2151989928E+06
  0.2211111111E+00  0.2140979051E+06
  0.2213888889E+00  0.2129968175E+06
  0.2216666667E+00  0.2118957342E+06
  0.2219444444E+00  0.2107946476E+06
  0.2222222222E+00  0.2096935610E+06
  0.2225000000E+00  0.2085924767E+06
  0.2227777778E+00  0.2074913890E+06
  0.2230555556E+00  0.2063903023E+06
  0.2233333333E+00  0.2052892180E+06
  0.2236111111E+00  0.2041881315E+06
  0.2238888889E+00  0.2030870448E+06
  0.2241666667E+00  0.2019859616E+06
  0.2244444444E+00  0.2008848728E+06
  0.2247222222E+00  0.1997837862E+06
  0.2250000000E+00  0.1986826996E+06
  0.2252777778E+00  0.1977194042E+06
  0.2255555556E+00  0.1967561066E+06
  0.2258333333E+00  0.1957928068E+06
  0.2261111111E+00  0.1948295081E+06
  0.2263888889E+00  0.1938662093E+06
  0.2266666667E+00  0.1929029117E+06
  0.2269444444E+00  0.1919396129E+06
  0.2272222222E+00  0.1909763175E+06
  0.2275000000E+00  0.1900130188E+06
  0.2277777778E+00  0.1890497211E+06
  0.2280555556E+00  0.1880864224E+06
  0.2283333333E+00  0.1871231237E+06
  0.2286111111E+00  0.1861598249E+06
  0.2288888889E+00  0.1851965273E+06
  0.2291666667E+00  0.1842332319E+06
  0.2294444444E+00  0.1832699331E+06
  0.2297222222E+00  0.1823066334E+06
  0.2300000000E+00  0.1813433358E+06
  0.2302777778E+00  0.1805221396E+06
  0.2305555556E+00  0.1797009467E+06
  0.2308333333E+00  0.1788797505E+06
  0.2311111111E+00  0.1780585576E+06
  0.2313888889E+00  0.1772373604E+06
  0.2316666667E+00  0.1764161675E+06
  0.2319444444E+00  0.1755949713E+06
  0.2322222222E+00  0.1747737751E+06
  0.2325000000E+00  0.1739525822E+06
  0.2327777778E+00  0.1731313850E+06
  0.2330555556E+00  0.1723101921E+06
  0.2333333333E+00  0.1714889959E+06
  0.2336111111E+00  0.1706677997E+06
  0.2338888889E+00  0.1698466058E+06
  0.2341666667E+00  0.1690254096E+06
  0.2344444444E+00  0.1682042167E+06
  0.2347222222E+00  0.1673830205E+06
  0.2350000000E+00  0.1665618276E+06
  0.2352777778E+00  0.1658810615E+06
  0.2355555556E+00  0.1652002998E+06
  0.2358333333E+00  0.1645195370E+06
  0.2361111111E+00  0.1638387753E+06
  0.2363888889E+00  0.1631580092E+06
  0.2366666667E+00  0.1624772485E+06
  0.2369444444E+00  0.1617964857E+06
  0.2372222222E+00  0.1611157240E+06
  0.2375000000E+00  0.1604349579E+06
  0.2377777778E+00  0.1597541962E+06
  0.2380555556E+00  0.1590734334E+06
  0.2383333333E+00  0.1583926683E+06
  0.2386111111E+00  0.1577119066E+06
  0.2388888889E+00  0.1570311449E+06
  0.2391666667E+00  0.1563503821E+06
  0.2394444444E+00  0.1556696170E+06
  0.2397222222E+00  0.1549888542E+06
  0.2400000000E+00  0.1543080926E+06
  0.2402777778E+00  0.1537605237E+06
  0.2405555556E+00  0.1532129561E+06
  0.2408333333E+00  0.1526653873E+06
  0.2411111111E+00  0.1521178174E+06
  0.2413888889E+00  0.1515702520E+06
  0.2416666667E+00  0.1510226821E+06
  0.2419444444E+00  0.1504751133E+06
  0.2422222222E+00  0.1499275468E+06
  0.2425000000E+00  0.1493799780E+06
  0.2427777778E+00  0.1488324081E+06
  0.2430555556E+00  0.1482848426E+06
  0.2433333333E+00  0.1477372728E+06
  0.2436111111E+00  0.1471897073E+06
  0.2438888889E+00  0.1466421375E+06
  0.2441666667E+00  0.1460945687E+06
  0.2444444444E+00  0.1455470022E+06
  0.2447222222E+00  0.1449994333E+06
  0.2450000000E+00  0.1444518635E+06
  0.2452777778E+00  0.1440254373E+06
  0.2455555556E+00  0.1435990068E+06
  0.2458333333E+00  0.1431725774E+06
  0.2461111111E+00  0.1427461479E+06
  0.2463888889E+00  0.1423197174E+06
  0.2466666667E+00  0.1418932913E+06
  0.2469444444E+00  0.1414668619E+06
  0.2472222222E+00  0.1410404313E+06
  0.2475000000E+00  0.1406140018E+06
  0.2477777778E+00  0.1401875725E+06
  0.2480555556E+00  0.1397611453E+06
  0.2483333333E+00  0.1393347158E+06
  0.2486111111E+00  0.1389082853E+06
  0.2488888889E+00  0.1384818559E+06
  0.2491666667E+00  0.1380554264E+06
  0.2494444444E+00  0.1376289992E+06
  0.2497222222E+00  0.1372025687E+06
  0.2500000000E+00  0.1367761403E+06
  0.2502777778E+00  0.1364549613E+06
  0.2505555556E+00  0.1361337813E+06
  0.2508333333E+00  0.1358126023E+06
  0.2511111111E+00  0.1354914234E+06
  0.2513888889E+00  0.1351702444E+06
  0.2516666667E+00  0.1348490655E+06
  0.2519444444E+00  0.1345278865E+06
  0.2522222222E+00  0.1342067076E+06
  0.2525000000E+00  0.1338855286E+06
  0.2527777778E+00  0.1335643497E+06
  0.2530555556E+00  0.1332431707E+06
  0.2533333333E+00  0.1329219918E+06
  0.2536111111E+00  0.1326008128E+06
  0.2538888889E+00  0.1322796327E+06
  0.2541666667E+00  0.1319584571E+06
  0.2544444444E+00  0.1316372792E+06
  0.2547222222E+00  0.1313161002E+06
  0.2550000000E+00  0.1309949213E+06
  0.2552777778E+00  0.1307606789E+06
  0.2555555556E+00  0.1305264354E+06
  0.2558333333E+00  0.1302921941E+06
  0.2561111111E+00  0.1300579517E+06
  0.2563888889E+00  0.1298237097E+06
  0.2566666667E+00  0.1295894673E+06
  0.2569444444E+00  0.1293552248E+06
  0.2572222222E+00  0.1291209824E+06
  0.2575000000E+00  0.1288867425E+06
  0.2577777778E+00  0.1286525001E+06
  0.2580555556E+00  0.1284182577E+06
  0.2583333333E+00  0.1281840152E+06
  0.2586111111E+00  0.1279497732E+06
  0.2588888889E+00  0.1277155308E+06
  0.2591666667E+00  0.1274812883E+06
  0.2594444444E+00  0.1272470474E+06
  0.2597222222E+00  0.1270128050E+06
  0.2600000000E+00  0.1267785636E+06
  0.2602777778E+00  0.1266116103E+06
  0.2605555556E+00  0.1264446584E+06
  0.2608333333E+00  0.1262777062E+06
  0.2611111111E+00  0.1261107542E+06
  0.2613888889E+00  0.1259438020E+06
  0.2616666667E+00  0.1257768501E+06
  0.2619444444E+00  0.1256098968E+06
  0.2622222222E+00  0.1254429446E+06
  0.2625000000E+00  0.1252759927E+06
  0.2627777778E+00  0.1251090404E+06
  0.2630555556E+00  0.1249420885E+06
  0.2633333333E+00  0.1247751363E+06
  0.2636111111E+00  0.1246081840E+06
  0.2638888889E+00  0.1244412311E+06
  0.2641666667E+00  0.1242742788E+06
  0.2644444444E+00  0.1241073269E+06
  0.2647222222E+00  0.1239403747E+06
  0.2650000000E+00  0.1237734233E+06
  0.2652777778E+00  0.1236541555E+06
  0.2655555556E+00  0.1235348886E+06
  0.2658333333E+00  0.1234156217E+06
  0.2661111111E+00  0.1232963542E+06
  0.2663888889E+00  0.1231770873E+06
  0.2666666667E+00  0.1230578194E+06
  0.2669444444E+00  0.1229385525E+06
  0.2672222222E+00  0.1228192860E+06
  0.2675000000E+00  0.1227000181E+06
  0.2677777778E+00  0.1225807513E+06
  0.2680555556E+00  0.1224614844E+06
  0.2683333333E+00  0.1223422169E+06
  0.2686111111E+00  0.1222229500E+06
  0.2688888889E+00  0.1221036820E+06
  0.2691666667E+00  0.1219844155E+06
  0.2694444444E+00  0.1218651486E+06
  0.2697222222E+00  0.1217458808E+06
  0.2700000000E+00  0.1216266139E+06
  0.2702777778E+00  0.1215365442E+06
  0.2705555556E+00  0.1214464744E+06
  0.2708333333E+00  0.1213564050E+06
  0.2711111111E+00  0.1212663363E+06
  0.2713888889E+00  0.1211762665E+06
  0.2716666667E+00  0.1210861968E+06
  0.2719444444E+00  0.1209961271E+06
  0.2722222222E+00  0.1209060574E+06
  0.2725000000E+00  0.1208159876E+06
  0.2727777778E+00  0.1207259179E+06
  0.2730555556E+00  0.1206358492E+06
  0.2733333333E+00  0.1205457793E+06
  0.2736111111E+00  0.1204557096E+06
  0.2738888889E+00  0.1203656399E+06
  0.2741666667E+00  0.1202755701E+06
  0.2744444444E+00  0.1201855004E+06
  0.2747222222E+00  0.1200954307E+06
  0.2750000000E+00  0.1200053620E+06
  0.2752777778E+00  0.1199279555E+06
  0.2755555556E+00  0.1198505499E+06
  0.2758333333E+00  0.1197731442E+06
  0.2761111111E+00  0.1196957385E+06
  0.2763888889E+00  0.1196183317E+06
  0.2766666667E+00  0.1195409263E+06
  0.2769444444E+00  0.1194635206E+06
  0.2772222222E+00  0.1193861139E+06
  0.2775000000E+00  0.1193087081E+06
  0.2777777778E+00  0.1192313024E+06
  0.2780555556E+00  0.1191538971E+06
  0.2783333333E+00  0.1190764904E+06
  0.2786111111E+00  0.1189990846E+06
  0.2788888889E+00  0.1189216789E+06
  0.2791666667E+00  0.1188442732E+06
  0.2794444444E+00  0.1187668668E+06
  0.2797222222E+00  0.1186894610E+06
  0.2800000000E+00  0.1186120553E+06
  0.2802777778E+00  0.1185334663E+06
  0.2805555556E+00  0.1184548770E+06
  0.2808333333E+00  0.1183762890E+06
  0.2811111111E+00  0.1182977000E+06
  0.2813888889E+00  0.1182191107E+06
  0.2816666667E+00  0.1181405216E+06
  0.2819444444E+00  0.1180619337E+06
  0.2822222222E+00  0.1179833443E+06
  0.2825000000E+00  0.1179047553E+06
  0.2827777778E+00  0.1178261664E+06
  0.2830555556E+00  0.1177475780E+06
  0.2833333333E+00  0.1176689889E+06
  0.2836111111E+00  0.1175904000E+06
  0.2838888889E+00  0.1175118106E+06
  0.2841666667E+00  0.1174332226E+06
  0.2844444444E+00  0.1173546333E+06
  0.2847222222E+00  0.1172760443E+06
  0.2850000000E+00  0.1171974553E+06
  0.2852777778E+00  0.1171069873E+06
  0.2855555556E+00  0.1170165197E+06
  0.2858333333E+00  0.1169260522E+06
  0.2861111111E+00  0.1168355841E+06
  0.2863888889E+00  0.1167451166E+06
  0.2866666667E+00  0.1166546490E+06
  0.2869444444E+00  0.1165641810E+06
  0.2872222222E+00  0.1164737134E+06
  0.2875000000E+00  0.1163832458E+06
  0.2877777778E+00  0.1162927778E+06
  0.2880555556E+00  0.1162023102E+06
  0.2883333333E+00  0.1161118423E+06
  0.2886111111E+00  0.1160213736E+06
  0.2888888889E+00  0.1159309060E+06
  0.2891666667E+00  0.1158404381E+06
  0.2894444444E+00  0.1157499706E+06
  0.2897222222E+00  0.1156595029E+06
  0.2900000000E+00  0.1155690350E+06
  0.2902777778E+00  0.1154592105E+06
  0.2905555556E+00  0.1153493847E+06
  0.2908333333E+00  0.1152395591E+06
  0.2911111111E+00  0.1151297344E+06
  0.2913888889E+00  0.1150199089E+06
  0.2916666667E+00  0.1149100841E+06
  0.2919444444E+00  0.1148002586E+06
  0.2922222222E+00  0.1146904339E+06
  0.2925000000E+00  0.1145806084E+06
  0.2927777778E+00  0.1144707835E+06
  0.2930555556E+00  0.1143609580E+06
  0.2933333333E+00  0.1142511323E+06
  0.2936111111E+00  0.1141413078E+06
  0.2938888889E+00  0.1140314820E+06
  0.2941666667E+00  0.1139216575E+06
  0.2944444444E+00  0.1138118318E+06
  0.2947222222E+00  0.1137020072E+06
  0.2950000000E+00  0.1135921814E+06
  0.2952777778E+00  0.1134589429E+06
  0.2955555556E+00  0.1133257033E+06
  0.2958333333E+00  0.1131924648E+06
  0.2961111111E+00  0.1130592250E+06
  0.2963888889E+00  0.1129259866E+06
  0.2966666667E+00  0.1127927478E+06
  0.2969444444E+00  0.1126595084E+06
  0.2972222222E+00  0.1125262697E+06
  0.2975000000E+00  0.1123930303E+06
  0.2977777778E+00  0.1122597915E+06
  0.2980555556E+00  0.1121265520E+06
  0.2983333333E+00  0.1119933132E+06
  0.2986111111E+00  0.1118600748E+06
  0.2988888889E+00  0.1117268354E+06
  0.2991666667E+00  0.1115935967E+06
  0.2994444444E+00  0.1114603572E+06
  0.2997222222E+00  0.1113271184E+06
  0.3000000000E+00  0.1111938790E+06
  0.3002777778E+00  0.1110361569E+06
  0.3005555556E+00  0.1108784352E+06
  0.3008333333E+00  0.1107207134E+06
  0.3011111111E+00  0.1105629917E+06
  0.3013888889E+00  0.1104052697E+06
  0.3016666667E+00  0.1102475478E+06
  0.3019444444E+00  0.1100898261E+06
  0.3022222222E+00  0.1099321040E+06
  0.3025000000E+00  0.1097743823E+06
  0.3027777778E+00  0.1096166605E+06
  0.3030555556E+00  0.1094589387E+06
  0.3033333333E+00  0.1093012167E+06
  0.3036111111E+00  0.1091434950E+06
  0.3038888889E+00  0.1089857731E+06
  0.3041666667E+00  0.1088280514E+06
  0.3044444444E+00  0.1086703294E+06
  0.3047222222E+00  0.1085126076E+06
  0.3050000000E+00  0.1083548859E+06
  0.3052777778E+00  0.1081743653E+06
  0.3055555556E+00  0.1079938450E+06
  0.3058333333E+00  0.1078133246E+06
  0.3061111111E+00  0.1076328040E+06
  0.3063888889E+00  0.1074522837E+06
  0.3066666667E+00  0.1072717632E+06
  0.3069444444E+00  0.1070912429E+06
  0.3072222222E+00  0.1069107225E+06
  0.3075000000E+00  0.1067302022E+06
  0.3077777778E+00  0.1065496816E+06
  0.3080555556E+00  0.1063691611E+06
  0.3083333333E+00  0.1061886398E+06
  0.3086111111E+00  0.1060081193E+06
  0.3088888889E+00  0.1058275991E+06
  0.3091666667E+00  0.1056470785E+06
  0.3094444444E+00  0.1054665579E+06
  0.3097222222E+00  0.1052860378E+06
  0.3100000000E+00  0.1051055172E+06
  0.3102777778E+00  0.1049061548E+06
  0.3105555556E+00  0.1047067923E+06
  0.3108333333E+00  0.1045074296E+06
  0.3111111111E+00  0.1043080671E+06
  0.3113888889E+00  0.1041087047E+06
  0.3116666667E+00  0.1039093419E+06
  0.3119444444E+00  0.1037099795E+06
  0.3122222222E+00  0.1035106170E+06
  0.3125000000E+00  0.1033112543E+06
  0.3127777778E+00  0.1031118918E+06
  0.3130555556E+00  0.1029125295E+06
  0.3133333333E+00  0.1027131657E+06
  0.3136111111E+00  0.1025138033E+06
  0.3138888889E+00  0.1023144408E+06
  0.3141666667E+00  0.1021150780E+06
  0.3144444444E+00  0.1019157156E+06
  0.3147222222E+00  0.1017163532E+06
  0.3150000000E+00  0.1015169904E+06
  0.3152777778E+00  0.1013045220E+06
  0.3155555556E+00  0.1010920532E+06
  0.3158333333E+00  0.1008795845E+06
  0.3161111111E+00  0.1006671158E+06
  0.3163888889E+00  0.1004546469E+06
  0.3166666667E+00  0.1002421782E+06
  0.3169444444E+00  0.1000297094E+06
  0.3172222222E+00  0.9981724068E+05
  0.3175000000E+00  0.9960477197E+05
  0.3177777778E+00  0.9939230315E+05
  0.3180555556E+00  0.9917983443E+05
  0.3183333333E+00  0.9896736572E+05
  0.3186111111E+00  0.9875489690E+05
  0.3188888889E+00  0.9854242752E+05
  0.3191666667E+00  0.9832995880E+05
  0.3194444444E+00  0.9811748998E+05
  0.3197222222E+00  0.9790502127E+05
  0.3200000000E+00  0.9769255255E+05
  0.3202777778E+00  0.9747378010E+05
  0.3205555556E+00  0.9725500631E+05
  0.3208333333E+00  0.9703623284E+05
  0.3211111111E+00  0.9681745939E+05
  0.3213888889E+00  0.9659868570E+05
  0.3216666667E+00  0.9637991325E+05
  0.3219444444E+00  0.9616113979E+05
  0.3222222222E+00  0.9594236633E+05
  0.3225000000E+00  0.9572359265E+05
  0.3227777778E+00  0.9550481919E+05
  0.3230555556E+00  0.9528604674E+05
  0.3233333333E+00  0.9506727328E+05
  0.3236111111E+00  0.9484849959E+05
  0.3238888889E+00  0.9462972614E+05
  0.3241666667E+00  0.9441095268E+05
  0.3244444444E+00  0.9419217989E+05
  0.3247222222E+00  0.9397340643E+05
  0.3250000000E+00  0.9375463307E+05
  0.3252777778E+00  0.9353709075E+05
  0.3255555556E+00  0.9331954942E+05
  0.3258333333E+00  0.9310200821E+05
  0.3261111111E+00  0.9288446587E+05
  0.3263888889E+00  0.9266692466E+05
  0.3266666667E+00  0.9244938233E+05
  0.3269444444E+00  0.9223184100E+05
  0.3272222222E+00  0.9201429878E+05
  0.3275000000E+00  0.9179675746E+05
  0.3277777778E+00  0.9157921512E+05
  0.3280555556E+00  0.9136167391E+05
  0.3283333333E+00  0.9114413158E+05
  0.3286111111E+00  0.9092659035E+05
  0.3288888889E+00  0.9070904836E+05
  0.3291666667E+00  0.9049150704E+05
  0.3294444444E+00  0.9027396481E+05
  0.3297222222E+00  0.9005642349E+05
  0.3300000000E+00  0.8983888116E+05
  0.3302777778E+00  0.8963003487E+05
  0.3305555556E+00  0.8942118780E+05
  0.3308333333E+00  0.8921234041E+05
  0.3311111111E+00  0.8900349401E+05
  0.3313888889E+00  0.8879464694E+05
  0.3316666667E+00  0.8858579967E+05
  0.3319444444E+00  0.8837695360E+05
  0.3322222222E+00  0.8816810620E+05
  0.3325000000E+00  0.8795925879E+05
  0.3327777778E+00  0.8775041274E+05
  0.3330555556E+00  0.8754156545E+05
  0.3333333333E+00  0.8733271938E+05
  0.3336111111E+00  0.8712387199E+05
  0.3338888889E+00  0.8691502459E+05
  0.3341666667E+00  0.8670617852E+05
  0.3344444444E+00  0.8649733125E+05
  0.3347222222E+00  0.8628848418E+05
  0.3350000000E+00  0.8607963778E+05
  0.3352777778E+00  0.8588661411E+05
  0.3355555556E+00  0.8569359088E+05
  0.3358333333E+00  0.8550056755E+05
  0.3361111111E+00  0.8530754399E+05
  0.3363888889E+00  0.8511452066E+05
  0.3366666667E+00  0.8492149710E+05
  0.3369444444E+00  0.8472847477E+05
  0.3372222222E+00  0.8453545110E+05
  0.3375000000E+00  0.8434242788E+05
  0.3377777778E+00  0.8414940421E+05
  0.3380555556E+00  0.8395638098E+05
  0.3383333333E+00  0.8376335731E+05
  0.3386111111E+00  0.8357033409E+05
  0.3388888889E+00  0.8337731142E+05
  0.3391666667E+00  0.8318428809E+05
  0.3394444444E+00  0.8299126453E+05
  0.3397222222E+00  0.8279824119E+05
  0.3400000000E+00  0.8260521763E+05
  0.3402777778E+00  0.8243428772E+05
  0.3405555556E+00  0.8226335658E+05
  0.3408333333E+00  0.8209242666E+05
  0.3411111111E+00  0.8192149541E+05
  0.3413888889E+00  0.8175056527E+05
  0.3416666667E+00  0.8157963435E+05
  0.3419444444E+00  0.8140870421E+05
  0.3422222222E+00  0.8123777396E+05
  0.3425000000E+00  0.8106684304E+05
  0.3427777778E+00  0.8089591290E+05
  0.3430555556E+00  0.8072498165E+05
  0.3433333333E+00  0.8055405184E+05
  0.3436111111E+00  0.8038312059E+05
  0.3438888889E+00  0.8021219034E+05
  0.3441666667E+00  0.8004125953E+05
  0.3444444444E+00  0.7987032927E+05
  0.3447222222E+00  0.7969939947E+05
  0.3450000000E+00  0.7952846822E+05
  0.3452777778E+00  0.7938474620E+05
  0.3455555556E+00  0.7924102528E+05
  0.3458333333E+00  0.7909730326E+05
  0.3461111111E+00  0.7895358123E+05
  0.3463888889E+00  0.7880985931E+05
  0.3466666667E+00  0.7866613730E+05
  0.3469444444E+00  0.7852241504E+05
  0.3472222222E+00  0.7837869402E+05
  0.3475000000E+00  0.7823497199E+05
  0.3477777778E+00  0.7809125007E+05
  0.3480555556E+00  0.7794752805E+05
  0.3483333333E+00  0.7780380614E+05
  0.3486111111E+00  0.7766008412E+05
  0.3488888889E+00  0.7751636309E+05
  0.3491666667E+00  0.7737264117E+05
  0.3494444444E+00  0.7722891915E+05
  0.3497222222E+00  0.7708519712E+05
  0.3500000000E+00  0.7694147522E+05
  0.3502777778E+00  0.7682868049E+05
  0.3505555556E+00  0.7671588622E+05
  0.3508333333E+00  0.7660309061E+05
  0.3511111111E+00  0.7649029589E+05
  0.3513888889E+00  0.7637750062E+05
  0.3516666667E+00  0.7626470590E+05
  0.3519444444E+00  0.7615191129E+05
  0.3522222222E+00  0.7603911602E+05
  0.3525000000E+00  0.7592632130E+05
  0.3527777778E+00  0.7581352669E+05
  0.3530555556E+00  0.7570073130E+05
  0.3533333333E+00  0.7558793670E+05
  0.3536111111E+00  0.7547514209E+05
  0.3538888889E+00  0.7536234637E+05
  0.3541666667E+00  0.7524955209E+05
  0.3544444444E+00  0.7513675637E+05
  0.3547222222E+00  0.7502396177E+05
  0.3550000000E+00  0.7491116749E+05
  0.3552777778E+00  0.7483148512E+05
  0.3555555556E+00  0.7475180409E+05
  0.3558333333E+00  0.7467212205E+05
  0.3561111111E+00  0.7459244103E+05
  0.3563888889E+00  0.7451275865E+05
  0.3566666667E+00  0.7443307763E+05
  0.3569444444E+00  0.7435339559E+05
  0.3572222222E+00  0.7427371423E+05
  0.3575000000E+00  0.7419403219E+05
  0.3577777778E+00  0.7411435115E+05
  0.3580555556E+00  0.7403466879E+05
  0.3583333333E+00  0.7395498775E+05
  0.3586111111E+00  0.7387530572E+05
  0.3588888889E+00  0.7379562435E+05
  0.3591666667E+00  0.7371594232E+05
  0.3594444444E+00  0.7363626128E+05
  0.3597222222E+00  0.7355657892E+05
  0.3600000000E+00  0.7347689788E+05
  0.3602777778E+00  0.7343091934E+05
  0.3605555556E+00  0.7338494190E+05
  0.3608333333E+00  0.7333896336E+05
  0.3611111111E+00  0.7329298582E+05
  0.3613888889E+00  0.7324700739E+05
  0.3616666667E+00  0.7320102984E+05
  0.3619444444E+00  0.7315505229E+05
  0.3622222222E+00  0.7310907386E+05
  0.3625000000E+00  0.7306309631E+05
  0.3627777778E+00  0.7301711743E+05
  0.3630555556E+00  0.7297113989E+05
  0.3633333333E+00  0.7292516145E+05
  0.3636111111E+00  0.7287918391E+05
  0.3638888889E+00  0.7283320536E+05
  0.3641666667E+00  0.7278722793E+05
  0.3644444444E+00  0.7274124938E+05
  0.3647222222E+00  0.7269527184E+05
  0.3650000000E+00  0.7264929340E+05
  0.3652777778E+00  0.7263607118E+05
  0.3655555556E+00  0.7262284897E+05
  0.3658333333E+00  0.7260962674E+05
  0.3661111111E+00  0.7259640464E+05
  0.3663888889E+00  0.7258318275E+05
  0.3666666667E+00  0.7256996054E+05
  0.3669444444E+00  0.7255673832E+05
  0.3672222222E+00  0.7254351622E+05
  0.3675000000E+00  0.7253029400E+05
  0.3677777778E+00  0.7251707178E+05
  0.3680555556E+00  0.7250384956E+05
  0.3683333333E+00  0.7249062635E+05
  0.3686111111E+00  0.7247740457E+05
  0.3688888889E+00  0.7246418236E+05
  0.3691666667E+00  0.7245096013E+05
  0.3694444444E+00  0.7243773792E+05
  0.3697222222E+00  0.7242451581E+05
  0.3700000000E+00  0.7241129360E+05
  0.3702777778E+00  0.7242840966E+05
  0.3705555556E+00  0.7244552573E+05
  0.3708333333E+00  0.7246264191E+05
  0.3711111111E+00  0.7247975898E+05
  0.3713888889E+00  0.7249687471E+05
  0.3716666667E+00  0.7251399079E+05
  0.3719444444E+00  0.7253110696E+05
  0.3722222222E+00  0.7254822303E+05
  0.3725000000E+00  0.7256533910E+05
  0.3727777778E+00  0.7258245529E+05
  0.3730555556E+00  0.7259957101E+05
  0.3733333333E+00  0.7261668709E+05
  0.3736111111E+00  0.7263380416E+05
  0.3738888889E+00  0.7265092033E+05
  0.3741666667E+00  0.7266803640E+05
  0.3744444444E+00  0.7268515247E+05
  0.3747222222E+00  0.7270226831E+05
  0.3750000000E+00  0.7271938438E+05
  0.3752777778E+00  0.7276320098E+05
  0.3755555556E+00  0.7280701657E+05
  0.3758333333E+00  0.7285083315E+05
  0.3761111111E+00  0.7289464975E+05
  0.3763888889E+00  0.7293846534E+05
  0.3766666667E+00  0.7298228193E+05
  0.3769444444E+00  0.7302609752E+05
  0.3772222222E+00  0.7306991412E+05
  0.3775000000E+00  0.7311373070E+05
  0.3777777778E+00  0.7315754629E+05
  0.3780555556E+00  0.7320136289E+05
  0.3783333333E+00  0.7324517848E+05
  0.3786111111E+00  0.7328899506E+05
  0.3788888889E+00  0.7333281166E+05
  0.3791666667E+00  0.7337662681E+05
  0.3794444444E+00  0.7342044339E+05
  0.3797222222E+00  0.7346425899E+05
  0.3800000000E+00  0.7350807558E+05
  0.3802777778E+00  0.7357385278E+05
  0.3805555556E+00  0.7363962965E+05
  0.3808333333E+00  0.7370540652E+05
  0.3811111111E+00  0.7377118372E+05
  0.3813888889E+00  0.7383696047E+05
  0.3816666667E+00  0.7390273768E+05
  0.3819444444E+00  0.7396851355E+05
  0.3822222222E+00  0.7403429042E+05
  0.3825000000E+00  0.7410006762E+05
  0.3827777778E+00  0.7416584438E+05
  0.3830555556E+00  0.7423162158E+05
  0.3833333333E+00  0.7429739845E+05
  0.3836111111E+00  0.7436317532E+05
  0.3838888889E+00  0.7442895253E+05
  0.3841666667E+00  0.7449472929E+05
  0.3844444444E+00  0.7456050648E+05
  0.3847222222E+00  0.7462628335E+05
  0.3850000000E+00  0.7469205922E+05
  0.3852777778E+00  0.7477439805E+05
  0.3855555556E+00  0.7485673576E+05
  0.3858333333E+00  0.7493907358E+05
  0.3861111111E+00  0.7502141240E+05
  0.3863888889E+00  0.7510375022E+05
  0.3866666667E+00  0.7518608805E+05
  0.3869444444E+00  0.7526842654E+05
  0.3872222222E+00  0.7535076424E+05
  0.3875000000E+00  0.7543310207E+05
  0.3877777778E+00  0.7551544089E+05
  0.3880555556E+00  0.7559777872E+05
  0.3883333333E+00  0.7568011653E+05
  0.3886111111E+00  0.7576245436E+05
  0.3888888889E+00  0.7584479285E+05
  0.3891666667E+00  0.7592713056E+05
  0.3894444444E+00  0.7600946838E+05
  0.3897222222E+00  0.7609180720E+05
  0.3900000000E+00  0.7617414502E+05
  0.3902777778E+00  0.7626705393E+05
  0.3905555556E+00  0.7635996249E+05
  0.3908333333E+00  0.7645287140E+05
  0.3911111111E+00  0.7654577931E+05
  0.3913888889E+00  0.7663868788E+05
  0.3916666667E+00  0.7673159678E+05
  0.3919444444E+00  0.7682450569E+05
  0.3922222222E+00  0.7691741426E+05
  0.3925000000E+00  0.7701032317E+05
  0.3927777778E+00  0.7710323206E+05
  0.3930555556E+00  0.7719614064E+05
  0.3933333333E+00  0.7728904854E+05
  0.3936111111E+00  0.7738195745E+05
  0.3938888889E+00  0.7747486601E+05
  0.3941666667E+00  0.7756777492E+05
  0.3944444444E+00  0.7766068383E+05
  0.3947222222E+00  0.7775359273E+05
  0.3950000000E+00  0.7784650130E+05
  0.3952777778E+00  0.7794391769E+05
  0.3955555556E+00  0.7804133429E+05
  0.3958333333E+00  0.7813875067E+05
  0.3961111111E+00  0.7823616706E+05
  0.3963888889E+00  0.7833358332E+05
  0.3966666667E+00  0.7843100003E+05
  0.3969444444E+00  0.7852841641E+05
  0.3972222222E+00  0.7862583380E+05
  0.3975000000E+00  0.7872325007E+05
  0.3977777778E+00  0.7882066678E+05
  0.3980555556E+00  0.7891808316E+05
  0.3983333333E+00  0.7901549955E+05
  0.3986111111E+00  0.7911291581E+05
  0.3988888889E+00  0.7921033253E+05
  0.3991666667E+00  0.7930774891E+05
  0.3994444444E+00  0.7940516529E+05
  0.3997222222E+00  0.7950258256E+05
  0.4000000000E+00  0.7959999927E+05
  0.4002777778E+00  0.7969593547E+05
  0.4005555556E+00  0.7979187166E+05
  0.4008333333E+00  0.7988780896E+05
  0.4011111111E+00  0.7998374548E+05
  0.4013888889E+00  0.8007968169E+05
  0.4016666667E+00  0.8017561887E+05
  0.4019444444E+00  0.8027155517E+05
  0.4022222222E+00  0.8036749271E+05
  0.4025000000E+00  0.8046342889E+05
  0.4027777778E+00  0.8055936509E+05
  0.4030555556E+00  0.8065530227E+05
  0.4033333333E+00  0.8075123892E+05
  0.4036111111E+00  0.8084717511E+05
  0.4038888889E+00  0.8094311229E+05
  0.4041666667E+00  0.8103904849E+05
  0.4044444444E+00  0.8113498513E+05
  0.4047222222E+00  0.8123092232E+05
  0.4050000000E+00  0.8132685851E+05
  0.4052777778E+00  0.8141575542E+05
  0.4055555556E+00  0.8150465299E+05
  0.4058333333E+00  0.8159355000E+05
  0.4061111111E+00  0.8168244658E+05
  0.4063888889E+00  0.8177134315E+05
  0.4066666667E+00  0.8186024106E+05
  0.4069444444E+00  0.8194913774E+05
  0.4072222222E+00  0.8203803464E+05
  0.4075000000E+00  0.8212693122E+05
  0.4077777778E+00  0.8221582824E+05
  0.4080555556E+00  0.8230472581E+05
  0.4083333333E+00  0.8239362238E+05
  0.4086111111E+00  0.8248251928E+05
  0.4088888889E+00  0.8257141597E+05
  0.4091666667E+00  0.8266031388E+05
  0.4094444444E+00  0.8274921045E+05
  0.4097222222E+00  0.8283810736E+05
  0.4100000000E+00  0.8292700404E+05
  0.4102777778E+00  0.8300395580E+05
  0.4105555556E+00  0.8308090621E+05
  0.4108333333E+00  0.8315785796E+05
  0.4111111111E+00  0.8323480971E+05
  0.4113888889E+00  0.8331176024E+05
  0.4116666667E+00  0.8338871200E+05
  0.4119444444E+00  0.8346566341E+05
  0.4122222222E+00  0.8354261416E+05
  0.4125000000E+00  0.8361956591E+05
  0.4127777778E+00  0.8369651744E+05
  0.4130555556E+00  0.8377346820E+05
  0.4133333333E+00  0.8385041962E+05
  0.4136111111E+00  0.8392737137E+05
  0.4138888889E+00  0.8400432223E+05
  0.4141666667E+00  0.8408127365E+05
  0.4144444444E+00  0.8415822540E+05
  0.4147222222E+00  0.8423517615E+05
  0.4150000000E+00  0.8431212757E+05
  0.4152777778E+00  0.8437305572E+05
  0.4155555556E+00  0.8443398441E+05
  0.4158333333E+00  0.8449491323E+05
  0.4161111111E+00  0.8455584093E+05
  0.4163888889E+00  0.8461677008E+05
  0.4166666667E+00  0.8467769789E+05
  0.4169444444E+00  0.8473862658E+05
  0.4172222222E+00  0.8479955540E+05
  0.4175000000E+00  0.8486048343E+05
  0.4177777778E+00  0.8492141225E+05
  0.4180555556E+00  0.8498233995E+05
  0.4183333333E+00  0.8504326910E+05
  0.4186111111E+00  0.8510419679E+05
  0.4188888889E+00  0.8516512561E+05
  0.4191666667E+00  0.8522605431E+05
  0.4194444444E+00  0.8528698246E+05
  0.4197222222E+00  0.8534791115E+05
  0.4200000000E+00  0.8540883897E+05
  0.4202777778E+00  0.8545069327E+05
  0.4205555556E+00  0.8549254670E+05
  0.4208333333E+00  0.8553439968E+05
  0.4211111111E+00  0.8557625309E+05
  0.4213888889E+00  0.8561810641E+05
  0.4216666667E+00  0.8565995950E+05
  0.4219444444E+00  0.8570181282E+05
  0.4222222222E+00  0.8574366623E+05
  0.4225000000E+00  0.8578551921E+05
  0.4227777778E+00  0.8582737264E+05
  0.4230555556E+00  0.8586922594E+05
  0.4233333333E+00  0.8591108003E+05
  0.4236111111E+00  0.8595293335E+05
  0.4238888889E+00  0.8599478676E+05
  0.4241666667E+00  0.8603664007E+05
  0.4244444444E+00  0.8607849317E+05
  0.4247222222E+00  0.8612034648E+05
  0.4250000000E+00  0.8616219990E+05
  0.4252777778E+00  0.8618302050E+05
  0.4255555556E+00  0.8620384010E+05
  0.4258333333E+00  0.8622466069E+05
  0.4261111111E+00  0.8624548128E+05
  0.4263888889E+00  0.8626630123E+05
  0.4266666667E+00  0.8628712171E+05
  0.4269444444E+00  0.8630794130E+05
  0.4272222222E+00  0.8632876191E+05
  0.4275000000E+00  0.8634958250E+05
  0.4277777778E+00  0.8637040243E+05
  0.4280555556E+00  0.8639122304E+05
  0.4283333333E+00  0.8641204363E+05
  0.4286111111E+00  0.8643286322E+05
  0.4288888889E+00  0.8645368382E+05
  0.4291666667E+00  0.8647450476E+05
  0.4294444444E+00  0.8649532435E+05
  0.4297222222E+00  0.8651614494E+05
  0.4300000000E+00  0.8653696455E+05
  0.4302777778E+00  0.8653593248E+05
  0.4305555556E+00  0.8653490042E+05
  0.4308333333E+00  0.8653386835E+05
  0.4311111111E+00  0.8653283540E+05
  0.4313888889E+00  0.8653180334E+05
  0.4316666667E+00  0.8653077127E+05
  0.4319444444E+00  0.8652973887E+05
  0.4322222222E+00  0.8652870581E+05
  0.4325000000E+00  0.8652767374E+05
  0.4327777778E+00  0.8652664180E+05
  0.4330555556E+00  0.8652560972E+05
  0.4333333333E+00  0.8652457666E+05
  0.4336111111E+00  0.8652354460E+05
  0.4338888889E+00  0.8652251253E+05
  0.4341666667E+00  0.8652148014E+05
  0.4344444444E+00  0.8652044718E+05
  0.4347222222E+00  0.8651941512E+05
  0.4350000000E+00  0.8651838306E+05
  0.4352777778E+00  0.8649579530E+05
  0.4355555556E+00  0.8647320890E+05
  0.4358333333E+00  0.8645062104E+05
  0.4361111111E+00  0.8642803363E+05
  0.4363888889E+00  0.8640544588E+05
  0.4366666667E+00  0.8638285914E+05
  0.4369444444E+00  0.8636027172E+05
  0.4372222222E+00  0.8633768398E+05
  0.4375000000E+00  0.8631509745E+05
  0.4377777778E+00  0.8629250971E+05
  0.4380555556E+00  0.8626992197E+05
  0.4383333333E+00  0.8624733554E+05
  0.4386111111E+00  0.8622474780E+05
  0.4388888889E+00  0.8620216040E+05
  0.4391666667E+00  0.8617957253E+05
  0.4394444444E+00  0.8615698579E+05
  0.4397222222E+00  0.8613439838E+05
  0.4400000000E+00  0.8611181063E+05
  0.4402777778E+00  0.8606903412E+05
  0.4405555556E+00  0.8602625628E+05
  0.4408333333E+00  0.8598347888E+05
  0.4411111111E+00  0.8594070137E+05
  0.4413888889E+00  0.8589792353E+05
  0.4416666667E+00  0.8585514602E+05
  0.4419444444E+00  0.8581236852E+05
  0.4422222222E+00  0.8576959166E+05
  0.4425000000E+00  0.8572681426E+05
  0.4427777778E+00  0.8568403676E+05
  0.4430555556E+00  0.8564125891E+05
  0.4433333333E+00  0.8559848141E+05
  0.4436111111E+00  0.8555570356E+05
  0.4438888889E+00  0.8551292606E+05
  0.4441666667E+00  0.8547014866E+05
  0.4444444444E+00  0.8542737182E+05
  0.4447222222E+00  0.8538459430E+05
  0.4450000000E+00  0.8534181679E+05
  0.4452777778E+00  0.8528108932E+05
  0.4455555556E+00  0.8522036284E+05
  0.4458333333E+00  0.8515963571E+05
  0.4461111111E+00  0.8509890823E+05
  0.4463888889E+00  0.8503818177E+05
  0.4466666667E+00  0.8497745462E+05
  0.4469444444E+00  0.8491672715E+05
  0.4472222222E+00  0.8485600067E+05
  0.4475000000E+00  0.8479527365E+05
  0.4477777778E+00  0.8473454718E+05
  0.4480555556E+00  0.8467381970E+05
  0.4483333333E+00  0.8461309257E+05
  0.4486111111E+00  0.8455236609E+05
  0.4488888889E+00  0.8449163862E+05
  0.4491666667E+00  0.8443091148E+05
  0.4494444444E+00  0.8437018501E+05
  0.4497222222E+00  0.8430945753E+05
  0.4500000000E+00  0.8424873007E+05
  0.4502777778E+00  0.8417307402E+05
  0.4505555556E+00  0.8409741765E+05
  0.4508333333E+00  0.8402176140E+05
  0.4511111111E+00  0.8394610402E+05
  0.4513888889E+00  0.8387044798E+05
  0.4516666667E+00  0.8379479161E+05
  0.4519444444E+00  0.8371913435E+05
  0.4522222222E+00  0.8364347798E+05
  0.4525000000E+00  0.8356782194E+05
  0.4527777778E+00  0.8349216457E+05
  0.4530555556E+00  0.8341650831E+05
  0.4533333333E+00  0.8334085194E+05
  0.4536111111E+00  0.8326519556E+05
  0.4538888889E+00  0.8318953853E+05
  0.4541666667E+00  0.8311388227E+05
  0.4544444444E+00  0.8303822589E+05
  0.4547222222E+00  0.8296256852E+05
  0.4550000000E+00  0.8288691249E+05
  0.4552777778E+00  0.8279992407E+05
  0.4555555556E+00  0.8271293599E+05
  0.4558333333E+00  0.8262594758E+05
  0.4561111111E+00  0.8253895949E+05
  0.4563888889E+00  0.8245197107E+05
  0.4566666667E+00  0.8236498200E+05
  0.4569444444E+00  0.8227799358E+05
  0.4572222222E+00  0.8219100550E+05
  0.4575000000E+00  0.8210401731E+05
  0.4577777778E+00  0.8201702889E+05
  0.4580555556E+00  0.8193004081E+05
  0.4583333333E+00  0.8184305240E+05
  0.4586111111E+00  0.8175606431E+05
  0.4588888889E+00  0.8166907590E+05
  0.4591666667E+00  0.8158208781E+05
  0.4594444444E+00  0.8149509840E+05
  0.4597222222E+00  0.8140811031E+05
  0.4600000000E+00  0.8132112212E+05
  0.4602777778E+00  0.8122673997E+05
  0.4605555556E+00  0.8113235669E+05
  0.4608333333E+00  0.8103797342E+05
  0.4611111111E+00  0.8094359026E+05
  0.4613888889E+00  0.8084920799E+05
  0.4616666667E+00  0.8075482506E+05
  0.4619444444E+00  0.8066044178E+05
  0.4622222222E+00  0.8056605862E+05
  0.4625000000E+00  0.8047167636E+05
  0.4627777778E+00  0.8037729308E+05
  0.4630555556E+00  0.8028290981E+05
  0.4633333333E+00  0.8018852698E+05
  0.4636111111E+00  0.8009414471E+05
  0.4638888889E+00  0.7999976143E+05
  0.4641666667E+00  0.7990537828E+05
  0.4644444444E+00  0.7981099502E+05
  0.4647222222E+00  0.7971661274E+05
  0.4650000000E+00  0.7962222980E+05
  0.4652777778E+00  0.7952452066E+05
  0.4655555556E+00  0.7942681101E+05
  0.4658333333E+00  0.7932910190E+05
  0.4661111111E+00  0.7923139256E+05
  0.4663888889E+00  0.7913368355E+05
  0.4666666667E+00  0.7903597410E+05
  0.4669444444E+00  0.7893826508E+05
  0.4672222222E+00  0.7884055563E+05
  0.4675000000E+00  0.7874284629E+05
  0.4677777778E+00  0.7864513728E+05
  0.4680555556E+00  0.7854742772E+05
  0.4683333333E+00  0.7844971872E+05
  0.4686111111E+00  0.7835200938E+05
  0.4688888889E+00  0.7825430026E+05
  0.4691666667E+00  0.7815659092E+05
  0.4694444444E+00  0.7805888145E+05
  0.4697222222E+00  0.7796117245E+05
  0.4700000000E+00  0.7786346311E+05
  0.4702777778E+00  0.7776641732E+05
  0.4705555556E+00  0.7766937131E+05
  0.4708333333E+00  0.7757232518E+05
  0.4711111111E+00  0.7747527917E+05
  0.4713888889E+00  0.7737823305E+05
  0.4716666667E+00  0.7728118737E+05
  0.4719444444E+00  0.7718414134E+05
  0.4722222222E+00  0.7708709533E+05
  0.4725000000E+00  0.7699004921E+05
  0.4727777778E+00  0.7689300353E+05
  0.4730555556E+00  0.7679595740E+05
  0.4733333333E+00  0.7669891139E+05
  0.4736111111E+00  0.7660186537E+05
  0.4738888889E+00  0.7650481936E+05
  0.4741666667E+00  0.7640777357E+05
  0.4744444444E+00  0.7631072755E+05
  0.4747222222E+00  0.7621368143E+05
  0.4750000000E+00  0.7611663541E+05
  0.4752777778E+00  0.7602396817E+05
  0.4755555556E+00  0.7593130091E+05
  0.4758333333E+00  0.7583863366E+05
  0.4761111111E+00  0.7574596597E+05
  0.4763888889E+00  0.7565329872E+05
  0.4766666667E+00  0.7556063137E+05
  0.4769444444E+00  0.7546796388E+05
  0.4772222222E+00  0.7537529663E+05
  0.4775000000E+00  0.7528262928E+05
  0.4777777778E+00  0.7518996170E+05
  0.4780555556E+00  0.7509729433E+05
  0.4783333333E+00  0.7500462710E+05
  0.4786111111E+00  0.7491195983E+05
  0.4788888889E+00  0.7481929225E+05
  0.4791666667E+00  0.7472662500E+05
  0.4794444444E+00  0.7463395765E+05
  0.4797222222E+00  0.7454129006E+05
  0.4800000000E+00  0.7444862280E+05
  0.4802777778E+00  0.7436358108E+05
  0.4805555556E+00  0.7427853934E+05
  0.4808333333E+00  0.7419349761E+05
  0.4811111111E+00  0.7410845598E+05
  0.4813888889E+00  0.7402341425E+05
  0.4816666667E+00  0.7393837252E+05
  0.4819444444E+00  0.7385333079E+05
  0.4822222222E+00  0.7376828905E+05
  0.4825000000E+00  0.7368324742E+05
  0.4827777778E+00  0.7359820535E+05
  0.4830555556E+00  0.7351316351E+05
  0.4833333333E+00  0.7342812189E+05
  0.4836111111E+00  0.7334308016E+05
  0.4838888889E+00  0.7325803853E+05
  0.4841666667E+00  0.7317299680E+05
  0.4844444444E+00  0.7308795496E+05
  0.4847222222E+00  0.7300291334E+05
  0.4850000000E+00  0.7291787160E+05
  0.4852777778E+00  0.7284313118E+05
  0.4855555556E+00  0.7276839065E+05
  0.4858333333E+00  0.7269365022E+05
  0.4861111111E+00  0.7261890980E+05
  0.4863888889E+00  0.7254416960E+05
  0.4866666667E+00  0.7246942918E+05
  0.4869444444E+00  0.7239468876E+05
  0.4872222222E+00  0.7231994823E+05
  0.4875000000E+00  0.7224520781E+05
  0.4877777778E+00  0.7217046739E+05
  0.4880555556E+00  0.7209572697E+05
  0.4883333333E+00  0.7202098644E+05
  0.4886111111E+00  0.7194624602E+05
  0.4888888889E+00  0.7187150550E+05
  0.4891666667E+00  0.7179676531E+05
  0.4894444444E+00  0.7172202489E+05
  0.4897222222E+00  0.7164728447E+05
  0.4900000000E+00  0.7157254394E+05
  0.4902777778E+00  0.7151008721E+05
  0.4905555556E+00  0.7144763072E+05
  0.4908333333E+00  0.7138517432E+05
  0.4911111111E+00  0.7132271750E+05
  0.4913888889E+00  0.7126026110E+05
  0.4916666667E+00  0.7119780426E+05
  0.4919444444E+00  0.7113534787E+05
  0.4922222222E+00  0.7107289126E+05
  0.4925000000E+00  0.7101043454E+05
  0.4927777778E+00  0.7094797804E+05
  0.4930555556E+00  0.7088552132E+05
  0.4933333333E+00  0.7082306482E+05
  0.4936111111E+00  0.7076060810E+05
  0.4938888889E+00  0.7069815159E+05
  0.4941666667E+00  0.7063569510E+05
  0.4944444444E+00  0.7057323837E+05
  0.4947222222E+00  0.7051078188E+05
  0.4950000000E+00  0.7044832504E+05
