  0.1027777778E-01  0.2251352766E+08
  0.1055555556E-01  0.2248916515E+08
  0.1083333333E-01  0.2246480263E+08
  0.1111111111E-01  0.2244044000E+08
  0.1138888889E-01  0.2241607792E+08
  0.1166666667E-01  0.2239171540E+08
  0.1194444444E-01  0.2236735287E+08
  0.1222222222E-01  0.2234299036E+08
  0.1250000000E-01  0.2231862783E+08
  0.1277777778E-01  0.2229426530E+08
  0.1305555556E-01  0.2226990289E+08
  0.1333333333E-01  0.2224554038E+08
  0.1361111111E-01  0.2222117809E+08
  0.1388888889E-01  0.2219681556E+08
  0.1416666667E-01  0.2217245315E+08
  0.1444444444E-01  0.2214809062E+08
  0.1472222222E-01  0.2212372810E+08
  0.1500000000E-01  0.2209936559E+08
  0.1527777778E-01  0.2206601352E+08
  0.1555555556E-01  0.2203266137E+08
  0.1583333333E-01  0.2199930942E+08
  0.1611111111E-01  0.2196595725E+08
  0.1638888889E-01  0.2193260519E+08
  0.1666666667E-01  0.2189925302E+08
  0.1694444444E-01  0.2186590107E+08
  0.1722222222E-01  0.2183254891E+08
  0.1750000000E-01  0.2179919684E+08
  0.1777777778E-01  0.2176584479E+08
  0.1805555556E-01  0.2173249274E+08
  0.1833333333E-01  0.2169914057E+08
  0.1861111111E-01  0.2166578828E+08
  0.1888888889E-01  0.2163243612E+08
  0.1916666667E-01  0.2159908406E+08
  0.1944444444E-01  0.2156573201E+08
  0.1972222222E-01  0.2153237994E+08
  0.2000000000E-01  0.2149902778E+08
  0.2027777778E-01  0.2145739312E+08
  0.2055555556E-01  0.2141575811E+08
  0.2083333333E-01  0.2137412345E+08
  0.2111111111E-01  0.2133248844E+08
  0.2138888889E-01  0.2129085378E+08
  0.2166666667E-01  0.2124921911E+08
  0.2194444444E-01  0.2120758411E+08
  0.2222222222E-01  0.2116594944E+08
  0.2250000000E-01  0.2112431444E+08
  0.2277777778E-01  0.2108267978E+08
  0.2305555556E-01  0.2104104501E+08
  0.2333333333E-01  0.2099941001E+08
  0.2361111111E-01  0.2095777534E+08
  0.2388888889E-01  0.2091614034E+08
  0.2416666667E-01  0.2087450568E+08
  0.2444444444E-01  0.2083287101E+08
  0.2472222222E-01  0.2079123600E+08
  0.2500000000E-01  0.2074960134E+08
  0.2527777778E-01  0.2070056518E+08
  0.2555555556E-01  0.2065152935E+08
  0.2583333333E-01  0.2060249320E+08
  0.2611111111E-01  0.2055345704E+08
  0.2638888889E-01  0.2050442110E+08
  0.2666666667E-01  0.2045538494E+08
  0.2694444444E-01  0.2040634912E+08
  0.2722222222E-01  0.2035731296E+08
  0.2750000000E-01  0.2030827714E+08
  0.2777777778E-01  0.2025924087E+08
  0.2805555556E-01  0.2021020471E+08
  0.2833333333E-01  0.2016116889E+08
  0.2861111111E-01  0.2011213273E+08
  0.2888888889E-01  0.2006309691E+08
  0.2916666667E-01  0.2001406075E+08
  0.2944444444E-01  0.1996502492E+08
  0.2972222222E-01  0.1991598877E+08
  0.3000000000E-01  0.1986695260E+08
  0.3027777778E-01  0.1981153932E+08
  0.3055555556E-01  0.1975612570E+08
  0.3083333333E-01  0.1970071219E+08
  0.3111111111E-01  0.1964529856E+08
  0.3138888889E-01  0.1958988495E+08
  0.3166666667E-01  0.1953447134E+08
  0.3194444444E-01  0.1947905771E+08
  0.3222222222E-01  0.1942364410E+08
  0.3250000000E-01  0.1936823048E+08
  0.3277777778E-01  0.1931281696E+08
  0.3305555556E-01  0.1925740323E+08
  0.3333333333E-01  0.1920198995E+08
  0.3361111111E-01  0.1914657633E+08
  0.3388888889E-01  0.1909116271E+08
  0.3416666667E-01  0.1903574910E+08
  0.3444444444E-01  0.1898033547E+08
  0.3472222222E-01  0.1892492195E+08
  0.3500000000E-01  0.1886950834E+08
  0.3527777778E-01  0.1880882513E+08
  0.3555555556E-01  0.1874814191E+08
  0.3583333333E-01  0.1868745869E+08
  0.3611111111E-01  0.1862677547E+08
  0.3638888889E-01  0.1856609225E+08
  0.3666666667E-01  0.1850540937E+08
  0.3694444444E-01  0.1844472604E+08
  0.3722222222E-01  0.1838404293E+08
  0.3750000000E-01  0.1832335971E+08
  0.3777777778E-01  0.1826267639E+08
  0.3805555556E-01  0.1820199328E+08
  0.3833333333E-01  0.1814130995E+08
  0.3861111111E-01  0.1808062674E+08
  0.3888888889E-01  0.1801994351E+08
  0.3916666667E-01  0.1795926030E+08
  0.3944444444E-01  0.1789857718E+08
  0.3972222222E-01  0.1783789386E+08
  0.4000000000E-01  0.1777721064E+08
  0.4027777778E-01  0.1771244674E+08
  0.4055555556E-01  0.1764768304E+08
  0.4083333333E-01  0.1758291880E+08
  0.4111111111E-01  0.1751815501E+08
  0.4138888889E-01  0.1745339077E+08
  0.4166666667E-01  0.1738862708E+08
  0.4194444444E-01  0.1732386283E+08
  0.4222222222E-01  0.1725909904E+08
  0.4250000000E-01  0.1719433480E+08
  0.4277777778E-01  0.1712957111E+08
  0.4305555556E-01  0.1706480687E+08
  0.4333333333E-01  0.1700004307E+08
  0.4361111111E-01  0.1693527916E+08
  0.4388888889E-01  0.1687051514E+08
  0.4416666667E-01  0.1680575124E+08
  0.4444444444E-01  0.1674098711E+08
  0.4472222222E-01  0.1667622320E+08
  0.4500000000E-01  0.1661145917E+08
  0.4527777778E-01  0.1654383031E+08
  0.4555555556E-01  0.1647620166E+08
  0.4583333333E-01  0.1640857289E+08
  0.4611111111E-01  0.1634094392E+08
  0.4638888889E-01  0.1627331515E+08
  0.4666666667E-01  0.1620568627E+08
  0.4694444444E-01  0.1613805740E+08
  0.4722222222E-01  0.1607042853E+08
  0.4750000000E-01  0.1600279966E+08
  0.4777777778E-01  0.1593517079E+08
  0.4805555556E-01  0.1586754201E+08
  0.4833333333E-01  0.1579991338E+08
  0.4861111111E-01  0.1573228451E+08
  0.4888888889E-01  0.1566465563E+08
  0.4916666667E-01  0.1559702676E+08
  0.4944444444E-01  0.1552939799E+08
  0.4972222222E-01  0.1546176902E+08
  0.5000000000E-01  0.1539414025E+08
  0.5027777778E-01  0.1532485762E+08
  0.5055555556E-01  0.1525557502E+08
  0.5083333333E-01  0.1518629206E+08
  0.5111111111E-01  0.1511700944E+08
  0.5138888889E-01  0.1504772682E+08
  0.5166666667E-01  0.1497844431E+08
  0.5194444444E-01  0.1490916135E+08
  0.5222222222E-01  0.1483987873E+08
  0.5250000000E-01  0.1477059612E+08
  0.5277777778E-01  0.1470131316E+08
  0.5305555556E-01  0.1463203054E+08
  0.5333333333E-01  0.1456274803E+08
  0.5361111111E-01  0.1449346541E+08
  0.5388888889E-01  0.1442418246E+08
  0.5416666667E-01  0.1435489985E+08
  0.5444444444E-01  0.1428561722E+08
  0.5472222222E-01  0.1421633461E+08
  0.5500000000E-01  0.1414705176E+08
  0.5527777778E-01  0.1407728624E+08
  0.5555555556E-01  0.1400752050E+08
  0.5583333333E-01  0.1393775476E+08
  0.5611111111E-01  0.1386798902E+08
  0.5638888889E-01  0.1379822362E+08
  0.5666666667E-01  0.1372845777E+08
  0.5694444444E-01  0.1365869203E+08
  0.5722222222E-01  0.1358892639E+08
  0.5750000000E-01  0.1351916098E+08
  0.5777777778E-01  0.1344939524E+08
  0.5805555556E-01  0.1337962939E+08
  0.5833333333E-01  0.1330986365E+08
  0.5861111111E-01  0.1324009824E+08
  0.5888888889E-01  0.1317033250E+08
  0.5916666667E-01  0.1310056676E+08
  0.5944444444E-01  0.1303080091E+08
  0.5972222222E-01  0.1296103551E+08
  0.6000000000E-01  0.1289126977E+08
  0.6027777778E-01  0.1282212793E+08
  0.6055555556E-01  0.1275298565E+08
  0.6083333333E-01  0.1268384371E+08
  0.6111111111E-01  0.1261470177E+08
  0.6138888889E-01  0.1254555959E+08
  0.6166666667E-01  0.1247641775E+08
  0.6194444444E-01  0.1240727557E+08
  0.6222222222E-01  0.1233813359E+08
  0.6250000000E-01  0.1226899156E+08
  0.6277777778E-01  0.1219984962E+08
  0.6305555556E-01  0.1213070754E+08
  0.6333333333E-01  0.1206156549E+08
  0.6361111111E-01  0.1199242356E+08
  0.6388888889E-01  0.1192328148E+08
  0.6416666667E-01  0.1185413954E+08
  0.6444444444E-01  0.1178499750E+08
  0.6472222222E-01  0.1171585542E+08
  0.6500000000E-01  0.1164671338E+08
  0.6527777778E-01  0.1157920257E+08
  0.6555555556E-01  0.1151169187E+08
  0.6583333333E-01  0.1144418106E+08
  0.6611111111E-01  0.1137667025E+08
  0.6638888889E-01  0.1130915944E+08
  0.6666666667E-01  0.1124164878E+08
  0.6694444444E-01  0.1117413797E+08
  0.6722222222E-01  0.1110662716E+08
  0.6750000000E-01  0.1103911637E+08
  0.6777777778E-01  0.1097160556E+08
  0.6805555556E-01  0.1090409475E+08
  0.6833333333E-01  0.1083658394E+08
  0.6861111111E-01  0.1076907324E+08
  0.6888888889E-01  0.1070156243E+08
  0.6916666667E-01  0.1063405163E+08
  0.6944444444E-01  0.1056654093E+08
  0.6972222222E-01  0.1049903004E+08
  0.7000000000E-01  0.1043151927E+08
  0.7027777778E-01  0.1036653230E+08
  0.7055555556E-01  0.1030154537E+08
  0.7083333333E-01  0.1023655841E+08
  0.7111111111E-01  0.1017157138E+08
  0.7138888889E-01  0.1010658445E+08
  0.7166666667E-01  0.1004159749E+08
  0.7194444444E-01  0.9976610471E+07
  0.7222222222E-01  0.9911623508E+07
  0.7250000000E-01  0.9846636579E+07
  0.7277777778E-01  0.9781649649E+07
  0.7305555556E-01  0.9716662586E+07
  0.7333333333E-01  0.9651675657E+07
  0.7361111111E-01  0.9586688694E+07
  0.7388888889E-01  0.9521701765E+07
  0.7416666667E-01  0.9456714735E+07
  0.7444444444E-01  0.9391727773E+07
  0.7472222222E-01  0.9326740854E+07
  0.7500000000E-01  0.9261753825E+07
  0.7527777778E-01  0.9200046585E+07
  0.7555555556E-01  0.9138339274E+07
  0.7583333333E-01  0.9076632029E+07
  0.7611111111E-01  0.9014924718E+07
  0.7638888889E-01  0.8953217486E+07
  0.7666666667E-01  0.8891510175E+07
  0.7694444444E-01  0.8829802931E+07
  0.7722222222E-01  0.8768095620E+07
  0.7750000000E-01  0.8706388375E+07
  0.7777777778E-01  0.8644681068E+07
  0.7805555556E-01  0.8582973836E+07
  0.7833333333E-01  0.8521266525E+07
  0.7861111111E-01  0.8459559281E+07
  0.7888888889E-01  0.8397851970E+07
  0.7916666667E-01  0.8336144659E+07
  0.7944444444E-01  0.8274437427E+07
  0.7972222222E-01  0.8212730117E+07
  0.8000000000E-01  0.8151022873E+07
  0.8027777778E-01  0.8093209878E+07
  0.8055555556E-01  0.8035396782E+07
  0.8083333333E-01  0.7977583820E+07
  0.8111111111E-01  0.7919770824E+07
  0.8138888889E-01  0.7861957829E+07
  0.8166666667E-01  0.7804144733E+07
  0.8194444444E-01  0.7746331738E+07
  0.8222222222E-01  0.7688518743E+07
  0.8250000000E-01  0.7630705647E+07
  0.8277777778E-01  0.7572892652E+07
  0.8305555556E-01  0.7515079656E+07
  0.8333333333E-01  0.7457266695E+07
  0.8361111111E-01  0.7399453599E+07
  0.8388888889E-01  0.7341640593E+07
  0.8416666667E-01  0.7283827598E+07
  0.8444444444E-01  0.7226014602E+07
  0.8472222222E-01  0.7168201507E+07
  0.8500000000E-01  0.7110388511E+07
  0.8527777778E-01  0.7056932171E+07
  0.8555555556E-01  0.7003475798E+07
  0.8583333333E-01  0.6950019558E+07
  0.8611111111E-01  0.6896563185E+07
  0.8638888889E-01  0.6843106845E+07
  0.8666666667E-01  0.6789650472E+07
  0.8694444444E-01  0.6736194132E+07
  0.8722222222E-01  0.6682737870E+07
  0.8750000000E-01  0.6629281530E+07
  0.8777777778E-01  0.6575825157E+07
  0.8805555556E-01  0.6522368817E+07
  0.8833333333E-01  0.6468912444E+07
  0.8861111111E-01  0.6415456204E+07
  0.8888888889E-01  0.6361999831E+07
  0.8916666667E-01  0.6308543491E+07
  0.8944444444E-01  0.6255087118E+07
  0.8972222222E-01  0.6201630778E+07
  0.9000000000E-01  0.6148174505E+07
  0.9027777778E-01  0.6099389800E+07
  0.9055555556E-01  0.6050605107E+07
  0.9083333333E-01  0.6001820469E+07
  0.9111111111E-01  0.5953035775E+07
  0.9138888889E-01  0.5904251036E+07
  0.9166666667E-01  0.5855466432E+07
  0.9194444444E-01  0.5806681705E+07
  0.9222222222E-01  0.5757897000E+07
  0.9250000000E-01  0.5709112406E+07
  0.9277777778E-01  0.5660327668E+07
  0.9305555556E-01  0.5611542975E+07
  0.9333333333E-01  0.5562758336E+07
  0.9361111111E-01  0.5513973642E+07
  0.9388888889E-01  0.5465189005E+07
  0.9416666667E-01  0.5416404311E+07
  0.9444444444E-01  0.5367619626E+07
  0.9472222222E-01  0.5318834927E+07
  0.9500000000E-01  0.5270050264E+07
  0.9527777778E-01  0.5226109084E+07
  0.9555555556E-01  0.5182167904E+07
  0.9583333333E-01  0.5138226725E+07
  0.9611111111E-01  0.5094285544E+07
  0.9638888889E-01  0.5050344365E+07
  0.9666666667E-01  0.5006403174E+07
  0.9694444444E-01  0.4962462006E+07
  0.9722222222E-01  0.4918520826E+07
  0.9750000000E-01  0.4874579646E+07
  0.9777777778E-01  0.4830638467E+07
  0.9805555556E-01  0.4786697288E+07
  0.9833333333E-01  0.4742756107E+07
  0.9861111111E-01  0.4698814918E+07
  0.9888888889E-01  0.4654873748E+07
  0.9916666667E-01  0.4610932567E+07
  0.9944444444E-01  0.4566991378E+07
  0.9972222222E-01  0.4523050198E+07
  0.1000000000E+00  0.4479109029E+07
  0.1002777778E+00  0.4440047442E+07
  0.1005555556E+00  0.4400985844E+07
  0.1008333333E+00  0.4361924290E+07
  0.1011111111E+00  0.4322862712E+07
  0.1013888889E+00  0.4283801125E+07
  0.1016666667E+00  0.4244739538E+07
  0.1019444444E+00  0.4205677984E+07
  0.1022222222E+00  0.4166616407E+07
  0.1025000000E+00  0.4127554820E+07
  0.1027777778E+00  0.4088493266E+07
  0.1030555556E+00  0.4049431678E+07
  0.1033333333E+00  0.4010370091E+07
  0.1036111111E+00  0.3971308514E+07
  0.1038888889E+00  0.3932246960E+07
  0.1041666667E+00  0.3893185373E+07
  0.1044444444E+00  0.3854123785E+07
  0.1047222222E+00  0.3815062242E+07
  0.1050000000E+00  0.3776000654E+07
  0.1052777778E+00  0.3741739380E+07
  0.1055555556E+00  0.3707478082E+07
  0.1058333333E+00  0.3673216820E+07
  0.1061111111E+00  0.3638955555E+07
  0.1063888889E+00  0.3604694257E+07
  0.1066666667E+00  0.3570432994E+07
  0.1069444444E+00  0.3536171730E+07
  0.1072222222E+00  0.3501910434E+07
  0.1075000000E+00  0.3467649169E+07
  0.1077777778E+00  0.3433387873E+07
  0.1080555556E+00  0.3399126609E+07
  0.1083333333E+00  0.3364865354E+07
  0.1086111111E+00  0.3330604058E+07
  0.1088888889E+00  0.3296342794E+07
  0.1091666667E+00  0.3262081530E+07
  0.1094444444E+00  0.3227820233E+07
  0.1097222222E+00  0.3193558969E+07
  0.1100000000E+00  0.3159297705E+07
  0.1102777778E+00  0.3129651204E+07
  0.1105555556E+00  0.3100004748E+07
  0.1108333333E+00  0.3070358237E+07
  0.1111111111E+00  0.3040711769E+07
  0.1113888889E+00  0.3011065280E+07
  0.1116666667E+00  0.2981418778E+07
  0.1119444444E+00  0.2951772322E+07
  0.1122222222E+00  0.2922125821E+07
  0.1125000000E+00  0.2892479343E+07
  0.1127777778E+00  0.2862832853E+07
  0.1130555556E+00  0.2833186386E+07
  0.1133333333E+00  0.2803539885E+07
  0.1136111111E+00  0.2773893395E+07
  0.1138888889E+00  0.2744246927E+07
  0.1141666667E+00  0.2714600416E+07
  0.1144444444E+00  0.2684953960E+07
  0.1147222222E+00  0.2655307459E+07
  0.1150000000E+00  0.2625660991E+07
  0.1152777778E+00  0.2600360730E+07
  0.1155555556E+00  0.2575060501E+07
  0.1158333333E+00  0.2549760228E+07
  0.1161111111E+00  0.2524459999E+07
  0.1163888889E+00  0.2499159760E+07
  0.1166666667E+00  0.2473859497E+07
  0.1169444444E+00  0.2448559269E+07
  0.1172222222E+00  0.2423258996E+07
  0.1175000000E+00  0.2397958767E+07
  0.1177777778E+00  0.2372658528E+07
  0.1180555556E+00  0.2347358266E+07
  0.1183333333E+00  0.2322058026E+07
  0.1186111111E+00  0.2296757797E+07
  0.1188888889E+00  0.2271457535E+07
  0.1191666667E+00  0.2246157296E+07
  0.1194444444E+00  0.2220857034E+07
  0.1197222222E+00  0.2195556794E+07
  0.1200000000E+00  0.2170256565E+07
  0.1202777778E+00  0.2148968422E+07
  0.1205555556E+00  0.2127680278E+07
  0.1208333333E+00  0.2106392168E+07
  0.1211111111E+00  0.2085104035E+07
  0.1213888889E+00  0.2063815880E+07
  0.1216666667E+00  0.2042527747E+07
  0.1219444444E+00  0.2021239648E+07
  0.1222222222E+00  0.1999951493E+07
  0.1225000000E+00  0.1978663360E+07
  0.1227777778E+00  0.1957375239E+07
  0.1230555556E+00  0.1936087106E+07
  0.1233333333E+00  0.1914798963E+07
  0.1236111111E+00  0.1893510818E+07
  0.1238888889E+00  0.1872222709E+07
  0.1241666667E+00  0.1850934576E+07
  0.1244444444E+00  0.1829646421E+07
  0.1247222222E+00  0.1808358321E+07
  0.1250000000E+00  0.1787070188E+07
  0.1252777778E+00  0.1769413607E+07
  0.1255555556E+00  0.1751757014E+07
  0.1258333333E+00  0.1734100454E+07
  0.1261111111E+00  0.1716443894E+07
  0.1263888889E+00  0.1698787334E+07
  0.1266666667E+00  0.1681130774E+07
  0.1269444444E+00  0.1663474180E+07
  0.1272222222E+00  0.1645817620E+07
  0.1275000000E+00  0.1628161060E+07
  0.1277777778E+00  0.1610504500E+07
  0.1280555556E+00  0.1592847907E+07
  0.1283333333E+00  0.1575191347E+07
  0.1286111111E+00  0.1557534787E+07
  0.1288888889E+00  0.1539878227E+07
  0.1291666667E+00  0.1522221656E+07
  0.1294444444E+00  0.1504565062E+07
  0.1297222222E+00  0.1486908502E+07
  0.1300000000E+00  0.1469251942E+07
  0.1302777778E+00  0.1454819815E+07
  0.1305555556E+00  0.1440387709E+07
  0.1308333333E+00  0.1425955591E+07
  0.1311111111E+00  0.1411523497E+07
  0.1313888889E+00  0.1397091368E+07
  0.1316666667E+00  0.1382659274E+07
  0.1319444444E+00  0.1368227145E+07
  0.1322222222E+00  0.1353795050E+07
  0.1325000000E+00  0.1339362932E+07
  0.1327777778E+00  0.1324930827E+07
  0.1330555556E+00  0.1310498709E+07
  0.1333333333E+00  0.1296066604E+07
  0.1336111111E+00  0.1281634476E+07
  0.1338888889E+00  0.1267202380E+07
  0.1341666667E+00  0.1252770252E+07
  0.1344444444E+00  0.1238338135E+07
  0.1347222222E+00  0.1223906029E+07
  0.1350000000E+00  0.1209473911E+07
  0.1352777778E+00  0.1197848161E+07
  0.1355555556E+00  0.1186222424E+07
  0.1358333333E+00  0.1174596674E+07
  0.1361111111E+00  0.1162970924E+07
  0.1363888889E+00  0.1151345174E+07
  0.1366666667E+00  0.1139719424E+07
  0.1369444444E+00  0.1128093674E+07
  0.1372222222E+00  0.1116467915E+07
  0.1375000000E+00  0.1104842154E+07
  0.1377777778E+00  0.1093216404E+07
  0.1380555556E+00  0.1081590654E+07
  0.1383333333E+00  0.1069964904E+07
  0.1386111111E+00  0.1058339154E+07
  0.1388888889E+00  0.1046713438E+07
  0.1391666667E+00  0.1035087678E+07
  0.1394444444E+00  0.1023461917E+07
  0.1397222222E+00  0.1011836167E+07
  0.1400000000E+00  0.1000210417E+07
  0.1402777778E+00  0.9909782015E+06
  0.1405555556E+00  0.9817460295E+06
  0.1408333333E+00  0.9725138586E+06
  0.1411111111E+00  0.9632816532E+06
  0.1413888889E+00  0.9540494578E+06
  0.1416666667E+00  0.9448172591E+06
  0.1419444444E+00  0.9355850737E+06
  0.1422222222E+00  0.9263528750E+06
  0.1425000000E+00  0.9171206863E+06
  0.1427777778E+00  0.9078885020E+06
  0.1430555556E+00  0.8986563033E+06
  0.1433333333E+00  0.8894241146E+06
  0.1436111111E+00  0.8801919192E+06
  0.1438888889E+00  0.8709597305E+06
  0.1441666667E+00  0.8617275317E+06
  0.1444444444E+00  0.8524953364E+06
  0.1447222222E+00  0.8432631588E+06
  0.1450000000E+00  0.8340309634E+06
  0.1452777778E+00  0.8267971135E+06
  0.1455555556E+00  0.8195632570E+06
  0.1458333333E+00  0.8123294138E+06
  0.1461111111E+00  0.8050955606E+06
  0.1463888889E+00  0.7978617041E+06
  0.1466666667E+00  0.7906278608E+06
  0.1469444444E+00  0.7833940065E+06
  0.1472222222E+00  0.7761601600E+06
  0.1475000000E+00  0.7689263067E+06
  0.1477777778E+00  0.7616924503E+06
  0.1480555556E+00  0.7544586071E+06
  0.1483333333E+00  0.7472247493E+06
  0.1486111111E+00  0.7399909062E+06
  0.1488888889E+00  0.7327570496E+06
  0.1491666667E+00  0.7255232064E+06
  0.1494444444E+00  0.7182893533E+06
  0.1497222222E+00  0.7110554955E+06
  0.1500000000E+00  0.7038216524E+06
  0.1502777778E+00  0.6982185650E+06
  0.1505555556E+00  0.6926154843E+06
  0.1508333333E+00  0.6870123959E+06
  0.1511111111E+00  0.6814093185E+06
  0.1513888889E+00  0.6758062312E+06
  0.1516666667E+00  0.6702031438E+06
  0.1519444444E+00  0.6646000620E+06
  0.1522222222E+00  0.6589969747E+06
  0.1525000000E+00  0.6533938973E+06
  0.1527777778E+00  0.6477908089E+06
  0.1530555556E+00  0.6421877315E+06
  0.1533333333E+00  0.6365846408E+06
  0.1536111111E+00  0.6309815535E+06
  0.1538888889E+00  0.6253784750E+06
  0.1541666667E+00  0.6197753876E+06
  0.1544444444E+00  0.6141723104E+06
  0.1547222222E+00  0.6085692186E+06
  0.1550000000E+00  0.6029661413E+06
  0.1552777778E+00  0.5986617529E+06
  0.1555555556E+00  0.5943573668E+06
  0.1558333333E+00  0.5900529885E+06
  0.1561111111E+00  0.5857486001E+06
  0.1563888889E+00  0.5814442108E+06
  0.1566666667E+00  0.5771398357E+06
  0.1569444444E+00  0.5728354464E+06
  0.1572222222E+00  0.5685310680E+06
  0.1575000000E+00  0.5642266785E+06
  0.1577777778E+00  0.5599222936E+06
  0.1580555556E+00  0.5556179152E+06
  0.1583333333E+00  0.5513135258E+06
  0.1586111111E+00  0.5470091475E+06
  0.1588888889E+00  0.5427047581E+06
  0.1591666667E+00  0.5384003731E+06
  0.1594444444E+00  0.5340959936E+06
  0.1597222222E+00  0.5297916053E+06
  0.1600000000E+00  0.5254872170E+06
  0.1602777778E+00  0.5221898321E+06
  0.1605555556E+00  0.5188924439E+06
  0.1608333333E+00  0.5155950490E+06
  0.1611111111E+00  0.5122976609E+06
  0.1613888889E+00  0.5090002626E+06
  0.1616666667E+00  0.5057028777E+06
  0.1619444444E+00  0.5024054795E+06
  0.1622222222E+00  0.4991080946E+06
  0.1625000000E+00  0.4958107065E+06
  0.1627777778E+00  0.4925133115E+06
  0.1630555556E+00  0.4892159234E+06
  0.1633333333E+00  0.4859185251E+06
  0.1636111111E+00  0.4826211402E+06
  0.1638888889E+00  0.4793237420E+06
  0.1641666667E+00  0.4760263582E+06
  0.1644444444E+00  0.4727289701E+06
  0.1647222222E+00  0.4694315751E+06
  0.1650000000E+00  0.4661341870E+06
  0.1652777778E+00  0.4635943488E+06
  0.1655555556E+00  0.4610545105E+06
  0.1658333333E+00  0.4585146723E+06
  0.1661111111E+00  0.4559748441E+06
  0.1663888889E+00  0.4534350057E+06
  0.1666666667E+00  0.4508951675E+06
  0.1669444444E+00  0.4483553293E+06
  0.1672222222E+00  0.4458154940E+06
  0.1675000000E+00  0.4432756578E+06
  0.1677777778E+00  0.4407358206E+06
  0.1680555556E+00  0.4381959844E+06
  0.1683333333E+00  0.4356561481E+06
  0.1686111111E+00  0.4331163119E+06
  0.1688888889E+00  0.4305764757E+06
  0.1691666667E+00  0.4280366394E+06
  0.1694444444E+00  0.4254968066E+06
  0.1697222222E+00  0.4229569703E+06
  0.1700000000E+00  0.4204171341E+06
  0.1702777778E+00  0.4184287813E+06
  0.1705555556E+00  0.4164404294E+06
  0.1708333333E+00  0.4144520766E+06
  0.1711111111E+00  0.4124637248E+06
  0.1713888889E+00  0.4104753697E+06
  0.1716666667E+00  0.4084870167E+06
  0.1719444444E+00  0.4064986649E+06
  0.1722222222E+00  0.4045103131E+06
  0.1725000000E+00  0.4025219603E+06
  0.1727777778E+00  0.4005336085E+06
  0.1730555556E+00  0.3985452567E+06
  0.1733333333E+00  0.3965569049E+06
  0.1736111111E+00  0.3945685531E+06
  0.1738888889E+00  0.3925802003E+06
  0.1741666667E+00  0.3905918484E+06
  0.1744444444E+00  0.3886034966E+06
  0.1747222222E+00  0.3866151438E+06
  0.1750000000E+00  0.3846267920E+06
  0.1752777778E+00  0.3830249880E+06
  0.1755555556E+00  0.3814231797E+06
  0.1758333333E+00  0.3798213726E+06
  0.1761111111E+00  0.3782195686E+06
  0.1763888889E+00  0.3766177615E+06
  0.1766666667E+00  0.3750159543E+06
  0.1769444444E+00  0.3734141504E+06
  0.1772222222E+00  0.3718123431E+06
  0.1775000000E+00  0.3702105359E+06
  0.1777777778E+00  0.3686087309E+06
  0.1780555556E+00  0.3670069238E+06
  0.1783333333E+00  0.3654051209E+06
  0.1786111111E+00  0.3638033138E+06
  0.1788888889E+00  0.3622015055E+06
  0.1791666667E+00  0.3605997015E+06
  0.1794444444E+00  0.3589978944E+06
  0.1797222222E+00  0.3573960871E+06
  0.1800000000E+00  0.3557942832E+06
  0.1802777778E+00  0.3544522203E+06
  0.1805555556E+00  0.3531101584E+06
  0.1808333333E+00  0.3517680964E+06
  0.1811111111E+00  0.3504260291E+06
  0.1813888889E+00  0.3490839672E+06
  0.1816666667E+00  0.3477419053E+06
  0.1819444444E+00  0.3463998424E+06
  0.1822222222E+00  0.3450577794E+06
  0.1825000000E+00  0.3437157175E+06
  0.1827777778E+00  0.3423736556E+06
  0.1830555556E+00  0.3410315916E+06
  0.1833333333E+00  0.3396895297E+06
  0.1836111111E+00  0.3383474678E+06
  0.1838888889E+00  0.3370054048E+06
  0.1841666667E+00  0.3356633419E+06
  0.1844444444E+00  0.3343212800E+06
  0.1847222222E+00  0.3329792181E+06
  0.1850000000E+00  0.3316371550E+06
  0.1852777778E+00  0.3304622281E+06
  0.1855555556E+00  0.3292873043E+06
  0.1858333333E+00  0.3281123772E+06
  0.1861111111E+00  0.3269374512E+06
  0.1863888889E+00  0.3257625275E+06
  0.1866666667E+00  0.3245876004E+06
  0.1869444444E+00  0.3234126777E+06
  0.1872222222E+00  0.3222377496E+06
  0.1875000000E+00  0.3210628258E+06
  0.1877777778E+00  0.3198878999E+06
  0.1880555556E+00  0.3187129727E+06
  0.1883333333E+00  0.3175380490E+06
  0.1886111111E+00  0.3163631230E+06
  0.1888888889E+00  0.3151881993E+06
  0.1891666667E+00  0.3140132711E+06
  0.1894444444E+00  0.3128383451E+06
  0.1897222222E+00  0.3116634214E+06
  0.1900000000E+00  0.3104884943E+06
  0.1902777778E+00  0.3094172474E+06
  0.1905555556E+00  0.3083459971E+06
  0.1908333333E+00  0.3072747468E+06
  0.1911111111E+00  0.3062034999E+06
  0.1913888889E+00  0.3051322497E+06
  0.1916666667E+00  0.3040609984E+06
  0.1919444444E+00  0.3029897503E+06
  0.1922222222E+00  0.3019185001E+06
  0.1925000000E+00  0.3008472498E+06
  0.1927777778E+00  0.2997760029E+06
  0.1930555556E+00  0.2987047526E+06
  0.1933333333E+00  0.2976335024E+06
  0.1936111111E+00  0.2965622543E+06
  0.1938888889E+00  0.2954910041E+06
  0.1941666667E+00  0.2944197528E+06
  0.1944444444E+00  0.2933485059E+06
  0.1947222222E+00  0.2922772556E+06
  0.1950000000E+00  0.2912060053E+06
  0.1952777778E+00  0.2901990396E+06
  0.1955555556E+00  0.2891920739E+06
  0.1958333333E+00  0.2881851048E+06
  0.1961111111E+00  0.2871781391E+06
  0.1963888889E+00  0.2861711733E+06
  0.1966666667E+00  0.2851642077E+06
  0.1969444444E+00  0.2841572385E+06
  0.1972222222E+00  0.2831502729E+06
  0.1975000000E+00  0.2821433061E+06
  0.1977777778E+00  0.2811363414E+06
  0.1980555556E+00  0.2801293713E+06
  0.1983333333E+00  0.2791224066E+06
  0.1986111111E+00  0.2781154399E+06
  0.1988888889E+00  0.2771084719E+06
  0.1991666667E+00  0.2761015051E+06
  0.1994444444E+00  0.2750945404E+06
  0.1997222222E+00  0.2740875737E+06
  0.2000000000E+00  0.2730806056E+06
  0.2002777778E+00  0.2721171137E+06
  0.2005555556E+00  0.2711536184E+06
  0.2008333333E+00  0.2701901264E+06
  0.2011111111E+00  0.2692266322E+06
  0.2013888889E+00  0.2682631413E+06
  0.2016666667E+00  0.2672996460E+06
  0.2019444444E+00  0.2663361507E+06
  0.2022222222E+00  0.2653726587E+06
  0.2025000000E+00  0.2644091645E+06
  0.2027777778E+00  0.2634456725E+06
  0.2030555556E+00  0.2624821782E+06
  0.2033333333E+00  0.2615186862E+06
  0.2036111111E+00  0.2605551910E+06
  0.2038888889E+00  0.2595916957E+06
  0.2041666667E+00  0.2586282048E+06
  0.2044444444E+00  0.2576647094E+06
  0.2047222222E+00  0.2567012185E+06
  0.2050000000E+00  0.2557377222E+06
  0.2052777778E+00  0.2548108948E+06
  0.2055555556E+00  0.2538840629E+06
  0.2058333333E+00  0.2529572364E+06
  0.2061111111E+00  0.2520304057E+06
  0.2063888889E+00  0.2511035771E+06
  0.2066666667E+00  0.2501767497E+06
  0.2069444444E+00  0.2492499178E+06
  0.2072222222E+00  0.2483230904E+06
  0.2075000000E+00  0.2473962585E+06
  0.2077777778E+00  0.2464694311E+06
  0.2080555556E+00  0.2455426025E+06
  0.2083333333E+00  0.2446157717E+06
  0.2086111111E+00  0.2436889432E+06
  0.2088888889E+00  0.2427621124E+06
  0.2091666667E+00  0.2418352839E+06
  0.2094444444E+00  0.2409084531E+06
  0.2097222222E+00  0.2399816257E+06
  0.2100000000E+00  0.2390547971E+06
  0.2102777778E+00  0.2381671066E+06
  0.2105555556E+00  0.2372794182E+06
  0.2108333333E+00  0.2363917276E+06
  0.2111111111E+00  0.2355040405E+06
  0.2113888889E+00  0.2346163498E+06
  0.2116666667E+00  0.2337286625E+06
  0.2119444444E+00  0.2328409720E+06
  0.2122222222E+00  0.2319532837E+06
  0.2125000000E+00  0.2310655931E+06
  0.2127777778E+00  0.2301779059E+06
  0.2130555556E+00  0.2292902152E+06
  0.2133333333E+00  0.2284025280E+06
  0.2136111111E+00  0.2275148374E+06
  0.2138888889E+00  0.2266271491E+06
  0.2141666667E+00  0.2257394586E+06
  0.2144444444E+00  0.2248517713E+06
  0.2147222222E+00  0.2239640807E+06
  0.2150000000E+00  0.2230763934E+06
  0.2152777778E+00  0.2222356027E+06
  0.2155555556E+00  0.2213948109E+06
  0.2158333333E+00  0.2205540191E+06
  0.2161111111E+00  0.2197132285E+06
  0.2163888889E+00  0.2188724411E+06
  0.2166666667E+00  0.2180316492E+06
  0.2169444444E+00  0.2171908585E+06
  0.2172222222E+00  0.2163500678E+06
  0.2175000000E+00  0.2155092760E+06
  0.2177777778E+00  0.2146684886E+06
  0.2180555556E+00  0.2138276969E+06
  0.2183333333E+00  0.2129869061E+06
  0.2186111111E+00  0.2121461143E+06
  0.2188888889E+00  0.2113053236E+06
  0.2191666667E+00  0.2104645329E+06
  0.2194444444E+00  0.2096237455E+06
  0.2197222222E+00  0.2087829536E+06
  0.2200000000E+00  0.2079421629E+06
  0.2202777778E+00  0.2071584315E+06
  0.2205555556E+00  0.2063747011E+06
  0.2208333333E+00  0.2055909663E+06
  0.2211111111E+00  0.2048072349E+06
  0.2213888889E+00  0.2040235056E+06
  0.2216666667E+00  0.2032397741E+06
  0.2219444444E+00  0.2024560404E+06
  0.2222222222E+00  0.2016723090E+06
  0.2225000000E+00  0.2008885786E+06
  0.2227777778E+00  0.2001048471E+06
  0.2230555556E+00  0.1993211133E+06
  0.2233333333E+00  0.1985373819E+06
  0.2236111111E+00  0.1977536515E+06
  0.2238888889E+00  0.1969699201E+06
  0.2241666667E+00  0.1961861874E+06
  0.2244444444E+00  0.1954024560E+06
  0.2247222222E+00  0.1946187256E+06
  0.2250000000E+00  0.1938349942E+06
  0.2252777778E+00  0.1931180389E+06
  0.2255555556E+00  0.1924010879E+06
  0.2258333333E+00  0.1916841326E+06
  0.2261111111E+00  0.1909671818E+06
  0.2263888889E+00  0.1902502275E+06
  0.2266666667E+00  0.1895332722E+06
  0.2269444444E+00  0.1888163202E+06
  0.2272222222E+00  0.1880993670E+06
  0.2275000000E+00  0.1873824151E+06
  0.2277777778E+00  0.1866654598E+06
  0.2280555556E+00  0.1859485088E+06
  0.2283333333E+00  0.1852315535E+06
  0.2286111111E+00  0.1845145993E+06
  0.2288888889E+00  0.1837976484E+06
  0.2291666667E+00  0.1830806931E+06
  0.2294444444E+00  0.1823637411E+06
  0.2297222222E+00  0.1816467868E+06
  0.2300000000E+00  0.1809298360E+06
  0.2302777778E+00  0.1802875517E+06
  0.2305555556E+00  0.1796452664E+06
  0.2308333333E+00  0.1790029822E+06
  0.2311111111E+00  0.1783606979E+06
  0.2313888889E+00  0.1777184170E+06
  0.2316666667E+00  0.1770761328E+06
  0.2319444444E+00  0.1764338485E+06
  0.2322222222E+00  0.1757915653E+06
  0.2325000000E+00  0.1751492844E+06
  0.2327777778E+00  0.1745070002E+06
  0.2330555556E+00  0.1738647160E+06
  0.2333333333E+00  0.1732224306E+06
  0.2336111111E+00  0.1725801464E+06
  0.2338888889E+00  0.1719378655E+06
  0.2341666667E+00  0.1712955812E+06
  0.2344444444E+00  0.1706532970E+06
  0.2347222222E+00  0.1700110128E+06
  0.2350000000E+00  0.1693687285E+06
  0.2352777778E+00  0.1688057873E+06
  0.2355555556E+00  0.1682428428E+06
  0.2358333333E+00  0.1676798983E+06
  0.2361111111E+00  0.1671169538E+06
  0.2363888889E+00  0.1665540093E+06
  0.2366666667E+00  0.1659910681E+06
  0.2369444444E+00  0.1654281236E+06
  0.2372222222E+00  0.1648651791E+06
  0.2375000000E+00  0.1643022346E+06
  0.2377777778E+00  0.1637392900E+06
  0.2380555556E+00  0.1631763489E+06
  0.2383333333E+00  0.1626134043E+06
  0.2386111111E+00  0.1620504598E+06
  0.2388888889E+00  0.1614875164E+06
  0.2391666667E+00  0.1609245753E+06
  0.2394444444E+00  0.1603616307E+06
  0.2397222222E+00  0.1597986862E+06
  0.2400000000E+00  0.1592357417E+06
  0.2402777778E+00  0.1587532056E+06
  0.2405555556E+00  0.1582706685E+06
  0.2408333333E+00  0.1577881324E+06
  0.2411111111E+00  0.1573055964E+06
  0.2413888889E+00  0.1568230626E+06
  0.2416666667E+00  0.1563405265E+06
  0.2419444444E+00  0.1558579904E+06
  0.2422222222E+00  0.1553754534E+06
  0.2425000000E+00  0.1548929184E+06
  0.2427777778E+00  0.1544103813E+06
  0.2430555556E+00  0.1539278452E+06
  0.2433333333E+00  0.1534453091E+06
  0.2436111111E+00  0.1529627720E+06
  0.2438888889E+00  0.1524802359E+06
  0.2441666667E+00  0.1519976999E+06
  0.2444444444E+00  0.1515151628E+06
  0.2447222222E+00  0.1510326300E+06
  0.2450000000E+00  0.1505500930E+06
  0.2452777778E+00  0.1501453993E+06
  0.2455555556E+00  0.1497407035E+06
  0.2458333333E+00  0.1493360088E+06
  0.2461111111E+00  0.1489313130E+06
  0.2463888889E+00  0.1485266172E+06
  0.2466666667E+00  0.1481219224E+06
  0.2469444444E+00  0.1477172267E+06
  0.2472222222E+00  0.1473125319E+06
  0.2475000000E+00  0.1469078361E+06
  0.2477777778E+00  0.1465031404E+06
  0.2480555556E+00  0.1460984456E+06
  0.2483333333E+00  0.1456937498E+06
  0.2486111111E+00  0.1452890517E+06
  0.2488888889E+00  0.1448843571E+06
  0.2491666667E+00  0.1444796613E+06
  0.2494444444E+00  0.1440749666E+06
  0.2497222222E+00  0.1436702708E+06
  0.2500000000E+00  0.1432655760E+06
  0.2502777778E+00  0.1429327644E+06
  0.2505555556E+00  0.1425999550E+06
  0.2508333333E+00  0.1422671444E+06
  0.2511111111E+00  0.1419343349E+06
  0.2513888889E+00  0.1416015243E+06
  0.2516666667E+00  0.1412687139E+06
  0.2519444444E+00  0.1409359033E+06
  0.2522222222E+00  0.1406030927E+06
  0.2525000000E+00  0.1402702799E+06
  0.2527777778E+00  0.1399374693E+06
  0.2530555556E+00  0.1396046589E+06
  0.2533333333E+00  0.1392718483E+06
  0.2536111111E+00  0.1389390388E+06
  0.2538888889E+00  0.1386062282E+06
  0.2541666667E+00  0.1382734176E+06
  0.2544444444E+00  0.1379406072E+06
  0.2547222222E+00  0.1376077966E+06
  0.2550000000E+00  0.1372749838E+06
  0.2552777778E+00  0.1370055081E+06
  0.2555555556E+00  0.1367360345E+06
  0.2558333333E+00  0.1364665588E+06
  0.2561111111E+00  0.1361970841E+06
  0.2563888889E+00  0.1359276095E+06
  0.2566666667E+00  0.1356581338E+06
  0.2569444444E+00  0.1353886569E+06
  0.2572222222E+00  0.1351191812E+06
  0.2575000000E+00  0.1348497055E+06
  0.2577777778E+00  0.1345802319E+06
  0.2580555556E+00  0.1343107562E+06
  0.2583333333E+00  0.1340412826E+06
  0.2586111111E+00  0.1337718069E+06
  0.2588888889E+00  0.1335023279E+06
  0.2591666667E+00  0.1332328543E+06
  0.2594444444E+00  0.1329633786E+06
  0.2597222222E+00  0.1326939040E+06
  0.2600000000E+00  0.1324244293E+06
  0.2602777778E+00  0.1322076902E+06
  0.2605555556E+00  0.1319909515E+06
  0.2608333333E+00  0.1317742116E+06
  0.2611111111E+00  0.1315574733E+06
  0.2613888889E+00  0.1313407344E+06
  0.2616666667E+00  0.1311239957E+06
  0.2619444444E+00  0.1309072569E+06
  0.2622222222E+00  0.1306905171E+06
  0.2625000000E+00  0.1304737783E+06
  0.2627777778E+00  0.1302570395E+06
  0.2630555556E+00  0.1300403011E+06
  0.2633333333E+00  0.1298235623E+06
  0.2636111111E+00  0.1296068225E+06
  0.2638888889E+00  0.1293900848E+06
  0.2641666667E+00  0.1291733449E+06
  0.2644444444E+00  0.1289566062E+06
  0.2647222222E+00  0.1287398674E+06
  0.2650000000E+00  0.1285231290E+06
  0.2652777778E+00  0.1283474687E+06
  0.2655555556E+00  0.1281718099E+06
  0.2658333333E+00  0.1279961507E+06
  0.2661111111E+00  0.1278204908E+06
  0.2663888889E+00  0.1276448316E+06
  0.2666666667E+00  0.1274691728E+06
  0.2669444444E+00  0.1272935128E+06
  0.2672222222E+00  0.1271178536E+06
  0.2675000000E+00  0.1269421948E+06
  0.2677777778E+00  0.1267665345E+06
  0.2680555556E+00  0.1265908757E+06
  0.2683333333E+00  0.1264152168E+06
  0.2686111111E+00  0.1262395566E+06
  0.2688888889E+00  0.1260638977E+06
  0.2691666667E+00  0.1258882385E+06
  0.2694444444E+00  0.1257125786E+06
  0.2697222222E+00  0.1255369194E+06
  0.2700000000E+00  0.1253612606E+06
  0.2702777778E+00  0.1252147680E+06
  0.2705555556E+00  0.1250682764E+06
  0.2708333333E+00  0.1249217839E+06
  0.2711111111E+00  0.1247752913E+06
  0.2713888889E+00  0.1246288000E+06
  0.2716666667E+00  0.1244823075E+06
  0.2719444444E+00  0.1243358155E+06
  0.2722222222E+00  0.1241893241E+06
  0.2725000000E+00  0.1240428316E+06
  0.2727777778E+00  0.1238963392E+06
  0.2730555556E+00  0.1237498467E+06
  0.2733333333E+00  0.1236033552E+06
  0.2736111111E+00  0.1234568628E+06
  0.2738888889E+00  0.1233103706E+06
  0.2741666667E+00  0.1231638792E+06
  0.2744444444E+00  0.1230173867E+06
  0.2747222222E+00  0.1228708942E+06
  0.2750000000E+00  0.1227244028E+06
  0.2752777778E+00  0.1225955936E+06
  0.2755555556E+00  0.1224667854E+06
  0.2758333333E+00  0.1223379761E+06
  0.2761111111E+00  0.1222091669E+06
  0.2763888889E+00  0.1220803586E+06
  0.2766666667E+00  0.1219515494E+06
  0.2769444444E+00  0.1218227411E+06
  0.2772222222E+00  0.1216939319E+06
  0.2775000000E+00  0.1215651227E+06
  0.2777777778E+00  0.1214363145E+06
  0.2780555556E+00  0.1213075053E+06
  0.2783333333E+00  0.1211786970E+06
  0.2786111111E+00  0.1210498878E+06
  0.2788888889E+00  0.1209210795E+06
  0.2791666667E+00  0.1207922703E+06
  0.2794444444E+00  0.1206634610E+06
  0.2797222222E+00  0.1205346528E+06
  0.2800000000E+00  0.1204058437E+06
  0.2802777778E+00  0.1202843704E+06
  0.2805555556E+00  0.1201628958E+06
  0.2808333333E+00  0.1200414216E+06
  0.2811111111E+00  0.1199199484E+06
  0.2813888889E+00  0.1197984739E+06
  0.2816666667E+00  0.1196770006E+06
  0.2819444444E+00  0.1195555261E+06
  0.2822222222E+00  0.1194340519E+06
  0.2825000000E+00  0.1193125786E+06
  0.2827777778E+00  0.1191911041E+06
  0.2830555556E+00  0.1190696308E+06
  0.2833333333E+00  0.1189481563E+06
  0.2836111111E+00  0.1188266821E+06
  0.2838888889E+00  0.1187052089E+06
  0.2841666667E+00  0.1185837343E+06
  0.2844444444E+00  0.1184622600E+06
  0.2847222222E+00  0.1183407866E+06
  0.2850000000E+00  0.1182193123E+06
  0.2852777778E+00  0.1180964892E+06
  0.2855555556E+00  0.1179736653E+06
  0.2858333333E+00  0.1178508422E+06
  0.2861111111E+00  0.1177280179E+06
  0.2863888889E+00  0.1176051952E+06
  0.2866666667E+00  0.1174823719E+06
  0.2869444444E+00  0.1173595478E+06
  0.2872222222E+00  0.1172367249E+06
  0.2875000000E+00  0.1171139008E+06
  0.2877777778E+00  0.1169910776E+06
  0.2880555556E+00  0.1168682538E+06
  0.2883333333E+00  0.1167454306E+06
  0.2886111111E+00  0.1166226068E+06
  0.2888888889E+00  0.1164997836E+06
  0.2891666667E+00  0.1163769595E+06
  0.2894444444E+00  0.1162541366E+06
  0.2897222222E+00  0.1161313135E+06
  0.2900000000E+00  0.1160084892E+06
  0.2902777778E+00  0.1158774967E+06
  0.2905555556E+00  0.1157465032E+06
  0.2908333333E+00  0.1156155096E+06
  0.2911111111E+00  0.1154845168E+06
  0.2913888889E+00  0.1153535232E+06
  0.2916666667E+00  0.1152225307E+06
  0.2919444444E+00  0.1150915368E+06
  0.2922222222E+00  0.1149605443E+06
  0.2925000000E+00  0.1148295508E+06
  0.2927777778E+00  0.1146985572E+06
  0.2930555556E+00  0.1145675644E+06
  0.2933333333E+00  0.1144365708E+06
  0.2936111111E+00  0.1143055783E+06
  0.2938888889E+00  0.1141745848E+06
  0.2941666667E+00  0.1140435919E+06
  0.2944444444E+00  0.1139125983E+06
  0.2947222222E+00  0.1137816047E+06
  0.2950000000E+00  0.1136506122E+06
  0.2952777778E+00  0.1135069116E+06
  0.2955555556E+00  0.1133632121E+06
  0.2958333333E+00  0.1132195115E+06
  0.2961111111E+00  0.1130758110E+06
  0.2963888889E+00  0.1129321114E+06
  0.2966666667E+00  0.1127884111E+06
  0.2969444444E+00  0.1126447103E+06
  0.2972222222E+00  0.1125010110E+06
  0.2975000000E+00  0.1123573102E+06
  0.2977777778E+00  0.1122136099E+06
  0.2980555556E+00  0.1120699101E+06
  0.2983333333E+00  0.1119262098E+06
  0.2986111111E+00  0.1117825090E+06
  0.2988888889E+00  0.1116388097E+06
  0.2991666667E+00  0.1114951090E+06
  0.2994444444E+00  0.1113514096E+06
  0.2997222222E+00  0.1112077089E+06
  0.3000000000E+00  0.1110640086E+06
  0.3002777778E+00  0.1109051422E+06
  0.3005555556E+00  0.1107462759E+06
  0.3008333333E+00  0.1105874095E+06
  0.3011111111E+00  0.1104285433E+06
  0.3013888889E+00  0.1102696769E+06
  0.3016666667E+00  0.1101108106E+06
  0.3019444444E+00  0.1099519442E+06
  0.3022222222E+00  0.1097930782E+06
  0.3025000000E+00  0.1096342119E+06
  0.3027777778E+00  0.1094753455E+06
  0.3030555556E+00  0.1093164782E+06
  0.3033333333E+00  0.1091576119E+06
  0.3036111111E+00  0.1089987455E+06
  0.3038888889E+00  0.1088398792E+06
  0.3041666667E+00  0.1086810128E+06
  0.3044444444E+00  0.1085221466E+06
  0.3047222222E+00  0.1083632802E+06
  0.3050000000E+00  0.1082044139E+06
  0.3052777778E+00  0.1080300274E+06
  0.3055555556E+00  0.1078556409E+06
  0.3058333333E+00  0.1076812541E+06
  0.3061111111E+00  0.1075068677E+06
  0.3063888889E+00  0.1073324809E+06
  0.3066666667E+00  0.1071580945E+06
  0.3069444444E+00  0.1069837079E+06
  0.3072222222E+00  0.1068093211E+06
  0.3075000000E+00  0.1066349347E+06
  0.3077777778E+00  0.1064605479E+06
  0.3080555556E+00  0.1062861615E+06
  0.3083333333E+00  0.1061117750E+06
  0.3086111111E+00  0.1059373881E+06
  0.3088888889E+00  0.1057630017E+06
  0.3091666667E+00  0.1055886159E+06
  0.3094444444E+00  0.1054142295E+06
  0.3097222222E+00  0.1052398430E+06
  0.3100000000E+00  0.1050654562E+06
  0.3102777778E+00  0.1048770763E+06
  0.3105555556E+00  0.1046886962E+06
  0.3108333333E+00  0.1045003163E+06
  0.3111111111E+00  0.1043119363E+06
  0.3113888889E+00  0.1041235573E+06
  0.3116666667E+00  0.1039351774E+06
  0.3119444444E+00  0.1037467974E+06
  0.3122222222E+00  0.1035584175E+06
  0.3125000000E+00  0.1033700385E+06
  0.3127777778E+00  0.1031816585E+06
  0.3130555556E+00  0.1029932785E+06
  0.3133333333E+00  0.1028048985E+06
  0.3136111111E+00  0.1026165185E+06
  0.3138888889E+00  0.1024281396E+06
  0.3141666667E+00  0.1022397596E+06
  0.3144444444E+00  0.1020513797E+06
  0.3147222222E+00  0.1018629997E+06
  0.3150000000E+00  0.1016746197E+06
  0.3152777778E+00  0.1014754086E+06
  0.3155555556E+00  0.1012761975E+06
  0.3158333333E+00  0.1010769860E+06
  0.3161111111E+00  0.1008777738E+06
  0.3163888889E+00  0.1006785623E+06
  0.3166666667E+00  0.1004793512E+06
  0.3169444444E+00  0.1002801390E+06
  0.3172222222E+00  0.1000809276E+06
  0.3175000000E+00  0.9988171640E+05
  0.3177777778E+00  0.9968250480E+05
  0.3180555556E+00  0.9948329266E+05
  0.3183333333E+00  0.9928408150E+05
  0.3186111111E+00  0.9908487002E+05
  0.3188888889E+00  0.9888565887E+05
  0.3191666667E+00  0.9868644672E+05
  0.3194444444E+00  0.9848723524E+05
  0.3197222222E+00  0.9828802409E+05
  0.3200000000E+00  0.9808881160E+05
  0.3202777778E+00  0.9788306813E+05
  0.3205555556E+00  0.9767732365E+05
  0.3208333333E+00  0.9747157885E+05
  0.3211111111E+00  0.9726583526E+05
  0.3213888889E+00  0.9706009079E+05
  0.3216666667E+00  0.9685434598E+05
  0.3219444444E+00  0.9664860251E+05
  0.3222222222E+00  0.9644285792E+05
  0.3225000000E+00  0.9623711311E+05
  0.3227777778E+00  0.9603136964E+05
  0.3230555556E+00  0.9582562517E+05
  0.3233333333E+00  0.9561988024E+05
  0.3236111111E+00  0.9541413676E+05
  0.3238888889E+00  0.9520839230E+05
  0.3241666667E+00  0.9500264748E+05
  0.3244444444E+00  0.9479690390E+05
  0.3247222222E+00  0.9459115942E+05
  0.3250000000E+00  0.9438541462E+05
  0.3252777778E+00  0.9417842853E+05
  0.3255555556E+00  0.9397144209E+05
  0.3258333333E+00  0.9376445488E+05
  0.3261111111E+00  0.9355746845E+05
  0.3263888889E+00  0.9335048235E+05
  0.3266666667E+00  0.9314349593E+05
  0.3269444444E+00  0.9293650882E+05
  0.3272222222E+00  0.9272952239E+05
  0.3275000000E+00  0.9252253630E+05
  0.3277777778E+00  0.9231554987E+05
  0.3280555556E+00  0.9210856277E+05
  0.3283333333E+00  0.9190157622E+05
  0.3286111111E+00  0.9169459013E+05
  0.3288888889E+00  0.9148760270E+05
  0.3291666667E+00  0.9128061660E+05
  0.3294444444E+00  0.9107363017E+05
  0.3297222222E+00  0.9086664407E+05
  0.3300000000E+00  0.9065965664E+05
  0.3302777778E+00  0.9045704632E+05
  0.3305555556E+00  0.9025443489E+05
  0.3308333333E+00  0.9005182357E+05
  0.3311111111E+00  0.8984921224E+05
  0.3313888889E+00  0.8964660193E+05
  0.3316666667E+00  0.8944399061E+05
  0.3319444444E+00  0.8924137929E+05
  0.3322222222E+00  0.8903876887E+05
  0.3325000000E+00  0.8883615754E+05
  0.3327777778E+00  0.8863354589E+05
  0.3330555556E+00  0.8843093457E+05
  0.3333333333E+00  0.8822832425E+05
  0.3336111111E+00  0.8802571282E+05
  0.3338888889E+00  0.8782310150E+05
  0.3341666667E+00  0.8762049117E+05
  0.3344444444E+00  0.8741787986E+05
  0.3347222222E+00  0.8721526854E+05
  0.3350000000E+00  0.8701265811E+05
  0.3352777778E+00  0.8682020478E+05
  0.3355555556E+00  0.8662775168E+05
  0.3358333333E+00  0.8643529824E+05
  0.3361111111E+00  0.8624284480E+05
  0.3363888889E+00  0.8605039270E+05
  0.3366666667E+00  0.8585793926E+05
  0.3369444444E+00  0.8566548627E+05
  0.3372222222E+00  0.8547303283E+05
  0.3375000000E+00  0.8528057972E+05
  0.3377777778E+00  0.8508812728E+05
  0.3380555556E+00  0.8489567417E+05
  0.3383333333E+00  0.8470322084E+05
  0.3386111111E+00  0.8451076774E+05
  0.3388888889E+00  0.8431831530E+05
  0.3391666667E+00  0.8412586221E+05
  0.3394444444E+00  0.8393340876E+05
  0.3397222222E+00  0.8374095565E+05
  0.3400000000E+00  0.8354850233E+05
  0.3402777778E+00  0.8337169070E+05
  0.3405555556E+00  0.8319487941E+05
  0.3408333333E+00  0.8301806789E+05
  0.3411111111E+00  0.8284125627E+05
  0.3413888889E+00  0.8266444498E+05
  0.3416666667E+00  0.8248763335E+05
  0.3419444444E+00  0.8231082283E+05
  0.3422222222E+00  0.8213401154E+05
  0.3425000000E+00  0.8195719991E+05
  0.3427777778E+00  0.8178038873E+05
  0.3430555556E+00  0.8160357711E+05
  0.3433333333E+00  0.8142676548E+05
  0.3436111111E+00  0.8124995418E+05
  0.3438888889E+00  0.8107314267E+05
  0.3441666667E+00  0.8089633104E+05
  0.3444444444E+00  0.8071951975E+05
  0.3447222222E+00  0.8054270824E+05
  0.3450000000E+00  0.8036589661E+05
  0.3452777778E+00  0.8020962704E+05
  0.3455555556E+00  0.8005335715E+05
  0.3458333333E+00  0.7989708748E+05
  0.3461111111E+00  0.7974081791E+05
  0.3463888889E+00  0.7958454802E+05
  0.3466666667E+00  0.7942827847E+05
  0.3469444444E+00  0.7927200857E+05
  0.3472222222E+00  0.7911573890E+05
  0.3475000000E+00  0.7895947033E+05
  0.3477777778E+00  0.7880320044E+05
  0.3480555556E+00  0.7864693088E+05
  0.3483333333E+00  0.7849066098E+05
  0.3486111111E+00  0.7833439142E+05
  0.3488888889E+00  0.7817812174E+05
  0.3491666667E+00  0.7802185186E+05
  0.3494444444E+00  0.7786558230E+05
  0.3497222222E+00  0.7770931240E+05
  0.3500000000E+00  0.7755304284E+05
  0.3502777778E+00  0.7742137558E+05
  0.3505555556E+00  0.7728970842E+05
  0.3508333333E+00  0.7715804016E+05
  0.3511111111E+00  0.7702637301E+05
  0.3513888889E+00  0.7689470573E+05
  0.3516666667E+00  0.7676303758E+05
  0.3519444444E+00  0.7663137077E+05
  0.3522222222E+00  0.7649970351E+05
  0.3525000000E+00  0.7636803534E+05
  0.3527777778E+00  0.7623636808E+05
  0.3530555556E+00  0.7610470093E+05
  0.3533333333E+00  0.7597303266E+05
  0.3536111111E+00  0.7584136551E+05
  0.3538888889E+00  0.7570969825E+05
  0.3541666667E+00  0.7557803009E+05
  0.3544444444E+00  0.7544636294E+05
  0.3547222222E+00  0.7531469567E+05
  0.3550000000E+00  0.7518302752E+05
  0.3552777778E+00  0.7507899040E+05
  0.3555555556E+00  0.7497495196E+05
  0.3558333333E+00  0.7487091351E+05
  0.3561111111E+00  0.7476687652E+05
  0.3563888889E+00  0.7466283806E+05
  0.3566666667E+00  0.7455879962E+05
  0.3569444444E+00  0.7445476229E+05
  0.3572222222E+00  0.7435072418E+05
  0.3575000000E+00  0.7424668573E+05
  0.3577777778E+00  0.7414264828E+05
  0.3580555556E+00  0.7403860994E+05
  0.3583333333E+00  0.7393457184E+05
  0.3586111111E+00  0.7383053439E+05
  0.3588888889E+00  0.7372649594E+05
  0.3591666667E+00  0.7362245761E+05
  0.3594444444E+00  0.7351842050E+05
  0.3597222222E+00  0.7341438205E+05
  0.3600000000E+00  0.7331034360E+05
  0.3602777778E+00  0.7323578616E+05
  0.3605555556E+00  0.7316122739E+05
  0.3608333333E+00  0.7308666895E+05
  0.3611111111E+00  0.7301211017E+05
  0.3613888889E+00  0.7293755262E+05
  0.3616666667E+00  0.7286299385E+05
  0.3619444444E+00  0.7278843508E+05
  0.3622222222E+00  0.7271387763E+05
  0.3625000000E+00  0.7263931885E+05
  0.3627777778E+00  0.7256476030E+05
  0.3630555556E+00  0.7249020153E+05
  0.3633333333E+00  0.7241564409E+05
  0.3636111111E+00  0.7234108532E+05
  0.3638888889E+00  0.7226652688E+05
  0.3641666667E+00  0.7219196899E+05
  0.3644444444E+00  0.7211741055E+05
  0.3647222222E+00  0.7204285177E+05
  0.3650000000E+00  0.7196829333E+05
  0.3652777778E+00  0.7192385169E+05
  0.3655555556E+00  0.7187940916E+05
  0.3658333333E+00  0.7183496697E+05
  0.3661111111E+00  0.7179052433E+05
  0.3663888889E+00  0.7174608213E+05
  0.3666666667E+00  0.7170163961E+05
  0.3669444444E+00  0.7165719729E+05
  0.3672222222E+00  0.7161275477E+05
  0.3675000000E+00  0.7156831223E+05
  0.3677777778E+00  0.7152387093E+05
  0.3680555556E+00  0.7147942840E+05
  0.3683333333E+00  0.7143498621E+05
  0.3686111111E+00  0.7139054356E+05
  0.3688888889E+00  0.7134610137E+05
  0.3691666667E+00  0.7130165884E+05
  0.3694444444E+00  0.7125721653E+05
  0.3697222222E+00  0.7121277441E+05
  0.3700000000E+00  0.7116833197E+05
  0.3702777778E+00  0.7115338346E+05
  0.3705555556E+00  0.7113843462E+05
  0.3708333333E+00  0.7112348577E+05
  0.3711111111E+00  0.7110853726E+05
  0.3713888889E+00  0.7109358841E+05
  0.3716666667E+00  0.7107863947E+05
  0.3719444444E+00  0.7106369096E+05
  0.3722222222E+00  0.7104874210E+05
  0.3725000000E+00  0.7103379325E+05
  0.3727777778E+00  0.7101884485E+05
  0.3730555556E+00  0.7100389601E+05
  0.3733333333E+00  0.7098894716E+05
  0.3736111111E+00  0.7097399865E+05
  0.3738888889E+00  0.7095904981E+05
  0.3741666667E+00  0.7094410096E+05
  0.3744444444E+00  0.7092915245E+05
  0.3747222222E+00  0.7091420359E+05
  0.3750000000E+00  0.7089925475E+05
  0.3752777778E+00  0.7091205248E+05
  0.3755555556E+00  0.7092485010E+05
  0.3758333333E+00  0.7093764783E+05
  0.3761111111E+00  0.7095044545E+05
  0.3763888889E+00  0.7096324306E+05
  0.3766666667E+00  0.7097604079E+05
  0.3769444444E+00  0.7098883841E+05
  0.3772222222E+00  0.7100163604E+05
  0.3775000000E+00  0.7101443366E+05
  0.3777777778E+00  0.7102723138E+05
  0.3780555556E+00  0.7104002901E+05
  0.3783333333E+00  0.7105282640E+05
  0.3786111111E+00  0.7106562402E+05
  0.3788888889E+00  0.7107842175E+05
  0.3791666667E+00  0.7109121936E+05
  0.3794444444E+00  0.7110401699E+05
  0.3797222222E+00  0.7111681471E+05
  0.3800000000E+00  0.7112961233E+05
  0.3802777778E+00  0.7116728690E+05
  0.3805555556E+00  0.7120496169E+05
  0.3808333333E+00  0.7124263614E+05
  0.3811111111E+00  0.7128031103E+05
  0.3813888889E+00  0.7131798549E+05
  0.3816666667E+00  0.7135565996E+05
  0.3819444444E+00  0.7139333475E+05
  0.3822222222E+00  0.7143100920E+05
  0.3825000000E+00  0.7146868420E+05
  0.3827777778E+00  0.7150635866E+05
  0.3830555556E+00  0.7154403345E+05
  0.3833333333E+00  0.7158170791E+05
  0.3836111111E+00  0.7161938236E+05
  0.3838888889E+00  0.7165705716E+05
  0.3841666667E+00  0.7169473172E+05
  0.3844444444E+00  0.7173240662E+05
  0.3847222222E+00  0.7177008108E+05
  0.3850000000E+00  0.7180775553E+05
  0.3852777778E+00  0.7186665030E+05
  0.3855555556E+00  0.7192554464E+05
  0.3858333333E+00  0.7198443952E+05
  0.3861111111E+00  0.7204333429E+05
  0.3863888889E+00  0.7210222864E+05
  0.3866666667E+00  0.7216112351E+05
  0.3869444444E+00  0.7222001795E+05
  0.3872222222E+00  0.7227891262E+05
  0.3875000000E+00  0.7233780717E+05
  0.3877777778E+00  0.7239670184E+05
  0.3880555556E+00  0.7245559628E+05
  0.3883333333E+00  0.7251449116E+05
  0.3886111111E+00  0.7257338549E+05
  0.3888888889E+00  0.7263228027E+05
  0.3891666667E+00  0.7269117471E+05
  0.3894444444E+00  0.7275006948E+05
  0.3897222222E+00  0.7280896392E+05
  0.3900000000E+00  0.7286785870E+05
  0.3902777778E+00  0.7294349857E+05
  0.3905555556E+00  0.7301913834E+05
  0.3908333333E+00  0.7309477822E+05
  0.3911111111E+00  0.7317041799E+05
  0.3913888889E+00  0.7324605797E+05
  0.3916666667E+00  0.7332169774E+05
  0.3919444444E+00  0.7339733751E+05
  0.3922222222E+00  0.7347297749E+05
  0.3925000000E+00  0.7354861726E+05
  0.3927777778E+00  0.7362425714E+05
  0.3930555556E+00  0.7369989701E+05
  0.3933333333E+00  0.7377553678E+05
  0.3936111111E+00  0.7385117633E+05
  0.3938888889E+00  0.7392681620E+05
  0.3941666667E+00  0.7400245596E+05
  0.3944444444E+00  0.7407809584E+05
  0.3947222222E+00  0.7415373561E+05
  0.3950000000E+00  0.7422937560E+05
  0.3952777778E+00  0.7431690896E+05
  0.3955555556E+00  0.7440444230E+05
  0.3958333333E+00  0.7449197565E+05
  0.3961111111E+00  0.7457950879E+05
  0.3963888889E+00  0.7466704192E+05
  0.3966666667E+00  0.7475457539E+05
  0.3969444444E+00  0.7484210853E+05
  0.3972222222E+00  0.7492964065E+05
  0.3975000000E+00  0.7501717412E+05
  0.3977777778E+00  0.7510470725E+05
  0.3980555556E+00  0.7519224073E+05
  0.3983333333E+00  0.7527977386E+05
  0.3986111111E+00  0.7536730699E+05
  0.3988888889E+00  0.7545484047E+05
  0.3991666667E+00  0.7554237359E+05
  0.3994444444E+00  0.7562990673E+05
  0.3997222222E+00  0.7571744019E+05
  0.4000000000E+00  0.7580497333E+05
  0.4002777778E+00  0.7589925794E+05
  0.4005555556E+00  0.7599354187E+05
  0.4008333333E+00  0.7608782648E+05
  0.4011111111E+00  0.7618211108E+05
  0.4013888889E+00  0.7627639502E+05
  0.4016666667E+00  0.7637067962E+05
  0.4019444444E+00  0.7646496356E+05
  0.4022222222E+00  0.7655924817E+05
  0.4025000000E+00  0.7665353276E+05
  0.4027777778E+00  0.7674781671E+05
  0.4030555556E+00  0.7684210132E+05
  0.4033333333E+00  0.7693638591E+05
  0.4036111111E+00  0.7703066986E+05
  0.4038888889E+00  0.7712495445E+05
  0.4041666667E+00  0.7721923906E+05
  0.4044444444E+00  0.7731352299E+05
  0.4047222222E+00  0.7740780760E+05
  0.4050000000E+00  0.7750209221E+05
  0.4052777778E+00  0.7759800156E+05
  0.4055555556E+00  0.7769391203E+05
  0.4058333333E+00  0.7778982249E+05
  0.4061111111E+00  0.7788573295E+05
  0.4063888889E+00  0.7798164297E+05
  0.4066666667E+00  0.7807755343E+05
  0.4069444444E+00  0.7817346290E+05
  0.4072222222E+00  0.7826937336E+05
  0.4075000000E+00  0.7836528382E+05
  0.4077777778E+00  0.7846119418E+05
  0.4080555556E+00  0.7855710431E+05
  0.4083333333E+00  0.7865301377E+05
  0.4086111111E+00  0.7874892425E+05
  0.4088888889E+00  0.7884483459E+05
  0.4091666667E+00  0.7894074506E+05
  0.4094444444E+00  0.7903665519E+05
  0.4097222222E+00  0.7913256565E+05
  0.4100000000E+00  0.7922847512E+05
  0.4102777778E+00  0.7932112248E+05
  0.4105555556E+00  0.7941376850E+05
  0.4108333333E+00  0.7950641488E+05
  0.4111111111E+00  0.7959906223E+05
  0.4113888889E+00  0.7969170860E+05
  0.4116666667E+00  0.7978435463E+05
  0.4119444444E+00  0.7987700210E+05
  0.4122222222E+00  0.7996964847E+05
  0.4125000000E+00  0.8006229449E+05
  0.4127777778E+00  0.8015494187E+05
  0.4130555556E+00  0.8024758822E+05
  0.4133333333E+00  0.8034023458E+05
  0.4136111111E+00  0.8043288172E+05
  0.4138888889E+00  0.8052552809E+05
  0.4141666667E+00  0.8061817445E+05
  0.4144444444E+00  0.8071082148E+05
  0.4147222222E+00  0.8080346785E+05
  0.4150000000E+00  0.8089611421E+05
  0.4152777778E+00  0.8098101754E+05
  0.4155555556E+00  0.8106591985E+05
  0.4158333333E+00  0.8115082218E+05
  0.4161111111E+00  0.8123572584E+05
  0.4163888889E+00  0.8132062816E+05
  0.4166666667E+00  0.8140553049E+05
  0.4169444444E+00  0.8149043371E+05
  0.4172222222E+00  0.8157533603E+05
  0.4175000000E+00  0.8166023868E+05
  0.4177777778E+00  0.8174514101E+05
  0.4180555556E+00  0.8183004434E+05
  0.4183333333E+00  0.8191494666E+05
  0.4186111111E+00  0.8199984899E+05
  0.4188888889E+00  0.8208475220E+05
  0.4191666667E+00  0.8216965486E+05
  0.4194444444E+00  0.8225455718E+05
  0.4197222222E+00  0.8233946051E+05
  0.4200000000E+00  0.8242436284E+05
  0.4202777778E+00  0.8249767652E+05
  0.4205555556E+00  0.8257099087E+05
  0.4208333333E+00  0.8264430445E+05
  0.4211111111E+00  0.8271761880E+05
  0.4213888889E+00  0.8279093216E+05
  0.4216666667E+00  0.8286424685E+05
  0.4219444444E+00  0.8293756021E+05
  0.4222222222E+00  0.8301087489E+05
  0.4225000000E+00  0.8308418813E+05
  0.4227777778E+00  0.8315750183E+05
  0.4230555556E+00  0.8323081618E+05
  0.4233333333E+00  0.8330412987E+05
  0.4236111111E+00  0.8337744422E+05
  0.4238888889E+00  0.8345075790E+05
  0.4241666667E+00  0.8352407215E+05
  0.4244444444E+00  0.8359738584E+05
  0.4247222222E+00  0.8367070020E+05
  0.4250000000E+00  0.8374401355E+05
  0.4252777778E+00  0.8380264187E+05
  0.4255555556E+00  0.8386126975E+05
  0.4258333333E+00  0.8391989774E+05
  0.4261111111E+00  0.8397852572E+05
  0.4263888889E+00  0.8403715360E+05
  0.4266666667E+00  0.8409578192E+05
  0.4269444444E+00  0.8415440991E+05
  0.4272222222E+00  0.8421303789E+05
  0.4275000000E+00  0.8427166577E+05
  0.4277777778E+00  0.8433029277E+05
  0.4280555556E+00  0.8438892075E+05
  0.4283333333E+00  0.8444754907E+05
  0.4286111111E+00  0.8450617695E+05
  0.4288888889E+00  0.8456480494E+05
  0.4291666667E+00  0.8462343292E+05
  0.4294444444E+00  0.8468206079E+05
  0.4297222222E+00  0.8474068913E+05
  0.4300000000E+00  0.8479931711E+05
  0.4302777778E+00  0.8484102046E+05
  0.4305555556E+00  0.8488272445E+05
  0.4308333333E+00  0.8492442769E+05
  0.4311111111E+00  0.8496613203E+05
  0.4313888889E+00  0.8500783538E+05
  0.4316666667E+00  0.8504953971E+05
  0.4319444444E+00  0.8509124272E+05
  0.4322222222E+00  0.8513294606E+05
  0.4325000000E+00  0.8517465041E+05
  0.4327777778E+00  0.8521635363E+05
  0.4330555556E+00  0.8525805798E+05
  0.4333333333E+00  0.8529976098E+05
  0.4336111111E+00  0.8534146533E+05
  0.4338888889E+00  0.8538316866E+05
  0.4341666667E+00  0.8542487301E+05
  0.4344444444E+00  0.8546657635E+05
  0.4347222222E+00  0.8550827925E+05
  0.4350000000E+00  0.8554998359E+05
  0.4352777778E+00  0.8557343336E+05
  0.4355555556E+00  0.8559688325E+05
  0.4358333333E+00  0.8562033403E+05
  0.4361111111E+00  0.8564378414E+05
  0.4363888889E+00  0.8566723392E+05
  0.4366666667E+00  0.8569068469E+05
  0.4369444444E+00  0.8571413447E+05
  0.4372222222E+00  0.8573758425E+05
  0.4375000000E+00  0.8576103513E+05
  0.4377777778E+00  0.8578448491E+05
  0.4380555556E+00  0.8580793469E+05
  0.4383333333E+00  0.8583138446E+05
  0.4386111111E+00  0.8585483524E+05
  0.4388888889E+00  0.8587828535E+05
  0.4391666667E+00  0.8590173512E+05
  0.4394444444E+00  0.8592518590E+05
  0.4397222222E+00  0.8594863578E+05
  0.4400000000E+00  0.8597208556E+05
  0.4402777778E+00  0.8597689539E+05
  0.4405555556E+00  0.8598170554E+05
  0.4408333333E+00  0.8598651538E+05
  0.4411111111E+00  0.8599132520E+05
  0.4413888889E+00  0.8599613536E+05
  0.4416666667E+00  0.8600094518E+05
  0.4419444444E+00  0.8600575501E+05
  0.4422222222E+00  0.8601056517E+05
  0.4425000000E+00  0.8601537510E+05
  0.4427777778E+00  0.8602018494E+05
  0.4430555556E+00  0.8602499510E+05
  0.4433333333E+00  0.8602980492E+05
  0.4436111111E+00  0.8603461475E+05
  0.4438888889E+00  0.8603942490E+05
  0.4441666667E+00  0.8604423473E+05
  0.4444444444E+00  0.8604904455E+05
  0.4447222222E+00  0.8605385471E+05
  0.4450000000E+00  0.8605866455E+05
  0.4452777778E+00  0.8604528954E+05
  0.4455555556E+00  0.8603191398E+05
  0.4458333333E+00  0.8601853896E+05
  0.4461111111E+00  0.8600516329E+05
  0.4463888889E+00  0.8599178728E+05
  0.4466666667E+00  0.8597841262E+05
  0.4469444444E+00  0.8596503660E+05
  0.4472222222E+00  0.8595166160E+05
  0.4475000000E+00  0.8593828592E+05
  0.4477777778E+00  0.8592491102E+05
  0.4480555556E+00  0.8591153535E+05
  0.4483333333E+00  0.8589815935E+05
  0.4486111111E+00  0.8588478467E+05
  0.4488888889E+00  0.8587140866E+05
  0.4491666667E+00  0.8585803399E+05
  0.4494444444E+00  0.8584465798E+05
  0.4497222222E+00  0.8583128297E+05
  0.4500000000E+00  0.8581790742E+05
  0.4502777778E+00  0.8578762703E+05
  0.4505555556E+00  0.8575734632E+05
  0.4508333333E+00  0.8572706505E+05
  0.4511111111E+00  0.8569678468E+05
  0.4513888889E+00  0.8566650441E+05
  0.4516666667E+00  0.8563622370E+05
  0.4519444444E+00  0.8560594243E+05
  0.4522222222E+00  0.8557566205E+05
  0.4525000000E+00  0.8554538133E+05
  0.4527777778E+00  0.8551510107E+05
  0.4530555556E+00  0.8548482069E+05
  0.4533333333E+00  0.8545453943E+05
  0.4536111111E+00  0.8542425871E+05
  0.4538888889E+00  0.8539397845E+05
  0.4541666667E+00  0.8536369806E+05
  0.4544444444E+00  0.8533341669E+05
  0.4547222222E+00  0.8530313608E+05
  0.4550000000E+00  0.8527285571E+05
  0.4552777778E+00  0.8522766384E+05
  0.4555555556E+00  0.8518247132E+05
  0.4558333333E+00  0.8513727945E+05
  0.4561111111E+00  0.8509208760E+05
  0.4563888889E+00  0.8504689574E+05
  0.4566666667E+00  0.8500170321E+05
  0.4569444444E+00  0.8495651124E+05
  0.4572222222E+00  0.8491131937E+05
  0.4575000000E+00  0.8486612785E+05
  0.4577777778E+00  0.8482093500E+05
  0.4580555556E+00  0.8477574313E+05
  0.4583333333E+00  0.8473055127E+05
  0.4586111111E+00  0.8468535974E+05
  0.4588888889E+00  0.8464016777E+05
  0.4591666667E+00  0.8459497492E+05
  0.4594444444E+00  0.8454978338E+05
  0.4597222222E+00  0.8450459153E+05
  0.4600000000E+00  0.8445939966E+05
  0.4602777778E+00  0.8440182689E+05
  0.4605555556E+00  0.8434425478E+05
  0.4608333333E+00  0.8428668200E+05
  0.4611111111E+00  0.8422911012E+05
  0.4613888889E+00  0.8417153801E+05
  0.4616666667E+00  0.8411396523E+05
  0.4619444444E+00  0.8405639312E+05
  0.4622222222E+00  0.8399882135E+05
  0.4625000000E+00  0.8394124857E+05
  0.4627777778E+00  0.8388367646E+05
  0.4630555556E+00  0.8382610369E+05
  0.4633333333E+00  0.8376853179E+05
  0.4636111111E+00  0.8371095969E+05
  0.4638888889E+00  0.8365338692E+05
  0.4641666667E+00  0.8359581480E+05
  0.4644444444E+00  0.8353824303E+05
  0.4647222222E+00  0.8348067026E+05
  0.4650000000E+00  0.8342309814E+05
  0.4652777778E+00  0.8335607089E+05
  0.4655555556E+00  0.8328904508E+05
  0.4658333333E+00  0.8322201783E+05
  0.4661111111E+00  0.8315499069E+05
  0.4663888889E+00  0.8308796443E+05
  0.4666666667E+00  0.8302093730E+05
  0.4669444444E+00  0.8295391037E+05
  0.4672222222E+00  0.8288688423E+05
  0.4675000000E+00  0.8281985698E+05
  0.4677777778E+00  0.8275282983E+05
  0.4680555556E+00  0.8268580358E+05
  0.4683333333E+00  0.8261877678E+05
  0.4686111111E+00  0.8255174952E+05
  0.4688888889E+00  0.8248472337E+05
  0.4691666667E+00  0.8241769624E+05
  0.4694444444E+00  0.8235066898E+05
  0.4697222222E+00  0.8228364317E+05
  0.4700000000E+00  0.8221661592E+05
  0.4702777778E+00  0.8214329070E+05
  0.4705555556E+00  0.8206996582E+05
  0.4708333333E+00  0.8199664093E+05
  0.4711111111E+00  0.8192331572E+05
  0.4713888889E+00  0.8184999094E+05
  0.4716666667E+00  0.8177666472E+05
  0.4719444444E+00  0.8170333983E+05
  0.4722222222E+00  0.8163001495E+05
  0.4725000000E+00  0.8155668973E+05
  0.4727777778E+00  0.8148336484E+05
  0.4730555556E+00  0.8141003963E+05
  0.4733333333E+00  0.8133671474E+05
  0.4736111111E+00  0.8126338986E+05
  0.4738888889E+00  0.8119006464E+05
  0.4741666667E+00  0.8111673976E+05
  0.4744444444E+00  0.8104341498E+05
  0.4747222222E+00  0.8097008977E+05
  0.4750000000E+00  0.8089676488E+05
  0.4752777778E+00  0.8082035371E+05
  0.4755555556E+00  0.8074394366E+05
  0.4758333333E+00  0.8066753394E+05
  0.4761111111E+00  0.8059112277E+05
  0.4763888889E+00  0.8051471272E+05
  0.4766666667E+00  0.8043830267E+05
  0.4769444444E+00  0.8036189183E+05
  0.4772222222E+00  0.8028548177E+05
  0.4775000000E+00  0.8020907161E+05
  0.4777777778E+00  0.8013266139E+05
  0.4780555556E+00  0.8005625103E+05
  0.4783333333E+00  0.7997984057E+05
  0.4786111111E+00  0.7990343055E+05
  0.4788888889E+00  0.7982702020E+05
  0.4791666667E+00  0.7975060964E+05
  0.4794444444E+00  0.7967419927E+05
  0.4797222222E+00  0.7959778925E+05
  0.4800000000E+00  0.7952137878E+05
  0.4802777778E+00  0.7944497000E+05
  0.4805555556E+00  0.7936856133E+05
  0.4808333333E+00  0.7929215299E+05
  0.4811111111E+00  0.7921574420E+05
  0.4813888889E+00  0.7913933542E+05
  0.4816666667E+00  0.7906292664E+05
  0.4819444444E+00  0.7898651797E+05
  0.4822222222E+00  0.7891010919E+05
  0.4825000000E+00  0.7883370084E+05
  0.4827777778E+00  0.7875729206E+05
  0.4830555556E+00  0.7868088328E+05
  0.4833333333E+00  0.7860447460E+05
  0.4836111111E+00  0.7852806582E+05
  0.4838888889E+00  0.7845165747E+05
  0.4841666667E+00  0.7837524869E+05
  0.4844444444E+00  0.7829883991E+05
  0.4847222222E+00  0.7822243124E+05
  0.4850000000E+00  0.7814602246E+05
  0.4852777778E+00  0.7807246646E+05
  0.4855555556E+00  0.7799891002E+05
  0.4858333333E+00  0.7792535357E+05
  0.4861111111E+00  0.7785179747E+05
  0.4863888889E+00  0.7777824103E+05
  0.4866666667E+00  0.7770468493E+05
  0.4869444444E+00  0.7763112848E+05
  0.4872222222E+00  0.7755757205E+05
  0.4875000000E+00  0.7748401594E+05
  0.4877777778E+00  0.7741045951E+05
  0.4880555556E+00  0.7733690316E+05
  0.4883333333E+00  0.7726334706E+05
  0.4886111111E+00  0.7718979062E+05
  0.4888888889E+00  0.7711623452E+05
  0.4891666667E+00  0.7704267807E+05
  0.4894444444E+00  0.7696912163E+05
  0.4897222222E+00  0.7689556553E+05
  0.4900000000E+00  0.7682200908E+05
  0.4902777778E+00  0.7675377060E+05
  0.4905555556E+00  0.7668553213E+05
  0.4908333333E+00  0.7661729332E+05
  0.4911111111E+00  0.7654905473E+05
  0.4913888889E+00  0.7648081625E+05
  0.4916666667E+00  0.7641257777E+05
  0.4919444444E+00  0.7634433929E+05
  0.4922222222E+00  0.7627610048E+05
  0.4925000000E+00  0.7620786189E+05
  0.4927777778E+00  0.7613962342E+05
  0.4930555556E+00  0.7607138494E+05
  0.4933333333E+00  0.7600314603E+05
  0.4936111111E+00  0.7593490744E+05
  0.4938888889E+00  0.7586666896E+05
  0.4941666667E+00  0.7579843048E+05
  0.4944444444E+00  0.7573019201E+05
  0.4947222222E+00  0.7566195319E+05
  0.4950000000E+00  0.7559371460E+05
