  0.1027777778E-01  0.2257694503E+08
  0.1055555556E-01  0.2255108972E+08
  0.1083333333E-01  0.2252523484E+08
  0.1111111111E-01  0.2249937986E+08
  0.1138888889E-01  0.2247352498E+08
  0.1166666667E-01  0.2244767000E+08
  0.1194444444E-01  0.2242181502E+08
  0.1222222222E-01  0.2239596014E+08
  0.1250000000E-01  0.2237010516E+08
  0.1277777778E-01  0.2234424984E+08
  0.1305555556E-01  0.2231839486E+08
  0.1333333333E-01  0.2229253998E+08
  0.1361111111E-01  0.2226668500E+08
  0.1388888889E-01  0.2224083002E+08
  0.1416666667E-01  0.2221497514E+08
  0.1444444444E-01  0.2218912016E+08
  0.1472222222E-01  0.2216326529E+08
  0.1500000000E-01  0.2213740997E+08
  0.1527777778E-01  0.2210206967E+08
  0.1555555556E-01  0.2206672937E+08
  0.1583333333E-01  0.2203138918E+08
  0.1611111111E-01  0.2199604888E+08
  0.1638888889E-01  0.2196070858E+08
  0.1666666667E-01  0.2192536838E+08
  0.1694444444E-01  0.2189002808E+08
  0.1722222222E-01  0.2185468778E+08
  0.1750000000E-01  0.2181934748E+08
  0.1777777778E-01  0.2178400718E+08
  0.1805555556E-01  0.2174866688E+08
  0.1833333333E-01  0.2171332669E+08
  0.1861111111E-01  0.2167798639E+08
  0.1888888889E-01  0.2164264609E+08
  0.1916666667E-01  0.2160730578E+08
  0.1944444444E-01  0.2157196549E+08
  0.1972222222E-01  0.2153662528E+08
  0.2000000000E-01  0.2150128499E+08
  0.2027777778E-01  0.2145726103E+08
  0.2055555556E-01  0.2141323740E+08
  0.2083333333E-01  0.2136921366E+08
  0.2111111111E-01  0.2132519004E+08
  0.2138888889E-01  0.2128116641E+08
  0.2166666667E-01  0.2123714277E+08
  0.2194444444E-01  0.2119311915E+08
  0.2222222222E-01  0.2114909552E+08
  0.2250000000E-01  0.2110507156E+08
  0.2277777778E-01  0.2106104782E+08
  0.2305555556E-01  0.2101702420E+08
  0.2333333333E-01  0.2097300067E+08
  0.2361111111E-01  0.2092897693E+08
  0.2388888889E-01  0.2088495331E+08
  0.2416666667E-01  0.2084092968E+08
  0.2444444444E-01  0.2079690572E+08
  0.2472222222E-01  0.2075288199E+08
  0.2500000000E-01  0.2070885846E+08
  0.2527777778E-01  0.2065714619E+08
  0.2555555556E-01  0.2060543436E+08
  0.2583333333E-01  0.2055372208E+08
  0.2611111111E-01  0.2050200991E+08
  0.2638888889E-01  0.2045029764E+08
  0.2666666667E-01  0.2039858591E+08
  0.2694444444E-01  0.2034687374E+08
  0.2722222222E-01  0.2029516147E+08
  0.2750000000E-01  0.2024344929E+08
  0.2777777778E-01  0.2019173703E+08
  0.2805555556E-01  0.2014002519E+08
  0.2833333333E-01  0.2008831292E+08
  0.2861111111E-01  0.2003660075E+08
  0.2888888889E-01  0.1998488858E+08
  0.2916666667E-01  0.1993317663E+08
  0.2944444444E-01  0.1988146457E+08
  0.2972222222E-01  0.1982975231E+08
  0.3000000000E-01  0.1977804013E+08
  0.3027777778E-01  0.1971978939E+08
  0.3055555556E-01  0.1966153844E+08
  0.3083333333E-01  0.1960328771E+08
  0.3111111111E-01  0.1954503666E+08
  0.3138888889E-01  0.1948678559E+08
  0.3166666667E-01  0.1942853497E+08
  0.3194444444E-01  0.1937028390E+08
  0.3222222222E-01  0.1931203328E+08
  0.3250000000E-01  0.1925378221E+08
  0.3277777778E-01  0.1919553148E+08
  0.3305555556E-01  0.1913728052E+08
  0.3333333333E-01  0.1907902945E+08
  0.3361111111E-01  0.1902077883E+08
  0.3388888889E-01  0.1896252767E+08
  0.3416666667E-01  0.1890427704E+08
  0.3444444444E-01  0.1884602598E+08
  0.3472222222E-01  0.1878777535E+08
  0.3500000000E-01  0.1872952430E+08
  0.3527777778E-01  0.1866597507E+08
  0.3555555556E-01  0.1860242575E+08
  0.3583333333E-01  0.1853887641E+08
  0.3611111111E-01  0.1847532730E+08
  0.3638888889E-01  0.1841177798E+08
  0.3666666667E-01  0.1834822864E+08
  0.3694444444E-01  0.1828467943E+08
  0.3722222222E-01  0.1822113009E+08
  0.3750000000E-01  0.1815758077E+08
  0.3777777778E-01  0.1809403155E+08
  0.3805555556E-01  0.1803048232E+08
  0.3833333333E-01  0.1796693299E+08
  0.3861111111E-01  0.1790338377E+08
  0.3888888889E-01  0.1783983445E+08
  0.3916666667E-01  0.1777628512E+08
  0.3944444444E-01  0.1771273590E+08
  0.3972222222E-01  0.1764918657E+08
  0.4000000000E-01  0.1758563734E+08
  0.4027777778E-01  0.1751811061E+08
  0.4055555556E-01  0.1745058366E+08
  0.4083333333E-01  0.1738305703E+08
  0.4111111111E-01  0.1731552997E+08
  0.4138888889E-01  0.1724800334E+08
  0.4166666667E-01  0.1718047639E+08
  0.4194444444E-01  0.1711294975E+08
  0.4222222222E-01  0.1704542269E+08
  0.4250000000E-01  0.1697789596E+08
  0.4277777778E-01  0.1691036899E+08
  0.4305555556E-01  0.1684284238E+08
  0.4333333333E-01  0.1677531541E+08
  0.4361111111E-01  0.1670778869E+08
  0.4388888889E-01  0.1664026163E+08
  0.4416666667E-01  0.1657273499E+08
  0.4444444444E-01  0.1650520804E+08
  0.4472222222E-01  0.1643768141E+08
  0.4500000000E-01  0.1637015435E+08
  0.4527777778E-01  0.1629999123E+08
  0.4555555556E-01  0.1622982812E+08
  0.4583333333E-01  0.1615966477E+08
  0.4611111111E-01  0.1608950165E+08
  0.4638888889E-01  0.1601933854E+08
  0.4666666667E-01  0.1594917498E+08
  0.4694444444E-01  0.1587901186E+08
  0.4722222222E-01  0.1580884875E+08
  0.4750000000E-01  0.1573868530E+08
  0.4777777778E-01  0.1566852219E+08
  0.4805555556E-01  0.1559835916E+08
  0.4833333333E-01  0.1552819606E+08
  0.4861111111E-01  0.1545803261E+08
  0.4888888889E-01  0.1538786950E+08
  0.4916666667E-01  0.1531770638E+08
  0.4944444444E-01  0.1524754282E+08
  0.4972222222E-01  0.1517737970E+08
  0.5000000000E-01  0.1510721669E+08
  0.5027777778E-01  0.1503574045E+08
  0.5055555556E-01  0.1496426444E+08
  0.5083333333E-01  0.1489278853E+08
  0.5111111111E-01  0.1482131229E+08
  0.5138888889E-01  0.1474983628E+08
  0.5166666667E-01  0.1467836037E+08
  0.5194444444E-01  0.1460688413E+08
  0.5222222222E-01  0.1453540812E+08
  0.5250000000E-01  0.1446393188E+08
  0.5277777778E-01  0.1439245587E+08
  0.5305555556E-01  0.1432097996E+08
  0.5333333333E-01  0.1424950372E+08
  0.5361111111E-01  0.1417802771E+08
  0.5388888889E-01  0.1410655181E+08
  0.5416666667E-01  0.1403507557E+08
  0.5444444444E-01  0.1396359955E+08
  0.5472222222E-01  0.1389212365E+08
  0.5500000000E-01  0.1382064730E+08
  0.5527777778E-01  0.1374912434E+08
  0.5555555556E-01  0.1367760084E+08
  0.5583333333E-01  0.1360607767E+08
  0.5611111111E-01  0.1353455438E+08
  0.5638888889E-01  0.1346303122E+08
  0.5666666667E-01  0.1339150771E+08
  0.5694444444E-01  0.1331998476E+08
  0.5722222222E-01  0.1324846126E+08
  0.5750000000E-01  0.1317693809E+08
  0.5777777778E-01  0.1310541480E+08
  0.5805555556E-01  0.1303389163E+08
  0.5833333333E-01  0.1296236813E+08
  0.5861111111E-01  0.1289084517E+08
  0.5888888889E-01  0.1281932167E+08
  0.5916666667E-01  0.1274779850E+08
  0.5944444444E-01  0.1267627521E+08
  0.5972222222E-01  0.1260475205E+08
  0.6000000000E-01  0.1253322861E+08
  0.6027777778E-01  0.1246283759E+08
  0.6055555556E-01  0.1239244647E+08
  0.6083333333E-01  0.1232205537E+08
  0.6111111111E-01  0.1225166424E+08
  0.6138888889E-01  0.1218127302E+08
  0.6166666667E-01  0.1211088203E+08
  0.6194444444E-01  0.1204049091E+08
  0.6222222222E-01  0.1197009978E+08
  0.6250000000E-01  0.1189970868E+08
  0.6277777778E-01  0.1182931756E+08
  0.6305555556E-01  0.1175892643E+08
  0.6333333333E-01  0.1168853544E+08
  0.6361111111E-01  0.1161814422E+08
  0.6388888889E-01  0.1154775309E+08
  0.6416666667E-01  0.1147736199E+08
  0.6444444444E-01  0.1140697087E+08
  0.6472222222E-01  0.1133657985E+08
  0.6500000000E-01  0.1126618875E+08
  0.6527777778E-01  0.1119798541E+08
  0.6555555556E-01  0.1112978216E+08
  0.6583333333E-01  0.1106157892E+08
  0.6611111111E-01  0.1099337558E+08
  0.6638888889E-01  0.1092517244E+08
  0.6666666667E-01  0.1085696909E+08
  0.6694444444E-01  0.1078876585E+08
  0.6722222222E-01  0.1072056265E+08
  0.6750000000E-01  0.1065235940E+08
  0.6777777778E-01  0.1058415610E+08
  0.6805555556E-01  0.1051595289E+08
  0.6833333333E-01  0.1044774959E+08
  0.6861111111E-01  0.1037954638E+08
  0.6888888889E-01  0.1031134307E+08
  0.6916666667E-01  0.1024313977E+08
  0.6944444444E-01  0.1017493657E+08
  0.6972222222E-01  0.1010673326E+08
  0.7000000000E-01  0.1003853009E+08
  0.7027777778E-01  0.9973429024E+07
  0.7055555556E-01  0.9908328008E+07
  0.7083333333E-01  0.9843227082E+07
  0.7111111111E-01  0.9778126063E+07
  0.7138888889E-01  0.9713025036E+07
  0.7166666667E-01  0.9647924117E+07
  0.7194444444E-01  0.9582823090E+07
  0.7222222222E-01  0.9517722041E+07
  0.7250000000E-01  0.9452621110E+07
  0.7277777778E-01  0.9387520094E+07
  0.7305555556E-01  0.9322419067E+07
  0.7333333333E-01  0.9257318148E+07
  0.7361111111E-01  0.9192217121E+07
  0.7388888889E-01  0.9127116105E+07
  0.7416666667E-01  0.9062015175E+07
  0.7444444444E-01  0.8996914126E+07
  0.7472222222E-01  0.8931813099E+07
  0.7500000000E-01  0.8866712179E+07
  0.7527777778E-01  0.8805465072E+07
  0.7555555556E-01  0.8744218029E+07
  0.7583333333E-01  0.8682970910E+07
  0.7611111111E-01  0.8621723899E+07
  0.7638888889E-01  0.8560476758E+07
  0.7666666667E-01  0.8499229747E+07
  0.7694444444E-01  0.8437982640E+07
  0.7722222222E-01  0.8376735595E+07
  0.7750000000E-01  0.8315488478E+07
  0.7777777778E-01  0.8254241467E+07
  0.7805555556E-01  0.8192994326E+07
  0.7833333333E-01  0.8131747315E+07
  0.7861111111E-01  0.8070500308E+07
  0.7888888889E-01  0.8009253152E+07
  0.7916666667E-01  0.7948006143E+07
  0.7944444444E-01  0.7886759034E+07
  0.7972222222E-01  0.7825511992E+07
  0.8000000000E-01  0.7764264883E+07
  0.8027777778E-01  0.7707456948E+07
  0.8055555556E-01  0.7650649013E+07
  0.8083333333E-01  0.7593841046E+07
  0.8111111111E-01  0.7537033210E+07
  0.8138888889E-01  0.7480225276E+07
  0.8166666667E-01  0.7423417340E+07
  0.8194444444E-01  0.7366609406E+07
  0.8222222222E-01  0.7309801471E+07
  0.8250000000E-01  0.7252993503E+07
  0.8277777778E-01  0.7196185568E+07
  0.8305555556E-01  0.7139377633E+07
  0.8333333333E-01  0.7082569687E+07
  0.8361111111E-01  0.7025761753E+07
  0.8388888889E-01  0.6968953817E+07
  0.8416666667E-01  0.6912145849E+07
  0.8444444444E-01  0.6855337914E+07
  0.8472222222E-01  0.6798529980E+07
  0.8500000000E-01  0.6741722145E+07
  0.8527777778E-01  0.6689764130E+07
  0.8555555556E-01  0.6637806115E+07
  0.8583333333E-01  0.6585848099E+07
  0.8611111111E-01  0.6533890097E+07
  0.8638888889E-01  0.6481932081E+07
  0.8666666667E-01  0.6429974066E+07
  0.8694444444E-01  0.6378016051E+07
  0.8722222222E-01  0.6326058070E+07
  0.8750000000E-01  0.6274100055E+07
  0.8777777778E-01  0.6222142039E+07
  0.8805555556E-01  0.6170184025E+07
  0.8833333333E-01  0.6118226010E+07
  0.8861111111E-01  0.6066267994E+07
  0.8888888889E-01  0.6014309979E+07
  0.8916666667E-01  0.5962351865E+07
  0.8944444444E-01  0.5910393850E+07
  0.8972222222E-01  0.5858435835E+07
  0.9000000000E-01  0.5806477819E+07
  0.9027777778E-01  0.5759614050E+07
  0.9055555556E-01  0.5712750325E+07
  0.9083333333E-01  0.5665886556E+07
  0.9111111111E-01  0.5619022787E+07
  0.9138888889E-01  0.5572159018E+07
  0.9166666667E-01  0.5525295292E+07
  0.9194444444E-01  0.5478431523E+07
  0.9222222222E-01  0.5431567804E+07
  0.9250000000E-01  0.5384704035E+07
  0.9277777778E-01  0.5337840267E+07
  0.9305555556E-01  0.5290976531E+07
  0.9333333333E-01  0.5244112761E+07
  0.9361111111E-01  0.5197248992E+07
  0.9388888889E-01  0.5150385234E+07
  0.9416666667E-01  0.5103521465E+07
  0.9444444444E-01  0.5056657729E+07
  0.9472222222E-01  0.5009793959E+07
  0.9500000000E-01  0.4962930201E+07
  0.9527777778E-01  0.4921247152E+07
  0.9555555556E-01  0.4879564147E+07
  0.9583333333E-01  0.4837881098E+07
  0.9611111111E-01  0.4796198050E+07
  0.9638888889E-01  0.4754515034E+07
  0.9666666667E-01  0.4712831997E+07
  0.9694444444E-01  0.4671148981E+07
  0.9722222222E-01  0.4629465944E+07
  0.9750000000E-01  0.4587782895E+07
  0.9777777778E-01  0.4546099890E+07
  0.9805555556E-01  0.4504416841E+07
  0.9833333333E-01  0.4462733793E+07
  0.9861111111E-01  0.4421050778E+07
  0.9888888889E-01  0.4379367739E+07
  0.9916666667E-01  0.4337684691E+07
  0.9944444444E-01  0.4296001676E+07
  0.9972222222E-01  0.4254318639E+07
  0.1000000000E+00  0.4212635633E+07
  0.1002777778E+00  0.4176074460E+07
  0.1005555556E+00  0.4139513288E+07
  0.1008333333E+00  0.4102952125E+07
  0.1011111111E+00  0.4066390951E+07
  0.1013888889E+00  0.4029829789E+07
  0.1016666667E+00  0.3993268660E+07
  0.1019444444E+00  0.3956707487E+07
  0.1022222222E+00  0.3920146314E+07
  0.1025000000E+00  0.3883585152E+07
  0.1027777778E+00  0.3847023990E+07
  0.1030555556E+00  0.3810462850E+07
  0.1033333333E+00  0.3773901676E+07
  0.1036111111E+00  0.3737340513E+07
  0.1038888889E+00  0.3700779352E+07
  0.1041666667E+00  0.3664218179E+07
  0.1044444444E+00  0.3627657049E+07
  0.1047222222E+00  0.3591095876E+07
  0.1050000000E+00  0.3554534704E+07
  0.1052777778E+00  0.3522916044E+07
  0.1055555556E+00  0.3491297339E+07
  0.1058333333E+00  0.3459678660E+07
  0.1061111111E+00  0.3428059966E+07
  0.1063888889E+00  0.3396441252E+07
  0.1066666667E+00  0.3364822582E+07
  0.1069444444E+00  0.3333203889E+07
  0.1072222222E+00  0.3301585208E+07
  0.1075000000E+00  0.3269966503E+07
  0.1077777778E+00  0.3238347844E+07
  0.1080555556E+00  0.3206729130E+07
  0.1083333333E+00  0.3175110459E+07
  0.1086111111E+00  0.3143491757E+07
  0.1088888889E+00  0.3111873086E+07
  0.1091666667E+00  0.3080254382E+07
  0.1094444444E+00  0.3048635701E+07
  0.1097222222E+00  0.3017017008E+07
  0.1100000000E+00  0.2985398327E+07
  0.1102777778E+00  0.2958436845E+07
  0.1105555556E+00  0.2931475362E+07
  0.1108333333E+00  0.2904513869E+07
  0.1111111111E+00  0.2877552386E+07
  0.1113888889E+00  0.2850590893E+07
  0.1116666667E+00  0.2823629411E+07
  0.1119444444E+00  0.2796667928E+07
  0.1122222222E+00  0.2769706435E+07
  0.1125000000E+00  0.2742744953E+07
  0.1127777778E+00  0.2715783469E+07
  0.1130555556E+00  0.2688821977E+07
  0.1133333333E+00  0.2661860483E+07
  0.1136111111E+00  0.2634899011E+07
  0.1138888889E+00  0.2607937518E+07
  0.1141666667E+00  0.2580976025E+07
  0.1144444444E+00  0.2554014542E+07
  0.1147222222E+00  0.2527053060E+07
  0.1150000000E+00  0.2500091567E+07
  0.1152777778E+00  0.2477423669E+07
  0.1155555556E+00  0.2454755748E+07
  0.1158333333E+00  0.2432087850E+07
  0.1161111111E+00  0.2409419929E+07
  0.1163888889E+00  0.2386751997E+07
  0.1166666667E+00  0.2364084111E+07
  0.1169444444E+00  0.2341416179E+07
  0.1172222222E+00  0.2318748281E+07
  0.1175000000E+00  0.2296080350E+07
  0.1177777778E+00  0.2273412463E+07
  0.1180555556E+00  0.2250744531E+07
  0.1183333333E+00  0.2228076633E+07
  0.1186111111E+00  0.2205408702E+07
  0.1188888889E+00  0.2182740781E+07
  0.1191666667E+00  0.2160072893E+07
  0.1194444444E+00  0.2137404962E+07
  0.1197222222E+00  0.2114737064E+07
  0.1200000000E+00  0.2092069144E+07
  0.1202777778E+00  0.2073274430E+07
  0.1205555556E+00  0.2054479728E+07
  0.1208333333E+00  0.2035685026E+07
  0.1211111111E+00  0.2016890314E+07
  0.1213888889E+00  0.1998095611E+07
  0.1216666667E+00  0.1979300909E+07
  0.1219444444E+00  0.1960506196E+07
  0.1222222222E+00  0.1941711494E+07
  0.1225000000E+00  0.1922916791E+07
  0.1227777778E+00  0.1904122089E+07
  0.1230555556E+00  0.1885327387E+07
  0.1233333333E+00  0.1866532674E+07
  0.1236111111E+00  0.1847737971E+07
  0.1238888889E+00  0.1828943269E+07
  0.1241666667E+00  0.1810148567E+07
  0.1244444444E+00  0.1791353865E+07
  0.1247222222E+00  0.1772559152E+07
  0.1250000000E+00  0.1753764439E+07
  0.1252777778E+00  0.1738388345E+07
  0.1255555556E+00  0.1723012207E+07
  0.1258333333E+00  0.1707636102E+07
  0.1261111111E+00  0.1692259997E+07
  0.1263888889E+00  0.1676883892E+07
  0.1266666667E+00  0.1661507765E+07
  0.1269444444E+00  0.1646131660E+07
  0.1272222222E+00  0.1630755555E+07
  0.1275000000E+00  0.1615379417E+07
  0.1277777778E+00  0.1600003313E+07
  0.1280555556E+00  0.1584627208E+07
  0.1283333333E+00  0.1569251103E+07
  0.1286111111E+00  0.1553874965E+07
  0.1288888889E+00  0.1538498860E+07
  0.1291666667E+00  0.1523122766E+07
  0.1294444444E+00  0.1507746661E+07
  0.1297222222E+00  0.1492370523E+07
  0.1300000000E+00  0.1476994418E+07
  0.1302777778E+00  0.1464570353E+07
  0.1305555556E+00  0.1452146288E+07
  0.1308333333E+00  0.1439722212E+07
  0.1311111111E+00  0.1427298104E+07
  0.1313888889E+00  0.1414874039E+07
  0.1316666667E+00  0.1402449963E+07
  0.1319444444E+00  0.1390025898E+07
  0.1322222222E+00  0.1377601833E+07
  0.1325000000E+00  0.1365177757E+07
  0.1327777778E+00  0.1352753659E+07
  0.1330555556E+00  0.1340329583E+07
  0.1333333333E+00  0.1327905518E+07
  0.1336111111E+00  0.1315481453E+07
  0.1338888889E+00  0.1303057377E+07
  0.1341666667E+00  0.1290633312E+07
  0.1344444444E+00  0.1278209204E+07
  0.1347222222E+00  0.1265785128E+07
  0.1350000000E+00  0.1253361063E+07
  0.1352777778E+00  0.1243427731E+07
  0.1355555556E+00  0.1233494355E+07
  0.1358333333E+00  0.1223561013E+07
  0.1361111111E+00  0.1213627671E+07
  0.1363888889E+00  0.1203694305E+07
  0.1366666667E+00  0.1193760963E+07
  0.1369444444E+00  0.1183827588E+07
  0.1372222222E+00  0.1173894255E+07
  0.1375000000E+00  0.1163960913E+07
  0.1377777778E+00  0.1154027537E+07
  0.1380555556E+00  0.1144094195E+07
  0.1383333333E+00  0.1134160830E+07
  0.1386111111E+00  0.1124227487E+07
  0.1388888889E+00  0.1114294145E+07
  0.1391666667E+00  0.1104360780E+07
  0.1394444444E+00  0.1094427437E+07
  0.1397222222E+00  0.1084494062E+07
  0.1400000000E+00  0.1074560720E+07
  0.1402777778E+00  0.1066678860E+07
  0.1405555556E+00  0.1058796968E+07
  0.1408333333E+00  0.1050915110E+07
  0.1411111111E+00  0.1043033228E+07
  0.1413888889E+00  0.1035151370E+07
  0.1416666667E+00  0.1027269478E+07
  0.1419444444E+00  0.1019387630E+07
  0.1422222222E+00  0.1011505771E+07
  0.1425000000E+00  0.1003623868E+07
  0.1427777778E+00  0.9957420199E+06
  0.1430555556E+00  0.9878601415E+06
  0.1433333333E+00  0.9799782697E+06
  0.1436111111E+00  0.9720964080E+06
  0.1438888889E+00  0.9642145363E+06
  0.1441666667E+00  0.9563326645E+06
  0.1444444444E+00  0.9484507883E+06
  0.1447222222E+00  0.9405689166E+06
  0.1450000000E+00  0.9326870448E+06
  0.1452777778E+00  0.9264515595E+06
  0.1455555556E+00  0.9202160730E+06
  0.1458333333E+00  0.9139805876E+06
  0.1461111111E+00  0.9077450944E+06
  0.1463888889E+00  0.9015096091E+06
  0.1466666667E+00  0.8952741125E+06
  0.1469444444E+00  0.8890386272E+06
  0.1472222222E+00  0.8828031307E+06
  0.1475000000E+00  0.8765676453E+06
  0.1477777778E+00  0.8703321588E+06
  0.1480555556E+00  0.8640966735E+06
  0.1483333333E+00  0.8578611769E+06
  0.1486111111E+00  0.8516256916E+06
  0.1488888889E+00  0.8453901984E+06
  0.1491666667E+00  0.8391547086E+06
  0.1494444444E+00  0.8329192176E+06
  0.1497222222E+00  0.8266837267E+06
  0.1500000000E+00  0.8204482458E+06
  0.1502777778E+00  0.8154970533E+06
  0.1505555556E+00  0.8105458674E+06
  0.1508333333E+00  0.8055946838E+06
  0.1511111111E+00  0.8006434980E+06
  0.1513888889E+00  0.7956923155E+06
  0.1516666667E+00  0.7907411297E+06
  0.1519444444E+00  0.7857899372E+06
  0.1522222222E+00  0.7808387536E+06
  0.1525000000E+00  0.7758875678E+06
  0.1527777778E+00  0.7709363853E+06
  0.1530555556E+00  0.7659851995E+06
  0.1533333333E+00  0.7610340170E+06
  0.1536111111E+00  0.7560828200E+06
  0.1538888889E+00  0.7511316376E+06
  0.1541666667E+00  0.7461804551E+06
  0.1544444444E+00  0.7412292693E+06
  0.1547222222E+00  0.7362780868E+06
  0.1550000000E+00  0.7313268998E+06
  0.1552777778E+00  0.7273471590E+06
  0.1555555556E+00  0.7233674148E+06
  0.1558333333E+00  0.7193876806E+06
  0.1561111111E+00  0.7154079397E+06
  0.1563888889E+00  0.7114282044E+06
  0.1566666667E+00  0.7074484636E+06
  0.1569444444E+00  0.7034687194E+06
  0.1572222222E+00  0.6994889852E+06
  0.1575000000E+00  0.6955092432E+06
  0.1577777778E+00  0.6915294990E+06
  0.1580555556E+00  0.6875497648E+06
  0.1583333333E+00  0.6835700240E+06
  0.1586111111E+00  0.6795902797E+06
  0.1588888889E+00  0.6756105445E+06
  0.1591666667E+00  0.6716308037E+06
  0.1594444444E+00  0.6676510695E+06
  0.1597222222E+00  0.6636713286E+06
  0.1600000000E+00  0.6596915832E+06
  0.1602777778E+00  0.6564221919E+06
  0.1605555556E+00  0.6531528039E+06
  0.1608333333E+00  0.6498834014E+06
  0.1611111111E+00  0.6466140100E+06
  0.1613888889E+00  0.6433446086E+06
  0.1616666667E+00  0.6400752195E+06
  0.1619444444E+00  0.6368058282E+06
  0.1622222222E+00  0.6335364267E+06
  0.1625000000E+00  0.6302670376E+06
  0.1627777778E+00  0.6269976463E+06
  0.1630555556E+00  0.6237282449E+06
  0.1633333333E+00  0.6204588524E+06
  0.1636111111E+00  0.6171894543E+06
  0.1638888889E+00  0.6139200619E+06
  0.1641666667E+00  0.6106506705E+06
  0.1644444444E+00  0.6073812691E+06
  0.1647222222E+00  0.6041118800E+06
  0.1650000000E+00  0.6008424887E+06
  0.1652777778E+00  0.5980732666E+06
  0.1655555556E+00  0.5953040580E+06
  0.1658333333E+00  0.5925348459E+06
  0.1661111111E+00  0.5897656273E+06
  0.1663888889E+00  0.5869964153E+06
  0.1666666667E+00  0.5842272066E+06
  0.1669444444E+00  0.5814579946E+06
  0.1672222222E+00  0.5786887770E+06
  0.1675000000E+00  0.5759195650E+06
  0.1677777778E+00  0.5731503529E+06
  0.1680555556E+00  0.5703811343E+06
  0.1683333333E+00  0.5676119223E+06
  0.1686111111E+00  0.5648427136E+06
  0.1688888889E+00  0.5620735016E+06
  0.1691666667E+00  0.5593042829E+06
  0.1694444444E+00  0.5565350709E+06
  0.1697222222E+00  0.5537658589E+06
  0.1700000000E+00  0.5509966402E+06
  0.1702777778E+00  0.5485668786E+06
  0.1705555556E+00  0.5461371158E+06
  0.1708333333E+00  0.5437073510E+06
  0.1711111111E+00  0.5412775883E+06
  0.1713888889E+00  0.5388478255E+06
  0.1716666667E+00  0.5364180640E+06
  0.1719444444E+00  0.5339883012E+06
  0.1722222222E+00  0.5315585397E+06
  0.1725000000E+00  0.5291287770E+06
  0.1727777778E+00  0.5266990120E+06
  0.1730555556E+00  0.5242692493E+06
  0.1733333333E+00  0.5218394876E+06
  0.1736111111E+00  0.5194097250E+06
  0.1738888889E+00  0.5169799634E+06
  0.1741666667E+00  0.5145502006E+06
  0.1744444444E+00  0.5121204380E+06
  0.1747222222E+00  0.5096906730E+06
  0.1750000000E+00  0.5072609103E+06
  0.1752777778E+00  0.5050541190E+06
  0.1755555556E+00  0.5028473268E+06
  0.1758333333E+00  0.5006405355E+06
  0.1761111111E+00  0.4984337498E+06
  0.1763888889E+00  0.4962269586E+06
  0.1766666667E+00  0.4940201663E+06
  0.1769444444E+00  0.4918133750E+06
  0.1772222222E+00  0.4896065827E+06
  0.1775000000E+00  0.4873997981E+06
  0.1777777778E+00  0.4851930058E+06
  0.1780555556E+00  0.4829862135E+06
  0.1783333333E+00  0.4807794222E+06
  0.1786111111E+00  0.4785726366E+06
  0.1788888889E+00  0.4763658453E+06
  0.1791666667E+00  0.4741590529E+06
  0.1794444444E+00  0.4719522618E+06
  0.1797222222E+00  0.4697454661E+06
  0.1800000000E+00  0.4675386808E+06
  0.1802777778E+00  0.4654769970E+06
  0.1805555556E+00  0.4634153110E+06
  0.1808333333E+00  0.4613536271E+06
  0.1811111111E+00  0.4592919444E+06
  0.1813888889E+00  0.4572302572E+06
  0.1816666667E+00  0.4551685733E+06
  0.1819444444E+00  0.4531068873E+06
  0.1822222222E+00  0.4510452035E+06
  0.1825000000E+00  0.4489835173E+06
  0.1827777778E+00  0.4469218335E+06
  0.1830555556E+00  0.4448601475E+06
  0.1833333333E+00  0.4427984636E+06
  0.1836111111E+00  0.4407367809E+06
  0.1838888889E+00  0.4386750937E+06
  0.1841666667E+00  0.4366134098E+06
  0.1844444444E+00  0.4345517238E+06
  0.1847222222E+00  0.4324900400E+06
  0.1850000000E+00  0.4304283538E+06
  0.1852777778E+00  0.4284663212E+06
  0.1855555556E+00  0.4265042852E+06
  0.1858333333E+00  0.4245422536E+06
  0.1861111111E+00  0.4225802167E+06
  0.1863888889E+00  0.4206181841E+06
  0.1866666667E+00  0.4186561491E+06
  0.1869444444E+00  0.4166941165E+06
  0.1872222222E+00  0.4147320804E+06
  0.1875000000E+00  0.4127700489E+06
  0.1877777778E+00  0.4108080129E+06
  0.1880555556E+00  0.4088459802E+06
  0.1883333333E+00  0.4068839442E+06
  0.1886111111E+00  0.4049219128E+06
  0.1888888889E+00  0.4029598767E+06
  0.1891666667E+00  0.4009978440E+06
  0.1894444444E+00  0.3990358091E+06
  0.1897222222E+00  0.3970737764E+06
  0.1900000000E+00  0.3951117395E+06
  0.1902777778E+00  0.3932291417E+06
  0.1905555556E+00  0.3913465396E+06
  0.1908333333E+00  0.3894639418E+06
  0.1911111111E+00  0.3875813386E+06
  0.1913888889E+00  0.3856987408E+06
  0.1916666667E+00  0.3838161419E+06
  0.1919444444E+00  0.3819335409E+06
  0.1922222222E+00  0.3800509409E+06
  0.1925000000E+00  0.3781683399E+06
  0.1927777778E+00  0.3762857411E+06
  0.1930555556E+00  0.3744031423E+06
  0.1933333333E+00  0.3725205400E+06
  0.1936111111E+00  0.3706379413E+06
  0.1938888889E+00  0.3687553401E+06
  0.1941666667E+00  0.3668727413E+06
  0.1944444444E+00  0.3649901436E+06
  0.1947222222E+00  0.3631075403E+06
  0.1950000000E+00  0.3612249426E+06
  0.1952777778E+00  0.3594202656E+06
  0.1955555556E+00  0.3576155918E+06
  0.1958333333E+00  0.3558109181E+06
  0.1961111111E+00  0.3540062422E+06
  0.1963888889E+00  0.3522015685E+06
  0.1966666667E+00  0.3503968947E+06
  0.1969444444E+00  0.3485922188E+06
  0.1972222222E+00  0.3467875450E+06
  0.1975000000E+00  0.3449828713E+06
  0.1977777778E+00  0.3431781976E+06
  0.1980555556E+00  0.3413735217E+06
  0.1983333333E+00  0.3395688490E+06
  0.1986111111E+00  0.3377641742E+06
  0.1988888889E+00  0.3359594982E+06
  0.1991666667E+00  0.3341548246E+06
  0.1994444444E+00  0.3323501508E+06
  0.1997222222E+00  0.3305454738E+06
  0.2000000000E+00  0.3287408012E+06
  0.2002777778E+00  0.3270245774E+06
  0.2005555556E+00  0.3253083537E+06
  0.2008333333E+00  0.3235921266E+06
  0.2011111111E+00  0.3218759040E+06
  0.2013888889E+00  0.3201596803E+06
  0.2016666667E+00  0.3184434565E+06
  0.2019444444E+00  0.3167272329E+06
  0.2022222222E+00  0.3150110092E+06
  0.2025000000E+00  0.3132947832E+06
  0.2027777778E+00  0.3115785595E+06
  0.2030555556E+00  0.3098623358E+06
  0.2033333333E+00  0.3081461120E+06
  0.2036111111E+00  0.3064298883E+06
  0.2038888889E+00  0.3047136646E+06
  0.2041666667E+00  0.3029974419E+06
  0.2044444444E+00  0.3012812148E+06
  0.2047222222E+00  0.2995649911E+06
  0.2050000000E+00  0.2978487675E+06
  0.2052777778E+00  0.2962384843E+06
  0.2055555556E+00  0.2946282000E+06
  0.2058333333E+00  0.2930179169E+06
  0.2061111111E+00  0.2914076326E+06
  0.2063888889E+00  0.2897973483E+06
  0.2066666667E+00  0.2881870651E+06
  0.2069444444E+00  0.2865767808E+06
  0.2072222222E+00  0.2849664977E+06
  0.2075000000E+00  0.2833562134E+06
  0.2077777778E+00  0.2817459291E+06
  0.2080555556E+00  0.2801356460E+06
  0.2083333333E+00  0.2785253616E+06
  0.2086111111E+00  0.2769150785E+06
  0.2088888889E+00  0.2753047942E+06
  0.2091666667E+00  0.2736945099E+06
  0.2094444444E+00  0.2720842268E+06
  0.2097222222E+00  0.2704739424E+06
  0.2100000000E+00  0.2688636593E+06
  0.2102777778E+00  0.2673788060E+06
  0.2105555556E+00  0.2658939537E+06
  0.2108333333E+00  0.2644091005E+06
  0.2111111111E+00  0.2629242460E+06
  0.2113888889E+00  0.2614393938E+06
  0.2116666667E+00  0.2599545405E+06
  0.2119444444E+00  0.2584696883E+06
  0.2122222222E+00  0.2569848350E+06
  0.2125000000E+00  0.2554999826E+06
  0.2127777778E+00  0.2540151294E+06
  0.2130555556E+00  0.2525302771E+06
  0.2133333333E+00  0.2510454239E+06
  0.2136111111E+00  0.2495605716E+06
  0.2138888889E+00  0.2480757182E+06
  0.2141666667E+00  0.2465908660E+06
  0.2144444444E+00  0.2451060127E+06
  0.2147222222E+00  0.2436211605E+06
  0.2150000000E+00  0.2421363071E+06
  0.2152777778E+00  0.2407946566E+06
  0.2155555556E+00  0.2394530038E+06
  0.2158333333E+00  0.2381113534E+06
  0.2161111111E+00  0.2367697029E+06
  0.2163888889E+00  0.2354280490E+06
  0.2166666667E+00  0.2340863996E+06
  0.2169444444E+00  0.2327447490E+06
  0.2172222222E+00  0.2314030953E+06
  0.2175000000E+00  0.2300614458E+06
  0.2177777778E+00  0.2287197953E+06
  0.2180555556E+00  0.2273781415E+06
  0.2183333333E+00  0.2260364921E+06
  0.2186111111E+00  0.2246948405E+06
  0.2188888889E+00  0.2233531877E+06
  0.2191666667E+00  0.2220115383E+06
  0.2194444444E+00  0.2206698879E+06
  0.2197222222E+00  0.2193282373E+06
  0.2200000000E+00  0.2179865835E+06
  0.2202777778E+00  0.2168018867E+06
  0.2205555556E+00  0.2156171867E+06
  0.2208333333E+00  0.2144324866E+06
  0.2211111111E+00  0.2132477900E+06
  0.2213888889E+00  0.2120630910E+06
  0.2216666667E+00  0.2108783899E+06
  0.2219444444E+00  0.2096936932E+06
  0.2222222222E+00  0.2085089931E+06
  0.2225000000E+00  0.2073242931E+06
  0.2227777778E+00  0.2061395963E+06
  0.2230555556E+00  0.2049548963E+06
  0.2233333333E+00  0.2037701952E+06
  0.2236111111E+00  0.2025854996E+06
  0.2238888889E+00  0.2014007985E+06
  0.2241666667E+00  0.2002160995E+06
  0.2244444444E+00  0.1990314017E+06
  0.2247222222E+00  0.1978467017E+06
  0.2250000000E+00  0.1966620049E+06
  0.2252777778E+00  0.1956419795E+06
  0.2255555556E+00  0.1946219531E+06
  0.2258333333E+00  0.1936019310E+06
  0.2261111111E+00  0.1925819044E+06
  0.2263888889E+00  0.1915618780E+06
  0.2266666667E+00  0.1905418559E+06
  0.2269444444E+00  0.1895218304E+06
  0.2272222222E+00  0.1885018050E+06
  0.2275000000E+00  0.1874817808E+06
  0.2277777778E+00  0.1864617554E+06
  0.2280555556E+00  0.1854417299E+06
  0.2283333333E+00  0.1844217068E+06
  0.2286111111E+00  0.1834016814E+06
  0.2288888889E+00  0.1823816548E+06
  0.2291666667E+00  0.1813616327E+06
  0.2294444444E+00  0.1803416063E+06
  0.2297222222E+00  0.1793215809E+06
  0.2300000000E+00  0.1783015577E+06
  0.2302777778E+00  0.1774475122E+06
  0.2305555556E+00  0.1765934701E+06
  0.2308333333E+00  0.1757394290E+06
  0.2311111111E+00  0.1748853836E+06
  0.2313888889E+00  0.1740313414E+06
  0.2316666667E+00  0.1731772970E+06
  0.2319444444E+00  0.1723232538E+06
  0.2322222222E+00  0.1714692127E+06
  0.2325000000E+00  0.1706151662E+06
  0.2327777778E+00  0.1697611251E+06
  0.2330555556E+00  0.1689070829E+06
  0.2333333333E+00  0.1680530375E+06
  0.2336111111E+00  0.1671989953E+06
  0.2338888889E+00  0.1663449509E+06
  0.2341666667E+00  0.1654909077E+06
  0.2344444444E+00  0.1646368666E+06
  0.2347222222E+00  0.1637828211E+06
  0.2350000000E+00  0.1629287790E+06
  0.2352777778E+00  0.1622353389E+06
  0.2355555556E+00  0.1615418988E+06
  0.2358333333E+00  0.1608484553E+06
  0.2361111111E+00  0.1601550152E+06
  0.2363888889E+00  0.1594615750E+06
  0.2366666667E+00  0.1587681348E+06
  0.2369444444E+00  0.1580746947E+06
  0.2372222222E+00  0.1573812557E+06
  0.2375000000E+00  0.1566878155E+06
  0.2377777778E+00  0.1559943720E+06
  0.2380555556E+00  0.1553009309E+06
  0.2383333333E+00  0.1546074908E+06
  0.2386111111E+00  0.1539140506E+06
  0.2388888889E+00  0.1532206105E+06
  0.2391666667E+00  0.1525271703E+06
  0.2394444444E+00  0.1518337302E+06
  0.2397222222E+00  0.1511402867E+06
  0.2400000000E+00  0.1504468465E+06
  0.2402777778E+00  0.1499026878E+06
  0.2405555556E+00  0.1493585245E+06
  0.2408333333E+00  0.1488143624E+06
  0.2411111111E+00  0.1482702025E+06
  0.2413888889E+00  0.1477260403E+06
  0.2416666667E+00  0.1471818804E+06
  0.2419444444E+00  0.1466377183E+06
  0.2422222222E+00  0.1460935561E+06
  0.2425000000E+00  0.1455493973E+06
  0.2427777778E+00  0.1450052351E+06
  0.2430555556E+00  0.1444610752E+06
  0.2433333333E+00  0.1439169131E+06
  0.2436111111E+00  0.1433727498E+06
  0.2438888889E+00  0.1428285910E+06
  0.2441666667E+00  0.1422844278E+06
  0.2444444444E+00  0.1417402690E+06
  0.2447222222E+00  0.1411961057E+06
  0.2450000000E+00  0.1406519436E+06
  0.2452777778E+00  0.1402408382E+06
  0.2455555556E+00  0.1398297294E+06
  0.2458333333E+00  0.1394186241E+06
  0.2461111111E+00  0.1390075186E+06
  0.2463888889E+00  0.1385964109E+06
  0.2466666667E+00  0.1381853055E+06
  0.2469444444E+00  0.1377741968E+06
  0.2472222222E+00  0.1373630913E+06
  0.2475000000E+00  0.1369519870E+06
  0.2477777778E+00  0.1365408782E+06
  0.2480555556E+00  0.1361297728E+06
  0.2483333333E+00  0.1357186641E+06
  0.2486111111E+00  0.1353075586E+06
  0.2488888889E+00  0.1348964510E+06
  0.2491666667E+00  0.1344853455E+06
  0.2494444444E+00  0.1340742402E+06
  0.2497222222E+00  0.1336631314E+06
  0.2500000000E+00  0.1332520260E+06
  0.2502777778E+00  0.1329540943E+06
  0.2505555556E+00  0.1326561616E+06
  0.2508333333E+00  0.1323582323E+06
  0.2511111111E+00  0.1320602995E+06
  0.2513888889E+00  0.1317623701E+06
  0.2516666667E+00  0.1314644384E+06
  0.2519444444E+00  0.1311665090E+06
  0.2522222222E+00  0.1308685764E+06
  0.2525000000E+00  0.1305706436E+06
  0.2527777778E+00  0.1302727142E+06
  0.2530555556E+00  0.1299747826E+06
  0.2533333333E+00  0.1296768532E+06
  0.2536111111E+00  0.1293789194E+06
  0.2538888889E+00  0.1290809891E+06
  0.2541666667E+00  0.1287830577E+06
  0.2544444444E+00  0.1284851274E+06
  0.2547222222E+00  0.1281871960E+06
  0.2550000000E+00  0.1278892646E+06
  0.2552777778E+00  0.1276825742E+06
  0.2555555556E+00  0.1274758826E+06
  0.2558333333E+00  0.1272691908E+06
  0.2561111111E+00  0.1270624993E+06
  0.2563888889E+00  0.1268558088E+06
  0.2566666667E+00  0.1266491169E+06
  0.2569444444E+00  0.1264424265E+06
  0.2572222222E+00  0.1262357350E+06
  0.2575000000E+00  0.1260290442E+06
  0.2577777778E+00  0.1258223527E+06
  0.2580555556E+00  0.1256156611E+06
  0.2583333333E+00  0.1254089704E+06
  0.2586111111E+00  0.1252022789E+06
  0.2588888889E+00  0.1249955884E+06
  0.2591666667E+00  0.1247888965E+06
  0.2594444444E+00  0.1245822050E+06
  0.2597222222E+00  0.1243755135E+06
  0.2600000000E+00  0.1241688238E+06
  0.2602777778E+00  0.1240306310E+06
  0.2605555556E+00  0.1238924382E+06
  0.2608333333E+00  0.1237542454E+06
  0.2611111111E+00  0.1236160527E+06
  0.2613888889E+00  0.1234778599E+06
  0.2616666667E+00  0.1233396682E+06
  0.2619444444E+00  0.1232014755E+06
  0.2622222222E+00  0.1230632827E+06
  0.2625000000E+00  0.1229250909E+06
  0.2627777778E+00  0.1227868983E+06
  0.2630555556E+00  0.1226487058E+06
  0.2633333333E+00  0.1225105131E+06
  0.2636111111E+00  0.1223723206E+06
  0.2638888889E+00  0.1222341279E+06
  0.2641666667E+00  0.1220959354E+06
  0.2644444444E+00  0.1219577427E+06
  0.2647222222E+00  0.1218195501E+06
  0.2650000000E+00  0.1216813576E+06
  0.2652777778E+00  0.1215895792E+06
  0.2655555556E+00  0.1214977995E+06
  0.2658333333E+00  0.1214060199E+06
  0.2661111111E+00  0.1213142401E+06
  0.2663888889E+00  0.1212224605E+06
  0.2666666667E+00  0.1211306811E+06
  0.2669444444E+00  0.1210389014E+06
  0.2672222222E+00  0.1209471217E+06
  0.2675000000E+00  0.1208553421E+06
  0.2677777778E+00  0.1207635627E+06
  0.2680555556E+00  0.1206717830E+06
  0.2683333333E+00  0.1205800034E+06
  0.2686111111E+00  0.1204882236E+06
  0.2688888889E+00  0.1203964440E+06
  0.2691666667E+00  0.1203046645E+06
  0.2694444444E+00  0.1202128849E+06
  0.2697222222E+00  0.1201211052E+06
  0.2700000000E+00  0.1200293255E+06
  0.2702777778E+00  0.1199636450E+06
  0.2705555556E+00  0.1198979645E+06
  0.2708333333E+00  0.1198322840E+06
  0.2711111111E+00  0.1197666031E+06
  0.2713888889E+00  0.1197009226E+06
  0.2716666667E+00  0.1196352421E+06
  0.2719444444E+00  0.1195695616E+06
  0.2722222222E+00  0.1195038808E+06
  0.2725000000E+00  0.1194382003E+06
  0.2727777778E+00  0.1193725198E+06
  0.2730555556E+00  0.1193068393E+06
  0.2733333333E+00  0.1192411584E+06
  0.2736111111E+00  0.1191754779E+06
  0.2738888889E+00  0.1191097974E+06
  0.2741666667E+00  0.1190441168E+06
  0.2744444444E+00  0.1189784360E+06
  0.2747222222E+00  0.1189127544E+06
  0.2750000000E+00  0.1188470739E+06
  0.2752777778E+00  0.1187897829E+06
  0.2755555556E+00  0.1187324914E+06
  0.2758333333E+00  0.1186751993E+06
  0.2761111111E+00  0.1186179082E+06
  0.2763888889E+00  0.1185606160E+06
  0.2766666667E+00  0.1185033250E+06
  0.2769444444E+00  0.1184460329E+06
  0.2772222222E+00  0.1183887415E+06
  0.2775000000E+00  0.1183314494E+06
  0.2777777778E+00  0.1182741583E+06
  0.2780555556E+00  0.1182168662E+06
  0.2783333333E+00  0.1181595750E+06
  0.2786111111E+00  0.1181022826E+06
  0.2788888889E+00  0.1180449915E+06
  0.2791666667E+00  0.1179877004E+06
  0.2794444444E+00  0.1179304083E+06
  0.2797222222E+00  0.1178731172E+06
  0.2800000000E+00  0.1178158251E+06
  0.2802777778E+00  0.1177525009E+06
  0.2805555556E+00  0.1176891771E+06
  0.2808333333E+00  0.1176258534E+06
  0.2811111111E+00  0.1175625295E+06
  0.2813888889E+00  0.1174992058E+06
  0.2816666667E+00  0.1174358820E+06
  0.2819444444E+00  0.1173725573E+06
  0.2822222222E+00  0.1173092334E+06
  0.2825000000E+00  0.1172459096E+06
  0.2827777778E+00  0.1171825859E+06
  0.2830555556E+00  0.1171192620E+06
  0.2833333333E+00  0.1170559383E+06
  0.2836111111E+00  0.1169926145E+06
  0.2838888889E+00  0.1169292903E+06
  0.2841666667E+00  0.1168659666E+06
  0.2844444444E+00  0.1168026428E+06
  0.2847222222E+00  0.1167393181E+06
  0.2850000000E+00  0.1166759942E+06
  0.2852777778E+00  0.1165958961E+06
  0.2855555556E+00  0.1165157966E+06
  0.2858333333E+00  0.1164356976E+06
  0.2861111111E+00  0.1163555984E+06
  0.2863888889E+00  0.1162754999E+06
  0.2866666667E+00  0.1161954009E+06
  0.2869444444E+00  0.1161153014E+06
  0.2872222222E+00  0.1160352033E+06
  0.2875000000E+00  0.1159551041E+06
  0.2877777778E+00  0.1158750046E+06
  0.2880555556E+00  0.1157949056E+06
  0.2883333333E+00  0.1157148071E+06
  0.2886111111E+00  0.1156347080E+06
  0.2888888889E+00  0.1155546088E+06
  0.2891666667E+00  0.1154745093E+06
  0.2894444444E+00  0.1153944113E+06
  0.2897222222E+00  0.1153143118E+06
  0.2900000000E+00  0.1152342127E+06
  0.2902777778E+00  0.1151302475E+06
  0.2905555556E+00  0.1150262820E+06
  0.2908333333E+00  0.1149223170E+06
  0.2911111111E+00  0.1148183505E+06
  0.2913888889E+00  0.1147143854E+06
  0.2916666667E+00  0.1146104199E+06
  0.2919444444E+00  0.1145064548E+06
  0.2922222222E+00  0.1144024883E+06
  0.2925000000E+00  0.1142985231E+06
  0.2927777778E+00  0.1141945577E+06
  0.2930555556E+00  0.1140905925E+06
  0.2933333333E+00  0.1139866275E+06
  0.2936111111E+00  0.1138826610E+06
  0.2938888889E+00  0.1137786959E+06
  0.2941666667E+00  0.1136747304E+06
  0.2944444444E+00  0.1135707652E+06
  0.2947222222E+00  0.1134667998E+06
  0.2950000000E+00  0.1133628336E+06
  0.2952777778E+00  0.1132316556E+06
  0.2955555556E+00  0.1131004767E+06
  0.2958333333E+00  0.1129692987E+06
  0.2961111111E+00  0.1128381196E+06
  0.2963888889E+00  0.1127069416E+06
  0.2966666667E+00  0.1125757630E+06
  0.2969444444E+00  0.1124445850E+06
  0.2972222222E+00  0.1123134059E+06
  0.2975000000E+00  0.1121822279E+06
  0.2977777778E+00  0.1120510489E+06
  0.2980555556E+00  0.1119198710E+06
  0.2983333333E+00  0.1117886930E+06
  0.2986111111E+00  0.1116575142E+06
  0.2988888889E+00  0.1115263362E+06
  0.2991666667E+00  0.1113951573E+06
  0.2994444444E+00  0.1112639793E+06
  0.2997222222E+00  0.1111328002E+06
  0.3000000000E+00  0.1110016222E+06
  0.3002777778E+00  0.1108430866E+06
  0.3005555556E+00  0.1106845511E+06
  0.3008333333E+00  0.1105260164E+06
  0.3011111111E+00  0.1103674812E+06
  0.3013888889E+00  0.1102089457E+06
  0.3016666667E+00  0.1100504110E+06
  0.3019444444E+00  0.1098918754E+06
  0.3022222222E+00  0.1097333399E+06
  0.3025000000E+00  0.1095748052E+06
  0.3027777778E+00  0.1094162697E+06
  0.3030555556E+00  0.1092577341E+06
  0.3033333333E+00  0.1090991994E+06
  0.3036111111E+00  0.1089406639E+06
  0.3038888889E+00  0.1087821293E+06
  0.3041666667E+00  0.1086235938E+06
  0.3044444444E+00  0.1084650581E+06
  0.3047222222E+00  0.1083065236E+06
  0.3050000000E+00  0.1081479880E+06
  0.3052777778E+00  0.1079648122E+06
  0.3055555556E+00  0.1077816355E+06
  0.3058333333E+00  0.1075984594E+06
  0.3061111111E+00  0.1074152827E+06
  0.3063888889E+00  0.1072321070E+06
  0.3066666667E+00  0.1070489309E+06
  0.3069444444E+00  0.1068657542E+06
  0.3072222222E+00  0.1066825785E+06
  0.3075000000E+00  0.1064994014E+06
  0.3077777778E+00  0.1063162257E+06
  0.3080555556E+00  0.1061330499E+06
  0.3083333333E+00  0.1059498729E+06
  0.3086111111E+00  0.1057666971E+06
  0.3088888889E+00  0.1055835211E+06
  0.3091666667E+00  0.1054003443E+06
  0.3094444444E+00  0.1052171686E+06
  0.3097222222E+00  0.1050339915E+06
  0.3100000000E+00  0.1048508158E+06
  0.3102777778E+00  0.1046479967E+06
  0.3105555556E+00  0.1044451767E+06
  0.3108333333E+00  0.1042423576E+06
  0.3111111111E+00  0.1040395372E+06
  0.3113888889E+00  0.1038367182E+06
  0.3116666667E+00  0.1036338981E+06
  0.3119444444E+00  0.1034310791E+06
  0.3122222222E+00  0.1032282590E+06
  0.3125000000E+00  0.1030254400E+06
  0.3127777778E+00  0.1028226199E+06
  0.3130555556E+00  0.1026198005E+06
  0.3133333333E+00  0.1024169815E+06
  0.3136111111E+00  0.1022141614E+06
  0.3138888889E+00  0.1020113424E+06
  0.3141666667E+00  0.1018085223E+06
  0.3144444444E+00  0.1016057033E+06
  0.3147222222E+00  0.1014028828E+06
  0.3150000000E+00  0.1012000638E+06
  0.3152777778E+00  0.1009843037E+06
  0.3155555556E+00  0.1007685436E+06
  0.3158333333E+00  0.1005527834E+06
  0.3161111111E+00  0.1003370223E+06
  0.3163888889E+00  0.1001212626E+06
  0.3166666667E+00  0.9990550243E+05
  0.3169444444E+00  0.9968974237E+05
  0.3172222222E+00  0.9947398230E+05
  0.3175000000E+00  0.9925822211E+05
  0.3177777778E+00  0.9904246206E+05
  0.3180555556E+00  0.9882670187E+05
  0.3183333333E+00  0.9861094180E+05
  0.3186111111E+00  0.9839518174E+05
  0.3188888889E+00  0.9817942156E+05
  0.3191666667E+00  0.9796366048E+05
  0.3194444444E+00  0.9774790041E+05
  0.3197222222E+00  0.9753214024E+05
  0.3200000000E+00  0.9731638017E+05
  0.3202777778E+00  0.9709530667E+05
  0.3205555556E+00  0.9687423217E+05
  0.3208333333E+00  0.9665315878E+05
  0.3211111111E+00  0.9643208529E+05
  0.3213888889E+00  0.9621101078E+05
  0.3216666667E+00  0.9598993728E+05
  0.3219444444E+00  0.9576886355E+05
  0.3222222222E+00  0.9554778905E+05
  0.3225000000E+00  0.9532671555E+05
  0.3227777778E+00  0.9510564116E+05
  0.3230555556E+00  0.9488456766E+05
  0.3233333333E+00  0.9466349417E+05
  0.3236111111E+00  0.9444241967E+05
  0.3238888889E+00  0.9422134628E+05
  0.3241666667E+00  0.9400027277E+05
  0.3244444444E+00  0.9377919827E+05
  0.3247222222E+00  0.9355812488E+05
  0.3250000000E+00  0.9333705038E+05
  0.3252777778E+00  0.9311883417E+05
  0.3255555556E+00  0.9290061707E+05
  0.3258333333E+00  0.9268240088E+05
  0.3261111111E+00  0.9246418367E+05
  0.3263888889E+00  0.9224596657E+05
  0.3266666667E+00  0.9202775036E+05
  0.3269444444E+00  0.9180953315E+05
  0.3272222222E+00  0.9159131738E+05
  0.3275000000E+00  0.9137310018E+05
  0.3277777778E+00  0.9115488397E+05
  0.3280555556E+00  0.9093666687E+05
  0.3283333333E+00  0.9071844966E+05
  0.3286111111E+00  0.9050023345E+05
  0.3288888889E+00  0.9028201635E+05
  0.3291666667E+00  0.9006380014E+05
  0.3294444444E+00  0.8984558326E+05
  0.3297222222E+00  0.8962736617E+05
  0.3300000000E+00  0.8940914996E+05
  0.3302777778E+00  0.8920166847E+05
  0.3305555556E+00  0.8899418752E+05
  0.3308333333E+00  0.8878670602E+05
  0.3311111111E+00  0.8857922553E+05
  0.3313888889E+00  0.8837174492E+05
  0.3316666667E+00  0.8816426310E+05
  0.3319444444E+00  0.8795678249E+05
  0.3322222222E+00  0.8774930100E+05
  0.3325000000E+00  0.8754182050E+05
  0.3327777778E+00  0.8733433889E+05
  0.3330555556E+00  0.8712685806E+05
  0.3333333333E+00  0.8691937657E+05
  0.3336111111E+00  0.8671189596E+05
  0.3338888889E+00  0.8650441446E+05
  0.3341666667E+00  0.8629693397E+05
  0.3344444444E+00  0.8608945303E+05
  0.3347222222E+00  0.8588197153E+05
  0.3350000000E+00  0.8567449093E+05
  0.3352777778E+00  0.8548505564E+05
  0.3355555556E+00  0.8529561992E+05
  0.3358333333E+00  0.8510618552E+05
  0.3361111111E+00  0.8491674979E+05
  0.3363888889E+00  0.8472731439E+05
  0.3366666667E+00  0.8453787999E+05
  0.3369444444E+00  0.8434844438E+05
  0.3372222222E+00  0.8415900898E+05
  0.3375000000E+00  0.8396957459E+05
  0.3377777778E+00  0.8378013885E+05
  0.3380555556E+00  0.8359070447E+05
  0.3383333333E+00  0.8340126907E+05
  0.3386111111E+00  0.8321183345E+05
  0.3388888889E+00  0.8302239905E+05
  0.3391666667E+00  0.8283296333E+05
  0.3394444444E+00  0.8264352793E+05
  0.3397222222E+00  0.8245409354E+05
  0.3400000000E+00  0.8226465792E+05
  0.3402777778E+00  0.8209949296E+05
  0.3405555556E+00  0.8193432699E+05
  0.3408333333E+00  0.8176916170E+05
  0.3411111111E+00  0.8160399684E+05
  0.3413888889E+00  0.8143883054E+05
  0.3416666667E+00  0.8127366558E+05
  0.3419444444E+00  0.8110850027E+05
  0.3422222222E+00  0.8094333442E+05
  0.3425000000E+00  0.8077816945E+05
  0.3427777778E+00  0.8061300416E+05
  0.3430555556E+00  0.8044783919E+05
  0.3433333333E+00  0.8028267290E+05
  0.3436111111E+00  0.8011750804E+05
  0.3438888889E+00  0.7995234308E+05
  0.3441666667E+00  0.7978717678E+05
  0.3444444444E+00  0.7962201182E+05
  0.3447222222E+00  0.7945684663E+05
  0.3450000000E+00  0.7929168067E+05
  0.3452777778E+00  0.7915564418E+05
  0.3455555556E+00  0.7901960891E+05
  0.3458333333E+00  0.7888357242E+05
  0.3461111111E+00  0.7874753594E+05
  0.3463888889E+00  0.7861149946E+05
  0.3466666667E+00  0.7847546386E+05
  0.3469444444E+00  0.7833942771E+05
  0.3472222222E+00  0.7820339122E+05
  0.3475000000E+00  0.7806735473E+05
  0.3477777778E+00  0.7793131914E+05
  0.3480555556E+00  0.7779528299E+05
  0.3483333333E+00  0.7765924650E+05
  0.3486111111E+00  0.7752321002E+05
  0.3488888889E+00  0.7738717441E+05
  0.3491666667E+00  0.7725113826E+05
  0.3494444444E+00  0.7711510178E+05
  0.3497222222E+00  0.7697906530E+05
  0.3500000000E+00  0.7684302970E+05
  0.3502777778E+00  0.7673940473E+05
  0.3505555556E+00  0.7663578065E+05
  0.3508333333E+00  0.7653215668E+05
  0.3511111111E+00  0.7642853227E+05
  0.3513888889E+00  0.7632490830E+05
  0.3516666667E+00  0.7622128422E+05
  0.3519444444E+00  0.7611765914E+05
  0.3522222222E+00  0.7601403518E+05
  0.3525000000E+00  0.7591041076E+05
  0.3527777778E+00  0.7580678679E+05
  0.3530555556E+00  0.7570316271E+05
  0.3533333333E+00  0.7559953876E+05
  0.3536111111E+00  0.7549591334E+05
  0.3538888889E+00  0.7539228938E+05
  0.3541666667E+00  0.7528866530E+05
  0.3544444444E+00  0.7518504122E+05
  0.3547222222E+00  0.7508141691E+05
  0.3550000000E+00  0.7497779283E+05
  0.3552777778E+00  0.7490819191E+05
  0.3555555556E+00  0.7483859120E+05
  0.3558333333E+00  0.7476899015E+05
  0.3561111111E+00  0.7469938911E+05
  0.3563888889E+00  0.7462978807E+05
  0.3566666667E+00  0.7456018736E+05
  0.3569444444E+00  0.7449058644E+05
  0.3572222222E+00  0.7442098540E+05
  0.3575000000E+00  0.7435138469E+05
  0.3577777778E+00  0.7428178365E+05
  0.3580555556E+00  0.7421218260E+05
  0.3583333333E+00  0.7414258167E+05
  0.3586111111E+00  0.7407298096E+05
  0.3588888889E+00  0.7400337992E+05
  0.3591666667E+00  0.7393377888E+05
  0.3594444444E+00  0.7386417818E+05
  0.3597222222E+00  0.7379457725E+05
  0.3600000000E+00  0.7372497621E+05
  0.3602777778E+00  0.7368931831E+05
  0.3605555556E+00  0.7365366187E+05
  0.3608333333E+00  0.7361800398E+05
  0.3611111111E+00  0.7358234620E+05
  0.3613888889E+00  0.7354668963E+05
  0.3616666667E+00  0.7351103175E+05
  0.3619444444E+00  0.7347537497E+05
  0.3622222222E+00  0.7343971741E+05
  0.3625000000E+00  0.7340405962E+05
  0.3627777778E+00  0.7336840274E+05
  0.3630555556E+00  0.7333274496E+05
  0.3633333333E+00  0.7329708740E+05
  0.3636111111E+00  0.7326143061E+05
  0.3638888889E+00  0.7322577273E+05
  0.3641666667E+00  0.7319011628E+05
  0.3644444444E+00  0.7315445839E+05
  0.3647222222E+00  0.7311880050E+05
  0.3650000000E+00  0.7308314405E+05
  0.3652777778E+00  0.7307976538E+05
  0.3655555556E+00  0.7307638805E+05
  0.3658333333E+00  0.7307300971E+05
  0.3661111111E+00  0.7306963204E+05
  0.3663888889E+00  0.7306625381E+05
  0.3666666667E+00  0.7306287648E+05
  0.3669444444E+00  0.7305949780E+05
  0.3672222222E+00  0.7305612046E+05
  0.3675000000E+00  0.7305274179E+05
  0.3677777778E+00  0.7304936445E+05
  0.3680555556E+00  0.7304598613E+05
  0.3683333333E+00  0.7304260857E+05
  0.3686111111E+00  0.7303923123E+05
  0.3688888889E+00  0.7303585289E+05
  0.3691666667E+00  0.7303247522E+05
  0.3694444444E+00  0.7302909688E+05
  0.3697222222E+00  0.7302571954E+05
  0.3700000000E+00  0.7302234098E+05
  0.3702777778E+00  0.7304811241E+05
  0.3705555556E+00  0.7307388384E+05
  0.3708333333E+00  0.7309965537E+05
  0.3711111111E+00  0.7312542680E+05
  0.3713888889E+00  0.7315119723E+05
  0.3716666667E+00  0.7317696877E+05
  0.3719444444E+00  0.7320273986E+05
  0.3722222222E+00  0.7322851129E+05
  0.3725000000E+00  0.7325428282E+05
  0.3727777778E+00  0.7328005425E+05
  0.3730555556E+00  0.7330582579E+05
  0.3733333333E+00  0.7333159722E+05
  0.3736111111E+00  0.7335736765E+05
  0.3738888889E+00  0.7338313885E+05
  0.3741666667E+00  0.7340891028E+05
  0.3744444444E+00  0.7343468170E+05
  0.3747222222E+00  0.7346045324E+05
  0.3750000000E+00  0.7348622466E+05
  0.3752777778E+00  0.7353684337E+05
  0.3755555556E+00  0.7358746343E+05
  0.3758333333E+00  0.7363808214E+05
  0.3761111111E+00  0.7368870086E+05
  0.3763888889E+00  0.7373932079E+05
  0.3766666667E+00  0.7378993950E+05
  0.3769444444E+00  0.7384055921E+05
  0.3772222222E+00  0.7389117826E+05
  0.3775000000E+00  0.7394179697E+05
  0.3777777778E+00  0.7399241701E+05
  0.3780555556E+00  0.7404303574E+05
  0.3783333333E+00  0.7409365545E+05
  0.3786111111E+00  0.7414427449E+05
  0.3788888889E+00  0.7419489309E+05
  0.3791666667E+00  0.7424551281E+05
  0.3794444444E+00  0.7429613185E+05
  0.3797222222E+00  0.7434675156E+05
  0.3800000000E+00  0.7439737061E+05
  0.3802777778E+00  0.7446752667E+05
  0.3805555556E+00  0.7453768283E+05
  0.3808333333E+00  0.7460783922E+05
  0.3811111111E+00  0.7467799639E+05
  0.3813888889E+00  0.7474815244E+05
  0.3816666667E+00  0.7481830849E+05
  0.3819444444E+00  0.7488846500E+05
  0.3822222222E+00  0.7495862105E+05
  0.3825000000E+00  0.7502877721E+05
  0.3827777778E+00  0.7509893361E+05
  0.3830555556E+00  0.7516908966E+05
  0.3833333333E+00  0.7523924682E+05
  0.3836111111E+00  0.7530940321E+05
  0.3838888889E+00  0.7537955938E+05
  0.3841666667E+00  0.7544971543E+05
  0.3844444444E+00  0.7551987182E+05
  0.3847222222E+00  0.7559002799E+05
  0.3850000000E+00  0.7566018404E+05
  0.3852777778E+00  0.7574403477E+05
  0.3855555556E+00  0.7582788429E+05
  0.3858333333E+00  0.7591173468E+05
  0.3861111111E+00  0.7599558442E+05
  0.3863888889E+00  0.7607943382E+05
  0.3866666667E+00  0.7616328421E+05
  0.3869444444E+00  0.7624713395E+05
  0.3872222222E+00  0.7633098434E+05
  0.3875000000E+00  0.7641483408E+05
  0.3877777778E+00  0.7649868348E+05
  0.3880555556E+00  0.7658253387E+05
  0.3883333333E+00  0.7666638372E+05
  0.3886111111E+00  0.7675023312E+05
  0.3888888889E+00  0.7683408385E+05
  0.3891666667E+00  0.7691793325E+05
  0.3894444444E+00  0.7700178365E+05
  0.3897222222E+00  0.7708563338E+05
  0.3900000000E+00  0.7716948279E+05
  0.3902777778E+00  0.7726074832E+05
  0.3905555556E+00  0.7735201387E+05
  0.3908333333E+00  0.7744327951E+05
  0.3911111111E+00  0.7753454505E+05
  0.3913888889E+00  0.7762581060E+05
  0.3916666667E+00  0.7771707614E+05
  0.3919444444E+00  0.7780834201E+05
  0.3922222222E+00  0.7789960655E+05
  0.3925000000E+00  0.7799087209E+05
  0.3927777778E+00  0.7808213764E+05
  0.3930555556E+00  0.7817340318E+05
  0.3933333333E+00  0.7826466872E+05
  0.3936111111E+00  0.7835593425E+05
  0.3938888889E+00  0.7844719979E+05
  0.3941666667E+00  0.7853846546E+05
  0.3944444444E+00  0.7862972999E+05
  0.3947222222E+00  0.7872099553E+05
  0.3950000000E+00  0.7881226107E+05
  0.3952777778E+00  0.7890476335E+05
  0.3955555556E+00  0.7899726675E+05
  0.3958333333E+00  0.7908976902E+05
  0.3961111111E+00  0.7918227141E+05
  0.3963888889E+00  0.7927477370E+05
  0.3966666667E+00  0.7936727609E+05
  0.3969444444E+00  0.7945977938E+05
  0.3972222222E+00  0.7955228176E+05
  0.3975000000E+00  0.7964478404E+05
  0.3977777778E+00  0.7973728644E+05
  0.3980555556E+00  0.7982978872E+05
  0.3983333333E+00  0.7992229210E+05
  0.3986111111E+00  0.8001479439E+05
  0.3988888889E+00  0.8010729678E+05
  0.3991666667E+00  0.8019979906E+05
  0.3994444444E+00  0.8029230145E+05
  0.3997222222E+00  0.8038480473E+05
  0.4000000000E+00  0.8047730713E+05
  0.4002777778E+00  0.8056512450E+05
  0.4005555556E+00  0.8065294253E+05
  0.4008333333E+00  0.8074076002E+05
  0.4011111111E+00  0.8082857840E+05
  0.4013888889E+00  0.8091639543E+05
  0.4016666667E+00  0.8100421291E+05
  0.4019444444E+00  0.8109203096E+05
  0.4022222222E+00  0.8117984832E+05
  0.4025000000E+00  0.8126766647E+05
  0.4027777778E+00  0.8135548385E+05
  0.4030555556E+00  0.8144330121E+05
  0.4033333333E+00  0.8153111937E+05
  0.4036111111E+00  0.8161893674E+05
  0.4038888889E+00  0.8170675477E+05
  0.4041666667E+00  0.8179457226E+05
  0.4044444444E+00  0.8188238930E+05
  0.4047222222E+00  0.8197020767E+05
  0.4050000000E+00  0.8205802482E+05
  0.4052777778E+00  0.8213584440E+05
  0.4055555556E+00  0.8221366397E+05
  0.4058333333E+00  0.8229148267E+05
  0.4061111111E+00  0.8236930224E+05
  0.4063888889E+00  0.8244712193E+05
  0.4066666667E+00  0.8252494052E+05
  0.4069444444E+00  0.8260276021E+05
  0.4072222222E+00  0.8268057978E+05
  0.4075000000E+00  0.8275839837E+05
  0.4077777778E+00  0.8283621772E+05
  0.4080555556E+00  0.8291403730E+05
  0.4083333333E+00  0.8299185598E+05
  0.4086111111E+00  0.8306967557E+05
  0.4088888889E+00  0.8314749526E+05
  0.4091666667E+00  0.8322531383E+05
  0.4094444444E+00  0.8330313342E+05
  0.4097222222E+00  0.8338095311E+05
  0.4100000000E+00  0.8345877168E+05
  0.4102777778E+00  0.8352209784E+05
  0.4105555556E+00  0.8358542398E+05
  0.4108333333E+00  0.8364875024E+05
  0.4111111111E+00  0.8371207672E+05
  0.4113888889E+00  0.8377540287E+05
  0.4116666667E+00  0.8383872901E+05
  0.4119444444E+00  0.8390205550E+05
  0.4122222222E+00  0.8396538164E+05
  0.4125000000E+00  0.8402870779E+05
  0.4127777778E+00  0.8409203427E+05
  0.4130555556E+00  0.8415536042E+05
  0.4133333333E+00  0.8421868656E+05
  0.4136111111E+00  0.8428201272E+05
  0.4138888889E+00  0.8434533919E+05
  0.4141666667E+00  0.8440866534E+05
  0.4144444444E+00  0.8447199148E+05
  0.4147222222E+00  0.8453531797E+05
  0.4150000000E+00  0.8459864411E+05
  0.4152777778E+00  0.8464395766E+05
  0.4155555556E+00  0.8468927132E+05
  0.4158333333E+00  0.8473458488E+05
  0.4161111111E+00  0.8477989843E+05
  0.4163888889E+00  0.8482521231E+05
  0.4166666667E+00  0.8487052587E+05
  0.4169444444E+00  0.8491583941E+05
  0.4172222222E+00  0.8496115296E+05
  0.4175000000E+00  0.8500646651E+05
  0.4177777778E+00  0.8505178006E+05
  0.4180555556E+00  0.8509709361E+05
  0.4183333333E+00  0.8514240717E+05
  0.4186111111E+00  0.8518772105E+05
  0.4188888889E+00  0.8523303460E+05
  0.4191666667E+00  0.8527834815E+05
  0.4194444444E+00  0.8532366170E+05
  0.4197222222E+00  0.8536897525E+05
  0.4200000000E+00  0.8541428880E+05
  0.4202777778E+00  0.8543921020E+05
  0.4205555556E+00  0.8546413261E+05
  0.4208333333E+00  0.8548905434E+05
  0.4211111111E+00  0.8551397674E+05
  0.4213888889E+00  0.8553889825E+05
  0.4216666667E+00  0.8556382066E+05
  0.4219444444E+00  0.8558874206E+05
  0.4222222222E+00  0.8561366446E+05
  0.4225000000E+00  0.8563858597E+05
  0.4227777778E+00  0.8566350839E+05
  0.4230555556E+00  0.8568842978E+05
  0.4233333333E+00  0.8571335218E+05
  0.4236111111E+00  0.8573827403E+05
  0.4238888889E+00  0.8576319644E+05
  0.4241666667E+00  0.8578811784E+05
  0.4244444444E+00  0.8581304024E+05
  0.4247222222E+00  0.8583796164E+05
  0.4250000000E+00  0.8586288416E+05
  0.4252777778E+00  0.8586621003E+05
  0.4255555556E+00  0.8586953691E+05
  0.4258333333E+00  0.8587286279E+05
  0.4261111111E+00  0.8587618933E+05
  0.4263888889E+00  0.8587951520E+05
  0.4266666667E+00  0.8588284108E+05
  0.4269444444E+00  0.8588616796E+05
  0.4272222222E+00  0.8588949383E+05
  0.4275000000E+00  0.8589282037E+05
  0.4277777778E+00  0.8589614625E+05
  0.4280555556E+00  0.8589947312E+05
  0.4283333333E+00  0.8590279911E+05
  0.4286111111E+00  0.8590612600E+05
  0.4288888889E+00  0.8590945187E+05
  0.4291666667E+00  0.8591277741E+05
  0.4294444444E+00  0.8591610429E+05
  0.4297222222E+00  0.8591943017E+05
  0.4300000000E+00  0.8592275704E+05
  0.4302777778E+00  0.8590446120E+05
  0.4305555556E+00  0.8588616636E+05
  0.4308333333E+00  0.8586787063E+05
  0.4311111111E+00  0.8584957446E+05
  0.4313888889E+00  0.8583127962E+05
  0.4316666667E+00  0.8581298378E+05
  0.4319444444E+00  0.8579468905E+05
  0.4322222222E+00  0.8577639322E+05
  0.4325000000E+00  0.8575809738E+05
  0.4327777778E+00  0.8573980254E+05
  0.4330555556E+00  0.8572150681E+05
  0.4333333333E+00  0.8570321197E+05
  0.4336111111E+00  0.8568491614E+05
  0.4338888889E+00  0.8566662129E+05
  0.4341666667E+00  0.8564832557E+05
  0.4344444444E+00  0.8563002939E+05
  0.4347222222E+00  0.8561173456E+05
  0.4350000000E+00  0.8559343871E+05
  0.4352777778E+00  0.8555461131E+05
  0.4355555556E+00  0.8551578281E+05
  0.4358333333E+00  0.8547695430E+05
  0.4361111111E+00  0.8543812690E+05
  0.4363888889E+00  0.8539929839E+05
  0.4366666667E+00  0.8536047055E+05
  0.4369444444E+00  0.8532164204E+05
  0.4372222222E+00  0.8528281364E+05
  0.4375000000E+00  0.8524398613E+05
  0.4377777778E+00  0.8520515764E+05
  0.4380555556E+00  0.8516633012E+05
  0.4383333333E+00  0.8512750173E+05
  0.4386111111E+00  0.8508867288E+05
  0.4388888889E+00  0.8504984537E+05
  0.4391666667E+00  0.8501101686E+05
  0.4394444444E+00  0.8497218846E+05
  0.4397222222E+00  0.8493336095E+05
  0.4400000000E+00  0.8489453245E+05
  0.4402777778E+00  0.8483728356E+05
  0.4405555556E+00  0.8478003457E+05
  0.4408333333E+00  0.8472278601E+05
  0.4411111111E+00  0.8466553701E+05
  0.4413888889E+00  0.8460828912E+05
  0.4416666667E+00  0.8455104046E+05
  0.4419444444E+00  0.8449379158E+05
  0.4422222222E+00  0.8443654257E+05
  0.4425000000E+00  0.8437929402E+05
  0.4427777778E+00  0.8432204503E+05
  0.4430555556E+00  0.8426479613E+05
  0.4433333333E+00  0.8420754747E+05
  0.4436111111E+00  0.8415029859E+05
  0.4438888889E+00  0.8409304958E+05
  0.4441666667E+00  0.8403580103E+05
  0.4444444444E+00  0.8397855204E+05
  0.4447222222E+00  0.8392130349E+05
  0.4450000000E+00  0.8386405448E+05
  0.4452777778E+00  0.8379129012E+05
  0.4455555556E+00  0.8371852466E+05
  0.4458333333E+00  0.8364575896E+05
  0.4461111111E+00  0.8357299361E+05
  0.4463888889E+00  0.8350022914E+05
  0.4466666667E+00  0.8342746379E+05
  0.4469444444E+00  0.8335469843E+05
  0.4472222222E+00  0.8328193296E+05
  0.4475000000E+00  0.8320916827E+05
  0.4477777778E+00  0.8313640280E+05
  0.4480555556E+00  0.8306363744E+05
  0.4483333333E+00  0.8299087209E+05
  0.4486111111E+00  0.8291810762E+05
  0.4488888889E+00  0.8284534226E+05
  0.4491666667E+00  0.8277257657E+05
  0.4494444444E+00  0.8269981110E+05
  0.4497222222E+00  0.8262704674E+05
  0.4500000000E+00  0.8255428127E+05
  0.4502777778E+00  0.8246956506E+05
  0.4505555556E+00  0.8238484841E+05
  0.4508333333E+00  0.8230013221E+05
  0.4511111111E+00  0.8221541556E+05
  0.4513888889E+00  0.8213069924E+05
  0.4516666667E+00  0.8204598270E+05
  0.4519444444E+00  0.8196126738E+05
  0.4522222222E+00  0.8187655074E+05
  0.4525000000E+00  0.8179183453E+05
  0.4527777778E+00  0.8170711821E+05
  0.4530555556E+00  0.8162240155E+05
  0.4533333333E+00  0.8153768535E+05
  0.4536111111E+00  0.8145296869E+05
  0.4538888889E+00  0.8136825238E+05
  0.4541666667E+00  0.8128353584E+05
  0.4544444444E+00  0.8119881952E+05
  0.4547222222E+00  0.8111410432E+05
  0.4550000000E+00  0.8102938766E+05
  0.4552777778E+00  0.8093671607E+05
  0.4555555556E+00  0.8084404428E+05
  0.4558333333E+00  0.8075137369E+05
  0.4561111111E+00  0.8065870177E+05
  0.4563888889E+00  0.8056603119E+05
  0.4566666667E+00  0.8047335938E+05
  0.4569444444E+00  0.8038068780E+05
  0.4572222222E+00  0.8028801688E+05
  0.4575000000E+00  0.8019534541E+05
  0.4577777778E+00  0.8010267348E+05
  0.4580555556E+00  0.8001000291E+05
  0.4583333333E+00  0.7991733110E+05
  0.4586111111E+00  0.7982465952E+05
  0.4588888889E+00  0.7973198860E+05
  0.4591666667E+00  0.7963931712E+05
  0.4594444444E+00  0.7954664621E+05
  0.4597222222E+00  0.7945397462E+05
  0.4600000000E+00  0.7936130271E+05
  0.4602777778E+00  0.7926484621E+05
  0.4605555556E+00  0.7916838983E+05
  0.4608333333E+00  0.7907193314E+05
  0.4611111111E+00  0.7897547645E+05
  0.4613888889E+00  0.7887901987E+05
  0.4616666667E+00  0.7878256318E+05
  0.4619444444E+00  0.7868610637E+05
  0.4622222222E+00  0.7858964967E+05
  0.4625000000E+00  0.7849319320E+05
  0.4627777778E+00  0.7839673650E+05
  0.4630555556E+00  0.7830027970E+05
  0.4633333333E+00  0.7820382299E+05
  0.4636111111E+00  0.7810736642E+05
  0.4638888889E+00  0.7801090973E+05
  0.4641666667E+00  0.7791445292E+05
  0.4644444444E+00  0.7781799656E+05
  0.4647222222E+00  0.7772153976E+05
  0.4650000000E+00  0.7762508306E+05
  0.4652777778E+00  0.7752896574E+05
  0.4655555556E+00  0.7743284821E+05
  0.4658333333E+00  0.7733673056E+05
  0.4661111111E+00  0.7724061323E+05
  0.4663888889E+00  0.7714449592E+05
  0.4666666667E+00  0.7704837840E+05
  0.4669444444E+00  0.7695226107E+05
  0.4672222222E+00  0.7685614342E+05
  0.4675000000E+00  0.7676002610E+05
  0.4677777778E+00  0.7666390857E+05
  0.4680555556E+00  0.7656779125E+05
  0.4683333333E+00  0.7647167360E+05
  0.4686111111E+00  0.7637555629E+05
  0.4688888889E+00  0.7627943885E+05
  0.4691666667E+00  0.7618332144E+05
  0.4694444444E+00  0.7608720411E+05
  0.4697222222E+00  0.7599108647E+05
  0.4700000000E+00  0.7589496903E+05
  0.4702777778E+00  0.7580305749E+05
  0.4705555556E+00  0.7571114594E+05
  0.4708333333E+00  0.7561923450E+05
  0.4711111111E+00  0.7552732294E+05
  0.4713888889E+00  0.7543541149E+05
  0.4716666667E+00  0.7534349995E+05
  0.4719444444E+00  0.7525158839E+05
  0.4722222222E+00  0.7515967695E+05
  0.4725000000E+00  0.7506776539E+05
  0.4727777778E+00  0.7497585395E+05
  0.4730555556E+00  0.7488394229E+05
  0.4733333333E+00  0.7479203085E+05
  0.4736111111E+00  0.7470011930E+05
  0.4738888889E+00  0.7460820785E+05
  0.4741666667E+00  0.7451629630E+05
  0.4744444444E+00  0.7442438485E+05
  0.4747222222E+00  0.7433247330E+05
  0.4750000000E+00  0.7424056175E+05
  0.4752777778E+00  0.7415628183E+05
  0.4755555556E+00  0.7407200168E+05
  0.4758333333E+00  0.7398772175E+05
  0.4761111111E+00  0.7390344150E+05
  0.4763888889E+00  0.7381916158E+05
  0.4766666667E+00  0.7373488132E+05
  0.4769444444E+00  0.7365060140E+05
  0.4772222222E+00  0.7356632124E+05
  0.4775000000E+00  0.7348204132E+05
  0.4777777778E+00  0.7339776106E+05
  0.4780555556E+00  0.7331348103E+05
  0.4783333333E+00  0.7322920078E+05
  0.4786111111E+00  0.7314492096E+05
  0.4788888889E+00  0.7306064070E+05
  0.4791666667E+00  0.7297636078E+05
  0.4794444444E+00  0.7289208053E+05
  0.4797222222E+00  0.7280780061E+05
  0.4800000000E+00  0.7272352045E+05
  0.4802777778E+00  0.7264967878E+05
  0.4805555556E+00  0.7257583719E+05
  0.4808333333E+00  0.7250199552E+05
  0.4811111111E+00  0.7242815393E+05
  0.4813888889E+00  0.7235431215E+05
  0.4816666667E+00  0.7228047056E+05
  0.4819444444E+00  0.7220662921E+05
  0.4822222222E+00  0.7213278764E+05
  0.4825000000E+00  0.7205894605E+05
  0.4827777778E+00  0.7198510438E+05
  0.4830555556E+00  0.7191126280E+05
  0.4833333333E+00  0.7183742101E+05
  0.4836111111E+00  0.7176357943E+05
  0.4838888889E+00  0.7168973775E+05
  0.4841666667E+00  0.7161589617E+05
  0.4844444444E+00  0.7154205450E+05
  0.4847222222E+00  0.7146821291E+05
  0.4850000000E+00  0.7139437133E+05
  0.4852777778E+00  0.7133307997E+05
  0.4855555556E+00  0.7127178838E+05
  0.4858333333E+00  0.7121049678E+05
  0.4861111111E+00  0.7114920552E+05
  0.4863888889E+00  0.7108791392E+05
  0.4866666667E+00  0.7102662234E+05
  0.4869444444E+00  0.7096533097E+05
  0.4872222222E+00  0.7090403948E+05
  0.4875000000E+00  0.7084274789E+05
  0.4877777778E+00  0.7078145663E+05
  0.4880555556E+00  0.7072016505E+05
  0.4883333333E+00  0.7065887334E+05
  0.4886111111E+00  0.7059758218E+05
  0.4888888889E+00  0.7053629048E+05
  0.4891666667E+00  0.7047499900E+05
  0.4894444444E+00  0.7041370764E+05
  0.4897222222E+00  0.7035241605E+05
  0.4900000000E+00  0.7029112444E+05
  0.4902777778E+00  0.7024371032E+05
  0.4905555556E+00  0.7019629574E+05
  0.4908333333E+00  0.7014888117E+05
  0.4911111111E+00  0.7010146682E+05
  0.4913888889E+00  0.7005405225E+05
  0.4916666667E+00  0.7000663801E+05
  0.4919444444E+00  0.6995922355E+05
  0.4922222222E+00  0.6991180897E+05
  0.4925000000E+00  0.6986439473E+05
  0.4927777778E+00  0.6981698015E+05
  0.4930555556E+00  0.6976956591E+05
  0.4933333333E+00  0.6972215133E+05
  0.4936111111E+00  0.6967473678E+05
  0.4938888889E+00  0.6962732253E+05
  0.4941666667E+00  0.6957990796E+05
  0.4944444444E+00  0.6953249371E+05
  0.4947222222E+00  0.6948507914E+05
  0.4950000000E+00  0.6943766456E+05
