  0.1027777778E-01  0.2259987862E+08
  0.1055555556E-01  0.2257006538E+08
  0.1083333333E-01  0.2254025216E+08
  0.1111111111E-01  0.2251043881E+08
  0.1138888889E-01  0.2248062558E+08
  0.1166666667E-01  0.2245081235E+08
  0.1194444444E-01  0.2242099912E+08
  0.1222222222E-01  0.2239118578E+08
  0.1250000000E-01  0.2236137255E+08
  0.1277777778E-01  0.2233155899E+08
  0.1305555556E-01  0.2230174565E+08
  0.1333333333E-01  0.2227193242E+08
  0.1361111111E-01  0.2224211919E+08
  0.1388888889E-01  0.2221230596E+08
  0.1416666667E-01  0.2218249262E+08
  0.1444444444E-01  0.2215267939E+08
  0.1472222222E-01  0.2212286616E+08
  0.1500000000E-01  0.2209305293E+08
  0.1527777778E-01  0.2205249712E+08
  0.1555555556E-01  0.2201194141E+08
  0.1583333333E-01  0.2197138571E+08
  0.1611111111E-01  0.2193082991E+08
  0.1638888889E-01  0.2189027421E+08
  0.1666666667E-01  0.2184971851E+08
  0.1694444444E-01  0.2180916270E+08
  0.1722222222E-01  0.2176860700E+08
  0.1750000000E-01  0.2172805098E+08
  0.1777777778E-01  0.2168749517E+08
  0.1805555556E-01  0.2164693946E+08
  0.1833333333E-01  0.2160638376E+08
  0.1861111111E-01  0.2156582796E+08
  0.1888888889E-01  0.2152527237E+08
  0.1916666667E-01  0.2148471656E+08
  0.1944444444E-01  0.2144416075E+08
  0.1972222222E-01  0.2140360516E+08
  0.2000000000E-01  0.2136304936E+08
  0.2027777778E-01  0.2131285495E+08
  0.2055555556E-01  0.2126266101E+08
  0.2083333333E-01  0.2121246651E+08
  0.2111111111E-01  0.2116227223E+08
  0.2138888889E-01  0.2111207783E+08
  0.2166666667E-01  0.2106188389E+08
  0.2194444444E-01  0.2101168949E+08
  0.2222222222E-01  0.2096149520E+08
  0.2250000000E-01  0.2091130114E+08
  0.2277777778E-01  0.2086110686E+08
  0.2305555556E-01  0.2081091236E+08
  0.2333333333E-01  0.2076071808E+08
  0.2361111111E-01  0.2071052402E+08
  0.2388888889E-01  0.2066032974E+08
  0.2416666667E-01  0.2061013533E+08
  0.2444444444E-01  0.2055994138E+08
  0.2472222222E-01  0.2050974699E+08
  0.2500000000E-01  0.2045955261E+08
  0.2527777778E-01  0.2040107088E+08
  0.2555555556E-01  0.2034258904E+08
  0.2583333333E-01  0.2028410721E+08
  0.2611111111E-01  0.2022562549E+08
  0.2638888889E-01  0.2016714355E+08
  0.2666666667E-01  0.2010866183E+08
  0.2694444444E-01  0.2005017999E+08
  0.2722222222E-01  0.1999169816E+08
  0.2750000000E-01  0.1993321633E+08
  0.2777777778E-01  0.1987473461E+08
  0.2805555556E-01  0.1981625300E+08
  0.2833333333E-01  0.1975777128E+08
  0.2861111111E-01  0.1969928945E+08
  0.2888888889E-01  0.1964080761E+08
  0.2916666667E-01  0.1958232588E+08
  0.2944444444E-01  0.1952384406E+08
  0.2972222222E-01  0.1946536222E+08
  0.3000000000E-01  0.1940688040E+08
  0.3027777778E-01  0.1934164919E+08
  0.3055555556E-01  0.1927641789E+08
  0.3083333333E-01  0.1921118648E+08
  0.3111111111E-01  0.1914595528E+08
  0.3138888889E-01  0.1908072399E+08
  0.3166666667E-01  0.1901549268E+08
  0.3194444444E-01  0.1895026137E+08
  0.3222222222E-01  0.1888503007E+08
  0.3250000000E-01  0.1881979877E+08
  0.3277777778E-01  0.1875456757E+08
  0.3305555556E-01  0.1868933649E+08
  0.3333333333E-01  0.1862410519E+08
  0.3361111111E-01  0.1855887399E+08
  0.3388888889E-01  0.1849364269E+08
  0.3416666667E-01  0.1842841128E+08
  0.3444444444E-01  0.1836318007E+08
  0.3472222222E-01  0.1829794877E+08
  0.3500000000E-01  0.1823271748E+08
  0.3527777778E-01  0.1816237542E+08
  0.3555555556E-01  0.1809203282E+08
  0.3583333333E-01  0.1802169065E+08
  0.3611111111E-01  0.1795134817E+08
  0.3638888889E-01  0.1788100600E+08
  0.3666666667E-01  0.1781066340E+08
  0.3694444444E-01  0.1774032134E+08
  0.3722222222E-01  0.1766997918E+08
  0.3750000000E-01  0.1759963669E+08
  0.3777777778E-01  0.1752929453E+08
  0.3805555556E-01  0.1745895192E+08
  0.3833333333E-01  0.1738860977E+08
  0.3861111111E-01  0.1731826737E+08
  0.3888888889E-01  0.1724792522E+08
  0.3916666667E-01  0.1717758306E+08
  0.3944444444E-01  0.1710724045E+08
  0.3972222222E-01  0.1703689830E+08
  0.4000000000E-01  0.1696655580E+08
  0.4027777778E-01  0.1689280767E+08
  0.4055555556E-01  0.1681905909E+08
  0.4083333333E-01  0.1674531096E+08
  0.4111111111E-01  0.1667156248E+08
  0.4138888889E-01  0.1659781424E+08
  0.4166666667E-01  0.1652406566E+08
  0.4194444444E-01  0.1645031763E+08
  0.4222222222E-01  0.1637656905E+08
  0.4250000000E-01  0.1630282081E+08
  0.4277777778E-01  0.1622907234E+08
  0.4305555556E-01  0.1615532421E+08
  0.4333333333E-01  0.1608157563E+08
  0.4361111111E-01  0.1600782749E+08
  0.4388888889E-01  0.1593407892E+08
  0.4416666667E-01  0.1586033078E+08
  0.4444444444E-01  0.1578658231E+08
  0.4472222222E-01  0.1571283406E+08
  0.4500000000E-01  0.1563908549E+08
  0.4527777778E-01  0.1556362092E+08
  0.4555555556E-01  0.1548815610E+08
  0.4583333333E-01  0.1541269153E+08
  0.4611111111E-01  0.1533722696E+08
  0.4638888889E-01  0.1526176194E+08
  0.4666666667E-01  0.1518629735E+08
  0.4694444444E-01  0.1511083245E+08
  0.4722222222E-01  0.1503536788E+08
  0.4750000000E-01  0.1495990331E+08
  0.4777777778E-01  0.1488443838E+08
  0.4805555556E-01  0.1480897381E+08
  0.4833333333E-01  0.1473350889E+08
  0.4861111111E-01  0.1465804432E+08
  0.4888888889E-01  0.1458257975E+08
  0.4916666667E-01  0.1450711473E+08
  0.4944444444E-01  0.1443165015E+08
  0.4972222222E-01  0.1435618534E+08
  0.5000000000E-01  0.1428072077E+08
  0.5027777778E-01  0.1420515704E+08
  0.5055555556E-01  0.1412959299E+08
  0.5083333333E-01  0.1405402915E+08
  0.5111111111E-01  0.1397846509E+08
  0.5138888889E-01  0.1390290148E+08
  0.5166666667E-01  0.1382733742E+08
  0.5194444444E-01  0.1375177370E+08
  0.5222222222E-01  0.1367620964E+08
  0.5250000000E-01  0.1360064592E+08
  0.5277777778E-01  0.1352508186E+08
  0.5305555556E-01  0.1344951813E+08
  0.5333333333E-01  0.1337395407E+08
  0.5361111111E-01  0.1329839035E+08
  0.5388888889E-01  0.1322282629E+08
  0.5416666667E-01  0.1314726257E+08
  0.5444444444E-01  0.1307169861E+08
  0.5472222222E-01  0.1299613489E+08
  0.5500000000E-01  0.1292057084E+08
  0.5527777778E-01  0.1284639669E+08
  0.5555555556E-01  0.1277222255E+08
  0.5583333333E-01  0.1269804841E+08
  0.5611111111E-01  0.1262387417E+08
  0.5638888889E-01  0.1254970020E+08
  0.5666666667E-01  0.1247552606E+08
  0.5694444444E-01  0.1240135192E+08
  0.5722222222E-01  0.1232717778E+08
  0.5750000000E-01  0.1225300375E+08
  0.5777777778E-01  0.1217882964E+08
  0.5805555556E-01  0.1210465550E+08
  0.5833333333E-01  0.1203048136E+08
  0.5861111111E-01  0.1195630722E+08
  0.5888888889E-01  0.1188213298E+08
  0.5916666667E-01  0.1180795884E+08
  0.5944444444E-01  0.1173378470E+08
  0.5972222222E-01  0.1165961056E+08
  0.6000000000E-01  0.1158543653E+08
  0.6027777778E-01  0.1151397325E+08
  0.6055555556E-01  0.1144250997E+08
  0.6083333333E-01  0.1137104672E+08
  0.6111111111E-01  0.1129958355E+08
  0.6138888889E-01  0.1122812026E+08
  0.6166666667E-01  0.1115665698E+08
  0.6194444444E-01  0.1108519381E+08
  0.6222222222E-01  0.1101373053E+08
  0.6250000000E-01  0.1094226724E+08
  0.6277777778E-01  0.1087080410E+08
  0.6305555556E-01  0.1079934082E+08
  0.6333333333E-01  0.1072787754E+08
  0.6361111111E-01  0.1065641432E+08
  0.6388888889E-01  0.1058495107E+08
  0.6416666667E-01  0.1051348783E+08
  0.6444444444E-01  0.1044202458E+08
  0.6472222222E-01  0.1037056137E+08
  0.6500000000E-01  0.1029909812E+08
  0.6527777778E-01  0.1023145661E+08
  0.6555555556E-01  0.1016381503E+08
  0.6583333333E-01  0.1009617346E+08
  0.6611111111E-01  0.1002853188E+08
  0.6638888889E-01  0.9960890371E+07
  0.6666666667E-01  0.9893248797E+07
  0.6694444444E-01  0.9825607220E+07
  0.6722222222E-01  0.9757965712E+07
  0.6750000000E-01  0.9690324136E+07
  0.6777777778E-01  0.9622682559E+07
  0.6805555556E-01  0.9555040951E+07
  0.6833333333E-01  0.9487399463E+07
  0.6861111111E-01  0.9419757885E+07
  0.6888888889E-01  0.9352116312E+07
  0.6916666667E-01  0.9284474702E+07
  0.6944444444E-01  0.9216833224E+07
  0.6972222222E-01  0.9149191651E+07
  0.7000000000E-01  0.9081550040E+07
  0.7027777778E-01  0.9018612230E+07
  0.7055555556E-01  0.8955674404E+07
  0.7083333333E-01  0.8892736649E+07
  0.7111111111E-01  0.8829798836E+07
  0.7138888889E-01  0.8766860980E+07
  0.7166666667E-01  0.8703923166E+07
  0.7194444444E-01  0.8640985345E+07
  0.7222222222E-01  0.8578047497E+07
  0.7250000000E-01  0.8515109775E+07
  0.7277777778E-01  0.8452171928E+07
  0.7305555556E-01  0.8389234106E+07
  0.7333333333E-01  0.8326296259E+07
  0.7361111111E-01  0.8263358437E+07
  0.7388888889E-01  0.8200420612E+07
  0.7416666667E-01  0.8137482869E+07
  0.7444444444E-01  0.8074545043E+07
  0.7472222222E-01  0.8011607199E+07
  0.7500000000E-01  0.7948669374E+07
  0.7527777778E-01  0.7891072674E+07
  0.7555555556E-01  0.7833476113E+07
  0.7583333333E-01  0.7775879548E+07
  0.7611111111E-01  0.7718282848E+07
  0.7638888889E-01  0.7660686283E+07
  0.7666666667E-01  0.7603089583E+07
  0.7694444444E-01  0.7545493006E+07
  0.7722222222E-01  0.7487896308E+07
  0.7750000000E-01  0.7430299743E+07
  0.7777777778E-01  0.7372703045E+07
  0.7805555556E-01  0.7315106479E+07
  0.7833333333E-01  0.7257509780E+07
  0.7861111111E-01  0.7199913215E+07
  0.7888888889E-01  0.7142316516E+07
  0.7916666667E-01  0.7084719939E+07
  0.7944444444E-01  0.7027123241E+07
  0.7972222222E-01  0.6969526676E+07
  0.8000000000E-01  0.6911929977E+07
  0.8027777778E-01  0.6860072519E+07
  0.8055555556E-01  0.6808215039E+07
  0.8083333333E-01  0.6756357447E+07
  0.8111111111E-01  0.6704499956E+07
  0.8138888889E-01  0.6652642509E+07
  0.8166666667E-01  0.6600784917E+07
  0.8194444444E-01  0.6548927437E+07
  0.8222222222E-01  0.6497069979E+07
  0.8250000000E-01  0.6445212486E+07
  0.8277777778E-01  0.6393354907E+07
  0.8305555556E-01  0.6341497415E+07
  0.8333333333E-01  0.6289639968E+07
  0.8361111111E-01  0.6237782377E+07
  0.8388888889E-01  0.6185924885E+07
  0.8416666667E-01  0.6134067438E+07
  0.8444444444E-01  0.6082209947E+07
  0.8472222222E-01  0.6030352355E+07
  0.8500000000E-01  0.5978494874E+07
  0.8527777778E-01  0.5932541165E+07
  0.8555555556E-01  0.5886587421E+07
  0.8583333333E-01  0.5840633723E+07
  0.8611111111E-01  0.5794679979E+07
  0.8638888889E-01  0.5748726269E+07
  0.8666666667E-01  0.5702772526E+07
  0.8694444444E-01  0.5656818794E+07
  0.8722222222E-01  0.5610865184E+07
  0.8750000000E-01  0.5564911441E+07
  0.8777777778E-01  0.5518957741E+07
  0.8805555556E-01  0.5473003979E+07
  0.8833333333E-01  0.5427050278E+07
  0.8861111111E-01  0.5381096545E+07
  0.8888888889E-01  0.5335142813E+07
  0.8916666667E-01  0.5289189112E+07
  0.8944444444E-01  0.5243235380E+07
  0.8972222222E-01  0.5197281691E+07
  0.9000000000E-01  0.5151327958E+07
  0.9027777778E-01  0.5111233221E+07
  0.9055555556E-01  0.5071138529E+07
  0.9083333333E-01  0.5031043792E+07
  0.9111111111E-01  0.4990949066E+07
  0.9138888889E-01  0.4950854373E+07
  0.9166666667E-01  0.4910759648E+07
  0.9194444444E-01  0.4870664922E+07
  0.9222222222E-01  0.4830570229E+07
  0.9250000000E-01  0.4790475504E+07
  0.9277777778E-01  0.4750380766E+07
  0.9305555556E-01  0.4710286041E+07
  0.9333333333E-01  0.4670191348E+07
  0.9361111111E-01  0.4630096622E+07
  0.9388888889E-01  0.4590001896E+07
  0.9416666667E-01  0.4549907193E+07
  0.9444444444E-01  0.4509812468E+07
  0.9472222222E-01  0.4469717730E+07
  0.9500000000E-01  0.4429623038E+07
  0.9527777778E-01  0.4395159844E+07
  0.9555555556E-01  0.4360696630E+07
  0.9583333333E-01  0.4326233415E+07
  0.9611111111E-01  0.4291770200E+07
  0.9638888889E-01  0.4257307006E+07
  0.9666666667E-01  0.4222843791E+07
  0.9694444444E-01  0.4188380577E+07
  0.9722222222E-01  0.4153917362E+07
  0.9750000000E-01  0.4119454157E+07
  0.9777777778E-01  0.4084990953E+07
  0.9805555556E-01  0.4050527738E+07
  0.9833333333E-01  0.4016064524E+07
  0.9861111111E-01  0.3981601319E+07
  0.9888888889E-01  0.3947138115E+07
  0.9916666667E-01  0.3912674900E+07
  0.9944444444E-01  0.3878211685E+07
  0.9972222222E-01  0.3843748481E+07
  0.1000000000E+00  0.3809285277E+07
  0.1002777778E+00  0.3780074741E+07
  0.1005555556E+00  0.3750864214E+07
  0.1008333333E+00  0.3721653689E+07
  0.1011111111E+00  0.3692443163E+07
  0.1013888889E+00  0.3663232605E+07
  0.1016666667E+00  0.3634022078E+07
  0.1019444444E+00  0.3604811554E+07
  0.1022222222E+00  0.3575601028E+07
  0.1025000000E+00  0.3546390502E+07
  0.1027777778E+00  0.3517179976E+07
  0.1030555556E+00  0.3487969452E+07
  0.1033333333E+00  0.3458758924E+07
  0.1036111111E+00  0.3429548366E+07
  0.1038888889E+00  0.3400337841E+07
  0.1041666667E+00  0.3371127304E+07
  0.1044444444E+00  0.3341916789E+07
  0.1047222222E+00  0.3312706253E+07
  0.1050000000E+00  0.3283495739E+07
  0.1052777778E+00  0.3259049679E+07
  0.1055555556E+00  0.3234603610E+07
  0.1058333333E+00  0.3210157562E+07
  0.1061111111E+00  0.3185711504E+07
  0.1063888889E+00  0.3161265435E+07
  0.1066666667E+00  0.3136819387E+07
  0.1069444444E+00  0.3112373329E+07
  0.1072222222E+00  0.3087927270E+07
  0.1075000000E+00  0.3063481212E+07
  0.1077777778E+00  0.3039035154E+07
  0.1080555556E+00  0.3014589095E+07
  0.1083333333E+00  0.2990143037E+07
  0.1086111111E+00  0.2965696979E+07
  0.1088888889E+00  0.2941250920E+07
  0.1091666667E+00  0.2916804862E+07
  0.1094444444E+00  0.2892358814E+07
  0.1097222222E+00  0.2867912745E+07
  0.1100000000E+00  0.2843466687E+07
  0.1102777778E+00  0.2823218895E+07
  0.1105555556E+00  0.2802971094E+07
  0.1108333333E+00  0.2782723293E+07
  0.1111111111E+00  0.2762475526E+07
  0.1113888889E+00  0.2742227724E+07
  0.1116666667E+00  0.2721979933E+07
  0.1119444444E+00  0.2701732154E+07
  0.1122222222E+00  0.2681484353E+07
  0.1125000000E+00  0.2661236552E+07
  0.1127777778E+00  0.2640988751E+07
  0.1130555556E+00  0.2620740993E+07
  0.1133333333E+00  0.2600493192E+07
  0.1136111111E+00  0.2580245392E+07
  0.1138888889E+00  0.2559997624E+07
  0.1141666667E+00  0.2539749833E+07
  0.1144444444E+00  0.2519502031E+07
  0.1147222222E+00  0.2499254230E+07
  0.1150000000E+00  0.2479006463E+07
  0.1152777778E+00  0.2462353304E+07
  0.1155555556E+00  0.2445700179E+07
  0.1158333333E+00  0.2429047075E+07
  0.1161111111E+00  0.2412393917E+07
  0.1163888889E+00  0.2395740803E+07
  0.1166666667E+00  0.2379087644E+07
  0.1169444444E+00  0.2362434519E+07
  0.1172222222E+00  0.2345781405E+07
  0.1175000000E+00  0.2329128247E+07
  0.1177777778E+00  0.2312475143E+07
  0.1180555556E+00  0.2295822018E+07
  0.1183333333E+00  0.2279168859E+07
  0.1186111111E+00  0.2262515745E+07
  0.1188888889E+00  0.2245862587E+07
  0.1191666667E+00  0.2229209472E+07
  0.1194444444E+00  0.2212556347E+07
  0.1197222222E+00  0.2195903189E+07
  0.1200000000E+00  0.2179250085E+07
  0.1202777778E+00  0.2165582404E+07
  0.1205555556E+00  0.2151914745E+07
  0.1208333333E+00  0.2138247107E+07
  0.1211111111E+00  0.2124579448E+07
  0.1213888889E+00  0.2110911788E+07
  0.1216666667E+00  0.2097244118E+07
  0.1219444444E+00  0.2083576491E+07
  0.1222222222E+00  0.2069908821E+07
  0.1225000000E+00  0.2056241161E+07
  0.1227777778E+00  0.2042573490E+07
  0.1230555556E+00  0.2028905831E+07
  0.1233333333E+00  0.2015238205E+07
  0.1236111111E+00  0.2001570534E+07
  0.1238888889E+00  0.1987902874E+07
  0.1241666667E+00  0.1974235204E+07
  0.1244444444E+00  0.1960567577E+07
  0.1247222222E+00  0.1946899907E+07
  0.1250000000E+00  0.1933232247E+07
  0.1252777778E+00  0.1921964226E+07
  0.1255555556E+00  0.1910696182E+07
  0.1258333333E+00  0.1899428170E+07
  0.1261111111E+00  0.1888160115E+07
  0.1263888889E+00  0.1876892094E+07
  0.1266666667E+00  0.1865624083E+07
  0.1269444444E+00  0.1854356039E+07
  0.1272222222E+00  0.1843088017E+07
  0.1275000000E+00  0.1831819973E+07
  0.1277777778E+00  0.1820551952E+07
  0.1280555556E+00  0.1809283940E+07
  0.1283333333E+00  0.1798015897E+07
  0.1286111111E+00  0.1786747875E+07
  0.1288888889E+00  0.1775479820E+07
  0.1291666667E+00  0.1764211809E+07
  0.1294444444E+00  0.1752943798E+07
  0.1297222222E+00  0.1741675743E+07
  0.1300000000E+00  0.1730407732E+07
  0.1302777778E+00  0.1721001751E+07
  0.1305555556E+00  0.1711595759E+07
  0.1308333333E+00  0.1702189778E+07
  0.1311111111E+00  0.1692783786E+07
  0.1313888889E+00  0.1683377806E+07
  0.1316666667E+00  0.1673971814E+07
  0.1319444444E+00  0.1664565833E+07
  0.1322222222E+00  0.1655159852E+07
  0.1325000000E+00  0.1645753860E+07
  0.1327777778E+00  0.1636347879E+07
  0.1330555556E+00  0.1626941887E+07
  0.1333333333E+00  0.1617535907E+07
  0.1336111111E+00  0.1608129915E+07
  0.1338888889E+00  0.1598723934E+07
  0.1341666667E+00  0.1589317942E+07
  0.1344444444E+00  0.1579911961E+07
  0.1347222222E+00  0.1570505969E+07
  0.1350000000E+00  0.1561099989E+07
  0.1352777778E+00  0.1553082761E+07
  0.1355555556E+00  0.1545065502E+07
  0.1358333333E+00  0.1537048264E+07
  0.1361111111E+00  0.1529031037E+07
  0.1363888889E+00  0.1521013811E+07
  0.1366666667E+00  0.1512996584E+07
  0.1369444444E+00  0.1504979324E+07
  0.1372222222E+00  0.1496962097E+07
  0.1375000000E+00  0.1488944870E+07
  0.1377777778E+00  0.1480927643E+07
  0.1380555556E+00  0.1472910406E+07
  0.1383333333E+00  0.1464893190E+07
  0.1386111111E+00  0.1456875919E+07
  0.1388888889E+00  0.1448858703E+07
  0.1391666667E+00  0.1440841466E+07
  0.1394444444E+00  0.1432824238E+07
  0.1397222222E+00  0.1424807012E+07
  0.1400000000E+00  0.1416789751E+07
  0.1402777778E+00  0.1409764684E+07
  0.1405555556E+00  0.1402739582E+07
  0.1408333333E+00  0.1395714469E+07
  0.1411111111E+00  0.1388689412E+07
  0.1413888889E+00  0.1381664299E+07
  0.1416666667E+00  0.1374639208E+07
  0.1419444444E+00  0.1367614129E+07
  0.1422222222E+00  0.1360589027E+07
  0.1425000000E+00  0.1353563960E+07
  0.1427777778E+00  0.1346538857E+07
  0.1430555556E+00  0.1339513745E+07
  0.1433333333E+00  0.1332488688E+07
  0.1436111111E+00  0.1325463575E+07
  0.1438888889E+00  0.1318438484E+07
  0.1441666667E+00  0.1311413415E+07
  0.1444444444E+00  0.1304388303E+07
  0.1447222222E+00  0.1297363212E+07
  0.1450000000E+00  0.1290338133E+07
  0.1452777778E+00  0.1283990136E+07
  0.1455555556E+00  0.1277642151E+07
  0.1458333333E+00  0.1271294154E+07
  0.1461111111E+00  0.1264946168E+07
  0.1463888889E+00  0.1258598205E+07
  0.1466666667E+00  0.1252250208E+07
  0.1469444444E+00  0.1245902222E+07
  0.1472222222E+00  0.1239554225E+07
  0.1475000000E+00  0.1233206239E+07
  0.1477777778E+00  0.1226858276E+07
  0.1480555556E+00  0.1220510279E+07
  0.1483333333E+00  0.1214162293E+07
  0.1486111111E+00  0.1207814286E+07
  0.1488888889E+00  0.1201466334E+07
  0.1491666667E+00  0.1195118337E+07
  0.1494444444E+00  0.1188770351E+07
  0.1497222222E+00  0.1182422355E+07
  0.1500000000E+00  0.1176074358E+07
  0.1502777778E+00  0.1170169399E+07
  0.1505555556E+00  0.1164264407E+07
  0.1508333333E+00  0.1158359415E+07
  0.1511111111E+00  0.1152454446E+07
  0.1513888889E+00  0.1146549454E+07
  0.1516666667E+00  0.1140644484E+07
  0.1519444444E+00  0.1134739492E+07
  0.1522222222E+00  0.1128834499E+07
  0.1525000000E+00  0.1122929531E+07
  0.1527777778E+00  0.1117024538E+07
  0.1530555556E+00  0.1111119546E+07
  0.1533333333E+00  0.1105214576E+07
  0.1536111111E+00  0.1099309584E+07
  0.1538888889E+00  0.1093404615E+07
  0.1541666667E+00  0.1087499623E+07
  0.1544444444E+00  0.1081594631E+07
  0.1547222222E+00  0.1075689672E+07
  0.1550000000E+00  0.1069784669E+07
  0.1552777778E+00  0.1064165159E+07
  0.1555555556E+00  0.1058545648E+07
  0.1558333333E+00  0.1052926137E+07
  0.1561111111E+00  0.1047306627E+07
  0.1563888889E+00  0.1041687115E+07
  0.1566666667E+00  0.1036067605E+07
  0.1569444444E+00  0.1030448093E+07
  0.1572222222E+00  0.1024828580E+07
  0.1575000000E+00  0.1019209058E+07
  0.1577777778E+00  0.1013589558E+07
  0.1580555556E+00  0.1007970048E+07
  0.1583333333E+00  0.1002350536E+07
  0.1586111111E+00  0.9967310262E+06
  0.1588888889E+00  0.9911115147E+06
  0.1591666667E+00  0.9854920044E+06
  0.1594444444E+00  0.9798724830E+06
  0.1597222222E+00  0.9742529827E+06
  0.1600000000E+00  0.9686334613E+06
  0.1602777778E+00  0.9632097848E+06
  0.1605555556E+00  0.9577861017E+06
  0.1608333333E+00  0.9523624074E+06
  0.1611111111E+00  0.9469387242E+06
  0.1613888889E+00  0.9415150411E+06
  0.1616666667E+00  0.9360913534E+06
  0.1619444444E+00  0.9306676703E+06
  0.1622222222E+00  0.9252439871E+06
  0.1625000000E+00  0.9198203040E+06
  0.1627777778E+00  0.9143966063E+06
  0.1630555556E+00  0.9089729332E+06
  0.1633333333E+00  0.9035492500E+06
  0.1636111111E+00  0.8981255557E+06
  0.1638888889E+00  0.8927018693E+06
  0.1641666667E+00  0.8872781827E+06
  0.1644444444E+00  0.8818545051E+06
  0.1647222222E+00  0.8764308187E+06
  0.1650000000E+00  0.8710071288E+06
  0.1652777778E+00  0.8657452892E+06
  0.1655555556E+00  0.8604834496E+06
  0.1658333333E+00  0.8552216111E+06
  0.1661111111E+00  0.8499597581E+06
  0.1663888889E+00  0.8446979185E+06
  0.1666666667E+00  0.8394360789E+06
  0.1669444444E+00  0.8341742359E+06
  0.1672222222E+00  0.8289123963E+06
  0.1675000000E+00  0.8236505578E+06
  0.1677777778E+00  0.8183887148E+06
  0.1680555556E+00  0.8131268753E+06
  0.1683333333E+00  0.8078650256E+06
  0.1686111111E+00  0.8026031826E+06
  0.1688888889E+00  0.7973413442E+06
  0.1691666667E+00  0.7920795046E+06
  0.1694444444E+00  0.7868176616E+06
  0.1697222222E+00  0.7815558220E+06
  0.1700000000E+00  0.7762939824E+06
  0.1702777778E+00  0.7712044463E+06
  0.1705555556E+00  0.7661149158E+06
  0.1708333333E+00  0.7610253885E+06
  0.1711111111E+00  0.7559358624E+06
  0.1713888889E+00  0.7508463253E+06
  0.1716666667E+00  0.7457567981E+06
  0.1719444444E+00  0.7406672720E+06
  0.1722222222E+00  0.7355777449E+06
  0.1725000000E+00  0.7304882077E+06
  0.1727777778E+00  0.7253986815E+06
  0.1730555556E+00  0.7203091543E+06
  0.1733333333E+00  0.7152196271E+06
  0.1736111111E+00  0.7101300911E+06
  0.1738888889E+00  0.7050405639E+06
  0.1741666667E+00  0.6999510367E+06
  0.1744444444E+00  0.6948615107E+06
  0.1747222222E+00  0.6897719700E+06
  0.1750000000E+00  0.6846824428E+06
  0.1752777778E+00  0.6798058025E+06
  0.1755555556E+00  0.6749291689E+06
  0.1758333333E+00  0.6700525251E+06
  0.1761111111E+00  0.6651758848E+06
  0.1763888889E+00  0.6602992423E+06
  0.1766666667E+00  0.6554226019E+06
  0.1769444444E+00  0.6505459682E+06
  0.1772222222E+00  0.6456693246E+06
  0.1775000000E+00  0.6407926842E+06
  0.1777777778E+00  0.6359160405E+06
  0.1780555556E+00  0.6310394069E+06
  0.1783333333E+00  0.6261627664E+06
  0.1786111111E+00  0.6212861228E+06
  0.1788888889E+00  0.6164094792E+06
  0.1791666667E+00  0.6115328388E+06
  0.1794444444E+00  0.6066562051E+06
  0.1797222222E+00  0.6017795614E+06
  0.1800000000E+00  0.5969029222E+06
  0.1802777778E+00  0.5922972814E+06
  0.1805555556E+00  0.5876916483E+06
  0.1808333333E+00  0.5830860074E+06
  0.1811111111E+00  0.5784803676E+06
  0.1813888889E+00  0.5738747234E+06
  0.1816666667E+00  0.5692690826E+06
  0.1819444444E+00  0.5646634528E+06
  0.1822222222E+00  0.5600578121E+06
  0.1825000000E+00  0.5554521689E+06
  0.1827777778E+00  0.5508465281E+06
  0.1830555556E+00  0.5462408884E+06
  0.1833333333E+00  0.5416352542E+06
  0.1836111111E+00  0.5370296144E+06
  0.1838888889E+00  0.5324239736E+06
  0.1841666667E+00  0.5278183338E+06
  0.1844444444E+00  0.5232126897E+06
  0.1847222222E+00  0.5186070599E+06
  0.1850000000E+00  0.5140014190E+06
  0.1852777778E+00  0.5097314299E+06
  0.1855555556E+00  0.5054614397E+06
  0.1858333333E+00  0.5011914506E+06
  0.1861111111E+00  0.4969214569E+06
  0.1863888889E+00  0.4926514678E+06
  0.1866666667E+00  0.4883814875E+06
  0.1869444444E+00  0.4841114984E+06
  0.1872222222E+00  0.4798415081E+06
  0.1875000000E+00  0.4755715190E+06
  0.1877777778E+00  0.4713015288E+06
  0.1880555556E+00  0.4670315396E+06
  0.1883333333E+00  0.4627615493E+06
  0.1886111111E+00  0.4584915602E+06
  0.1888888889E+00  0.4542215800E+06
  0.1891666667E+00  0.4499515868E+06
  0.1894444444E+00  0.4456815975E+06
  0.1897222222E+00  0.4414116093E+06
  0.1900000000E+00  0.4371416178E+06
  0.1902777778E+00  0.4332682754E+06
  0.1905555556E+00  0.4293949294E+06
  0.1908333333E+00  0.4255215846E+06
  0.1911111111E+00  0.4216482420E+06
  0.1913888889E+00  0.4177748972E+06
  0.1916666667E+00  0.4139015515E+06
  0.1919444444E+00  0.4100282088E+06
  0.1922222222E+00  0.4061548640E+06
  0.1925000000E+00  0.4022815192E+06
  0.1927777778E+00  0.3984081766E+06
  0.1930555556E+00  0.3945348309E+06
  0.1933333333E+00  0.3906614848E+06
  0.1936111111E+00  0.3867881434E+06
  0.1938888889E+00  0.3829147987E+06
  0.1941666667E+00  0.3790414517E+06
  0.1944444444E+00  0.3751681102E+06
  0.1947222222E+00  0.3712947643E+06
  0.1950000000E+00  0.3674214195E+06
  0.1952777778E+00  0.3639948996E+06
  0.1955555556E+00  0.3605683785E+06
  0.1958333333E+00  0.3571418553E+06
  0.1961111111E+00  0.3537153343E+06
  0.1963888889E+00  0.3502888110E+06
  0.1966666667E+00  0.3468622901E+06
  0.1969444444E+00  0.3434357669E+06
  0.1972222222E+00  0.3400092458E+06
  0.1975000000E+00  0.3365827215E+06
  0.1977777778E+00  0.3331562026E+06
  0.1980555556E+00  0.3297296782E+06
  0.1983333333E+00  0.3263031583E+06
  0.1986111111E+00  0.3228766339E+06
  0.1988888889E+00  0.3194501140E+06
  0.1991666667E+00  0.3160235897E+06
  0.1994444444E+00  0.3125970698E+06
  0.1997222222E+00  0.3091705455E+06
  0.2000000000E+00  0.3057440256E+06
  0.2002777778E+00  0.3027980634E+06
  0.2005555556E+00  0.2998520992E+06
  0.2008333333E+00  0.2969061370E+06
  0.2011111111E+00  0.2939601727E+06
  0.2013888889E+00  0.2910142105E+06
  0.2016666667E+00  0.2880682507E+06
  0.2019444444E+00  0.2851222875E+06
  0.2022222222E+00  0.2821763244E+06
  0.2025000000E+00  0.2792303622E+06
  0.2027777778E+00  0.2762843979E+06
  0.2030555556E+00  0.2733384347E+06
  0.2033333333E+00  0.2703924726E+06
  0.2036111111E+00  0.2674465083E+06
  0.2038888889E+00  0.2645005462E+06
  0.2041666667E+00  0.2615545864E+06
  0.2044444444E+00  0.2586086231E+06
  0.2047222222E+00  0.2556626599E+06
  0.2050000000E+00  0.2527166978E+06
  0.2052777778E+00  0.2502662044E+06
  0.2055555556E+00  0.2478157086E+06
  0.2058333333E+00  0.2453652161E+06
  0.2061111111E+00  0.2429147239E+06
  0.2063888889E+00  0.2404642314E+06
  0.2066666667E+00  0.2380137380E+06
  0.2069444444E+00  0.2355632434E+06
  0.2072222222E+00  0.2331127510E+06
  0.2075000000E+00  0.2306622575E+06
  0.2077777778E+00  0.2282117652E+06
  0.2080555556E+00  0.2257612727E+06
  0.2083333333E+00  0.2233107770E+06
  0.2086111111E+00  0.2208602847E+06
  0.2088888889E+00  0.2184097912E+06
  0.2091666667E+00  0.2159592989E+06
  0.2094444444E+00  0.2135088076E+06
  0.2097222222E+00  0.2110583107E+06
  0.2100000000E+00  0.2086078184E+06
  0.2102777778E+00  0.2066477585E+06
  0.2105555556E+00  0.2046877018E+06
  0.2108333333E+00  0.2027276419E+06
  0.2111111111E+00  0.2007675820E+06
  0.2113888889E+00  0.1988075266E+06
  0.2116666667E+00  0.1968474666E+06
  0.2119444444E+00  0.1948874066E+06
  0.2122222222E+00  0.1929273468E+06
  0.2125000000E+00  0.1909672912E+06
  0.2127777778E+00  0.1890072312E+06
  0.2130555556E+00  0.1870471713E+06
  0.2133333333E+00  0.1850871114E+06
  0.2136111111E+00  0.1831270558E+06
  0.2138888889E+00  0.1811669959E+06
  0.2141666667E+00  0.1792069360E+06
  0.2144444444E+00  0.1772468761E+06
  0.2147222222E+00  0.1752868194E+06
  0.2150000000E+00  0.1733267596E+06
  0.2152777778E+00  0.1718332421E+06
  0.2155555556E+00  0.1703397201E+06
  0.2158333333E+00  0.1688462037E+06
  0.2161111111E+00  0.1673526862E+06
  0.2163888889E+00  0.1658591643E+06
  0.2166666667E+00  0.1643656468E+06
  0.2169444444E+00  0.1628721303E+06
  0.2172222222E+00  0.1613786116E+06
  0.2175000000E+00  0.1598850910E+06
  0.2177777778E+00  0.1583915745E+06
  0.2180555556E+00  0.1568980558E+06
  0.2183333333E+00  0.1554045350E+06
  0.2186111111E+00  0.1539110164E+06
  0.2188888889E+00  0.1524174999E+06
  0.2191666667E+00  0.1509239825E+06
  0.2194444444E+00  0.1494304605E+06
  0.2197222222E+00  0.1479369440E+06
  0.2200000000E+00  0.1464434265E+06
  0.2202777778E+00  0.1453763286E+06
  0.2205555556E+00  0.1443092352E+06
  0.2208333333E+00  0.1432421418E+06
  0.2211111111E+00  0.1421750483E+06
  0.2213888889E+00  0.1411079515E+06
  0.2216666667E+00  0.1400408581E+06
  0.2219444444E+00  0.1389737647E+06
  0.2222222222E+00  0.1379066679E+06
  0.2225000000E+00  0.1368395744E+06
  0.2227777778E+00  0.1357724809E+06
  0.2230555556E+00  0.1347053875E+06
  0.2233333333E+00  0.1336382896E+06
  0.2236111111E+00  0.1325711962E+06
  0.2238888889E+00  0.1315041037E+06
  0.2241666667E+00  0.1304370069E+06
  0.2244444444E+00  0.1293699135E+06
  0.2247222222E+00  0.1283028201E+06
  0.2250000000E+00  0.1272357266E+06
  0.2252777778E+00  0.1265419958E+06
  0.2255555556E+00  0.1258482661E+06
  0.2258333333E+00  0.1251545353E+06
  0.2261111111E+00  0.1244608056E+06
  0.2263888889E+00  0.1237670737E+06
  0.2266666667E+00  0.1230733440E+06
  0.2269444444E+00  0.1223796132E+06
  0.2272222222E+00  0.1216858834E+06
  0.2275000000E+00  0.1209921527E+06
  0.2277777778E+00  0.1202984229E+06
  0.2280555556E+00  0.1196046922E+06
  0.2283333333E+00  0.1189109624E+06
  0.2286111111E+00  0.1182172316E+06
  0.2288888889E+00  0.1175235019E+06
  0.2291666667E+00  0.1168297712E+06
  0.2294444444E+00  0.1161360414E+06
  0.2297222222E+00  0.1154423095E+06
  0.2300000000E+00  0.1147485797E+06
  0.2302777778E+00  0.1143665126E+06
  0.2305555556E+00  0.1139844444E+06
  0.2308333333E+00  0.1136023738E+06
  0.2311111111E+00  0.1132203066E+06
  0.2313888889E+00  0.1128382383E+06
  0.2316666667E+00  0.1124561701E+06
  0.2319444444E+00  0.1120740996E+06
  0.2322222222E+00  0.1116920330E+06
  0.2325000000E+00  0.1113099648E+06
  0.2327777778E+00  0.1109278958E+06
  0.2330555556E+00  0.1105458266E+06
  0.2333333333E+00  0.1101637587E+06
  0.2336111111E+00  0.1097816905E+06
  0.2338888889E+00  0.1093996224E+06
  0.2341666667E+00  0.1090175524E+06
  0.2344444444E+00  0.1086354842E+06
  0.2347222222E+00  0.1082534163E+06
  0.2350000000E+00  0.1078713481E+06
  0.2352777778E+00  0.1077347123E+06
  0.2355555556E+00  0.1075980765E+06
  0.2358333333E+00  0.1074614418E+06
  0.2361111111E+00  0.1073248060E+06
  0.2363888889E+00  0.1071881702E+06
  0.2366666667E+00  0.1070515365E+06
  0.2369444444E+00  0.1069149007E+06
  0.2372222222E+00  0.1067782649E+06
  0.2375000000E+00  0.1066416302E+06
  0.2377777778E+00  0.1065049945E+06
  0.2380555556E+00  0.1063683590E+06
  0.2383333333E+00  0.1062317245E+06
  0.2386111111E+00  0.1060950892E+06
  0.2388888889E+00  0.1059584537E+06
  0.2391666667E+00  0.1058218182E+06
  0.2394444444E+00  0.1056851828E+06
  0.2397222222E+00  0.1055485473E+06
  0.2400000000E+00  0.1054119128E+06
  0.2402777778E+00  0.1054541113E+06
  0.2405555556E+00  0.1054963084E+06
  0.2408333333E+00  0.1055385065E+06
  0.2411111111E+00  0.1055807045E+06
  0.2413888889E+00  0.1056229029E+06
  0.2416666667E+00  0.1056651010E+06
  0.2419444444E+00  0.1057072990E+06
  0.2422222222E+00  0.1057494971E+06
  0.2425000000E+00  0.1057916951E+06
  0.2427777778E+00  0.1058338926E+06
  0.2430555556E+00  0.1058760906E+06
  0.2433333333E+00  0.1059182887E+06
  0.2436111111E+00  0.1059604867E+06
  0.2438888889E+00  0.1060026848E+06
  0.2441666667E+00  0.1060448832E+06
  0.2444444444E+00  0.1060870812E+06
  0.2447222222E+00  0.1061292793E+06
  0.2450000000E+00  0.1061714774E+06
  0.2452777778E+00  0.1063292408E+06
  0.2455555556E+00  0.1064870042E+06
  0.2458333333E+00  0.1066447677E+06
  0.2461111111E+00  0.1068025317E+06
  0.2463888889E+00  0.1069602951E+06
  0.2466666667E+00  0.1071180586E+06
  0.2469444444E+00  0.1072758219E+06
  0.2472222222E+00  0.1074335860E+06
  0.2475000000E+00  0.1075913494E+06
  0.2477777778E+00  0.1077491129E+06
  0.2480555556E+00  0.1079068762E+06
  0.2483333333E+00  0.1080646403E+06
  0.2486111111E+00  0.1082224038E+06
  0.2488888889E+00  0.1083801671E+06
  0.2491666667E+00  0.1085379305E+06
  0.2494444444E+00  0.1086956946E+06
  0.2497222222E+00  0.1088534581E+06
  0.2500000000E+00  0.1090112214E+06
  0.2502777778E+00  0.1092275822E+06
  0.2505555556E+00  0.1094439443E+06
  0.2508333333E+00  0.1096603054E+06
  0.2511111111E+00  0.1098766661E+06
  0.2513888889E+00  0.1100930273E+06
  0.2516666667E+00  0.1103093880E+06
  0.2519444444E+00  0.1105257491E+06
  0.2522222222E+00  0.1107421113E+06
  0.2525000000E+00  0.1109584720E+06
  0.2527777778E+00  0.1111748331E+06
  0.2530555556E+00  0.1113911938E+06
  0.2533333333E+00  0.1116075550E+06
  0.2536111111E+00  0.1118239167E+06
  0.2538888889E+00  0.1120402778E+06
  0.2541666667E+00  0.1122566389E+06
  0.2544444444E+00  0.1124729997E+06
  0.2547222222E+00  0.1126893607E+06
  0.2550000000E+00  0.1129057225E+06
  0.2552777778E+00  0.1131323578E+06
  0.2555555556E+00  0.1133589940E+06
  0.2558333333E+00  0.1135856290E+06
  0.2561111111E+00  0.1138122651E+06
  0.2563888889E+00  0.1140389000E+06
  0.2566666667E+00  0.1142655363E+06
  0.2569444444E+00  0.1144921715E+06
  0.2572222222E+00  0.1147188074E+06
  0.2575000000E+00  0.1149454427E+06
  0.2577777778E+00  0.1151720790E+06
  0.2580555556E+00  0.1153987139E+06
  0.2583333333E+00  0.1156253501E+06
  0.2586111111E+00  0.1158519859E+06
  0.2588888889E+00  0.1160786212E+06
  0.2591666667E+00  0.1163052575E+06
  0.2594444444E+00  0.1165318924E+06
  0.2597222222E+00  0.1167585286E+06
  0.2600000000E+00  0.1169851635E+06
  0.2602777778E+00  0.1171836706E+06
  0.2605555556E+00  0.1173821783E+06
  0.2608333333E+00  0.1175806851E+06
  0.2611111111E+00  0.1177791918E+06
  0.2613888889E+00  0.1179776985E+06
  0.2616666667E+00  0.1181762053E+06
  0.2619444444E+00  0.1183747120E+06
  0.2622222222E+00  0.1185732187E+06
  0.2625000000E+00  0.1187717267E+06
  0.2627777778E+00  0.1189702335E+06
  0.2630555556E+00  0.1191687402E+06
  0.2633333333E+00  0.1193672469E+06
  0.2636111111E+00  0.1195657537E+06
  0.2638888889E+00  0.1197642604E+06
  0.2641666667E+00  0.1199627671E+06
  0.2644444444E+00  0.1201612748E+06
  0.2647222222E+00  0.1203597816E+06
  0.2650000000E+00  0.1205582887E+06
  0.2652777778E+00  0.1207009051E+06
  0.2655555556E+00  0.1208435218E+06
  0.2658333333E+00  0.1209861385E+06
  0.2661111111E+00  0.1211287552E+06
  0.2663888889E+00  0.1212713721E+06
  0.2666666667E+00  0.1214139888E+06
  0.2669444444E+00  0.1215566055E+06
  0.2672222222E+00  0.1216992222E+06
  0.2675000000E+00  0.1218418390E+06
  0.2677777778E+00  0.1219844554E+06
  0.2680555556E+00  0.1221270721E+06
  0.2683333333E+00  0.1222696888E+06
  0.2686111111E+00  0.1224123065E+06
  0.2688888889E+00  0.1225549234E+06
  0.2691666667E+00  0.1226975401E+06
  0.2694444444E+00  0.1228401568E+06
  0.2697222222E+00  0.1229827735E+06
  0.2700000000E+00  0.1231253902E+06
  0.2702777778E+00  0.1231948644E+06
  0.2705555556E+00  0.1232643395E+06
  0.2708333333E+00  0.1233338150E+06
  0.2711111111E+00  0.1234032902E+06
  0.2713888889E+00  0.1234727643E+06
  0.2716666667E+00  0.1235422398E+06
  0.2719444444E+00  0.1236117149E+06
  0.2722222222E+00  0.1236811890E+06
  0.2725000000E+00  0.1237506645E+06
  0.2727777778E+00  0.1238201396E+06
  0.2730555556E+00  0.1238896149E+06
  0.2733333333E+00  0.1239590893E+06
  0.2736111111E+00  0.1240285644E+06
  0.2738888889E+00  0.1240980396E+06
  0.2741666667E+00  0.1241675140E+06
  0.2744444444E+00  0.1242369891E+06
  0.2747222222E+00  0.1243064643E+06
  0.2750000000E+00  0.1243759388E+06
  0.2752777778E+00  0.1243647085E+06
  0.2755555556E+00  0.1243534772E+06
  0.2758333333E+00  0.1243422469E+06
  0.2761111111E+00  0.1243310157E+06
  0.2763888889E+00  0.1243197844E+06
  0.2766666667E+00  0.1243085541E+06
  0.2769444444E+00  0.1242973228E+06
  0.2772222222E+00  0.1242860925E+06
  0.2775000000E+00  0.1242748613E+06
  0.2777777778E+00  0.1242636300E+06
  0.2780555556E+00  0.1242523997E+06
  0.2783333333E+00  0.1242411684E+06
  0.2786111111E+00  0.1242299382E+06
  0.2788888889E+00  0.1242187069E+06
  0.2791666667E+00  0.1242074756E+06
  0.2794444444E+00  0.1241962453E+06
  0.2797222222E+00  0.1241850140E+06
  0.2800000000E+00  0.1241737828E+06
  0.2802777778E+00  0.1240827633E+06
  0.2805555556E+00  0.1239917439E+06
  0.2808333333E+00  0.1239007244E+06
  0.2811111111E+00  0.1238097052E+06
  0.2813888889E+00  0.1237186857E+06
  0.2816666667E+00  0.1236276662E+06
  0.2819444444E+00  0.1235366467E+06
  0.2822222222E+00  0.1234456266E+06
  0.2825000000E+00  0.1233546071E+06
  0.2827777778E+00  0.1232635877E+06
  0.2830555556E+00  0.1231725682E+06
  0.2833333333E+00  0.1230815491E+06
  0.2836111111E+00  0.1229905296E+06
  0.2838888889E+00  0.1228995101E+06
  0.2841666667E+00  0.1228084906E+06
  0.2844444444E+00  0.1227174714E+06
  0.2847222222E+00  0.1226264510E+06
  0.2850000000E+00  0.1225354315E+06
  0.2852777778E+00  0.1223725152E+06
  0.2855555556E+00  0.1222095982E+06
  0.2858333333E+00  0.1220466810E+06
  0.2861111111E+00  0.1218837650E+06
  0.2863888889E+00  0.1217208478E+06
  0.2866666667E+00  0.1215579305E+06
  0.2869444444E+00  0.1213950146E+06
  0.2872222222E+00  0.1212320972E+06
  0.2875000000E+00  0.1210691800E+06
  0.2877777778E+00  0.1209062640E+06
  0.2880555556E+00  0.1207433468E+06
  0.2883333333E+00  0.1205804299E+06
  0.2886111111E+00  0.1204175136E+06
  0.2888888889E+00  0.1202545964E+06
  0.2891666667E+00  0.1200916794E+06
  0.2894444444E+00  0.1199287631E+06
  0.2897222222E+00  0.1197658458E+06
  0.2900000000E+00  0.1196029289E+06
  0.2902777778E+00  0.1193810327E+06
  0.2905555556E+00  0.1191591367E+06
  0.2908333333E+00  0.1189372397E+06
  0.2911111111E+00  0.1187153438E+06
  0.2913888889E+00  0.1184934465E+06
  0.2916666667E+00  0.1182715506E+06
  0.2919444444E+00  0.1180496546E+06
  0.2922222222E+00  0.1178277577E+06
  0.2925000000E+00  0.1176058614E+06
  0.2927777778E+00  0.1173839645E+06
  0.2930555556E+00  0.1171620686E+06
  0.2933333333E+00  0.1169401722E+06
  0.2936111111E+00  0.1167182753E+06
  0.2938888889E+00  0.1164963794E+06
  0.2941666667E+00  0.1162744824E+06
  0.2944444444E+00  0.1160525862E+06
  0.2947222222E+00  0.1158306902E+06
  0.2950000000E+00  0.1156087933E+06
  0.2952777778E+00  0.1153443134E+06
  0.2955555556E+00  0.1150798324E+06
  0.2958333333E+00  0.1148153514E+06
  0.2961111111E+00  0.1145508716E+06
  0.2963888889E+00  0.1142863906E+06
  0.2966666667E+00  0.1140219107E+06
  0.2969444444E+00  0.1137574297E+06
  0.2972222222E+00  0.1134929499E+06
  0.2975000000E+00  0.1132284689E+06
  0.2977777778E+00  0.1129639880E+06
  0.2980555556E+00  0.1126995080E+06
  0.2983333333E+00  0.1124350272E+06
  0.2986111111E+00  0.1121705476E+06
  0.2988888889E+00  0.1119060666E+06
  0.2991666667E+00  0.1116415857E+06
  0.2994444444E+00  0.1113771057E+06
  0.2997222222E+00  0.1111126249E+06
  0.3000000000E+00  0.1108481449E+06
  0.3002777778E+00  0.1105589467E+06
  0.3005555556E+00  0.1102697496E+06
  0.3008333333E+00  0.1099805527E+06
  0.3011111111E+00  0.1096913555E+06
  0.3013888889E+00  0.1094021586E+06
  0.3016666667E+00  0.1091129615E+06
  0.3019444444E+00  0.1088237643E+06
  0.3022222222E+00  0.1085345674E+06
  0.3025000000E+00  0.1082453703E+06
  0.3027777778E+00  0.1079561731E+06
  0.3030555556E+00  0.1076669762E+06
  0.3033333333E+00  0.1073777793E+06
  0.3036111111E+00  0.1070885819E+06
  0.3038888889E+00  0.1067993850E+06
  0.3041666667E+00  0.1065101881E+06
  0.3044444444E+00  0.1062209907E+06
  0.3047222222E+00  0.1059317938E+06
  0.3050000000E+00  0.1056425959E+06
  0.3052777778E+00  0.1053465921E+06
  0.3055555556E+00  0.1050505877E+06
  0.3058333333E+00  0.1047545830E+06
  0.3061111111E+00  0.1044585785E+06
  0.3063888889E+00  0.1041625741E+06
  0.3066666667E+00  0.1038665694E+06
  0.3069444444E+00  0.1035705649E+06
  0.3072222222E+00  0.1032745612E+06
  0.3075000000E+00  0.1029785568E+06
  0.3077777778E+00  0.1026825523E+06
  0.3080555556E+00  0.1023865476E+06
  0.3083333333E+00  0.1020905432E+06
  0.3086111111E+00  0.1017945384E+06
  0.3088888889E+00  0.1014985340E+06
  0.3091666667E+00  0.1012025302E+06
  0.3094444444E+00  0.1009065258E+06
  0.3097222222E+00  0.1006105214E+06
  0.3100000000E+00  0.1003145166E+06
  0.3102777778E+00  0.1000283069E+06
  0.3105555556E+00  0.9974209828E+05
  0.3108333333E+00  0.9945588834E+05
  0.3111111111E+00  0.9916967861E+05
  0.3113888889E+00  0.9888347000E+05
  0.3116666667E+00  0.9859726004E+05
  0.3119444444E+00  0.9831105043E+05
  0.3122222222E+00  0.9802484070E+05
  0.3125000000E+00  0.9773863209E+05
  0.3127777778E+00  0.9745242213E+05
  0.3130555556E+00  0.9716621252E+05
  0.3133333333E+00  0.9688000380E+05
  0.3136111111E+00  0.9659379385E+05
  0.3138888889E+00  0.9630758423E+05
  0.3141666667E+00  0.9602137550E+05
  0.3144444444E+00  0.9573516556E+05
  0.3147222222E+00  0.9544895594E+05
  0.3150000000E+00  0.9516274731E+05
  0.3152777778E+00  0.9490063602E+05
  0.3155555556E+00  0.9463852528E+05
  0.3158333333E+00  0.9437641398E+05
  0.3161111111E+00  0.9411430369E+05
  0.3163888889E+00  0.9385219338E+05
  0.3166666667E+00  0.9359008175E+05
  0.3169444444E+00  0.9332797145E+05
  0.3172222222E+00  0.9306586115E+05
  0.3175000000E+00  0.9280374985E+05
  0.3177777778E+00  0.9254163921E+05
  0.3180555556E+00  0.9227952892E+05
  0.3183333333E+00  0.9201741751E+05
  0.3186111111E+00  0.9175530720E+05
  0.3188888889E+00  0.9149319590E+05
  0.3191666667E+00  0.9123108527E+05
  0.3194444444E+00  0.9096897498E+05
  0.3197222222E+00  0.9070686368E+05
  0.3200000000E+00  0.9044475337E+05
  0.3202777778E+00  0.9021787940E+05
  0.3205555556E+00  0.8999100676E+05
  0.3208333333E+00  0.8976413278E+05
  0.3211111111E+00  0.8953726025E+05
  0.3213888889E+00  0.8931038728E+05
  0.3216666667E+00  0.8908351363E+05
  0.3219444444E+00  0.8885664065E+05
  0.3222222222E+00  0.8862976702E+05
  0.3225000000E+00  0.8840289415E+05
  0.3227777778E+00  0.8817602051E+05
  0.3230555556E+00  0.8794914753E+05
  0.3233333333E+00  0.8772227389E+05
  0.3236111111E+00  0.8749540091E+05
  0.3238888889E+00  0.8726852738E+05
  0.3241666667E+00  0.8704165441E+05
  0.3244444444E+00  0.8681478042E+05
  0.3247222222E+00  0.8658790779E+05
  0.3250000000E+00  0.8636103381E+05
  0.3252777778E+00  0.8617718615E+05
  0.3255555556E+00  0.8599333839E+05
  0.3258333333E+00  0.8580949074E+05
  0.3261111111E+00  0.8562564409E+05
  0.3263888889E+00  0.8544179632E+05
  0.3266666667E+00  0.8525794867E+05
  0.3269444444E+00  0.8507410091E+05
  0.3272222222E+00  0.8489025325E+05
  0.3275000000E+00  0.8470640560E+05
  0.3277777778E+00  0.8452255784E+05
  0.3280555556E+00  0.8433871118E+05
  0.3283333333E+00  0.8415486342E+05
  0.3286111111E+00  0.8397101577E+05
  0.3288888889E+00  0.8378716812E+05
  0.3291666667E+00  0.8360332035E+05
  0.3294444444E+00  0.8341947270E+05
  0.3297222222E+00  0.8323562460E+05
  0.3300000000E+00  0.8305177694E+05
  0.3302777778E+00  0.8291501696E+05
  0.3305555556E+00  0.8277825653E+05
  0.3308333333E+00  0.8264149653E+05
  0.3311111111E+00  0.8250473611E+05
  0.3313888889E+00  0.8236797611E+05
  0.3316666667E+00  0.8223121579E+05
  0.3319444444E+00  0.8209445536E+05
  0.3322222222E+00  0.8195769537E+05
  0.3325000000E+00  0.8182093493E+05
  0.3327777778E+00  0.8168417495E+05
  0.3330555556E+00  0.8154741463E+05
  0.3333333333E+00  0.8141065453E+05
  0.3336111111E+00  0.8127389421E+05
  0.3338888889E+00  0.8113713377E+05
  0.3341666667E+00  0.8100037379E+05
  0.3344444444E+00  0.8086361346E+05
  0.3347222222E+00  0.8072685336E+05
  0.3350000000E+00  0.8059009304E+05
  0.3352777778E+00  0.8050109510E+05
  0.3355555556E+00  0.8041209828E+05
  0.3358333333E+00  0.8032310035E+05
  0.3361111111E+00  0.8023410342E+05
  0.3363888889E+00  0.8014510560E+05
  0.3366666667E+00  0.8005610834E+05
  0.3369444444E+00  0.7996711039E+05
  0.3372222222E+00  0.7987811346E+05
  0.3375000000E+00  0.7978911564E+05
  0.3377777778E+00  0.7970011871E+05
  0.3380555556E+00  0.7961112078E+05
  0.3383333333E+00  0.7952212396E+05
  0.3386111111E+00  0.7943312668E+05
  0.3388888889E+00  0.7934412876E+05
  0.3391666667E+00  0.7925513193E+05
  0.3394444444E+00  0.7916613400E+05
  0.3397222222E+00  0.7907713707E+05
  0.3400000000E+00  0.7898813924E+05
  0.3402777778E+00  0.7894445082E+05
  0.3405555556E+00  0.7890076349E+05
  0.3408333333E+00  0.7885707517E+05
  0.3411111111E+00  0.7881338651E+05
  0.3413888889E+00  0.7876969907E+05
  0.3416666667E+00  0.7872601076E+05
  0.3419444444E+00  0.7868232243E+05
  0.3422222222E+00  0.7863863411E+05
  0.3425000000E+00  0.7859494667E+05
  0.3427777778E+00  0.7855125835E+05
  0.3430555556E+00  0.7850757003E+05
  0.3433333333E+00  0.7846388160E+05
  0.3436111111E+00  0.7842019427E+05
  0.3438888889E+00  0.7837650595E+05
  0.3441666667E+00  0.7833281762E+05
  0.3444444444E+00  0.7828912920E+05
  0.3447222222E+00  0.7824544154E+05
  0.3450000000E+00  0.7820175321E+05
  0.3452777778E+00  0.7819831873E+05
  0.3455555556E+00  0.7819488414E+05
  0.3458333333E+00  0.7819144833E+05
  0.3461111111E+00  0.7818801384E+05
  0.3463888889E+00  0.7818457902E+05
  0.3466666667E+00  0.7818114455E+05
  0.3469444444E+00  0.7817770862E+05
  0.3472222222E+00  0.7817427414E+05
  0.3475000000E+00  0.7817083933E+05
  0.3477777778E+00  0.7816740485E+05
  0.3480555556E+00  0.7816396936E+05
  0.3483333333E+00  0.7816053444E+05
  0.3486111111E+00  0.7815709996E+05
  0.3488888889E+00  0.7815366515E+05
  0.3491666667E+00  0.7815022966E+05
  0.3494444444E+00  0.7814679485E+05
  0.3497222222E+00  0.7814336026E+05
  0.3500000000E+00  0.7813992578E+05
  0.3502777778E+00  0.7816970154E+05
  0.3505555556E+00  0.7819947851E+05
  0.3508333333E+00  0.7822925527E+05
  0.3511111111E+00  0.7825903137E+05
  0.3513888889E+00  0.7828880801E+05
  0.3516666667E+00  0.7831858411E+05
  0.3519444444E+00  0.7834836075E+05
  0.3522222222E+00  0.7837813684E+05
  0.3525000000E+00  0.7840791360E+05
  0.3527777778E+00  0.7843769057E+05
  0.3530555556E+00  0.7846746634E+05
  0.3533333333E+00  0.7849724342E+05
  0.3536111111E+00  0.7852701908E+05
  0.3538888889E+00  0.7855679617E+05
  0.3541666667E+00  0.7858657181E+05
  0.3544444444E+00  0.7861634890E+05
  0.3547222222E+00  0.7864612566E+05
  0.3550000000E+00  0.7867590165E+05
  0.3552777778E+00  0.7873057099E+05
  0.3555555556E+00  0.7878524144E+05
  0.3558333333E+00  0.7883991045E+05
  0.3561111111E+00  0.7889457980E+05
  0.3563888889E+00  0.7894925025E+05
  0.3566666667E+00  0.7900391959E+05
  0.3569444444E+00  0.7905858894E+05
  0.3572222222E+00  0.7911325929E+05
  0.3575000000E+00  0.7916792874E+05
  0.3577777778E+00  0.7922259808E+05
  0.3580555556E+00  0.7927726842E+05
  0.3583333333E+00  0.7933193778E+05
  0.3586111111E+00  0.7938660723E+05
  0.3588888889E+00  0.7944127757E+05
  0.3591666667E+00  0.7949594691E+05
  0.3594444444E+00  0.7955061636E+05
  0.3597222222E+00  0.7960528672E+05
  0.3600000000E+00  0.7965995606E+05
  0.3602777778E+00  0.7973057546E+05
  0.3605555556E+00  0.7980119386E+05
  0.3608333333E+00  0.7987181337E+05
  0.3611111111E+00  0.7994243277E+05
  0.3613888889E+00  0.8001305217E+05
  0.3616666667E+00  0.8008367057E+05
  0.3619444444E+00  0.8015428997E+05
  0.3622222222E+00  0.8022490948E+05
  0.3625000000E+00  0.8029552922E+05
  0.3627777778E+00  0.8036614762E+05
  0.3630555556E+00  0.8043676702E+05
  0.3633333333E+00  0.8050738642E+05
  0.3636111111E+00  0.8057800593E+05
  0.3638888889E+00  0.8064862433E+05
  0.3641666667E+00  0.8071924373E+05
  0.3644444444E+00  0.8078986314E+05
  0.3647222222E+00  0.8086048254E+05
  0.3650000000E+00  0.8093110105E+05
  0.3652777778E+00  0.8100878202E+05
  0.3655555556E+00  0.8108646233E+05
  0.3658333333E+00  0.8116414230E+05
  0.3661111111E+00  0.8124182327E+05
  0.3663888889E+00  0.8131950326E+05
  0.3666666667E+00  0.8139718356E+05
  0.3669444444E+00  0.8147486353E+05
  0.3672222222E+00  0.8155254451E+05
  0.3675000000E+00  0.8163022448E+05
  0.3677777778E+00  0.8170790478E+05
  0.3680555556E+00  0.8178558577E+05
  0.3683333333E+00  0.8186326574E+05
  0.3686111111E+00  0.8194094571E+05
  0.3688888889E+00  0.8201862568E+05
  0.3691666667E+00  0.8209630699E+05
  0.3694444444E+00  0.8217398697E+05
  0.3697222222E+00  0.8225166695E+05
  0.3700000000E+00  0.8232934792E+05
  0.3702777778E+00  0.8240580630E+05
  0.3705555556E+00  0.8248226467E+05
  0.3708333333E+00  0.8255872294E+05
  0.3711111111E+00  0.8263518098E+05
  0.3713888889E+00  0.8271164036E+05
  0.3716666667E+00  0.8278809874E+05
  0.3719444444E+00  0.8286455667E+05
  0.3722222222E+00  0.8294101505E+05
  0.3725000000E+00  0.8301747343E+05
  0.3727777778E+00  0.8309393180E+05
  0.3730555556E+00  0.8317039074E+05
  0.3733333333E+00  0.8324684911E+05
  0.3736111111E+00  0.8332330749E+05
  0.3738888889E+00  0.8339976542E+05
  0.3741666667E+00  0.8347622380E+05
  0.3744444444E+00  0.8355268318E+05
  0.3747222222E+00  0.8362914122E+05
  0.3750000000E+00  0.8370559948E+05
  0.3752777778E+00  0.8377369859E+05
  0.3755555556E+00  0.8384179760E+05
  0.3758333333E+00  0.8390989771E+05
  0.3761111111E+00  0.8397799637E+05
  0.3763888889E+00  0.8404609548E+05
  0.3766666667E+00  0.8411419549E+05
  0.3769444444E+00  0.8418229460E+05
  0.3772222222E+00  0.8425039359E+05
  0.3775000000E+00  0.8431849271E+05
  0.3777777778E+00  0.8438659238E+05
  0.3780555556E+00  0.8445469148E+05
  0.3783333333E+00  0.8452279049E+05
  0.3786111111E+00  0.8459088960E+05
  0.3788888889E+00  0.8465898959E+05
  0.3791666667E+00  0.8472708859E+05
  0.3794444444E+00  0.8479518738E+05
  0.3797222222E+00  0.8486328737E+05
  0.3800000000E+00  0.8493138648E+05
  0.3802777778E+00  0.8498537124E+05
  0.3805555556E+00  0.8503935745E+05
  0.3808333333E+00  0.8509334223E+05
  0.3811111111E+00  0.8514732832E+05
  0.3813888889E+00  0.8520131320E+05
  0.3816666667E+00  0.8525529896E+05
  0.3819444444E+00  0.8530928406E+05
  0.3822222222E+00  0.8536326993E+05
  0.3825000000E+00  0.8541725603E+05
  0.3827777778E+00  0.8547124079E+05
  0.3830555556E+00  0.8552522668E+05
  0.3833333333E+00  0.8557921177E+05
  0.3836111111E+00  0.8563319765E+05
  0.3838888889E+00  0.8568718274E+05
  0.3841666667E+00  0.8574116851E+05
  0.3844444444E+00  0.8579515338E+05
  0.3847222222E+00  0.8584913948E+05
  0.3850000000E+00  0.8590312424E+05
  0.3852777778E+00  0.8593904818E+05
  0.3855555556E+00  0.8597497289E+05
  0.3858333333E+00  0.8601089649E+05
  0.3861111111E+00  0.8604682043E+05
  0.3863888889E+00  0.8608274403E+05
  0.3866666667E+00  0.8611866797E+05
  0.3869444444E+00  0.8615459256E+05
  0.3872222222E+00  0.8619051650E+05
  0.3875000000E+00  0.8622644011E+05
  0.3877777778E+00  0.8626236370E+05
  0.3880555556E+00  0.8629828774E+05
  0.3883333333E+00  0.8633421235E+05
  0.3886111111E+00  0.8637013628E+05
  0.3888888889E+00  0.8640605988E+05
  0.3891666667E+00  0.8644198382E+05
  0.3894444444E+00  0.8647790742E+05
  0.3897222222E+00  0.8651383102E+05
  0.3900000000E+00  0.8654975596E+05
  0.3902777778E+00  0.8656532716E+05
  0.3905555556E+00  0.8658089837E+05
  0.3908333333E+00  0.8659647057E+05
  0.3911111111E+00  0.8661204133E+05
  0.3913888889E+00  0.8662761353E+05
  0.3916666667E+00  0.8664318475E+05
  0.3919444444E+00  0.8665875595E+05
  0.3922222222E+00  0.8667432816E+05
  0.3925000000E+00  0.8668989925E+05
  0.3927777778E+00  0.8670547145E+05
  0.3930555556E+00  0.8672104267E+05
  0.3933333333E+00  0.8673661387E+05
  0.3936111111E+00  0.8675218575E+05
  0.3938888889E+00  0.8676775684E+05
  0.3941666667E+00  0.8678332904E+05
  0.3944444444E+00  0.8679890025E+05
  0.3947222222E+00  0.8681447146E+05
  0.3950000000E+00  0.8683004367E+05
  0.3952777778E+00  0.8682481953E+05
  0.3955555556E+00  0.8681959586E+05
  0.3958333333E+00  0.8681437184E+05
  0.3961111111E+00  0.8680914805E+05
  0.3963888889E+00  0.8680392303E+05
  0.3966666667E+00  0.8679869934E+05
  0.3969444444E+00  0.8679347522E+05
  0.3972222222E+00  0.8678825153E+05
  0.3975000000E+00  0.8678302741E+05
  0.3977777778E+00  0.8677780339E+05
  0.3980555556E+00  0.8677257971E+05
  0.3983333333E+00  0.8676735558E+05
  0.3986111111E+00  0.8676213191E+05
  0.3988888889E+00  0.8675690789E+05
  0.3991666667E+00  0.8675168410E+05
  0.3994444444E+00  0.8674646008E+05
  0.3997222222E+00  0.8674123639E+05
  0.4000000000E+00  0.8673601227E+05
  0.4002777778E+00  0.8671109446E+05
  0.4005555556E+00  0.8668617675E+05
  0.4008333333E+00  0.8666125993E+05
  0.4011111111E+00  0.8663634178E+05
  0.4013888889E+00  0.8661142397E+05
  0.4016666667E+00  0.8658650715E+05
  0.4019444444E+00  0.8656158934E+05
  0.4022222222E+00  0.8653667253E+05
  0.4025000000E+00  0.8651175471E+05
  0.4027777778E+00  0.8648683655E+05
  0.4030555556E+00  0.8646191974E+05
  0.4033333333E+00  0.8643700204E+05
  0.4036111111E+00  0.8641208422E+05
  0.4038888889E+00  0.8638716741E+05
  0.4041666667E+00  0.8636224960E+05
  0.4044444444E+00  0.8633733144E+05
  0.4047222222E+00  0.8631241463E+05
  0.4050000000E+00  0.8628749681E+05
  0.4052777778E+00  0.8624537980E+05
  0.4055555556E+00  0.8620326388E+05
  0.4058333333E+00  0.8616114687E+05
  0.4061111111E+00  0.8611902951E+05
  0.4063888889E+00  0.8607691249E+05
  0.4066666667E+00  0.8603479559E+05
  0.4069444444E+00  0.8599267956E+05
  0.4072222222E+00  0.8595056255E+05
  0.4075000000E+00  0.8590844563E+05
  0.4077777778E+00  0.8586632862E+05
  0.4080555556E+00  0.8582421126E+05
  0.4083333333E+00  0.8578209525E+05
  0.4086111111E+00  0.8573997833E+05
  0.4088888889E+00  0.8569786132E+05
  0.4091666667E+00  0.8565574430E+05
  0.4094444444E+00  0.8561362727E+05
  0.4097222222E+00  0.8557151137E+05
  0.4100000000E+00  0.8552939401E+05
  0.4102777778E+00  0.8547361460E+05
  0.4105555556E+00  0.8541783485E+05
  0.4108333333E+00  0.8536205444E+05
  0.4111111111E+00  0.8530627469E+05
  0.4113888889E+00  0.8525049527E+05
  0.4116666667E+00  0.8519471553E+05
  0.4119444444E+00  0.8513893622E+05
  0.4122222222E+00  0.8508315648E+05
  0.4125000000E+00  0.8502737672E+05
  0.4127777778E+00  0.8497159730E+05
  0.4130555556E+00  0.8491581756E+05
  0.4133333333E+00  0.8486003814E+05
  0.4136111111E+00  0.8480425840E+05
  0.4138888889E+00  0.8474847898E+05
  0.4141666667E+00  0.8469269824E+05
  0.4144444444E+00  0.8463691849E+05
  0.4147222222E+00  0.8458113907E+05
  0.4150000000E+00  0.8452535933E+05
  0.4152777778E+00  0.8446013153E+05
  0.4155555556E+00  0.8439490374E+05
  0.4158333333E+00  0.8432967561E+05
  0.4161111111E+00  0.8426444770E+05
  0.4163888889E+00  0.8419921990E+05
  0.4166666667E+00  0.8413399178E+05
  0.4169444444E+00  0.8406876298E+05
  0.4172222222E+00  0.8400353474E+05
  0.4175000000E+00  0.8393830695E+05
  0.4177777778E+00  0.8387307915E+05
  0.4180555556E+00  0.8380785101E+05
  0.4183333333E+00  0.8374262310E+05
  0.4186111111E+00  0.8367739531E+05
  0.4188888889E+00  0.8361216718E+05
  0.4191666667E+00  0.8354693939E+05
  0.4194444444E+00  0.8348171048E+05
  0.4197222222E+00  0.8341648235E+05
  0.4200000000E+00  0.8335125455E+05
  0.4202777778E+00  0.8328111758E+05
  0.4205555556E+00  0.8321097961E+05
  0.4208333333E+00  0.8314084197E+05
  0.4211111111E+00  0.8307070499E+05
  0.4213888889E+00  0.8300056712E+05
  0.4216666667E+00  0.8293043014E+05
  0.4219444444E+00  0.8286029217E+05
  0.4222222222E+00  0.8279015420E+05
  0.4225000000E+00  0.8272001756E+05
  0.4227777778E+00  0.8264987958E+05
  0.4230555556E+00  0.8257974271E+05
  0.4233333333E+00  0.8250960474E+05
  0.4236111111E+00  0.8243946676E+05
  0.4238888889E+00  0.8236933012E+05
  0.4241666667E+00  0.8229919215E+05
  0.4244444444E+00  0.8222905517E+05
  0.4247222222E+00  0.8215891731E+05
  0.4250000000E+00  0.8208877933E+05
  0.4252777778E+00  0.8201821817E+05
  0.4255555556E+00  0.8194765713E+05
  0.4258333333E+00  0.8187709463E+05
  0.4261111111E+00  0.8180653358E+05
  0.4263888889E+00  0.8173597243E+05
  0.4266666667E+00  0.8166541004E+05
  0.4269444444E+00  0.8159484900E+05
  0.4272222222E+00  0.8152428784E+05
  0.4275000000E+00  0.8145372680E+05
  0.4277777778E+00  0.8138316430E+05
  0.4280555556E+00  0.8131260325E+05
  0.4283333333E+00  0.8124204210E+05
  0.4286111111E+00  0.8117147971E+05
  0.4288888889E+00  0.8110091856E+05
  0.4291666667E+00  0.8103035752E+05
  0.4294444444E+00  0.8095979501E+05
  0.4297222222E+00  0.8088923397E+05
  0.4300000000E+00  0.8081867282E+05
  0.4302777778E+00  0.8075178800E+05
  0.4305555556E+00  0.8068490440E+05
  0.4308333333E+00  0.8061802080E+05
  0.4311111111E+00  0.8055113620E+05
  0.4313888889E+00  0.8048425240E+05
  0.4316666667E+00  0.8041736780E+05
  0.4319444444E+00  0.8035048420E+05
  0.4322222222E+00  0.8028360060E+05
  0.4325000000E+00  0.8021671579E+05
  0.4327777778E+00  0.8014983220E+05
  0.4330555556E+00  0.8008294760E+05
  0.4333333333E+00  0.8001606400E+05
  0.4336111111E+00  0.7994917908E+05
  0.4338888889E+00  0.7988229559E+05
  0.4341666667E+00  0.7981541200E+05
  0.4344444444E+00  0.7974852741E+05
  0.4347222222E+00  0.7968164347E+05
  0.4350000000E+00  0.7961475899E+05
  0.4352777778E+00  0.7955498433E+05
  0.4355555556E+00  0.7949520978E+05
  0.4358333333E+00  0.7943543512E+05
  0.4361111111E+00  0.7937566024E+05
  0.4363888889E+00  0.7931588558E+05
  0.4366666667E+00  0.7925611004E+05
  0.4369444444E+00  0.7919633538E+05
  0.4372222222E+00  0.7913656082E+05
  0.4375000000E+00  0.7907678616E+05
  0.4377777778E+00  0.7901701128E+05
  0.4380555556E+00  0.7895723662E+05
  0.4383333333E+00  0.7889746207E+05
  0.4386111111E+00  0.7883768641E+05
  0.4388888889E+00  0.7877791186E+05
  0.4391666667E+00  0.7871813720E+05
  0.4394444444E+00  0.7865836232E+05
  0.4397222222E+00  0.7859858766E+05
  0.4400000000E+00  0.7853881311E+05
  0.4402777778E+00  0.7848872582E+05
  0.4405555556E+00  0.7843863894E+05
  0.4408333333E+00  0.7838855172E+05
  0.4411111111E+00  0.7833846484E+05
  0.4413888889E+00  0.7828837784E+05
  0.4416666667E+00  0.7823829062E+05
  0.4419444444E+00  0.7818820374E+05
  0.4422222222E+00  0.7813811686E+05
  0.4425000000E+00  0.7808802997E+05
  0.4427777778E+00  0.7803794275E+05
  0.4430555556E+00  0.7798785587E+05
  0.4433333333E+00  0.7793776898E+05
  0.4436111111E+00  0.7788768209E+05
  0.4438888889E+00  0.7783759488E+05
  0.4441666667E+00  0.7778750800E+05
  0.4444444444E+00  0.7773742111E+05
  0.4447222222E+00  0.7768733389E+05
  0.4450000000E+00  0.7763724702E+05
  0.4452777778E+00  0.7759838320E+05
  0.4455555556E+00  0.7755951962E+05
  0.4458333333E+00  0.7752065560E+05
  0.4461111111E+00  0.7748179179E+05
  0.4463888889E+00  0.7744292788E+05
  0.4466666667E+00  0.7740406407E+05
  0.4469444444E+00  0.7736520038E+05
  0.4472222222E+00  0.7732633647E+05
  0.4475000000E+00  0.7728747266E+05
  0.4477777778E+00  0.7724860875E+05
  0.4480555556E+00  0.7720974483E+05
  0.4483333333E+00  0.7717088125E+05
  0.4486111111E+00  0.7713201734E+05
  0.4488888889E+00  0.7709315353E+05
  0.4491666667E+00  0.7705428962E+05
  0.4494444444E+00  0.7701542570E+05
  0.4497222222E+00  0.7697656213E+05
  0.4500000000E+00  0.7693769821E+05
  0.4502777778E+00  0.7691055893E+05
  0.4505555556E+00  0.7688341964E+05
  0.4508333333E+00  0.7685628034E+05
  0.4511111111E+00  0.7682914106E+05
  0.4513888889E+00  0.7680200177E+05
  0.4516666667E+00  0.7677486249E+05
  0.4519444444E+00  0.7674772320E+05
  0.4522222222E+00  0.7672058391E+05
  0.4525000000E+00  0.7669344473E+05
  0.4527777778E+00  0.7666630544E+05
  0.4530555556E+00  0.7663916616E+05
  0.4533333333E+00  0.7661202687E+05
  0.4536111111E+00  0.7658488757E+05
  0.4538888889E+00  0.7655774829E+05
  0.4541666667E+00  0.7653060900E+05
  0.4544444444E+00  0.7650346972E+05
  0.4547222222E+00  0.7647633043E+05
  0.4550000000E+00  0.7644919113E+05
  0.4552777778E+00  0.7643327473E+05
  0.4555555556E+00  0.7641735820E+05
  0.4558333333E+00  0.7640144135E+05
  0.4561111111E+00  0.7638552483E+05
  0.4563888889E+00  0.7636960831E+05
  0.4566666667E+00  0.7635369189E+05
  0.4569444444E+00  0.7633777538E+05
  0.4572222222E+00  0.7632185842E+05
  0.4575000000E+00  0.7630594201E+05
  0.4577777778E+00  0.7629002549E+05
  0.4580555556E+00  0.7627410896E+05
  0.4583333333E+00  0.7625819255E+05
  0.4586111111E+00  0.7624227559E+05
  0.4588888889E+00  0.7622635918E+05
  0.4591666667E+00  0.7621044265E+05
  0.4594444444E+00  0.7619452613E+05
  0.4597222222E+00  0.7617860928E+05
  0.4600000000E+00  0.7616269277E+05
  0.4602777778E+00  0.7615657978E+05
  0.4605555556E+00  0.7615046682E+05
  0.4608333333E+00  0.7614435384E+05
  0.4611111111E+00  0.7613824086E+05
  0.4613888889E+00  0.7613212779E+05
  0.4616666667E+00  0.7612601447E+05
  0.4619444444E+00  0.7611990150E+05
  0.4622222222E+00  0.7611378852E+05
  0.4625000000E+00  0.7610767556E+05
  0.4627777778E+00  0.7610156257E+05
  0.4630555556E+00  0.7609544950E+05
  0.4633333333E+00  0.7608933663E+05
  0.4636111111E+00  0.7608322355E+05
  0.4638888889E+00  0.7607711024E+05
  0.4641666667E+00  0.7607099726E+05
  0.4644444444E+00  0.7606488418E+05
  0.4647222222E+00  0.7605877131E+05
  0.4650000000E+00  0.7605265824E+05
  0.4652777778E+00  0.7605419252E+05
  0.4655555556E+00  0.7605572702E+05
  0.4658333333E+00  0.7605726164E+05
  0.4661111111E+00  0.7605879592E+05
  0.4663888889E+00  0.7606033021E+05
  0.4666666667E+00  0.7606186460E+05
  0.4669444444E+00  0.7606339921E+05
  0.4672222222E+00  0.7606493350E+05
  0.4675000000E+00  0.7606646790E+05
  0.4677777778E+00  0.7606800218E+05
  0.4680555556E+00  0.7606953690E+05
  0.4683333333E+00  0.7607107119E+05
  0.4686111111E+00  0.7607260547E+05
  0.4688888889E+00  0.7607413976E+05
  0.4691666667E+00  0.7607567450E+05
  0.4694444444E+00  0.7607720888E+05
  0.4697222222E+00  0.7607874316E+05
  0.4700000000E+00  0.7608027745E+05
  0.4702777778E+00  0.7608677921E+05
  0.4705555556E+00  0.7609328110E+05
  0.4708333333E+00  0.7609978286E+05
  0.4711111111E+00  0.7610628453E+05
  0.4713888889E+00  0.7611278619E+05
  0.4716666667E+00  0.7611928785E+05
  0.4719444444E+00  0.7612578961E+05
  0.4722222222E+00  0.7613229138E+05
  0.4725000000E+00  0.7613879327E+05
  0.4727777778E+00  0.7614529503E+05
  0.4730555556E+00  0.7615179669E+05
  0.4733333333E+00  0.7615829835E+05
  0.4736111111E+00  0.7616480002E+05
  0.4738888889E+00  0.7617130178E+05
  0.4741666667E+00  0.7617780366E+05
  0.4744444444E+00  0.7618430542E+05
  0.4747222222E+00  0.7619080720E+05
  0.4750000000E+00  0.7619730875E+05
  0.4752777778E+00  0.7620583165E+05
  0.4755555556E+00  0.7621435420E+05
  0.4758333333E+00  0.7622287700E+05
  0.4761111111E+00  0.7623139990E+05
  0.4763888889E+00  0.7623992277E+05
  0.4766666667E+00  0.7624844523E+05
  0.4769444444E+00  0.7625696802E+05
  0.4772222222E+00  0.7626549092E+05
  0.4775000000E+00  0.7627401381E+05
  0.4777777778E+00  0.7628253627E+05
  0.4780555556E+00  0.7629105917E+05
  0.4783333333E+00  0.7629958196E+05
  0.4786111111E+00  0.7630810451E+05
  0.4788888889E+00  0.7631662730E+05
  0.4791666667E+00  0.7632515020E+05
  0.4794444444E+00  0.7633367309E+05
  0.4797222222E+00  0.7634219554E+05
  0.4800000000E+00  0.7635071845E+05
  0.4802777778E+00  0.7635826891E+05
  0.4805555556E+00  0.7636581905E+05
  0.4808333333E+00  0.7637336952E+05
  0.4811111111E+00  0.7638091955E+05
  0.4813888889E+00  0.7638847003E+05
  0.4816666667E+00  0.7639602016E+05
  0.4819444444E+00  0.7640357063E+05
  0.4822222222E+00  0.7641112078E+05
  0.4825000000E+00  0.7641867124E+05
  0.4827777778E+00  0.7642622127E+05
  0.4830555556E+00  0.7643377175E+05
  0.4833333333E+00  0.7644132189E+05
  0.4836111111E+00  0.7644887235E+05
  0.4838888889E+00  0.7645642249E+05
  0.4841666667E+00  0.7646397296E+05
  0.4844444444E+00  0.7647152299E+05
  0.4847222222E+00  0.7647907347E+05
  0.4850000000E+00  0.7648662360E+05
  0.4852777778E+00  0.7649043609E+05
  0.4855555556E+00  0.7649424848E+05
  0.4858333333E+00  0.7649806062E+05
  0.4861111111E+00  0.7650187311E+05
  0.4863888889E+00  0.7650568526E+05
  0.4866666667E+00  0.7650949764E+05
  0.4869444444E+00  0.7651330979E+05
  0.4872222222E+00  0.7651712228E+05
  0.4875000000E+00  0.7652093442E+05
  0.4877777778E+00  0.7652474691E+05
  0.4880555556E+00  0.7652855929E+05
  0.4883333333E+00  0.7653237154E+05
  0.4886111111E+00  0.7653618393E+05
  0.4888888889E+00  0.7653999608E+05
  0.4891666667E+00  0.7654380845E+05
  0.4894444444E+00  0.7654762072E+05
  0.4897222222E+00  0.7655143320E+05
  0.4900000000E+00  0.7655524557E+05
  0.4902777778E+00  0.7655296345E+05
  0.4905555556E+00  0.7655068165E+05
  0.4908333333E+00  0.7654839985E+05
  0.4911111111E+00  0.7654611805E+05
  0.4913888889E+00  0.7654383614E+05
  0.4916666667E+00  0.7654155425E+05
  0.4919444444E+00  0.7653927244E+05
  0.4922222222E+00  0.7653699064E+05
  0.4925000000E+00  0.7653470884E+05
  0.4927777778E+00  0.7653242706E+05
  0.4930555556E+00  0.7653014481E+05
  0.4933333333E+00  0.7652786301E+05
  0.4936111111E+00  0.7652558121E+05
  0.4938888889E+00  0.7652329941E+05
  0.4941666667E+00  0.7652101762E+05
  0.4944444444E+00  0.7651873572E+05
  0.4947222222E+00  0.7651645380E+05
  0.4950000000E+00  0.7651417200E+05
