  0.1027777778E-01  0.2256657583E+08
  0.1055555556E-01  0.2253969673E+08
  0.1083333333E-01  0.2251281795E+08
  0.1111111111E-01  0.2248593896E+08
  0.1138888889E-01  0.2245906018E+08
  0.1166666667E-01  0.2243218098E+08
  0.1194444444E-01  0.2240530187E+08
  0.1222222222E-01  0.2237842310E+08
  0.1250000000E-01  0.2235154399E+08
  0.1277777778E-01  0.2232466533E+08
  0.1305555556E-01  0.2229778623E+08
  0.1333333333E-01  0.2227090735E+08
  0.1361111111E-01  0.2224402825E+08
  0.1388888889E-01  0.2221714947E+08
  0.1416666667E-01  0.2219027048E+08
  0.1444444444E-01  0.2216339171E+08
  0.1472222222E-01  0.2213651251E+08
  0.1500000000E-01  0.2210963339E+08
  0.1527777778E-01  0.2207293892E+08
  0.1555555556E-01  0.2203624465E+08
  0.1583333333E-01  0.2199955017E+08
  0.1611111111E-01  0.2196285569E+08
  0.1638888889E-01  0.2192616132E+08
  0.1666666667E-01  0.2188946694E+08
  0.1694444444E-01  0.2185277257E+08
  0.1722222222E-01  0.2181607809E+08
  0.1750000000E-01  0.2177938362E+08
  0.1777777778E-01  0.2174268892E+08
  0.1805555556E-01  0.2170599454E+08
  0.1833333333E-01  0.2166930006E+08
  0.1861111111E-01  0.2163260568E+08
  0.1888888889E-01  0.2159591121E+08
  0.1916666667E-01  0.2155921682E+08
  0.1944444444E-01  0.2152252247E+08
  0.1972222222E-01  0.2148582799E+08
  0.2000000000E-01  0.2144913350E+08
  0.2027777778E-01  0.2140349932E+08
  0.2055555556E-01  0.2135786537E+08
  0.2083333333E-01  0.2131223107E+08
  0.2111111111E-01  0.2126659714E+08
  0.2138888889E-01  0.2122096285E+08
  0.2166666667E-01  0.2117532889E+08
  0.2194444444E-01  0.2112969461E+08
  0.2222222222E-01  0.2108406066E+08
  0.2250000000E-01  0.2103842637E+08
  0.2277777778E-01  0.2099279242E+08
  0.2305555556E-01  0.2094715813E+08
  0.2333333333E-01  0.2090152418E+08
  0.2361111111E-01  0.2085588990E+08
  0.2388888889E-01  0.2081025605E+08
  0.2416666667E-01  0.2076462166E+08
  0.2444444444E-01  0.2071898770E+08
  0.2472222222E-01  0.2067335353E+08
  0.2500000000E-01  0.2062771957E+08
  0.2527777778E-01  0.2057422841E+08
  0.2555555556E-01  0.2052073725E+08
  0.2583333333E-01  0.2046724598E+08
  0.2611111111E-01  0.2041375482E+08
  0.2638888889E-01  0.2036026366E+08
  0.2666666667E-01  0.2030677249E+08
  0.2694444444E-01  0.2025328145E+08
  0.2722222222E-01  0.2019979028E+08
  0.2750000000E-01  0.2014629878E+08
  0.2777777778E-01  0.2009280762E+08
  0.2805555556E-01  0.2003931646E+08
  0.2833333333E-01  0.1998582530E+08
  0.2861111111E-01  0.1993233413E+08
  0.2888888889E-01  0.1987884298E+08
  0.2916666667E-01  0.1982535181E+08
  0.2944444444E-01  0.1977186064E+08
  0.2972222222E-01  0.1971836959E+08
  0.3000000000E-01  0.1966487843E+08
  0.3027777778E-01  0.1960477616E+08
  0.3055555556E-01  0.1954467390E+08
  0.3083333333E-01  0.1948457174E+08
  0.3111111111E-01  0.1942446980E+08
  0.3138888889E-01  0.1936436765E+08
  0.3166666667E-01  0.1930426549E+08
  0.3194444444E-01  0.1924416322E+08
  0.3222222222E-01  0.1918406106E+08
  0.3250000000E-01  0.1912395891E+08
  0.3277777778E-01  0.1906385663E+08
  0.3305555556E-01  0.1900375448E+08
  0.3333333333E-01  0.1894365232E+08
  0.3361111111E-01  0.1888354995E+08
  0.3388888889E-01  0.1882344812E+08
  0.3416666667E-01  0.1876334597E+08
  0.3444444444E-01  0.1870324370E+08
  0.3472222222E-01  0.1864314154E+08
  0.3500000000E-01  0.1858303938E+08
  0.3527777778E-01  0.1851766628E+08
  0.3555555556E-01  0.1845229349E+08
  0.3583333333E-01  0.1838692038E+08
  0.3611111111E-01  0.1832154771E+08
  0.3638888889E-01  0.1825617460E+08
  0.3666666667E-01  0.1819080192E+08
  0.3694444444E-01  0.1812542882E+08
  0.3722222222E-01  0.1806005605E+08
  0.3750000000E-01  0.1799468304E+08
  0.3777777778E-01  0.1792930993E+08
  0.3805555556E-01  0.1786393725E+08
  0.3833333333E-01  0.1779856415E+08
  0.3861111111E-01  0.1773319137E+08
  0.3888888889E-01  0.1766781825E+08
  0.3916666667E-01  0.1760244548E+08
  0.3944444444E-01  0.1753707247E+08
  0.3972222222E-01  0.1747169969E+08
  0.4000000000E-01  0.1740632659E+08
  0.4027777778E-01  0.1733710161E+08
  0.4055555556E-01  0.1726787651E+08
  0.4083333333E-01  0.1719865152E+08
  0.4111111111E-01  0.1712942643E+08
  0.4138888889E-01  0.1706020135E+08
  0.4166666667E-01  0.1699097636E+08
  0.4194444444E-01  0.1692175137E+08
  0.4222222222E-01  0.1685252584E+08
  0.4250000000E-01  0.1678330085E+08
  0.4277777778E-01  0.1671407586E+08
  0.4305555556E-01  0.1664485089E+08
  0.4333333333E-01  0.1657562569E+08
  0.4361111111E-01  0.1650640070E+08
  0.4388888889E-01  0.1643717572E+08
  0.4416666667E-01  0.1636795062E+08
  0.4444444444E-01  0.1629872553E+08
  0.4472222222E-01  0.1622950056E+08
  0.4500000000E-01  0.1616027546E+08
  0.4527777778E-01  0.1608863004E+08
  0.4555555556E-01  0.1601698416E+08
  0.4583333333E-01  0.1594533853E+08
  0.4611111111E-01  0.1587369311E+08
  0.4638888889E-01  0.1580204757E+08
  0.4666666667E-01  0.1573040215E+08
  0.4694444444E-01  0.1565875628E+08
  0.4722222222E-01  0.1558711075E+08
  0.4750000000E-01  0.1551546532E+08
  0.4777777778E-01  0.1544381978E+08
  0.4805555556E-01  0.1537217436E+08
  0.4833333333E-01  0.1530052850E+08
  0.4861111111E-01  0.1522888286E+08
  0.4888888889E-01  0.1515723744E+08
  0.4916666667E-01  0.1508559190E+08
  0.4944444444E-01  0.1501394648E+08
  0.4972222222E-01  0.1494230094E+08
  0.5000000000E-01  0.1487065507E+08
  0.5027777778E-01  0.1479799126E+08
  0.5055555556E-01  0.1472532734E+08
  0.5083333333E-01  0.1465266319E+08
  0.5111111111E-01  0.1457999927E+08
  0.5138888889E-01  0.1450733512E+08
  0.5166666667E-01  0.1443467120E+08
  0.5194444444E-01  0.1436200738E+08
  0.5222222222E-01  0.1428934323E+08
  0.5250000000E-01  0.1421667931E+08
  0.5277777778E-01  0.1414401516E+08
  0.5305555556E-01  0.1407135124E+08
  0.5333333333E-01  0.1399868743E+08
  0.5361111111E-01  0.1392602317E+08
  0.5388888889E-01  0.1385335924E+08
  0.5416666667E-01  0.1378069509E+08
  0.5444444444E-01  0.1370803117E+08
  0.5472222222E-01  0.1363536735E+08
  0.5500000000E-01  0.1356270310E+08
  0.5527777778E-01  0.1349034900E+08
  0.5555555556E-01  0.1341799469E+08
  0.5583333333E-01  0.1334564049E+08
  0.5611111111E-01  0.1327328618E+08
  0.5638888889E-01  0.1320093198E+08
  0.5666666667E-01  0.1312857788E+08
  0.5694444444E-01  0.1305622357E+08
  0.5722222222E-01  0.1298386936E+08
  0.5750000000E-01  0.1291151505E+08
  0.5777777778E-01  0.1283916085E+08
  0.5805555556E-01  0.1276680664E+08
  0.5833333333E-01  0.1269445244E+08
  0.5861111111E-01  0.1262209824E+08
  0.5888888889E-01  0.1254974393E+08
  0.5916666667E-01  0.1247738983E+08
  0.5944444444E-01  0.1240503552E+08
  0.5972222222E-01  0.1233268131E+08
  0.6000000000E-01  0.1226032711E+08
  0.6027777778E-01  0.1218950556E+08
  0.6055555556E-01  0.1211868420E+08
  0.6083333333E-01  0.1204786261E+08
  0.6111111111E-01  0.1197704117E+08
  0.6138888889E-01  0.1190621982E+08
  0.6166666667E-01  0.1183539826E+08
  0.6194444444E-01  0.1176457681E+08
  0.6222222222E-01  0.1169375535E+08
  0.6250000000E-01  0.1162293390E+08
  0.6277777778E-01  0.1155211245E+08
  0.6305555556E-01  0.1148129089E+08
  0.6333333333E-01  0.1141046955E+08
  0.6361111111E-01  0.1133964798E+08
  0.6388888889E-01  0.1126882650E+08
  0.6416666667E-01  0.1119800516E+08
  0.6444444444E-01  0.1112718360E+08
  0.6472222222E-01  0.1105636215E+08
  0.6500000000E-01  0.1098554080E+08
  0.6527777778E-01  0.1091733077E+08
  0.6555555556E-01  0.1084912073E+08
  0.6583333333E-01  0.1078091080E+08
  0.6611111111E-01  0.1071270076E+08
  0.6638888889E-01  0.1064449084E+08
  0.6666666667E-01  0.1057628088E+08
  0.6694444444E-01  0.1050807087E+08
  0.6722222222E-01  0.1043986096E+08
  0.6750000000E-01  0.1037165095E+08
  0.6777777778E-01  0.1030344093E+08
  0.6805555556E-01  0.1023523102E+08
  0.6833333333E-01  0.1016702101E+08
  0.6861111111E-01  0.1009881100E+08
  0.6888888889E-01  0.1003060109E+08
  0.6916666667E-01  0.9962391077E+07
  0.6944444444E-01  0.9894181167E+07
  0.6972222222E-01  0.9825971154E+07
  0.7000000000E-01  0.9757761144E+07
  0.7027777778E-01  0.9693078774E+07
  0.7055555556E-01  0.9628396437E+07
  0.7083333333E-01  0.9563713967E+07
  0.7111111111E-01  0.9499031632E+07
  0.7138888889E-01  0.9434349295E+07
  0.7166666667E-01  0.9369666925E+07
  0.7194444444E-01  0.9304984489E+07
  0.7222222222E-01  0.9240302124E+07
  0.7250000000E-01  0.9175619787E+07
  0.7277777778E-01  0.9110937318E+07
  0.7305555556E-01  0.9046254981E+07
  0.7333333333E-01  0.8981572646E+07
  0.7361111111E-01  0.8916890276E+07
  0.7388888889E-01  0.8852207839E+07
  0.7416666667E-01  0.8787525458E+07
  0.7444444444E-01  0.8722843123E+07
  0.7472222222E-01  0.8658160686E+07
  0.7500000000E-01  0.8593478316E+07
  0.7527777778E-01  0.8533056379E+07
  0.7555555556E-01  0.8472634461E+07
  0.7583333333E-01  0.8412212520E+07
  0.7611111111E-01  0.8351790601E+07
  0.7638888889E-01  0.8291368652E+07
  0.7666666667E-01  0.8230946712E+07
  0.7694444444E-01  0.8170524793E+07
  0.7722222222E-01  0.8110102855E+07
  0.7750000000E-01  0.8049680803E+07
  0.7777777778E-01  0.7989258884E+07
  0.7805555556E-01  0.7928836945E+07
  0.7833333333E-01  0.7868414994E+07
  0.7861111111E-01  0.7807993087E+07
  0.7888888889E-01  0.7747571135E+07
  0.7916666667E-01  0.7687149230E+07
  0.7944444444E-01  0.7626727279E+07
  0.7972222222E-01  0.7566305327E+07
  0.8000000000E-01  0.7505883420E+07
  0.8027777778E-01  0.7450269282E+07
  0.8055555556E-01  0.7394655189E+07
  0.8083333333E-01  0.7339041095E+07
  0.8111111111E-01  0.7283426958E+07
  0.8138888889E-01  0.7227812864E+07
  0.8166666667E-01  0.7172198738E+07
  0.8194444444E-01  0.7116584533E+07
  0.8222222222E-01  0.7060970440E+07
  0.8250000000E-01  0.7005356313E+07
  0.8277777778E-01  0.6949742208E+07
  0.8305555556E-01  0.6894128115E+07
  0.8333333333E-01  0.6838513988E+07
  0.8361111111E-01  0.6782899884E+07
  0.8388888889E-01  0.6727285790E+07
  0.8416666667E-01  0.6671671664E+07
  0.8444444444E-01  0.6616057559E+07
  0.8472222222E-01  0.6560443431E+07
  0.8500000000E-01  0.6504829327E+07
  0.8527777778E-01  0.6454379937E+07
  0.8555555556E-01  0.6403930512E+07
  0.8583333333E-01  0.6353481089E+07
  0.8611111111E-01  0.6303031686E+07
  0.8638888889E-01  0.6252582263E+07
  0.8666666667E-01  0.6202132838E+07
  0.8694444444E-01  0.6151683437E+07
  0.8722222222E-01  0.6101234012E+07
  0.8750000000E-01  0.6050784622E+07
  0.8777777778E-01  0.6000335186E+07
  0.8805555556E-01  0.5949885763E+07
  0.8833333333E-01  0.5899436372E+07
  0.8861111111E-01  0.5848986948E+07
  0.8888888889E-01  0.5798537512E+07
  0.8916666667E-01  0.5748088123E+07
  0.8944444444E-01  0.5697638698E+07
  0.8972222222E-01  0.5647189296E+07
  0.9000000000E-01  0.5596739872E+07
  0.9027777778E-01  0.5551632883E+07
  0.9055555556E-01  0.5506525873E+07
  0.9083333333E-01  0.5461418784E+07
  0.9111111111E-01  0.5416311816E+07
  0.9138888889E-01  0.5371204785E+07
  0.9166666667E-01  0.5326097777E+07
  0.9194444444E-01  0.5280990768E+07
  0.9222222222E-01  0.5235883726E+07
  0.9250000000E-01  0.5190776730E+07
  0.9277777778E-01  0.5145669721E+07
  0.9305555556E-01  0.5100562679E+07
  0.9333333333E-01  0.5055455682E+07
  0.9361111111E-01  0.5010348674E+07
  0.9388888889E-01  0.4965241632E+07
  0.9416666667E-01  0.4920134623E+07
  0.9444444444E-01  0.4875027626E+07
  0.9472222222E-01  0.4829920584E+07
  0.9500000000E-01  0.4784813575E+07
  0.9527777778E-01  0.4745060092E+07
  0.9555555556E-01  0.4705306574E+07
  0.9583333333E-01  0.4665553057E+07
  0.9611111111E-01  0.4625799573E+07
  0.9638888889E-01  0.4586046056E+07
  0.9666666667E-01  0.4546292571E+07
  0.9694444444E-01  0.4506539054E+07
  0.9722222222E-01  0.4466785527E+07
  0.9750000000E-01  0.4427032043E+07
  0.9777777778E-01  0.4387278525E+07
  0.9805555556E-01  0.4347525041E+07
  0.9833333333E-01  0.4307771524E+07
  0.9861111111E-01  0.4268018040E+07
  0.9888888889E-01  0.4228264522E+07
  0.9916666667E-01  0.4188511005E+07
  0.9944444444E-01  0.4148757511E+07
  0.9972222222E-01  0.4109003994E+07
  0.1000000000E+00  0.4069250510E+07
  0.1002777778E+00  0.4034711987E+07
  0.1005555556E+00  0.4000173497E+07
  0.1008333333E+00  0.3965635008E+07
  0.1011111111E+00  0.3931096495E+07
  0.1013888889E+00  0.3896558006E+07
  0.1016666667E+00  0.3862019516E+07
  0.1019444444E+00  0.3827481026E+07
  0.1022222222E+00  0.3792942514E+07
  0.1025000000E+00  0.3758404025E+07
  0.1027777778E+00  0.3723865535E+07
  0.1030555556E+00  0.3689327023E+07
  0.1033333333E+00  0.3654788533E+07
  0.1036111111E+00  0.3620250044E+07
  0.1038888889E+00  0.3585711554E+07
  0.1041666667E+00  0.3551173042E+07
  0.1044444444E+00  0.3516634552E+07
  0.1047222222E+00  0.3482096063E+07
  0.1050000000E+00  0.3447557539E+07
  0.1052777778E+00  0.3417974766E+07
  0.1055555556E+00  0.3388391940E+07
  0.1058333333E+00  0.3358809167E+07
  0.1061111111E+00  0.3329226361E+07
  0.1063888889E+00  0.3299643577E+07
  0.1066666667E+00  0.3270060771E+07
  0.1069444444E+00  0.3240477978E+07
  0.1072222222E+00  0.3210895171E+07
  0.1075000000E+00  0.3181312387E+07
  0.1077777778E+00  0.3151729581E+07
  0.1080555556E+00  0.3122146798E+07
  0.1083333333E+00  0.3092563982E+07
  0.1086111111E+00  0.3062981209E+07
  0.1088888889E+00  0.3033398392E+07
  0.1091666667E+00  0.3003815586E+07
  0.1094444444E+00  0.2974232802E+07
  0.1097222222E+00  0.2944649986E+07
  0.1100000000E+00  0.2915067203E+07
  0.1102777778E+00  0.2890078941E+07
  0.1105555556E+00  0.2865090678E+07
  0.1108333333E+00  0.2840102407E+07
  0.1111111111E+00  0.2815114145E+07
  0.1113888889E+00  0.2790125871E+07
  0.1116666667E+00  0.2765137609E+07
  0.1119444444E+00  0.2740149314E+07
  0.1122222222E+00  0.2715161042E+07
  0.1125000000E+00  0.2690172780E+07
  0.1127777778E+00  0.2665184507E+07
  0.1130555556E+00  0.2640196245E+07
  0.1133333333E+00  0.2615207973E+07
  0.1136111111E+00  0.2590219711E+07
  0.1138888889E+00  0.2565231449E+07
  0.1141666667E+00  0.2540243187E+07
  0.1144444444E+00  0.2515254904E+07
  0.1147222222E+00  0.2490266642E+07
  0.1150000000E+00  0.2465278380E+07
  0.1152777778E+00  0.2444452562E+07
  0.1155555556E+00  0.2423626755E+07
  0.1158333333E+00  0.2402800970E+07
  0.1161111111E+00  0.2381975153E+07
  0.1163888889E+00  0.2361149335E+07
  0.1166666667E+00  0.2340323517E+07
  0.1169444444E+00  0.2319497743E+07
  0.1172222222E+00  0.2298671926E+07
  0.1175000000E+00  0.2277846108E+07
  0.1177777778E+00  0.2257020290E+07
  0.1180555556E+00  0.2236194516E+07
  0.1183333333E+00  0.2215368699E+07
  0.1186111111E+00  0.2194542881E+07
  0.1188888889E+00  0.2173717063E+07
  0.1191666667E+00  0.2152891289E+07
  0.1194444444E+00  0.2132065471E+07
  0.1197222222E+00  0.2111239653E+07
  0.1200000000E+00  0.2090413836E+07
  0.1202777778E+00  0.2073272144E+07
  0.1205555556E+00  0.2056130418E+07
  0.1208333333E+00  0.2038988692E+07
  0.1211111111E+00  0.2021846967E+07
  0.1213888889E+00  0.2004705231E+07
  0.1216666667E+00  0.1987563505E+07
  0.1219444444E+00  0.1970421790E+07
  0.1222222222E+00  0.1953280054E+07
  0.1225000000E+00  0.1936138329E+07
  0.1227777778E+00  0.1918996603E+07
  0.1230555556E+00  0.1901854867E+07
  0.1233333333E+00  0.1884713175E+07
  0.1236111111E+00  0.1867571449E+07
  0.1238888889E+00  0.1850429723E+07
  0.1241666667E+00  0.1833287998E+07
  0.1244444444E+00  0.1816146262E+07
  0.1247222222E+00  0.1799004536E+07
  0.1250000000E+00  0.1781862811E+07
  0.1252777778E+00  0.1767905134E+07
  0.1255555556E+00  0.1753947435E+07
  0.1258333333E+00  0.1739989748E+07
  0.1261111111E+00  0.1726032061E+07
  0.1263888889E+00  0.1712074373E+07
  0.1266666667E+00  0.1698116686E+07
  0.1269444444E+00  0.1684159009E+07
  0.1272222222E+00  0.1670201288E+07
  0.1275000000E+00  0.1656243601E+07
  0.1277777778E+00  0.1642285913E+07
  0.1280555556E+00  0.1628328226E+07
  0.1283333333E+00  0.1614370528E+07
  0.1286111111E+00  0.1600412840E+07
  0.1288888889E+00  0.1586455163E+07
  0.1291666667E+00  0.1572497476E+07
  0.1294444444E+00  0.1558539788E+07
  0.1297222222E+00  0.1544582101E+07
  0.1300000000E+00  0.1530624414E+07
  0.1302777778E+00  0.1519352675E+07
  0.1305555556E+00  0.1508080947E+07
  0.1308333333E+00  0.1496809208E+07
  0.1311111111E+00  0.1485537470E+07
  0.1313888889E+00  0.1474265732E+07
  0.1316666667E+00  0.1462993993E+07
  0.1319444444E+00  0.1451722255E+07
  0.1322222222E+00  0.1440450516E+07
  0.1325000000E+00  0.1429178788E+07
  0.1327777778E+00  0.1417907050E+07
  0.1330555556E+00  0.1406635311E+07
  0.1333333333E+00  0.1395363573E+07
  0.1336111111E+00  0.1384091834E+07
  0.1338888889E+00  0.1372820096E+07
  0.1341666667E+00  0.1361548358E+07
  0.1344444444E+00  0.1350276619E+07
  0.1347222222E+00  0.1339004924E+07
  0.1350000000E+00  0.1327733186E+07
  0.1352777778E+00  0.1318668914E+07
  0.1355555556E+00  0.1309604664E+07
  0.1358333333E+00  0.1300540414E+07
  0.1361111111E+00  0.1291476175E+07
  0.1363888889E+00  0.1282411925E+07
  0.1366666667E+00  0.1273347686E+07
  0.1369444444E+00  0.1264283447E+07
  0.1372222222E+00  0.1255219197E+07
  0.1375000000E+00  0.1246154958E+07
  0.1377777778E+00  0.1237090709E+07
  0.1380555556E+00  0.1228026425E+07
  0.1383333333E+00  0.1218962187E+07
  0.1386111111E+00  0.1209897937E+07
  0.1388888889E+00  0.1200833697E+07
  0.1391666667E+00  0.1191769458E+07
  0.1394444444E+00  0.1182705208E+07
  0.1397222222E+00  0.1173640959E+07
  0.1400000000E+00  0.1164576720E+07
  0.1402777778E+00  0.1157277578E+07
  0.1405555556E+00  0.1149978437E+07
  0.1408333333E+00  0.1142679295E+07
  0.1411111111E+00  0.1135380164E+07
  0.1413888889E+00  0.1128081022E+07
  0.1416666667E+00  0.1120781914E+07
  0.1419444444E+00  0.1113482773E+07
  0.1422222222E+00  0.1106183631E+07
  0.1425000000E+00  0.1098884490E+07
  0.1427777778E+00  0.1091585348E+07
  0.1430555556E+00  0.1084286207E+07
  0.1433333333E+00  0.1076987076E+07
  0.1436111111E+00  0.1069687968E+07
  0.1438888889E+00  0.1062388837E+07
  0.1441666667E+00  0.1055089695E+07
  0.1444444444E+00  0.1047790554E+07
  0.1447222222E+00  0.1040491412E+07
  0.1450000000E+00  0.1033192270E+07
  0.1452777778E+00  0.1027262975E+07
  0.1455555556E+00  0.1021333712E+07
  0.1458333333E+00  0.1015404416E+07
  0.1461111111E+00  0.1009475102E+07
  0.1463888889E+00  0.1003545800E+07
  0.1466666667E+00  0.9976165070E+06
  0.1469444444E+00  0.9916872143E+06
  0.1472222222E+00  0.9857579251E+06
  0.1475000000E+00  0.9798286324E+06
  0.1477777778E+00  0.9738993287E+06
  0.1480555556E+00  0.9679700394E+06
  0.1483333333E+00  0.9620407468E+06
  0.1486111111E+00  0.9561114541E+06
  0.1488888889E+00  0.9501821549E+06
  0.1491666667E+00  0.9442528622E+06
  0.1494444444E+00  0.9383235696E+06
  0.1497222222E+00  0.9323942658E+06
  0.1500000000E+00  0.9264649766E+06
  0.1502777778E+00  0.9215644909E+06
  0.1505555556E+00  0.9166640029E+06
  0.1508333333E+00  0.9117635172E+06
  0.1511111111E+00  0.9068630315E+06
  0.1513888889E+00  0.9019625469E+06
  0.1516666667E+00  0.8970620612E+06
  0.1519444444E+00  0.8921615722E+06
  0.1522222222E+00  0.8872610876E+06
  0.1525000000E+00  0.8823606019E+06
  0.1527777778E+00  0.8774601162E+06
  0.1530555556E+00  0.8725596316E+06
  0.1533333333E+00  0.8676591459E+06
  0.1536111111E+00  0.8627586579E+06
  0.1538888889E+00  0.8578581656E+06
  0.1541666667E+00  0.8529576832E+06
  0.1544444444E+00  0.8480572008E+06
  0.1547222222E+00  0.8431567085E+06
  0.1550000000E+00  0.8382562227E+06
  0.1552777778E+00  0.8341018679E+06
  0.1555555556E+00  0.8299475231E+06
  0.1558333333E+00  0.8257931649E+06
  0.1561111111E+00  0.8216388101E+06
  0.1563888889E+00  0.8174844509E+06
  0.1566666667E+00  0.8133300961E+06
  0.1569444444E+00  0.8091757512E+06
  0.1572222222E+00  0.8050213931E+06
  0.1575000000E+00  0.8008670383E+06
  0.1577777778E+00  0.7967126801E+06
  0.1580555556E+00  0.7925583253E+06
  0.1583333333E+00  0.7884039805E+06
  0.1586111111E+00  0.7842496212E+06
  0.1588888889E+00  0.7800952664E+06
  0.1591666667E+00  0.7759409083E+06
  0.1594444444E+00  0.7717865535E+06
  0.1597222222E+00  0.7676322086E+06
  0.1600000000E+00  0.7634778505E+06
  0.1602777778E+00  0.7598454067E+06
  0.1605555556E+00  0.7562129596E+06
  0.1608333333E+00  0.7525805036E+06
  0.1611111111E+00  0.7489480598E+06
  0.1613888889E+00  0.7453156127E+06
  0.1616666667E+00  0.7416831690E+06
  0.1619444444E+00  0.7380507229E+06
  0.1622222222E+00  0.7344182759E+06
  0.1625000000E+00  0.7307858321E+06
  0.1627777778E+00  0.7271533850E+06
  0.1630555556E+00  0.7235209423E+06
  0.1633333333E+00  0.7198884952E+06
  0.1636111111E+00  0.7162560381E+06
  0.1638888889E+00  0.7126235943E+06
  0.1641666667E+00  0.7089911483E+06
  0.1644444444E+00  0.7053587045E+06
  0.1647222222E+00  0.7017262574E+06
  0.1650000000E+00  0.6980938148E+06
  0.1652777778E+00  0.6948140314E+06
  0.1655555556E+00  0.6915342480E+06
  0.1658333333E+00  0.6882544580E+06
  0.1661111111E+00  0.6849746758E+06
  0.1663888889E+00  0.6816948957E+06
  0.1666666667E+00  0.6784151124E+06
  0.1669444444E+00  0.6751353302E+06
  0.1672222222E+00  0.6718555501E+06
  0.1675000000E+00  0.6685757568E+06
  0.1677777778E+00  0.6652959778E+06
  0.1680555556E+00  0.6620161944E+06
  0.1683333333E+00  0.6587364112E+06
  0.1686111111E+00  0.6554566322E+06
  0.1688888889E+00  0.6521768489E+06
  0.1691666667E+00  0.6488970588E+06
  0.1694444444E+00  0.6456172754E+06
  0.1697222222E+00  0.6423374933E+06
  0.1700000000E+00  0.6390577132E+06
  0.1702777778E+00  0.6360124668E+06
  0.1705555556E+00  0.6329672294E+06
  0.1708333333E+00  0.6299219831E+06
  0.1711111111E+00  0.6268767466E+06
  0.1713888889E+00  0.6238314992E+06
  0.1716666667E+00  0.6207862529E+06
  0.1719444444E+00  0.6177410165E+06
  0.1722222222E+00  0.6146957691E+06
  0.1725000000E+00  0.6116505326E+06
  0.1727777778E+00  0.6086052852E+06
  0.1730555556E+00  0.6055600388E+06
  0.1733333333E+00  0.6025148025E+06
  0.1736111111E+00  0.5994695550E+06
  0.1738888889E+00  0.5964243187E+06
  0.1741666667E+00  0.5933790722E+06
  0.1744444444E+00  0.5903338348E+06
  0.1747222222E+00  0.5872885885E+06
  0.1750000000E+00  0.5842433421E+06
  0.1752777778E+00  0.5813580072E+06
  0.1755555556E+00  0.5784726801E+06
  0.1758333333E+00  0.5755873463E+06
  0.1761111111E+00  0.5727020093E+06
  0.1763888889E+00  0.5698166755E+06
  0.1766666667E+00  0.5669313372E+06
  0.1769444444E+00  0.5640460034E+06
  0.1772222222E+00  0.5611606663E+06
  0.1775000000E+00  0.5582753325E+06
  0.1777777778E+00  0.5553899943E+06
  0.1780555556E+00  0.5525046606E+06
  0.1783333333E+00  0.5496193234E+06
  0.1786111111E+00  0.5467339996E+06
  0.1788888889E+00  0.5438486625E+06
  0.1791666667E+00  0.5409633276E+06
  0.1794444444E+00  0.5380779905E+06
  0.1797222222E+00  0.5351926567E+06
  0.1800000000E+00  0.5323073196E+06
  0.1802777778E+00  0.5295430876E+06
  0.1805555556E+00  0.5267788557E+06
  0.1808333333E+00  0.5240146238E+06
  0.1811111111E+00  0.5212504018E+06
  0.1813888889E+00  0.5184861699E+06
  0.1816666667E+00  0.5157219379E+06
  0.1819444444E+00  0.5129577061E+06
  0.1822222222E+00  0.5101934741E+06
  0.1825000000E+00  0.5074292421E+06
  0.1827777778E+00  0.5046650202E+06
  0.1830555556E+00  0.5019007882E+06
  0.1833333333E+00  0.4991365563E+06
  0.1836111111E+00  0.4963723244E+06
  0.1838888889E+00  0.4936080924E+06
  0.1841666667E+00  0.4908438605E+06
  0.1844444444E+00  0.4880796285E+06
  0.1847222222E+00  0.4853154065E+06
  0.1850000000E+00  0.4825511746E+06
  0.1852777778E+00  0.4798972921E+06
  0.1855555556E+00  0.4772434151E+06
  0.1858333333E+00  0.4745895281E+06
  0.1861111111E+00  0.4719356422E+06
  0.1863888889E+00  0.4692817621E+06
  0.1866666667E+00  0.4666278836E+06
  0.1869444444E+00  0.4639740006E+06
  0.1872222222E+00  0.4613201187E+06
  0.1875000000E+00  0.4586662357E+06
  0.1877777778E+00  0.4560123572E+06
  0.1880555556E+00  0.4533584742E+06
  0.1883333333E+00  0.4507045912E+06
  0.1886111111E+00  0.4480507093E+06
  0.1888888889E+00  0.4453968263E+06
  0.1891666667E+00  0.4427429468E+06
  0.1894444444E+00  0.4400890638E+06
  0.1897222222E+00  0.4374351819E+06
  0.1900000000E+00  0.4347812989E+06
  0.1902777778E+00  0.4322466003E+06
  0.1905555556E+00  0.4297119018E+06
  0.1908333333E+00  0.4271771988E+06
  0.1911111111E+00  0.4246425002E+06
  0.1913888889E+00  0.4221078017E+06
  0.1916666667E+00  0.4195731042E+06
  0.1919444444E+00  0.4170384023E+06
  0.1922222222E+00  0.4145037027E+06
  0.1925000000E+00  0.4119690042E+06
  0.1927777778E+00  0.4094343023E+06
  0.1930555556E+00  0.4068996038E+06
  0.1933333333E+00  0.4043649041E+06
  0.1936111111E+00  0.4018302056E+06
  0.1938888889E+00  0.3992955037E+06
  0.1941666667E+00  0.3967608052E+06
  0.1944444444E+00  0.3942261055E+06
  0.1947222222E+00  0.3916914037E+06
  0.1950000000E+00  0.3891567051E+06
  0.1952777778E+00  0.3867623924E+06
  0.1955555556E+00  0.3843680830E+06
  0.1958333333E+00  0.3819737681E+06
  0.1961111111E+00  0.3795794553E+06
  0.1963888889E+00  0.3771851426E+06
  0.1966666667E+00  0.3747908288E+06
  0.1969444444E+00  0.3723965193E+06
  0.1972222222E+00  0.3700022056E+06
  0.1975000000E+00  0.3676078918E+06
  0.1977777778E+00  0.3652135791E+06
  0.1980555556E+00  0.3628192696E+06
  0.1983333333E+00  0.3604249557E+06
  0.1986111111E+00  0.3580306420E+06
  0.1988888889E+00  0.3556363292E+06
  0.1991666667E+00  0.3532420165E+06
  0.1994444444E+00  0.3508477060E+06
  0.1997222222E+00  0.3484533932E+06
  0.2000000000E+00  0.3460590794E+06
  0.2002777778E+00  0.3438317144E+06
  0.2005555556E+00  0.3416043483E+06
  0.2008333333E+00  0.3393769833E+06
  0.2011111111E+00  0.3371496149E+06
  0.2013888889E+00  0.3349222500E+06
  0.2016666667E+00  0.3326948839E+06
  0.2019444444E+00  0.3304675188E+06
  0.2022222222E+00  0.3282401538E+06
  0.2025000000E+00  0.3260127878E+06
  0.2027777778E+00  0.3237854195E+06
  0.2030555556E+00  0.3215580544E+06
  0.2033333333E+00  0.3193306895E+06
  0.2036111111E+00  0.3171033234E+06
  0.2038888889E+00  0.3148759583E+06
  0.2041666667E+00  0.3126485900E+06
  0.2044444444E+00  0.3104212240E+06
  0.2047222222E+00  0.3081938600E+06
  0.2050000000E+00  0.3059664939E+06
  0.2052777778E+00  0.3039330791E+06
  0.2055555556E+00  0.3018996599E+06
  0.2058333333E+00  0.2998662451E+06
  0.2061111111E+00  0.2978328303E+06
  0.2063888889E+00  0.2957994120E+06
  0.2066666667E+00  0.2937659963E+06
  0.2069444444E+00  0.2917325814E+06
  0.2072222222E+00  0.2896991622E+06
  0.2075000000E+00  0.2876657473E+06
  0.2077777778E+00  0.2856323283E+06
  0.2080555556E+00  0.2835989134E+06
  0.2083333333E+00  0.2815654986E+06
  0.2086111111E+00  0.2795320804E+06
  0.2088888889E+00  0.2774986656E+06
  0.2091666667E+00  0.2754652498E+06
  0.2094444444E+00  0.2734318317E+06
  0.2097222222E+00  0.2713984168E+06
  0.2100000000E+00  0.2693650020E+06
  0.2102777778E+00  0.2675484500E+06
  0.2105555556E+00  0.2657318993E+06
  0.2108333333E+00  0.2639153474E+06
  0.2111111111E+00  0.2620987999E+06
  0.2113888889E+00  0.2602822480E+06
  0.2116666667E+00  0.2584656973E+06
  0.2119444444E+00  0.2566491454E+06
  0.2122222222E+00  0.2548325946E+06
  0.2125000000E+00  0.2530160460E+06
  0.2127777778E+00  0.2511994952E+06
  0.2130555556E+00  0.2493829432E+06
  0.2133333333E+00  0.2475663913E+06
  0.2136111111E+00  0.2457498439E+06
  0.2138888889E+00  0.2439332920E+06
  0.2141666667E+00  0.2421167413E+06
  0.2144444444E+00  0.2403001894E+06
  0.2147222222E+00  0.2384836419E+06
  0.2150000000E+00  0.2366670899E+06
  0.2152777778E+00  0.2350832976E+06
  0.2155555556E+00  0.2334995007E+06
  0.2158333333E+00  0.2319157072E+06
  0.2161111111E+00  0.2303319128E+06
  0.2163888889E+00  0.2287481204E+06
  0.2166666667E+00  0.2271643268E+06
  0.2169444444E+00  0.2255805301E+06
  0.2172222222E+00  0.2239967376E+06
  0.2175000000E+00  0.2224129441E+06
  0.2177777778E+00  0.2208291507E+06
  0.2180555556E+00  0.2192453538E+06
  0.2183333333E+00  0.2176615604E+06
  0.2186111111E+00  0.2160777670E+06
  0.2188888889E+00  0.2144939735E+06
  0.2191666667E+00  0.2129101810E+06
  0.2194444444E+00  0.2113263842E+06
  0.2197222222E+00  0.2097425907E+06
  0.2200000000E+00  0.2081587983E+06
  0.2202777778E+00  0.2068152442E+06
  0.2205555556E+00  0.2054716902E+06
  0.2208333333E+00  0.2041281362E+06
  0.2211111111E+00  0.2027845822E+06
  0.2213888889E+00  0.2014410326E+06
  0.2216666667E+00  0.2000974786E+06
  0.2219444444E+00  0.1987539245E+06
  0.2222222222E+00  0.1974103705E+06
  0.2225000000E+00  0.1960668164E+06
  0.2227777778E+00  0.1947232635E+06
  0.2230555556E+00  0.1933797095E+06
  0.2233333333E+00  0.1920361554E+06
  0.2236111111E+00  0.1906926014E+06
  0.2238888889E+00  0.1893490507E+06
  0.2241666667E+00  0.1880054978E+06
  0.2244444444E+00  0.1866619437E+06
  0.2247222222E+00  0.1853183897E+06
  0.2250000000E+00  0.1839748357E+06
  0.2252777778E+00  0.1828696800E+06
  0.2255555556E+00  0.1817645242E+06
  0.2258333333E+00  0.1806593695E+06
  0.2261111111E+00  0.1795542138E+06
  0.2263888889E+00  0.1784490603E+06
  0.2266666667E+00  0.1773439056E+06
  0.2269444444E+00  0.1762387499E+06
  0.2272222222E+00  0.1751335942E+06
  0.2275000000E+00  0.1740284394E+06
  0.2277777778E+00  0.1729232826E+06
  0.2280555556E+00  0.1718181269E+06
  0.2283333333E+00  0.1707129722E+06
  0.2286111111E+00  0.1696078165E+06
  0.2288888889E+00  0.1685026608E+06
  0.2291666667E+00  0.1673975049E+06
  0.2294444444E+00  0.1662923525E+06
  0.2297222222E+00  0.1651871978E+06
  0.2300000000E+00  0.1640820421E+06
  0.2302777778E+00  0.1632047935E+06
  0.2305555556E+00  0.1623275448E+06
  0.2308333333E+00  0.1614502962E+06
  0.2311111111E+00  0.1605730475E+06
  0.2313888889E+00  0.1596957989E+06
  0.2316666667E+00  0.1588185504E+06
  0.2319444444E+00  0.1579413017E+06
  0.2322222222E+00  0.1570640531E+06
  0.2325000000E+00  0.1561868044E+06
  0.2327777778E+00  0.1553095558E+06
  0.2330555556E+00  0.1544323071E+06
  0.2333333333E+00  0.1535550585E+06
  0.2336111111E+00  0.1526778098E+06
  0.2338888889E+00  0.1518005612E+06
  0.2341666667E+00  0.1509233126E+06
  0.2344444444E+00  0.1500460639E+06
  0.2347222222E+00  0.1491688164E+06
  0.2350000000E+00  0.1482915677E+06
  0.2352777778E+00  0.1476238953E+06
  0.2355555556E+00  0.1469562273E+06
  0.2358333333E+00  0.1462885570E+06
  0.2361111111E+00  0.1456208890E+06
  0.2363888889E+00  0.1449532177E+06
  0.2366666667E+00  0.1442855507E+06
  0.2369444444E+00  0.1436178783E+06
  0.2372222222E+00  0.1429502102E+06
  0.2375000000E+00  0.1422825389E+06
  0.2377777778E+00  0.1416148719E+06
  0.2380555556E+00  0.1409472006E+06
  0.2383333333E+00  0.1402795293E+06
  0.2386111111E+00  0.1396118612E+06
  0.2388888889E+00  0.1389441898E+06
  0.2391666667E+00  0.1382765219E+06
  0.2394444444E+00  0.1376088515E+06
  0.2397222222E+00  0.1369411836E+06
  0.2400000000E+00  0.1362735122E+06
  0.2402777778E+00  0.1357909432E+06
  0.2405555556E+00  0.1353083731E+06
  0.2408333333E+00  0.1348258009E+06
  0.2411111111E+00  0.1343432318E+06
  0.2413888889E+00  0.1338606629E+06
  0.2416666667E+00  0.1333780895E+06
  0.2419444444E+00  0.1328955205E+06
  0.2422222222E+00  0.1324129516E+06
  0.2425000000E+00  0.1319303782E+06
  0.2427777778E+00  0.1314478102E+06
  0.2430555556E+00  0.1309652369E+06
  0.2433333333E+00  0.1304826668E+06
  0.2436111111E+00  0.1300000989E+06
  0.2438888889E+00  0.1295175255E+06
  0.2441666667E+00  0.1290349566E+06
  0.2444444444E+00  0.1285523875E+06
  0.2447222222E+00  0.1280698142E+06
  0.2450000000E+00  0.1275872453E+06
  0.2452777778E+00  0.1272610062E+06
  0.2455555556E+00  0.1269347661E+06
  0.2458333333E+00  0.1266085260E+06
  0.2461111111E+00  0.1262822892E+06
  0.2463888889E+00  0.1259560490E+06
  0.2466666667E+00  0.1256298090E+06
  0.2469444444E+00  0.1253035689E+06
  0.2472222222E+00  0.1249773295E+06
  0.2475000000E+00  0.1246510907E+06
  0.2477777778E+00  0.1243248510E+06
  0.2480555556E+00  0.1239986112E+06
  0.2483333333E+00  0.1236723718E+06
  0.2486111111E+00  0.1233461331E+06
  0.2488888889E+00  0.1230198933E+06
  0.2491666667E+00  0.1226936539E+06
  0.2494444444E+00  0.1223674141E+06
  0.2497222222E+00  0.1220411754E+06
  0.2500000000E+00  0.1217149360E+06
  0.2502777778E+00  0.1215138818E+06
  0.2505555556E+00  0.1213128286E+06
  0.2508333333E+00  0.1211117755E+06
  0.2511111111E+00  0.1209107203E+06
  0.2513888889E+00  0.1207096672E+06
  0.2516666667E+00  0.1205086141E+06
  0.2519444444E+00  0.1203075610E+06
  0.2522222222E+00  0.1201065068E+06
  0.2525000000E+00  0.1199054537E+06
  0.2527777778E+00  0.1197043996E+06
  0.2530555556E+00  0.1195033453E+06
  0.2533333333E+00  0.1193022922E+06
  0.2536111111E+00  0.1191012395E+06
  0.2538888889E+00  0.1189001852E+06
  0.2541666667E+00  0.1186991321E+06
  0.2544444444E+00  0.1184980777E+06
  0.2547222222E+00  0.1182970241E+06
  0.2550000000E+00  0.1180959707E+06
  0.2552777778E+00  0.1179886075E+06
  0.2555555556E+00  0.1178812433E+06
  0.2558333333E+00  0.1177738804E+06
  0.2561111111E+00  0.1176665172E+06
  0.2563888889E+00  0.1175591529E+06
  0.2566666667E+00  0.1174517897E+06
  0.2569444444E+00  0.1173444259E+06
  0.2572222222E+00  0.1172370626E+06
  0.2575000000E+00  0.1171296993E+06
  0.2577777778E+00  0.1170223352E+06
  0.2580555556E+00  0.1169149723E+06
  0.2583333333E+00  0.1168076081E+06
  0.2586111111E+00  0.1167002449E+06
  0.2588888889E+00  0.1165928806E+06
  0.2591666667E+00  0.1164855178E+06
  0.2594444444E+00  0.1163781545E+06
  0.2597222222E+00  0.1162707903E+06
  0.2600000000E+00  0.1161634271E+06
  0.2602777778E+00  0.1161194669E+06
  0.2605555556E+00  0.1160755068E+06
  0.2608333333E+00  0.1160315464E+06
  0.2611111111E+00  0.1159875863E+06
  0.2613888889E+00  0.1159436261E+06
  0.2616666667E+00  0.1158996657E+06
  0.2619444444E+00  0.1158557056E+06
  0.2622222222E+00  0.1158117452E+06
  0.2625000000E+00  0.1157677850E+06
  0.2627777778E+00  0.1157238249E+06
  0.2630555556E+00  0.1156798655E+06
  0.2633333333E+00  0.1156359054E+06
  0.2636111111E+00  0.1155919452E+06
  0.2638888889E+00  0.1155479848E+06
  0.2641666667E+00  0.1155040247E+06
  0.2644444444E+00  0.1154600646E+06
  0.2647222222E+00  0.1154161042E+06
  0.2650000000E+00  0.1153721440E+06
  0.2652777778E+00  0.1153640566E+06
  0.2655555556E+00  0.1153559683E+06
  0.2658333333E+00  0.1153478810E+06
  0.2661111111E+00  0.1153397937E+06
  0.2663888889E+00  0.1153317064E+06
  0.2666666667E+00  0.1153236180E+06
  0.2669444444E+00  0.1153155307E+06
  0.2672222222E+00  0.1153074434E+06
  0.2675000000E+00  0.1152993560E+06
  0.2677777778E+00  0.1152912677E+06
  0.2680555556E+00  0.1152831803E+06
  0.2683333333E+00  0.1152750931E+06
  0.2686111111E+00  0.1152670058E+06
  0.2688888889E+00  0.1152589174E+06
  0.2691666667E+00  0.1152508301E+06
  0.2694444444E+00  0.1152427428E+06
  0.2697222222E+00  0.1152346544E+06
  0.2700000000E+00  0.1152265671E+06
  0.2702777778E+00  0.1152306509E+06
  0.2705555556E+00  0.1152347341E+06
  0.2708333333E+00  0.1152388169E+06
  0.2711111111E+00  0.1152428998E+06
  0.2713888889E+00  0.1152469835E+06
  0.2716666667E+00  0.1152510663E+06
  0.2719444444E+00  0.1152551495E+06
  0.2722222222E+00  0.1152592333E+06
  0.2725000000E+00  0.1152633162E+06
  0.2727777778E+00  0.1152673990E+06
  0.2730555556E+00  0.1152714827E+06
  0.2733333333E+00  0.1152755655E+06
  0.2736111111E+00  0.1152796487E+06
  0.2738888889E+00  0.1152837325E+06
  0.2741666667E+00  0.1152878154E+06
  0.2744444444E+00  0.1152918982E+06
  0.2747222222E+00  0.1152959819E+06
  0.2750000000E+00  0.1153000651E+06
  0.2752777778E+00  0.1152971127E+06
  0.2755555556E+00  0.1152941606E+06
  0.2758333333E+00  0.1152912093E+06
  0.2761111111E+00  0.1152882572E+06
  0.2763888889E+00  0.1152853047E+06
  0.2766666667E+00  0.1152823527E+06
  0.2769444444E+00  0.1152794013E+06
  0.2772222222E+00  0.1152764493E+06
  0.2775000000E+00  0.1152734968E+06
  0.2777777778E+00  0.1152705458E+06
  0.2780555556E+00  0.1152675937E+06
  0.2783333333E+00  0.1152646413E+06
  0.2786111111E+00  0.1152616892E+06
  0.2788888889E+00  0.1152587379E+06
  0.2791666667E+00  0.1152557858E+06
  0.2794444444E+00  0.1152528333E+06
  0.2797222222E+00  0.1152498813E+06
  0.2800000000E+00  0.1152469299E+06
  0.2802777778E+00  0.1152226387E+06
  0.2805555556E+00  0.1151983470E+06
  0.2808333333E+00  0.1151740554E+06
  0.2811111111E+00  0.1151497648E+06
  0.2813888889E+00  0.1151254735E+06
  0.2816666667E+00  0.1151011820E+06
  0.2819444444E+00  0.1150768914E+06
  0.2822222222E+00  0.1150525998E+06
  0.2825000000E+00  0.1150283085E+06
  0.2827777778E+00  0.1150040169E+06
  0.2830555556E+00  0.1149797263E+06
  0.2833333333E+00  0.1149554347E+06
  0.2836111111E+00  0.1149311434E+06
  0.2838888889E+00  0.1149068518E+06
  0.2841666667E+00  0.1148825612E+06
  0.2844444444E+00  0.1148582697E+06
  0.2847222222E+00  0.1148339784E+06
  0.2850000000E+00  0.1148096868E+06
  0.2852777778E+00  0.1147547266E+06
  0.2855555556E+00  0.1146997664E+06
  0.2858333333E+00  0.1146448048E+06
  0.2861111111E+00  0.1145898446E+06
  0.2863888889E+00  0.1145348833E+06
  0.2866666667E+00  0.1144799231E+06
  0.2869444444E+00  0.1144249626E+06
  0.2872222222E+00  0.1143700014E+06
  0.2875000000E+00  0.1143150411E+06
  0.2877777778E+00  0.1142600799E+06
  0.2880555556E+00  0.1142051194E+06
  0.2883333333E+00  0.1141501592E+06
  0.2886111111E+00  0.1140951980E+06
  0.2888888889E+00  0.1140402378E+06
  0.2891666667E+00  0.1139852766E+06
  0.2894444444E+00  0.1139303159E+06
  0.2897222222E+00  0.1138753547E+06
  0.2900000000E+00  0.1138203945E+06
  0.2902777778E+00  0.1137300219E+06
  0.2905555556E+00  0.1136396486E+06
  0.2908333333E+00  0.1135492762E+06
  0.2911111111E+00  0.1134589029E+06
  0.2913888889E+00  0.1133685303E+06
  0.2916666667E+00  0.1132781569E+06
  0.2919444444E+00  0.1131877846E+06
  0.2922222222E+00  0.1130974110E+06
  0.2925000000E+00  0.1130070387E+06
  0.2927777778E+00  0.1129166653E+06
  0.2930555556E+00  0.1128262927E+06
  0.2933333333E+00  0.1127359194E+06
  0.2936111111E+00  0.1126455470E+06
  0.2938888889E+00  0.1125551734E+06
  0.2941666667E+00  0.1124648011E+06
  0.2944444444E+00  0.1123744277E+06
  0.2947222222E+00  0.1122840551E+06
  0.2950000000E+00  0.1121936818E+06
  0.2952777778E+00  0.1120674702E+06
  0.2955555556E+00  0.1119412598E+06
  0.2958333333E+00  0.1118150486E+06
  0.2961111111E+00  0.1116888382E+06
  0.2963888889E+00  0.1115626268E+06
  0.2966666667E+00  0.1114364153E+06
  0.2969444444E+00  0.1113102052E+06
  0.2972222222E+00  0.1111839937E+06
  0.2975000000E+00  0.1110577823E+06
  0.2977777778E+00  0.1109315718E+06
  0.2980555556E+00  0.1108053604E+06
  0.2983333333E+00  0.1106791502E+06
  0.2986111111E+00  0.1105529387E+06
  0.2988888889E+00  0.1104267272E+06
  0.2991666667E+00  0.1103005168E+06
  0.2994444444E+00  0.1101743054E+06
  0.2997222222E+00  0.1100480942E+06
  0.3000000000E+00  0.1099218838E+06
  0.3002777778E+00  0.1097628478E+06
  0.3005555556E+00  0.1096038105E+06
  0.3008333333E+00  0.1094447745E+06
  0.3011111111E+00  0.1092857386E+06
  0.3013888889E+00  0.1091267024E+06
  0.3016666667E+00  0.1089676664E+06
  0.3019444444E+00  0.1088086304E+06
  0.3022222222E+00  0.1086495941E+06
  0.3025000000E+00  0.1084905571E+06
  0.3027777778E+00  0.1083315212E+06
  0.3030555556E+00  0.1081724849E+06
  0.3033333333E+00  0.1080134490E+06
  0.3036111111E+00  0.1078544130E+06
  0.3038888889E+00  0.1076953770E+06
  0.3041666667E+00  0.1075363397E+06
  0.3044444444E+00  0.1073773038E+06
  0.3047222222E+00  0.1072182678E+06
  0.3050000000E+00  0.1070592315E+06
  0.3052777778E+00  0.1068731752E+06
  0.3055555556E+00  0.1066871189E+06
  0.3058333333E+00  0.1065010626E+06
  0.3061111111E+00  0.1063150061E+06
  0.3063888889E+00  0.1061289498E+06
  0.3066666667E+00  0.1059428935E+06
  0.3069444444E+00  0.1057568358E+06
  0.3072222222E+00  0.1055707795E+06
  0.3075000000E+00  0.1053847232E+06
  0.3077777778E+00  0.1051986669E+06
  0.3080555556E+00  0.1050126104E+06
  0.3083333333E+00  0.1048265541E+06
  0.3086111111E+00  0.1046404978E+06
  0.3088888889E+00  0.1044544415E+06
  0.3091666667E+00  0.1042683848E+06
  0.3094444444E+00  0.1040823285E+06
  0.3097222222E+00  0.1038962722E+06
  0.3100000000E+00  0.1037102157E+06
  0.3102777778E+00  0.1035049100E+06
  0.3105555556E+00  0.1032996053E+06
  0.3108333333E+00  0.1030943006E+06
  0.3111111111E+00  0.1028889949E+06
  0.3113888889E+00  0.1026836905E+06
  0.3116666667E+00  0.1024783858E+06
  0.3119444444E+00  0.1022730811E+06
  0.3122222222E+00  0.1020677753E+06
  0.3125000000E+00  0.1018624706E+06
  0.3127777778E+00  0.1016571659E+06
  0.3130555556E+00  0.1014518612E+06
  0.3133333333E+00  0.1012465555E+06
  0.3136111111E+00  0.1010412507E+06
  0.3138888889E+00  0.1008359464E+06
  0.3141666667E+00  0.1006306407E+06
  0.3144444444E+00  0.1004253359E+06
  0.3147222222E+00  0.1002200312E+06
  0.3150000000E+00  0.1000147265E+06
  0.3152777778E+00  0.9979914497E+05
  0.3155555556E+00  0.9958356334E+05
  0.3158333333E+00  0.9936798281E+05
  0.3161111111E+00  0.9915240162E+05
  0.3163888889E+00  0.9893682110E+05
  0.3166666667E+00  0.9872123957E+05
  0.3169444444E+00  0.9850565805E+05
  0.3172222222E+00  0.9829007742E+05
  0.3175000000E+00  0.9807449589E+05
  0.3177777778E+00  0.9785891536E+05
  0.3180555556E+00  0.9764333384E+05
  0.3183333333E+00  0.9742775365E+05
  0.3186111111E+00  0.9721217202E+05
  0.3188888889E+00  0.9699659050E+05
  0.3191666667E+00  0.9678100997E+05
  0.3194444444E+00  0.9656542844E+05
  0.3197222222E+00  0.9634984792E+05
  0.3200000000E+00  0.9613426640E+05
  0.3202777778E+00  0.9591767298E+05
  0.3205555556E+00  0.9570108057E+05
  0.3208333333E+00  0.9548448727E+05
  0.3211111111E+00  0.9526789485E+05
  0.3213888889E+00  0.9505130110E+05
  0.3216666667E+00  0.9483470879E+05
  0.3219444444E+00  0.9461811537E+05
  0.3222222222E+00  0.9440152306E+05
  0.3225000000E+00  0.9418492965E+05
  0.3227777778E+00  0.9396833724E+05
  0.3230555556E+00  0.9375174359E+05
  0.3233333333E+00  0.9353515018E+05
  0.3236111111E+00  0.9331855776E+05
  0.3238888889E+00  0.9310196446E+05
  0.3241666667E+00  0.9288537204E+05
  0.3244444444E+00  0.9266877829E+05
  0.3247222222E+00  0.9245218598E+05
  0.3250000000E+00  0.9223559256E+05
  0.3252777778E+00  0.9202709779E+05
  0.3255555556E+00  0.9181860390E+05
  0.3258333333E+00  0.9161010902E+05
  0.3261111111E+00  0.9140161425E+05
  0.3263888889E+00  0.9119311936E+05
  0.3266666667E+00  0.9098462548E+05
  0.3269444444E+00  0.9077613071E+05
  0.3272222222E+00  0.9056763615E+05
  0.3275000000E+00  0.9035914126E+05
  0.3277777778E+00  0.9015064749E+05
  0.3280555556E+00  0.8994215261E+05
  0.3283333333E+00  0.8973365784E+05
  0.3286111111E+00  0.8952516295E+05
  0.3288888889E+00  0.8931666907E+05
  0.3291666667E+00  0.8910817429E+05
  0.3294444444E+00  0.8889967940E+05
  0.3297222222E+00  0.8869118552E+05
  0.3300000000E+00  0.8848269074E+05
  0.3302777778E+00  0.8829040987E+05
  0.3305555556E+00  0.8809812878E+05
  0.3308333333E+00  0.8790584891E+05
  0.3311111111E+00  0.8771356771E+05
  0.3313888889E+00  0.8752128695E+05
  0.3316666667E+00  0.8732900674E+05
  0.3319444444E+00  0.8713672598E+05
  0.3322222222E+00  0.8694444477E+05
  0.3325000000E+00  0.8675216402E+05
  0.3327777778E+00  0.8655988381E+05
  0.3330555556E+00  0.8636760293E+05
  0.3333333333E+00  0.8617532185E+05
  0.3336111111E+00  0.8598304197E+05
  0.3338888889E+00  0.8579076088E+05
  0.3341666667E+00  0.8559848001E+05
  0.3344444444E+00  0.8540619880E+05
  0.3347222222E+00  0.8521391904E+05
  0.3350000000E+00  0.8502163784E+05
  0.3352777778E+00  0.8485245136E+05
  0.3355555556E+00  0.8468326545E+05
  0.3358333333E+00  0.8451407887E+05
  0.3361111111E+00  0.8434489229E+05
  0.3363888889E+00  0.8417570549E+05
  0.3366666667E+00  0.8400651991E+05
  0.3369444444E+00  0.8383733300E+05
  0.3372222222E+00  0.8366814641E+05
  0.3375000000E+00  0.8349895994E+05
  0.3377777778E+00  0.8332977403E+05
  0.3380555556E+00  0.8316058745E+05
  0.3383333333E+00  0.8299140053E+05
  0.3386111111E+00  0.8282221506E+05
  0.3388888889E+00  0.8265302847E+05
  0.3391666667E+00  0.8248384156E+05
  0.3394444444E+00  0.8231465509E+05
  0.3397222222E+00  0.8214546918E+05
  0.3400000000E+00  0.8197628260E+05
  0.3402777778E+00  0.8183541101E+05
  0.3405555556E+00  0.8169453942E+05
  0.3408333333E+00  0.8155366882E+05
  0.3411111111E+00  0.8141279757E+05
  0.3413888889E+00  0.8127192597E+05
  0.3416666667E+00  0.8113105538E+05
  0.3419444444E+00  0.8099018379E+05
  0.3422222222E+00  0.8084931220E+05
  0.3425000000E+00  0.8070844061E+05
  0.3427777778E+00  0.8056757000E+05
  0.3430555556E+00  0.8042669886E+05
  0.3433333333E+00  0.8028582727E+05
  0.3436111111E+00  0.8014495567E+05
  0.3438888889E+00  0.8000408508E+05
  0.3441666667E+00  0.7986321349E+05
  0.3444444444E+00  0.7972234190E+05
  0.3447222222E+00  0.7958147131E+05
  0.3450000000E+00  0.7944060005E+05
  0.3452777778E+00  0.7933143154E+05
  0.3455555556E+00  0.7922226314E+05
  0.3458333333E+00  0.7911309463E+05
  0.3461111111E+00  0.7900392523E+05
  0.3463888889E+00  0.7889475672E+05
  0.3466666667E+00  0.7878558832E+05
  0.3469444444E+00  0.7867641981E+05
  0.3472222222E+00  0.7856725141E+05
  0.3475000000E+00  0.7845808290E+05
  0.3477777778E+00  0.7834891450E+05
  0.3480555556E+00  0.7823974600E+05
  0.3483333333E+00  0.7813057760E+05
  0.3486111111E+00  0.7802140909E+05
  0.3488888889E+00  0.7791224069E+05
  0.3491666667E+00  0.7780307218E+05
  0.3494444444E+00  0.7769390278E+05
  0.3497222222E+00  0.7758473427E+05
  0.3500000000E+00  0.7747556587E+05
  0.3502777778E+00  0.7739958775E+05
  0.3505555556E+00  0.7732360941E+05
  0.3508333333E+00  0.7724763029E+05
  0.3511111111E+00  0.7717165229E+05
  0.3513888889E+00  0.7709567285E+05
  0.3516666667E+00  0.7701969484E+05
  0.3519444444E+00  0.7694371672E+05
  0.3522222222E+00  0.7686773738E+05
  0.3525000000E+00  0.7679175926E+05
  0.3527777778E+00  0.7671578127E+05
  0.3530555556E+00  0.7663980181E+05
  0.3533333333E+00  0.7656382381E+05
  0.3536111111E+00  0.7648784469E+05
  0.3538888889E+00  0.7641186635E+05
  0.3541666667E+00  0.7633588825E+05
  0.3544444444E+00  0.7625990891E+05
  0.3547222222E+00  0.7618393079E+05
  0.3550000000E+00  0.7610795278E+05
  0.3552777778E+00  0.7606480766E+05
  0.3555555556E+00  0.7602166252E+05
  0.3558333333E+00  0.7597851784E+05
  0.3561111111E+00  0.7593537270E+05
  0.3563888889E+00  0.7589222791E+05
  0.3566666667E+00  0.7584908289E+05
  0.3569444444E+00  0.7580593776E+05
  0.3572222222E+00  0.7576279396E+05
  0.3575000000E+00  0.7571964895E+05
  0.3577777778E+00  0.7567650414E+05
  0.3580555556E+00  0.7563335902E+05
  0.3583333333E+00  0.7559021389E+05
  0.3586111111E+00  0.7554706920E+05
  0.3588888889E+00  0.7550392408E+05
  0.3591666667E+00  0.7546077894E+05
  0.3594444444E+00  0.7541763426E+05
  0.3597222222E+00  0.7537449012E+05
  0.3600000000E+00  0.7533134533E+05
  0.3602777778E+00  0.7531895987E+05
  0.3605555556E+00  0.7530657564E+05
  0.3608333333E+00  0.7529419052E+05
  0.3611111111E+00  0.7528180628E+05
  0.3613888889E+00  0.7526942217E+05
  0.3616666667E+00  0.7525703692E+05
  0.3619444444E+00  0.7524465280E+05
  0.3622222222E+00  0.7523226868E+05
  0.3625000000E+00  0.7521988345E+05
  0.3627777778E+00  0.7520749932E+05
  0.3630555556E+00  0.7519511375E+05
  0.3633333333E+00  0.7518272964E+05
  0.3636111111E+00  0.7517034540E+05
  0.3638888889E+00  0.7515796027E+05
  0.3641666667E+00  0.7514557604E+05
  0.3644444444E+00  0.7513319192E+05
  0.3647222222E+00  0.7512080680E+05
  0.3650000000E+00  0.7510842257E+05
  0.3652777778E+00  0.7512326486E+05
  0.3655555556E+00  0.7513810749E+05
  0.3658333333E+00  0.7515294969E+05
  0.3661111111E+00  0.7516779231E+05
  0.3663888889E+00  0.7518263461E+05
  0.3666666667E+00  0.7519747692E+05
  0.3669444444E+00  0.7521231954E+05
  0.3672222222E+00  0.7522716172E+05
  0.3675000000E+00  0.7524200436E+05
  0.3677777778E+00  0.7525684666E+05
  0.3680555556E+00  0.7527168929E+05
  0.3683333333E+00  0.7528653148E+05
  0.3686111111E+00  0.7530137411E+05
  0.3688888889E+00  0.7531621641E+05
  0.3691666667E+00  0.7533105904E+05
  0.3694444444E+00  0.7534590123E+05
  0.3697222222E+00  0.7536074386E+05
  0.3700000000E+00  0.7537558616E+05
  0.3702777778E+00  0.7541291397E+05
  0.3705555556E+00  0.7545024056E+05
  0.3708333333E+00  0.7548756837E+05
  0.3711111111E+00  0.7552489485E+05
  0.3713888889E+00  0.7556222245E+05
  0.3716666667E+00  0.7559955025E+05
  0.3719444444E+00  0.7563687684E+05
  0.3722222222E+00  0.7567420466E+05
  0.3725000000E+00  0.7571153214E+05
  0.3727777778E+00  0.7574885906E+05
  0.3730555556E+00  0.7578618654E+05
  0.3733333333E+00  0.7582351335E+05
  0.3736111111E+00  0.7586084095E+05
  0.3738888889E+00  0.7589816875E+05
  0.3741666667E+00  0.7593549523E+05
  0.3744444444E+00  0.7597282316E+05
  0.3747222222E+00  0.7601015064E+05
  0.3750000000E+00  0.7604747722E+05
  0.3752777778E+00  0.7610174773E+05
  0.3755555556E+00  0.7615601702E+05
  0.3758333333E+00  0.7621028762E+05
  0.3761111111E+00  0.7626455691E+05
  0.3763888889E+00  0.7631882719E+05
  0.3766666667E+00  0.7637309681E+05
  0.3769444444E+00  0.7642736709E+05
  0.3772222222E+00  0.7648163637E+05
  0.3775000000E+00  0.7653590599E+05
  0.3777777778E+00  0.7659017626E+05
  0.3780555556E+00  0.7664444577E+05
  0.3783333333E+00  0.7669871605E+05
  0.3786111111E+00  0.7675298533E+05
  0.3788888889E+00  0.7680725595E+05
  0.3791666667E+00  0.7686152523E+05
  0.3794444444E+00  0.7691579551E+05
  0.3797222222E+00  0.7697006512E+05
  0.3800000000E+00  0.7702433541E+05
  0.3802777778E+00  0.7708944871E+05
  0.3805555556E+00  0.7715456199E+05
  0.3808333333E+00  0.7721967529E+05
  0.3811111111E+00  0.7728478792E+05
  0.3813888889E+00  0.7734990133E+05
  0.3816666667E+00  0.7741501463E+05
  0.3819444444E+00  0.7748012792E+05
  0.3822222222E+00  0.7754524121E+05
  0.3825000000E+00  0.7761035451E+05
  0.3827777778E+00  0.7767546781E+05
  0.3830555556E+00  0.7774058122E+05
  0.3833333333E+00  0.7780569485E+05
  0.3836111111E+00  0.7787080814E+05
  0.3838888889E+00  0.7793592143E+05
  0.3841666667E+00  0.7800103473E+05
  0.3844444444E+00  0.7806614803E+05
  0.3847222222E+00  0.7813126132E+05
  0.3850000000E+00  0.7819637473E+05
  0.3852777778E+00  0.7826621395E+05
  0.3855555556E+00  0.7833605396E+05
  0.3858333333E+00  0.7840589317E+05
  0.3861111111E+00  0.7847573306E+05
  0.3863888889E+00  0.7854557240E+05
  0.3866666667E+00  0.7861541228E+05
  0.3869444444E+00  0.7868525129E+05
  0.3872222222E+00  0.7875509150E+05
  0.3875000000E+00  0.7882493051E+05
  0.3877777778E+00  0.7889477073E+05
  0.3880555556E+00  0.7896460973E+05
  0.3883333333E+00  0.7903444995E+05
  0.3886111111E+00  0.7910428896E+05
  0.3888888889E+00  0.7917412917E+05
  0.3891666667E+00  0.7924396818E+05
  0.3894444444E+00  0.7931380840E+05
  0.3897222222E+00  0.7938364740E+05
  0.3900000000E+00  0.7945348762E+05
  0.3902777778E+00  0.7952204323E+05
  0.3905555556E+00  0.7959059985E+05
  0.3908333333E+00  0.7965915546E+05
  0.3911111111E+00  0.7972771106E+05
  0.3913888889E+00  0.7979626756E+05
  0.3916666667E+00  0.7986482318E+05
  0.3919444444E+00  0.7993337979E+05
  0.3922222222E+00  0.8000193540E+05
  0.3925000000E+00  0.8007049201E+05
  0.3927777778E+00  0.8013904762E+05
  0.3930555556E+00  0.8020760323E+05
  0.3933333333E+00  0.8027615984E+05
  0.3936111111E+00  0.8034471534E+05
  0.3938888889E+00  0.8041327195E+05
  0.3941666667E+00  0.8048182756E+05
  0.3944444444E+00  0.8055038417E+05
  0.3947222222E+00  0.8061893979E+05
  0.3950000000E+00  0.8068749539E+05
  0.3952777778E+00  0.8074938769E+05
  0.3955555556E+00  0.8081127864E+05
  0.3958333333E+00  0.8087316960E+05
  0.3961111111E+00  0.8093506155E+05
  0.3963888889E+00  0.8099695295E+05
  0.3966666667E+00  0.8105884391E+05
  0.3969444444E+00  0.8112073587E+05
  0.3972222222E+00  0.8118262716E+05
  0.3975000000E+00  0.8124451812E+05
  0.3977777778E+00  0.8130640908E+05
  0.3980555556E+00  0.8136830114E+05
  0.3983333333E+00  0.8143019243E+05
  0.3986111111E+00  0.8149208339E+05
  0.3988888889E+00  0.8155397535E+05
  0.3991666667E+00  0.8161586664E+05
  0.3994444444E+00  0.8167775771E+05
  0.3997222222E+00  0.8173964967E+05
  0.4000000000E+00  0.8180154062E+05
  0.4002777778E+00  0.8185213670E+05
  0.4005555556E+00  0.8190273345E+05
  0.4008333333E+00  0.8195332930E+05
  0.4011111111E+00  0.8200392505E+05
  0.4013888889E+00  0.8205452179E+05
  0.4016666667E+00  0.8210511754E+05
  0.4019444444E+00  0.8215571440E+05
  0.4022222222E+00  0.8220631013E+05
  0.4025000000E+00  0.8225690588E+05
  0.4027777778E+00  0.8230750273E+05
  0.4030555556E+00  0.8235809881E+05
  0.4033333333E+00  0.8240869556E+05
  0.4036111111E+00  0.8245929130E+05
  0.4038888889E+00  0.8250988716E+05
  0.4041666667E+00  0.8256048390E+05
  0.4044444444E+00  0.8261107964E+05
  0.4047222222E+00  0.8266167539E+05
  0.4050000000E+00  0.8271227225E+05
  0.4052777778E+00  0.8274797958E+05
  0.4055555556E+00  0.8278368693E+05
  0.4058333333E+00  0.8281939427E+05
  0.4061111111E+00  0.8285510261E+05
  0.4063888889E+00  0.8289080996E+05
  0.4066666667E+00  0.8292651731E+05
  0.4069444444E+00  0.8296222431E+05
  0.4072222222E+00  0.8299793165E+05
  0.4075000000E+00  0.8303363999E+05
  0.4077777778E+00  0.8306934734E+05
  0.4080555556E+00  0.8310505468E+05
  0.4083333333E+00  0.8314076202E+05
  0.4086111111E+00  0.8317646947E+05
  0.4088888889E+00  0.8321217781E+05
  0.4091666667E+00  0.8324788517E+05
  0.4094444444E+00  0.8328359251E+05
  0.4097222222E+00  0.8331929952E+05
  0.4100000000E+00  0.8335500686E+05
  0.4102777778E+00  0.8337337960E+05
  0.4105555556E+00  0.8339175211E+05
  0.4108333333E+00  0.8341012485E+05
  0.4111111111E+00  0.8342849770E+05
  0.4113888889E+00  0.8344687010E+05
  0.4116666667E+00  0.8346524195E+05
  0.4119444444E+00  0.8348361436E+05
  0.4122222222E+00  0.8350198709E+05
  0.4125000000E+00  0.8352035961E+05
  0.4127777778E+00  0.8353873235E+05
  0.4130555556E+00  0.8355710486E+05
  0.4133333333E+00  0.8357547760E+05
  0.4136111111E+00  0.8359384912E+05
  0.4138888889E+00  0.8361222185E+05
  0.4141666667E+00  0.8363059437E+05
  0.4144444444E+00  0.8364896711E+05
  0.4147222222E+00  0.8366733962E+05
  0.4150000000E+00  0.8368571236E+05
  0.4152777778E+00  0.8368550023E+05
  0.4155555556E+00  0.8368528844E+05
  0.4158333333E+00  0.8368507632E+05
  0.4161111111E+00  0.8368486419E+05
  0.4163888889E+00  0.8368465350E+05
  0.4166666667E+00  0.8368444137E+05
  0.4169444444E+00  0.8368422925E+05
  0.4172222222E+00  0.8368401745E+05
  0.4175000000E+00  0.8368380533E+05
  0.4177777778E+00  0.8368359421E+05
  0.4180555556E+00  0.8368338241E+05
  0.4183333333E+00  0.8368317028E+05
  0.4186111111E+00  0.8368295848E+05
  0.4188888889E+00  0.8368274736E+05
  0.4191666667E+00  0.8368253535E+05
  0.4194444444E+00  0.8368232355E+05
  0.4197222222E+00  0.8368211142E+05
  0.4200000000E+00  0.8368189930E+05
  0.4202777778E+00  0.8366308486E+05
  0.4205555556E+00  0.8364426910E+05
  0.4208333333E+00  0.8362545366E+05
  0.4211111111E+00  0.8360663879E+05
  0.4213888889E+00  0.8358782336E+05
  0.4216666667E+00  0.8356900759E+05
  0.4219444444E+00  0.8355019315E+05
  0.4222222222E+00  0.8353137738E+05
  0.4225000000E+00  0.8351256196E+05
  0.4227777778E+00  0.8349374719E+05
  0.4230555556E+00  0.8347493142E+05
  0.4233333333E+00  0.8345611599E+05
  0.4236111111E+00  0.8343730122E+05
  0.4238888889E+00  0.8341848580E+05
  0.4241666667E+00  0.8339966992E+05
  0.4244444444E+00  0.8338085548E+05
  0.4247222222E+00  0.8336203971E+05
  0.4250000000E+00  0.8334322428E+05
  0.4252777778E+00  0.8330691915E+05
  0.4255555556E+00  0.8327061436E+05
  0.4258333333E+00  0.8323430956E+05
  0.4261111111E+00  0.8319800444E+05
  0.4263888889E+00  0.8316169964E+05
  0.4266666667E+00  0.8312539451E+05
  0.4269444444E+00  0.8308908972E+05
  0.4272222222E+00  0.8305278392E+05
  0.4275000000E+00  0.8301647879E+05
  0.4277777778E+00  0.8298017400E+05
  0.4280555556E+00  0.8294386887E+05
  0.4283333333E+00  0.8290756407E+05
  0.4286111111E+00  0.8287125928E+05
  0.4288888889E+00  0.8283495415E+05
  0.4291666667E+00  0.8279864935E+05
  0.4294444444E+00  0.8276234323E+05
  0.4297222222E+00  0.8272603843E+05
  0.4300000000E+00  0.8268973375E+05
  0.4302777778E+00  0.8263805501E+05
  0.4305555556E+00  0.8258637739E+05
  0.4308333333E+00  0.8253469877E+05
  0.4311111111E+00  0.8248302015E+05
  0.4313888889E+00  0.8243134142E+05
  0.4316666667E+00  0.8237966313E+05
  0.4319444444E+00  0.8232798451E+05
  0.4322222222E+00  0.8227630589E+05
  0.4325000000E+00  0.8222462827E+05
  0.4327777778E+00  0.8217294952E+05
  0.4330555556E+00  0.8212127090E+05
  0.4333333333E+00  0.8206959228E+05
  0.4336111111E+00  0.8201791399E+05
  0.4338888889E+00  0.8196623537E+05
  0.4341666667E+00  0.8191455764E+05
  0.4344444444E+00  0.8186287902E+05
  0.4347222222E+00  0.8181120040E+05
  0.4350000000E+00  0.8175952178E+05
  0.4352777778E+00  0.8169540165E+05
  0.4355555556E+00  0.8163128263E+05
  0.4358333333E+00  0.8156716251E+05
  0.4361111111E+00  0.8150304350E+05
  0.4363888889E+00  0.8143892336E+05
  0.4366666667E+00  0.8137480324E+05
  0.4369444444E+00  0.8131068423E+05
  0.4372222222E+00  0.8124656411E+05
  0.4375000000E+00  0.8118244509E+05
  0.4377777778E+00  0.8111832497E+05
  0.4380555556E+00  0.8105420595E+05
  0.4383333333E+00  0.8099008582E+05
  0.4386111111E+00  0.8092596581E+05
  0.4388888889E+00  0.8086184669E+05
  0.4391666667E+00  0.8079772656E+05
  0.4394444444E+00  0.8073360754E+05
  0.4397222222E+00  0.8066948742E+05
  0.4400000000E+00  0.8060536741E+05
  0.4402777778E+00  0.8053235371E+05
  0.4405555556E+00  0.8045933870E+05
  0.4408333333E+00  0.8038632400E+05
  0.4411111111E+00  0.8031330920E+05
  0.4413888889E+00  0.8024029452E+05
  0.4416666667E+00  0.8016727949E+05
  0.4419444444E+00  0.8009426481E+05
  0.4422222222E+00  0.8002125012E+05
  0.4425000000E+00  0.7994823610E+05
  0.4427777778E+00  0.7987522141E+05
  0.4430555556E+00  0.7980220672E+05
  0.4433333333E+00  0.7972919203E+05
  0.4436111111E+00  0.7965617702E+05
  0.4438888889E+00  0.7958316232E+05
  0.4441666667E+00  0.7951014752E+05
  0.4444444444E+00  0.7943713283E+05
  0.4447222222E+00  0.7936411881E+05
  0.4450000000E+00  0.7929110413E+05
  0.4452777778E+00  0.7921304365E+05
  0.4455555556E+00  0.7913498218E+05
  0.4458333333E+00  0.7905692137E+05
  0.4461111111E+00  0.7897886089E+05
  0.4463888889E+00  0.7890080042E+05
  0.4466666667E+00  0.7882273995E+05
  0.4469444444E+00  0.7874467928E+05
  0.4472222222E+00  0.7866661837E+05
  0.4475000000E+00  0.7858855769E+05
  0.4477777778E+00  0.7851049712E+05
  0.4480555556E+00  0.7843243643E+05
  0.4483333333E+00  0.7835437552E+05
  0.4486111111E+00  0.7827631485E+05
  0.4488888889E+00  0.7819825428E+05
  0.4491666667E+00  0.7812019371E+05
  0.4494444444E+00  0.7804213303E+05
  0.4497222222E+00  0.7796407212E+05
  0.4500000000E+00  0.7788601155E+05
  0.4502777778E+00  0.7780686449E+05
  0.4505555556E+00  0.7772771687E+05
  0.4508333333E+00  0.7764856981E+05
  0.4511111111E+00  0.7756942274E+05
  0.4513888889E+00  0.7749027524E+05
  0.4516666667E+00  0.7741112805E+05
  0.4519444444E+00  0.7733198099E+05
  0.4522222222E+00  0.7725283359E+05
  0.4525000000E+00  0.7717368642E+05
  0.4527777778E+00  0.7709453925E+05
  0.4530555556E+00  0.7701539185E+05
  0.4533333333E+00  0.7693624468E+05
  0.4536111111E+00  0.7685709762E+05
  0.4538888889E+00  0.7677795010E+05
  0.4541666667E+00  0.7669880304E+05
  0.4544444444E+00  0.7661965586E+05
  0.4547222222E+00  0.7654050835E+05
  0.4550000000E+00  0.7646136129E+05
  0.4552777778E+00  0.7638494341E+05
  0.4555555556E+00  0.7630852596E+05
  0.4558333333E+00  0.7623210818E+05
  0.4561111111E+00  0.7615569031E+05
  0.4563888889E+00  0.7607927253E+05
  0.4566666667E+00  0.7600285509E+05
  0.4569444444E+00  0.7592643721E+05
  0.4572222222E+00  0.7585001943E+05
  0.4575000000E+00  0.7577360199E+05
  0.4577777778E+00  0.7569718411E+05
  0.4580555556E+00  0.7562076622E+05
  0.4583333333E+00  0.7554434867E+05
  0.4586111111E+00  0.7546793090E+05
  0.4588888889E+00  0.7539151312E+05
  0.4591666667E+00  0.7531509524E+05
  0.4594444444E+00  0.7523867778E+05
  0.4597222222E+00  0.7516226001E+05
  0.4600000000E+00  0.7508584213E+05
  0.4602777778E+00  0.7501557710E+05
  0.4605555556E+00  0.7494531217E+05
  0.4608333333E+00  0.7487504670E+05
  0.4611111111E+00  0.7480478166E+05
  0.4613888889E+00  0.7473451674E+05
  0.4616666667E+00  0.7466425169E+05
  0.4619444444E+00  0.7459398634E+05
  0.4622222222E+00  0.7452372130E+05
  0.4625000000E+00  0.7445345625E+05
  0.4627777778E+00  0.7438319134E+05
  0.4630555556E+00  0.7431292586E+05
  0.4633333333E+00  0.7424266082E+05
  0.4636111111E+00  0.7417239589E+05
  0.4638888889E+00  0.7410213043E+05
  0.4641666667E+00  0.7403186549E+05
  0.4644444444E+00  0.7396160047E+05
  0.4647222222E+00  0.7389133542E+05
  0.4650000000E+00  0.7382107005E+05
  0.4652777778E+00  0.7375981326E+05
  0.4655555556E+00  0.7369855624E+05
  0.4658333333E+00  0.7363729912E+05
  0.4661111111E+00  0.7357604209E+05
  0.4663888889E+00  0.7351478486E+05
  0.4666666667E+00  0.7345352784E+05
  0.4669444444E+00  0.7339227081E+05
  0.4672222222E+00  0.7333101369E+05
  0.4675000000E+00  0.7326975655E+05
  0.4677777778E+00  0.7320849953E+05
  0.4680555556E+00  0.7314724241E+05
  0.4683333333E+00  0.7308598573E+05
  0.4686111111E+00  0.7302472849E+05
  0.4688888889E+00  0.7296347147E+05
  0.4691666667E+00  0.7290221445E+05
  0.4694444444E+00  0.7284095732E+05
  0.4697222222E+00  0.7277970019E+05
  0.4700000000E+00  0.7271844317E+05
  0.4702777778E+00  0.7266833342E+05
  0.4705555556E+00  0.7261822401E+05
  0.4708333333E+00  0.7256811415E+05
  0.4711111111E+00  0.7251800440E+05
  0.4713888889E+00  0.7246789466E+05
  0.4716666667E+00  0.7241778490E+05
  0.4719444444E+00  0.7236767548E+05
  0.4722222222E+00  0.7231756574E+05
  0.4725000000E+00  0.7226745588E+05
  0.4727777778E+00  0.7221734613E+05
  0.4730555556E+00  0.7216723639E+05
  0.4733333333E+00  0.7211712696E+05
  0.4736111111E+00  0.7206701722E+05
  0.4738888889E+00  0.7201690747E+05
  0.4741666667E+00  0.7196679761E+05
  0.4744444444E+00  0.7191668821E+05
  0.4747222222E+00  0.7186657845E+05
  0.4750000000E+00  0.7181646869E+05
  0.4752777778E+00  0.7177885343E+05
  0.4755555556E+00  0.7174123797E+05
  0.4758333333E+00  0.7170362304E+05
  0.4761111111E+00  0.7166600767E+05
  0.4763888889E+00  0.7162839240E+05
  0.4766666667E+00  0.7159077736E+05
  0.4769444444E+00  0.7155316210E+05
  0.4772222222E+00  0.7151554672E+05
  0.4775000000E+00  0.7147793137E+05
  0.4777777778E+00  0.7144031633E+05
  0.4780555556E+00  0.7140270096E+05
  0.4783333333E+00  0.7136508569E+05
  0.4786111111E+00  0.7132747032E+05
  0.4788888889E+00  0.7128985539E+05
  0.4791666667E+00  0.7125224002E+05
  0.4794444444E+00  0.7121462466E+05
  0.4797222222E+00  0.7117700929E+05
  0.4800000000E+00  0.7113939437E+05
  0.4802777778E+00  0.7111476433E+05
  0.4805555556E+00  0.7109013484E+05
  0.4808333333E+00  0.7106550492E+05
  0.4811111111E+00  0.7104087521E+05
  0.4813888889E+00  0.7101624563E+05
  0.4816666667E+00  0.7099161570E+05
  0.4819444444E+00  0.7096698611E+05
  0.4822222222E+00  0.7094235618E+05
  0.4825000000E+00  0.7091772648E+05
  0.4827777778E+00  0.7089309656E+05
  0.4830555556E+00  0.7086846697E+05
  0.4833333333E+00  0.7084383738E+05
  0.4836111111E+00  0.7081920745E+05
  0.4838888889E+00  0.7079457775E+05
  0.4841666667E+00  0.7076994793E+05
  0.4844444444E+00  0.7074531822E+05
  0.4847222222E+00  0.7072068831E+05
  0.4850000000E+00  0.7069605872E+05
  0.4852777778E+00  0.7068410570E+05
  0.4855555556E+00  0.7067215236E+05
  0.4858333333E+00  0.7066019925E+05
  0.4861111111E+00  0.7064824601E+05
  0.4863888889E+00  0.7063629290E+05
  0.4866666667E+00  0.7062433956E+05
  0.4869444444E+00  0.7061238666E+05
  0.4872222222E+00  0.7060043321E+05
  0.4875000000E+00  0.7058848020E+05
  0.4877777778E+00  0.7057652697E+05
  0.4880555556E+00  0.7056457385E+05
  0.4883333333E+00  0.7055262051E+05
  0.4886111111E+00  0.7054066760E+05
  0.4888888889E+00  0.7052871417E+05
  0.4891666667E+00  0.7051676115E+05
  0.4894444444E+00  0.7050480805E+05
  0.4897222222E+00  0.7049285481E+05
  0.4900000000E+00  0.7048090180E+05
  0.4902777778E+00  0.7048056157E+05
  0.4905555556E+00  0.7048022134E+05
  0.4908333333E+00  0.7047988156E+05
  0.4911111111E+00  0.7047954144E+05
  0.4913888889E+00  0.7047920120E+05
  0.4916666667E+00  0.7047886131E+05
  0.4919444444E+00  0.7047852108E+05
  0.4922222222E+00  0.7047818096E+05
  0.4925000000E+00  0.7047784117E+05
  0.4927777778E+00  0.7047750094E+05
  0.4930555556E+00  0.7047716071E+05
  0.4933333333E+00  0.7047682093E+05
  0.4936111111E+00  0.7047648070E+05
  0.4938888889E+00  0.7047614058E+05
  0.4941666667E+00  0.7047580058E+05
  0.4944444444E+00  0.7047546046E+05
  0.4947222222E+00  0.7047512033E+05
  0.4950000000E+00  0.7047478043E+05
