  0.1027777778E-01  0.2224130318E+08
  0.1055555556E-01  0.2221933072E+08
  0.1083333333E-01  0.2219735862E+08
  0.1111111111E-01  0.2217538616E+08
  0.1138888889E-01  0.2215341406E+08
  0.1166666667E-01  0.2213144160E+08
  0.1194444444E-01  0.2210946916E+08
  0.1222222222E-01  0.2208749704E+08
  0.1250000000E-01  0.2206552459E+08
  0.1277777778E-01  0.2204355247E+08
  0.1305555556E-01  0.2202158004E+08
  0.1333333333E-01  0.2199960759E+08
  0.1361111111E-01  0.2197763547E+08
  0.1388888889E-01  0.2195566312E+08
  0.1416666667E-01  0.2193369101E+08
  0.1444444444E-01  0.2191171846E+08
  0.1472222222E-01  0.2188974601E+08
  0.1500000000E-01  0.2186777401E+08
  0.1527777778E-01  0.2183762857E+08
  0.1555555556E-01  0.2180748347E+08
  0.1583333333E-01  0.2177733815E+08
  0.1611111111E-01  0.2174719271E+08
  0.1638888889E-01  0.2171704772E+08
  0.1666666667E-01  0.2168690229E+08
  0.1694444444E-01  0.2165675730E+08
  0.1722222222E-01  0.2162661186E+08
  0.1750000000E-01  0.2159646654E+08
  0.1777777778E-01  0.2156632144E+08
  0.1805555556E-01  0.2153617611E+08
  0.1833333333E-01  0.2150603101E+08
  0.1861111111E-01  0.2147588557E+08
  0.1888888889E-01  0.2144574025E+08
  0.1916666667E-01  0.2141559515E+08
  0.1944444444E-01  0.2138544983E+08
  0.1972222222E-01  0.2135530473E+08
  0.2000000000E-01  0.2132515940E+08
  0.2027777778E-01  0.2128741667E+08
  0.2055555556E-01  0.2124967361E+08
  0.2083333333E-01  0.2121193089E+08
  0.2111111111E-01  0.2117418827E+08
  0.2138888889E-01  0.2113644542E+08
  0.2166666667E-01  0.2109870246E+08
  0.2194444444E-01  0.2106095974E+08
  0.2222222222E-01  0.2102321701E+08
  0.2250000000E-01  0.2098547428E+08
  0.2277777778E-01  0.2094773132E+08
  0.2305555556E-01  0.2090998859E+08
  0.2333333333E-01  0.2087224586E+08
  0.2361111111E-01  0.2083450313E+08
  0.2388888889E-01  0.2079676018E+08
  0.2416666667E-01  0.2075901734E+08
  0.2444444444E-01  0.2072127472E+08
  0.2472222222E-01  0.2068353165E+08
  0.2500000000E-01  0.2064578903E+08
  0.2527777778E-01  0.2060117219E+08
  0.2555555556E-01  0.2055655513E+08
  0.2583333333E-01  0.2051193808E+08
  0.2611111111E-01  0.2046732125E+08
  0.2638888889E-01  0.2042270419E+08
  0.2666666667E-01  0.2037808713E+08
  0.2694444444E-01  0.2033347041E+08
  0.2722222222E-01  0.2028885324E+08
  0.2750000000E-01  0.2024423652E+08
  0.2777777778E-01  0.2019961947E+08
  0.2805555556E-01  0.2015500240E+08
  0.2833333333E-01  0.2011038557E+08
  0.2861111111E-01  0.2006576852E+08
  0.2888888889E-01  0.2002115169E+08
  0.2916666667E-01  0.1997653453E+08
  0.2944444444E-01  0.1993191748E+08
  0.2972222222E-01  0.1988730075E+08
  0.3000000000E-01  0.1984268369E+08
  0.3027777778E-01  0.1979203890E+08
  0.3055555556E-01  0.1974139412E+08
  0.3083333333E-01  0.1969074944E+08
  0.3111111111E-01  0.1964010465E+08
  0.3138888889E-01  0.1958945953E+08
  0.3166666667E-01  0.1953881485E+08
  0.3194444444E-01  0.1948817007E+08
  0.3222222222E-01  0.1943752527E+08
  0.3250000000E-01  0.1938688060E+08
  0.3277777778E-01  0.1933623571E+08
  0.3305555556E-01  0.1928559093E+08
  0.3333333333E-01  0.1923494624E+08
  0.3361111111E-01  0.1918430146E+08
  0.3388888889E-01  0.1913365666E+08
  0.3416666667E-01  0.1908301166E+08
  0.3444444444E-01  0.1903236688E+08
  0.3472222222E-01  0.1898172208E+08
  0.3500000000E-01  0.1893107741E+08
  0.3527777778E-01  0.1887532390E+08
  0.3555555556E-01  0.1881957050E+08
  0.3583333333E-01  0.1876381709E+08
  0.3611111111E-01  0.1870806368E+08
  0.3638888889E-01  0.1865231018E+08
  0.3666666667E-01  0.1859655678E+08
  0.3694444444E-01  0.1854080337E+08
  0.3722222222E-01  0.1848504953E+08
  0.3750000000E-01  0.1842929612E+08
  0.3777777778E-01  0.1837354271E+08
  0.3805555556E-01  0.1831778922E+08
  0.3833333333E-01  0.1826203581E+08
  0.3861111111E-01  0.1820628240E+08
  0.3888888889E-01  0.1815052889E+08
  0.3916666667E-01  0.1809477560E+08
  0.3944444444E-01  0.1803902220E+08
  0.3972222222E-01  0.1798326879E+08
  0.4000000000E-01  0.1792751529E+08
  0.4027777778E-01  0.1786765080E+08
  0.4055555556E-01  0.1780778621E+08
  0.4083333333E-01  0.1774792171E+08
  0.4111111111E-01  0.1768805714E+08
  0.4138888889E-01  0.1762819254E+08
  0.4166666667E-01  0.1756832816E+08
  0.4194444444E-01  0.1750846391E+08
  0.4222222222E-01  0.1744859942E+08
  0.4250000000E-01  0.1738873483E+08
  0.4277777778E-01  0.1732887023E+08
  0.4305555556E-01  0.1726900574E+08
  0.4333333333E-01  0.1720914115E+08
  0.4361111111E-01  0.1714927679E+08
  0.4388888889E-01  0.1708941253E+08
  0.4416666667E-01  0.1702954804E+08
  0.4444444444E-01  0.1696968345E+08
  0.4472222222E-01  0.1690981885E+08
  0.4500000000E-01  0.1684995437E+08
  0.4527777778E-01  0.1678700935E+08
  0.4555555556E-01  0.1672406423E+08
  0.4583333333E-01  0.1666111923E+08
  0.4611111111E-01  0.1659817422E+08
  0.4638888889E-01  0.1653522920E+08
  0.4666666667E-01  0.1647228419E+08
  0.4694444444E-01  0.1640933907E+08
  0.4722222222E-01  0.1634639372E+08
  0.4750000000E-01  0.1628344860E+08
  0.4777777778E-01  0.1622050360E+08
  0.4805555556E-01  0.1615755847E+08
  0.4833333333E-01  0.1609461356E+08
  0.4861111111E-01  0.1603166855E+08
  0.4888888889E-01  0.1596872343E+08
  0.4916666667E-01  0.1590577842E+08
  0.4944444444E-01  0.1584283330E+08
  0.4972222222E-01  0.1577988829E+08
  0.5000000000E-01  0.1571694317E+08
  0.5027777778E-01  0.1565195650E+08
  0.5055555556E-01  0.1558697015E+08
  0.5083333333E-01  0.1552198381E+08
  0.5111111111E-01  0.1545699735E+08
  0.5138888889E-01  0.1539201101E+08
  0.5166666667E-01  0.1532702456E+08
  0.5194444444E-01  0.1526203789E+08
  0.5222222222E-01  0.1519705144E+08
  0.5250000000E-01  0.1513206510E+08
  0.5277777778E-01  0.1506707876E+08
  0.5305555556E-01  0.1500209230E+08
  0.5333333333E-01  0.1493710596E+08
  0.5361111111E-01  0.1487211928E+08
  0.5388888889E-01  0.1480713294E+08
  0.5416666667E-01  0.1474214649E+08
  0.5444444444E-01  0.1467716015E+08
  0.5472222222E-01  0.1461217369E+08
  0.5500000000E-01  0.1454718735E+08
  0.5527777778E-01  0.1448117909E+08
  0.5555555556E-01  0.1441517117E+08
  0.5583333333E-01  0.1434916301E+08
  0.5611111111E-01  0.1428315509E+08
  0.5638888889E-01  0.1421714683E+08
  0.5666666667E-01  0.1415113901E+08
  0.5694444444E-01  0.1408513075E+08
  0.5722222222E-01  0.1401912293E+08
  0.5750000000E-01  0.1395311456E+08
  0.5777777778E-01  0.1388710674E+08
  0.5805555556E-01  0.1382109849E+08
  0.5833333333E-01  0.1375509067E+08
  0.5861111111E-01  0.1368908240E+08
  0.5888888889E-01  0.1362307448E+08
  0.5916666667E-01  0.1355706633E+08
  0.5944444444E-01  0.1349105841E+08
  0.5972222222E-01  0.1342505014E+08
  0.6000000000E-01  0.1335904232E+08
  0.6027777778E-01  0.1329299491E+08
  0.6055555556E-01  0.1322694739E+08
  0.6083333333E-01  0.1316090020E+08
  0.6111111111E-01  0.1309485280E+08
  0.6138888889E-01  0.1302880561E+08
  0.6166666667E-01  0.1296275820E+08
  0.6194444444E-01  0.1289671068E+08
  0.6222222222E-01  0.1283066349E+08
  0.6250000000E-01  0.1276461608E+08
  0.6277777778E-01  0.1269856890E+08
  0.6305555556E-01  0.1263252149E+08
  0.6333333333E-01  0.1256647430E+08
  0.6361111111E-01  0.1250042678E+08
  0.6388888889E-01  0.1243437947E+08
  0.6416666667E-01  0.1236833229E+08
  0.6444444444E-01  0.1230228488E+08
  0.6472222222E-01  0.1223623759E+08
  0.6500000000E-01  0.1217019020E+08
  0.6527777778E-01  0.1210501784E+08
  0.6555555556E-01  0.1203984537E+08
  0.6583333333E-01  0.1197467289E+08
  0.6611111111E-01  0.1190950049E+08
  0.6638888889E-01  0.1184432792E+08
  0.6666666667E-01  0.1177915555E+08
  0.6694444444E-01  0.1171398319E+08
  0.6722222222E-01  0.1164881057E+08
  0.6750000000E-01  0.1158363821E+08
  0.6777777778E-01  0.1151846573E+08
  0.6805555556E-01  0.1145329336E+08
  0.6833333333E-01  0.1138812075E+08
  0.6861111111E-01  0.1132294838E+08
  0.6888888889E-01  0.1125777602E+08
  0.6916666667E-01  0.1119260344E+08
  0.6944444444E-01  0.1112743104E+08
  0.6972222222E-01  0.1106225856E+08
  0.7000000000E-01  0.1099708620E+08
  0.7027777778E-01  0.1093362168E+08
  0.7055555556E-01  0.1087015726E+08
  0.7083333333E-01  0.1080669263E+08
  0.7111111111E-01  0.1074322825E+08
  0.7138888889E-01  0.1067976383E+08
  0.7166666667E-01  0.1061629931E+08
  0.7194444444E-01  0.1055283489E+08
  0.7222222222E-01  0.1048937047E+08
  0.7250000000E-01  0.1042590585E+08
  0.7277777778E-01  0.1036244143E+08
  0.7305555556E-01  0.1029897694E+08
  0.7333333333E-01  0.1023551251E+08
  0.7361111111E-01  0.1017204806E+08
  0.7388888889E-01  0.1010858354E+08
  0.7416666667E-01  0.1004511909E+08
  0.7444444444E-01  0.9981654556E+07
  0.7472222222E-01  0.9918190146E+07
  0.7500000000E-01  0.9854725708E+07
  0.7527777778E-01  0.9793700218E+07
  0.7555555556E-01  0.9732674595E+07
  0.7583333333E-01  0.9671649104E+07
  0.7611111111E-01  0.9610623615E+07
  0.7638888889E-01  0.9549598125E+07
  0.7666666667E-01  0.9488572628E+07
  0.7694444444E-01  0.9427547103E+07
  0.7722222222E-01  0.9366521514E+07
  0.7750000000E-01  0.9305496024E+07
  0.7777777778E-01  0.9244470534E+07
  0.7805555556E-01  0.9183445043E+07
  0.7833333333E-01  0.9122419554E+07
  0.7861111111E-01  0.9061394020E+07
  0.7888888889E-01  0.9000368431E+07
  0.7916666667E-01  0.8939342940E+07
  0.7944444444E-01  0.8878317451E+07
  0.7972222222E-01  0.8817291962E+07
  0.8000000000E-01  0.8756266471E+07
  0.8027777778E-01  0.8698304068E+07
  0.8055555556E-01  0.8640341698E+07
  0.8083333333E-01  0.8582379429E+07
  0.8111111111E-01  0.8524417070E+07
  0.8138888889E-01  0.8466454700E+07
  0.8166666667E-01  0.8408492430E+07
  0.8194444444E-01  0.8350530060E+07
  0.8222222222E-01  0.8292567668E+07
  0.8250000000E-01  0.8234605398E+07
  0.8277777778E-01  0.8176643029E+07
  0.8305555556E-01  0.8118680659E+07
  0.8333333333E-01  0.8060718401E+07
  0.8361111111E-01  0.8002756030E+07
  0.8388888889E-01  0.7944793660E+07
  0.8416666667E-01  0.7886831391E+07
  0.8444444444E-01  0.7828868998E+07
  0.8472222222E-01  0.7770906629E+07
  0.8500000000E-01  0.7712944259E+07
  0.8527777778E-01  0.7658548996E+07
  0.8555555556E-01  0.7604153655E+07
  0.8583333333E-01  0.7549758380E+07
  0.8611111111E-01  0.7495363017E+07
  0.8638888889E-01  0.7440967743E+07
  0.8666666667E-01  0.7386572369E+07
  0.8694444444E-01  0.7332177139E+07
  0.8722222222E-01  0.7277781765E+07
  0.8750000000E-01  0.7223386501E+07
  0.8777777778E-01  0.7168991127E+07
  0.8805555556E-01  0.7114595853E+07
  0.8833333333E-01  0.7060200489E+07
  0.8861111111E-01  0.7005805249E+07
  0.8888888889E-01  0.6951409885E+07
  0.8916666667E-01  0.6897014611E+07
  0.8944444444E-01  0.6842619237E+07
  0.8972222222E-01  0.6788223973E+07
  0.9000000000E-01  0.6733828633E+07
  0.9027777778E-01  0.6683385373E+07
  0.9055555556E-01  0.6632942146E+07
  0.9083333333E-01  0.6582498787E+07
  0.9111111111E-01  0.6532055570E+07
  0.9138888889E-01  0.6481612311E+07
  0.9166666667E-01  0.6431168984E+07
  0.9194444444E-01  0.6380725724E+07
  0.9222222222E-01  0.6330282497E+07
  0.9250000000E-01  0.6279839138E+07
  0.9277777778E-01  0.6229395921E+07
  0.9305555556E-01  0.6178952695E+07
  0.9333333333E-01  0.6128509335E+07
  0.9361111111E-01  0.6078066109E+07
  0.9388888889E-01  0.6027622848E+07
  0.9416666667E-01  0.5977179522E+07
  0.9444444444E-01  0.5926736262E+07
  0.9472222222E-01  0.5876293046E+07
  0.9500000000E-01  0.5825849687E+07
  0.9527777778E-01  0.5779624295E+07
  0.9555555556E-01  0.5733398881E+07
  0.9583333333E-01  0.5687173456E+07
  0.9611111111E-01  0.5640948042E+07
  0.9638888889E-01  0.5594722627E+07
  0.9666666667E-01  0.5548497236E+07
  0.9694444444E-01  0.5502271821E+07
  0.9722222222E-01  0.5456046396E+07
  0.9750000000E-01  0.5409820983E+07
  0.9777777778E-01  0.5363595557E+07
  0.9805555556E-01  0.5317370077E+07
  0.9833333333E-01  0.5271144702E+07
  0.9861111111E-01  0.5224919267E+07
  0.9888888889E-01  0.5178693843E+07
  0.9916666667E-01  0.5132468408E+07
  0.9944444444E-01  0.5086243017E+07
  0.9972222222E-01  0.5040017582E+07
  0.1000000000E+00  0.4993792159E+07
  0.1002777778E+00  0.4951932470E+07
  0.1005555556E+00  0.4910072747E+07
  0.1008333333E+00  0.4868213048E+07
  0.1011111111E+00  0.4826353371E+07
  0.1013888889E+00  0.4784493638E+07
  0.1016666667E+00  0.4742633949E+07
  0.1019444444E+00  0.4700774250E+07
  0.1022222222E+00  0.4658914528E+07
  0.1025000000E+00  0.4617054839E+07
  0.1027777778E+00  0.4575195139E+07
  0.1030555556E+00  0.4533335461E+07
  0.1033333333E+00  0.4491475729E+07
  0.1036111111E+00  0.4449616040E+07
  0.1038888889E+00  0.4407756350E+07
  0.1041666667E+00  0.4365896618E+07
  0.1044444444E+00  0.4324036929E+07
  0.1047222222E+00  0.4282177241E+07
  0.1050000000E+00  0.4240317519E+07
  0.1052777778E+00  0.4202868880E+07
  0.1055555556E+00  0.4165420272E+07
  0.1058333333E+00  0.4127971653E+07
  0.1061111111E+00  0.4090523014E+07
  0.1063888889E+00  0.4053074373E+07
  0.1066666667E+00  0.4015625733E+07
  0.1069444444E+00  0.3978177137E+07
  0.1072222222E+00  0.3940728507E+07
  0.1075000000E+00  0.3903279867E+07
  0.1077777778E+00  0.3865831238E+07
  0.1080555556E+00  0.3828382597E+07
  0.1083333333E+00  0.3790934001E+07
  0.1086111111E+00  0.3753485372E+07
  0.1088888889E+00  0.3716036731E+07
  0.1091666667E+00  0.3678588091E+07
  0.1094444444E+00  0.3641139451E+07
  0.1097222222E+00  0.3603690865E+07
  0.1100000000E+00  0.3566242225E+07
  0.1102777778E+00  0.3533149409E+07
  0.1105555556E+00  0.3500056548E+07
  0.1108333333E+00  0.3466963742E+07
  0.1111111111E+00  0.3433870914E+07
  0.1113888889E+00  0.3400778098E+07
  0.1116666667E+00  0.3367685270E+07
  0.1119444444E+00  0.3334592454E+07
  0.1122222222E+00  0.3301499648E+07
  0.1125000000E+00  0.3268406820E+07
  0.1127777778E+00  0.3235314004E+07
  0.1130555556E+00  0.3202221143E+07
  0.1133333333E+00  0.3169128327E+07
  0.1136111111E+00  0.3136035509E+07
  0.1138888889E+00  0.3102942693E+07
  0.1141666667E+00  0.3069849877E+07
  0.1144444444E+00  0.3036757049E+07
  0.1147222222E+00  0.3003664243E+07
  0.1150000000E+00  0.2970571415E+07
  0.1152777778E+00  0.2941696278E+07
  0.1155555556E+00  0.2912821173E+07
  0.1158333333E+00  0.2883946067E+07
  0.1161111111E+00  0.2855070964E+07
  0.1163888889E+00  0.2826195825E+07
  0.1166666667E+00  0.2797320720E+07
  0.1169444444E+00  0.2768445616E+07
  0.1172222222E+00  0.2739570510E+07
  0.1175000000E+00  0.2710695405E+07
  0.1177777778E+00  0.2681820268E+07
  0.1180555556E+00  0.2652945163E+07
  0.1183333333E+00  0.2624070059E+07
  0.1186111111E+00  0.2595194953E+07
  0.1188888889E+00  0.2566319815E+07
  0.1191666667E+00  0.2537444711E+07
  0.1194444444E+00  0.2508569606E+07
  0.1197222222E+00  0.2479694500E+07
  0.1200000000E+00  0.2450819363E+07
  0.1202777778E+00  0.2425952724E+07
  0.1205555556E+00  0.2401086051E+07
  0.1208333333E+00  0.2376219413E+07
  0.1211111111E+00  0.2351352740E+07
  0.1213888889E+00  0.2326486101E+07
  0.1216666667E+00  0.2301619462E+07
  0.1219444444E+00  0.2276752790E+07
  0.1222222222E+00  0.2251886151E+07
  0.1225000000E+00  0.2227019478E+07
  0.1227777778E+00  0.2202152850E+07
  0.1230555556E+00  0.2177286167E+07
  0.1233333333E+00  0.2152419528E+07
  0.1236111111E+00  0.2127552866E+07
  0.1238888889E+00  0.2102686227E+07
  0.1241666667E+00  0.2077819544E+07
  0.1244444444E+00  0.2052952905E+07
  0.1247222222E+00  0.2028086277E+07
  0.1250000000E+00  0.2003219604E+07
  0.1252777778E+00  0.1982095196E+07
  0.1255555556E+00  0.1960970787E+07
  0.1258333333E+00  0.1939846379E+07
  0.1261111111E+00  0.1918721971E+07
  0.1263888889E+00  0.1897597561E+07
  0.1266666667E+00  0.1876473153E+07
  0.1269444444E+00  0.1855348778E+07
  0.1272222222E+00  0.1834224369E+07
  0.1275000000E+00  0.1813099961E+07
  0.1277777778E+00  0.1791975552E+07
  0.1280555556E+00  0.1770851154E+07
  0.1283333333E+00  0.1749726746E+07
  0.1286111111E+00  0.1728602337E+07
  0.1288888889E+00  0.1707477918E+07
  0.1291666667E+00  0.1686353509E+07
  0.1294444444E+00  0.1665229101E+07
  0.1297222222E+00  0.1644104703E+07
  0.1300000000E+00  0.1622980294E+07
  0.1302777778E+00  0.1605291026E+07
  0.1305555556E+00  0.1587601759E+07
  0.1308333333E+00  0.1569912491E+07
  0.1311111111E+00  0.1552223223E+07
  0.1313888889E+00  0.1534533966E+07
  0.1316666667E+00  0.1516844698E+07
  0.1319444444E+00  0.1499155408E+07
  0.1322222222E+00  0.1481466130E+07
  0.1325000000E+00  0.1463776862E+07
  0.1327777778E+00  0.1446087605E+07
  0.1330555556E+00  0.1428398337E+07
  0.1333333333E+00  0.1410709069E+07
  0.1336111111E+00  0.1393019802E+07
  0.1338888889E+00  0.1375330534E+07
  0.1341666667E+00  0.1357641277E+07
  0.1344444444E+00  0.1339952009E+07
  0.1347222222E+00  0.1322262708E+07
  0.1350000000E+00  0.1304573441E+07
  0.1352777778E+00  0.1289983636E+07
  0.1355555556E+00  0.1275393821E+07
  0.1358333333E+00  0.1260804017E+07
  0.1361111111E+00  0.1246214202E+07
  0.1363888889E+00  0.1231624387E+07
  0.1366666667E+00  0.1217034582E+07
  0.1369444444E+00  0.1202444767E+07
  0.1372222222E+00  0.1187854964E+07
  0.1375000000E+00  0.1173265125E+07
  0.1377777778E+00  0.1158675311E+07
  0.1380555556E+00  0.1144085496E+07
  0.1383333333E+00  0.1129495691E+07
  0.1386111111E+00  0.1114905876E+07
  0.1388888889E+00  0.1100316071E+07
  0.1391666667E+00  0.1085726256E+07
  0.1394444444E+00  0.1071136453E+07
  0.1397222222E+00  0.1056546648E+07
  0.1400000000E+00  0.1041956800E+07
  0.1402777778E+00  0.1030116740E+07
  0.1405555556E+00  0.1018276668E+07
  0.1408333333E+00  0.1006436586E+07
  0.1411111111E+00  0.9945965261E+06
  0.1413888889E+00  0.9827564540E+06
  0.1416666667E+00  0.9709163720E+06
  0.1419444444E+00  0.9590762787E+06
  0.1422222222E+00  0.9472362401E+06
  0.1425000000E+00  0.9353961581E+06
  0.1427777778E+00  0.9235560748E+06
  0.1430555556E+00  0.9117160028E+06
  0.1433333333E+00  0.8998759297E+06
  0.1436111111E+00  0.8880358542E+06
  0.1438888889E+00  0.8761957822E+06
  0.1441666667E+00  0.8643557091E+06
  0.1444444444E+00  0.8525156370E+06
  0.1447222222E+00  0.8406755650E+06
  0.1450000000E+00  0.8288354884E+06
  0.1452777778E+00  0.8193927752E+06
  0.1455555556E+00  0.8099500620E+06
  0.1458333333E+00  0.8005073555E+06
  0.1461111111E+00  0.7910646423E+06
  0.1463888889E+00  0.7816219246E+06
  0.1466666667E+00  0.7721792170E+06
  0.1469444444E+00  0.7627365016E+06
  0.1472222222E+00  0.7532937972E+06
  0.1475000000E+00  0.7438510796E+06
  0.1477777778E+00  0.7344083642E+06
  0.1480555556E+00  0.7249656599E+06
  0.1483333333E+00  0.7155229422E+06
  0.1486111111E+00  0.7060802268E+06
  0.1488888889E+00  0.6966375225E+06
  0.1491666667E+00  0.6871948049E+06
  0.1494444444E+00  0.6777520994E+06
  0.1497222222E+00  0.6683093851E+06
  0.1500000000E+00  0.6588666664E+06
  0.1502777778E+00  0.6514766157E+06
  0.1505555556E+00  0.6440865637E+06
  0.1508333333E+00  0.6366965130E+06
  0.1511111111E+00  0.6293064577E+06
  0.1513888889E+00  0.6219164058E+06
  0.1516666667E+00  0.6145263551E+06
  0.1519444444E+00  0.6071363032E+06
  0.1522222222E+00  0.5997462512E+06
  0.1525000000E+00  0.5923562005E+06
  0.1527777778E+00  0.5849661452E+06
  0.1530555556E+00  0.5775760944E+06
  0.1533333333E+00  0.5701860426E+06
  0.1536111111E+00  0.5627959906E+06
  0.1538888889E+00  0.5554059398E+06
  0.1541666667E+00  0.5480158880E+06
  0.1544444444E+00  0.5406258327E+06
  0.1547222222E+00  0.5332357819E+06
  0.1550000000E+00  0.5258457301E+06
  0.1552777778E+00  0.5201801813E+06
  0.1555555556E+00  0.5145146425E+06
  0.1558333333E+00  0.5088490927E+06
  0.1561111111E+00  0.5031835439E+06
  0.1563888889E+00  0.4975179951E+06
  0.1566666667E+00  0.4918524464E+06
  0.1569444444E+00  0.4861868965E+06
  0.1572222222E+00  0.4805213477E+06
  0.1575000000E+00  0.4748557990E+06
  0.1577777778E+00  0.4691902503E+06
  0.1580555556E+00  0.4635247014E+06
  0.1583333333E+00  0.4578591616E+06
  0.1586111111E+00  0.4521936162E+06
  0.1588888889E+00  0.4465280673E+06
  0.1591666667E+00  0.4408625186E+06
  0.1594444444E+00  0.4351969688E+06
  0.1597222222E+00  0.4295314201E+06
  0.1600000000E+00  0.4238658712E+06
  0.1602777778E+00  0.4196200653E+06
  0.1605555556E+00  0.4153742582E+06
  0.1608333333E+00  0.4111284482E+06
  0.1611111111E+00  0.4068826402E+06
  0.1613888889E+00  0.4026368311E+06
  0.1616666667E+00  0.3983910232E+06
  0.1619444444E+00  0.3941452184E+06
  0.1622222222E+00  0.3898994094E+06
  0.1625000000E+00  0.3856536014E+06
  0.1627777778E+00  0.3814077935E+06
  0.1630555556E+00  0.3771619854E+06
  0.1633333333E+00  0.3729161763E+06
  0.1636111111E+00  0.3686703684E+06
  0.1638888889E+00  0.3644245604E+06
  0.1641666667E+00  0.3601787546E+06
  0.1644444444E+00  0.3559329466E+06
  0.1647222222E+00  0.3516871387E+06
  0.1650000000E+00  0.3474413295E+06
  0.1652777778E+00  0.3443383220E+06
  0.1655555556E+00  0.3412353168E+06
  0.1658333333E+00  0.3381323082E+06
  0.1661111111E+00  0.3350293029E+06
  0.1663888889E+00  0.3319262953E+06
  0.1666666667E+00  0.3288232867E+06
  0.1669444444E+00  0.3257202814E+06
  0.1672222222E+00  0.3226172739E+06
  0.1675000000E+00  0.3195142686E+06
  0.1677777778E+00  0.3164112600E+06
  0.1680555556E+00  0.3133082558E+06
  0.1683333333E+00  0.3102052472E+06
  0.1686111111E+00  0.3071022385E+06
  0.1688888889E+00  0.3039992333E+06
  0.1691666667E+00  0.3008962247E+06
  0.1694444444E+00  0.2977932216E+06
  0.1697222222E+00  0.2946902129E+06
  0.1700000000E+00  0.2915872043E+06
  0.1702777778E+00  0.2893817727E+06
  0.1705555556E+00  0.2871763387E+06
  0.1708333333E+00  0.2849709071E+06
  0.1711111111E+00  0.2827654723E+06
  0.1713888889E+00  0.2805600383E+06
  0.1716666667E+00  0.2783546067E+06
  0.1719444444E+00  0.2761491718E+06
  0.1722222222E+00  0.2739437368E+06
  0.1725000000E+00  0.2717383062E+06
  0.1727777778E+00  0.2695328713E+06
  0.1730555556E+00  0.2673274396E+06
  0.1733333333E+00  0.2651220058E+06
  0.1736111111E+00  0.2629165708E+06
  0.1738888889E+00  0.2607111392E+06
  0.1741666667E+00  0.2585057053E+06
  0.1744444444E+00  0.2563002704E+06
  0.1747222222E+00  0.2540948387E+06
  0.1750000000E+00  0.2518894048E+06
  0.1752777778E+00  0.2503690279E+06
  0.1755555556E+00  0.2488486499E+06
  0.1758333333E+00  0.2473282751E+06
  0.1761111111E+00  0.2458078992E+06
  0.1763888889E+00  0.2442875211E+06
  0.1766666667E+00  0.2427671442E+06
  0.1769444444E+00  0.2412467662E+06
  0.1772222222E+00  0.2397263914E+06
  0.1775000000E+00  0.2382060155E+06
  0.1777777778E+00  0.2366856365E+06
  0.1780555556E+00  0.2351652606E+06
  0.1783333333E+00  0.2336448826E+06
  0.1786111111E+00  0.2321245078E+06
  0.1788888889E+00  0.2306041319E+06
  0.1791666667E+00  0.2290837528E+06
  0.1794444444E+00  0.2275633769E+06
  0.1797222222E+00  0.2260429988E+06
  0.1800000000E+00  0.2245226230E+06
  0.1802777778E+00  0.2235077008E+06
  0.1805555556E+00  0.2224927776E+06
  0.1808333333E+00  0.2214778510E+06
  0.1811111111E+00  0.2204629277E+06
  0.1813888889E+00  0.2194480055E+06
  0.1816666667E+00  0.2184330822E+06
  0.1819444444E+00  0.2174181600E+06
  0.1822222222E+00  0.2164032367E+06
  0.1825000000E+00  0.2153883112E+06
  0.1827777778E+00  0.2143733879E+06
  0.1830555556E+00  0.2133584647E+06
  0.1833333333E+00  0.2123435414E+06
  0.1836111111E+00  0.2113286192E+06
  0.1838888889E+00  0.2103136959E+06
  0.1841666667E+00  0.2092987704E+06
  0.1844444444E+00  0.2082838471E+06
  0.1847222222E+00  0.2072689249E+06
  0.1850000000E+00  0.2062540016E+06
  0.1852777778E+00  0.2055968136E+06
  0.1855555556E+00  0.2049396245E+06
  0.1858333333E+00  0.2042824331E+06
  0.1861111111E+00  0.2036252462E+06
  0.1863888889E+00  0.2029680581E+06
  0.1866666667E+00  0.2023108700E+06
  0.1869444444E+00  0.2016536787E+06
  0.1872222222E+00  0.2009964906E+06
  0.1875000000E+00  0.2003393025E+06
  0.1877777778E+00  0.1996821156E+06
  0.1880555556E+00  0.1990249275E+06
  0.1883333333E+00  0.1983677361E+06
  0.1886111111E+00  0.1977105471E+06
  0.1888888889E+00  0.1970533590E+06
  0.1891666667E+00  0.1963961710E+06
  0.1894444444E+00  0.1957389840E+06
  0.1897222222E+00  0.1950817926E+06
  0.1900000000E+00  0.1944246045E+06
  0.1902777778E+00  0.1940071630E+06
  0.1905555556E+00  0.1935897192E+06
  0.1908333333E+00  0.1931722754E+06
  0.1911111111E+00  0.1927548338E+06
  0.1913888889E+00  0.1923373910E+06
  0.1916666667E+00  0.1919199494E+06
  0.1919444444E+00  0.1915025057E+06
  0.1922222222E+00  0.1910850619E+06
  0.1925000000E+00  0.1906676203E+06
  0.1927777778E+00  0.1902501765E+06
  0.1930555556E+00  0.1898327350E+06
  0.1933333333E+00  0.1894152912E+06
  0.1936111111E+00  0.1889978463E+06
  0.1938888889E+00  0.1885804068E+06
  0.1941666667E+00  0.1881629630E+06
  0.1944444444E+00  0.1877455214E+06
  0.1947222222E+00  0.1873280777E+06
  0.1950000000E+00  0.1869106327E+06
  0.1952777778E+00  0.1866418955E+06
  0.1955555556E+00  0.1863731539E+06
  0.1958333333E+00  0.1861044122E+06
  0.1961111111E+00  0.1858356706E+06
  0.1963888889E+00  0.1855669322E+06
  0.1966666667E+00  0.1852981906E+06
  0.1969444444E+00  0.1850294500E+06
  0.1972222222E+00  0.1847607107E+06
  0.1975000000E+00  0.1844919701E+06
  0.1977777778E+00  0.1842232274E+06
  0.1980555556E+00  0.1839544858E+06
  0.1983333333E+00  0.1836857485E+06
  0.1986111111E+00  0.1834170058E+06
  0.1988888889E+00  0.1831482652E+06
  0.1991666667E+00  0.1828795258E+06
  0.1994444444E+00  0.1826107852E+06
  0.1997222222E+00  0.1823420425E+06
  0.2000000000E+00  0.1820733019E+06
  0.2002777778E+00  0.1818857585E+06
  0.2005555556E+00  0.1816982106E+06
  0.2008333333E+00  0.1815106638E+06
  0.2011111111E+00  0.1813231171E+06
  0.2013888889E+00  0.1811355736E+06
  0.2016666667E+00  0.1809480258E+06
  0.2019444444E+00  0.1807604789E+06
  0.2022222222E+00  0.1805729311E+06
  0.2025000000E+00  0.1803853843E+06
  0.2027777778E+00  0.1801978408E+06
  0.2030555556E+00  0.1800102930E+06
  0.2033333333E+00  0.1798227462E+06
  0.2036111111E+00  0.1796351995E+06
  0.2038888889E+00  0.1794476560E+06
  0.2041666667E+00  0.1792601081E+06
  0.2044444444E+00  0.1790725613E+06
  0.2047222222E+00  0.1788850145E+06
  0.2050000000E+00  0.1786974667E+06
  0.2052777778E+00  0.1785438082E+06
  0.2055555556E+00  0.1783901463E+06
  0.2058333333E+00  0.1782364868E+06
  0.2061111111E+00  0.1780828250E+06
  0.2063888889E+00  0.1779291665E+06
  0.2066666667E+00  0.1777755036E+06
  0.2069444444E+00  0.1776218451E+06
  0.2072222222E+00  0.1774681822E+06
  0.2075000000E+00  0.1773145204E+06
  0.2077777778E+00  0.1771608619E+06
  0.2080555556E+00  0.1770072001E+06
  0.2083333333E+00  0.1768535406E+06
  0.2086111111E+00  0.1766998787E+06
  0.2088888889E+00  0.1765462202E+06
  0.2091666667E+00  0.1763925573E+06
  0.2094444444E+00  0.1762388988E+06
  0.2097222222E+00  0.1760852360E+06
  0.2100000000E+00  0.1759315775E+06
  0.2102777778E+00  0.1757810387E+06
  0.2105555556E+00  0.1756305012E+06
  0.2108333333E+00  0.1754799647E+06
  0.2111111111E+00  0.1753294283E+06
  0.2113888889E+00  0.1751788875E+06
  0.2116666667E+00  0.1750283521E+06
  0.2119444444E+00  0.1748778146E+06
  0.2122222222E+00  0.1747272792E+06
  0.2125000000E+00  0.1745767417E+06
  0.2127777778E+00  0.1744262018E+06
  0.2130555556E+00  0.1742756654E+06
  0.2133333333E+00  0.1741251289E+06
  0.2136111111E+00  0.1739745925E+06
  0.2138888889E+00  0.1738240560E+06
  0.2141666667E+00  0.1736735163E+06
  0.2144444444E+00  0.1735229798E+06
  0.2147222222E+00  0.1733724423E+06
  0.2150000000E+00  0.1732219059E+06
  0.2152777778E+00  0.1730566914E+06
  0.2155555556E+00  0.1728914802E+06
  0.2158333333E+00  0.1727262657E+06
  0.2161111111E+00  0.1725610546E+06
  0.2163888889E+00  0.1723958401E+06
  0.2166666667E+00  0.1722306289E+06
  0.2169444444E+00  0.1720654178E+06
  0.2172222222E+00  0.1719002033E+06
  0.2175000000E+00  0.1717349911E+06
  0.2177777778E+00  0.1715697766E+06
  0.2180555556E+00  0.1714045655E+06
  0.2183333333E+00  0.1712393510E+06
  0.2186111111E+00  0.1710741398E+06
  0.2188888889E+00  0.1709089242E+06
  0.2191666667E+00  0.1707437131E+06
  0.2194444444E+00  0.1705784986E+06
  0.2197222222E+00  0.1704132874E+06
  0.2200000000E+00  0.1702480729E+06
  0.2202777778E+00  0.1700603934E+06
  0.2205555556E+00  0.1698727104E+06
  0.2208333333E+00  0.1696850298E+06
  0.2211111111E+00  0.1694973468E+06
  0.2213888889E+00  0.1693096673E+06
  0.2216666667E+00  0.1691219843E+06
  0.2219444444E+00  0.1689343047E+06
  0.2222222222E+00  0.1687466207E+06
  0.2225000000E+00  0.1685589410E+06
  0.2227777778E+00  0.1683712582E+06
  0.2230555556E+00  0.1681835752E+06
  0.2233333333E+00  0.1679958955E+06
  0.2236111111E+00  0.1678082116E+06
  0.2238888889E+00  0.1676205330E+06
  0.2241666667E+00  0.1674328491E+06
  0.2244444444E+00  0.1672451694E+06
  0.2247222222E+00  0.1670574864E+06
  0.2250000000E+00  0.1668698069E+06
  0.2252777778E+00  0.1666586982E+06
  0.2255555556E+00  0.1664475885E+06
  0.2258333333E+00  0.1662364843E+06
  0.2261111111E+00  0.1660253756E+06
  0.2263888889E+00  0.1658142669E+06
  0.2266666667E+00  0.1656031583E+06
  0.2269444444E+00  0.1653920529E+06
  0.2272222222E+00  0.1651809453E+06
  0.2275000000E+00  0.1649698356E+06
  0.2277777778E+00  0.1647587302E+06
  0.2280555556E+00  0.1645476227E+06
  0.2283333333E+00  0.1643365130E+06
  0.2286111111E+00  0.1641254087E+06
  0.2288888889E+00  0.1639143000E+06
  0.2291666667E+00  0.1637031903E+06
  0.2294444444E+00  0.1634920861E+06
  0.2297222222E+00  0.1632809774E+06
  0.2300000000E+00  0.1630698676E+06
  0.2302777778E+00  0.1628390829E+06
  0.2305555556E+00  0.1626082927E+06
  0.2308333333E+00  0.1623775069E+06
  0.2311111111E+00  0.1621467188E+06
  0.2313888889E+00  0.1619159320E+06
  0.2316666667E+00  0.1616851428E+06
  0.2319444444E+00  0.1614543570E+06
  0.2322222222E+00  0.1612235678E+06
  0.2325000000E+00  0.1609927820E+06
  0.2327777778E+00  0.1607619929E+06
  0.2330555556E+00  0.1605312071E+06
  0.2333333333E+00  0.1603004169E+06
  0.2336111111E+00  0.1600696321E+06
  0.2338888889E+00  0.1598388429E+06
  0.2341666667E+00  0.1596080561E+06
  0.2344444444E+00  0.1593772669E+06
  0.2347222222E+00  0.1591464812E+06
  0.2350000000E+00  0.1589156920E+06
  0.2352777778E+00  0.1586713850E+06
  0.2355555556E+00  0.1584270725E+06
  0.2358333333E+00  0.1581827655E+06
  0.2361111111E+00  0.1579384531E+06
  0.2363888889E+00  0.1576941427E+06
  0.2366666667E+00  0.1574498336E+06
  0.2369444444E+00  0.1572055233E+06
  0.2372222222E+00  0.1569612163E+06
  0.2375000000E+00  0.1567169038E+06
  0.2377777778E+00  0.1564725968E+06
  0.2380555556E+00  0.1562282844E+06
  0.2383333333E+00  0.1559839774E+06
  0.2386111111E+00  0.1557396649E+06
  0.2388888889E+00  0.1554953579E+06
  0.2391666667E+00  0.1552510465E+06
  0.2394444444E+00  0.1550067385E+06
  0.2397222222E+00  0.1547624270E+06
  0.2400000000E+00  0.1545181190E+06
  0.2402777778E+00  0.1542673816E+06
  0.2405555556E+00  0.1540166465E+06
  0.2408333333E+00  0.1537659091E+06
  0.2411111111E+00  0.1535151706E+06
  0.2413888889E+00  0.1532644365E+06
  0.2416666667E+00  0.1530136981E+06
  0.2419444444E+00  0.1527629595E+06
  0.2422222222E+00  0.1525122244E+06
  0.2425000000E+00  0.1522614860E+06
  0.2427777778E+00  0.1520107486E+06
  0.2430555556E+00  0.1517600135E+06
  0.2433333333E+00  0.1515092760E+06
  0.2436111111E+00  0.1512585376E+06
  0.2438888889E+00  0.1510078035E+06
  0.2441666667E+00  0.1507570651E+06
  0.2444444444E+00  0.1505063276E+06
  0.2447222222E+00  0.1502555925E+06
  0.2450000000E+00  0.1500048551E+06
  0.2452777778E+00  0.1497545522E+06
  0.2455555556E+00  0.1495042502E+06
  0.2458333333E+00  0.1492539473E+06
  0.2461111111E+00  0.1490036420E+06
  0.2463888889E+00  0.1487533400E+06
  0.2466666667E+00  0.1485030371E+06
  0.2469444444E+00  0.1482527352E+06
  0.2472222222E+00  0.1480024322E+06
  0.2475000000E+00  0.1477521303E+06
  0.2477777778E+00  0.1475018283E+06
  0.2480555556E+00  0.1472515232E+06
  0.2483333333E+00  0.1470012212E+06
  0.2486111111E+00  0.1467509183E+06
  0.2488888889E+00  0.1465006163E+06
  0.2491666667E+00  0.1462503144E+06
  0.2494444444E+00  0.1460000114E+06
  0.2497222222E+00  0.1457497095E+06
  0.2500000000E+00  0.1454994032E+06
  0.2502777778E+00  0.1452552846E+06
  0.2505555556E+00  0.1450111648E+06
  0.2508333333E+00  0.1447670450E+06
  0.2511111111E+00  0.1445229253E+06
  0.2513888889E+00  0.1442788056E+06
  0.2516666667E+00  0.1440346891E+06
  0.2519444444E+00  0.1437905705E+06
  0.2522222222E+00  0.1435464497E+06
  0.2525000000E+00  0.1433023310E+06
  0.2527777778E+00  0.1430582112E+06
  0.2530555556E+00  0.1428140915E+06
  0.2533333333E+00  0.1425699718E+06
  0.2536111111E+00  0.1423258520E+06
  0.2538888889E+00  0.1420817334E+06
  0.2541666667E+00  0.1418376136E+06
  0.2544444444E+00  0.1415934928E+06
  0.2547222222E+00  0.1413493741E+06
  0.2550000000E+00  0.1411052544E+06
  0.2552777778E+00  0.1408716715E+06
  0.2555555556E+00  0.1406380929E+06
  0.2558333333E+00  0.1404045100E+06
  0.2561111111E+00  0.1401709271E+06
  0.2563888889E+00  0.1399373486E+06
  0.2566666667E+00  0.1397037657E+06
  0.2569444444E+00  0.1394701838E+06
  0.2572222222E+00  0.1392366042E+06
  0.2575000000E+00  0.1390030213E+06
  0.2577777778E+00  0.1387694428E+06
  0.2580555556E+00  0.1385358599E+06
  0.2583333333E+00  0.1383022780E+06
  0.2586111111E+00  0.1380686984E+06
  0.2588888889E+00  0.1378351155E+06
  0.2591666667E+00  0.1376015336E+06
  0.2594444444E+00  0.1373679541E+06
  0.2597222222E+00  0.1371343722E+06
  0.2600000000E+00  0.1369007882E+06
  0.2602777778E+00  0.1366802969E+06
  0.2605555556E+00  0.1364598000E+06
  0.2608333333E+00  0.1362393043E+06
  0.2611111111E+00  0.1360188075E+06
  0.2613888889E+00  0.1357983107E+06
  0.2616666667E+00  0.1355778150E+06
  0.2619444444E+00  0.1353573181E+06
  0.2622222222E+00  0.1351368213E+06
  0.2625000000E+00  0.1349163289E+06
  0.2627777778E+00  0.1346958321E+06
  0.2630555556E+00  0.1344753364E+06
  0.2633333333E+00  0.1342548406E+06
  0.2636111111E+00  0.1340343437E+06
  0.2638888889E+00  0.1338138480E+06
  0.2641666667E+00  0.1335933512E+06
  0.2644444444E+00  0.1333728555E+06
  0.2647222222E+00  0.1331523586E+06
  0.2650000000E+00  0.1329318638E+06
  0.2652777778E+00  0.1327253790E+06
  0.2655555556E+00  0.1325188935E+06
  0.2658333333E+00  0.1323124087E+06
  0.2661111111E+00  0.1321059242E+06
  0.2663888889E+00  0.1318994384E+06
  0.2666666667E+00  0.1316929539E+06
  0.2669444444E+00  0.1314864681E+06
  0.2672222222E+00  0.1312799836E+06
  0.2675000000E+00  0.1310734988E+06
  0.2677777778E+00  0.1308670130E+06
  0.2680555556E+00  0.1306605286E+06
  0.2683333333E+00  0.1304540437E+06
  0.2686111111E+00  0.1302475583E+06
  0.2688888889E+00  0.1300410735E+06
  0.2691666667E+00  0.1298345880E+06
  0.2694444444E+00  0.1296281032E+06
  0.2697222222E+00  0.1294216176E+06
  0.2700000000E+00  0.1292151318E+06
  0.2702777778E+00  0.1290221299E+06
  0.2705555556E+00  0.1288291278E+06
  0.2708333333E+00  0.1286361260E+06
  0.2711111111E+00  0.1284431231E+06
  0.2713888889E+00  0.1282501199E+06
  0.2716666667E+00  0.1280571181E+06
  0.2719444444E+00  0.1278641162E+06
  0.2722222222E+00  0.1276711141E+06
  0.2725000000E+00  0.1274781113E+06
  0.2727777778E+00  0.1272851083E+06
  0.2730555556E+00  0.1270921062E+06
  0.2733333333E+00  0.1268991043E+06
  0.2736111111E+00  0.1267061025E+06
  0.2738888889E+00  0.1265130982E+06
  0.2741666667E+00  0.1263200964E+06
  0.2744444444E+00  0.1261270946E+06
  0.2747222222E+00  0.1259340925E+06
  0.2750000000E+00  0.1257410906E+06
  0.2752777778E+00  0.1255597945E+06
  0.2755555556E+00  0.1253784984E+06
  0.2758333333E+00  0.1251972023E+06
  0.2761111111E+00  0.1250159084E+06
  0.2763888889E+00  0.1248346123E+06
  0.2766666667E+00  0.1246533158E+06
  0.2769444444E+00  0.1244720209E+06
  0.2772222222E+00  0.1242907258E+06
  0.2775000000E+00  0.1241094297E+06
  0.2777777778E+00  0.1239281347E+06
  0.2780555556E+00  0.1237468386E+06
  0.2783333333E+00  0.1235655435E+06
  0.2786111111E+00  0.1233842474E+06
  0.2788888889E+00  0.1232029524E+06
  0.2791666667E+00  0.1230216573E+06
  0.2794444444E+00  0.1228403616E+06
  0.2797222222E+00  0.1226590658E+06
  0.2800000000E+00  0.1224777697E+06
  0.2802777778E+00  0.1223055842E+06
  0.2805555556E+00  0.1221333974E+06
  0.2808333333E+00  0.1219612117E+06
  0.2811111111E+00  0.1217890252E+06
  0.2813888889E+00  0.1216168384E+06
  0.2816666667E+00  0.1214446527E+06
  0.2819444444E+00  0.1212724662E+06
  0.2822222222E+00  0.1211002804E+06
  0.2825000000E+00  0.1209280936E+06
  0.2827777778E+00  0.1207559072E+06
  0.2830555556E+00  0.1205837214E+06
  0.2833333333E+00  0.1204115346E+06
  0.2836111111E+00  0.1202393492E+06
  0.2838888889E+00  0.1200671624E+06
  0.2841666667E+00  0.1198949756E+06
  0.2844444444E+00  0.1197227902E+06
  0.2847222222E+00  0.1195506034E+06
  0.2850000000E+00  0.1193784176E+06
  0.2852777778E+00  0.1192123194E+06
  0.2855555556E+00  0.1190462222E+06
  0.2858333333E+00  0.1188801247E+06
  0.2861111111E+00  0.1187140274E+06
  0.2863888889E+00  0.1185479292E+06
  0.2866666667E+00  0.1183818320E+06
  0.2869444444E+00  0.1182157345E+06
  0.2872222222E+00  0.1180496363E+06
  0.2875000000E+00  0.1178835390E+06
  0.2877777778E+00  0.1177174418E+06
  0.2880555556E+00  0.1175513442E+06
  0.2883333333E+00  0.1173852460E+06
  0.2886111111E+00  0.1172191488E+06
  0.2888888889E+00  0.1170530516E+06
  0.2891666667E+00  0.1168869533E+06
  0.2894444444E+00  0.1167208558E+06
  0.2897222222E+00  0.1165547585E+06
  0.2900000000E+00  0.1163886604E+06
  0.2902777778E+00  0.1162254146E+06
  0.2905555556E+00  0.1160621688E+06
  0.2908333333E+00  0.1158989234E+06
  0.2911111111E+00  0.1157356766E+06
  0.2913888889E+00  0.1155724308E+06
  0.2916666667E+00  0.1154091850E+06
  0.2919444444E+00  0.1152459386E+06
  0.2922222222E+00  0.1150826929E+06
  0.2925000000E+00  0.1149194471E+06
  0.2927777778E+00  0.1147562004E+06
  0.2930555556E+00  0.1145929546E+06
  0.2933333333E+00  0.1144297091E+06
  0.2936111111E+00  0.1142664623E+06
  0.2938888889E+00  0.1141032166E+06
  0.2941666667E+00  0.1139399708E+06
  0.2944444444E+00  0.1137767254E+06
  0.2947222222E+00  0.1136134787E+06
  0.2950000000E+00  0.1134502329E+06
  0.2952777778E+00  0.1132869550E+06
  0.2955555556E+00  0.1131236783E+06
  0.2958333333E+00  0.1129604005E+06
  0.2961111111E+00  0.1127971236E+06
  0.2963888889E+00  0.1126338457E+06
  0.2966666667E+00  0.1124705688E+06
  0.2969444444E+00  0.1123072910E+06
  0.2972222222E+00  0.1121440133E+06
  0.2975000000E+00  0.1119807364E+06
  0.2977777778E+00  0.1118174586E+06
  0.2980555556E+00  0.1116541817E+06
  0.2983333333E+00  0.1114909038E+06
  0.2986111111E+00  0.1113276272E+06
  0.2988888889E+00  0.1111643493E+06
  0.2991666667E+00  0.1110010714E+06
  0.2994444444E+00  0.1108377945E+06
  0.2997222222E+00  0.1106745167E+06
  0.3000000000E+00  0.1105112398E+06
  0.3002777778E+00  0.1103454121E+06
  0.3005555556E+00  0.1101795856E+06
  0.3008333333E+00  0.1100137591E+06
  0.3011111111E+00  0.1098479323E+06
  0.3013888889E+00  0.1096821048E+06
  0.3016666667E+00  0.1095162782E+06
  0.3019444444E+00  0.1093504516E+06
  0.3022222222E+00  0.1091846238E+06
  0.3025000000E+00  0.1090187972E+06
  0.3027777778E+00  0.1088529707E+06
  0.3030555556E+00  0.1086871432E+06
  0.3033333333E+00  0.1085213164E+06
  0.3036111111E+00  0.1083554897E+06
  0.3038888889E+00  0.1081896632E+06
  0.3041666667E+00  0.1080238357E+06
  0.3044444444E+00  0.1078580089E+06
  0.3047222222E+00  0.1076921823E+06
  0.3050000000E+00  0.1075263547E+06
  0.3052777778E+00  0.1073561496E+06
  0.3055555556E+00  0.1071859448E+06
  0.3058333333E+00  0.1070157387E+06
  0.3061111111E+00  0.1068455338E+06
  0.3063888889E+00  0.1066753287E+06
  0.3066666667E+00  0.1065051230E+06
  0.3069444444E+00  0.1063349182E+06
  0.3072222222E+00  0.1061647121E+06
  0.3075000000E+00  0.1059945072E+06
  0.3077777778E+00  0.1058243021E+06
  0.3080555556E+00  0.1056540963E+06
  0.3083333333E+00  0.1054838912E+06
  0.3086111111E+00  0.1053136863E+06
  0.3088888889E+00  0.1051434802E+06
  0.3091666667E+00  0.1049732754E+06
  0.3094444444E+00  0.1048030707E+06
  0.3097222222E+00  0.1046328644E+06
  0.3100000000E+00  0.1044626597E+06
  0.3102777778E+00  0.1042870577E+06
  0.3105555556E+00  0.1041114557E+06
  0.3108333333E+00  0.1039358538E+06
  0.3111111111E+00  0.1037602522E+06
  0.3113888889E+00  0.1035846502E+06
  0.3116666667E+00  0.1034090472E+06
  0.3119444444E+00  0.1032334452E+06
  0.3122222222E+00  0.1030578437E+06
  0.3125000000E+00  0.1028822417E+06
  0.3127777778E+00  0.1027066397E+06
  0.3130555556E+00  0.1025310377E+06
  0.3133333333E+00  0.1023554361E+06
  0.3136111111E+00  0.1021798342E+06
  0.3138888889E+00  0.1020042322E+06
  0.3141666667E+00  0.1018286302E+06
  0.3144444444E+00  0.1016530286E+06
  0.3147222222E+00  0.1014774266E+06
  0.3150000000E+00  0.1013018247E+06
  0.3152777778E+00  0.1011207154E+06
  0.3155555556E+00  0.1009396048E+06
  0.3158333333E+00  0.1007584953E+06
  0.3161111111E+00  0.1005773860E+06
  0.3163888889E+00  0.1003962764E+06
  0.3166666667E+00  0.1002151662E+06
  0.3169444444E+00  0.1000340567E+06
  0.3172222222E+00  0.9985294733E+05
  0.3175000000E+00  0.9967183778E+05
  0.3177777778E+00  0.9949072756E+05
  0.3180555556E+00  0.9930961790E+05
  0.3183333333E+00  0.9912850835E+05
  0.3186111111E+00  0.9894739914E+05
  0.3188888889E+00  0.9876628847E+05
  0.3191666667E+00  0.9858517927E+05
  0.3194444444E+00  0.9840406972E+05
  0.3197222222E+00  0.9822296039E+05
  0.3200000000E+00  0.9804184984E+05
  0.3202777778E+00  0.9785588621E+05
  0.3205555556E+00  0.9766992258E+05
  0.3208333333E+00  0.9748395794E+05
  0.3211111111E+00  0.9729799433E+05
  0.3213888889E+00  0.9711202981E+05
  0.3216666667E+00  0.9692606584E+05
  0.3219444444E+00  0.9674010221E+05
  0.3222222222E+00  0.9655413758E+05
  0.3225000000E+00  0.9636817395E+05
  0.3227777778E+00  0.9618221032E+05
  0.3230555556E+00  0.9599624570E+05
  0.3233333333E+00  0.9581028207E+05
  0.3236111111E+00  0.9562431744E+05
  0.3238888889E+00  0.9543835381E+05
  0.3241666667E+00  0.9525239017E+05
  0.3244444444E+00  0.9506642521E+05
  0.3247222222E+00  0.9488046159E+05
  0.3250000000E+00  0.9469449807E+05
  0.3252777778E+00  0.9450527610E+05
  0.3255555556E+00  0.9431605513E+05
  0.3258333333E+00  0.9412683416E+05
  0.3261111111E+00  0.9393761286E+05
  0.3263888889E+00  0.9374839188E+05
  0.3266666667E+00  0.9355917092E+05
  0.3269444444E+00  0.9336994994E+05
  0.3272222222E+00  0.9318072864E+05
  0.3275000000E+00  0.9299150767E+05
  0.3277777778E+00  0.9280228570E+05
  0.3280555556E+00  0.9261306471E+05
  0.3283333333E+00  0.9242384386E+05
  0.3286111111E+00  0.9223462255E+05
  0.3288888889E+00  0.9204540158E+05
  0.3291666667E+00  0.9185618061E+05
  0.3294444444E+00  0.9166695964E+05
  0.3297222222E+00  0.9147773833E+05
  0.3300000000E+00  0.9128851736E+05
  0.3302777778E+00  0.9109819831E+05
  0.3305555556E+00  0.9090787936E+05
  0.3308333333E+00  0.9071756130E+05
  0.3311111111E+00  0.9052724223E+05
  0.3313888889E+00  0.9033692318E+05
  0.3316666667E+00  0.9014660523E+05
  0.3319444444E+00  0.8995628617E+05
  0.3322222222E+00  0.8976596812E+05
  0.3325000000E+00  0.8957564916E+05
  0.3327777778E+00  0.8938533010E+05
  0.3330555556E+00  0.8919501204E+05
  0.3333333333E+00  0.8900469298E+05
  0.3336111111E+00  0.8881437404E+05
  0.3338888889E+00  0.8862405597E+05
  0.3341666667E+00  0.8843373691E+05
  0.3344444444E+00  0.8824341897E+05
  0.3347222222E+00  0.8805309991E+05
  0.3350000000E+00  0.8786278084E+05
  0.3352777778E+00  0.8767416316E+05
  0.3355555556E+00  0.8748554415E+05
  0.3358333333E+00  0.8729692536E+05
  0.3361111111E+00  0.8710830668E+05
  0.3363888889E+00  0.8691968801E+05
  0.3366666667E+00  0.8673106888E+05
  0.3369444444E+00  0.8654245120E+05
  0.3372222222E+00  0.8635383252E+05
  0.3375000000E+00  0.8616521373E+05
  0.3377777778E+00  0.8597659472E+05
  0.3380555556E+00  0.8578797603E+05
  0.3383333333E+00  0.8559935735E+05
  0.3386111111E+00  0.8541073957E+05
  0.3388888889E+00  0.8522212056E+05
  0.3391666667E+00  0.8503350188E+05
  0.3394444444E+00  0.8484488309E+05
  0.3397222222E+00  0.8465626440E+05
  0.3400000000E+00  0.8446764639E+05
  0.3402777778E+00  0.8428389546E+05
  0.3405555556E+00  0.8410014453E+05
  0.3408333333E+00  0.8391639425E+05
  0.3411111111E+00  0.8373264344E+05
  0.3413888889E+00  0.8354889316E+05
  0.3416666667E+00  0.8336514223E+05
  0.3419444444E+00  0.8318139196E+05
  0.3422222222E+00  0.8299764102E+05
  0.3425000000E+00  0.8281389087E+05
  0.3427777778E+00  0.8263013994E+05
  0.3430555556E+00  0.8244638966E+05
  0.3433333333E+00  0.8226263873E+05
  0.3436111111E+00  0.8207888746E+05
  0.3438888889E+00  0.8189513763E+05
  0.3441666667E+00  0.8171138637E+05
  0.3444444444E+00  0.8152763644E+05
  0.3447222222E+00  0.8134388516E+05
  0.3450000000E+00  0.8116013534E+05
  0.3452777778E+00  0.8098460423E+05
  0.3455555556E+00  0.8080907210E+05
  0.3458333333E+00  0.8063354099E+05
  0.3461111111E+00  0.8045800988E+05
  0.3463888889E+00  0.8028247888E+05
  0.3466666667E+00  0.8010694776E+05
  0.3469444444E+00  0.7993141664E+05
  0.3472222222E+00  0.7975588452E+05
  0.3475000000E+00  0.7958035341E+05
  0.3477777778E+00  0.7940482241E+05
  0.3480555556E+00  0.7922929129E+05
  0.3483333333E+00  0.7905376017E+05
  0.3486111111E+00  0.7887822906E+05
  0.3488888889E+00  0.7870269761E+05
  0.3491666667E+00  0.7852716550E+05
  0.3494444444E+00  0.7835163449E+05
  0.3497222222E+00  0.7817610337E+05
  0.3500000000E+00  0.7800057226E+05
  0.3502777778E+00  0.7783663790E+05
  0.3505555556E+00  0.7767270253E+05
  0.3508333333E+00  0.7750876816E+05
  0.3511111111E+00  0.7734483380E+05
  0.3513888889E+00  0.7718089932E+05
  0.3516666667E+00  0.7701696363E+05
  0.3519444444E+00  0.7685302926E+05
  0.3522222222E+00  0.7668909489E+05
  0.3525000000E+00  0.7652516053E+05
  0.3527777778E+00  0.7636122517E+05
  0.3530555556E+00  0.7619729081E+05
  0.3533333333E+00  0.7603335644E+05
  0.3536111111E+00  0.7586942163E+05
  0.3538888889E+00  0.7570548726E+05
  0.3541666667E+00  0.7554155190E+05
  0.3544444444E+00  0.7537761754E+05
  0.3547222222E+00  0.7521368317E+05
  0.3550000000E+00  0.7504974880E+05
  0.3552777778E+00  0.7490061435E+05
  0.3555555556E+00  0.7475148089E+05
  0.3558333333E+00  0.7460234744E+05
  0.3561111111E+00  0.7445321298E+05
  0.3563888889E+00  0.7430407953E+05
  0.3566666667E+00  0.7415494641E+05
  0.3569444444E+00  0.7400581207E+05
  0.3572222222E+00  0.7385667861E+05
  0.3575000000E+00  0.7370754516E+05
  0.3577777778E+00  0.7355841070E+05
  0.3580555556E+00  0.7340927725E+05
  0.3583333333E+00  0.7326014379E+05
  0.3586111111E+00  0.7311100967E+05
  0.3588888889E+00  0.7296187622E+05
  0.3591666667E+00  0.7281274276E+05
  0.3594444444E+00  0.7266360931E+05
  0.3597222222E+00  0.7251447496E+05
  0.3600000000E+00  0.7236534151E+05
  0.3602777778E+00  0.7223385368E+05
  0.3605555556E+00  0.7210236652E+05
  0.3608333333E+00  0.7197087886E+05
  0.3611111111E+00  0.7183939119E+05
  0.3613888889E+00  0.7170790353E+05
  0.3616666667E+00  0.7157641587E+05
  0.3619444444E+00  0.7144492830E+05
  0.3622222222E+00  0.7131344097E+05
  0.3625000000E+00  0.7118195341E+05
  0.3627777778E+00  0.7105046576E+05
  0.3630555556E+00  0.7091897809E+05
  0.3633333333E+00  0.7078749053E+05
  0.3636111111E+00  0.7065600287E+05
  0.3638888889E+00  0.7052451531E+05
  0.3641666667E+00  0.7039302797E+05
  0.3644444444E+00  0.7026154042E+05
  0.3647222222E+00  0.7013005276E+05
  0.3650000000E+00  0.6999856510E+05
  0.3652777778E+00  0.6988708876E+05
  0.3655555556E+00  0.6977561209E+05
  0.3658333333E+00  0.6966413577E+05
  0.3661111111E+00  0.6955265910E+05
  0.3663888889E+00  0.6944118277E+05
  0.3666666667E+00  0.6932970632E+05
  0.3669444444E+00  0.6921822966E+05
  0.3672222222E+00  0.6910675334E+05
  0.3675000000E+00  0.6899527667E+05
  0.3677777778E+00  0.6888380034E+05
  0.3680555556E+00  0.6877232356E+05
  0.3683333333E+00  0.6866084723E+05
  0.3686111111E+00  0.6854937101E+05
  0.3688888889E+00  0.6843789435E+05
  0.3691666667E+00  0.6832641790E+05
  0.3694444444E+00  0.6821494124E+05
  0.3697222222E+00  0.6810346492E+05
  0.3700000000E+00  0.6799198825E+05
  0.3702777778E+00  0.6790225653E+05
  0.3705555556E+00  0.6781252493E+05
  0.3708333333E+00  0.6772279322E+05
  0.3711111111E+00  0.6763306162E+05
  0.3713888889E+00  0.6754332957E+05
  0.3716666667E+00  0.6745359797E+05
  0.3719444444E+00  0.6736386637E+05
  0.3722222222E+00  0.6727413465E+05
  0.3725000000E+00  0.6718440305E+05
  0.3727777778E+00  0.6709467101E+05
  0.3730555556E+00  0.6700493941E+05
  0.3733333333E+00  0.6691520769E+05
  0.3736111111E+00  0.6682547609E+05
  0.3738888889E+00  0.6673574438E+05
  0.3741666667E+00  0.6664601244E+05
  0.3744444444E+00  0.6655628073E+05
  0.3747222222E+00  0.6646654913E+05
  0.3750000000E+00  0.6637681741E+05
  0.3752777778E+00  0.6630990403E+05
  0.3755555556E+00  0.6624299088E+05
  0.3758333333E+00  0.6617607760E+05
  0.3761111111E+00  0.6610916423E+05
  0.3763888889E+00  0.6604225106E+05
  0.3766666667E+00  0.6597533779E+05
  0.3769444444E+00  0.6590842463E+05
  0.3772222222E+00  0.6584151126E+05
  0.3775000000E+00  0.6577459819E+05
  0.3777777778E+00  0.6570768482E+05
  0.3780555556E+00  0.6564077143E+05
  0.3783333333E+00  0.6557385839E+05
  0.3786111111E+00  0.6550694490E+05
  0.3788888889E+00  0.6544003195E+05
  0.3791666667E+00  0.6537311846E+05
  0.3794444444E+00  0.6530620509E+05
  0.3797222222E+00  0.6523929203E+05
  0.3800000000E+00  0.6517237865E+05
  0.3802777778E+00  0.6512853841E+05
  0.3805555556E+00  0.6508469773E+05
  0.3808333333E+00  0.6504085727E+05
  0.3811111111E+00  0.6499701659E+05
  0.3813888889E+00  0.6495317635E+05
  0.3816666667E+00  0.6490933577E+05
  0.3819444444E+00  0.6486549521E+05
  0.3822222222E+00  0.6482165462E+05
  0.3825000000E+00  0.6477781428E+05
  0.3827777778E+00  0.6473397382E+05
  0.3830555556E+00  0.6469013314E+05
  0.3833333333E+00  0.6464629257E+05
  0.3836111111E+00  0.6460245233E+05
  0.3838888889E+00  0.6455861176E+05
  0.3841666667E+00  0.6451477119E+05
  0.3844444444E+00  0.6447093050E+05
  0.3847222222E+00  0.6442709037E+05
  0.3850000000E+00  0.6438324979E+05
  0.3852777778E+00  0.6436208201E+05
  0.3855555556E+00  0.6434091432E+05
  0.3858333333E+00  0.6431974675E+05
  0.3861111111E+00  0.6429857905E+05
  0.3863888889E+00  0.6427741136E+05
  0.3866666667E+00  0.6425624367E+05
  0.3869444444E+00  0.6423507598E+05
  0.3872222222E+00  0.6421390841E+05
  0.3875000000E+00  0.6419274071E+05
  0.3877777778E+00  0.6417157303E+05
  0.3880555556E+00  0.6415040533E+05
  0.3883333333E+00  0.6412923766E+05
  0.3886111111E+00  0.6410806997E+05
  0.3888888889E+00  0.6408690228E+05
  0.3891666667E+00  0.6406573459E+05
  0.3894444444E+00  0.6404456702E+05
  0.3897222222E+00  0.6402339932E+05
  0.3900000000E+00  0.6400223164E+05
  0.3902777778E+00  0.6400248899E+05
  0.3905555556E+00  0.6400274644E+05
  0.3908333333E+00  0.6400300368E+05
  0.3911111111E+00  0.6400326114E+05
  0.3913888889E+00  0.6400351816E+05
  0.3916666667E+00  0.6400377540E+05
  0.3919444444E+00  0.6400403286E+05
  0.3922222222E+00  0.6400429021E+05
  0.3925000000E+00  0.6400454766E+05
  0.3927777778E+00  0.6400480490E+05
  0.3930555556E+00  0.6400506236E+05
  0.3933333333E+00  0.6400531938E+05
  0.3936111111E+00  0.6400557662E+05
  0.3938888889E+00  0.6400583408E+05
  0.3941666667E+00  0.6400609143E+05
  0.3944444444E+00  0.6400634888E+05
  0.3947222222E+00  0.6400660612E+05
  0.3950000000E+00  0.6400686348E+05
  0.3952777778E+00  0.6402671565E+05
  0.3955555556E+00  0.6404656784E+05
  0.3958333333E+00  0.6406642026E+05
  0.3961111111E+00  0.6408627233E+05
  0.3963888889E+00  0.6410612440E+05
  0.3966666667E+00  0.6412597693E+05
  0.3969444444E+00  0.6414582901E+05
  0.3972222222E+00  0.6416568107E+05
  0.3975000000E+00  0.6418553349E+05
  0.3977777778E+00  0.6420538557E+05
  0.3980555556E+00  0.6422523776E+05
  0.3983333333E+00  0.6424509016E+05
  0.3986111111E+00  0.6426494224E+05
  0.3988888889E+00  0.6428479465E+05
  0.3991666667E+00  0.6430464693E+05
  0.3994444444E+00  0.6432449901E+05
  0.3997222222E+00  0.6434435142E+05
  0.4000000000E+00  0.6436420349E+05
  0.4002777778E+00  0.6440117956E+05
  0.4005555556E+00  0.6443815585E+05
  0.4008333333E+00  0.6447513181E+05
  0.4011111111E+00  0.6451210777E+05
  0.4013888889E+00  0.6454908417E+05
  0.4016666667E+00  0.6458606013E+05
  0.4019444444E+00  0.6462303608E+05
  0.4022222222E+00  0.6466001237E+05
  0.4025000000E+00  0.6469698833E+05
  0.4027777778E+00  0.6473396440E+05
  0.4030555556E+00  0.6477094069E+05
  0.4033333333E+00  0.6480791665E+05
  0.4036111111E+00  0.6484489260E+05
  0.4038888889E+00  0.6488186900E+05
  0.4041666667E+00  0.6491884496E+05
  0.4044444444E+00  0.6495582091E+05
  0.4047222222E+00  0.6499279720E+05
  0.4050000000E+00  0.6502977316E+05
  0.4052777778E+00  0.6508096873E+05
  0.4055555556E+00  0.6513216474E+05
  0.4058333333E+00  0.6518336031E+05
  0.4061111111E+00  0.6523455632E+05
  0.4063888889E+00  0.6528575187E+05
  0.4066666667E+00  0.6533694778E+05
  0.4069444444E+00  0.6538814334E+05
  0.4072222222E+00  0.6543933891E+05
  0.4075000000E+00  0.6549053492E+05
  0.4077777778E+00  0.6554173049E+05
  0.4080555556E+00  0.6559292649E+05
  0.4083333333E+00  0.6564412207E+05
  0.4086111111E+00  0.6569531797E+05
  0.4088888889E+00  0.6574651353E+05
  0.4091666667E+00  0.6579770911E+05
  0.4094444444E+00  0.6584890511E+05
  0.4097222222E+00  0.6590010068E+05
  0.4100000000E+00  0.6595129669E+05
  0.4102777778E+00  0.6601347099E+05
  0.4105555556E+00  0.6607564529E+05
  0.4108333333E+00  0.6613782015E+05
  0.4111111111E+00  0.6619999444E+05
  0.4113888889E+00  0.6626216909E+05
  0.4116666667E+00  0.6632434348E+05
  0.4119444444E+00  0.6638651790E+05
  0.4122222222E+00  0.6644869253E+05
  0.4125000000E+00  0.6651086684E+05
  0.4127777778E+00  0.6657304124E+05
  0.4130555556E+00  0.6663521599E+05
  0.4133333333E+00  0.6669739030E+05
  0.4136111111E+00  0.6675956503E+05
  0.4138888889E+00  0.6682173934E+05
  0.4141666667E+00  0.6688391374E+05
  0.4144444444E+00  0.6694608849E+05
  0.4147222222E+00  0.6700826279E+05
  0.4150000000E+00  0.6707043742E+05
  0.4152777778E+00  0.6714015879E+05
  0.4155555556E+00  0.6720988016E+05
  0.4158333333E+00  0.6727960143E+05
  0.4161111111E+00  0.6734932280E+05
  0.4163888889E+00  0.6741904407E+05
  0.4166666667E+00  0.6748876533E+05
  0.4169444444E+00  0.6755848704E+05
  0.4172222222E+00  0.6762820840E+05
  0.4175000000E+00  0.6769792966E+05
  0.4177777778E+00  0.6776765093E+05
  0.4180555556E+00  0.6783737231E+05
  0.4183333333E+00  0.6790709357E+05
  0.4186111111E+00  0.6797681528E+05
  0.4188888889E+00  0.6804653664E+05
  0.4191666667E+00  0.6811625790E+05
  0.4194444444E+00  0.6818597918E+05
  0.4197222222E+00  0.6825570054E+05
  0.4200000000E+00  0.6832542181E+05
  0.4202777778E+00  0.6839924027E+05
  0.4205555556E+00  0.6847305916E+05
  0.4208333333E+00  0.6854687761E+05
  0.4211111111E+00  0.6862069607E+05
  0.4213888889E+00  0.6869451463E+05
  0.4216666667E+00  0.6876833342E+05
  0.4219444444E+00  0.6884215188E+05
  0.4222222222E+00  0.6891597034E+05
  0.4225000000E+00  0.6898978880E+05
  0.4227777778E+00  0.6906360726E+05
  0.4230555556E+00  0.6913742605E+05
  0.4233333333E+00  0.6921124461E+05
  0.4236111111E+00  0.6928506307E+05
  0.4238888889E+00  0.6935888152E+05
  0.4241666667E+00  0.6943269998E+05
  0.4244444444E+00  0.6950651887E+05
  0.4247222222E+00  0.6958033732E+05
  0.4250000000E+00  0.6965415578E+05
  0.4252777778E+00  0.6972874139E+05
  0.4255555556E+00  0.6980332744E+05
  0.4258333333E+00  0.6987791304E+05
  0.4261111111E+00  0.6995249899E+05
  0.4263888889E+00  0.7002708460E+05
  0.4266666667E+00  0.7010167042E+05
  0.4269444444E+00  0.7017625636E+05
  0.4272222222E+00  0.7025084196E+05
  0.4275000000E+00  0.7032542758E+05
  0.4277777778E+00  0.7040001351E+05
  0.4280555556E+00  0.7047459923E+05
  0.4283333333E+00  0.7054918518E+05
  0.4286111111E+00  0.7062377078E+05
  0.4288888889E+00  0.7069835638E+05
  0.4291666667E+00  0.7077294244E+05
  0.4294444444E+00  0.7084752804E+05
  0.4297222222E+00  0.7092211375E+05
  0.4300000000E+00  0.7099669970E+05
  0.4302777778E+00  0.7106897441E+05
  0.4305555556E+00  0.7114124935E+05
  0.4308333333E+00  0.7121352386E+05
  0.4311111111E+00  0.7128579891E+05
  0.4313888889E+00  0.7135807352E+05
  0.4316666667E+00  0.7143034846E+05
  0.4319444444E+00  0.7150262318E+05
  0.4322222222E+00  0.7157489778E+05
  0.4325000000E+00  0.7164717272E+05
  0.4327777778E+00  0.7171944744E+05
  0.4330555556E+00  0.7179172238E+05
  0.4333333333E+00  0.7186399698E+05
  0.4336111111E+00  0.7193627204E+05
  0.4338888889E+00  0.7200854664E+05
  0.4341666667E+00  0.7208082158E+05
  0.4344444444E+00  0.7215309630E+05
  0.4347222222E+00  0.7222537124E+05
  0.4350000000E+00  0.7229764585E+05
  0.4352777778E+00  0.7236490528E+05
  0.4355555556E+00  0.7243216495E+05
  0.4358333333E+00  0.7249942437E+05
  0.4361111111E+00  0.7256668370E+05
  0.4363888889E+00  0.7263394312E+05
  0.4366666667E+00  0.7270120246E+05
  0.4369444444E+00  0.7276846221E+05
  0.4372222222E+00  0.7283572166E+05
  0.4375000000E+00  0.7290298108E+05
  0.4377777778E+00  0.7297024041E+05
  0.4380555556E+00  0.7303750007E+05
  0.4383333333E+00  0.7310475950E+05
  0.4386111111E+00  0.7317201882E+05
  0.4388888889E+00  0.7323927837E+05
  0.4391666667E+00  0.7330653802E+05
  0.4394444444E+00  0.7337379746E+05
  0.4397222222E+00  0.7344105678E+05
  0.4400000000E+00  0.7350831621E+05
  0.4402777778E+00  0.7356835200E+05
  0.4405555556E+00  0.7362838778E+05
  0.4408333333E+00  0.7368842390E+05
  0.4411111111E+00  0.7374845958E+05
  0.4413888889E+00  0.7380849536E+05
  0.4416666667E+00  0.7386853125E+05
  0.4419444444E+00  0.7392856703E+05
  0.4422222222E+00  0.7398860282E+05
  0.4425000000E+00  0.7404863861E+05
  0.4427777778E+00  0.7410867428E+05
  0.4430555556E+00  0.7416871017E+05
  0.4433333333E+00  0.7422874595E+05
  0.4436111111E+00  0.7428878174E+05
  0.4438888889E+00  0.7434881752E+05
  0.4441666667E+00  0.7440885331E+05
  0.4444444444E+00  0.7446888919E+05
  0.4447222222E+00  0.7452892487E+05
  0.4450000000E+00  0.7458896065E+05
  0.4452777778E+00  0.7464006374E+05
  0.4455555556E+00  0.7469116693E+05
  0.4458333333E+00  0.7474227002E+05
  0.4461111111E+00  0.7479337320E+05
  0.4463888889E+00  0.7484447641E+05
  0.4466666667E+00  0.7489557959E+05
  0.4469444444E+00  0.7494668268E+05
  0.4472222222E+00  0.7499778587E+05
  0.4475000000E+00  0.7504888896E+05
  0.4477777778E+00  0.7509999215E+05
  0.4480555556E+00  0.7515109523E+05
  0.4483333333E+00  0.7520219832E+05
  0.4486111111E+00  0.7525330151E+05
  0.4488888889E+00  0.7530440460E+05
  0.4491666667E+00  0.7535550779E+05
  0.4494444444E+00  0.7540661088E+05
  0.4497222222E+00  0.7545771406E+05
  0.4500000000E+00  0.7550881715E+05
  0.4502777778E+00  0.7554987051E+05
  0.4505555556E+00  0.7559092410E+05
  0.4508333333E+00  0.7563197734E+05
  0.4511111111E+00  0.7567303082E+05
  0.4513888889E+00  0.7571408408E+05
  0.4516666667E+00  0.7575513766E+05
  0.4519444444E+00  0.7579619091E+05
  0.4522222222E+00  0.7583724416E+05
  0.4525000000E+00  0.7587829774E+05
  0.4527777778E+00  0.7591935089E+05
  0.4530555556E+00  0.7596040448E+05
  0.4533333333E+00  0.7600145772E+05
  0.4536111111E+00  0.7604251131E+05
  0.4538888889E+00  0.7608356456E+05
  0.4541666667E+00  0.7612461814E+05
  0.4544444444E+00  0.7616567129E+05
  0.4547222222E+00  0.7620672488E+05
  0.4550000000E+00  0.7624777812E+05
  0.4552777778E+00  0.7627826925E+05
  0.4555555556E+00  0.7630876005E+05
  0.4558333333E+00  0.7633925107E+05
  0.4561111111E+00  0.7636974187E+05
  0.4563888889E+00  0.7640023300E+05
  0.4566666667E+00  0.7643072401E+05
  0.4569444444E+00  0.7646121480E+05
  0.4572222222E+00  0.7649170594E+05
  0.4575000000E+00  0.7652219662E+05
  0.4577777778E+00  0.7655268775E+05
  0.4580555556E+00  0.7658317855E+05
  0.4583333333E+00  0.7661366967E+05
  0.4586111111E+00  0.7664416080E+05
  0.4588888889E+00  0.7667465160E+05
  0.4591666667E+00  0.7670514262E+05
  0.4594444444E+00  0.7673563342E+05
  0.4597222222E+00  0.7676612455E+05
  0.4600000000E+00  0.7679661523E+05
  0.4602777778E+00  0.7681657971E+05
  0.4605555556E+00  0.7683654377E+05
  0.4608333333E+00  0.7685650825E+05
  0.4611111111E+00  0.7687647241E+05
  0.4613888889E+00  0.7689643678E+05
  0.4616666667E+00  0.7691640093E+05
  0.4619444444E+00  0.7693636543E+05
  0.4622222222E+00  0.7695632957E+05
  0.4625000000E+00  0.7697629406E+05
  0.4627777778E+00  0.7699625810E+05
  0.4630555556E+00  0.7701622259E+05
  0.4633333333E+00  0.7703618663E+05
  0.4636111111E+00  0.7705615112E+05
  0.4638888889E+00  0.7707611527E+05
  0.4641666667E+00  0.7709607965E+05
  0.4644444444E+00  0.7711604379E+05
  0.4647222222E+00  0.7713600795E+05
  0.4650000000E+00  0.7715597243E+05
  0.4652777778E+00  0.7716595559E+05
  0.4655555556E+00  0.7717593865E+05
  0.4658333333E+00  0.7718592181E+05
  0.4661111111E+00  0.7719590497E+05
  0.4663888889E+00  0.7720588813E+05
  0.4666666667E+00  0.7721587118E+05
  0.4669444444E+00  0.7722585434E+05
  0.4672222222E+00  0.7723583750E+05
  0.4675000000E+00  0.7724582066E+05
  0.4677777778E+00  0.7725580383E+05
  0.4680555556E+00  0.7726578687E+05
  0.4683333333E+00  0.7727577003E+05
  0.4686111111E+00  0.7728575319E+05
  0.4688888889E+00  0.7729573636E+05
  0.4691666667E+00  0.7730571941E+05
  0.4694444444E+00  0.7731570258E+05
  0.4697222222E+00  0.7732568572E+05
  0.4700000000E+00  0.7733566889E+05
  0.4702777778E+00  0.7733666793E+05
  0.4705555556E+00  0.7733766687E+05
  0.4708333333E+00  0.7733866602E+05
  0.4711111111E+00  0.7733966505E+05
  0.4713888889E+00  0.7734066400E+05
  0.4716666667E+00  0.7734166303E+05
  0.4719444444E+00  0.7734266218E+05
  0.4722222222E+00  0.7734366113E+05
  0.4725000000E+00  0.7734466016E+05
  0.4727777778E+00  0.7734565931E+05
  0.4730555556E+00  0.7734665826E+05
  0.4733333333E+00  0.7734765729E+05
  0.4736111111E+00  0.7734865633E+05
  0.4738888889E+00  0.7734965547E+05
  0.4741666667E+00  0.7735065408E+05
  0.4744444444E+00  0.7735165312E+05
  0.4747222222E+00  0.7735265215E+05
  0.4750000000E+00  0.7735365121E+05
  0.4752777778E+00  0.7734701193E+05
  0.4755555556E+00  0.7734037220E+05
  0.4758333333E+00  0.7733373303E+05
  0.4761111111E+00  0.7732709331E+05
  0.4763888889E+00  0.7732045403E+05
  0.4766666667E+00  0.7731381486E+05
  0.4769444444E+00  0.7730717514E+05
  0.4772222222E+00  0.7730053586E+05
  0.4775000000E+00  0.7729389626E+05
  0.4777777778E+00  0.7728725697E+05
  0.4780555556E+00  0.7728061725E+05
  0.4783333333E+00  0.7727397809E+05
  0.4786111111E+00  0.7726733837E+05
  0.4788888889E+00  0.7726069909E+05
  0.4791666667E+00  0.7725405948E+05
  0.4794444444E+00  0.7724742020E+05
  0.4797222222E+00  0.7724078047E+05
  0.4800000000E+00  0.7723414130E+05
  0.4802777778E+00  0.7722144052E+05
  0.4805555556E+00  0.7720873962E+05
  0.4808333333E+00  0.7719603894E+05
  0.4811111111E+00  0.7718333771E+05
  0.4813888889E+00  0.7717063704E+05
  0.4816666667E+00  0.7715793625E+05
  0.4819444444E+00  0.7714523535E+05
  0.4822222222E+00  0.7713253467E+05
  0.4825000000E+00  0.7711983388E+05
  0.4827777778E+00  0.7710713311E+05
  0.4830555556E+00  0.7709443231E+05
  0.4833333333E+00  0.7708173152E+05
  0.4836111111E+00  0.7706903074E+05
  0.4838888889E+00  0.7705632995E+05
  0.4841666667E+00  0.7704362917E+05
  0.4844444444E+00  0.7703092837E+05
  0.4847222222E+00  0.7701822758E+05
  0.4850000000E+00  0.7700552648E+05
  0.4852777778E+00  0.7698850346E+05
  0.4855555556E+00  0.7697148012E+05
  0.4858333333E+00  0.7695445700E+05
  0.4861111111E+00  0.7693743365E+05
  0.4863888889E+00  0.7692041064E+05
  0.4866666667E+00  0.7690338729E+05
  0.4869444444E+00  0.7688636419E+05
  0.4872222222E+00  0.7686934084E+05
  0.4875000000E+00  0.7685231749E+05
  0.4877777778E+00  0.7683529438E+05
  0.4880555556E+00  0.7681827103E+05
  0.4883333333E+00  0.7680124802E+05
  0.4886111111E+00  0.7678422457E+05
  0.4888888889E+00  0.7676720155E+05
  0.4891666667E+00  0.7675017822E+05
  0.4894444444E+00  0.7673315521E+05
  0.4897222222E+00  0.7671613176E+05
  0.4900000000E+00  0.7669910874E+05
  0.4902777778E+00  0.7667951693E+05
  0.4905555556E+00  0.7665992556E+05
  0.4908333333E+00  0.7664033420E+05
  0.4911111111E+00  0.7662074239E+05
  0.4913888889E+00  0.7660115092E+05
  0.4916666667E+00  0.7658155955E+05
  0.4919444444E+00  0.7656196775E+05
  0.4922222222E+00  0.7654237638E+05
  0.4925000000E+00  0.7652278501E+05
  0.4927777778E+00  0.7650319320E+05
  0.4930555556E+00  0.7648360184E+05
  0.4933333333E+00  0.7646401047E+05
  0.4936111111E+00  0.7644441865E+05
  0.4938888889E+00  0.7642482718E+05
  0.4941666667E+00  0.7640523583E+05
  0.4944444444E+00  0.7638564401E+05
  0.4947222222E+00  0.7636605264E+05
  0.4950000000E+00  0.7634646127E+05
