  0.1027777778E-01  0.2226117596E+08
  0.1055555556E-01  0.2223897577E+08
  0.1083333333E-01  0.2221677548E+08
  0.1111111111E-01  0.2219457529E+08
  0.1138888889E-01  0.2217237499E+08
  0.1166666667E-01  0.2215017480E+08
  0.1194444444E-01  0.2212797451E+08
  0.1222222222E-01  0.2210577432E+08
  0.1250000000E-01  0.2208357402E+08
  0.1277777778E-01  0.2206137383E+08
  0.1305555556E-01  0.2203917354E+08
  0.1333333333E-01  0.2201697335E+08
  0.1361111111E-01  0.2199477305E+08
  0.1388888889E-01  0.2197257276E+08
  0.1416666667E-01  0.2195037247E+08
  0.1444444444E-01  0.2192817228E+08
  0.1472222222E-01  0.2190597197E+08
  0.1500000000E-01  0.2188377179E+08
  0.1527777778E-01  0.2185332124E+08
  0.1555555556E-01  0.2182287080E+08
  0.1583333333E-01  0.2179242025E+08
  0.1611111111E-01  0.2176196960E+08
  0.1638888889E-01  0.2173151915E+08
  0.1666666667E-01  0.2170106860E+08
  0.1694444444E-01  0.2167061806E+08
  0.1722222222E-01  0.2164016794E+08
  0.1750000000E-01  0.2160971730E+08
  0.1777777778E-01  0.2157926675E+08
  0.1805555556E-01  0.2154881630E+08
  0.1833333333E-01  0.2151836576E+08
  0.1861111111E-01  0.2148791532E+08
  0.1888888889E-01  0.2145746466E+08
  0.1916666667E-01  0.2142701412E+08
  0.1944444444E-01  0.2139656367E+08
  0.1972222222E-01  0.2136611313E+08
  0.2000000000E-01  0.2133566258E+08
  0.2027777778E-01  0.2129755035E+08
  0.2055555556E-01  0.2125943821E+08
  0.2083333333E-01  0.2122132599E+08
  0.2111111111E-01  0.2118321374E+08
  0.2138888889E-01  0.2114510152E+08
  0.2166666667E-01  0.2110698939E+08
  0.2194444444E-01  0.2106887716E+08
  0.2222222222E-01  0.2103076503E+08
  0.2250000000E-01  0.2099265236E+08
  0.2277777778E-01  0.2095454022E+08
  0.2305555556E-01  0.2091642800E+08
  0.2333333333E-01  0.2087831586E+08
  0.2361111111E-01  0.2084020364E+08
  0.2388888889E-01  0.2080209140E+08
  0.2416666667E-01  0.2076397916E+08
  0.2444444444E-01  0.2072586704E+08
  0.2472222222E-01  0.2068775481E+08
  0.2500000000E-01  0.2064964268E+08
  0.2527777778E-01  0.2060460756E+08
  0.2555555556E-01  0.2055957288E+08
  0.2583333333E-01  0.2051453777E+08
  0.2611111111E-01  0.2046950308E+08
  0.2638888889E-01  0.2042446796E+08
  0.2666666667E-01  0.2037943339E+08
  0.2694444444E-01  0.2033439827E+08
  0.2722222222E-01  0.2028936359E+08
  0.2750000000E-01  0.2024432847E+08
  0.2777777778E-01  0.2019929369E+08
  0.2805555556E-01  0.2015425867E+08
  0.2833333333E-01  0.2010922400E+08
  0.2861111111E-01  0.2006418898E+08
  0.2888888889E-01  0.2001915420E+08
  0.2916666667E-01  0.1997411919E+08
  0.2944444444E-01  0.1992908440E+08
  0.2972222222E-01  0.1988404938E+08
  0.3000000000E-01  0.1983901471E+08
  0.3027777778E-01  0.1978792094E+08
  0.3055555556E-01  0.1973682717E+08
  0.3083333333E-01  0.1968573374E+08
  0.3111111111E-01  0.1963464008E+08
  0.3138888889E-01  0.1958354630E+08
  0.3166666667E-01  0.1953245288E+08
  0.3194444444E-01  0.1948135910E+08
  0.3222222222E-01  0.1943026544E+08
  0.3250000000E-01  0.1937917168E+08
  0.3277777778E-01  0.1932807824E+08
  0.3305555556E-01  0.1927698446E+08
  0.3333333333E-01  0.1922589081E+08
  0.3361111111E-01  0.1917479737E+08
  0.3388888889E-01  0.1912370360E+08
  0.3416666667E-01  0.1907260984E+08
  0.3444444444E-01  0.1902151618E+08
  0.3472222222E-01  0.1897042274E+08
  0.3500000000E-01  0.1891932898E+08
  0.3527777778E-01  0.1886311439E+08
  0.3555555556E-01  0.1880689957E+08
  0.3583333333E-01  0.1875068498E+08
  0.3611111111E-01  0.1869447050E+08
  0.3638888889E-01  0.1863825602E+08
  0.3666666667E-01  0.1858204144E+08
  0.3694444444E-01  0.1852582662E+08
  0.3722222222E-01  0.1846961214E+08
  0.3750000000E-01  0.1841339755E+08
  0.3777777778E-01  0.1835718307E+08
  0.3805555556E-01  0.1830096815E+08
  0.3833333333E-01  0.1824475367E+08
  0.3861111111E-01  0.1818853918E+08
  0.3888888889E-01  0.1813232460E+08
  0.3916666667E-01  0.1807610978E+08
  0.3944444444E-01  0.1801989530E+08
  0.3972222222E-01  0.1796368071E+08
  0.4000000000E-01  0.1790746623E+08
  0.4027777778E-01  0.1784714691E+08
  0.4055555556E-01  0.1778682760E+08
  0.4083333333E-01  0.1772650873E+08
  0.4111111111E-01  0.1766618941E+08
  0.4138888889E-01  0.1760587055E+08
  0.4166666667E-01  0.1754555123E+08
  0.4194444444E-01  0.1748523204E+08
  0.4222222222E-01  0.1742491305E+08
  0.4250000000E-01  0.1736459375E+08
  0.4277777778E-01  0.1730427454E+08
  0.4305555556E-01  0.1724395555E+08
  0.4333333333E-01  0.1718363636E+08
  0.4361111111E-01  0.1712331704E+08
  0.4388888889E-01  0.1706299806E+08
  0.4416666667E-01  0.1700267886E+08
  0.4444444444E-01  0.1694235954E+08
  0.4472222222E-01  0.1688204068E+08
  0.4500000000E-01  0.1682172136E+08
  0.4527777778E-01  0.1675834608E+08
  0.4555555556E-01  0.1669497104E+08
  0.4583333333E-01  0.1663159598E+08
  0.4611111111E-01  0.1656822070E+08
  0.4638888889E-01  0.1650484566E+08
  0.4666666667E-01  0.1644147038E+08
  0.4694444444E-01  0.1637809533E+08
  0.4722222222E-01  0.1631472005E+08
  0.4750000000E-01  0.1625134510E+08
  0.4777777778E-01  0.1618796972E+08
  0.4805555556E-01  0.1612459478E+08
  0.4833333333E-01  0.1606121939E+08
  0.4861111111E-01  0.1599784445E+08
  0.4888888889E-01  0.1593446906E+08
  0.4916666667E-01  0.1587109412E+08
  0.4944444444E-01  0.1580771874E+08
  0.4972222222E-01  0.1574434379E+08
  0.5000000000E-01  0.1568096841E+08
  0.5027777778E-01  0.1561559324E+08
  0.5055555556E-01  0.1555021753E+08
  0.5083333333E-01  0.1548484237E+08
  0.5111111111E-01  0.1541946711E+08
  0.5138888889E-01  0.1535409161E+08
  0.5166666667E-01  0.1528871634E+08
  0.5194444444E-01  0.1522334107E+08
  0.5222222222E-01  0.1515796558E+08
  0.5250000000E-01  0.1509259041E+08
  0.5277777778E-01  0.1502721504E+08
  0.5305555556E-01  0.1496183954E+08
  0.5333333333E-01  0.1489646428E+08
  0.5361111111E-01  0.1483108878E+08
  0.5388888889E-01  0.1476571351E+08
  0.5416666667E-01  0.1470033824E+08
  0.5444444444E-01  0.1463496275E+08
  0.5472222222E-01  0.1456958758E+08
  0.5500000000E-01  0.1450421221E+08
  0.5527777778E-01  0.1443787103E+08
  0.5555555556E-01  0.1437152964E+08
  0.5583333333E-01  0.1430518791E+08
  0.5611111111E-01  0.1423884673E+08
  0.5638888889E-01  0.1417250534E+08
  0.5666666667E-01  0.1410616395E+08
  0.5694444444E-01  0.1403982277E+08
  0.5722222222E-01  0.1397348138E+08
  0.5750000000E-01  0.1390714008E+08
  0.5777777778E-01  0.1384079881E+08
  0.5805555556E-01  0.1377445742E+08
  0.5833333333E-01  0.1370811612E+08
  0.5861111111E-01  0.1364177484E+08
  0.5888888889E-01  0.1357543312E+08
  0.5916666667E-01  0.1350909183E+08
  0.5944444444E-01  0.1344275055E+08
  0.5972222222E-01  0.1337640926E+08
  0.6000000000E-01  0.1331006786E+08
  0.6027777778E-01  0.1324375474E+08
  0.6055555556E-01  0.1317744118E+08
  0.6083333333E-01  0.1311112795E+08
  0.6111111111E-01  0.1304481449E+08
  0.6138888889E-01  0.1297850126E+08
  0.6166666667E-01  0.1291218770E+08
  0.6194444444E-01  0.1284587448E+08
  0.6222222222E-01  0.1277956092E+08
  0.6250000000E-01  0.1271324769E+08
  0.6277777778E-01  0.1264693412E+08
  0.6305555556E-01  0.1258062100E+08
  0.6333333333E-01  0.1251430743E+08
  0.6361111111E-01  0.1244799420E+08
  0.6388888889E-01  0.1238168075E+08
  0.6416666667E-01  0.1231536752E+08
  0.6444444444E-01  0.1224905402E+08
  0.6472222222E-01  0.1218274062E+08
  0.6500000000E-01  0.1211642733E+08
  0.6527777778E-01  0.1205106445E+08
  0.6555555556E-01  0.1198570168E+08
  0.6583333333E-01  0.1192033891E+08
  0.6611111111E-01  0.1185497602E+08
  0.6638888889E-01  0.1178961335E+08
  0.6666666667E-01  0.1172425058E+08
  0.6694444444E-01  0.1165888769E+08
  0.6722222222E-01  0.1159352492E+08
  0.6750000000E-01  0.1152816211E+08
  0.6777777778E-01  0.1146279923E+08
  0.6805555556E-01  0.1139743656E+08
  0.6833333333E-01  0.1133207367E+08
  0.6861111111E-01  0.1126671090E+08
  0.6888888889E-01  0.1120134813E+08
  0.6916666667E-01  0.1113598524E+08
  0.6944444444E-01  0.1107062257E+08
  0.6972222222E-01  0.1100525980E+08
  0.7000000000E-01  0.1093989691E+08
  0.7027777778E-01  0.1087632277E+08
  0.7055555556E-01  0.1081274864E+08
  0.7083333333E-01  0.1074917450E+08
  0.7111111111E-01  0.1068560036E+08
  0.7138888889E-01  0.1062202623E+08
  0.7166666667E-01  0.1055845209E+08
  0.7194444444E-01  0.1049487792E+08
  0.7222222222E-01  0.1043130378E+08
  0.7250000000E-01  0.1036772963E+08
  0.7277777778E-01  0.1030415548E+08
  0.7305555556E-01  0.1024058135E+08
  0.7333333333E-01  0.1017700711E+08
  0.7361111111E-01  0.1011343296E+08
  0.7388888889E-01  0.1004985882E+08
  0.7416666667E-01  0.9986284675E+07
  0.7444444444E-01  0.9922710537E+07
  0.7472222222E-01  0.9859136354E+07
  0.7500000000E-01  0.9795562216E+07
  0.7527777778E-01  0.9734509217E+07
  0.7555555556E-01  0.9673456115E+07
  0.7583333333E-01  0.9612403123E+07
  0.7611111111E-01  0.9551350090E+07
  0.7638888889E-01  0.9490296987E+07
  0.7666666667E-01  0.9429243985E+07
  0.7694444444E-01  0.9368190886E+07
  0.7722222222E-01  0.9307137893E+07
  0.7750000000E-01  0.9246084761E+07
  0.7777777778E-01  0.9185031758E+07
  0.7805555556E-01  0.9123978757E+07
  0.7833333333E-01  0.9062925655E+07
  0.7861111111E-01  0.9001872631E+07
  0.7888888889E-01  0.8940819529E+07
  0.7916666667E-01  0.8879766528E+07
  0.7944444444E-01  0.8818713427E+07
  0.7972222222E-01  0.8757660424E+07
  0.8000000000E-01  0.8696607401E+07
  0.8027777778E-01  0.8638697648E+07
  0.8055555556E-01  0.8580787904E+07
  0.8083333333E-01  0.8522878184E+07
  0.8111111111E-01  0.8464968441E+07
  0.8138888889E-01  0.8407058699E+07
  0.8166666667E-01  0.8349148945E+07
  0.8194444444E-01  0.8291239203E+07
  0.8222222222E-01  0.8233329449E+07
  0.8250000000E-01  0.8175419706E+07
  0.8277777778E-01  0.8117509953E+07
  0.8305555556E-01  0.8059600210E+07
  0.8333333333E-01  0.8001690468E+07
  0.8361111111E-01  0.7943780747E+07
  0.8388888889E-01  0.7885871005E+07
  0.8416666667E-01  0.7827961250E+07
  0.8444444444E-01  0.7770051508E+07
  0.8472222222E-01  0.7712141766E+07
  0.8500000000E-01  0.7654232012E+07
  0.8527777778E-01  0.7599964269E+07
  0.8555555556E-01  0.7545696516E+07
  0.8583333333E-01  0.7491428808E+07
  0.8611111111E-01  0.7437161054E+07
  0.8638888889E-01  0.7382893312E+07
  0.8666666667E-01  0.7328625558E+07
  0.8694444444E-01  0.7274357816E+07
  0.8722222222E-01  0.7220090074E+07
  0.8750000000E-01  0.7165822321E+07
  0.8777777778E-01  0.7111554712E+07
  0.8805555556E-01  0.7057286958E+07
  0.8833333333E-01  0.7003019215E+07
  0.8861111111E-01  0.6948751462E+07
  0.8888888889E-01  0.6894483720E+07
  0.8916666667E-01  0.6840215978E+07
  0.8944444444E-01  0.6785948258E+07
  0.8972222222E-01  0.6731680515E+07
  0.9000000000E-01  0.6677412761E+07
  0.9027777778E-01  0.6627164080E+07
  0.9055555556E-01  0.6576915431E+07
  0.9083333333E-01  0.6526666748E+07
  0.9111111111E-01  0.6476418089E+07
  0.9138888889E-01  0.6426169407E+07
  0.9166666667E-01  0.6375920757E+07
  0.9194444444E-01  0.6325672076E+07
  0.9222222222E-01  0.6275423426E+07
  0.9250000000E-01  0.6225174744E+07
  0.9277777778E-01  0.6174926085E+07
  0.9305555556E-01  0.6124677402E+07
  0.9333333333E-01  0.6074428753E+07
  0.9361111111E-01  0.6024180072E+07
  0.9388888889E-01  0.5973931422E+07
  0.9416666667E-01  0.5923682729E+07
  0.9444444444E-01  0.5873434080E+07
  0.9472222222E-01  0.5823185398E+07
  0.9500000000E-01  0.5772936749E+07
  0.9527777778E-01  0.5726962779E+07
  0.9555555556E-01  0.5680988720E+07
  0.9583333333E-01  0.5635014651E+07
  0.9611111111E-01  0.5589040658E+07
  0.9638888889E-01  0.5543066599E+07
  0.9666666667E-01  0.5497092530E+07
  0.9694444444E-01  0.5451118570E+07
  0.9722222222E-01  0.5405144500E+07
  0.9750000000E-01  0.5359170442E+07
  0.9777777778E-01  0.5313196472E+07
  0.9805555556E-01  0.5267222432E+07
  0.9833333333E-01  0.5221248414E+07
  0.9861111111E-01  0.5175274374E+07
  0.9888888889E-01  0.5129300355E+07
  0.9916666667E-01  0.5083326325E+07
  0.9944444444E-01  0.5037352296E+07
  0.9972222222E-01  0.4991378266E+07
  0.1000000000E+00  0.4945404215E+07
  0.1002777778E+00  0.4903840813E+07
  0.1005555556E+00  0.4862277430E+07
  0.1008333333E+00  0.4820714038E+07
  0.1011111111E+00  0.4779150624E+07
  0.1013888889E+00  0.4737587231E+07
  0.1016666667E+00  0.4696023829E+07
  0.1019444444E+00  0.4654460449E+07
  0.1022222222E+00  0.4612897022E+07
  0.1025000000E+00  0.4571333641E+07
  0.1027777778E+00  0.4529770249E+07
  0.1030555556E+00  0.4488206847E+07
  0.1033333333E+00  0.4446643432E+07
  0.1036111111E+00  0.4405080040E+07
  0.1038888889E+00  0.4363516659E+07
  0.1041666667E+00  0.4321953233E+07
  0.1044444444E+00  0.4280389841E+07
  0.1047222222E+00  0.4238826449E+07
  0.1050000000E+00  0.4197263057E+07
  0.1052777778E+00  0.4160142646E+07
  0.1055555556E+00  0.4123022257E+07
  0.1058333333E+00  0.4085901844E+07
  0.1061111111E+00  0.4048781455E+07
  0.1063888889E+00  0.4011661066E+07
  0.1066666667E+00  0.3974540653E+07
  0.1069444444E+00  0.3937420276E+07
  0.1072222222E+00  0.3900299853E+07
  0.1075000000E+00  0.3863179464E+07
  0.1077777778E+00  0.3826059085E+07
  0.1080555556E+00  0.3788938663E+07
  0.1083333333E+00  0.3751818285E+07
  0.1086111111E+00  0.3714697896E+07
  0.1088888889E+00  0.3677577483E+07
  0.1091666667E+00  0.3640457094E+07
  0.1094444444E+00  0.3603336672E+07
  0.1097222222E+00  0.3566216304E+07
  0.1100000000E+00  0.3529095915E+07
  0.1102777778E+00  0.3496349895E+07
  0.1105555556E+00  0.3463603909E+07
  0.1108333333E+00  0.3430857911E+07
  0.1111111111E+00  0.3398111925E+07
  0.1113888889E+00  0.3365365951E+07
  0.1116666667E+00  0.3332619942E+07
  0.1119444444E+00  0.3299873955E+07
  0.1122222222E+00  0.3267127981E+07
  0.1125000000E+00  0.3234381972E+07
  0.1127777778E+00  0.3201635997E+07
  0.1130555556E+00  0.3168889977E+07
  0.1133333333E+00  0.3136144001E+07
  0.1136111111E+00  0.3103398027E+07
  0.1138888889E+00  0.3070652007E+07
  0.1141666667E+00  0.3037906031E+07
  0.1144444444E+00  0.3005160023E+07
  0.1147222222E+00  0.2972414038E+07
  0.1150000000E+00  0.2939668063E+07
  0.1152777778E+00  0.2911145246E+07
  0.1155555556E+00  0.2882622430E+07
  0.1158333333E+00  0.2854099648E+07
  0.1161111111E+00  0.2825576832E+07
  0.1163888889E+00  0.2797054016E+07
  0.1166666667E+00  0.2768531234E+07
  0.1169444444E+00  0.2740008418E+07
  0.1172222222E+00  0.2711485602E+07
  0.1175000000E+00  0.2682962830E+07
  0.1177777778E+00  0.2654440014E+07
  0.1180555556E+00  0.2625917198E+07
  0.1183333333E+00  0.2597394416E+07
  0.1186111111E+00  0.2568871600E+07
  0.1188888889E+00  0.2540348785E+07
  0.1191666667E+00  0.2511826002E+07
  0.1194444444E+00  0.2483303186E+07
  0.1197222222E+00  0.2454780381E+07
  0.1200000000E+00  0.2426257598E+07
  0.1202777778E+00  0.2401736404E+07
  0.1205555556E+00  0.2377215210E+07
  0.1208333333E+00  0.2352694006E+07
  0.1211111111E+00  0.2328172845E+07
  0.1213888889E+00  0.2303651651E+07
  0.1216666667E+00  0.2279130457E+07
  0.1219444444E+00  0.2254609263E+07
  0.1222222222E+00  0.2230088091E+07
  0.1225000000E+00  0.2205566897E+07
  0.1227777778E+00  0.2181045702E+07
  0.1230555556E+00  0.2156524542E+07
  0.1233333333E+00  0.2132003348E+07
  0.1236111111E+00  0.2107482143E+07
  0.1238888889E+00  0.2082960949E+07
  0.1241666667E+00  0.2058439788E+07
  0.1244444444E+00  0.2033918594E+07
  0.1247222222E+00  0.2009397400E+07
  0.1250000000E+00  0.1984876239E+07
  0.1252777778E+00  0.1964079429E+07
  0.1255555556E+00  0.1943282629E+07
  0.1258333333E+00  0.1922485852E+07
  0.1261111111E+00  0.1901689041E+07
  0.1263888889E+00  0.1880892231E+07
  0.1266666667E+00  0.1860095453E+07
  0.1269444444E+00  0.1839298654E+07
  0.1272222222E+00  0.1818501843E+07
  0.1275000000E+00  0.1797705032E+07
  0.1277777778E+00  0.1776908255E+07
  0.1280555556E+00  0.1756111445E+07
  0.1283333333E+00  0.1735314645E+07
  0.1286111111E+00  0.1714517868E+07
  0.1288888889E+00  0.1693721057E+07
  0.1291666667E+00  0.1672924246E+07
  0.1294444444E+00  0.1652127469E+07
  0.1297222222E+00  0.1631330670E+07
  0.1300000000E+00  0.1610533859E+07
  0.1302777778E+00  0.1593144982E+07
  0.1305555556E+00  0.1575756104E+07
  0.1308333333E+00  0.1558367227E+07
  0.1311111111E+00  0.1540978360E+07
  0.1313888889E+00  0.1523589483E+07
  0.1316666667E+00  0.1506200616E+07
  0.1319444444E+00  0.1488811739E+07
  0.1322222222E+00  0.1471422851E+07
  0.1325000000E+00  0.1454033984E+07
  0.1327777778E+00  0.1436645107E+07
  0.1330555556E+00  0.1419256240E+07
  0.1333333333E+00  0.1401867363E+07
  0.1336111111E+00  0.1384478485E+07
  0.1338888889E+00  0.1367089608E+07
  0.1341666667E+00  0.1349700741E+07
  0.1344444444E+00  0.1332311864E+07
  0.1347222222E+00  0.1314922997E+07
  0.1350000000E+00  0.1297534109E+07
  0.1352777778E+00  0.1283210116E+07
  0.1355555556E+00  0.1268886081E+07
  0.1358333333E+00  0.1254562088E+07
  0.1361111111E+00  0.1240238096E+07
  0.1363888889E+00  0.1225914060E+07
  0.1366666667E+00  0.1211590068E+07
  0.1369444444E+00  0.1197266032E+07
  0.1372222222E+00  0.1182942040E+07
  0.1375000000E+00  0.1168618038E+07
  0.1377777778E+00  0.1154294001E+07
  0.1380555556E+00  0.1139969999E+07
  0.1383333333E+00  0.1125645973E+07
  0.1386111111E+00  0.1111321981E+07
  0.1388888889E+00  0.1096997979E+07
  0.1391666667E+00  0.1082673953E+07
  0.1394444444E+00  0.1068349951E+07
  0.1397222222E+00  0.1054025925E+07
  0.1400000000E+00  0.1039701923E+07
  0.1402777778E+00  0.1028087801E+07
  0.1405555556E+00  0.1016473646E+07
  0.1408333333E+00  0.1004859535E+07
  0.1411111111E+00  0.9932454146E+06
  0.1413888889E+00  0.9816312825E+06
  0.1416666667E+00  0.9700171382E+06
  0.1419444444E+00  0.9584030174E+06
  0.1422222222E+00  0.9467889065E+06
  0.1425000000E+00  0.9351747578E+06
  0.1427777778E+00  0.9235606368E+06
  0.1430555556E+00  0.9119465059E+06
  0.1433333333E+00  0.9003323851E+06
  0.1436111111E+00  0.8887182464E+06
  0.1438888889E+00  0.8771041155E+06
  0.1441666667E+00  0.8654899945E+06
  0.1444444444E+00  0.8538758636E+06
  0.1447222222E+00  0.8422617317E+06
  0.1450000000E+00  0.8306476041E+06
  0.1452777778E+00  0.8213878853E+06
  0.1455555556E+00  0.8121281655E+06
  0.1458333333E+00  0.8028684466E+06
  0.1461111111E+00  0.7936087200E+06
  0.1463888889E+00  0.7843490057E+06
  0.1466666667E+00  0.7750892814E+06
  0.1469444444E+00  0.7658295593E+06
  0.1472222222E+00  0.7565698349E+06
  0.1475000000E+00  0.7473101206E+06
  0.1477777778E+00  0.7380503985E+06
  0.1480555556E+00  0.7287906741E+06
  0.1483333333E+00  0.7195309598E+06
  0.1486111111E+00  0.7102712343E+06
  0.1488888889E+00  0.7010115133E+06
  0.1491666667E+00  0.6917517890E+06
  0.1494444444E+00  0.6824920736E+06
  0.1497222222E+00  0.6732323526E+06
  0.1500000000E+00  0.6639726281E+06
  0.1502777778E+00  0.6567216185E+06
  0.1505555556E+00  0.6494705999E+06
  0.1508333333E+00  0.6422195813E+06
  0.1511111111E+00  0.6349685728E+06
  0.1513888889E+00  0.6277175542E+06
  0.1516666667E+00  0.6204665456E+06
  0.1519444444E+00  0.6132155259E+06
  0.1522222222E+00  0.6059645173E+06
  0.1525000000E+00  0.5987134954E+06
  0.1527777778E+00  0.5914624767E+06
  0.1530555556E+00  0.5842114682E+06
  0.1533333333E+00  0.5769604496E+06
  0.1536111111E+00  0.5697094399E+06
  0.1538888889E+00  0.5624584214E+06
  0.1541666667E+00  0.5552074028E+06
  0.1544444444E+00  0.5479563941E+06
  0.1547222222E+00  0.5407053756E+06
  0.1550000000E+00  0.5334543670E+06
  0.1552777778E+00  0.5278848421E+06
  0.1555555556E+00  0.5223153171E+06
  0.1558333333E+00  0.5167457922E+06
  0.1561111111E+00  0.5111762773E+06
  0.1563888889E+00  0.5056067536E+06
  0.1566666667E+00  0.5000372319E+06
  0.1569444444E+00  0.4944677070E+06
  0.1572222222E+00  0.4888981921E+06
  0.1575000000E+00  0.4833286671E+06
  0.1577777778E+00  0.4777591433E+06
  0.1580555556E+00  0.4721896284E+06
  0.1583333333E+00  0.4666201035E+06
  0.1586111111E+00  0.4610505785E+06
  0.1588888889E+00  0.4554810536E+06
  0.1591666667E+00  0.4499115398E+06
  0.1594444444E+00  0.4443420149E+06
  0.1597222222E+00  0.4387724899E+06
  0.1600000000E+00  0.4332029650E+06
  0.1602777778E+00  0.4290128096E+06
  0.1605555556E+00  0.4248226530E+06
  0.1608333333E+00  0.4206324964E+06
  0.1611111111E+00  0.4164423339E+06
  0.1613888889E+00  0.4122521753E+06
  0.1616666667E+00  0.4080620191E+06
  0.1619444444E+00  0.4038718616E+06
  0.1622222222E+00  0.3996817020E+06
  0.1625000000E+00  0.3954915434E+06
  0.1627777778E+00  0.3913013849E+06
  0.1630555556E+00  0.3871112263E+06
  0.1633333333E+00  0.3829210667E+06
  0.1636111111E+00  0.3787309092E+06
  0.1638888889E+00  0.3745407497E+06
  0.1641666667E+00  0.3703505911E+06
  0.1644444444E+00  0.3661604325E+06
  0.1647222222E+00  0.3619702739E+06
  0.1650000000E+00  0.3577801144E+06
  0.1652777778E+00  0.3546964039E+06
  0.1655555556E+00  0.3516126957E+06
  0.1658333333E+00  0.3485289842E+06
  0.1661111111E+00  0.3454452770E+06
  0.1663888889E+00  0.3423615655E+06
  0.1666666667E+00  0.3392778539E+06
  0.1669444444E+00  0.3361941468E+06
  0.1672222222E+00  0.3331104353E+06
  0.1675000000E+00  0.3300267260E+06
  0.1677777778E+00  0.3269430156E+06
  0.1680555556E+00  0.3238593041E+06
  0.1683333333E+00  0.3207755958E+06
  0.1686111111E+00  0.3176918843E+06
  0.1688888889E+00  0.3146081772E+06
  0.1691666667E+00  0.3115244656E+06
  0.1694444444E+00  0.3084407540E+06
  0.1697222222E+00  0.3053570470E+06
  0.1700000000E+00  0.3022733353E+06
  0.1702777778E+00  0.3000559298E+06
  0.1705555556E+00  0.2978385254E+06
  0.1708333333E+00  0.2956211155E+06
  0.1711111111E+00  0.2934037099E+06
  0.1713888889E+00  0.2911863055E+06
  0.1716666667E+00  0.2889689000E+06
  0.1719444444E+00  0.2867514911E+06
  0.1722222222E+00  0.2845340867E+06
  0.1725000000E+00  0.2823166801E+06
  0.1727777778E+00  0.2800992746E+06
  0.1730555556E+00  0.2778818657E+06
  0.1733333333E+00  0.2756644613E+06
  0.1736111111E+00  0.2734470557E+06
  0.1738888889E+00  0.2712296502E+06
  0.1741666667E+00  0.2690122424E+06
  0.1744444444E+00  0.2667948359E+06
  0.1747222222E+00  0.2645774303E+06
  0.1750000000E+00  0.2623600260E+06
  0.1752777778E+00  0.2608021819E+06
  0.1755555556E+00  0.2592443390E+06
  0.1758333333E+00  0.2576864961E+06
  0.1761111111E+00  0.2561286532E+06
  0.1763888889E+00  0.2545708127E+06
  0.1766666667E+00  0.2530129687E+06
  0.1769444444E+00  0.2514551269E+06
  0.1772222222E+00  0.2498972828E+06
  0.1775000000E+00  0.2483394400E+06
  0.1777777778E+00  0.2467815993E+06
  0.1780555556E+00  0.2452237565E+06
  0.1783333333E+00  0.2436659136E+06
  0.1786111111E+00  0.2421080707E+06
  0.1788888889E+00  0.2405502268E+06
  0.1791666667E+00  0.2389923872E+06
  0.1794444444E+00  0.2374345442E+06
  0.1797222222E+00  0.2358767014E+06
  0.1800000000E+00  0.2343188574E+06
  0.1802777778E+00  0.2332470908E+06
  0.1805555556E+00  0.2321753241E+06
  0.1808333333E+00  0.2311035574E+06
  0.1811111111E+00  0.2300317907E+06
  0.1813888889E+00  0.2289600231E+06
  0.1816666667E+00  0.2278882574E+06
  0.1819444444E+00  0.2268164908E+06
  0.1822222222E+00  0.2257447231E+06
  0.1825000000E+00  0.2246729564E+06
  0.1827777778E+00  0.2236011898E+06
  0.1830555556E+00  0.2225294264E+06
  0.1833333333E+00  0.2214576597E+06
  0.1836111111E+00  0.2203858920E+06
  0.1838888889E+00  0.2193141264E+06
  0.1841666667E+00  0.2182423597E+06
  0.1844444444E+00  0.2171705920E+06
  0.1847222222E+00  0.2160988253E+06
  0.1850000000E+00  0.2150270598E+06
  0.1852777778E+00  0.2142997818E+06
  0.1855555556E+00  0.2135725027E+06
  0.1858333333E+00  0.2128452257E+06
  0.1861111111E+00  0.2121179499E+06
  0.1863888889E+00  0.2113906720E+06
  0.1866666667E+00  0.2106633928E+06
  0.1869444444E+00  0.2099361170E+06
  0.1872222222E+00  0.2092088401E+06
  0.1875000000E+00  0.2084815599E+06
  0.1877777778E+00  0.2077542830E+06
  0.1880555556E+00  0.2070270072E+06
  0.1883333333E+00  0.2062997302E+06
  0.1886111111E+00  0.2055724501E+06
  0.1888888889E+00  0.2048451743E+06
  0.1891666667E+00  0.2041178973E+06
  0.1894444444E+00  0.2033906215E+06
  0.1897222222E+00  0.2026633403E+06
  0.1900000000E+00  0.2019360644E+06
  0.1902777778E+00  0.2014411322E+06
  0.1905555556E+00  0.2009462020E+06
  0.1908333333E+00  0.2004512697E+06
  0.1911111111E+00  0.1999563396E+06
  0.1913888889E+00  0.1994614073E+06
  0.1916666667E+00  0.1989664750E+06
  0.1919444444E+00  0.1984715449E+06
  0.1922222222E+00  0.1979766126E+06
  0.1925000000E+00  0.1974816825E+06
  0.1927777778E+00  0.1969867502E+06
  0.1930555556E+00  0.1964918179E+06
  0.1933333333E+00  0.1959968878E+06
  0.1936111111E+00  0.1955019555E+06
  0.1938888889E+00  0.1950070253E+06
  0.1941666667E+00  0.1945120931E+06
  0.1944444444E+00  0.1940171619E+06
  0.1947222222E+00  0.1935222307E+06
  0.1950000000E+00  0.1930272984E+06
  0.1952777778E+00  0.1926789877E+06
  0.1955555556E+00  0.1923306782E+06
  0.1958333333E+00  0.1919823664E+06
  0.1961111111E+00  0.1916340579E+06
  0.1963888889E+00  0.1912857451E+06
  0.1966666667E+00  0.1909374366E+06
  0.1969444444E+00  0.1905891259E+06
  0.1972222222E+00  0.1902408164E+06
  0.1975000000E+00  0.1898925046E+06
  0.1977777778E+00  0.1895441951E+06
  0.1980555556E+00  0.1891958833E+06
  0.1983333333E+00  0.1888475748E+06
  0.1986111111E+00  0.1884992631E+06
  0.1988888889E+00  0.1881509547E+06
  0.1991666667E+00  0.1878026428E+06
  0.1994444444E+00  0.1874543334E+06
  0.1997222222E+00  0.1871060216E+06
  0.2000000000E+00  0.1867577121E+06
  0.2002777778E+00  0.1864931075E+06
  0.2005555556E+00  0.1862285053E+06
  0.2008333333E+00  0.1859639031E+06
  0.2011111111E+00  0.1856992964E+06
  0.2013888889E+00  0.1854346942E+06
  0.2016666667E+00  0.1851700930E+06
  0.2019444444E+00  0.1849054874E+06
  0.2022222222E+00  0.1846408841E+06
  0.2025000000E+00  0.1843762818E+06
  0.2027777778E+00  0.1841116796E+06
  0.2030555556E+00  0.1838470741E+06
  0.2033333333E+00  0.1835824717E+06
  0.2036111111E+00  0.1833178695E+06
  0.2038888889E+00  0.1830532639E+06
  0.2041666667E+00  0.1827886606E+06
  0.2044444444E+00  0.1825240584E+06
  0.2047222222E+00  0.1822594538E+06
  0.2050000000E+00  0.1819948516E+06
  0.2052777778E+00  0.1817703948E+06
  0.2055555556E+00  0.1815459424E+06
  0.2058333333E+00  0.1813214866E+06
  0.2061111111E+00  0.1810970308E+06
  0.2063888889E+00  0.1808725741E+06
  0.2066666667E+00  0.1806481228E+06
  0.2069444444E+00  0.1804236670E+06
  0.2072222222E+00  0.1801992102E+06
  0.2075000000E+00  0.1799747578E+06
  0.2077777778E+00  0.1797503020E+06
  0.2080555556E+00  0.1795258453E+06
  0.2083333333E+00  0.1793013895E+06
  0.2086111111E+00  0.1790769370E+06
  0.2088888889E+00  0.1788524814E+06
  0.2091666667E+00  0.1786280256E+06
  0.2094444444E+00  0.1784035732E+06
  0.2097222222E+00  0.1781791164E+06
  0.2100000000E+00  0.1779546607E+06
  0.2102777778E+00  0.1777424170E+06
  0.2105555556E+00  0.1775301787E+06
  0.2108333333E+00  0.1773179351E+06
  0.2111111111E+00  0.1771056947E+06
  0.2113888889E+00  0.1768934531E+06
  0.2116666667E+00  0.1766812094E+06
  0.2119444444E+00  0.1764689691E+06
  0.2122222222E+00  0.1762567275E+06
  0.2125000000E+00  0.1760444838E+06
  0.2127777778E+00  0.1758322435E+06
  0.2130555556E+00  0.1756200008E+06
  0.2133333333E+00  0.1754077583E+06
  0.2136111111E+00  0.1751955179E+06
  0.2138888889E+00  0.1749832752E+06
  0.2141666667E+00  0.1747710326E+06
  0.2144444444E+00  0.1745587923E+06
  0.2147222222E+00  0.1743465496E+06
  0.2150000000E+00  0.1741343070E+06
  0.2152777778E+00  0.1739183709E+06
  0.2155555556E+00  0.1737024326E+06
  0.2158333333E+00  0.1734864964E+06
  0.2161111111E+00  0.1732705602E+06
  0.2163888889E+00  0.1730546231E+06
  0.2166666667E+00  0.1728386869E+06
  0.2169444444E+00  0.1726227507E+06
  0.2172222222E+00  0.1724068135E+06
  0.2175000000E+00  0.1721908773E+06
  0.2177777778E+00  0.1719749412E+06
  0.2180555556E+00  0.1717590050E+06
  0.2183333333E+00  0.1715430678E+06
  0.2186111111E+00  0.1713271316E+06
  0.2188888889E+00  0.1711111955E+06
  0.2191666667E+00  0.1708952583E+06
  0.2194444444E+00  0.1706793221E+06
  0.2197222222E+00  0.1704633859E+06
  0.2200000000E+00  0.1702474488E+06
  0.2202777778E+00  0.1700210198E+06
  0.2205555556E+00  0.1697945874E+06
  0.2208333333E+00  0.1695681562E+06
  0.2211111111E+00  0.1693417272E+06
  0.2213888889E+00  0.1691152949E+06
  0.2216666667E+00  0.1688888627E+06
  0.2219444444E+00  0.1686624337E+06
  0.2222222222E+00  0.1684360013E+06
  0.2225000000E+00  0.1682095701E+06
  0.2227777778E+00  0.1679831411E+06
  0.2230555556E+00  0.1677567078E+06
  0.2233333333E+00  0.1675302799E+06
  0.2236111111E+00  0.1673038476E+06
  0.2238888889E+00  0.1670774153E+06
  0.2241666667E+00  0.1668509874E+06
  0.2244444444E+00  0.1666245550E+06
  0.2247222222E+00  0.1663981217E+06
  0.2250000000E+00  0.1661716938E+06
  0.2252777778E+00  0.1659339830E+06
  0.2255555556E+00  0.1656962744E+06
  0.2258333333E+00  0.1654585636E+06
  0.2261111111E+00  0.1652208560E+06
  0.2263888889E+00  0.1649831475E+06
  0.2266666667E+00  0.1647454366E+06
  0.2269444444E+00  0.1645077281E+06
  0.2272222222E+00  0.1642700172E+06
  0.2275000000E+00  0.1640323097E+06
  0.2277777778E+00  0.1637945978E+06
  0.2280555556E+00  0.1635568903E+06
  0.2283333333E+00  0.1633191817E+06
  0.2286111111E+00  0.1630814709E+06
  0.2288888889E+00  0.1628437633E+06
  0.2291666667E+00  0.1626060515E+06
  0.2294444444E+00  0.1623683439E+06
  0.2297222222E+00  0.1621306320E+06
  0.2300000000E+00  0.1618929245E+06
  0.2302777778E+00  0.1616471437E+06
  0.2305555556E+00  0.1614013650E+06
  0.2308333333E+00  0.1611555842E+06
  0.2311111111E+00  0.1609098045E+06
  0.2313888889E+00  0.1606640248E+06
  0.2316666667E+00  0.1604182449E+06
  0.2319444444E+00  0.1601724652E+06
  0.2322222222E+00  0.1599266844E+06
  0.2325000000E+00  0.1596809057E+06
  0.2327777778E+00  0.1594351249E+06
  0.2330555556E+00  0.1591893452E+06
  0.2333333333E+00  0.1589435665E+06
  0.2336111111E+00  0.1586977857E+06
  0.2338888889E+00  0.1584520059E+06
  0.2341666667E+00  0.1582062251E+06
  0.2344444444E+00  0.1579604464E+06
  0.2347222222E+00  0.1577146656E+06
  0.2350000000E+00  0.1574688859E+06
  0.2352777778E+00  0.1572200783E+06
  0.2355555556E+00  0.1569712708E+06
  0.2358333333E+00  0.1567224621E+06
  0.2361111111E+00  0.1564736556E+06
  0.2363888889E+00  0.1562248480E+06
  0.2366666667E+00  0.1559760405E+06
  0.2369444444E+00  0.1557272329E+06
  0.2372222222E+00  0.1554784287E+06
  0.2375000000E+00  0.1552296212E+06
  0.2377777778E+00  0.1549808125E+06
  0.2380555556E+00  0.1547320050E+06
  0.2383333333E+00  0.1544831974E+06
  0.2386111111E+00  0.1542343899E+06
  0.2388888889E+00  0.1539855823E+06
  0.2391666667E+00  0.1537367748E+06
  0.2394444444E+00  0.1534879695E+06
  0.2397222222E+00  0.1532391619E+06
  0.2400000000E+00  0.1529903544E+06
  0.2402777778E+00  0.1527440663E+06
  0.2405555556E+00  0.1524977795E+06
  0.2408333333E+00  0.1522514947E+06
  0.2411111111E+00  0.1520052045E+06
  0.2413888889E+00  0.1517589198E+06
  0.2416666667E+00  0.1515126329E+06
  0.2419444444E+00  0.1512663437E+06
  0.2422222222E+00  0.1510200580E+06
  0.2425000000E+00  0.1507737721E+06
  0.2427777778E+00  0.1505274831E+06
  0.2430555556E+00  0.1502811972E+06
  0.2433333333E+00  0.1500349115E+06
  0.2436111111E+00  0.1497886223E+06
  0.2438888889E+00  0.1495423365E+06
  0.2441666667E+00  0.1492960507E+06
  0.2444444444E+00  0.1490497616E+06
  0.2447222222E+00  0.1488034758E+06
  0.2450000000E+00  0.1485571900E+06
  0.2452777778E+00  0.1483184529E+06
  0.2455555556E+00  0.1480797190E+06
  0.2458333333E+00  0.1478409853E+06
  0.2461111111E+00  0.1476022482E+06
  0.2463888889E+00  0.1473635143E+06
  0.2466666667E+00  0.1471247772E+06
  0.2469444444E+00  0.1468860434E+06
  0.2472222222E+00  0.1466473106E+06
  0.2475000000E+00  0.1464085724E+06
  0.2477777778E+00  0.1461698387E+06
  0.2480555556E+00  0.1459311025E+06
  0.2483333333E+00  0.1456923677E+06
  0.2486111111E+00  0.1454536339E+06
  0.2488888889E+00  0.1452148978E+06
  0.2491666667E+00  0.1449761640E+06
  0.2494444444E+00  0.1447374258E+06
  0.2497222222E+00  0.1444986931E+06
  0.2500000000E+00  0.1442599593E+06
  0.2502777778E+00  0.1440325558E+06
  0.2505555556E+00  0.1438051524E+06
  0.2508333333E+00  0.1435777489E+06
  0.2511111111E+00  0.1433503456E+06
  0.2513888889E+00  0.1431229421E+06
  0.2516666667E+00  0.1428955397E+06
  0.2519444444E+00  0.1426681386E+06
  0.2522222222E+00  0.1424407362E+06
  0.2525000000E+00  0.1422133317E+06
  0.2527777778E+00  0.1419859293E+06
  0.2530555556E+00  0.1417585270E+06
  0.2533333333E+00  0.1415311225E+06
  0.2536111111E+00  0.1413037235E+06
  0.2538888889E+00  0.1410763190E+06
  0.2541666667E+00  0.1408489166E+06
  0.2544444444E+00  0.1406215121E+06
  0.2547222222E+00  0.1403941097E+06
  0.2550000000E+00  0.1401667062E+06
  0.2552777778E+00  0.1399530123E+06
  0.2555555556E+00  0.1397393193E+06
  0.2558333333E+00  0.1395256219E+06
  0.2561111111E+00  0.1393119289E+06
  0.2563888889E+00  0.1390982326E+06
  0.2566666667E+00  0.1388845385E+06
  0.2569444444E+00  0.1386708412E+06
  0.2572222222E+00  0.1384571482E+06
  0.2575000000E+00  0.1382434553E+06
  0.2577777778E+00  0.1380297579E+06
  0.2580555556E+00  0.1378160649E+06
  0.2583333333E+00  0.1376023676E+06
  0.2586111111E+00  0.1373886735E+06
  0.2588888889E+00  0.1371749772E+06
  0.2591666667E+00  0.1369612842E+06
  0.2594444444E+00  0.1367475901E+06
  0.2597222222E+00  0.1365338938E+06
  0.2600000000E+00  0.1363201999E+06
  0.2602777778E+00  0.1361208852E+06
  0.2605555556E+00  0.1359215739E+06
  0.2608333333E+00  0.1357222582E+06
  0.2611111111E+00  0.1355229470E+06
  0.2613888889E+00  0.1353236313E+06
  0.2616666667E+00  0.1351243199E+06
  0.2619444444E+00  0.1349250053E+06
  0.2622222222E+00  0.1347256930E+06
  0.2625000000E+00  0.1345263817E+06
  0.2627777778E+00  0.1343270660E+06
  0.2630555556E+00  0.1341277548E+06
  0.2633333333E+00  0.1339284401E+06
  0.2636111111E+00  0.1337291268E+06
  0.2638888889E+00  0.1335298138E+06
  0.2641666667E+00  0.1333305001E+06
  0.2644444444E+00  0.1331311872E+06
  0.2647222222E+00  0.1329318745E+06
  0.2650000000E+00  0.1327325616E+06
  0.2652777778E+00  0.1325468760E+06
  0.2655555556E+00  0.1323611917E+06
  0.2658333333E+00  0.1321755072E+06
  0.2661111111E+00  0.1319898240E+06
  0.2663888889E+00  0.1318041394E+06
  0.2666666667E+00  0.1316184552E+06
  0.2669444444E+00  0.1314327705E+06
  0.2672222222E+00  0.1312470863E+06
  0.2675000000E+00  0.1310614017E+06
  0.2677777778E+00  0.1308757172E+06
  0.2680555556E+00  0.1306900340E+06
  0.2683333333E+00  0.1305043494E+06
  0.2686111111E+00  0.1303186652E+06
  0.2688888889E+00  0.1301329795E+06
  0.2691666667E+00  0.1299472963E+06
  0.2694444444E+00  0.1297616118E+06
  0.2697222222E+00  0.1295759275E+06
  0.2700000000E+00  0.1293902430E+06
  0.2702777778E+00  0.1292162482E+06
  0.2705555556E+00  0.1290422533E+06
  0.2708333333E+00  0.1288682575E+06
  0.2711111111E+00  0.1286942627E+06
  0.2713888889E+00  0.1285202679E+06
  0.2716666667E+00  0.1283462720E+06
  0.2719444444E+00  0.1281722772E+06
  0.2722222222E+00  0.1279982824E+06
  0.2725000000E+00  0.1278242866E+06
  0.2727777778E+00  0.1276502917E+06
  0.2730555556E+00  0.1274762969E+06
  0.2733333333E+00  0.1273023011E+06
  0.2736111111E+00  0.1271283063E+06
  0.2738888889E+00  0.1269543114E+06
  0.2741666667E+00  0.1267803156E+06
  0.2744444444E+00  0.1266063208E+06
  0.2747222222E+00  0.1264323260E+06
  0.2750000000E+00  0.1262583301E+06
  0.2752777778E+00  0.1260931477E+06
  0.2755555556E+00  0.1259279647E+06
  0.2758333333E+00  0.1257627813E+06
  0.2761111111E+00  0.1255975971E+06
  0.2763888889E+00  0.1254324148E+06
  0.2766666667E+00  0.1252672317E+06
  0.2769444444E+00  0.1251020483E+06
  0.2772222222E+00  0.1249368653E+06
  0.2775000000E+00  0.1247716829E+06
  0.2777777778E+00  0.1246064998E+06
  0.2780555556E+00  0.1244413165E+06
  0.2783333333E+00  0.1242761320E+06
  0.2786111111E+00  0.1241109499E+06
  0.2788888889E+00  0.1239457667E+06
  0.2791666667E+00  0.1237805835E+06
  0.2794444444E+00  0.1236154000E+06
  0.2797222222E+00  0.1234502178E+06
  0.2800000000E+00  0.1232850342E+06
  0.2802777778E+00  0.1231252964E+06
  0.2805555556E+00  0.1229655595E+06
  0.2808333333E+00  0.1228058212E+06
  0.2811111111E+00  0.1226460843E+06
  0.2813888889E+00  0.1224863461E+06
  0.2816666667E+00  0.1223266093E+06
  0.2819444444E+00  0.1221668710E+06
  0.2822222222E+00  0.1220071341E+06
  0.2825000000E+00  0.1218473962E+06
  0.2827777778E+00  0.1216876589E+06
  0.2830555556E+00  0.1215279210E+06
  0.2833333333E+00  0.1213681839E+06
  0.2836111111E+00  0.1212084470E+06
  0.2838888889E+00  0.1210487087E+06
  0.2841666667E+00  0.1208889718E+06
  0.2844444444E+00  0.1207292339E+06
  0.2847222222E+00  0.1205694966E+06
  0.2850000000E+00  0.1204097588E+06
  0.2852777778E+00  0.1202520114E+06
  0.2855555556E+00  0.1200942628E+06
  0.2858333333E+00  0.1199365156E+06
  0.2861111111E+00  0.1197787683E+06
  0.2863888889E+00  0.1196210200E+06
  0.2866666667E+00  0.1194632726E+06
  0.2869444444E+00  0.1193055243E+06
  0.2872222222E+00  0.1191477771E+06
  0.2875000000E+00  0.1189900298E+06
  0.2877777778E+00  0.1188322815E+06
  0.2880555556E+00  0.1186745339E+06
  0.2883333333E+00  0.1185167865E+06
  0.2886111111E+00  0.1183590382E+06
  0.2888888889E+00  0.1182012910E+06
  0.2891666667E+00  0.1180435427E+06
  0.2894444444E+00  0.1178857954E+06
  0.2897222222E+00  0.1177280480E+06
  0.2900000000E+00  0.1175702998E+06
  0.2902777778E+00  0.1174111875E+06
  0.2905555556E+00  0.1172520756E+06
  0.2908333333E+00  0.1170929636E+06
  0.2911111111E+00  0.1169338517E+06
  0.2913888889E+00  0.1167747395E+06
  0.2916666667E+00  0.1166156286E+06
  0.2919444444E+00  0.1164565165E+06
  0.2922222222E+00  0.1162974046E+06
  0.2925000000E+00  0.1161382927E+06
  0.2927777778E+00  0.1159791805E+06
  0.2930555556E+00  0.1158200686E+06
  0.2933333333E+00  0.1156609566E+06
  0.2936111111E+00  0.1155018447E+06
  0.2938888889E+00  0.1153427328E+06
  0.2941666667E+00  0.1151836205E+06
  0.2944444444E+00  0.1150245085E+06
  0.2947222222E+00  0.1148653966E+06
  0.2950000000E+00  0.1147062847E+06
  0.2952777778E+00  0.1145430943E+06
  0.2955555556E+00  0.1143799032E+06
  0.2958333333E+00  0.1142167118E+06
  0.2961111111E+00  0.1140535214E+06
  0.2963888889E+00  0.1138903302E+06
  0.2966666667E+00  0.1137271398E+06
  0.2969444444E+00  0.1135639487E+06
  0.2972222222E+00  0.1134007573E+06
  0.2975000000E+00  0.1132375672E+06
  0.2977777778E+00  0.1130743757E+06
  0.2980555556E+00  0.1129111857E+06
  0.2983333333E+00  0.1127479943E+06
  0.2986111111E+00  0.1125848038E+06
  0.2988888889E+00  0.1124216127E+06
  0.2991666667E+00  0.1122584213E+06
  0.2994444444E+00  0.1120952312E+06
  0.2997222222E+00  0.1119320398E+06
  0.3000000000E+00  0.1117688497E+06
  0.3002777778E+00  0.1115994715E+06
  0.3005555556E+00  0.1114300934E+06
  0.3008333333E+00  0.1112607153E+06
  0.3011111111E+00  0.1110913371E+06
  0.3013888889E+00  0.1109219593E+06
  0.3016666667E+00  0.1107525812E+06
  0.3019444444E+00  0.1105832030E+06
  0.3022222222E+00  0.1104138250E+06
  0.3025000000E+00  0.1102444468E+06
  0.3027777778E+00  0.1100750676E+06
  0.3030555556E+00  0.1099056899E+06
  0.3033333333E+00  0.1097363117E+06
  0.3036111111E+00  0.1095669335E+06
  0.3038888889E+00  0.1093975554E+06
  0.3041666667E+00  0.1092281773E+06
  0.3044444444E+00  0.1090587994E+06
  0.3047222222E+00  0.1088894213E+06
  0.3050000000E+00  0.1087200432E+06
  0.3052777778E+00  0.1085432514E+06
  0.3055555556E+00  0.1083664592E+06
  0.3058333333E+00  0.1081896664E+06
  0.3061111111E+00  0.1080128743E+06
  0.3063888889E+00  0.1078360815E+06
  0.3066666667E+00  0.1076592893E+06
  0.3069444444E+00  0.1074824975E+06
  0.3072222222E+00  0.1073057044E+06
  0.3075000000E+00  0.1071289125E+06
  0.3077777778E+00  0.1069521194E+06
  0.3080555556E+00  0.1067753276E+06
  0.3083333333E+00  0.1065985355E+06
  0.3086111111E+00  0.1064217426E+06
  0.3088888889E+00  0.1062449505E+06
  0.3091666667E+00  0.1060681587E+06
  0.3094444444E+00  0.1058913655E+06
  0.3097222222E+00  0.1057145737E+06
  0.3100000000E+00  0.1055377806E+06
  0.3102777778E+00  0.1053532940E+06
  0.3105555556E+00  0.1051688074E+06
  0.3108333333E+00  0.1049843218E+06
  0.3111111111E+00  0.1047998352E+06
  0.3113888889E+00  0.1046153489E+06
  0.3116666667E+00  0.1044308623E+06
  0.3119444444E+00  0.1042463757E+06
  0.3122222222E+00  0.1040618890E+06
  0.3125000000E+00  0.1038774025E+06
  0.3127777778E+00  0.1036929159E+06
  0.3130555556E+00  0.1035084292E+06
  0.3133333333E+00  0.1033239426E+06
  0.3136111111E+00  0.1031394561E+06
  0.3138888889E+00  0.1029549695E+06
  0.3141666667E+00  0.1027704828E+06
  0.3144444444E+00  0.1025859962E+06
  0.3147222222E+00  0.1024015097E+06
  0.3150000000E+00  0.1022170230E+06
  0.3152777778E+00  0.1020255495E+06
  0.3155555556E+00  0.1018340766E+06
  0.3158333333E+00  0.1016426030E+06
  0.3161111111E+00  0.1014511305E+06
  0.3163888889E+00  0.1012596570E+06
  0.3166666667E+00  0.1010681842E+06
  0.3169444444E+00  0.1008767106E+06
  0.3172222222E+00  0.1006852370E+06
  0.3175000000E+00  0.1004937645E+06
  0.3177777778E+00  0.1003022906E+06
  0.3180555556E+00  0.1001108180E+06
  0.3183333333E+00  0.9991934457E+05
  0.3186111111E+00  0.9972787198E+05
  0.3188888889E+00  0.9953639839E+05
  0.3191666667E+00  0.9934492460E+05
  0.3194444444E+00  0.9915345201E+05
  0.3197222222E+00  0.9896197855E+05
  0.3200000000E+00  0.9877050596E+05
  0.3202777778E+00  0.9857354487E+05
  0.3205555556E+00  0.9837658279E+05
  0.3208333333E+00  0.9817962170E+05
  0.3211111111E+00  0.9798266072E+05
  0.3213888889E+00  0.9778569996E+05
  0.3216666667E+00  0.9758873787E+05
  0.3219444444E+00  0.9739177678E+05
  0.3222222222E+00  0.9719481568E+05
  0.3225000000E+00  0.9699785492E+05
  0.3227777778E+00  0.9680089383E+05
  0.3230555556E+00  0.9660393185E+05
  0.3233333333E+00  0.9640697076E+05
  0.3236111111E+00  0.9621001000E+05
  0.3238888889E+00  0.9601304891E+05
  0.3241666667E+00  0.9581608682E+05
  0.3244444444E+00  0.9561912572E+05
  0.3247222222E+00  0.9542216498E+05
  0.3250000000E+00  0.9522520389E+05
  0.3252777778E+00  0.9502517291E+05
  0.3255555556E+00  0.9482514195E+05
  0.3258333333E+00  0.9462511133E+05
  0.3261111111E+00  0.9442508035E+05
  0.3263888889E+00  0.9422504939E+05
  0.3266666667E+00  0.9402501943E+05
  0.3269444444E+00  0.9382498846E+05
  0.3272222222E+00  0.9362495783E+05
  0.3275000000E+00  0.9342492687E+05
  0.3277777778E+00  0.9322489589E+05
  0.3280555556E+00  0.9302486494E+05
  0.3283333333E+00  0.9282483431E+05
  0.3286111111E+00  0.9262480422E+05
  0.3288888889E+00  0.9242477326E+05
  0.3291666667E+00  0.9222474230E+05
  0.3294444444E+00  0.9202471166E+05
  0.3297222222E+00  0.9182468070E+05
  0.3300000000E+00  0.9162464974E+05
  0.3302777778E+00  0.9142446381E+05
  0.3305555556E+00  0.9122427765E+05
  0.3308333333E+00  0.9102409173E+05
  0.3311111111E+00  0.9082390580E+05
  0.3313888889E+00  0.9062371864E+05
  0.3316666667E+00  0.9042353271E+05
  0.3319444444E+00  0.9022334679E+05
  0.3322222222E+00  0.9002316064E+05
  0.3325000000E+00  0.8982297470E+05
  0.3327777778E+00  0.8962278877E+05
  0.3330555556E+00  0.8942260151E+05
  0.3333333333E+00  0.8922241569E+05
  0.3336111111E+00  0.8902222976E+05
  0.3338888889E+00  0.8882204350E+05
  0.3341666667E+00  0.8862185768E+05
  0.3344444444E+00  0.8842167075E+05
  0.3347222222E+00  0.8822148448E+05
  0.3350000000E+00  0.8802129867E+05
  0.3352777778E+00  0.8782440460E+05
  0.3355555556E+00  0.8762751153E+05
  0.3358333333E+00  0.8743061747E+05
  0.3361111111E+00  0.8723372340E+05
  0.3363888889E+00  0.8703683034E+05
  0.3366666667E+00  0.8683993627E+05
  0.3369444444E+00  0.8664304231E+05
  0.3372222222E+00  0.8644614925E+05
  0.3375000000E+00  0.8624925518E+05
  0.3377777778E+00  0.8605236111E+05
  0.3380555556E+00  0.8585546705E+05
  0.3383333333E+00  0.8565857398E+05
  0.3386111111E+00  0.8546167992E+05
  0.3388888889E+00  0.8526478585E+05
  0.3391666667E+00  0.8506789289E+05
  0.3394444444E+00  0.8487099883E+05
  0.3397222222E+00  0.8467410476E+05
  0.3400000000E+00  0.8447721170E+05
  0.3402777778E+00  0.8428729726E+05
  0.3405555556E+00  0.8409738272E+05
  0.3408333333E+00  0.8390746894E+05
  0.3411111111E+00  0.8371755440E+05
  0.3413888889E+00  0.8352764096E+05
  0.3416666667E+00  0.8333772653E+05
  0.3419444444E+00  0.8314781298E+05
  0.3422222222E+00  0.8295789821E+05
  0.3425000000E+00  0.8276798467E+05
  0.3427777778E+00  0.8257807023E+05
  0.3430555556E+00  0.8238815680E+05
  0.3433333333E+00  0.8219824224E+05
  0.3436111111E+00  0.8200832781E+05
  0.3438888889E+00  0.8181841393E+05
  0.3441666667E+00  0.8162849950E+05
  0.3444444444E+00  0.8143858607E+05
  0.3447222222E+00  0.8124867151E+05
  0.3450000000E+00  0.8105875808E+05
  0.3452777778E+00  0.8087954388E+05
  0.3455555556E+00  0.8070033013E+05
  0.3458333333E+00  0.8052111527E+05
  0.3461111111E+00  0.8034190119E+05
  0.3463888889E+00  0.8016268733E+05
  0.3466666667E+00  0.7998347325E+05
  0.3469444444E+00  0.7980425939E+05
  0.3472222222E+00  0.7962504553E+05
  0.3475000000E+00  0.7944583144E+05
  0.3477777778E+00  0.7926661758E+05
  0.3480555556E+00  0.7908740383E+05
  0.3483333333E+00  0.7890818964E+05
  0.3486111111E+00  0.7872897589E+05
  0.3488888889E+00  0.7854976202E+05
  0.3491666667E+00  0.7837054794E+05
  0.3494444444E+00  0.7819133408E+05
  0.3497222222E+00  0.7801212034E+05
  0.3500000000E+00  0.7783290614E+05
  0.3502777778E+00  0.7766797896E+05
  0.3505555556E+00  0.7750305191E+05
  0.3508333333E+00  0.7733812440E+05
  0.3511111111E+00  0.7717319722E+05
  0.3513888889E+00  0.7700826983E+05
  0.3516666667E+00  0.7684334266E+05
  0.3519444444E+00  0.7667841549E+05
  0.3522222222E+00  0.7651348809E+05
  0.3525000000E+00  0.7634856092E+05
  0.3527777778E+00  0.7618363352E+05
  0.3530555556E+00  0.7601870635E+05
  0.3533333333E+00  0.7585378018E+05
  0.3536111111E+00  0.7568885278E+05
  0.3538888889E+00  0.7552392561E+05
  0.3541666667E+00  0.7535899810E+05
  0.3544444444E+00  0.7519407104E+05
  0.3547222222E+00  0.7502914387E+05
  0.3550000000E+00  0.7486421636E+05
  0.3552777778E+00  0.7471682798E+05
  0.3555555556E+00  0.7456943859E+05
  0.3558333333E+00  0.7442204920E+05
  0.3561111111E+00  0.7427466081E+05
  0.3563888889E+00  0.7412727142E+05
  0.3566666667E+00  0.7397988303E+05
  0.3569444444E+00  0.7383249364E+05
  0.3572222222E+00  0.7368510525E+05
  0.3575000000E+00  0.7353771575E+05
  0.3577777778E+00  0.7339032736E+05
  0.3580555556E+00  0.7324293797E+05
  0.3583333333E+00  0.7309554957E+05
  0.3586111111E+00  0.7294816018E+05
  0.3588888889E+00  0.7280077179E+05
  0.3591666667E+00  0.7265338241E+05
  0.3594444444E+00  0.7250599402E+05
  0.3597222222E+00  0.7235860463E+05
  0.3600000000E+00  0.7221121624E+05
  0.3602777778E+00  0.7208410412E+05
  0.3605555556E+00  0.7195699216E+05
  0.3608333333E+00  0.7182988021E+05
  0.3611111111E+00  0.7170276849E+05
  0.3613888889E+00  0.7157565653E+05
  0.3616666667E+00  0.7144854459E+05
  0.3619444444E+00  0.7132143296E+05
  0.3622222222E+00  0.7119432091E+05
  0.3625000000E+00  0.7106720896E+05
  0.3627777778E+00  0.7094009723E+05
  0.3630555556E+00  0.7081298527E+05
  0.3633333333E+00  0.7068587331E+05
  0.3636111111E+00  0.7055876160E+05
  0.3638888889E+00  0.7043164965E+05
  0.3641666667E+00  0.7030453770E+05
  0.3644444444E+00  0.7017742607E+05
  0.3647222222E+00  0.7005031403E+05
  0.3650000000E+00  0.6992320207E+05
  0.3652777778E+00  0.6981848611E+05
  0.3655555556E+00  0.6971377025E+05
  0.3658333333E+00  0.6960905430E+05
  0.3661111111E+00  0.6950433845E+05
  0.3663888889E+00  0.6939962215E+05
  0.3666666667E+00  0.6929490619E+05
  0.3669444444E+00  0.6919019034E+05
  0.3672222222E+00  0.6908547449E+05
  0.3675000000E+00  0.6898075854E+05
  0.3677777778E+00  0.6887604257E+05
  0.3680555556E+00  0.6877132639E+05
  0.3683333333E+00  0.6866661043E+05
  0.3686111111E+00  0.6856189458E+05
  0.3688888889E+00  0.6845717861E+05
  0.3691666667E+00  0.6835246266E+05
  0.3694444444E+00  0.6824774681E+05
  0.3697222222E+00  0.6814303062E+05
  0.3700000000E+00  0.6803831456E+05
  0.3702777778E+00  0.6795736009E+05
  0.3705555556E+00  0.6787640562E+05
  0.3708333333E+00  0.6779545106E+05
  0.3711111111E+00  0.6771449648E+05
  0.3713888889E+00  0.6763354191E+05
  0.3716666667E+00  0.6755258745E+05
  0.3719444444E+00  0.6747163298E+05
  0.3722222222E+00  0.6739067830E+05
  0.3725000000E+00  0.6730972383E+05
  0.3727777778E+00  0.6722876936E+05
  0.3730555556E+00  0.6714781470E+05
  0.3733333333E+00  0.6706686023E+05
  0.3736111111E+00  0.6698590566E+05
  0.3738888889E+00  0.6690495119E+05
  0.3741666667E+00  0.6682399661E+05
  0.3744444444E+00  0.6674304204E+05
  0.3747222222E+00  0.6666208724E+05
  0.3750000000E+00  0.6658113268E+05
  0.3752777778E+00  0.6652455182E+05
  0.3755555556E+00  0.6646797086E+05
  0.3758333333E+00  0.6641139002E+05
  0.3761111111E+00  0.6635480906E+05
  0.3763888889E+00  0.6629822832E+05
  0.3766666667E+00  0.6624164735E+05
  0.3769444444E+00  0.6618506651E+05
  0.3772222222E+00  0.6612848566E+05
  0.3775000000E+00  0.6607190470E+05
  0.3777777778E+00  0.6601532385E+05
  0.3780555556E+00  0.6595874289E+05
  0.3783333333E+00  0.6590216215E+05
  0.3786111111E+00  0.6584558086E+05
  0.3788888889E+00  0.6578900002E+05
  0.3791666667E+00  0.6573241915E+05
  0.3794444444E+00  0.6567583820E+05
  0.3797222222E+00  0.6561925735E+05
  0.3800000000E+00  0.6556267640E+05
  0.3802777778E+00  0.6553019375E+05
  0.3805555556E+00  0.6549771099E+05
  0.3808333333E+00  0.6546522814E+05
  0.3811111111E+00  0.6543274548E+05
  0.3813888889E+00  0.6540026263E+05
  0.3816666667E+00  0.6536777953E+05
  0.3819444444E+00  0.6533529689E+05
  0.3822222222E+00  0.6530281402E+05
  0.3825000000E+00  0.6527033127E+05
  0.3827777778E+00  0.6523784851E+05
  0.3830555556E+00  0.6520536576E+05
  0.3833333333E+00  0.6517288301E+05
  0.3836111111E+00  0.6514040014E+05
  0.3838888889E+00  0.6510791750E+05
  0.3841666667E+00  0.6507543440E+05
  0.3844444444E+00  0.6504295155E+05
  0.3847222222E+00  0.6501046890E+05
  0.3850000000E+00  0.6497798614E+05
  0.3852777778E+00  0.6496863563E+05
  0.3855555556E+00  0.6495928503E+05
  0.3858333333E+00  0.6494993452E+05
  0.3861111111E+00  0.6494058401E+05
  0.3863888889E+00  0.6493123351E+05
  0.3866666667E+00  0.6492188299E+05
  0.3869444444E+00  0.6491253215E+05
  0.3872222222E+00  0.6490318164E+05
  0.3875000000E+00  0.6489383114E+05
  0.3877777778E+00  0.6488448074E+05
  0.3880555556E+00  0.6487513023E+05
  0.3883333333E+00  0.6486577972E+05
  0.3886111111E+00  0.6485642922E+05
  0.3888888889E+00  0.6484707870E+05
  0.3891666667E+00  0.6483772810E+05
  0.3894444444E+00  0.6482837758E+05
  0.3897222222E+00  0.6481902675E+05
  0.3900000000E+00  0.6480967624E+05
  0.3902777778E+00  0.6482163629E+05
  0.3905555556E+00  0.6483359601E+05
  0.3908333333E+00  0.6484555583E+05
  0.3911111111E+00  0.6485751555E+05
  0.3913888889E+00  0.6486947561E+05
  0.3916666667E+00  0.6488143532E+05
  0.3919444444E+00  0.6489339504E+05
  0.3922222222E+00  0.6490535487E+05
  0.3925000000E+00  0.6491731493E+05
  0.3927777778E+00  0.6492927464E+05
  0.3930555556E+00  0.6494123436E+05
  0.3933333333E+00  0.6495319419E+05
  0.3936111111E+00  0.6496515425E+05
  0.3938888889E+00  0.6497711396E+05
  0.3941666667E+00  0.6498907368E+05
  0.3944444444E+00  0.6500103340E+05
  0.3947222222E+00  0.6501299346E+05
  0.3950000000E+00  0.6502495317E+05
  0.3952777778E+00  0.6505584284E+05
  0.3955555556E+00  0.6508673196E+05
  0.3958333333E+00  0.6511762163E+05
  0.3961111111E+00  0.6514851121E+05
  0.3963888889E+00  0.6517940043E+05
  0.3966666667E+00  0.6521029000E+05
  0.3969444444E+00  0.6524117955E+05
  0.3972222222E+00  0.6527206879E+05
  0.3975000000E+00  0.6530295834E+05
  0.3977777778E+00  0.6533384792E+05
  0.3980555556E+00  0.6536473725E+05
  0.3983333333E+00  0.6539562671E+05
  0.3986111111E+00  0.6542651638E+05
  0.3988888889E+00  0.6545740583E+05
  0.3991666667E+00  0.6548829518E+05
  0.3994444444E+00  0.6551918474E+05
  0.3997222222E+00  0.6555007430E+05
  0.4000000000E+00  0.6558096353E+05
  0.4002777778E+00  0.6562781129E+05
  0.4005555556E+00  0.6567465928E+05
  0.4008333333E+00  0.6572150704E+05
  0.4011111111E+00  0.6576835480E+05
  0.4013888889E+00  0.6581520256E+05
  0.4016666667E+00  0.6586205055E+05
  0.4019444444E+00  0.6590889830E+05
  0.4022222222E+00  0.6595574606E+05
  0.4025000000E+00  0.6600259383E+05
  0.4027777778E+00  0.6604944169E+05
  0.4030555556E+00  0.6609628967E+05
  0.4033333333E+00  0.6614313743E+05
  0.4036111111E+00  0.6618998519E+05
  0.4038888889E+00  0.6623683295E+05
  0.4041666667E+00  0.6628368071E+05
  0.4044444444E+00  0.6633052870E+05
  0.4047222222E+00  0.6637737646E+05
  0.4050000000E+00  0.6642422421E+05
  0.4052777778E+00  0.6648369670E+05
  0.4055555556E+00  0.6654316908E+05
  0.4058333333E+00  0.6660264156E+05
  0.4061111111E+00  0.6666211404E+05
  0.4063888889E+00  0.6672158641E+05
  0.4066666667E+00  0.6678105890E+05
  0.4069444444E+00  0.6684053139E+05
  0.4072222222E+00  0.6690000376E+05
  0.4075000000E+00  0.6695947600E+05
  0.4077777778E+00  0.6701894849E+05
  0.4080555556E+00  0.6707842086E+05
  0.4083333333E+00  0.6713789335E+05
  0.4086111111E+00  0.6719736572E+05
  0.4088888889E+00  0.6725683820E+05
  0.4091666667E+00  0.6731631069E+05
  0.4094444444E+00  0.6737578307E+05
  0.4097222222E+00  0.6743525555E+05
  0.4100000000E+00  0.6749472803E+05
  0.4102777778E+00  0.6756324827E+05
  0.4105555556E+00  0.6763176819E+05
  0.4108333333E+00  0.6770028843E+05
  0.4111111111E+00  0.6776880879E+05
  0.4113888889E+00  0.6783732860E+05
  0.4116666667E+00  0.6790584884E+05
  0.4119444444E+00  0.6797436920E+05
  0.4122222222E+00  0.6804288901E+05
  0.4125000000E+00  0.6811140936E+05
  0.4127777778E+00  0.6817992950E+05
  0.4130555556E+00  0.6824844986E+05
  0.4133333333E+00  0.6831696977E+05
  0.4136111111E+00  0.6838549002E+05
  0.4138888889E+00  0.6845401026E+05
  0.4141666667E+00  0.6852253018E+05
  0.4144444444E+00  0.6859105043E+05
  0.4147222222E+00  0.6865957078E+05
  0.4150000000E+00  0.6872809059E+05
  0.4152777778E+00  0.6880199301E+05
  0.4155555556E+00  0.6887589523E+05
  0.4158333333E+00  0.6894979766E+05
  0.4161111111E+00  0.6902369987E+05
  0.4163888889E+00  0.6909760220E+05
  0.4166666667E+00  0.6917150462E+05
  0.4169444444E+00  0.6924540684E+05
  0.4172222222E+00  0.6931930927E+05
  0.4175000000E+00  0.6939321148E+05
  0.4177777778E+00  0.6946711391E+05
  0.4180555556E+00  0.6954101622E+05
  0.4183333333E+00  0.6961491855E+05
  0.4186111111E+00  0.6968882088E+05
  0.4188888889E+00  0.6976272308E+05
  0.4191666667E+00  0.6983662551E+05
  0.4194444444E+00  0.6991052785E+05
  0.4197222222E+00  0.6998443015E+05
  0.4200000000E+00  0.7005833248E+05
  0.4202777778E+00  0.7013404688E+05
  0.4205555556E+00  0.7020976128E+05
  0.4208333333E+00  0.7028547568E+05
  0.4211111111E+00  0.7036119017E+05
  0.4213888889E+00  0.7043690458E+05
  0.4216666667E+00  0.7051261898E+05
  0.4219444444E+00  0.7058833338E+05
  0.4222222222E+00  0.7066404777E+05
  0.4225000000E+00  0.7073976217E+05
  0.4227777778E+00  0.7081547658E+05
  0.4230555556E+00  0.7089119098E+05
  0.4233333333E+00  0.7096690537E+05
  0.4236111111E+00  0.7104261977E+05
  0.4238888889E+00  0.7111833417E+05
  0.4241666667E+00  0.7119404833E+05
  0.4244444444E+00  0.7126976274E+05
  0.4247222222E+00  0.7134547702E+05
  0.4250000000E+00  0.7142119142E+05
  0.4252777778E+00  0.7149537924E+05
  0.4255555556E+00  0.7156956696E+05
  0.4258333333E+00  0.7164375434E+05
  0.4261111111E+00  0.7171794216E+05
  0.4263888889E+00  0.7179212953E+05
  0.4266666667E+00  0.7186631725E+05
  0.4269444444E+00  0.7194050463E+05
  0.4272222222E+00  0.7201469245E+05
  0.4275000000E+00  0.7208888016E+05
  0.4277777778E+00  0.7216306755E+05
  0.4280555556E+00  0.7223725525E+05
  0.4283333333E+00  0.7231144264E+05
  0.4286111111E+00  0.7238563045E+05
  0.4288888889E+00  0.7245981783E+05
  0.4291666667E+00  0.7253400555E+05
  0.4294444444E+00  0.7260819327E+05
  0.4297222222E+00  0.7268238064E+05
  0.4300000000E+00  0.7275656846E+05
  0.4302777778E+00  0.7282625163E+05
  0.4305555556E+00  0.7289593514E+05
  0.4308333333E+00  0.7296561830E+05
  0.4311111111E+00  0.7303530146E+05
  0.4313888889E+00  0.7310498496E+05
  0.4316666667E+00  0.7317466813E+05
  0.4319444444E+00  0.7324435163E+05
  0.4322222222E+00  0.7331403480E+05
  0.4325000000E+00  0.7338371830E+05
  0.4327777778E+00  0.7345340136E+05
  0.4330555556E+00  0.7352308497E+05
  0.4333333333E+00  0.7359276813E+05
  0.4336111111E+00  0.7366245130E+05
  0.4338888889E+00  0.7373213480E+05
  0.4341666667E+00  0.7380181786E+05
  0.4344444444E+00  0.7387150147E+05
  0.4347222222E+00  0.7394118452E+05
  0.4350000000E+00  0.7401086803E+05
  0.4352777778E+00  0.7407354104E+05
  0.4355555556E+00  0.7413621440E+05
  0.4358333333E+00  0.7419888732E+05
  0.4361111111E+00  0.7426156068E+05
  0.4363888889E+00  0.7432423360E+05
  0.4366666667E+00  0.7438690696E+05
  0.4369444444E+00  0.7444957987E+05
  0.4372222222E+00  0.7451225312E+05
  0.4375000000E+00  0.7457492625E+05
  0.4377777778E+00  0.7463759950E+05
  0.4380555556E+00  0.7470027253E+05
  0.4383333333E+00  0.7476294578E+05
  0.4386111111E+00  0.7482561881E+05
  0.4388888889E+00  0.7488829206E+05
  0.4391666667E+00  0.7495096498E+05
  0.4394444444E+00  0.7501363844E+05
  0.4397222222E+00  0.7507631136E+05
  0.4400000000E+00  0.7513898472E+05
  0.4402777778E+00  0.7519272093E+05
  0.4405555556E+00  0.7524645748E+05
  0.4408333333E+00  0.7530019414E+05
  0.4411111111E+00  0.7535393046E+05
  0.4413888889E+00  0.7540766702E+05
  0.4416666667E+00  0.7546140356E+05
  0.4419444444E+00  0.7551513989E+05
  0.4422222222E+00  0.7556887645E+05
  0.4425000000E+00  0.7562261310E+05
  0.4427777778E+00  0.7567634943E+05
  0.4430555556E+00  0.7573008587E+05
  0.4433333333E+00  0.7578382253E+05
  0.4436111111E+00  0.7583755885E+05
  0.4438888889E+00  0.7589129540E+05
  0.4441666667E+00  0.7594503206E+05
  0.4444444444E+00  0.7599876827E+05
  0.4447222222E+00  0.7605250483E+05
  0.4450000000E+00  0.7610624148E+05
  0.4452777778E+00  0.7614967902E+05
  0.4455555556E+00  0.7619311699E+05
  0.4458333333E+00  0.7623655485E+05
  0.4461111111E+00  0.7627999273E+05
  0.4463888889E+00  0.7632343070E+05
  0.4466666667E+00  0.7636686856E+05
  0.4469444444E+00  0.7641030632E+05
  0.4472222222E+00  0.7645374429E+05
  0.4475000000E+00  0.7649718216E+05
  0.4477777778E+00  0.7654062002E+05
  0.4480555556E+00  0.7658405800E+05
  0.4483333333E+00  0.7662749587E+05
  0.4486111111E+00  0.7667093340E+05
  0.4488888889E+00  0.7671437136E+05
  0.4491666667E+00  0.7675780924E+05
  0.4494444444E+00  0.7680124711E+05
  0.4497222222E+00  0.7684468507E+05
  0.4500000000E+00  0.7688812295E+05
  0.4502777778E+00  0.7692053554E+05
  0.4505555556E+00  0.7695294781E+05
  0.4508333333E+00  0.7698536042E+05
  0.4511111111E+00  0.7701777324E+05
  0.4513888889E+00  0.7705018551E+05
  0.4516666667E+00  0.7708259812E+05
  0.4519444444E+00  0.7711501072E+05
  0.4522222222E+00  0.7714742310E+05
  0.4525000000E+00  0.7717983571E+05
  0.4527777778E+00  0.7721224831E+05
  0.4530555556E+00  0.7724466069E+05
  0.4533333333E+00  0.7727707329E+05
  0.4536111111E+00  0.7730948600E+05
  0.4538888889E+00  0.7734189828E+05
  0.4541666667E+00  0.7737431088E+05
  0.4544444444E+00  0.7740672315E+05
  0.4547222222E+00  0.7743913587E+05
  0.4550000000E+00  0.7747154848E+05
  0.4552777778E+00  0.7749283600E+05
  0.4555555556E+00  0.7751412387E+05
  0.4558333333E+00  0.7753541163E+05
  0.4561111111E+00  0.7755669907E+05
  0.4563888889E+00  0.7757798704E+05
  0.4566666667E+00  0.7759927480E+05
  0.4569444444E+00  0.7762056233E+05
  0.4572222222E+00  0.7764185009E+05
  0.4575000000E+00  0.7766313796E+05
  0.4577777778E+00  0.7768442550E+05
  0.4580555556E+00  0.7770571326E+05
  0.4583333333E+00  0.7772700079E+05
  0.4586111111E+00  0.7774828865E+05
  0.4588888889E+00  0.7776957653E+05
  0.4591666667E+00  0.7779086396E+05
  0.4594444444E+00  0.7781215172E+05
  0.4597222222E+00  0.7783343920E+05
  0.4600000000E+00  0.7785472731E+05
  0.4602777778E+00  0.7786533652E+05
  0.4605555556E+00  0.7787594673E+05
  0.4608333333E+00  0.7788655628E+05
  0.4611111111E+00  0.7789716538E+05
  0.4613888889E+00  0.7790777558E+05
  0.4616666667E+00  0.7791838479E+05
  0.4619444444E+00  0.7792899500E+05
  0.4622222222E+00  0.7793960421E+05
  0.4625000000E+00  0.7795021331E+05
  0.4627777778E+00  0.7796082352E+05
  0.4630555556E+00  0.7797143272E+05
  0.4633333333E+00  0.7798204193E+05
  0.4636111111E+00  0.7799265203E+05
  0.4638888889E+00  0.7800326124E+05
  0.4641666667E+00  0.7801387178E+05
  0.4644444444E+00  0.7802448098E+05
  0.4647222222E+00  0.7803509019E+05
  0.4650000000E+00  0.7804570029E+05
  0.4652777778E+00  0.7804656510E+05
  0.4655555556E+00  0.7804743123E+05
  0.4658333333E+00  0.7804829603E+05
  0.4661111111E+00  0.7804916172E+05
  0.4663888889E+00  0.7805002685E+05
  0.4666666667E+00  0.7805089266E+05
  0.4669444444E+00  0.7805175746E+05
  0.4672222222E+00  0.7805262348E+05
  0.4675000000E+00  0.7805348829E+05
  0.4677777778E+00  0.7805435408E+05
  0.4680555556E+00  0.7805521922E+05
  0.4683333333E+00  0.7805608492E+05
  0.4686111111E+00  0.7805694971E+05
  0.4688888889E+00  0.7805781585E+05
  0.4691666667E+00  0.7805868065E+05
  0.4694444444E+00  0.7805954634E+05
  0.4697222222E+00  0.7806041158E+05
  0.4700000000E+00  0.7806127688E+05
  0.4702777778E+00  0.7805374238E+05
  0.4705555556E+00  0.7804620811E+05
  0.4708333333E+00  0.7803867350E+05
  0.4711111111E+00  0.7803113933E+05
  0.4713888889E+00  0.7802360483E+05
  0.4716666667E+00  0.7801607056E+05
  0.4719444444E+00  0.7800853595E+05
  0.4722222222E+00  0.7800100178E+05
  0.4725000000E+00  0.7799346729E+05
  0.4727777778E+00  0.7798593312E+05
  0.4730555556E+00  0.7797839852E+05
  0.4733333333E+00  0.7797086424E+05
  0.4736111111E+00  0.7796332974E+05
  0.4738888889E+00  0.7795579557E+05
  0.4741666667E+00  0.7794826097E+05
  0.4744444444E+00  0.7794072680E+05
  0.4747222222E+00  0.7793319219E+05
  0.4750000000E+00  0.7792565802E+05
  0.4752777778E+00  0.7791135858E+05
  0.4755555556E+00  0.7789705957E+05
  0.4758333333E+00  0.7788276024E+05
  0.4761111111E+00  0.7786846124E+05
  0.4763888889E+00  0.7785416222E+05
  0.4766666667E+00  0.7783986288E+05
  0.4769444444E+00  0.7782556377E+05
  0.4772222222E+00  0.7781126443E+05
  0.4775000000E+00  0.7779696543E+05
  0.4777777778E+00  0.7778266631E+05
  0.4780555556E+00  0.7776836697E+05
  0.4783333333E+00  0.7775406796E+05
  0.4786111111E+00  0.7773976896E+05
  0.4788888889E+00  0.7772546952E+05
  0.4791666667E+00  0.7771117050E+05
  0.4794444444E+00  0.7769687116E+05
  0.4797222222E+00  0.7768257205E+05
  0.4800000000E+00  0.7766827315E+05
  0.4802777778E+00  0.7764900631E+05
  0.4805555556E+00  0.7762973981E+05
  0.4808333333E+00  0.7761047298E+05
  0.4811111111E+00  0.7759120658E+05
  0.4813888889E+00  0.7757194008E+05
  0.4816666667E+00  0.7755267325E+05
  0.4819444444E+00  0.7753340685E+05
  0.4822222222E+00  0.7751414002E+05
  0.4825000000E+00  0.7749487352E+05
  0.4827777778E+00  0.7747560712E+05
  0.4830555556E+00  0.7745634029E+05
  0.4833333333E+00  0.7743707379E+05
  0.4836111111E+00  0.7741780728E+05
  0.4838888889E+00  0.7739854057E+05
  0.4841666667E+00  0.7737927407E+05
  0.4844444444E+00  0.7736000722E+05
  0.4847222222E+00  0.7734074084E+05
  0.4850000000E+00  0.7732147434E+05
  0.4852777778E+00  0.7729912315E+05
  0.4855555556E+00  0.7727677186E+05
  0.4858333333E+00  0.7725442057E+05
  0.4861111111E+00  0.7723206938E+05
  0.4863888889E+00  0.7720971842E+05
  0.4866666667E+00  0.7718736714E+05
  0.4869444444E+00  0.7716501595E+05
  0.4872222222E+00  0.7714266456E+05
  0.4875000000E+00  0.7712031338E+05
  0.4877777778E+00  0.7709796208E+05
  0.4880555556E+00  0.7707561114E+05
  0.4883333333E+00  0.7705325995E+05
  0.4886111111E+00  0.7703090866E+05
  0.4888888889E+00  0.7700855736E+05
  0.4891666667E+00  0.7698620618E+05
  0.4894444444E+00  0.7696385522E+05
  0.4897222222E+00  0.7694150394E+05
  0.4900000000E+00  0.7691915276E+05
  0.4902777778E+00  0.7689553539E+05
  0.4905555556E+00  0.7687191837E+05
  0.4908333333E+00  0.7684830112E+05
  0.4911111111E+00  0.7682468375E+05
  0.4913888889E+00  0.7680106683E+05
  0.4916666667E+00  0.7677744958E+05
  0.4919444444E+00  0.7675383244E+05
  0.4922222222E+00  0.7673021519E+05
  0.4925000000E+00  0.7670659793E+05
  0.4927777778E+00  0.7668298090E+05
  0.4930555556E+00  0.7665936365E+05
  0.4933333333E+00  0.7663574629E+05
  0.4936111111E+00  0.7661212927E+05
  0.4938888889E+00  0.7658851201E+05
  0.4941666667E+00  0.7656489476E+05
  0.4944444444E+00  0.7654127763E+05
  0.4947222222E+00  0.7651766037E+05
  0.4950000000E+00  0.7649404345E+05
