  0.1027777778E-01  0.2257430384E+08
  0.1055555556E-01  0.2254869688E+08
  0.1083333333E-01  0.2252309005E+08
  0.1111111111E-01  0.2249748310E+08
  0.1138888889E-01  0.2247187615E+08
  0.1166666667E-01  0.2244626953E+08
  0.1194444444E-01  0.2242066269E+08
  0.1222222222E-01  0.2239505575E+08
  0.1250000000E-01  0.2236944891E+08
  0.1277777778E-01  0.2234384196E+08
  0.1305555556E-01  0.2231823545E+08
  0.1333333333E-01  0.2229262851E+08
  0.1361111111E-01  0.2226702156E+08
  0.1388888889E-01  0.2224141460E+08
  0.1416666667E-01  0.2221580776E+08
  0.1444444444E-01  0.2219020115E+08
  0.1472222222E-01  0.2216459432E+08
  0.1500000000E-01  0.2213898736E+08
  0.1527777778E-01  0.2210397611E+08
  0.1555555556E-01  0.2206896506E+08
  0.1583333333E-01  0.2203395415E+08
  0.1611111111E-01  0.2199894288E+08
  0.1638888889E-01  0.2196393183E+08
  0.1666666667E-01  0.2192892092E+08
  0.1694444444E-01  0.2189390965E+08
  0.1722222222E-01  0.2185889862E+08
  0.1750000000E-01  0.2182388735E+08
  0.1777777778E-01  0.2178887643E+08
  0.1805555556E-01  0.2175386539E+08
  0.1833333333E-01  0.2171885412E+08
  0.1861111111E-01  0.2168384320E+08
  0.1888888889E-01  0.2164883216E+08
  0.1916666667E-01  0.2161382090E+08
  0.1944444444E-01  0.2157880997E+08
  0.1972222222E-01  0.2154379861E+08
  0.2000000000E-01  0.2150878758E+08
  0.2027777778E-01  0.2146515735E+08
  0.2055555556E-01  0.2142152667E+08
  0.2083333333E-01  0.2137789635E+08
  0.2111111111E-01  0.2133426613E+08
  0.2138888889E-01  0.2129063580E+08
  0.2166666667E-01  0.2124700513E+08
  0.2194444444E-01  0.2120337481E+08
  0.2222222222E-01  0.2115974448E+08
  0.2250000000E-01  0.2111611381E+08
  0.2277777778E-01  0.2107248359E+08
  0.2305555556E-01  0.2102885326E+08
  0.2333333333E-01  0.2098522303E+08
  0.2361111111E-01  0.2094159236E+08
  0.2388888889E-01  0.2089796203E+08
  0.2416666667E-01  0.2085433171E+08
  0.2444444444E-01  0.2081070116E+08
  0.2472222222E-01  0.2076707082E+08
  0.2500000000E-01  0.2072344049E+08
  0.2527777778E-01  0.2067216548E+08
  0.2555555556E-01  0.2062089036E+08
  0.2583333333E-01  0.2056961568E+08
  0.2611111111E-01  0.2051834057E+08
  0.2638888889E-01  0.2046706555E+08
  0.2666666667E-01  0.2041579044E+08
  0.2694444444E-01  0.2036451576E+08
  0.2722222222E-01  0.2031324075E+08
  0.2750000000E-01  0.2026196564E+08
  0.2777777778E-01  0.2021069096E+08
  0.2805555556E-01  0.2015941584E+08
  0.2833333333E-01  0.2010814083E+08
  0.2861111111E-01  0.2005686571E+08
  0.2888888889E-01  0.2000559103E+08
  0.2916666667E-01  0.1995431602E+08
  0.2944444444E-01  0.1990304091E+08
  0.2972222222E-01  0.1985176623E+08
  0.3000000000E-01  0.1980049111E+08
  0.3027777778E-01  0.1974269901E+08
  0.3055555556E-01  0.1968490683E+08
  0.3083333333E-01  0.1962711473E+08
  0.3111111111E-01  0.1956932242E+08
  0.3138888889E-01  0.1951153032E+08
  0.3166666667E-01  0.1945373814E+08
  0.3194444444E-01  0.1939594604E+08
  0.3222222222E-01  0.1933815384E+08
  0.3250000000E-01  0.1928036163E+08
  0.3277777778E-01  0.1922256944E+08
  0.3305555556E-01  0.1916477735E+08
  0.3333333333E-01  0.1910698515E+08
  0.3361111111E-01  0.1904919294E+08
  0.3388888889E-01  0.1899140075E+08
  0.3416666667E-01  0.1893360865E+08
  0.3444444444E-01  0.1887581655E+08
  0.3472222222E-01  0.1881802436E+08
  0.3500000000E-01  0.1876023216E+08
  0.3527777778E-01  0.1869713989E+08
  0.3555555556E-01  0.1863404761E+08
  0.3583333333E-01  0.1857095544E+08
  0.3611111111E-01  0.1850786295E+08
  0.3638888889E-01  0.1844477067E+08
  0.3666666667E-01  0.1838167851E+08
  0.3694444444E-01  0.1831858623E+08
  0.3722222222E-01  0.1825549406E+08
  0.3750000000E-01  0.1819240190E+08
  0.3777777778E-01  0.1812930963E+08
  0.3805555556E-01  0.1806621702E+08
  0.3833333333E-01  0.1800312474E+08
  0.3861111111E-01  0.1794003257E+08
  0.3888888889E-01  0.1787694042E+08
  0.3916666667E-01  0.1781384814E+08
  0.3944444444E-01  0.1775075597E+08
  0.3972222222E-01  0.1768766369E+08
  0.4000000000E-01  0.1762457120E+08
  0.4027777778E-01  0.1755747681E+08
  0.4055555556E-01  0.1749038242E+08
  0.4083333333E-01  0.1742328770E+08
  0.4111111111E-01  0.1735619331E+08
  0.4138888889E-01  0.1728909858E+08
  0.4166666667E-01  0.1722200421E+08
  0.4194444444E-01  0.1715490981E+08
  0.4222222222E-01  0.1708781509E+08
  0.4250000000E-01  0.1702072070E+08
  0.4277777778E-01  0.1695362608E+08
  0.4305555556E-01  0.1688653158E+08
  0.4333333333E-01  0.1681943698E+08
  0.4361111111E-01  0.1675234248E+08
  0.4388888889E-01  0.1668524819E+08
  0.4416666667E-01  0.1661815347E+08
  0.4444444444E-01  0.1655105898E+08
  0.4472222222E-01  0.1648396436E+08
  0.4500000000E-01  0.1641686987E+08
  0.4527777778E-01  0.1634709287E+08
  0.4555555556E-01  0.1627731568E+08
  0.4583333333E-01  0.1620753869E+08
  0.4611111111E-01  0.1613776150E+08
  0.4638888889E-01  0.1606798451E+08
  0.4666666667E-01  0.1599820730E+08
  0.4694444444E-01  0.1592843032E+08
  0.4722222222E-01  0.1585865312E+08
  0.4750000000E-01  0.1578887614E+08
  0.4777777778E-01  0.1571909894E+08
  0.4805555556E-01  0.1564932184E+08
  0.4833333333E-01  0.1557954442E+08
  0.4861111111E-01  0.1550976732E+08
  0.4888888889E-01  0.1543999024E+08
  0.4916666667E-01  0.1537021314E+08
  0.4944444444E-01  0.1530043605E+08
  0.4972222222E-01  0.1523065895E+08
  0.5000000000E-01  0.1516088186E+08
  0.5027777778E-01  0.1508972698E+08
  0.5055555556E-01  0.1501857177E+08
  0.5083333333E-01  0.1494741645E+08
  0.5111111111E-01  0.1487626147E+08
  0.5138888889E-01  0.1480510626E+08
  0.5166666667E-01  0.1473395138E+08
  0.5194444444E-01  0.1466279617E+08
  0.5222222222E-01  0.1459164086E+08
  0.5250000000E-01  0.1452048587E+08
  0.5277777778E-01  0.1444933077E+08
  0.5305555556E-01  0.1437817578E+08
  0.5333333333E-01  0.1430702058E+08
  0.5361111111E-01  0.1423586526E+08
  0.5388888889E-01  0.1416471027E+08
  0.5416666667E-01  0.1409355517E+08
  0.5444444444E-01  0.1402240018E+08
  0.5472222222E-01  0.1395124498E+08
  0.5500000000E-01  0.1388008966E+08
  0.5527777778E-01  0.1380880685E+08
  0.5555555556E-01  0.1373752359E+08
  0.5583333333E-01  0.1366624078E+08
  0.5611111111E-01  0.1359495763E+08
  0.5638888889E-01  0.1352367471E+08
  0.5666666667E-01  0.1345239156E+08
  0.5694444444E-01  0.1338110875E+08
  0.5722222222E-01  0.1330982549E+08
  0.5750000000E-01  0.1323854268E+08
  0.5777777778E-01  0.1316725997E+08
  0.5805555556E-01  0.1309597671E+08
  0.5833333333E-01  0.1302469390E+08
  0.5861111111E-01  0.1295341075E+08
  0.5888888889E-01  0.1288212783E+08
  0.5916666667E-01  0.1281084468E+08
  0.5944444444E-01  0.1273956187E+08
  0.5972222222E-01  0.1266827861E+08
  0.6000000000E-01  0.1259699580E+08
  0.6027777778E-01  0.1252675281E+08
  0.6055555556E-01  0.1245651002E+08
  0.6083333333E-01  0.1238626703E+08
  0.6111111111E-01  0.1231602424E+08
  0.6138888889E-01  0.1224578136E+08
  0.6166666667E-01  0.1217553847E+08
  0.6194444444E-01  0.1210529558E+08
  0.6222222222E-01  0.1203505269E+08
  0.6250000000E-01  0.1196480993E+08
  0.6277777778E-01  0.1189456705E+08
  0.6305555556E-01  0.1182432426E+08
  0.6333333333E-01  0.1175408127E+08
  0.6361111111E-01  0.1168383848E+08
  0.6388888889E-01  0.1161359560E+08
  0.6416666667E-01  0.1154335281E+08
  0.6444444444E-01  0.1147310982E+08
  0.6472222222E-01  0.1140286693E+08
  0.6500000000E-01  0.1133262414E+08
  0.6527777778E-01  0.1126447035E+08
  0.6555555556E-01  0.1119631667E+08
  0.6583333333E-01  0.1112816287E+08
  0.6611111111E-01  0.1106000915E+08
  0.6638888889E-01  0.1099185526E+08
  0.6666666667E-01  0.1092370158E+08
  0.6694444444E-01  0.1085554778E+08
  0.6722222222E-01  0.1078739410E+08
  0.6750000000E-01  0.1071924027E+08
  0.6777777778E-01  0.1065108659E+08
  0.6805555556E-01  0.1058293281E+08
  0.6833333333E-01  0.1051477906E+08
  0.6861111111E-01  0.1044662528E+08
  0.6888888889E-01  0.1037847145E+08
  0.6916666667E-01  0.1031031769E+08
  0.6944444444E-01  0.1024216396E+08
  0.6972222222E-01  0.1017401022E+08
  0.7000000000E-01  0.1010585644E+08
  0.7027777778E-01  0.1004070425E+08
  0.7055555556E-01  0.9975552156E+07
  0.7083333333E-01  0.9910399966E+07
  0.7111111111E-01  0.9845247771E+07
  0.7138888889E-01  0.9780095676E+07
  0.7166666667E-01  0.9714943493E+07
  0.7194444444E-01  0.9649791298E+07
  0.7222222222E-01  0.9584639138E+07
  0.7250000000E-01  0.9519487042E+07
  0.7277777778E-01  0.9454334859E+07
  0.7305555556E-01  0.9389182665E+07
  0.7333333333E-01  0.9324030573E+07
  0.7361111111E-01  0.9258878378E+07
  0.7388888889E-01  0.9193726195E+07
  0.7416666667E-01  0.9128574100E+07
  0.7444444444E-01  0.9063421905E+07
  0.7472222222E-01  0.8998269711E+07
  0.7500000000E-01  0.8933117616E+07
  0.7527777778E-01  0.8871721451E+07
  0.7555555556E-01  0.8810325348E+07
  0.7583333333E-01  0.8748929283E+07
  0.7611111111E-01  0.8687533213E+07
  0.7638888889E-01  0.8626137144E+07
  0.7666666667E-01  0.8564740945E+07
  0.7694444444E-01  0.8503344877E+07
  0.7722222222E-01  0.8441948811E+07
  0.7750000000E-01  0.8380552742E+07
  0.7777777778E-01  0.8319156677E+07
  0.7805555556E-01  0.8257760474E+07
  0.7833333333E-01  0.8196364405E+07
  0.7861111111E-01  0.8134968339E+07
  0.7888888889E-01  0.8073572271E+07
  0.7916666667E-01  0.8012176170E+07
  0.7944444444E-01  0.7950780002E+07
  0.7972222222E-01  0.7889383934E+07
  0.8000000000E-01  0.7827987867E+07
  0.8027777778E-01  0.7770940284E+07
  0.8055555556E-01  0.7713892678E+07
  0.8083333333E-01  0.7656845096E+07
  0.8111111111E-01  0.7599797524E+07
  0.8138888889E-01  0.7542749941E+07
  0.8166666667E-01  0.7485702358E+07
  0.8194444444E-01  0.7428654785E+07
  0.8222222222E-01  0.7371607170E+07
  0.8250000000E-01  0.7314559597E+07
  0.8277777778E-01  0.7257512015E+07
  0.8305555556E-01  0.7200464431E+07
  0.8333333333E-01  0.7143416860E+07
  0.8361111111E-01  0.7086369276E+07
  0.8388888889E-01  0.7029321671E+07
  0.8416666667E-01  0.6972274088E+07
  0.8444444444E-01  0.6915226505E+07
  0.8472222222E-01  0.6858178933E+07
  0.8500000000E-01  0.6801131350E+07
  0.8527777778E-01  0.6748854200E+07
  0.8555555556E-01  0.6696576972E+07
  0.8583333333E-01  0.6644299823E+07
  0.8611111111E-01  0.6592022595E+07
  0.8638888889E-01  0.6539745445E+07
  0.8666666667E-01  0.6487468218E+07
  0.8694444444E-01  0.6435191067E+07
  0.8722222222E-01  0.6382913852E+07
  0.8750000000E-01  0.6330636590E+07
  0.8777777778E-01  0.6278359474E+07
  0.8805555556E-01  0.6226082212E+07
  0.8833333333E-01  0.6173805097E+07
  0.8861111111E-01  0.6121527836E+07
  0.8888888889E-01  0.6069250719E+07
  0.8916666667E-01  0.6016973458E+07
  0.8944444444E-01  0.5964696308E+07
  0.8972222222E-01  0.5912419081E+07
  0.9000000000E-01  0.5860141930E+07
  0.9027777778E-01  0.5812893680E+07
  0.9055555556E-01  0.5765645397E+07
  0.9083333333E-01  0.5718397247E+07
  0.9111111111E-01  0.5671148963E+07
  0.9138888889E-01  0.5623900713E+07
  0.9166666667E-01  0.5576652541E+07
  0.9194444444E-01  0.5529404256E+07
  0.9222222222E-01  0.5482156106E+07
  0.9250000000E-01  0.5434907823E+07
  0.9277777778E-01  0.5387659603E+07
  0.9305555556E-01  0.5340411359E+07
  0.9333333333E-01  0.5293163149E+07
  0.9361111111E-01  0.5245914896E+07
  0.9388888889E-01  0.5198666653E+07
  0.9416666667E-01  0.5151418441E+07
  0.9444444444E-01  0.5104170198E+07
  0.9472222222E-01  0.5056922000E+07
  0.9500000000E-01  0.5009673745E+07
  0.9527777778E-01  0.4967557507E+07
  0.9555555556E-01  0.4925441260E+07
  0.9583333333E-01  0.4883325022E+07
  0.9611111111E-01  0.4841208786E+07
  0.9638888889E-01  0.4799092504E+07
  0.9666666667E-01  0.4756976266E+07
  0.9694444444E-01  0.4714860018E+07
  0.9722222222E-01  0.4672743781E+07
  0.9750000000E-01  0.4630627544E+07
  0.9777777778E-01  0.4588511296E+07
  0.9805555556E-01  0.4546395058E+07
  0.9833333333E-01  0.4504278777E+07
  0.9861111111E-01  0.4462162539E+07
  0.9888888889E-01  0.4420046302E+07
  0.9916666667E-01  0.4377930055E+07
  0.9944444444E-01  0.4335813816E+07
  0.9972222222E-01  0.4293697568E+07
  0.1000000000E+00  0.4251581331E+07
  0.1002777778E+00  0.4214556060E+07
  0.1005555556E+00  0.4177530834E+07
  0.1008333333E+00  0.4140505573E+07
  0.1011111111E+00  0.4103480347E+07
  0.1013888889E+00  0.4066455110E+07
  0.1016666667E+00  0.4029429850E+07
  0.1019444444E+00  0.3992404623E+07
  0.1022222222E+00  0.3955379375E+07
  0.1025000000E+00  0.3918354115E+07
  0.1027777778E+00  0.3881328888E+07
  0.1030555556E+00  0.3844303661E+07
  0.1033333333E+00  0.3807278392E+07
  0.1036111111E+00  0.3770253164E+07
  0.1038888889E+00  0.3733227937E+07
  0.1041666667E+00  0.3696202668E+07
  0.1044444444E+00  0.3659177429E+07
  0.1047222222E+00  0.3622152203E+07
  0.1050000000E+00  0.3585126932E+07
  0.1052777778E+00  0.3553031636E+07
  0.1055555556E+00  0.3520936307E+07
  0.1058333333E+00  0.3488840999E+07
  0.1061111111E+00  0.3456745669E+07
  0.1063888889E+00  0.3424650373E+07
  0.1066666667E+00  0.3392555032E+07
  0.1069444444E+00  0.3360459735E+07
  0.1072222222E+00  0.3328364405E+07
  0.1075000000E+00  0.3296269110E+07
  0.1077777778E+00  0.3264173769E+07
  0.1080555556E+00  0.3232078472E+07
  0.1083333333E+00  0.3199983142E+07
  0.1086111111E+00  0.3167887846E+07
  0.1088888889E+00  0.3135792505E+07
  0.1091666667E+00  0.3103697209E+07
  0.1094444444E+00  0.3071601879E+07
  0.1097222222E+00  0.3039506572E+07
  0.1100000000E+00  0.3007411242E+07
  0.1102777778E+00  0.2979978363E+07
  0.1105555556E+00  0.2952545506E+07
  0.1108333333E+00  0.2925112616E+07
  0.1111111111E+00  0.2897679770E+07
  0.1113888889E+00  0.2870246890E+07
  0.1116666667E+00  0.2842814011E+07
  0.1119444444E+00  0.2815381154E+07
  0.1122222222E+00  0.2787948264E+07
  0.1125000000E+00  0.2760515418E+07
  0.1127777778E+00  0.2733082528E+07
  0.1130555556E+00  0.2705649649E+07
  0.1133333333E+00  0.2678216802E+07
  0.1136111111E+00  0.2650783923E+07
  0.1138888889E+00  0.2623351066E+07
  0.1141666667E+00  0.2595918176E+07
  0.1144444444E+00  0.2568485297E+07
  0.1147222222E+00  0.2541052440E+07
  0.1150000000E+00  0.2513619561E+07
  0.1152777778E+00  0.2490501959E+07
  0.1155555556E+00  0.2467384369E+07
  0.1158333333E+00  0.2444266768E+07
  0.1161111111E+00  0.2421149178E+07
  0.1163888889E+00  0.2398031588E+07
  0.1166666667E+00  0.2374913987E+07
  0.1169444444E+00  0.2351796397E+07
  0.1172222222E+00  0.2328678806E+07
  0.1175000000E+00  0.2305561205E+07
  0.1177777778E+00  0.2282443615E+07
  0.1180555556E+00  0.2259326025E+07
  0.1183333333E+00  0.2236208424E+07
  0.1186111111E+00  0.2213090834E+07
  0.1188888889E+00  0.2189973233E+07
  0.1191666667E+00  0.2166855642E+07
  0.1194444444E+00  0.2143738052E+07
  0.1197222222E+00  0.2120620451E+07
  0.1200000000E+00  0.2097502861E+07
  0.1202777778E+00  0.2078294581E+07
  0.1205555556E+00  0.2059086334E+07
  0.1208333333E+00  0.2039878064E+07
  0.1211111111E+00  0.2020669773E+07
  0.1213888889E+00  0.2001461503E+07
  0.1216666667E+00  0.1982253223E+07
  0.1219444444E+00  0.1963044987E+07
  0.1222222222E+00  0.1943836707E+07
  0.1225000000E+00  0.1924628427E+07
  0.1227777778E+00  0.1905420157E+07
  0.1230555556E+00  0.1886211910E+07
  0.1233333333E+00  0.1867003629E+07
  0.1236111111E+00  0.1847795349E+07
  0.1238888889E+00  0.1828587069E+07
  0.1241666667E+00  0.1809378799E+07
  0.1244444444E+00  0.1790170552E+07
  0.1247222222E+00  0.1770962282E+07
  0.1250000000E+00  0.1751754002E+07
  0.1252777778E+00  0.1736012255E+07
  0.1255555556E+00  0.1720270507E+07
  0.1258333333E+00  0.1704528793E+07
  0.1261111111E+00  0.1688787045E+07
  0.1263888889E+00  0.1673045309E+07
  0.1266666667E+00  0.1657303561E+07
  0.1269444444E+00  0.1641561814E+07
  0.1272222222E+00  0.1625820090E+07
  0.1275000000E+00  0.1610078342E+07
  0.1277777778E+00  0.1594336605E+07
  0.1280555556E+00  0.1578594858E+07
  0.1283333333E+00  0.1562853110E+07
  0.1286111111E+00  0.1547111396E+07
  0.1288888889E+00  0.1531369648E+07
  0.1291666667E+00  0.1515627912E+07
  0.1294444444E+00  0.1499886164E+07
  0.1297222222E+00  0.1484144417E+07
  0.1300000000E+00  0.1468402703E+07
  0.1302777778E+00  0.1455669750E+07
  0.1305555556E+00  0.1442936852E+07
  0.1308333333E+00  0.1430203943E+07
  0.1311111111E+00  0.1417471033E+07
  0.1313888889E+00  0.1404738124E+07
  0.1316666667E+00  0.1392005215E+07
  0.1319444444E+00  0.1379272296E+07
  0.1322222222E+00  0.1366539387E+07
  0.1325000000E+00  0.1353806477E+07
  0.1327777778E+00  0.1341073568E+07
  0.1330555556E+00  0.1328340659E+07
  0.1333333333E+00  0.1315607751E+07
  0.1336111111E+00  0.1302874842E+07
  0.1338888889E+00  0.1290141932E+07
  0.1341666667E+00  0.1277408990E+07
  0.1344444444E+00  0.1264676081E+07
  0.1347222222E+00  0.1251943161E+07
  0.1350000000E+00  0.1239210252E+07
  0.1352777778E+00  0.1229030556E+07
  0.1355555556E+00  0.1218850838E+07
  0.1358333333E+00  0.1208671132E+07
  0.1361111111E+00  0.1198491425E+07
  0.1363888889E+00  0.1188311719E+07
  0.1366666667E+00  0.1178132035E+07
  0.1369444444E+00  0.1167952339E+07
  0.1372222222E+00  0.1157772621E+07
  0.1375000000E+00  0.1147592915E+07
  0.1377777778E+00  0.1137413208E+07
  0.1380555556E+00  0.1127233501E+07
  0.1383333333E+00  0.1117053784E+07
  0.1386111111E+00  0.1106874088E+07
  0.1388888889E+00  0.1096694370E+07
  0.1391666667E+00  0.1086514674E+07
  0.1394444444E+00  0.1076334957E+07
  0.1397222222E+00  0.1066155251E+07
  0.1400000000E+00  0.1055975543E+07
  0.1402777778E+00  0.1047912323E+07
  0.1405555556E+00  0.1039849126E+07
  0.1408333333E+00  0.1031785906E+07
  0.1411111111E+00  0.1023722675E+07
  0.1413888889E+00  0.1015659488E+07
  0.1416666667E+00  0.1007596267E+07
  0.1419444444E+00  0.9995330473E+06
  0.1422222222E+00  0.9914698496E+06
  0.1425000000E+00  0.9834066219E+06
  0.1427777778E+00  0.9753434120E+06
  0.1430555556E+00  0.9672801910E+06
  0.1433333333E+00  0.9592169845E+06
  0.1436111111E+00  0.9511537734E+06
  0.1438888889E+00  0.9430905635E+06
  0.1441666667E+00  0.9350273458E+06
  0.1444444444E+00  0.9269641360E+06
  0.1447222222E+00  0.9189009149E+06
  0.1450000000E+00  0.9108377084E+06
  0.1452777778E+00  0.9044854032E+06
  0.1455555556E+00  0.8981330848E+06
  0.1458333333E+00  0.8917807908E+06
  0.1461111111E+00  0.8854284757E+06
  0.1463888889E+00  0.8790761684E+06
  0.1466666667E+00  0.8727238633E+06
  0.1469444444E+00  0.8663715482E+06
  0.1472222222E+00  0.8600192543E+06
  0.1475000000E+00  0.8536669358E+06
  0.1477777778E+00  0.8473146318E+06
  0.1480555556E+00  0.8409623267E+06
  0.1483333333E+00  0.8346100161E+06
  0.1486111111E+00  0.8282577121E+06
  0.1488888889E+00  0.8219054015E+06
  0.1491666667E+00  0.8155531008E+06
  0.1494444444E+00  0.8092007868E+06
  0.1497222222E+00  0.8028484762E+06
  0.1500000000E+00  0.7964961755E+06
  0.1502777778E+00  0.7914895083E+06
  0.1505555556E+00  0.7864828378E+06
  0.1508333333E+00  0.7814761806E+06
  0.1511111111E+00  0.7764695134E+06
  0.1513888889E+00  0.7714628428E+06
  0.1516666667E+00  0.7664561868E+06
  0.1519444444E+00  0.7614495196E+06
  0.1522222222E+00  0.7564428524E+06
  0.1525000000E+00  0.7514361918E+06
  0.1527777778E+00  0.7464295246E+06
  0.1530555556E+00  0.7414228574E+06
  0.1533333333E+00  0.7364161969E+06
  0.1536111111E+00  0.7314095308E+06
  0.1538888889E+00  0.7264028636E+06
  0.1541666667E+00  0.7213962031E+06
  0.1544444444E+00  0.7163895359E+06
  0.1547222222E+00  0.7113828687E+06
  0.1550000000E+00  0.7063762082E+06
  0.1552777778E+00  0.7023968377E+06
  0.1555555556E+00  0.6984174728E+06
  0.1558333333E+00  0.6944381078E+06
  0.1561111111E+00  0.6904587462E+06
  0.1563888889E+00  0.6864793813E+06
  0.1566666667E+00  0.6825000174E+06
  0.1569444444E+00  0.6785206458E+06
  0.1572222222E+00  0.6745412809E+06
  0.1575000000E+00  0.6705619159E+06
  0.1577777778E+00  0.6665825521E+06
  0.1580555556E+00  0.6626031906E+06
  0.1583333333E+00  0.6586238157E+06
  0.1586111111E+00  0.6546444507E+06
  0.1588888889E+00  0.6506650891E+06
  0.1591666667E+00  0.6466857252E+06
  0.1594444444E+00  0.6427063603E+06
  0.1597222222E+00  0.6387269853E+06
  0.1600000000E+00  0.6347476237E+06
  0.1602777778E+00  0.6315271725E+06
  0.1605555556E+00  0.6283067212E+06
  0.1608333333E+00  0.6250862599E+06
  0.1611111111E+00  0.6218658086E+06
  0.1613888889E+00  0.6186453561E+06
  0.1616666667E+00  0.6154249081E+06
  0.1619444444E+00  0.6122044469E+06
  0.1622222222E+00  0.6089839956E+06
  0.1625000000E+00  0.6057635443E+06
  0.1627777778E+00  0.6025430930E+06
  0.1630555556E+00  0.5993226305E+06
  0.1633333333E+00  0.5961021793E+06
  0.1636111111E+00  0.5928817313E+06
  0.1638888889E+00  0.5896612700E+06
  0.1641666667E+00  0.5864408187E+06
  0.1644444444E+00  0.5832203673E+06
  0.1647222222E+00  0.5799999150E+06
  0.1650000000E+00  0.5767794537E+06
  0.1652777778E+00  0.5740992295E+06
  0.1655555556E+00  0.5714190051E+06
  0.1658333333E+00  0.5687387709E+06
  0.1661111111E+00  0.5660585456E+06
  0.1663888889E+00  0.5633783214E+06
  0.1666666667E+00  0.5606980839E+06
  0.1669444444E+00  0.5580178595E+06
  0.1672222222E+00  0.5553376353E+06
  0.1675000000E+00  0.5526574000E+06
  0.1677777778E+00  0.5499771758E+06
  0.1680555556E+00  0.5472969416E+06
  0.1683333333E+00  0.5446167173E+06
  0.1686111111E+00  0.5419364897E+06
  0.1688888889E+00  0.5392562543E+06
  0.1691666667E+00  0.5365760301E+06
  0.1694444444E+00  0.5338958059E+06
  0.1697222222E+00  0.5312155717E+06
  0.1700000000E+00  0.5285353464E+06
  0.1702777778E+00  0.5262253640E+06
  0.1705555556E+00  0.5239153806E+06
  0.1708333333E+00  0.5216054006E+06
  0.1711111111E+00  0.5192954181E+06
  0.1713888889E+00  0.5169854348E+06
  0.1716666667E+00  0.5146754514E+06
  0.1719444444E+00  0.5123654823E+06
  0.1722222222E+00  0.5100554989E+06
  0.1725000000E+00  0.5077455155E+06
  0.1727777778E+00  0.5054355365E+06
  0.1730555556E+00  0.5031255531E+06
  0.1733333333E+00  0.5008155697E+06
  0.1736111111E+00  0.4985055873E+06
  0.1738888889E+00  0.4961956072E+06
  0.1741666667E+00  0.4938856239E+06
  0.1744444444E+00  0.4915756415E+06
  0.1747222222E+00  0.4892656614E+06
  0.1750000000E+00  0.4869556780E+06
  0.1752777778E+00  0.4848900545E+06
  0.1755555556E+00  0.4828244355E+06
  0.1758333333E+00  0.4807588119E+06
  0.1761111111E+00  0.4786931884E+06
  0.1763888889E+00  0.4766275682E+06
  0.1766666667E+00  0.4745619347E+06
  0.1769444444E+00  0.4724963146E+06
  0.1772222222E+00  0.4704306911E+06
  0.1775000000E+00  0.4683650686E+06
  0.1777777778E+00  0.4662994455E+06
  0.1780555556E+00  0.4642338200E+06
  0.1783333333E+00  0.4621681955E+06
  0.1786111111E+00  0.4601025733E+06
  0.1788888889E+00  0.4580369477E+06
  0.1791666667E+00  0.4559713266E+06
  0.1794444444E+00  0.4539057011E+06
  0.1797222222E+00  0.4518400768E+06
  0.1800000000E+00  0.4497744556E+06
  0.1802777778E+00  0.4478662206E+06
  0.1805555556E+00  0.4459579899E+06
  0.1808333333E+00  0.4440497559E+06
  0.1811111111E+00  0.4421415209E+06
  0.1813888889E+00  0.4402332904E+06
  0.1816666667E+00  0.4383250554E+06
  0.1819444444E+00  0.4364168259E+06
  0.1822222222E+00  0.4345085909E+06
  0.1825000000E+00  0.4326003603E+06
  0.1827777778E+00  0.4306921263E+06
  0.1830555556E+00  0.4287838946E+06
  0.1833333333E+00  0.4268756607E+06
  0.1836111111E+00  0.4249674290E+06
  0.1838888889E+00  0.4230591961E+06
  0.1841666667E+00  0.4211509611E+06
  0.1844444444E+00  0.4192427306E+06
  0.1847222222E+00  0.4173344966E+06
  0.1850000000E+00  0.4154262649E+06
  0.1852777778E+00  0.4136215733E+06
  0.1855555556E+00  0.4118168807E+06
  0.1858333333E+00  0.4100121892E+06
  0.1861111111E+00  0.4082074998E+06
  0.1863888889E+00  0.4064028072E+06
  0.1866666667E+00  0.4045981157E+06
  0.1869444444E+00  0.4027934230E+06
  0.1872222222E+00  0.4009887315E+06
  0.1875000000E+00  0.3991840421E+06
  0.1877777778E+00  0.3973793485E+06
  0.1880555556E+00  0.3955746570E+06
  0.1883333333E+00  0.3937699642E+06
  0.1886111111E+00  0.3919652716E+06
  0.1888888889E+00  0.3901605835E+06
  0.1891666667E+00  0.3883558907E+06
  0.1894444444E+00  0.3865511993E+06
  0.1897222222E+00  0.3847465066E+06
  0.1900000000E+00  0.3829418139E+06
  0.1902777778E+00  0.3812131025E+06
  0.1905555556E+00  0.3794843868E+06
  0.1908333333E+00  0.3777556710E+06
  0.1911111111E+00  0.3760269596E+06
  0.1913888889E+00  0.3742982437E+06
  0.1916666667E+00  0.3725695324E+06
  0.1919444444E+00  0.3708408167E+06
  0.1922222222E+00  0.3691121009E+06
  0.1925000000E+00  0.3673833884E+06
  0.1927777778E+00  0.3656546726E+06
  0.1930555556E+00  0.3639259622E+06
  0.1933333333E+00  0.3621972465E+06
  0.1936111111E+00  0.3604685307E+06
  0.1938888889E+00  0.3587398182E+06
  0.1941666667E+00  0.3570111024E+06
  0.1944444444E+00  0.3552823911E+06
  0.1947222222E+00  0.3535536754E+06
  0.1950000000E+00  0.3518249606E+06
  0.1952777778E+00  0.3501646293E+06
  0.1955555556E+00  0.3485042937E+06
  0.1958333333E+00  0.3468439623E+06
  0.1961111111E+00  0.3451836277E+06
  0.1963888889E+00  0.3435232965E+06
  0.1966666667E+00  0.3418629619E+06
  0.1969444444E+00  0.3402026306E+06
  0.1972222222E+00  0.3385422971E+06
  0.1975000000E+00  0.3368819659E+06
  0.1977777778E+00  0.3352216346E+06
  0.1980555556E+00  0.3335613000E+06
  0.1983333333E+00  0.3319009676E+06
  0.1986111111E+00  0.3302406330E+06
  0.1988888889E+00  0.3285803017E+06
  0.1991666667E+00  0.3269199671E+06
  0.1994444444E+00  0.3252596359E+06
  0.1997222222E+00  0.3235993012E+06
  0.2000000000E+00  0.3219389700E+06
  0.2002777778E+00  0.3203528595E+06
  0.2005555556E+00  0.3187667521E+06
  0.2008333333E+00  0.3171806439E+06
  0.2011111111E+00  0.3155945368E+06
  0.2013888889E+00  0.3140084284E+06
  0.2016666667E+00  0.3124223189E+06
  0.2019444444E+00  0.3108362107E+06
  0.2022222222E+00  0.3092501024E+06
  0.2025000000E+00  0.3076639962E+06
  0.2027777778E+00  0.3060778880E+06
  0.2030555556E+00  0.3044917763E+06
  0.2033333333E+00  0.3029056702E+06
  0.2036111111E+00  0.3013195619E+06
  0.2038888889E+00  0.2997334547E+06
  0.2041666667E+00  0.2981473475E+06
  0.2044444444E+00  0.2965612359E+06
  0.2047222222E+00  0.2949751286E+06
  0.2050000000E+00  0.2933890214E+06
  0.2052777778E+00  0.2918913759E+06
  0.2055555556E+00  0.2903937304E+06
  0.2058333333E+00  0.2888960839E+06
  0.2061111111E+00  0.2873984384E+06
  0.2063888889E+00  0.2859007895E+06
  0.2066666667E+00  0.2844031441E+06
  0.2069444444E+00  0.2829054974E+06
  0.2072222222E+00  0.2814078520E+06
  0.2075000000E+00  0.2799102065E+06
  0.2077777778E+00  0.2784125610E+06
  0.2080555556E+00  0.2769149155E+06
  0.2083333333E+00  0.2754172667E+06
  0.2086111111E+00  0.2739196211E+06
  0.2088888889E+00  0.2724219757E+06
  0.2091666667E+00  0.2709243301E+06
  0.2094444444E+00  0.2694266846E+06
  0.2097222222E+00  0.2679290381E+06
  0.2100000000E+00  0.2664313925E+06
  0.2102777778E+00  0.2650398433E+06
  0.2105555556E+00  0.2636482951E+06
  0.2108333333E+00  0.2622567457E+06
  0.2111111111E+00  0.2608651975E+06
  0.2113888889E+00  0.2594736483E+06
  0.2116666667E+00  0.2580820989E+06
  0.2119444444E+00  0.2566905507E+06
  0.2122222222E+00  0.2552990014E+06
  0.2125000000E+00  0.2539074522E+06
  0.2127777778E+00  0.2525159039E+06
  0.2130555556E+00  0.2511243546E+06
  0.2133333333E+00  0.2497328063E+06
  0.2136111111E+00  0.2483412581E+06
  0.2138888889E+00  0.2469497077E+06
  0.2141666667E+00  0.2455581595E+06
  0.2144444444E+00  0.2441666146E+06
  0.2147222222E+00  0.2427750653E+06
  0.2150000000E+00  0.2413835160E+06
  0.2152777778E+00  0.2401152559E+06
  0.2155555556E+00  0.2388469937E+06
  0.2158333333E+00  0.2375787326E+06
  0.2161111111E+00  0.2363104715E+06
  0.2163888889E+00  0.2350422138E+06
  0.2166666667E+00  0.2337739516E+06
  0.2169444444E+00  0.2325056905E+06
  0.2172222222E+00  0.2312374294E+06
  0.2175000000E+00  0.2299691682E+06
  0.2177777778E+00  0.2287009071E+06
  0.2180555556E+00  0.2274326493E+06
  0.2183333333E+00  0.2261643882E+06
  0.2186111111E+00  0.2248961260E+06
  0.2188888889E+00  0.2236278649E+06
  0.2191666667E+00  0.2223596038E+06
  0.2194444444E+00  0.2210913471E+06
  0.2197222222E+00  0.2198230849E+06
  0.2200000000E+00  0.2185548238E+06
  0.2202777778E+00  0.2174241313E+06
  0.2205555556E+00  0.2162934388E+06
  0.2208333333E+00  0.2151627495E+06
  0.2211111111E+00  0.2140320571E+06
  0.2213888889E+00  0.2129013646E+06
  0.2216666667E+00  0.2117706720E+06
  0.2219444444E+00  0.2106399795E+06
  0.2222222222E+00  0.2095092904E+06
  0.2225000000E+00  0.2083785979E+06
  0.2227777778E+00  0.2072479053E+06
  0.2230555556E+00  0.2061172128E+06
  0.2233333333E+00  0.2049865237E+06
  0.2236111111E+00  0.2038558322E+06
  0.2238888889E+00  0.2027251386E+06
  0.2241666667E+00  0.2015944461E+06
  0.2244444444E+00  0.2004637536E+06
  0.2247222222E+00  0.1993330644E+06
  0.2250000000E+00  0.1982023719E+06
  0.2252777778E+00  0.1972184028E+06
  0.2255555556E+00  0.1962344316E+06
  0.2258333333E+00  0.1952504626E+06
  0.2261111111E+00  0.1942664914E+06
  0.2263888889E+00  0.1932825223E+06
  0.2266666667E+00  0.1922985521E+06
  0.2269444444E+00  0.1913145820E+06
  0.2272222222E+00  0.1903306118E+06
  0.2275000000E+00  0.1893466418E+06
  0.2277777778E+00  0.1883626716E+06
  0.2280555556E+00  0.1873787025E+06
  0.2283333333E+00  0.1863947313E+06
  0.2286111111E+00  0.1854107622E+06
  0.2288888889E+00  0.1844267911E+06
  0.2291666667E+00  0.1834428220E+06
  0.2294444444E+00  0.1824588518E+06
  0.2297222222E+00  0.1814748817E+06
  0.2300000000E+00  0.1804909115E+06
  0.2302777778E+00  0.1796570818E+06
  0.2305555556E+00  0.1788232530E+06
  0.2308333333E+00  0.1779894233E+06
  0.2311111111E+00  0.1771555945E+06
  0.2313888889E+00  0.1763217659E+06
  0.2316666667E+00  0.1754879371E+06
  0.2319444444E+00  0.1746541074E+06
  0.2322222222E+00  0.1738202786E+06
  0.2325000000E+00  0.1729864499E+06
  0.2327777778E+00  0.1721526201E+06
  0.2330555556E+00  0.1713187914E+06
  0.2333333333E+00  0.1704849616E+06
  0.2336111111E+00  0.1696511340E+06
  0.2338888889E+00  0.1688173042E+06
  0.2341666667E+00  0.1679834755E+06
  0.2344444444E+00  0.1671496457E+06
  0.2347222222E+00  0.1663158170E+06
  0.2350000000E+00  0.1654819872E+06
  0.2352777778E+00  0.1647954802E+06
  0.2355555556E+00  0.1641089697E+06
  0.2358333333E+00  0.1634224582E+06
  0.2361111111E+00  0.1627359478E+06
  0.2363888889E+00  0.1620494363E+06
  0.2366666667E+00  0.1613629293E+06
  0.2369444444E+00  0.1606764188E+06
  0.2372222222E+00  0.1599899084E+06
  0.2375000000E+00  0.1593033969E+06
  0.2377777778E+00  0.1586168888E+06
  0.2380555556E+00  0.1579303784E+06
  0.2383333333E+00  0.1572438679E+06
  0.2386111111E+00  0.1565573575E+06
  0.2388888889E+00  0.1558708493E+06
  0.2391666667E+00  0.1551843378E+06
  0.2394444444E+00  0.1544978284E+06
  0.2397222222E+00  0.1538113170E+06
  0.2400000000E+00  0.1531248066E+06
  0.2402777778E+00  0.1525770787E+06
  0.2405555556E+00  0.1520293518E+06
  0.2408333333E+00  0.1514816206E+06
  0.2411111111E+00  0.1509338927E+06
  0.2413888889E+00  0.1503861625E+06
  0.2416666667E+00  0.1498384346E+06
  0.2419444444E+00  0.1492907088E+06
  0.2422222222E+00  0.1487429776E+06
  0.2425000000E+00  0.1481952497E+06
  0.2427777778E+00  0.1476475195E+06
  0.2430555556E+00  0.1470997916E+06
  0.2433333333E+00  0.1465520637E+06
  0.2436111111E+00  0.1460043335E+06
  0.2438888889E+00  0.1454566056E+06
  0.2441666667E+00  0.1449088744E+06
  0.2444444444E+00  0.1443611475E+06
  0.2447222222E+00  0.1438134208E+06
  0.2450000000E+00  0.1432656895E+06
  0.2452777778E+00  0.1428433358E+06
  0.2455555556E+00  0.1424209777E+06
  0.2458333333E+00  0.1419986230E+06
  0.2461111111E+00  0.1415762649E+06
  0.2463888889E+00  0.1411539102E+06
  0.2466666667E+00  0.1407315521E+06
  0.2469444444E+00  0.1403091974E+06
  0.2472222222E+00  0.1398868426E+06
  0.2475000000E+00  0.1394644845E+06
  0.2477777778E+00  0.1390421298E+06
  0.2480555556E+00  0.1386197717E+06
  0.2483333333E+00  0.1381974181E+06
  0.2486111111E+00  0.1377750600E+06
  0.2488888889E+00  0.1373527053E+06
  0.2491666667E+00  0.1369303472E+06
  0.2494444444E+00  0.1365079925E+06
  0.2497222222E+00  0.1360856344E+06
  0.2500000000E+00  0.1356632797E+06
  0.2502777778E+00  0.1353490908E+06
  0.2505555556E+00  0.1350348998E+06
  0.2508333333E+00  0.1347207099E+06
  0.2511111111E+00  0.1344065178E+06
  0.2513888889E+00  0.1340923300E+06
  0.2516666667E+00  0.1337781412E+06
  0.2519444444E+00  0.1334639490E+06
  0.2522222222E+00  0.1331497613E+06
  0.2525000000E+00  0.1328355724E+06
  0.2527777778E+00  0.1325213803E+06
  0.2530555556E+00  0.1322071914E+06
  0.2533333333E+00  0.1318930037E+06
  0.2536111111E+00  0.1315788105E+06
  0.2538888889E+00  0.1312646217E+06
  0.2541666667E+00  0.1309504306E+06
  0.2544444444E+00  0.1306362418E+06
  0.2547222222E+00  0.1303220529E+06
  0.2550000000E+00  0.1300078629E+06
  0.2552777778E+00  0.1297823093E+06
  0.2555555556E+00  0.1295567556E+06
  0.2558333333E+00  0.1293312031E+06
  0.2561111111E+00  0.1291056493E+06
  0.2563888889E+00  0.1288800969E+06
  0.2566666667E+00  0.1286545420E+06
  0.2569444444E+00  0.1284289896E+06
  0.2572222222E+00  0.1282034358E+06
  0.2575000000E+00  0.1279778833E+06
  0.2577777778E+00  0.1277523285E+06
  0.2580555556E+00  0.1275267760E+06
  0.2583333333E+00  0.1273012222E+06
  0.2586111111E+00  0.1270756698E+06
  0.2588888889E+00  0.1268501152E+06
  0.2591666667E+00  0.1266245625E+06
  0.2594444444E+00  0.1263990090E+06
  0.2597222222E+00  0.1261734562E+06
  0.2600000000E+00  0.1259479017E+06
  0.2602777778E+00  0.1257902797E+06
  0.2605555556E+00  0.1256326563E+06
  0.2608333333E+00  0.1254750343E+06
  0.2611111111E+00  0.1253174112E+06
  0.2613888889E+00  0.1251597892E+06
  0.2616666667E+00  0.1250021662E+06
  0.2619444444E+00  0.1248445441E+06
  0.2622222222E+00  0.1246869211E+06
  0.2625000000E+00  0.1245292981E+06
  0.2627777778E+00  0.1243716761E+06
  0.2630555556E+00  0.1242140530E+06
  0.2633333333E+00  0.1240564310E+06
  0.2636111111E+00  0.1238988076E+06
  0.2638888889E+00  0.1237411856E+06
  0.2641666667E+00  0.1235835624E+06
  0.2644444444E+00  0.1234259402E+06
  0.2647222222E+00  0.1232683172E+06
  0.2650000000E+00  0.1231106940E+06
  0.2652777778E+00  0.1230005294E+06
  0.2655555556E+00  0.1228903641E+06
  0.2658333333E+00  0.1227801984E+06
  0.2661111111E+00  0.1226700337E+06
  0.2663888889E+00  0.1225598680E+06
  0.2666666667E+00  0.1224497027E+06
  0.2669444444E+00  0.1223395370E+06
  0.2672222222E+00  0.1222293723E+06
  0.2675000000E+00  0.1221192070E+06
  0.2677777778E+00  0.1220090414E+06
  0.2680555556E+00  0.1218988767E+06
  0.2683333333E+00  0.1217887111E+06
  0.2686111111E+00  0.1216785456E+06
  0.2688888889E+00  0.1215683810E+06
  0.2691666667E+00  0.1214582153E+06
  0.2694444444E+00  0.1213480500E+06
  0.2697222222E+00  0.1212378843E+06
  0.2700000000E+00  0.1211277197E+06
  0.2702777778E+00  0.1210458640E+06
  0.2705555556E+00  0.1209640085E+06
  0.2708333333E+00  0.1208821542E+06
  0.2711111111E+00  0.1208002985E+06
  0.2713888889E+00  0.1207184430E+06
  0.2716666667E+00  0.1206365873E+06
  0.2719444444E+00  0.1205547328E+06
  0.2722222222E+00  0.1204728771E+06
  0.2725000000E+00  0.1203910216E+06
  0.2727777778E+00  0.1203091673E+06
  0.2730555556E+00  0.1202273116E+06
  0.2733333333E+00  0.1201454561E+06
  0.2736111111E+00  0.1200636004E+06
  0.2738888889E+00  0.1199817459E+06
  0.2741666667E+00  0.1198998903E+06
  0.2744444444E+00  0.1198180346E+06
  0.2747222222E+00  0.1197361801E+06
  0.2750000000E+00  0.1196543247E+06
  0.2752777778E+00  0.1195837975E+06
  0.2755555556E+00  0.1195132706E+06
  0.2758333333E+00  0.1194427433E+06
  0.2761111111E+00  0.1193722163E+06
  0.2763888889E+00  0.1193016900E+06
  0.2766666667E+00  0.1192311631E+06
  0.2769444444E+00  0.1191606359E+06
  0.2772222222E+00  0.1190901089E+06
  0.2775000000E+00  0.1190195816E+06
  0.2777777778E+00  0.1189490547E+06
  0.2780555556E+00  0.1188785274E+06
  0.2783333333E+00  0.1188080015E+06
  0.2786111111E+00  0.1187374742E+06
  0.2788888889E+00  0.1186669473E+06
  0.2791666667E+00  0.1185964203E+06
  0.2794444444E+00  0.1185258931E+06
  0.2797222222E+00  0.1184553662E+06
  0.2800000000E+00  0.1183848389E+06
  0.2802777778E+00  0.1183115468E+06
  0.2805555556E+00  0.1182382538E+06
  0.2808333333E+00  0.1181649608E+06
  0.2811111111E+00  0.1180916677E+06
  0.2813888889E+00  0.1180183757E+06
  0.2816666667E+00  0.1179450827E+06
  0.2819444444E+00  0.1178717897E+06
  0.2822222222E+00  0.1177984967E+06
  0.2825000000E+00  0.1177252046E+06
  0.2827777778E+00  0.1176519116E+06
  0.2830555556E+00  0.1175786186E+06
  0.2833333333E+00  0.1175053255E+06
  0.2836111111E+00  0.1174320335E+06
  0.2838888889E+00  0.1173587408E+06
  0.2841666667E+00  0.1172854477E+06
  0.2844444444E+00  0.1172121548E+06
  0.2847222222E+00  0.1171388627E+06
  0.2850000000E+00  0.1170655697E+06
  0.2852777778E+00  0.1169787469E+06
  0.2855555556E+00  0.1168919244E+06
  0.2858333333E+00  0.1168051025E+06
  0.2861111111E+00  0.1167182800E+06
  0.2863888889E+00  0.1166314572E+06
  0.2866666667E+00  0.1165446347E+06
  0.2869444444E+00  0.1164578129E+06
  0.2872222222E+00  0.1163709903E+06
  0.2875000000E+00  0.1162841676E+06
  0.2877777778E+00  0.1161973450E+06
  0.2880555556E+00  0.1161105233E+06
  0.2883333333E+00  0.1160237007E+06
  0.2886111111E+00  0.1159368779E+06
  0.2888888889E+00  0.1158500551E+06
  0.2891666667E+00  0.1157632336E+06
  0.2894444444E+00  0.1156764107E+06
  0.2897222222E+00  0.1155895883E+06
  0.2900000000E+00  0.1155027654E+06
  0.2902777778E+00  0.1153950200E+06
  0.2905555556E+00  0.1152872732E+06
  0.2908333333E+00  0.1151795264E+06
  0.2911111111E+00  0.1150717796E+06
  0.2913888889E+00  0.1149640338E+06
  0.2916666667E+00  0.1148562874E+06
  0.2919444444E+00  0.1147485406E+06
  0.2922222222E+00  0.1146407939E+06
  0.2925000000E+00  0.1145330482E+06
  0.2927777778E+00  0.1144253014E+06
  0.2930555556E+00  0.1143175549E+06
  0.2933333333E+00  0.1142098082E+06
  0.2936111111E+00  0.1141020624E+06
  0.2938888889E+00  0.1139943156E+06
  0.2941666667E+00  0.1138865688E+06
  0.2944444444E+00  0.1137788220E+06
  0.2947222222E+00  0.1136710766E+06
  0.2950000000E+00  0.1135633298E+06
  0.2952777778E+00  0.1134308040E+06
  0.2955555556E+00  0.1132982781E+06
  0.2958333333E+00  0.1131657523E+06
  0.2961111111E+00  0.1130332275E+06
  0.2963888889E+00  0.1129007016E+06
  0.2966666667E+00  0.1127681758E+06
  0.2969444444E+00  0.1126356500E+06
  0.2972222222E+00  0.1125031245E+06
  0.2975000000E+00  0.1123705986E+06
  0.2977777778E+00  0.1122380738E+06
  0.2980555556E+00  0.1121055480E+06
  0.2983333333E+00  0.1119730221E+06
  0.2986111111E+00  0.1118404963E+06
  0.2988888889E+00  0.1117079705E+06
  0.2991666667E+00  0.1115754446E+06
  0.2994444444E+00  0.1114429198E+06
  0.2997222222E+00  0.1113103940E+06
  0.3000000000E+00  0.1111778681E+06
  0.3002777778E+00  0.1110197791E+06
  0.3005555556E+00  0.1108616895E+06
  0.3008333333E+00  0.1107036001E+06
  0.3011111111E+00  0.1105455109E+06
  0.3013888889E+00  0.1103874215E+06
  0.3016666667E+00  0.1102293319E+06
  0.3019444444E+00  0.1100712429E+06
  0.3022222222E+00  0.1099131523E+06
  0.3025000000E+00  0.1097550632E+06
  0.3027777778E+00  0.1095969737E+06
  0.3030555556E+00  0.1094388843E+06
  0.3033333333E+00  0.1092807951E+06
  0.3036111111E+00  0.1091227057E+06
  0.3038888889E+00  0.1089646162E+06
  0.3041666667E+00  0.1088065271E+06
  0.3044444444E+00  0.1086484376E+06
  0.3047222222E+00  0.1084903481E+06
  0.3050000000E+00  0.1083322590E+06
  0.3052777778E+00  0.1081506217E+06
  0.3055555556E+00  0.1079689849E+06
  0.3058333333E+00  0.1077873477E+06
  0.3061111111E+00  0.1076057108E+06
  0.3063888889E+00  0.1074240736E+06
  0.3066666667E+00  0.1072424368E+06
  0.3069444444E+00  0.1070607996E+06
  0.3072222222E+00  0.1068791637E+06
  0.3075000000E+00  0.1066975265E+06
  0.3077777778E+00  0.1065158896E+06
  0.3080555556E+00  0.1063342524E+06
  0.3083333333E+00  0.1061526156E+06
  0.3086111111E+00  0.1059709784E+06
  0.3088888889E+00  0.1057893415E+06
  0.3091666667E+00  0.1056077043E+06
  0.3094444444E+00  0.1054260675E+06
  0.3097222222E+00  0.1052444305E+06
  0.3100000000E+00  0.1050627934E+06
  0.3102777778E+00  0.1048619127E+06
  0.3105555556E+00  0.1046610314E+06
  0.3108333333E+00  0.1044601507E+06
  0.3111111111E+00  0.1042592704E+06
  0.3113888889E+00  0.1040583887E+06
  0.3116666667E+00  0.1038575081E+06
  0.3119444444E+00  0.1036566277E+06
  0.3122222222E+00  0.1034557461E+06
  0.3125000000E+00  0.1032548654E+06
  0.3127777778E+00  0.1030539841E+06
  0.3130555556E+00  0.1028531034E+06
  0.3133333333E+00  0.1026522228E+06
  0.3136111111E+00  0.1024513414E+06
  0.3138888889E+00  0.1022504608E+06
  0.3141666667E+00  0.1020495804E+06
  0.3144444444E+00  0.1018486988E+06
  0.3147222222E+00  0.1016478181E+06
  0.3150000000E+00  0.1014469368E+06
  0.3152777778E+00  0.1012328818E+06
  0.3155555556E+00  0.1010188259E+06
  0.3158333333E+00  0.1008047712E+06
  0.3161111111E+00  0.1005907153E+06
  0.3163888889E+00  0.1003766596E+06
  0.3166666667E+00  0.1001626046E+06
  0.3169444444E+00  0.9994854867E+05
  0.3172222222E+00  0.9973449303E+05
  0.3175000000E+00  0.9952043805E+05
  0.3177777778E+00  0.9930638241E+05
  0.3180555556E+00  0.9909232744E+05
  0.3183333333E+00  0.9887827180E+05
  0.3186111111E+00  0.9866421583E+05
  0.3188888889E+00  0.9845016086E+05
  0.3191666667E+00  0.9823610522E+05
  0.3194444444E+00  0.9802205024E+05
  0.3197222222E+00  0.9780799459E+05
  0.3200000000E+00  0.9759393862E+05
  0.3202777778E+00  0.9737380688E+05
  0.3205555556E+00  0.9715367458E+05
  0.3208333333E+00  0.9693354195E+05
  0.3211111111E+00  0.9671340965E+05
  0.3213888889E+00  0.9649327690E+05
  0.3216666667E+00  0.9627314461E+05
  0.3219444444E+00  0.9605301297E+05
  0.3222222222E+00  0.9583288067E+05
  0.3225000000E+00  0.9561274792E+05
  0.3227777778E+00  0.9539261562E+05
  0.3230555556E+00  0.9517248299E+05
  0.3233333333E+00  0.9495235158E+05
  0.3236111111E+00  0.9473221895E+05
  0.3238888889E+00  0.9451208665E+05
  0.3241666667E+00  0.9429195401E+05
  0.3244444444E+00  0.9407182160E+05
  0.3247222222E+00  0.9385168997E+05
  0.3250000000E+00  0.9363155767E+05
  0.3252777778E+00  0.9341312408E+05
  0.3255555556E+00  0.9319469149E+05
  0.3258333333E+00  0.9297625890E+05
  0.3261111111E+00  0.9275782531E+05
  0.3263888889E+00  0.9253939273E+05
  0.3266666667E+00  0.9232095914E+05
  0.3269444444E+00  0.9210252699E+05
  0.3272222222E+00  0.9188409440E+05
  0.3275000000E+00  0.9166566081E+05
  0.3277777778E+00  0.9144722821E+05
  0.3280555556E+00  0.9122879562E+05
  0.3283333333E+00  0.9101036203E+05
  0.3286111111E+00  0.9079192944E+05
  0.3288888889E+00  0.9057349719E+05
  0.3291666667E+00  0.9035506361E+05
  0.3294444444E+00  0.9013663102E+05
  0.3297222222E+00  0.8991819753E+05
  0.3300000000E+00  0.8969976494E+05
  0.3302777778E+00  0.8949066777E+05
  0.3305555556E+00  0.8928156938E+05
  0.3308333333E+00  0.8907247221E+05
  0.3311111111E+00  0.8886337505E+05
  0.3313888889E+00  0.8865427666E+05
  0.3316666667E+00  0.8844517949E+05
  0.3319444444E+00  0.8823608210E+05
  0.3322222222E+00  0.8802698393E+05
  0.3325000000E+00  0.8781788677E+05
  0.3327777778E+00  0.8760878837E+05
  0.3330555556E+00  0.8739969120E+05
  0.3333333333E+00  0.8719059370E+05
  0.3336111111E+00  0.8698149564E+05
  0.3338888889E+00  0.8677239847E+05
  0.3341666667E+00  0.8656330109E+05
  0.3344444444E+00  0.8635420291E+05
  0.3347222222E+00  0.8614510542E+05
  0.3350000000E+00  0.8593600836E+05
  0.3352777778E+00  0.8574347268E+05
  0.3355555556E+00  0.8555093579E+05
  0.3358333333E+00  0.8535840023E+05
  0.3361111111E+00  0.8516586456E+05
  0.3363888889E+00  0.8497332867E+05
  0.3366666667E+00  0.8478079299E+05
  0.3369444444E+00  0.8458825744E+05
  0.3372222222E+00  0.8439572143E+05
  0.3375000000E+00  0.8420318587E+05
  0.3377777778E+00  0.8401064986E+05
  0.3380555556E+00  0.8381811431E+05
  0.3383333333E+00  0.8362557875E+05
  0.3386111111E+00  0.8343304273E+05
  0.3388888889E+00  0.8324050717E+05
  0.3391666667E+00  0.8304797150E+05
  0.3394444444E+00  0.8285543560E+05
  0.3397222222E+00  0.8266289894E+05
  0.3400000000E+00  0.8247036337E+05
  0.3402777778E+00  0.8230068203E+05
  0.3405555556E+00  0.8213099979E+05
  0.3408333333E+00  0.8196131745E+05
  0.3411111111E+00  0.8179163511E+05
  0.3413888889E+00  0.8162195420E+05
  0.3416666667E+00  0.8145227185E+05
  0.3419444444E+00  0.8128258952E+05
  0.3422222222E+00  0.8111290728E+05
  0.3425000000E+00  0.8094322493E+05
  0.3427777778E+00  0.8077354392E+05
  0.3430555556E+00  0.8060386168E+05
  0.3433333333E+00  0.8043417934E+05
  0.3436111111E+00  0.8026449699E+05
  0.3438888889E+00  0.8009481476E+05
  0.3441666667E+00  0.7992513341E+05
  0.3444444444E+00  0.7975545140E+05
  0.3447222222E+00  0.7958576906E+05
  0.3450000000E+00  0.7941608682E+05
  0.3452777778E+00  0.7927432590E+05
  0.3455555556E+00  0.7913256464E+05
  0.3458333333E+00  0.7899080273E+05
  0.3461111111E+00  0.7884904180E+05
  0.3463888889E+00  0.7870727955E+05
  0.3466666667E+00  0.7856551863E+05
  0.3469444444E+00  0.7842375770E+05
  0.3472222222E+00  0.7828199557E+05
  0.3475000000E+00  0.7814023465E+05
  0.3477777778E+00  0.7799847272E+05
  0.3480555556E+00  0.7785671146E+05
  0.3483333333E+00  0.7771495054E+05
  0.3486111111E+00  0.7757318862E+05
  0.3488888889E+00  0.7743142737E+05
  0.3491666667E+00  0.7728966645E+05
  0.3494444444E+00  0.7714790453E+05
  0.3497222222E+00  0.7700614327E+05
  0.3500000000E+00  0.7686438146E+05
  0.3502777778E+00  0.7675414653E+05
  0.3505555556E+00  0.7664391159E+05
  0.3508333333E+00  0.7653367677E+05
  0.3511111111E+00  0.7642344184E+05
  0.3513888889E+00  0.7631320602E+05
  0.3516666667E+00  0.7620297110E+05
  0.3519444444E+00  0.7609273628E+05
  0.3522222222E+00  0.7598250135E+05
  0.3525000000E+00  0.7587226542E+05
  0.3527777778E+00  0.7576203059E+05
  0.3530555556E+00  0.7565179566E+05
  0.3533333333E+00  0.7554156084E+05
  0.3536111111E+00  0.7543132591E+05
  0.3538888889E+00  0.7532108998E+05
  0.3541666667E+00  0.7521085515E+05
  0.3544444444E+00  0.7510062022E+05
  0.3547222222E+00  0.7499038540E+05
  0.3550000000E+00  0.7488015047E+05
  0.3552777778E+00  0.7480346338E+05
  0.3555555556E+00  0.7472677698E+05
  0.3558333333E+00  0.7465008991E+05
  0.3561111111E+00  0.7457340250E+05
  0.3563888889E+00  0.7449671642E+05
  0.3566666667E+00  0.7442002890E+05
  0.3569444444E+00  0.7434334282E+05
  0.3572222222E+00  0.7426665542E+05
  0.3575000000E+00  0.7418996934E+05
  0.3577777778E+00  0.7411328193E+05
  0.3580555556E+00  0.7403659552E+05
  0.3583333333E+00  0.7395990845E+05
  0.3586111111E+00  0.7388322193E+05
  0.3588888889E+00  0.7380653485E+05
  0.3591666667E+00  0.7372984844E+05
  0.3594444444E+00  0.7365316137E+05
  0.3597222222E+00  0.7357647396E+05
  0.3600000000E+00  0.7349978788E+05
  0.3602777778E+00  0.7345703667E+05
  0.3605555556E+00  0.7341428580E+05
  0.3608333333E+00  0.7337153459E+05
  0.3611111111E+00  0.7332878383E+05
  0.3613888889E+00  0.7328603195E+05
  0.3616666667E+00  0.7324328074E+05
  0.3619444444E+00  0.7320052987E+05
  0.3622222222E+00  0.7315777866E+05
  0.3625000000E+00  0.7311502778E+05
  0.3627777778E+00  0.7307227668E+05
  0.3630555556E+00  0.7302952581E+05
  0.3633333333E+00  0.7298677461E+05
  0.3636111111E+00  0.7294402373E+05
  0.3638888889E+00  0.7290127252E+05
  0.3641666667E+00  0.7285852076E+05
  0.3644444444E+00  0.7281576955E+05
  0.3647222222E+00  0.7277301867E+05
  0.3650000000E+00  0.7273026746E+05
  0.3652777778E+00  0.7272027857E+05
  0.3655555556E+00  0.7271028856E+05
  0.3658333333E+00  0.7270029967E+05
  0.3661111111E+00  0.7269030967E+05
  0.3663888889E+00  0.7268032076E+05
  0.3666666667E+00  0.7267033143E+05
  0.3669444444E+00  0.7266034153E+05
  0.3672222222E+00  0.7265035252E+05
  0.3675000000E+00  0.7264036263E+05
  0.3677777778E+00  0.7263037374E+05
  0.3680555556E+00  0.7262038372E+05
  0.3683333333E+00  0.7261039450E+05
  0.3686111111E+00  0.7260040449E+05
  0.3688888889E+00  0.7259041559E+05
  0.3691666667E+00  0.7258042659E+05
  0.3694444444E+00  0.7257043669E+05
  0.3697222222E+00  0.7256044769E+05
  0.3700000000E+00  0.7255045780E+05
  0.3702777778E+00  0.7257057943E+05
  0.3705555556E+00  0.7259070106E+05
  0.3708333333E+00  0.7261082280E+05
  0.3711111111E+00  0.7263094443E+05
  0.3713888889E+00  0.7265106506E+05
  0.3716666667E+00  0.7267118669E+05
  0.3719444444E+00  0.7269130844E+05
  0.3722222222E+00  0.7271143040E+05
  0.3725000000E+00  0.7273155203E+05
  0.3727777778E+00  0.7275167367E+05
  0.3730555556E+00  0.7277179541E+05
  0.3733333333E+00  0.7279191604E+05
  0.3736111111E+00  0.7281203768E+05
  0.3738888889E+00  0.7283215931E+05
  0.3741666667E+00  0.7285228094E+05
  0.3744444444E+00  0.7287240302E+05
  0.3747222222E+00  0.7289252465E+05
  0.3750000000E+00  0.7291264528E+05
  0.3752777778E+00  0.7295901465E+05
  0.3755555556E+00  0.7300538368E+05
  0.3758333333E+00  0.7305175204E+05
  0.3761111111E+00  0.7309812141E+05
  0.3763888889E+00  0.7314448978E+05
  0.3766666667E+00  0.7319085914E+05
  0.3769444444E+00  0.7323722750E+05
  0.3772222222E+00  0.7328359653E+05
  0.3775000000E+00  0.7332996579E+05
  0.3777777778E+00  0.7337633416E+05
  0.3780555556E+00  0.7342270352E+05
  0.3783333333E+00  0.7346907188E+05
  0.3786111111E+00  0.7351544124E+05
  0.3788888889E+00  0.7356180928E+05
  0.3791666667E+00  0.7360817864E+05
  0.3794444444E+00  0.7365454801E+05
  0.3797222222E+00  0.7370091637E+05
  0.3800000000E+00  0.7374728575E+05
  0.3802777778E+00  0.7381495950E+05
  0.3805555556E+00  0.7388263304E+05
  0.3808333333E+00  0.7395030780E+05
  0.3811111111E+00  0.7401798155E+05
  0.3813888889E+00  0.7408565543E+05
  0.3816666667E+00  0.7415332986E+05
  0.3819444444E+00  0.7422100373E+05
  0.3822222222E+00  0.7428867749E+05
  0.3825000000E+00  0.7435635225E+05
  0.3827777778E+00  0.7442402578E+05
  0.3830555556E+00  0.7449169954E+05
  0.3833333333E+00  0.7455937442E+05
  0.3836111111E+00  0.7462704817E+05
  0.3838888889E+00  0.7469472160E+05
  0.3841666667E+00  0.7476239647E+05
  0.3844444444E+00  0.7483007023E+05
  0.3847222222E+00  0.7489774410E+05
  0.3850000000E+00  0.7496541886E+05
  0.3852777778E+00  0.7504882994E+05
  0.3855555556E+00  0.7513224213E+05
  0.3858333333E+00  0.7521565355E+05
  0.3861111111E+00  0.7529906463E+05
  0.3863888889E+00  0.7538247683E+05
  0.3866666667E+00  0.7546588824E+05
  0.3869444444E+00  0.7554930032E+05
  0.3872222222E+00  0.7563271152E+05
  0.3875000000E+00  0.7571612393E+05
  0.3877777778E+00  0.7579953502E+05
  0.3880555556E+00  0.7588294643E+05
  0.3883333333E+00  0.7596635862E+05
  0.3886111111E+00  0.7604976971E+05
  0.3888888889E+00  0.7613318212E+05
  0.3891666667E+00  0.7621659332E+05
  0.3894444444E+00  0.7630000540E+05
  0.3897222222E+00  0.7638341681E+05
  0.3900000000E+00  0.7646682900E+05
  0.3902777778E+00  0.7655986521E+05
  0.3905555556E+00  0.7665290152E+05
  0.3908333333E+00  0.7674593771E+05
  0.3911111111E+00  0.7683897502E+05
  0.3913888889E+00  0.7693201122E+05
  0.3916666667E+00  0.7702504753E+05
  0.3919444444E+00  0.7711808373E+05
  0.3922222222E+00  0.7721112104E+05
  0.3925000000E+00  0.7730415723E+05
  0.3927777778E+00  0.7739719343E+05
  0.3930555556E+00  0.7749022974E+05
  0.3933333333E+00  0.7758326694E+05
  0.3936111111E+00  0.7767630325E+05
  0.3938888889E+00  0.7776933946E+05
  0.3941666667E+00  0.7786237677E+05
  0.3944444444E+00  0.7795541296E+05
  0.3947222222E+00  0.7804844927E+05
  0.3950000000E+00  0.7814148547E+05
  0.3952777778E+00  0.7823801431E+05
  0.3955555556E+00  0.7833454283E+05
  0.3958333333E+00  0.7843107134E+05
  0.3961111111E+00  0.7852759985E+05
  0.3963888889E+00  0.7862412726E+05
  0.3966666667E+00  0.7872065577E+05
  0.3969444444E+00  0.7881718429E+05
  0.3972222222E+00  0.7891371313E+05
  0.3975000000E+00  0.7901024164E+05
  0.3977777778E+00  0.7910677016E+05
  0.3980555556E+00  0.7920329767E+05
  0.3983333333E+00  0.7929982608E+05
  0.3986111111E+00  0.7939635459E+05
  0.3988888889E+00  0.7949288310E+05
  0.3991666667E+00  0.7958941195E+05
  0.3994444444E+00  0.7968594046E+05
  0.3997222222E+00  0.7978246797E+05
  0.4000000000E+00  0.7987899638E+05
  0.4002777778E+00  0.7997301552E+05
  0.4005555556E+00  0.8006703522E+05
  0.4008333333E+00  0.8016105425E+05
  0.4011111111E+00  0.8025507295E+05
  0.4013888889E+00  0.8034909209E+05
  0.4016666667E+00  0.8044311080E+05
  0.4019444444E+00  0.8053712983E+05
  0.4022222222E+00  0.8063114953E+05
  0.4025000000E+00  0.8072516867E+05
  0.4027777778E+00  0.8081918736E+05
  0.4030555556E+00  0.8091320640E+05
  0.4033333333E+00  0.8100722543E+05
  0.4036111111E+00  0.8110124525E+05
  0.4038888889E+00  0.8119526427E+05
  0.4041666667E+00  0.8128928298E+05
  0.4044444444E+00  0.8138330200E+05
  0.4047222222E+00  0.8147732071E+05
  0.4050000000E+00  0.8157133985E+05
  0.4052777778E+00  0.8165733538E+05
  0.4055555556E+00  0.8174332991E+05
  0.4058333333E+00  0.8182932444E+05
  0.4061111111E+00  0.8191531930E+05
  0.4063888889E+00  0.8200131383E+05
  0.4066666667E+00  0.8208730936E+05
  0.4069444444E+00  0.8217330390E+05
  0.4072222222E+00  0.8225929876E+05
  0.4075000000E+00  0.8234529328E+05
  0.4077777778E+00  0.8243128781E+05
  0.4080555556E+00  0.8251728234E+05
  0.4083333333E+00  0.8260327821E+05
  0.4086111111E+00  0.8268927274E+05
  0.4088888889E+00  0.8277526726E+05
  0.4091666667E+00  0.8286126179E+05
  0.4094444444E+00  0.8294725632E+05
  0.4097222222E+00  0.8303325219E+05
  0.4100000000E+00  0.8311924672E+05
  0.4102777778E+00  0.8319241087E+05
  0.4105555556E+00  0.8326557479E+05
  0.4108333333E+00  0.8333873905E+05
  0.4111111111E+00  0.8341190333E+05
  0.4113888889E+00  0.8348506725E+05
  0.4116666667E+00  0.8355823040E+05
  0.4119444444E+00  0.8363139466E+05
  0.4122222222E+00  0.8370455892E+05
  0.4125000000E+00  0.8377772285E+05
  0.4127777778E+00  0.8385088712E+05
  0.4130555556E+00  0.8392405138E+05
  0.4133333333E+00  0.8399721519E+05
  0.4136111111E+00  0.8407037945E+05
  0.4138888889E+00  0.8414354371E+05
  0.4141666667E+00  0.8421670764E+05
  0.4144444444E+00  0.8428987191E+05
  0.4147222222E+00  0.8436303606E+05
  0.4150000000E+00  0.8443620032E+05
  0.4152777778E+00  0.8449260612E+05
  0.4155555556E+00  0.8454901247E+05
  0.4158333333E+00  0.8460541826E+05
  0.4161111111E+00  0.8466182395E+05
  0.4163888889E+00  0.8471823075E+05
  0.4166666667E+00  0.8477463643E+05
  0.4169444444E+00  0.8483104211E+05
  0.4172222222E+00  0.8488744891E+05
  0.4175000000E+00  0.8494385460E+05
  0.4177777778E+00  0.8500026140E+05
  0.4180555556E+00  0.8505666708E+05
  0.4183333333E+00  0.8511307287E+05
  0.4186111111E+00  0.8516947956E+05
  0.4188888889E+00  0.8522588536E+05
  0.4191666667E+00  0.8528229205E+05
  0.4194444444E+00  0.8533869773E+05
  0.4197222222E+00  0.8539510352E+05
  0.4200000000E+00  0.8545151021E+05
  0.4202777778E+00  0.8548829729E+05
  0.4205555556E+00  0.8552508525E+05
  0.4208333333E+00  0.8556187254E+05
  0.4211111111E+00  0.8559866051E+05
  0.4213888889E+00  0.8563544748E+05
  0.4216666667E+00  0.8567223543E+05
  0.4219444444E+00  0.8570902285E+05
  0.4222222222E+00  0.8574581081E+05
  0.4225000000E+00  0.8578259777E+05
  0.4227777778E+00  0.8581938573E+05
  0.4230555556E+00  0.8585617304E+05
  0.4233333333E+00  0.8589296100E+05
  0.4236111111E+00  0.8592974796E+05
  0.4238888889E+00  0.8596653604E+05
  0.4241666667E+00  0.8600332334E+05
  0.4244444444E+00  0.8604011129E+05
  0.4247222222E+00  0.8607689926E+05
  0.4250000000E+00  0.8611368623E+05
  0.4252777778E+00  0.8612912101E+05
  0.4255555556E+00  0.8614455567E+05
  0.4258333333E+00  0.8615999046E+05
  0.4261111111E+00  0.8617542413E+05
  0.4263888889E+00  0.8619085858E+05
  0.4266666667E+00  0.8620629324E+05
  0.4269444444E+00  0.8622172802E+05
  0.4272222222E+00  0.8623716269E+05
  0.4275000000E+00  0.8625259748E+05
  0.4277777778E+00  0.8626803181E+05
  0.4280555556E+00  0.8628346559E+05
  0.4283333333E+00  0.8629890026E+05
  0.4286111111E+00  0.8631433505E+05
  0.4288888889E+00  0.8632976937E+05
  0.4291666667E+00  0.8634520416E+05
  0.4294444444E+00  0.8636063883E+05
  0.4297222222E+00  0.8637607361E+05
  0.4300000000E+00  0.8639150739E+05
  0.4302777778E+00  0.8638501198E+05
  0.4305555556E+00  0.8637851690E+05
  0.4308333333E+00  0.8637202082E+05
  0.4311111111E+00  0.8636552586E+05
  0.4313888889E+00  0.8635903078E+05
  0.4316666667E+00  0.8635253470E+05
  0.4319444444E+00  0.8634603963E+05
  0.4322222222E+00  0.8633954466E+05
  0.4325000000E+00  0.8633304858E+05
  0.4327777778E+00  0.8632655351E+05
  0.4330555556E+00  0.8632005854E+05
  0.4333333333E+00  0.8631356247E+05
  0.4336111111E+00  0.8630706739E+05
  0.4338888889E+00  0.8630057231E+05
  0.4341666667E+00  0.8629407735E+05
  0.4344444444E+00  0.8628758094E+05
  0.4347222222E+00  0.8628108586E+05
  0.4350000000E+00  0.8627459090E+05
  0.4352777778E+00  0.8624671163E+05
  0.4355555556E+00  0.8621883348E+05
  0.4358333333E+00  0.8619095521E+05
  0.4361111111E+00  0.8616307606E+05
  0.4363888889E+00  0.8613519779E+05
  0.4366666667E+00  0.8610731962E+05
  0.4369444444E+00  0.8607944136E+05
  0.4372222222E+00  0.8605156220E+05
  0.4375000000E+00  0.8602368394E+05
  0.4377777778E+00  0.8599580578E+05
  0.4380555556E+00  0.8596792651E+05
  0.4383333333E+00  0.8594004835E+05
  0.4386111111E+00  0.8591217008E+05
  0.4388888889E+00  0.8588429193E+05
  0.4391666667E+00  0.8585641266E+05
  0.4394444444E+00  0.8582853451E+05
  0.4397222222E+00  0.8580065624E+05
  0.4400000000E+00  0.8577277709E+05
  0.4402777778E+00  0.8572512326E+05
  0.4405555556E+00  0.8567746876E+05
  0.4408333333E+00  0.8562981438E+05
  0.4411111111E+00  0.8558215989E+05
  0.4413888889E+00  0.8553450540E+05
  0.4416666667E+00  0.8548685057E+05
  0.4419444444E+00  0.8543919609E+05
  0.4422222222E+00  0.8539154170E+05
  0.4425000000E+00  0.8534388722E+05
  0.4427777778E+00  0.8529623372E+05
  0.4430555556E+00  0.8524857889E+05
  0.4433333333E+00  0.8520092441E+05
  0.4436111111E+00  0.8515327002E+05
  0.4438888889E+00  0.8510561553E+05
  0.4441666667E+00  0.8505796104E+05
  0.4444444444E+00  0.8501030622E+05
  0.4447222222E+00  0.8496265172E+05
  0.4450000000E+00  0.8491499735E+05
  0.4452777778E+00  0.8485003053E+05
  0.4455555556E+00  0.8478506372E+05
  0.4458333333E+00  0.8472009657E+05
  0.4461111111E+00  0.8465512976E+05
  0.4463888889E+00  0.8459016195E+05
  0.4466666667E+00  0.8452519514E+05
  0.4469444444E+00  0.8446022844E+05
  0.4472222222E+00  0.8439526162E+05
  0.4475000000E+00  0.8433029347E+05
  0.4477777778E+00  0.8426532666E+05
  0.4480555556E+00  0.8420035985E+05
  0.4483333333E+00  0.8413539304E+05
  0.4486111111E+00  0.8407042623E+05
  0.4488888889E+00  0.8400545809E+05
  0.4491666667E+00  0.8394049139E+05
  0.4494444444E+00  0.8387552457E+05
  0.4497222222E+00  0.8381055776E+05
  0.4500000000E+00  0.8374558994E+05
  0.4502777778E+00  0.8366652238E+05
  0.4505555556E+00  0.8358745349E+05
  0.4508333333E+00  0.8350838504E+05
  0.4511111111E+00  0.8342931648E+05
  0.4513888889E+00  0.8335024791E+05
  0.4516666667E+00  0.8327117934E+05
  0.4519444444E+00  0.8319211078E+05
  0.4522222222E+00  0.8311304233E+05
  0.4525000000E+00  0.8303397377E+05
  0.4527777778E+00  0.8295490620E+05
  0.4530555556E+00  0.8287583764E+05
  0.4533333333E+00  0.8279676875E+05
  0.4536111111E+00  0.8271770029E+05
  0.4538888889E+00  0.8263863173E+05
  0.4541666667E+00  0.8255956316E+05
  0.4544444444E+00  0.8248049460E+05
  0.4547222222E+00  0.8240142604E+05
  0.4550000000E+00  0.8232235848E+05
  0.4552777778E+00  0.8223293580E+05
  0.4555555556E+00  0.8214351412E+05
  0.4558333333E+00  0.8205409177E+05
  0.4561111111E+00  0.8196466910E+05
  0.4563888889E+00  0.8187524742E+05
  0.4566666667E+00  0.8178582462E+05
  0.4569444444E+00  0.8169640328E+05
  0.4572222222E+00  0.8160698060E+05
  0.4575000000E+00  0.8151755893E+05
  0.4577777778E+00  0.8142813624E+05
  0.4580555556E+00  0.8133871479E+05
  0.4583333333E+00  0.8124929211E+05
  0.4586111111E+00  0.8115987043E+05
  0.4588888889E+00  0.8107044776E+05
  0.4591666667E+00  0.8098102641E+05
  0.4594444444E+00  0.8089160362E+05
  0.4597222222E+00  0.8080218194E+05
  0.4600000000E+00  0.8071275926E+05
  0.4602777778E+00  0.8061702203E+05
  0.4605555556E+00  0.8052128502E+05
  0.4608333333E+00  0.8042554777E+05
  0.4611111111E+00  0.8032981042E+05
  0.4613888889E+00  0.8023407319E+05
  0.4616666667E+00  0.8013833584E+05
  0.4619444444E+00  0.8004259861E+05
  0.4622222222E+00  0.7994686158E+05
  0.4625000000E+00  0.7985112435E+05
  0.4627777778E+00  0.7975538811E+05
  0.4630555556E+00  0.7965965077E+05
  0.4633333333E+00  0.7956391352E+05
  0.4636111111E+00  0.7946817617E+05
  0.4638888889E+00  0.7937243897E+05
  0.4641666667E+00  0.7927670163E+05
  0.4644444444E+00  0.7918096449E+05
  0.4647222222E+00  0.7908522713E+05
  0.4650000000E+00  0.7898949000E+05
  0.4652777778E+00  0.7889155434E+05
  0.4655555556E+00  0.7879361833E+05
  0.4658333333E+00  0.7869568276E+05
  0.4661111111E+00  0.7859774708E+05
  0.4663888889E+00  0.7849981108E+05
  0.4666666667E+00  0.7840187541E+05
  0.4669444444E+00  0.7830393984E+05
  0.4672222222E+00  0.7820600383E+05
  0.4675000000E+00  0.7810806827E+05
  0.4677777778E+00  0.7801013259E+05
  0.4680555556E+00  0.7791219669E+05
  0.4683333333E+00  0.7781426101E+05
  0.4686111111E+00  0.7771632502E+05
  0.4688888889E+00  0.7761838945E+05
  0.4691666667E+00  0.7752045377E+05
  0.4694444444E+00  0.7742251778E+05
  0.4697222222E+00  0.7732458210E+05
  0.4700000000E+00  0.7722664664E+05
  0.4702777778E+00  0.7713049417E+05
  0.4705555556E+00  0.7703434215E+05
  0.4708333333E+00  0.7693819013E+05
  0.4711111111E+00  0.7684203778E+05
  0.4713888889E+00  0.7674588586E+05
  0.4716666667E+00  0.7664973383E+05
  0.4719444444E+00  0.7655358181E+05
  0.4722222222E+00  0.7645742934E+05
  0.4725000000E+00  0.7636127743E+05
  0.4727777778E+00  0.7626512541E+05
  0.4730555556E+00  0.7616897305E+05
  0.4733333333E+00  0.7607282103E+05
  0.4736111111E+00  0.7597666902E+05
  0.4738888889E+00  0.7588051698E+05
  0.4741666667E+00  0.7578436463E+05
  0.4744444444E+00  0.7568821261E+05
  0.4747222222E+00  0.7559206058E+05
  0.4750000000E+00  0.7549590833E+05
  0.4752777778E+00  0.7540519467E+05
  0.4755555556E+00  0.7531448079E+05
  0.4758333333E+00  0.7522376690E+05
  0.4761111111E+00  0.7513305325E+05
  0.4763888889E+00  0.7504233936E+05
  0.4766666667E+00  0.7495162547E+05
  0.4769444444E+00  0.7486091203E+05
  0.4772222222E+00  0.7477019804E+05
  0.4775000000E+00  0.7467948415E+05
  0.4777777778E+00  0.7458877059E+05
  0.4780555556E+00  0.7449805670E+05
  0.4783333333E+00  0.7440734271E+05
  0.4786111111E+00  0.7431662916E+05
  0.4788888889E+00  0.7422591527E+05
  0.4791666667E+00  0.7413520138E+05
  0.4794444444E+00  0.7404448773E+05
  0.4797222222E+00  0.7395377384E+05
  0.4800000000E+00  0.7386305994E+05
  0.4802777778E+00  0.7378092151E+05
  0.4805555556E+00  0.7369878286E+05
  0.4808333333E+00  0.7361664475E+05
  0.4811111111E+00  0.7353450620E+05
  0.4813888889E+00  0.7345236764E+05
  0.4816666667E+00  0.7337022910E+05
  0.4819444444E+00  0.7328809056E+05
  0.4822222222E+00  0.7320595212E+05
  0.4825000000E+00  0.7312381346E+05
  0.4827777778E+00  0.7304167491E+05
  0.4830555556E+00  0.7295953647E+05
  0.4833333333E+00  0.7287739792E+05
  0.4836111111E+00  0.7279525927E+05
  0.4838888889E+00  0.7271312083E+05
  0.4841666667E+00  0.7263098227E+05
  0.4844444444E+00  0.7254884383E+05
  0.4847222222E+00  0.7246670519E+05
  0.4850000000E+00  0.7238456664E+05
  0.4852777778E+00  0.7231352653E+05
  0.4855555556E+00  0.7224248611E+05
  0.4858333333E+00  0.7217144599E+05
  0.4861111111E+00  0.7210040589E+05
  0.4863888889E+00  0.7202936547E+05
  0.4866666667E+00  0.7195832525E+05
  0.4869444444E+00  0.7188728526E+05
  0.4872222222E+00  0.7181624472E+05
  0.4875000000E+00  0.7174520463E+05
  0.4877777778E+00  0.7167416452E+05
  0.4880555556E+00  0.7160312398E+05
  0.4883333333E+00  0.7153208399E+05
  0.4886111111E+00  0.7146104377E+05
  0.4888888889E+00  0.7139000335E+05
  0.4891666667E+00  0.7131896325E+05
  0.4894444444E+00  0.7124792314E+05
  0.4897222222E+00  0.7117688271E+05
  0.4900000000E+00  0.7110584261E+05
  0.4902777778E+00  0.7104769694E+05
  0.4905555556E+00  0.7098955163E+05
  0.4908333333E+00  0.7093140607E+05
  0.4911111111E+00  0.7087326042E+05
  0.4913888889E+00  0.7081511519E+05
  0.4916666667E+00  0.7075696953E+05
  0.4919444444E+00  0.7069882387E+05
  0.4922222222E+00  0.7064067865E+05
  0.4925000000E+00  0.7058253309E+05
  0.4927777778E+00  0.7052438744E+05
  0.4930555556E+00  0.7046624188E+05
  0.4933333333E+00  0.7040809645E+05
  0.4936111111E+00  0.7034995089E+05
  0.4938888889E+00  0.7029180533E+05
  0.4941666667E+00  0.7023366001E+05
  0.4944444444E+00  0.7017551446E+05
  0.4947222222E+00  0.7011736869E+05
  0.4950000000E+00  0.7005922347E+05
