  0.1027777778E-01  0.2256413039E+08
  0.1055555556E-01  0.2253670696E+08
  0.1083333333E-01  0.2250928362E+08
  0.1111111111E-01  0.2248186028E+08
  0.1138888889E-01  0.2245443717E+08
  0.1166666667E-01  0.2242701383E+08
  0.1194444444E-01  0.2239959038E+08
  0.1222222222E-01  0.2237216739E+08
  0.1250000000E-01  0.2234474404E+08
  0.1277777778E-01  0.2231732060E+08
  0.1305555556E-01  0.2228989759E+08
  0.1333333333E-01  0.2226247426E+08
  0.1361111111E-01  0.2223505093E+08
  0.1388888889E-01  0.2220762748E+08
  0.1416666667E-01  0.2218020437E+08
  0.1444444444E-01  0.2215278102E+08
  0.1472222222E-01  0.2212535770E+08
  0.1500000000E-01  0.2209793468E+08
  0.1527777778E-01  0.2206052169E+08
  0.1555555556E-01  0.2202310915E+08
  0.1583333333E-01  0.2198569615E+08
  0.1611111111E-01  0.2194828360E+08
  0.1638888889E-01  0.2191087061E+08
  0.1666666667E-01  0.2187345807E+08
  0.1694444444E-01  0.2183604540E+08
  0.1722222222E-01  0.2179863253E+08
  0.1750000000E-01  0.2176121987E+08
  0.1777777778E-01  0.2172380699E+08
  0.1805555556E-01  0.2168639432E+08
  0.1833333333E-01  0.2164898133E+08
  0.1861111111E-01  0.2161156879E+08
  0.1888888889E-01  0.2157415613E+08
  0.1916666667E-01  0.2153674334E+08
  0.1944444444E-01  0.2149933069E+08
  0.1972222222E-01  0.2146191781E+08
  0.2000000000E-01  0.2142450514E+08
  0.2027777778E-01  0.2137801948E+08
  0.2055555556E-01  0.2133153380E+08
  0.2083333333E-01  0.2128504770E+08
  0.2111111111E-01  0.2123856214E+08
  0.2138888889E-01  0.2119207646E+08
  0.2166666667E-01  0.2114559069E+08
  0.2194444444E-01  0.2109910512E+08
  0.2222222222E-01  0.2105261934E+08
  0.2250000000E-01  0.2100613345E+08
  0.2277777778E-01  0.2095964777E+08
  0.2305555556E-01  0.2091316200E+08
  0.2333333333E-01  0.2086667644E+08
  0.2361111111E-01  0.2082019065E+08
  0.2388888889E-01  0.2077370498E+08
  0.2416666667E-01  0.2072721908E+08
  0.2444444444E-01  0.2068073331E+08
  0.2472222222E-01  0.2063424764E+08
  0.2500000000E-01  0.2058776197E+08
  0.2527777778E-01  0.2053333376E+08
  0.2555555556E-01  0.2047890567E+08
  0.2583333333E-01  0.2042447792E+08
  0.2611111111E-01  0.2037004972E+08
  0.2638888889E-01  0.2031562152E+08
  0.2666666667E-01  0.2026119332E+08
  0.2694444444E-01  0.2020676545E+08
  0.2722222222E-01  0.2015233737E+08
  0.2750000000E-01  0.2009790917E+08
  0.2777777778E-01  0.2004348097E+08
  0.2805555556E-01  0.1998905311E+08
  0.2833333333E-01  0.1993462501E+08
  0.2861111111E-01  0.1988019681E+08
  0.2888888889E-01  0.1982576872E+08
  0.2916666667E-01  0.1977134085E+08
  0.2944444444E-01  0.1971691277E+08
  0.2972222222E-01  0.1966248457E+08
  0.3000000000E-01  0.1960805636E+08
  0.3027777778E-01  0.1954698464E+08
  0.3055555556E-01  0.1948591312E+08
  0.3083333333E-01  0.1942484106E+08
  0.3111111111E-01  0.1936376944E+08
  0.3138888889E-01  0.1930269737E+08
  0.3166666667E-01  0.1924162586E+08
  0.3194444444E-01  0.1918055414E+08
  0.3222222222E-01  0.1911948217E+08
  0.3250000000E-01  0.1905841055E+08
  0.3277777778E-01  0.1899733883E+08
  0.3305555556E-01  0.1893626687E+08
  0.3333333333E-01  0.1887519525E+08
  0.3361111111E-01  0.1881412330E+08
  0.3388888889E-01  0.1875305157E+08
  0.3416666667E-01  0.1869197993E+08
  0.3444444444E-01  0.1863090799E+08
  0.3472222222E-01  0.1856983636E+08
  0.3500000000E-01  0.1850876463E+08
  0.3527777778E-01  0.1844244348E+08
  0.3555555556E-01  0.1837612245E+08
  0.3583333333E-01  0.1830980164E+08
  0.3611111111E-01  0.1824348062E+08
  0.3638888889E-01  0.1817715935E+08
  0.3666666667E-01  0.1811083844E+08
  0.3694444444E-01  0.1804451741E+08
  0.3722222222E-01  0.1797819659E+08
  0.3750000000E-01  0.1791187523E+08
  0.3777777778E-01  0.1784555430E+08
  0.3805555556E-01  0.1777923338E+08
  0.3833333333E-01  0.1771291246E+08
  0.3861111111E-01  0.1764659155E+08
  0.3888888889E-01  0.1758027028E+08
  0.3916666667E-01  0.1751394937E+08
  0.3944444444E-01  0.1744762844E+08
  0.3972222222E-01  0.1738130741E+08
  0.4000000000E-01  0.1731498626E+08
  0.4027777778E-01  0.1724488724E+08
  0.4055555556E-01  0.1717478831E+08
  0.4083333333E-01  0.1710468940E+08
  0.4111111111E-01  0.1703459046E+08
  0.4138888889E-01  0.1696449154E+08
  0.4166666667E-01  0.1689439251E+08
  0.4194444444E-01  0.1682429370E+08
  0.4222222222E-01  0.1675419468E+08
  0.4250000000E-01  0.1668409575E+08
  0.4277777778E-01  0.1661399683E+08
  0.4305555556E-01  0.1654389791E+08
  0.4333333333E-01  0.1647379899E+08
  0.4361111111E-01  0.1640369962E+08
  0.4388888889E-01  0.1633360070E+08
  0.4416666667E-01  0.1626350178E+08
  0.4444444444E-01  0.1619340286E+08
  0.4472222222E-01  0.1612330392E+08
  0.4500000000E-01  0.1605320490E+08
  0.4527777778E-01  0.1598080777E+08
  0.4555555556E-01  0.1590841099E+08
  0.4583333333E-01  0.1583601396E+08
  0.4611111111E-01  0.1576361683E+08
  0.4638888889E-01  0.1569122004E+08
  0.4666666667E-01  0.1561882291E+08
  0.4694444444E-01  0.1554642578E+08
  0.4722222222E-01  0.1547402899E+08
  0.4750000000E-01  0.1540163186E+08
  0.4777777778E-01  0.1532923473E+08
  0.4805555556E-01  0.1525683794E+08
  0.4833333333E-01  0.1518444092E+08
  0.4861111111E-01  0.1511204379E+08
  0.4888888889E-01  0.1503964700E+08
  0.4916666667E-01  0.1496724987E+08
  0.4944444444E-01  0.1489485274E+08
  0.4972222222E-01  0.1482245595E+08
  0.5000000000E-01  0.1475005882E+08
  0.5027777778E-01  0.1467680707E+08
  0.5055555556E-01  0.1460355523E+08
  0.5083333333E-01  0.1453030373E+08
  0.5111111111E-01  0.1445705189E+08
  0.5138888889E-01  0.1438380014E+08
  0.5166666667E-01  0.1431054830E+08
  0.5194444444E-01  0.1423729646E+08
  0.5222222222E-01  0.1416404495E+08
  0.5250000000E-01  0.1409079321E+08
  0.5277777778E-01  0.1401754137E+08
  0.5305555556E-01  0.1394428953E+08
  0.5333333333E-01  0.1387103779E+08
  0.5361111111E-01  0.1379778595E+08
  0.5388888889E-01  0.1372453444E+08
  0.5416666667E-01  0.1365128249E+08
  0.5444444444E-01  0.1357803075E+08
  0.5472222222E-01  0.1350477891E+08
  0.5500000000E-01  0.1343152706E+08
  0.5527777778E-01  0.1335878087E+08
  0.5555555556E-01  0.1328603466E+08
  0.5583333333E-01  0.1321328846E+08
  0.5611111111E-01  0.1314054248E+08
  0.5638888889E-01  0.1306779629E+08
  0.5666666667E-01  0.1299504998E+08
  0.5694444444E-01  0.1292230388E+08
  0.5722222222E-01  0.1284955757E+08
  0.5750000000E-01  0.1277681137E+08
  0.5777777778E-01  0.1270406506E+08
  0.5805555556E-01  0.1263131887E+08
  0.5833333333E-01  0.1255857256E+08
  0.5861111111E-01  0.1248582649E+08
  0.5888888889E-01  0.1241308022E+08
  0.5916666667E-01  0.1234033405E+08
  0.5944444444E-01  0.1226758778E+08
  0.5972222222E-01  0.1219484158E+08
  0.6000000000E-01  0.1212209540E+08
  0.6027777778E-01  0.1205109905E+08
  0.6055555556E-01  0.1198010273E+08
  0.6083333333E-01  0.1190910648E+08
  0.6111111111E-01  0.1183811005E+08
  0.6138888889E-01  0.1176711379E+08
  0.6166666667E-01  0.1169611747E+08
  0.6194444444E-01  0.1162512123E+08
  0.6222222222E-01  0.1155412487E+08
  0.6250000000E-01  0.1148312844E+08
  0.6277777778E-01  0.1141213219E+08
  0.6305555556E-01  0.1134113587E+08
  0.6333333333E-01  0.1127013961E+08
  0.6361111111E-01  0.1119914326E+08
  0.6388888889E-01  0.1112814694E+08
  0.6416666667E-01  0.1105715058E+08
  0.6444444444E-01  0.1098615426E+08
  0.6472222222E-01  0.1091515801E+08
  0.6500000000E-01  0.1084416169E+08
  0.6527777778E-01  0.1077600376E+08
  0.6555555556E-01  0.1070784586E+08
  0.6583333333E-01  0.1063968794E+08
  0.6611111111E-01  0.1057153020E+08
  0.6638888889E-01  0.1050337228E+08
  0.6666666667E-01  0.1043521441E+08
  0.6694444444E-01  0.1036705650E+08
  0.6722222222E-01  0.1029889863E+08
  0.6750000000E-01  0.1023074072E+08
  0.6777777778E-01  0.1016258284E+08
  0.6805555556E-01  0.1009442497E+08
  0.6833333333E-01  0.1002626706E+08
  0.6861111111E-01  0.9958109191E+07
  0.6888888889E-01  0.9889951274E+07
  0.6916666667E-01  0.9821793401E+07
  0.6944444444E-01  0.9753635496E+07
  0.6972222222E-01  0.9685477724E+07
  0.7000000000E-01  0.9617319818E+07
  0.7027777778E-01  0.9552914444E+07
  0.7055555556E-01  0.9488509084E+07
  0.7083333333E-01  0.9424103820E+07
  0.7111111111E-01  0.9359698461E+07
  0.7138888889E-01  0.9295293187E+07
  0.7166666667E-01  0.9230887827E+07
  0.7194444444E-01  0.9166482464E+07
  0.7222222222E-01  0.9102077193E+07
  0.7250000000E-01  0.9037671863E+07
  0.7277777778E-01  0.8973266503E+07
  0.7305555556E-01  0.8908861240E+07
  0.7333333333E-01  0.8844455869E+07
  0.7361111111E-01  0.8780050505E+07
  0.7388888889E-01  0.8715645246E+07
  0.7416666667E-01  0.8651239883E+07
  0.7444444444E-01  0.8586834612E+07
  0.7472222222E-01  0.8522429248E+07
  0.7500000000E-01  0.8458023889E+07
  0.7527777778E-01  0.8398090842E+07
  0.7555555556E-01  0.8338157705E+07
  0.7583333333E-01  0.8278224603E+07
  0.7611111111E-01  0.8218291456E+07
  0.7638888889E-01  0.8158358453E+07
  0.7666666667E-01  0.8098425317E+07
  0.7694444444E-01  0.8038492207E+07
  0.7722222222E-01  0.7978559071E+07
  0.7750000000E-01  0.7918626035E+07
  0.7777777778E-01  0.7858692921E+07
  0.7805555556E-01  0.7798759786E+07
  0.7833333333E-01  0.7738826672E+07
  0.7861111111E-01  0.7678893537E+07
  0.7888888889E-01  0.7618960502E+07
  0.7916666667E-01  0.7559027388E+07
  0.7944444444E-01  0.7499094252E+07
  0.7972222222E-01  0.7439161150E+07
  0.8000000000E-01  0.7379228103E+07
  0.8027777778E-01  0.7324291182E+07
  0.8055555556E-01  0.7269354361E+07
  0.8083333333E-01  0.7214417540E+07
  0.8111111111E-01  0.7159480619E+07
  0.8138888889E-01  0.7104543798E+07
  0.8166666667E-01  0.7049606977E+07
  0.8194444444E-01  0.6994670056E+07
  0.8222222222E-01  0.6939733235E+07
  0.8250000000E-01  0.6884796414E+07
  0.8277777778E-01  0.6829859493E+07
  0.8305555556E-01  0.6774922672E+07
  0.8333333333E-01  0.6719985862E+07
  0.8361111111E-01  0.6665048941E+07
  0.8388888889E-01  0.6610112119E+07
  0.8416666667E-01  0.6555175299E+07
  0.8444444444E-01  0.6500238377E+07
  0.8472222222E-01  0.6445301555E+07
  0.8500000000E-01  0.6390364734E+07
  0.8527777778E-01  0.6340749235E+07
  0.8555555556E-01  0.6291133646E+07
  0.8583333333E-01  0.6241518125E+07
  0.8611111111E-01  0.6191902625E+07
  0.8638888889E-01  0.6142287136E+07
  0.8666666667E-01  0.6092671648E+07
  0.8694444444E-01  0.6043056115E+07
  0.8722222222E-01  0.5993440627E+07
  0.8750000000E-01  0.5943825137E+07
  0.8777777778E-01  0.5894209604E+07
  0.8805555556E-01  0.5844594116E+07
  0.8833333333E-01  0.5794978627E+07
  0.8861111111E-01  0.5745363127E+07
  0.8888888889E-01  0.5695747606E+07
  0.8916666667E-01  0.5646132117E+07
  0.8944444444E-01  0.5596516618E+07
  0.8972222222E-01  0.5546901129E+07
  0.9000000000E-01  0.5497285606E+07
  0.9027777778E-01  0.5453130936E+07
  0.9055555556E-01  0.5408976296E+07
  0.9083333333E-01  0.5364821646E+07
  0.9111111111E-01  0.5320666995E+07
  0.9138888889E-01  0.5276512335E+07
  0.9166666667E-01  0.5232357695E+07
  0.9194444444E-01  0.5188203034E+07
  0.9222222222E-01  0.5144048383E+07
  0.9250000000E-01  0.5099893734E+07
  0.9277777778E-01  0.5055739040E+07
  0.9305555556E-01  0.5011584389E+07
  0.9333333333E-01  0.4967429739E+07
  0.9361111111E-01  0.4923275089E+07
  0.9388888889E-01  0.4879120429E+07
  0.9416666667E-01  0.4834965789E+07
  0.9444444444E-01  0.4790811129E+07
  0.9472222222E-01  0.4746656478E+07
  0.9500000000E-01  0.4702501828E+07
  0.9527777778E-01  0.4663776848E+07
  0.9555555556E-01  0.4625051911E+07
  0.9583333333E-01  0.4586326930E+07
  0.9611111111E-01  0.4547601994E+07
  0.9638888889E-01  0.4508877013E+07
  0.9666666667E-01  0.4470152066E+07
  0.9694444444E-01  0.4431427097E+07
  0.9722222222E-01  0.4392702149E+07
  0.9750000000E-01  0.4353977179E+07
  0.9777777778E-01  0.4315252199E+07
  0.9805555556E-01  0.4276527263E+07
  0.9833333333E-01  0.4237802282E+07
  0.9861111111E-01  0.4199077334E+07
  0.9888888889E-01  0.4160352366E+07
  0.9916666667E-01  0.4121627419E+07
  0.9944444444E-01  0.4082902449E+07
  0.9972222222E-01  0.4044177502E+07
  0.1000000000E+00  0.4005452532E+07
  0.1002777778E+00  0.3971974918E+07
  0.1005555556E+00  0.3938497316E+07
  0.1008333333E+00  0.3905019711E+07
  0.1011111111E+00  0.3871542074E+07
  0.1013888889E+00  0.3838064460E+07
  0.1016666667E+00  0.3804586857E+07
  0.1019444444E+00  0.3771109255E+07
  0.1022222222E+00  0.3737631650E+07
  0.1025000000E+00  0.3704154048E+07
  0.1027777778E+00  0.3670676400E+07
  0.1030555556E+00  0.3637198796E+07
  0.1033333333E+00  0.3603721204E+07
  0.1036111111E+00  0.3570243590E+07
  0.1038888889E+00  0.3536765987E+07
  0.1041666667E+00  0.3503288339E+07
  0.1044444444E+00  0.3469810747E+07
  0.1047222222E+00  0.3436333132E+07
  0.1050000000E+00  0.3402855530E+07
  0.1052777778E+00  0.3374322811E+07
  0.1055555556E+00  0.3345790134E+07
  0.1058333333E+00  0.3317257405E+07
  0.1061111111E+00  0.3288724728E+07
  0.1063888889E+00  0.3260192009E+07
  0.1066666667E+00  0.3231659323E+07
  0.1069444444E+00  0.3203126615E+07
  0.1072222222E+00  0.3174593895E+07
  0.1075000000E+00  0.3146061207E+07
  0.1077777778E+00  0.3117528489E+07
  0.1080555556E+00  0.3088995803E+07
  0.1083333333E+00  0.3060463094E+07
  0.1086111111E+00  0.3031930408E+07
  0.1088888889E+00  0.3003397699E+07
  0.1091666667E+00  0.2974865002E+07
  0.1094444444E+00  0.2946332283E+07
  0.1097222222E+00  0.2917799574E+07
  0.1100000000E+00  0.2889266887E+07
  0.1102777778E+00  0.2865277819E+07
  0.1105555556E+00  0.2841288761E+07
  0.1108333333E+00  0.2817299693E+07
  0.1111111111E+00  0.2793310635E+07
  0.1113888889E+00  0.2769321567E+07
  0.1116666667E+00  0.2745332499E+07
  0.1119444444E+00  0.2721343440E+07
  0.1122222222E+00  0.2697354361E+07
  0.1125000000E+00  0.2673365303E+07
  0.1127777778E+00  0.2649376235E+07
  0.1130555556E+00  0.2625387167E+07
  0.1133333333E+00  0.2601398109E+07
  0.1136111111E+00  0.2577409040E+07
  0.1138888889E+00  0.2553419972E+07
  0.1141666667E+00  0.2529430914E+07
  0.1144444444E+00  0.2505441846E+07
  0.1147222222E+00  0.2481452788E+07
  0.1150000000E+00  0.2457463720E+07
  0.1152777778E+00  0.2437551004E+07
  0.1155555556E+00  0.2417638256E+07
  0.1158333333E+00  0.2397725551E+07
  0.1161111111E+00  0.2377812836E+07
  0.1163888889E+00  0.2357900131E+07
  0.1166666667E+00  0.2337987415E+07
  0.1169444444E+00  0.2318074700E+07
  0.1172222222E+00  0.2298161962E+07
  0.1175000000E+00  0.2278249247E+07
  0.1177777778E+00  0.2258336532E+07
  0.1180555556E+00  0.2238423816E+07
  0.1183333333E+00  0.2218511101E+07
  0.1186111111E+00  0.2198598385E+07
  0.1188888889E+00  0.2178685691E+07
  0.1191666667E+00  0.2158772942E+07
  0.1194444444E+00  0.2138860227E+07
  0.1197222222E+00  0.2118947512E+07
  0.1200000000E+00  0.2099034796E+07
  0.1202777778E+00  0.2082691212E+07
  0.1205555556E+00  0.2066347651E+07
  0.1208333333E+00  0.2050004100E+07
  0.1211111111E+00  0.2033660504E+07
  0.1213888889E+00  0.2017316943E+07
  0.1216666667E+00  0.2000973349E+07
  0.1219444444E+00  0.1984629787E+07
  0.1222222222E+00  0.1968286203E+07
  0.1225000000E+00  0.1951942641E+07
  0.1227777778E+00  0.1935599046E+07
  0.1230555556E+00  0.1919255495E+07
  0.1233333333E+00  0.1902911900E+07
  0.1236111111E+00  0.1886568349E+07
  0.1238888889E+00  0.1870224754E+07
  0.1241666667E+00  0.1853881192E+07
  0.1244444444E+00  0.1837537631E+07
  0.1247222222E+00  0.1821194036E+07
  0.1250000000E+00  0.1804850486E+07
  0.1252777778E+00  0.1791554612E+07
  0.1255555556E+00  0.1778258738E+07
  0.1258333333E+00  0.1764962886E+07
  0.1261111111E+00  0.1751667012E+07
  0.1263888889E+00  0.1738371138E+07
  0.1266666667E+00  0.1725075297E+07
  0.1269444444E+00  0.1711779423E+07
  0.1272222222E+00  0.1698483539E+07
  0.1275000000E+00  0.1685187699E+07
  0.1277777778E+00  0.1671891825E+07
  0.1280555556E+00  0.1658595951E+07
  0.1283333333E+00  0.1645300110E+07
  0.1286111111E+00  0.1632004236E+07
  0.1288888889E+00  0.1618708362E+07
  0.1291666667E+00  0.1605412522E+07
  0.1294444444E+00  0.1592116648E+07
  0.1297222222E+00  0.1578820763E+07
  0.1300000000E+00  0.1565524922E+07
  0.1302777778E+00  0.1554765288E+07
  0.1305555556E+00  0.1544005642E+07
  0.1308333333E+00  0.1533245997E+07
  0.1311111111E+00  0.1522486351E+07
  0.1313888889E+00  0.1511726705E+07
  0.1316666667E+00  0.1500967081E+07
  0.1319444444E+00  0.1490207436E+07
  0.1322222222E+00  0.1479447823E+07
  0.1325000000E+00  0.1468688178E+07
  0.1327777778E+00  0.1457928544E+07
  0.1330555556E+00  0.1447168898E+07
  0.1333333333E+00  0.1436409263E+07
  0.1336111111E+00  0.1425649617E+07
  0.1338888889E+00  0.1414889971E+07
  0.1341666667E+00  0.1404130337E+07
  0.1344444444E+00  0.1393370692E+07
  0.1347222222E+00  0.1382611046E+07
  0.1350000000E+00  0.1371851444E+07
  0.1352777778E+00  0.1363144198E+07
  0.1355555556E+00  0.1354436942E+07
  0.1358333333E+00  0.1345729707E+07
  0.1361111111E+00  0.1337022461E+07
  0.1363888889E+00  0.1328315215E+07
  0.1366666667E+00  0.1319607969E+07
  0.1369444444E+00  0.1310900756E+07
  0.1372222222E+00  0.1302193510E+07
  0.1375000000E+00  0.1293486264E+07
  0.1377777778E+00  0.1284779008E+07
  0.1380555556E+00  0.1276071762E+07
  0.1383333333E+00  0.1267364516E+07
  0.1386111111E+00  0.1258657270E+07
  0.1388888889E+00  0.1249950058E+07
  0.1391666667E+00  0.1241242812E+07
  0.1394444444E+00  0.1232535566E+07
  0.1397222222E+00  0.1223828320E+07
  0.1400000000E+00  0.1215121064E+07
  0.1402777778E+00  0.1208026134E+07
  0.1405555556E+00  0.1200931194E+07
  0.1408333333E+00  0.1193836254E+07
  0.1411111111E+00  0.1186741315E+07
  0.1413888889E+00  0.1179646342E+07
  0.1416666667E+00  0.1172551412E+07
  0.1419444444E+00  0.1165456472E+07
  0.1422222222E+00  0.1158361533E+07
  0.1425000000E+00  0.1151266593E+07
  0.1427777778E+00  0.1144171653E+07
  0.1430555556E+00  0.1137076679E+07
  0.1433333333E+00  0.1129981739E+07
  0.1436111111E+00  0.1122886800E+07
  0.1438888889E+00  0.1115791860E+07
  0.1441666667E+00  0.1108696920E+07
  0.1444444444E+00  0.1101601990E+07
  0.1447222222E+00  0.1094507051E+07
  0.1450000000E+00  0.1087412078E+07
  0.1452777778E+00  0.1081543311E+07
  0.1455555556E+00  0.1075674520E+07
  0.1458333333E+00  0.1069805719E+07
  0.1461111111E+00  0.1063936952E+07
  0.1463888889E+00  0.1058068162E+07
  0.1466666667E+00  0.1052199372E+07
  0.1469444444E+00  0.1046330572E+07
  0.1472222222E+00  0.1040461805E+07
  0.1475000000E+00  0.1034593014E+07
  0.1477777778E+00  0.1028724214E+07
  0.1480555556E+00  0.1022855430E+07
  0.1483333333E+00  0.1016986646E+07
  0.1486111111E+00  0.1011117856E+07
  0.1488888889E+00  0.1005249065E+07
  0.1491666667E+00  0.9993802858E+06
  0.1494444444E+00  0.9935115019E+06
  0.1497222222E+00  0.9876427114E+06
  0.1500000000E+00  0.9817739209E+06
  0.1502777778E+00  0.9768051130E+06
  0.1505555556E+00  0.9718363051E+06
  0.1508333333E+00  0.9668674973E+06
  0.1511111111E+00  0.9618986782E+06
  0.1513888889E+00  0.9569298604E+06
  0.1516666667E+00  0.9519610525E+06
  0.1519444444E+00  0.9469922479E+06
  0.1522222222E+00  0.9420234401E+06
  0.1525000000E+00  0.9370546322E+06
  0.1527777778E+00  0.9320858031E+06
  0.1530555556E+00  0.9271169953E+06
  0.1533333333E+00  0.9221481874E+06
  0.1536111111E+00  0.9171793795E+06
  0.1538888889E+00  0.9122105717E+06
  0.1541666667E+00  0.9072417638E+06
  0.1544444444E+00  0.9022729459E+06
  0.1547222222E+00  0.8973041268E+06
  0.1550000000E+00  0.8923353223E+06
  0.1552777778E+00  0.8880030794E+06
  0.1555555556E+00  0.8836708399E+06
  0.1558333333E+00  0.8793385870E+06
  0.1561111111E+00  0.8750063486E+06
  0.1563888889E+00  0.8706741080E+06
  0.1566666667E+00  0.8663418651E+06
  0.1569444444E+00  0.8620096245E+06
  0.1572222222E+00  0.8576773749E+06
  0.1575000000E+00  0.8533451310E+06
  0.1577777778E+00  0.8490128903E+06
  0.1580555556E+00  0.8446806508E+06
  0.1583333333E+00  0.8403484068E+06
  0.1586111111E+00  0.8360161573E+06
  0.1588888889E+00  0.8316839133E+06
  0.1591666667E+00  0.8273516738E+06
  0.1594444444E+00  0.8230194331E+06
  0.1597222222E+00  0.8186871903E+06
  0.1600000000E+00  0.8143549396E+06
  0.1602777778E+00  0.8104572774E+06
  0.1605555556E+00  0.8065596118E+06
  0.1608333333E+00  0.8026619495E+06
  0.1611111111E+00  0.7987642872E+06
  0.1613888889E+00  0.7948666216E+06
  0.1616666667E+00  0.7909689594E+06
  0.1619444444E+00  0.7870712971E+06
  0.1622222222E+00  0.7831736315E+06
  0.1625000000E+00  0.7792759692E+06
  0.1627777778E+00  0.7753783070E+06
  0.1630555556E+00  0.7714806414E+06
  0.1633333333E+00  0.7675829791E+06
  0.1636111111E+00  0.7636853169E+06
  0.1638888889E+00  0.7597876513E+06
  0.1641666667E+00  0.7558899890E+06
  0.1644444444E+00  0.7519923267E+06
  0.1647222222E+00  0.7480946612E+06
  0.1650000000E+00  0.7441969989E+06
  0.1652777778E+00  0.7405883464E+06
  0.1655555556E+00  0.7369797029E+06
  0.1658333333E+00  0.7333710493E+06
  0.1661111111E+00  0.7297624069E+06
  0.1663888889E+00  0.7261537533E+06
  0.1666666667E+00  0.7225451097E+06
  0.1669444444E+00  0.7189364573E+06
  0.1672222222E+00  0.7153278137E+06
  0.1675000000E+00  0.7117191601E+06
  0.1677777778E+00  0.7081105177E+06
  0.1680555556E+00  0.7045018642E+06
  0.1683333333E+00  0.7008932206E+06
  0.1686111111E+00  0.6972845681E+06
  0.1688888889E+00  0.6936759245E+06
  0.1691666667E+00  0.6900672810E+06
  0.1694444444E+00  0.6864586286E+06
  0.1697222222E+00  0.6828499850E+06
  0.1700000000E+00  0.6792413313E+06
  0.1702777778E+00  0.6758273809E+06
  0.1705555556E+00  0.6724134326E+06
  0.1708333333E+00  0.6689994722E+06
  0.1711111111E+00  0.6655855206E+06
  0.1713888889E+00  0.6621715735E+06
  0.1716666667E+00  0.6587576119E+06
  0.1719444444E+00  0.6553436613E+06
  0.1722222222E+00  0.6519297131E+06
  0.1725000000E+00  0.6485157626E+06
  0.1727777778E+00  0.6451018010E+06
  0.1730555556E+00  0.6416878539E+06
  0.1733333333E+00  0.6382739023E+06
  0.1736111111E+00  0.6348599406E+06
  0.1738888889E+00  0.6314459935E+06
  0.1741666667E+00  0.6280320419E+06
  0.1744444444E+00  0.6246180915E+06
  0.1747222222E+00  0.6212041332E+06
  0.1750000000E+00  0.6177901828E+06
  0.1752777778E+00  0.6145188969E+06
  0.1755555556E+00  0.6112476178E+06
  0.1758333333E+00  0.6079763319E+06
  0.1761111111E+00  0.6047050428E+06
  0.1763888889E+00  0.6014337570E+06
  0.1766666667E+00  0.5981624767E+06
  0.1769444444E+00  0.5948911909E+06
  0.1772222222E+00  0.5916199017E+06
  0.1775000000E+00  0.5883486160E+06
  0.1777777778E+00  0.5850773368E+06
  0.1780555556E+00  0.5818060510E+06
  0.1783333333E+00  0.5785347652E+06
  0.1786111111E+00  0.5752634861E+06
  0.1788888889E+00  0.5719922002E+06
  0.1791666667E+00  0.5687209111E+06
  0.1794444444E+00  0.5654496252E+06
  0.1797222222E+00  0.5621783461E+06
  0.1800000000E+00  0.5589070603E+06
  0.1802777778E+00  0.5557600127E+06
  0.1805555556E+00  0.5526129618E+06
  0.1808333333E+00  0.5494659142E+06
  0.1811111111E+00  0.5463188666E+06
  0.1813888889E+00  0.5431718090E+06
  0.1816666667E+00  0.5400247581E+06
  0.1819444444E+00  0.5368777105E+06
  0.1822222222E+00  0.5337306628E+06
  0.1825000000E+00  0.5305836163E+06
  0.1827777778E+00  0.5274365654E+06
  0.1830555556E+00  0.5242895178E+06
  0.1833333333E+00  0.5211424702E+06
  0.1836111111E+00  0.5179954126E+06
  0.1838888889E+00  0.5148483616E+06
  0.1841666667E+00  0.5117013140E+06
  0.1844444444E+00  0.5085542665E+06
  0.1847222222E+00  0.5054072189E+06
  0.1850000000E+00  0.5022601678E+06
  0.1852777778E+00  0.4992439574E+06
  0.1855555556E+00  0.4962277458E+06
  0.1858333333E+00  0.4932115353E+06
  0.1861111111E+00  0.4901953236E+06
  0.1863888889E+00  0.4871791098E+06
  0.1866666667E+00  0.4841628982E+06
  0.1869444444E+00  0.4811466865E+06
  0.1872222222E+00  0.4781304661E+06
  0.1875000000E+00  0.4751142545E+06
  0.1877777778E+00  0.4720980407E+06
  0.1880555556E+00  0.4690818290E+06
  0.1883333333E+00  0.4660656194E+06
  0.1886111111E+00  0.4630494089E+06
  0.1888888889E+00  0.4600331929E+06
  0.1891666667E+00  0.4570169815E+06
  0.1894444444E+00  0.4540007698E+06
  0.1897222222E+00  0.4509845572E+06
  0.1900000000E+00  0.4479683467E+06
  0.1902777778E+00  0.4451055792E+06
  0.1905555556E+00  0.4422428172E+06
  0.1908333333E+00  0.4393800540E+06
  0.1911111111E+00  0.4365172920E+06
  0.1913888889E+00  0.4336545245E+06
  0.1916666667E+00  0.4307917613E+06
  0.1919444444E+00  0.4279289992E+06
  0.1922222222E+00  0.4250662361E+06
  0.1925000000E+00  0.4222034697E+06
  0.1927777778E+00  0.4193407065E+06
  0.1930555556E+00  0.4164779445E+06
  0.1933333333E+00  0.4136151813E+06
  0.1936111111E+00  0.4107524151E+06
  0.1938888889E+00  0.4078896519E+06
  0.1941666667E+00  0.4050268898E+06
  0.1944444444E+00  0.4021641267E+06
  0.1947222222E+00  0.3993013592E+06
  0.1950000000E+00  0.3964385971E+06
  0.1952777778E+00  0.3937604450E+06
  0.1955555556E+00  0.3910822952E+06
  0.1958333333E+00  0.3884041433E+06
  0.1961111111E+00  0.3857259945E+06
  0.1963888889E+00  0.3830478424E+06
  0.1966666667E+00  0.3803696926E+06
  0.1969444444E+00  0.3776915405E+06
  0.1972222222E+00  0.3750133918E+06
  0.1975000000E+00  0.3723352397E+06
  0.1977777778E+00  0.3696570866E+06
  0.1980555556E+00  0.3669789379E+06
  0.1983333333E+00  0.3643007859E+06
  0.1986111111E+00  0.3616226371E+06
  0.1988888889E+00  0.3589444840E+06
  0.1991666667E+00  0.3562663352E+06
  0.1994444444E+00  0.3535881843E+06
  0.1997222222E+00  0.3509100322E+06
  0.2000000000E+00  0.3482318825E+06
  0.2002777778E+00  0.3457710223E+06
  0.2005555556E+00  0.3433101611E+06
  0.2008333333E+00  0.3408492998E+06
  0.2011111111E+00  0.3383884353E+06
  0.2013888889E+00  0.3359275741E+06
  0.2016666667E+00  0.3334667130E+06
  0.2019444444E+00  0.3310058527E+06
  0.2022222222E+00  0.3285449916E+06
  0.2025000000E+00  0.3260841303E+06
  0.2027777778E+00  0.3236232692E+06
  0.2030555556E+00  0.3211624079E+06
  0.2033333333E+00  0.3187015434E+06
  0.2036111111E+00  0.3162406832E+06
  0.2038888889E+00  0.3137798220E+06
  0.2041666667E+00  0.3113189608E+06
  0.2044444444E+00  0.3088580996E+06
  0.2047222222E+00  0.3063972384E+06
  0.2050000000E+00  0.3039363773E+06
  0.2052777778E+00  0.3017223078E+06
  0.2055555556E+00  0.2995082374E+06
  0.2058333333E+00  0.2972941680E+06
  0.2061111111E+00  0.2950800977E+06
  0.2063888889E+00  0.2928660283E+06
  0.2066666667E+00  0.2906519567E+06
  0.2069444444E+00  0.2884378873E+06
  0.2072222222E+00  0.2862238169E+06
  0.2075000000E+00  0.2840097476E+06
  0.2077777778E+00  0.2817956771E+06
  0.2080555556E+00  0.2795816077E+06
  0.2083333333E+00  0.2773675373E+06
  0.2086111111E+00  0.2751534668E+06
  0.2088888889E+00  0.2729393965E+06
  0.2091666667E+00  0.2707253270E+06
  0.2094444444E+00  0.2685112566E+06
  0.2097222222E+00  0.2662971872E+06
  0.2100000000E+00  0.2640831169E+06
  0.2102777778E+00  0.2621380222E+06
  0.2105555556E+00  0.2601929286E+06
  0.2108333333E+00  0.2582478296E+06
  0.2111111111E+00  0.2563027361E+06
  0.2113888889E+00  0.2543576404E+06
  0.2116666667E+00  0.2524125469E+06
  0.2119444444E+00  0.2504674523E+06
  0.2122222222E+00  0.2485223543E+06
  0.2125000000E+00  0.2465772608E+06
  0.2127777778E+00  0.2446321651E+06
  0.2130555556E+00  0.2426870716E+06
  0.2133333333E+00  0.2407419759E+06
  0.2136111111E+00  0.2387968790E+06
  0.2138888889E+00  0.2368517834E+06
  0.2141666667E+00  0.2349066898E+06
  0.2144444444E+00  0.2329615953E+06
  0.2147222222E+00  0.2310165007E+06
  0.2150000000E+00  0.2290714037E+06
  0.2152777778E+00  0.2274077622E+06
  0.2155555556E+00  0.2257441193E+06
  0.2158333333E+00  0.2240804766E+06
  0.2161111111E+00  0.2224168337E+06
  0.2163888889E+00  0.2207531899E+06
  0.2166666667E+00  0.2190895459E+06
  0.2169444444E+00  0.2174259032E+06
  0.2172222222E+00  0.2157622604E+06
  0.2175000000E+00  0.2140986165E+06
  0.2177777778E+00  0.2124349727E+06
  0.2180555556E+00  0.2107713298E+06
  0.2183333333E+00  0.2091076870E+06
  0.2186111111E+00  0.2074440431E+06
  0.2188888889E+00  0.2057803992E+06
  0.2191666667E+00  0.2041167564E+06
  0.2194444444E+00  0.2024531136E+06
  0.2197222222E+00  0.2007894698E+06
  0.2200000000E+00  0.1991258269E+06
  0.2202777778E+00  0.1977456196E+06
  0.2205555556E+00  0.1963654101E+06
  0.2208333333E+00  0.1949852017E+06
  0.2211111111E+00  0.1936049921E+06
  0.2213888889E+00  0.1922247815E+06
  0.2216666667E+00  0.1908445752E+06
  0.2219444444E+00  0.1894643646E+06
  0.2222222222E+00  0.1880841573E+06
  0.2225000000E+00  0.1867039477E+06
  0.2227777778E+00  0.1853237404E+06
  0.2230555556E+00  0.1839435298E+06
  0.2233333333E+00  0.1825633203E+06
  0.2236111111E+00  0.1811831129E+06
  0.2238888889E+00  0.1798029033E+06
  0.2241666667E+00  0.1784226950E+06
  0.2244444444E+00  0.1770424854E+06
  0.2247222222E+00  0.1756622747E+06
  0.2250000000E+00  0.1742820685E+06
  0.2252777778E+00  0.1731765316E+06
  0.2255555556E+00  0.1720709980E+06
  0.2258333333E+00  0.1709654611E+06
  0.2261111111E+00  0.1698599275E+06
  0.2263888889E+00  0.1687543917E+06
  0.2266666667E+00  0.1676488548E+06
  0.2269444444E+00  0.1665433203E+06
  0.2272222222E+00  0.1654377833E+06
  0.2275000000E+00  0.1643322498E+06
  0.2277777778E+00  0.1632267128E+06
  0.2280555556E+00  0.1621211793E+06
  0.2283333333E+00  0.1610156423E+06
  0.2286111111E+00  0.1599101066E+06
  0.2288888889E+00  0.1588045730E+06
  0.2291666667E+00  0.1576990361E+06
  0.2294444444E+00  0.1565935025E+06
  0.2297222222E+00  0.1554879656E+06
  0.2300000000E+00  0.1543824320E+06
  0.2302777778E+00  0.1535333608E+06
  0.2305555556E+00  0.1526842906E+06
  0.2308333333E+00  0.1518352227E+06
  0.2311111111E+00  0.1509861515E+06
  0.2313888889E+00  0.1501370802E+06
  0.2316666667E+00  0.1492880134E+06
  0.2319444444E+00  0.1484389432E+06
  0.2322222222E+00  0.1475898719E+06
  0.2325000000E+00  0.1467408040E+06
  0.2327777778E+00  0.1458917339E+06
  0.2330555556E+00  0.1450426626E+06
  0.2333333333E+00  0.1441935947E+06
  0.2336111111E+00  0.1433445235E+06
  0.2338888889E+00  0.1424954534E+06
  0.2341666667E+00  0.1416463854E+06
  0.2344444444E+00  0.1407973142E+06
  0.2347222222E+00  0.1399482429E+06
  0.2350000000E+00  0.1390991761E+06
  0.2352777778E+00  0.1384803360E+06
  0.2355555556E+00  0.1378614948E+06
  0.2358333333E+00  0.1372426558E+06
  0.2361111111E+00  0.1366238146E+06
  0.2363888889E+00  0.1360049789E+06
  0.2366666667E+00  0.1353861377E+06
  0.2369444444E+00  0.1347672987E+06
  0.2372222222E+00  0.1341484575E+06
  0.2375000000E+00  0.1335296174E+06
  0.2377777778E+00  0.1329107807E+06
  0.2380555556E+00  0.1322919395E+06
  0.2383333333E+00  0.1316731004E+06
  0.2386111111E+00  0.1310542593E+06
  0.2388888889E+00  0.1304354202E+06
  0.2391666667E+00  0.1298165824E+06
  0.2394444444E+00  0.1291977423E+06
  0.2397222222E+00  0.1285789022E+06
  0.2400000000E+00  0.1279600620E+06
  0.2402777778E+00  0.1275393735E+06
  0.2405555556E+00  0.1271186860E+06
  0.2408333333E+00  0.1266979952E+06
  0.2411111111E+00  0.1262773078E+06
  0.2413888889E+00  0.1258566203E+06
  0.2416666667E+00  0.1254359318E+06
  0.2419444444E+00  0.1250152410E+06
  0.2422222222E+00  0.1245945525E+06
  0.2425000000E+00  0.1241738650E+06
  0.2427777778E+00  0.1237531765E+06
  0.2430555556E+00  0.1233324856E+06
  0.2433333333E+00  0.1229117982E+06
  0.2436111111E+00  0.1224911097E+06
  0.2438888889E+00  0.1220704201E+06
  0.2441666667E+00  0.1216497307E+06
  0.2444444444E+00  0.1212290422E+06
  0.2447222222E+00  0.1208083530E+06
  0.2450000000E+00  0.1203876645E+06
  0.2452777778E+00  0.1201294788E+06
  0.2455555556E+00  0.1198712941E+06
  0.2458333333E+00  0.1196131088E+06
  0.2461111111E+00  0.1193549241E+06
  0.2463888889E+00  0.1190967388E+06
  0.2466666667E+00  0.1188385541E+06
  0.2469444444E+00  0.1185803684E+06
  0.2472222222E+00  0.1183221840E+06
  0.2475000000E+00  0.1180639984E+06
  0.2477777778E+00  0.1178058137E+06
  0.2480555556E+00  0.1175476283E+06
  0.2483333333E+00  0.1172894436E+06
  0.2486111111E+00  0.1170312583E+06
  0.2488888889E+00  0.1167730736E+06
  0.2491666667E+00  0.1165148879E+06
  0.2494444444E+00  0.1162567036E+06
  0.2497222222E+00  0.1159985179E+06
  0.2500000000E+00  0.1157403332E+06
  0.2502777778E+00  0.1156076557E+06
  0.2505555556E+00  0.1154749782E+06
  0.2508333333E+00  0.1153423007E+06
  0.2511111111E+00  0.1152096233E+06
  0.2513888889E+00  0.1150769458E+06
  0.2516666667E+00  0.1149442683E+06
  0.2519444444E+00  0.1148115918E+06
  0.2522222222E+00  0.1146789142E+06
  0.2525000000E+00  0.1145462367E+06
  0.2527777778E+00  0.1144135592E+06
  0.2530555556E+00  0.1142808817E+06
  0.2533333333E+00  0.1141482042E+06
  0.2536111111E+00  0.1140155267E+06
  0.2538888889E+00  0.1138828492E+06
  0.2541666667E+00  0.1137501717E+06
  0.2544444444E+00  0.1136174942E+06
  0.2547222222E+00  0.1134848176E+06
  0.2550000000E+00  0.1133521401E+06
  0.2552777778E+00  0.1133088227E+06
  0.2555555556E+00  0.1132655066E+06
  0.2558333333E+00  0.1132221891E+06
  0.2561111111E+00  0.1131788726E+06
  0.2563888889E+00  0.1131355552E+06
  0.2566666667E+00  0.1130922391E+06
  0.2569444444E+00  0.1130489215E+06
  0.2572222222E+00  0.1130056050E+06
  0.2575000000E+00  0.1129622879E+06
  0.2577777778E+00  0.1129189714E+06
  0.2580555556E+00  0.1128756540E+06
  0.2583333333E+00  0.1128323375E+06
  0.2586111111E+00  0.1127890204E+06
  0.2588888889E+00  0.1127457039E+06
  0.2591666667E+00  0.1127023865E+06
  0.2594444444E+00  0.1126590702E+06
  0.2597222222E+00  0.1126157528E+06
  0.2600000000E+00  0.1125724363E+06
  0.2602777778E+00  0.1125848334E+06
  0.2605555556E+00  0.1125972311E+06
  0.2608333333E+00  0.1126096282E+06
  0.2611111111E+00  0.1126220249E+06
  0.2613888889E+00  0.1126344219E+06
  0.2616666667E+00  0.1126468200E+06
  0.2619444444E+00  0.1126592168E+06
  0.2622222222E+00  0.1126716138E+06
  0.2625000000E+00  0.1126840115E+06
  0.2627777778E+00  0.1126964086E+06
  0.2630555556E+00  0.1127088056E+06
  0.2633333333E+00  0.1127212034E+06
  0.2636111111E+00  0.1127336005E+06
  0.2638888889E+00  0.1127459971E+06
  0.2641666667E+00  0.1127583942E+06
  0.2644444444E+00  0.1127707923E+06
  0.2647222222E+00  0.1127831890E+06
  0.2650000000E+00  0.1127955861E+06
  0.2652777778E+00  0.1128340737E+06
  0.2655555556E+00  0.1128725613E+06
  0.2658333333E+00  0.1129110488E+06
  0.2661111111E+00  0.1129495364E+06
  0.2663888889E+00  0.1129880240E+06
  0.2666666667E+00  0.1130265116E+06
  0.2669444444E+00  0.1130649992E+06
  0.2672222222E+00  0.1131034867E+06
  0.2675000000E+00  0.1131419742E+06
  0.2677777778E+00  0.1131804622E+06
  0.2680555556E+00  0.1132189498E+06
  0.2683333333E+00  0.1132574374E+06
  0.2686111111E+00  0.1132959250E+06
  0.2688888889E+00  0.1133344125E+06
  0.2691666667E+00  0.1133729000E+06
  0.2694444444E+00  0.1134113876E+06
  0.2697222222E+00  0.1134498752E+06
  0.2700000000E+00  0.1134883628E+06
  0.2702777778E+00  0.1135283182E+06
  0.2705555556E+00  0.1135682747E+06
  0.2708333333E+00  0.1136082310E+06
  0.2711111111E+00  0.1136481874E+06
  0.2713888889E+00  0.1136881437E+06
  0.2716666667E+00  0.1137281001E+06
  0.2719444444E+00  0.1137680566E+06
  0.2722222222E+00  0.1138080119E+06
  0.2725000000E+00  0.1138479683E+06
  0.2727777778E+00  0.1138879246E+06
  0.2730555556E+00  0.1139278809E+06
  0.2733333333E+00  0.1139678375E+06
  0.2736111111E+00  0.1140077938E+06
  0.2738888889E+00  0.1140477492E+06
  0.2741666667E+00  0.1140877055E+06
  0.2744444444E+00  0.1141276618E+06
  0.2747222222E+00  0.1141676184E+06
  0.2750000000E+00  0.1142075747E+06
  0.2752777778E+00  0.1142298916E+06
  0.2755555556E+00  0.1142522098E+06
  0.2758333333E+00  0.1142745277E+06
  0.2761111111E+00  0.1142968448E+06
  0.2763888889E+00  0.1143191628E+06
  0.2766666667E+00  0.1143414799E+06
  0.2769444444E+00  0.1143637978E+06
  0.2772222222E+00  0.1143861149E+06
  0.2775000000E+00  0.1144084329E+06
  0.2777777778E+00  0.1144307500E+06
  0.2780555556E+00  0.1144530679E+06
  0.2783333333E+00  0.1144753851E+06
  0.2786111111E+00  0.1144977030E+06
  0.2788888889E+00  0.1145200211E+06
  0.2791666667E+00  0.1145423380E+06
  0.2794444444E+00  0.1145646562E+06
  0.2797222222E+00  0.1145869731E+06
  0.2800000000E+00  0.1146092909E+06
  0.2802777778E+00  0.1146005783E+06
  0.2805555556E+00  0.1145918655E+06
  0.2808333333E+00  0.1145831526E+06
  0.2811111111E+00  0.1145744397E+06
  0.2813888889E+00  0.1145657271E+06
  0.2816666667E+00  0.1145570142E+06
  0.2819444444E+00  0.1145483024E+06
  0.2822222222E+00  0.1145395895E+06
  0.2825000000E+00  0.1145308769E+06
  0.2827777778E+00  0.1145221640E+06
  0.2830555556E+00  0.1145134512E+06
  0.2833333333E+00  0.1145047383E+06
  0.2836111111E+00  0.1144960257E+06
  0.2838888889E+00  0.1144873128E+06
  0.2841666667E+00  0.1144786010E+06
  0.2844444444E+00  0.1144698881E+06
  0.2847222222E+00  0.1144611751E+06
  0.2850000000E+00  0.1144524625E+06
  0.2852777778E+00  0.1144049044E+06
  0.2855555556E+00  0.1143573449E+06
  0.2858333333E+00  0.1143097866E+06
  0.2861111111E+00  0.1142622284E+06
  0.2863888889E+00  0.1142146702E+06
  0.2866666667E+00  0.1141671106E+06
  0.2869444444E+00  0.1141195524E+06
  0.2872222222E+00  0.1140719942E+06
  0.2875000000E+00  0.1140244349E+06
  0.2877777778E+00  0.1139768767E+06
  0.2880555556E+00  0.1139293182E+06
  0.2883333333E+00  0.1138817589E+06
  0.2886111111E+00  0.1138342007E+06
  0.2888888889E+00  0.1137866426E+06
  0.2891666667E+00  0.1137390843E+06
  0.2894444444E+00  0.1136915248E+06
  0.2897222222E+00  0.1136439666E+06
  0.2900000000E+00  0.1135964083E+06
  0.2902777778E+00  0.1135071484E+06
  0.2905555556E+00  0.1134178884E+06
  0.2908333333E+00  0.1133286285E+06
  0.2911111111E+00  0.1132393685E+06
  0.2913888889E+00  0.1131501100E+06
  0.2916666667E+00  0.1130608500E+06
  0.2919444444E+00  0.1129715900E+06
  0.2922222222E+00  0.1128823301E+06
  0.2925000000E+00  0.1127930702E+06
  0.2927777778E+00  0.1127038112E+06
  0.2930555556E+00  0.1126145513E+06
  0.2933333333E+00  0.1125252913E+06
  0.2936111111E+00  0.1124360317E+06
  0.2938888889E+00  0.1123467718E+06
  0.2941666667E+00  0.1122575118E+06
  0.2944444444E+00  0.1121682529E+06
  0.2947222222E+00  0.1120789930E+06
  0.2950000000E+00  0.1119897330E+06
  0.2952777778E+00  0.1118603988E+06
  0.2955555556E+00  0.1117310638E+06
  0.2958333333E+00  0.1116017296E+06
  0.2961111111E+00  0.1114723945E+06
  0.2963888889E+00  0.1113430603E+06
  0.2966666667E+00  0.1112137262E+06
  0.2969444444E+00  0.1110843911E+06
  0.2972222222E+00  0.1109550569E+06
  0.2975000000E+00  0.1108257219E+06
  0.2977777778E+00  0.1106963877E+06
  0.2980555556E+00  0.1105670538E+06
  0.2983333333E+00  0.1104377188E+06
  0.2986111111E+00  0.1103083846E+06
  0.2988888889E+00  0.1101790495E+06
  0.2991666667E+00  0.1100497154E+06
  0.2994444444E+00  0.1099203802E+06
  0.2997222222E+00  0.1097910461E+06
  0.3000000000E+00  0.1096617119E+06
  0.3002777778E+00  0.1094973402E+06
  0.3005555556E+00  0.1093329691E+06
  0.3008333333E+00  0.1091685984E+06
  0.3011111111E+00  0.1090042276E+06
  0.3013888889E+00  0.1088398569E+06
  0.3016666667E+00  0.1086754852E+06
  0.3019444444E+00  0.1085111141E+06
  0.3022222222E+00  0.1083467435E+06
  0.3025000000E+00  0.1081823727E+06
  0.3027777778E+00  0.1080180020E+06
  0.3030555556E+00  0.1078536303E+06
  0.3033333333E+00  0.1076892595E+06
  0.3036111111E+00  0.1075248884E+06
  0.3038888889E+00  0.1073605177E+06
  0.3041666667E+00  0.1071961470E+06
  0.3044444444E+00  0.1070317752E+06
  0.3047222222E+00  0.1068674045E+06
  0.3050000000E+00  0.1067030334E+06
  0.3052777778E+00  0.1065112740E+06
  0.3055555556E+00  0.1063195150E+06
  0.3058333333E+00  0.1061277556E+06
  0.3061111111E+00  0.1059359962E+06
  0.3063888889E+00  0.1057442368E+06
  0.3066666667E+00  0.1055524773E+06
  0.3069444444E+00  0.1053607179E+06
  0.3072222222E+00  0.1051689586E+06
  0.3075000000E+00  0.1049771992E+06
  0.3077777778E+00  0.1047854398E+06
  0.3080555556E+00  0.1045936804E+06
  0.3083333333E+00  0.1044019210E+06
  0.3086111111E+00  0.1042101616E+06
  0.3088888889E+00  0.1040184026E+06
  0.3091666667E+00  0.1038266432E+06
  0.3094444444E+00  0.1036348838E+06
  0.3097222222E+00  0.1034431244E+06
  0.3100000000E+00  0.1032513650E+06
  0.3102777778E+00  0.1030415291E+06
  0.3105555556E+00  0.1028316931E+06
  0.3108333333E+00  0.1026218572E+06
  0.3111111111E+00  0.1024120199E+06
  0.3113888889E+00  0.1022021839E+06
  0.3116666667E+00  0.1019923480E+06
  0.3119444444E+00  0.1017825120E+06
  0.3122222222E+00  0.1015726762E+06
  0.3125000000E+00  0.1013628393E+06
  0.3127777778E+00  0.1011530033E+06
  0.3130555556E+00  0.1009431674E+06
  0.3133333333E+00  0.1007333314E+06
  0.3136111111E+00  0.1005234955E+06
  0.3138888889E+00  0.1003136585E+06
  0.3141666667E+00  0.1001038222E+06
  0.3144444444E+00  0.9989398629E+05
  0.3147222222E+00  0.9968415034E+05
  0.3150000000E+00  0.9947431450E+05
  0.3152777778E+00  0.9925652991E+05
  0.3155555556E+00  0.9903874610E+05
  0.3158333333E+00  0.9882096162E+05
  0.3161111111E+00  0.9860317780E+05
  0.3163888889E+00  0.9838539333E+05
  0.3166666667E+00  0.9816760985E+05
  0.3169444444E+00  0.9794982504E+05
  0.3172222222E+00  0.9773204145E+05
  0.3175000000E+00  0.9751425663E+05
  0.3177777778E+00  0.9729647316E+05
  0.3180555556E+00  0.9707868868E+05
  0.3183333333E+00  0.9686090486E+05
  0.3186111111E+00  0.9664312038E+05
  0.3188888889E+00  0.9642533557E+05
  0.3191666667E+00  0.9620755209E+05
  0.3194444444E+00  0.9598976716E+05
  0.3197222222E+00  0.9577198369E+05
  0.3200000000E+00  0.9555419920E+05
  0.3202777778E+00  0.9533846154E+05
  0.3205555556E+00  0.9512272323E+05
  0.3208333333E+00  0.9490698490E+05
  0.3211111111E+00  0.9469124658E+05
  0.3213888889E+00  0.9447550792E+05
  0.3216666667E+00  0.9425976959E+05
  0.3219444444E+00  0.9404403127E+05
  0.3222222222E+00  0.9382829295E+05
  0.3225000000E+00  0.9361255429E+05
  0.3227777778E+00  0.9339681596E+05
  0.3230555556E+00  0.9318107764E+05
  0.3233333333E+00  0.9296533932E+05
  0.3236111111E+00  0.9274960166E+05
  0.3238888889E+00  0.9253386344E+05
  0.3241666667E+00  0.9231812513E+05
  0.3244444444E+00  0.9210238680E+05
  0.3247222222E+00  0.9188664847E+05
  0.3250000000E+00  0.9167090981E+05
  0.3252777778E+00  0.9146662401E+05
  0.3255555556E+00  0.9126233731E+05
  0.3258333333E+00  0.9105805118E+05
  0.3261111111E+00  0.9085376548E+05
  0.3263888889E+00  0.9064947835E+05
  0.3266666667E+00  0.9044519265E+05
  0.3269444444E+00  0.9024090686E+05
  0.3272222222E+00  0.9003661984E+05
  0.3275000000E+00  0.8983233403E+05
  0.3277777778E+00  0.8962804823E+05
  0.3280555556E+00  0.8942376120E+05
  0.3283333333E+00  0.8921947539E+05
  0.3286111111E+00  0.8901518937E+05
  0.3288888889E+00  0.8881090357E+05
  0.3291666667E+00  0.8860661687E+05
  0.3294444444E+00  0.8840233074E+05
  0.3297222222E+00  0.8819804504E+05
  0.3300000000E+00  0.8799375824E+05
  0.3302777778E+00  0.8780892956E+05
  0.3305555556E+00  0.8762409988E+05
  0.3308333333E+00  0.8743927085E+05
  0.3311111111E+00  0.8725444117E+05
  0.3313888889E+00  0.8706961138E+05
  0.3316666667E+00  0.8688478270E+05
  0.3319444444E+00  0.8669995301E+05
  0.3322222222E+00  0.8651512433E+05
  0.3325000000E+00  0.8633029465E+05
  0.3327777778E+00  0.8614546586E+05
  0.3330555556E+00  0.8596063616E+05
  0.3333333333E+00  0.8577580748E+05
  0.3336111111E+00  0.8559097781E+05
  0.3338888889E+00  0.8540614812E+05
  0.3341666667E+00  0.8522131932E+05
  0.3344444444E+00  0.8503648964E+05
  0.3347222222E+00  0.8485166096E+05
  0.3350000000E+00  0.8466683128E+05
  0.3352777778E+00  0.8450787009E+05
  0.3355555556E+00  0.8434890802E+05
  0.3358333333E+00  0.8418994694E+05
  0.3361111111E+00  0.8403098487E+05
  0.3363888889E+00  0.8387202369E+05
  0.3366666667E+00  0.8371306161E+05
  0.3369444444E+00  0.8355410054E+05
  0.3372222222E+00  0.8339513946E+05
  0.3375000000E+00  0.8323617728E+05
  0.3377777778E+00  0.8307721620E+05
  0.3380555556E+00  0.8291825380E+05
  0.3383333333E+00  0.8275929262E+05
  0.3386111111E+00  0.8260033054E+05
  0.3388888889E+00  0.8244136947E+05
  0.3391666667E+00  0.8228240739E+05
  0.3394444444E+00  0.8212344620E+05
  0.3397222222E+00  0.8196448414E+05
  0.3400000000E+00  0.8180552306E+05
  0.3402777778E+00  0.8167689703E+05
  0.3405555556E+00  0.8154827123E+05
  0.3408333333E+00  0.8141964522E+05
  0.3411111111E+00  0.8129101952E+05
  0.3413888889E+00  0.8116239350E+05
  0.3416666667E+00  0.8103376780E+05
  0.3419444444E+00  0.8090514179E+05
  0.3422222222E+00  0.8077651610E+05
  0.3425000000E+00  0.8064789007E+05
  0.3427777778E+00  0.8051926405E+05
  0.3430555556E+00  0.8039063836E+05
  0.3433333333E+00  0.8026201322E+05
  0.3436111111E+00  0.8013338753E+05
  0.3438888889E+00  0.8000476151E+05
  0.3441666667E+00  0.7987613582E+05
  0.3444444444E+00  0.7974750980E+05
  0.3447222222E+00  0.7961888411E+05
  0.3450000000E+00  0.7949025809E+05
  0.3452777778E+00  0.7939439862E+05
  0.3455555556E+00  0.7929853816E+05
  0.3458333333E+00  0.7920267836E+05
  0.3461111111E+00  0.7910681890E+05
  0.3463888889E+00  0.7901095844E+05
  0.3466666667E+00  0.7891509897E+05
  0.3469444444E+00  0.7881923951E+05
  0.3472222222E+00  0.7872337871E+05
  0.3475000000E+00  0.7862751926E+05
  0.3477777778E+00  0.7853165979E+05
  0.3480555556E+00  0.7843579933E+05
  0.3483333333E+00  0.7833993986E+05
  0.3486111111E+00  0.7824408007E+05
  0.3488888889E+00  0.7814821960E+05
  0.3491666667E+00  0.7805236014E+05
  0.3494444444E+00  0.7795650069E+05
  0.3497222222E+00  0.7786064022E+05
  0.3500000000E+00  0.7776478043E+05
  0.3502777778E+00  0.7770210595E+05
  0.3505555556E+00  0.7763943114E+05
  0.3508333333E+00  0.7757675735E+05
  0.3511111111E+00  0.7751408254E+05
  0.3513888889E+00  0.7745140806E+05
  0.3516666667E+00  0.7738873314E+05
  0.3519444444E+00  0.7732605834E+05
  0.3522222222E+00  0.7726338386E+05
  0.3525000000E+00  0.7720071005E+05
  0.3527777778E+00  0.7713803526E+05
  0.3530555556E+00  0.7707536078E+05
  0.3533333333E+00  0.7701268586E+05
  0.3536111111E+00  0.7695001106E+05
  0.3538888889E+00  0.7688733725E+05
  0.3541666667E+00  0.7682466278E+05
  0.3544444444E+00  0.7676198797E+05
  0.3547222222E+00  0.7669931317E+05
  0.3550000000E+00  0.7663663869E+05
  0.3552777778E+00  0.7660570826E+05
  0.3555555556E+00  0.7657477927E+05
  0.3558333333E+00  0.7654384894E+05
  0.3561111111E+00  0.7651291894E+05
  0.3563888889E+00  0.7648198850E+05
  0.3566666667E+00  0.7645105850E+05
  0.3569444444E+00  0.7642012818E+05
  0.3572222222E+00  0.7638919818E+05
  0.3575000000E+00  0.7635826786E+05
  0.3577777778E+00  0.7632733775E+05
  0.3580555556E+00  0.7629640843E+05
  0.3583333333E+00  0.7626547843E+05
  0.3586111111E+00  0.7623454810E+05
  0.3588888889E+00  0.7620361811E+05
  0.3591666667E+00  0.7617268800E+05
  0.3594444444E+00  0.7614175767E+05
  0.3597222222E+00  0.7611082768E+05
  0.3600000000E+00  0.7607989735E+05
  0.3602777778E+00  0.7607762126E+05
  0.3605555556E+00  0.7607534372E+05
  0.3608333333E+00  0.7607306663E+05
  0.3611111111E+00  0.7607079020E+05
  0.3613888889E+00  0.7606851310E+05
  0.3616666667E+00  0.7606623569E+05
  0.3619444444E+00  0.7606395948E+05
  0.3622222222E+00  0.7606168205E+05
  0.3625000000E+00  0.7605940496E+05
  0.3627777778E+00  0.7605712887E+05
  0.3630555556E+00  0.7605485143E+05
  0.3633333333E+00  0.7605257524E+05
  0.3636111111E+00  0.7605029781E+05
  0.3638888889E+00  0.7604802071E+05
  0.3641666667E+00  0.7604574429E+05
  0.3644444444E+00  0.7604346720E+05
  0.3647222222E+00  0.7604118965E+05
  0.3650000000E+00  0.7603891357E+05
  0.3652777778E+00  0.7606088466E+05
  0.3655555556E+00  0.7608285665E+05
  0.3658333333E+00  0.7610482863E+05
  0.3661111111E+00  0.7612680061E+05
  0.3663888889E+00  0.7614877160E+05
  0.3666666667E+00  0.7617074369E+05
  0.3669444444E+00  0.7619271568E+05
  0.3672222222E+00  0.7621468732E+05
  0.3675000000E+00  0.7623665830E+05
  0.3677777778E+00  0.7625863040E+05
  0.3680555556E+00  0.7628060238E+05
  0.3683333333E+00  0.7630257437E+05
  0.3686111111E+00  0.7632454635E+05
  0.3688888889E+00  0.7634651743E+05
  0.3691666667E+00  0.7636848942E+05
  0.3694444444E+00  0.7639046140E+05
  0.3697222222E+00  0.7641243339E+05
  0.3700000000E+00  0.7643440437E+05
  0.3702777778E+00  0.7647522211E+05
  0.3705555556E+00  0.7651603972E+05
  0.3708333333E+00  0.7655685746E+05
  0.3711111111E+00  0.7659767508E+05
  0.3713888889E+00  0.7663849281E+05
  0.3716666667E+00  0.7667931043E+05
  0.3719444444E+00  0.7672012917E+05
  0.3722222222E+00  0.7676094678E+05
  0.3725000000E+00  0.7680176441E+05
  0.3727777778E+00  0.7684258247E+05
  0.3730555556E+00  0.7688340009E+05
  0.3733333333E+00  0.7692421782E+05
  0.3736111111E+00  0.7696503545E+05
  0.3738888889E+00  0.7700585317E+05
  0.3741666667E+00  0.7704667080E+05
  0.3744444444E+00  0.7708748841E+05
  0.3747222222E+00  0.7712830615E+05
  0.3750000000E+00  0.7716912377E+05
  0.3752777778E+00  0.7722284364E+05
  0.3755555556E+00  0.7727656296E+05
  0.3758333333E+00  0.7733028284E+05
  0.3761111111E+00  0.7738400272E+05
  0.3763888889E+00  0.7743772259E+05
  0.3766666667E+00  0.7749144147E+05
  0.3769444444E+00  0.7754516167E+05
  0.3772222222E+00  0.7759888156E+05
  0.3775000000E+00  0.7765260143E+05
  0.3777777778E+00  0.7770632041E+05
  0.3780555556E+00  0.7776004030E+05
  0.3783333333E+00  0.7781376050E+05
  0.3786111111E+00  0.7786747938E+05
  0.3788888889E+00  0.7792119926E+05
  0.3791666667E+00  0.7797491913E+05
  0.3794444444E+00  0.7802863901E+05
  0.3797222222E+00  0.7808235822E+05
  0.3800000000E+00  0.7813607820E+05
  0.3802777778E+00  0.7819648395E+05
  0.3805555556E+00  0.7825688980E+05
  0.3808333333E+00  0.7831729600E+05
  0.3811111111E+00  0.7837770186E+05
  0.3813888889E+00  0.7843810771E+05
  0.3816666667E+00  0.7849851391E+05
  0.3819444444E+00  0.7855891965E+05
  0.3822222222E+00  0.7861932551E+05
  0.3825000000E+00  0.7867973170E+05
  0.3827777778E+00  0.7874013756E+05
  0.3830555556E+00  0.7880054342E+05
  0.3833333333E+00  0.7886094916E+05
  0.3836111111E+00  0.7892135536E+05
  0.3838888889E+00  0.7898176121E+05
  0.3841666667E+00  0.7904216707E+05
  0.3844444444E+00  0.7910257327E+05
  0.3847222222E+00  0.7916297912E+05
  0.3850000000E+00  0.7922338487E+05
  0.3852777778E+00  0.7928453999E+05
  0.3855555556E+00  0.7934569502E+05
  0.3858333333E+00  0.7940685015E+05
  0.3861111111E+00  0.7946800551E+05
  0.3863888889E+00  0.7952916165E+05
  0.3866666667E+00  0.7959031666E+05
  0.3869444444E+00  0.7965147180E+05
  0.3872222222E+00  0.7971262682E+05
  0.3875000000E+00  0.7977378196E+05
  0.3877777778E+00  0.7983493698E+05
  0.3880555556E+00  0.7989609210E+05
  0.3883333333E+00  0.7995724713E+05
  0.3886111111E+00  0.8001840226E+05
  0.3888888889E+00  0.8007955729E+05
  0.3891666667E+00  0.8014071242E+05
  0.3894444444E+00  0.8020186777E+05
  0.3897222222E+00  0.8026302291E+05
  0.3900000000E+00  0.8032417793E+05
  0.3902777778E+00  0.8038053824E+05
  0.3905555556E+00  0.8043689753E+05
  0.3908333333E+00  0.8049325783E+05
  0.3911111111E+00  0.8054961713E+05
  0.3913888889E+00  0.8060597643E+05
  0.3916666667E+00  0.8066233707E+05
  0.3919444444E+00  0.8071869637E+05
  0.3922222222E+00  0.8077505668E+05
  0.3925000000E+00  0.8083141597E+05
  0.3927777778E+00  0.8088777628E+05
  0.3930555556E+00  0.8094413558E+05
  0.3933333333E+00  0.8100049622E+05
  0.3936111111E+00  0.8105685551E+05
  0.3938888889E+00  0.8111321582E+05
  0.3941666667E+00  0.8116957512E+05
  0.3944444444E+00  0.8122593542E+05
  0.3947222222E+00  0.8128229472E+05
  0.3950000000E+00  0.8133865535E+05
  0.3952777778E+00  0.8138555791E+05
  0.3955555556E+00  0.8143246180E+05
  0.3958333333E+00  0.8147936468E+05
  0.3961111111E+00  0.8152626757E+05
  0.3963888889E+00  0.8157317146E+05
  0.3966666667E+00  0.8162007402E+05
  0.3969444444E+00  0.8166697790E+05
  0.3972222222E+00  0.8171388080E+05
  0.3975000000E+00  0.8176078368E+05
  0.3977777778E+00  0.8180768746E+05
  0.3980555556E+00  0.8185459002E+05
  0.3983333333E+00  0.8190149289E+05
  0.3986111111E+00  0.8194839678E+05
  0.3988888889E+00  0.8199529967E+05
  0.3991666667E+00  0.8204220356E+05
  0.3994444444E+00  0.8208910612E+05
  0.3997222222E+00  0.8213600900E+05
  0.4000000000E+00  0.8218291289E+05
  0.4002777778E+00  0.8221665747E+05
  0.4005555556E+00  0.8225040170E+05
  0.4008333333E+00  0.8228414639E+05
  0.4011111111E+00  0.8231789063E+05
  0.4013888889E+00  0.8235163421E+05
  0.4016666667E+00  0.8238537855E+05
  0.4019444444E+00  0.8241912313E+05
  0.4022222222E+00  0.8245286737E+05
  0.4025000000E+00  0.8248661206E+05
  0.4027777778E+00  0.8252035663E+05
  0.4030555556E+00  0.8255410087E+05
  0.4033333333E+00  0.8258784556E+05
  0.4036111111E+00  0.8262158980E+05
  0.4038888889E+00  0.8265533437E+05
  0.4041666667E+00  0.8268907861E+05
  0.4044444444E+00  0.8272282330E+05
  0.4047222222E+00  0.8275656754E+05
  0.4050000000E+00  0.8279031211E+05
  0.4052777778E+00  0.8280838212E+05
  0.4055555556E+00  0.8282645244E+05
  0.4058333333E+00  0.8284452279E+05
  0.4061111111E+00  0.8286259267E+05
  0.4063888889E+00  0.8288066401E+05
  0.4066666667E+00  0.8289873401E+05
  0.4069444444E+00  0.8291680424E+05
  0.4072222222E+00  0.8293487423E+05
  0.4075000000E+00  0.8295294458E+05
  0.4077777778E+00  0.8297101446E+05
  0.4080555556E+00  0.8298908580E+05
  0.4083333333E+00  0.8300715613E+05
  0.4086111111E+00  0.8302522603E+05
  0.4088888889E+00  0.8304329636E+05
  0.4091666667E+00  0.8306136637E+05
  0.4094444444E+00  0.8307943669E+05
  0.4097222222E+00  0.8309750759E+05
  0.4100000000E+00  0.8311557792E+05
  0.4102777778E+00  0.8311668336E+05
  0.4105555556E+00  0.8311778779E+05
  0.4108333333E+00  0.8311889323E+05
  0.4111111111E+00  0.8311999866E+05
  0.4113888889E+00  0.8312110409E+05
  0.4116666667E+00  0.8312220953E+05
  0.4119444444E+00  0.8312331497E+05
  0.4122222222E+00  0.8312442039E+05
  0.4125000000E+00  0.8312552483E+05
  0.4127777778E+00  0.8312663026E+05
  0.4130555556E+00  0.8312773570E+05
  0.4133333333E+00  0.8312884113E+05
  0.4136111111E+00  0.8312994656E+05
  0.4138888889E+00  0.8313105200E+05
  0.4141666667E+00  0.8313215642E+05
  0.4144444444E+00  0.8313326186E+05
  0.4147222222E+00  0.8313436730E+05
  0.4150000000E+00  0.8313547273E+05
  0.4152777778E+00  0.8311952407E+05
  0.4155555556E+00  0.8310357664E+05
  0.4158333333E+00  0.8308762833E+05
  0.4161111111E+00  0.8307167956E+05
  0.4163888889E+00  0.8305573212E+05
  0.4166666667E+00  0.8303978380E+05
  0.4169444444E+00  0.8302383504E+05
  0.4172222222E+00  0.8300788772E+05
  0.4175000000E+00  0.8299193928E+05
  0.4177777778E+00  0.8297599064E+05
  0.4180555556E+00  0.8296004320E+05
  0.4183333333E+00  0.8294409488E+05
  0.4186111111E+00  0.8292814611E+05
  0.4188888889E+00  0.8291219880E+05
  0.4191666667E+00  0.8289625036E+05
  0.4194444444E+00  0.8288030159E+05
  0.4197222222E+00  0.8286435428E+05
  0.4200000000E+00  0.8284840584E+05
  0.4202777778E+00  0.8281647078E+05
  0.4205555556E+00  0.8278453672E+05
  0.4208333333E+00  0.8275260199E+05
  0.4211111111E+00  0.8272066793E+05
  0.4213888889E+00  0.8268873320E+05
  0.4216666667E+00  0.8265679914E+05
  0.4219444444E+00  0.8262486441E+05
  0.4222222222E+00  0.8259293035E+05
  0.4225000000E+00  0.8256099551E+05
  0.4227777778E+00  0.8252906145E+05
  0.4230555556E+00  0.8249712638E+05
  0.4233333333E+00  0.8246519266E+05
  0.4236111111E+00  0.8243325759E+05
  0.4238888889E+00  0.8240132386E+05
  0.4241666667E+00  0.8236938880E+05
  0.4244444444E+00  0.8233745507E+05
  0.4247222222E+00  0.8230552001E+05
  0.4250000000E+00  0.8227358584E+05
  0.4252777778E+00  0.8222772011E+05
  0.4255555556E+00  0.8218185504E+05
  0.4258333333E+00  0.8213598997E+05
  0.4261111111E+00  0.8209012391E+05
  0.4263888889E+00  0.8204425884E+05
  0.4266666667E+00  0.8199839299E+05
  0.4269444444E+00  0.8195252793E+05
  0.4272222222E+00  0.8190666186E+05
  0.4275000000E+00  0.8186079679E+05
  0.4277777778E+00  0.8181493173E+05
  0.4280555556E+00  0.8176906555E+05
  0.4283333333E+00  0.8172320081E+05
  0.4286111111E+00  0.8167733474E+05
  0.4288888889E+00  0.8163146967E+05
  0.4291666667E+00  0.8158560360E+05
  0.4294444444E+00  0.8153973853E+05
  0.4297222222E+00  0.8149387269E+05
  0.4300000000E+00  0.8144800762E+05
  0.4302777778E+00  0.8139106117E+05
  0.4305555556E+00  0.8133411583E+05
  0.4308333333E+00  0.8127716937E+05
  0.4311111111E+00  0.8122022292E+05
  0.4313888889E+00  0.8116327646E+05
  0.4316666667E+00  0.8110633111E+05
  0.4319444444E+00  0.8104938465E+05
  0.4322222222E+00  0.8099243820E+05
  0.4325000000E+00  0.8093549175E+05
  0.4327777778E+00  0.8087854640E+05
  0.4330555556E+00  0.8082159995E+05
  0.4333333333E+00  0.8076465349E+05
  0.4336111111E+00  0.8070770803E+05
  0.4338888889E+00  0.8065076202E+05
  0.4341666667E+00  0.8059381557E+05
  0.4344444444E+00  0.8053686911E+05
  0.4347222222E+00  0.8047992365E+05
  0.4350000000E+00  0.8042297731E+05
  0.4352777778E+00  0.8035835715E+05
  0.4355555556E+00  0.8029373833E+05
  0.4358333333E+00  0.8022911817E+05
  0.4361111111E+00  0.8016449824E+05
  0.4363888889E+00  0.8009987840E+05
  0.4366666667E+00  0.8003525925E+05
  0.4369444444E+00  0.7997063942E+05
  0.4372222222E+00  0.7990601927E+05
  0.4375000000E+00  0.7984140044E+05
  0.4377777778E+00  0.7977678029E+05
  0.4380555556E+00  0.7971216045E+05
  0.4383333333E+00  0.7964754163E+05
  0.4386111111E+00  0.7958292147E+05
  0.4388888889E+00  0.7951830165E+05
  0.4391666667E+00  0.7945368249E+05
  0.4394444444E+00  0.7938906267E+05
  0.4397222222E+00  0.7932444250E+05
  0.4400000000E+00  0.7925982368E+05
  0.4402777778E+00  0.7919125663E+05
  0.4405555556E+00  0.7912269047E+05
  0.4408333333E+00  0.7905412342E+05
  0.4411111111E+00  0.7898555737E+05
  0.4413888889E+00  0.7891699021E+05
  0.4416666667E+00  0.7884842416E+05
  0.4419444444E+00  0.7877985699E+05
  0.4422222222E+00  0.7871129095E+05
  0.4425000000E+00  0.7864272399E+05
  0.4427777778E+00  0.7857415733E+05
  0.4430555556E+00  0.7850559079E+05
  0.4433333333E+00  0.7843702448E+05
  0.4436111111E+00  0.7836845781E+05
  0.4438888889E+00  0.7829989126E+05
  0.4441666667E+00  0.7823132460E+05
  0.4444444444E+00  0.7816275805E+05
  0.4447222222E+00  0.7809419150E+05
  0.4450000000E+00  0.7802562484E+05
  0.4452777778E+00  0.7795683404E+05
  0.4455555556E+00  0.7788804334E+05
  0.4458333333E+00  0.7781925264E+05
  0.4461111111E+00  0.7775046185E+05
  0.4463888889E+00  0.7768167114E+05
  0.4466666667E+00  0.7761288034E+05
  0.4469444444E+00  0.7754408964E+05
  0.4472222222E+00  0.7747529883E+05
  0.4475000000E+00  0.7740650803E+05
  0.4477777778E+00  0.7733771743E+05
  0.4480555556E+00  0.7726892664E+05
  0.4483333333E+00  0.7720013594E+05
  0.4486111111E+00  0.7713134513E+05
  0.4488888889E+00  0.7706255433E+05
  0.4491666667E+00  0.7699376363E+05
  0.4494444444E+00  0.7692497282E+05
  0.4497222222E+00  0.7685618213E+05
  0.4500000000E+00  0.7678739144E+05
  0.4502777778E+00  0.7672190379E+05
  0.4505555556E+00  0.7665641604E+05
  0.4508333333E+00  0.7659092873E+05
  0.4511111111E+00  0.7652544098E+05
  0.4513888889E+00  0.7645995333E+05
  0.4516666667E+00  0.7639446568E+05
  0.4519444444E+00  0.7632897827E+05
  0.4522222222E+00  0.7626349061E+05
  0.4525000000E+00  0.7619800287E+05
  0.4527777778E+00  0.7613251555E+05
  0.4530555556E+00  0.7606702780E+05
  0.4533333333E+00  0.7600154015E+05
  0.4536111111E+00  0.7593605241E+05
  0.4538888889E+00  0.7587056509E+05
  0.4541666667E+00  0.7580507744E+05
  0.4544444444E+00  0.7573958969E+05
  0.4547222222E+00  0.7567410238E+05
  0.4550000000E+00  0.7560861463E+05
  0.4552777778E+00  0.7554953408E+05
  0.4555555556E+00  0.7549045342E+05
  0.4558333333E+00  0.7543137253E+05
  0.4561111111E+00  0.7537229209E+05
  0.4563888889E+00  0.7531321143E+05
  0.4566666667E+00  0.7525413087E+05
  0.4569444444E+00  0.7519505032E+05
  0.4572222222E+00  0.7513596977E+05
  0.4575000000E+00  0.7507688922E+05
  0.4577777778E+00  0.7501780867E+05
  0.4580555556E+00  0.7495872778E+05
  0.4583333333E+00  0.7489964712E+05
  0.4586111111E+00  0.7484056668E+05
  0.4588888889E+00  0.7478148613E+05
  0.4591666667E+00  0.7472240547E+05
  0.4594444444E+00  0.7466332502E+05
  0.4597222222E+00  0.7460424436E+05
  0.4600000000E+00  0.7454516381E+05
  0.4602777778E+00  0.7449496241E+05
  0.4605555556E+00  0.7444476125E+05
  0.4608333333E+00  0.7439456019E+05
  0.4611111111E+00  0.7434435913E+05
  0.4613888889E+00  0.7429415786E+05
  0.4616666667E+00  0.7424395680E+05
  0.4619444444E+00  0.7419375574E+05
  0.4622222222E+00  0.7414355458E+05
  0.4625000000E+00  0.7409335351E+05
  0.4627777778E+00  0.7404315244E+05
  0.4630555556E+00  0.7399295117E+05
  0.4633333333E+00  0.7394275011E+05
  0.4636111111E+00  0.7389254895E+05
  0.4638888889E+00  0.7384234789E+05
  0.4641666667E+00  0.7379214683E+05
  0.4644444444E+00  0.7374194567E+05
  0.4647222222E+00  0.7369174450E+05
  0.4650000000E+00  0.7364154344E+05
  0.4652777778E+00  0.7360194672E+05
  0.4655555556E+00  0.7356235034E+05
  0.4658333333E+00  0.7352275362E+05
  0.4661111111E+00  0.7348315692E+05
  0.4663888889E+00  0.7344356042E+05
  0.4666666667E+00  0.7340396371E+05
  0.4669444444E+00  0.7336436699E+05
  0.4672222222E+00  0.7332477062E+05
  0.4675000000E+00  0.7328517400E+05
  0.4677777778E+00  0.7324557762E+05
  0.4680555556E+00  0.7320598091E+05
  0.4683333333E+00  0.7316638420E+05
  0.4686111111E+00  0.7312678770E+05
  0.4688888889E+00  0.7308719099E+05
  0.4691666667E+00  0.7304759427E+05
  0.4694444444E+00  0.7300799789E+05
  0.4697222222E+00  0.7296840118E+05
  0.4700000000E+00  0.7292880479E+05
  0.4702777778E+00  0.7290070963E+05
  0.4705555556E+00  0.7287261480E+05
  0.4708333333E+00  0.7284451963E+05
  0.4711111111E+00  0.7281642480E+05
  0.4713888889E+00  0.7278832963E+05
  0.4716666667E+00  0.7276023469E+05
  0.4719444444E+00  0.7273213952E+05
  0.4722222222E+00  0.7270404436E+05
  0.4725000000E+00  0.7267594952E+05
  0.4727777778E+00  0.7264785435E+05
  0.4730555556E+00  0.7261975953E+05
  0.4733333333E+00  0.7259166426E+05
  0.4736111111E+00  0.7256356953E+05
  0.4738888889E+00  0.7253547436E+05
  0.4741666667E+00  0.7250737953E+05
  0.4744444444E+00  0.7247928436E+05
  0.4747222222E+00  0.7245118953E+05
  0.4750000000E+00  0.7242309427E+05
  0.4752777778E+00  0.7240657369E+05
  0.4755555556E+00  0.7239005312E+05
  0.4758333333E+00  0.7237353211E+05
  0.4761111111E+00  0.7235701153E+05
  0.4763888889E+00  0.7234049097E+05
  0.4766666667E+00  0.7232397039E+05
  0.4769444444E+00  0.7230744938E+05
  0.4772222222E+00  0.7229092892E+05
  0.4775000000E+00  0.7227440834E+05
  0.4777777778E+00  0.7225788735E+05
  0.4780555556E+00  0.7224136677E+05
  0.4783333333E+00  0.7222484620E+05
  0.4786111111E+00  0.7220832529E+05
  0.4788888889E+00  0.7219180461E+05
  0.4791666667E+00  0.7217528405E+05
  0.4794444444E+00  0.7215876314E+05
  0.4797222222E+00  0.7214224246E+05
  0.4800000000E+00  0.7212572189E+05
  0.4802777778E+00  0.7212003765E+05
  0.4805555556E+00  0.7211435367E+05
  0.4808333333E+00  0.7210866922E+05
  0.4811111111E+00  0.7210298499E+05
  0.4813888889E+00  0.7209730099E+05
  0.4816666667E+00  0.7209161665E+05
  0.4819444444E+00  0.7208593231E+05
  0.4822222222E+00  0.7208024799E+05
  0.4825000000E+00  0.7207456398E+05
  0.4827777778E+00  0.7206887965E+05
  0.4830555556E+00  0.7206319531E+05
  0.4833333333E+00  0.7205751131E+05
  0.4836111111E+00  0.7205182698E+05
  0.4838888889E+00  0.7204614265E+05
  0.4841666667E+00  0.7204045865E+05
  0.4844444444E+00  0.7203477441E+05
  0.4847222222E+00  0.7202908997E+05
  0.4850000000E+00  0.7202340607E+05
  0.4852777778E+00  0.7202714316E+05
  0.4855555556E+00  0.7203088034E+05
  0.4858333333E+00  0.7203461786E+05
  0.4861111111E+00  0.7203835494E+05
  0.4863888889E+00  0.7204209212E+05
  0.4866666667E+00  0.7204582919E+05
  0.4869444444E+00  0.7204956670E+05
  0.4872222222E+00  0.7205330379E+05
  0.4875000000E+00  0.7205704096E+05
  0.4877777778E+00  0.7206077815E+05
  0.4880555556E+00  0.7206451556E+05
  0.4883333333E+00  0.7206825275E+05
  0.4886111111E+00  0.7207198993E+05
  0.4888888889E+00  0.7207572701E+05
  0.4891666667E+00  0.7207946453E+05
  0.4894444444E+00  0.7208320171E+05
  0.4897222222E+00  0.7208693889E+05
  0.4900000000E+00  0.7209067597E+05
  0.4902777778E+00  0.7210185473E+05
  0.4905555556E+00  0.7211303350E+05
  0.4908333333E+00  0.7212421226E+05
  0.4911111111E+00  0.7213539113E+05
  0.4913888889E+00  0.7214656989E+05
  0.4916666667E+00  0.7215774866E+05
  0.4919444444E+00  0.7216892752E+05
  0.4922222222E+00  0.7218010629E+05
  0.4925000000E+00  0.7219128506E+05
  0.4927777778E+00  0.7220246349E+05
  0.4930555556E+00  0.7221364236E+05
  0.4933333333E+00  0.7222482112E+05
  0.4936111111E+00  0.7223599989E+05
  0.4938888889E+00  0.7224717876E+05
  0.4941666667E+00  0.7225835752E+05
  0.4944444444E+00  0.7226953629E+05
  0.4947222222E+00  0.7228071516E+05
  0.4950000000E+00  0.7229189392E+05
