  0.1027777778E-01  0.2257219193E+08
  0.1055555556E-01  0.2254570444E+08
  0.1083333333E-01  0.2251921661E+08
  0.1111111111E-01  0.2249272910E+08
  0.1138888889E-01  0.2246624127E+08
  0.1166666667E-01  0.2243975377E+08
  0.1194444444E-01  0.2241326583E+08
  0.1222222222E-01  0.2238677832E+08
  0.1250000000E-01  0.2236029049E+08
  0.1277777778E-01  0.2233380300E+08
  0.1305555556E-01  0.2230731517E+08
  0.1333333333E-01  0.2228082766E+08
  0.1361111111E-01  0.2225433983E+08
  0.1388888889E-01  0.2222785233E+08
  0.1416666667E-01  0.2220136440E+08
  0.1444444444E-01  0.2217487690E+08
  0.1472222222E-01  0.2214838907E+08
  0.1500000000E-01  0.2212190157E+08
  0.1527777778E-01  0.2208572364E+08
  0.1555555556E-01  0.2204954625E+08
  0.1583333333E-01  0.2201336844E+08
  0.1611111111E-01  0.2197719095E+08
  0.1638888889E-01  0.2194101302E+08
  0.1666666667E-01  0.2190483554E+08
  0.1694444444E-01  0.2186865815E+08
  0.1722222222E-01  0.2183248022E+08
  0.1750000000E-01  0.2179630274E+08
  0.1777777778E-01  0.2176012492E+08
  0.1805555556E-01  0.2172394732E+08
  0.1833333333E-01  0.2168776984E+08
  0.1861111111E-01  0.2165159212E+08
  0.1888888889E-01  0.2161541453E+08
  0.1916666667E-01  0.2157923670E+08
  0.1944444444E-01  0.2154305922E+08
  0.1972222222E-01  0.2150688162E+08
  0.2000000000E-01  0.2147070391E+08
  0.2027777778E-01  0.2142568336E+08
  0.2055555556E-01  0.2138066281E+08
  0.2083333333E-01  0.2133564236E+08
  0.2111111111E-01  0.2129062148E+08
  0.2138888889E-01  0.2124560091E+08
  0.2166666667E-01  0.2120058036E+08
  0.2194444444E-01  0.2115555981E+08
  0.2222222222E-01  0.2111053936E+08
  0.2250000000E-01  0.2106551847E+08
  0.2277777778E-01  0.2102049802E+08
  0.2305555556E-01  0.2097547747E+08
  0.2333333333E-01  0.2093045702E+08
  0.2361111111E-01  0.2088543647E+08
  0.2388888889E-01  0.2084041548E+08
  0.2416666667E-01  0.2079539503E+08
  0.2444444444E-01  0.2075037448E+08
  0.2472222222E-01  0.2070535403E+08
  0.2500000000E-01  0.2066033348E+08
  0.2527777778E-01  0.2060751834E+08
  0.2555555556E-01  0.2055470342E+08
  0.2583333333E-01  0.2050188816E+08
  0.2611111111E-01  0.2044907325E+08
  0.2638888889E-01  0.2039625810E+08
  0.2666666667E-01  0.2034344320E+08
  0.2694444444E-01  0.2029062826E+08
  0.2722222222E-01  0.2023781302E+08
  0.2750000000E-01  0.2018499821E+08
  0.2777777778E-01  0.2013218297E+08
  0.2805555556E-01  0.2007936803E+08
  0.2833333333E-01  0.2002655279E+08
  0.2861111111E-01  0.1997373798E+08
  0.2888888889E-01  0.1992092273E+08
  0.2916666667E-01  0.1986810791E+08
  0.2944444444E-01  0.1981529289E+08
  0.2972222222E-01  0.1976247775E+08
  0.3000000000E-01  0.1970966284E+08
  0.3027777778E-01  0.1965026177E+08
  0.3055555556E-01  0.1959086104E+08
  0.3083333333E-01  0.1953146021E+08
  0.3111111111E-01  0.1947205948E+08
  0.3138888889E-01  0.1941265833E+08
  0.3166666667E-01  0.1935325760E+08
  0.3194444444E-01  0.1929385698E+08
  0.3222222222E-01  0.1923445581E+08
  0.3250000000E-01  0.1917505508E+08
  0.3277777778E-01  0.1911565436E+08
  0.3305555556E-01  0.1905625353E+08
  0.3333333333E-01  0.1899685247E+08
  0.3361111111E-01  0.1893745164E+08
  0.3388888889E-01  0.1887805092E+08
  0.3416666667E-01  0.1881865019E+08
  0.3444444444E-01  0.1875924902E+08
  0.3472222222E-01  0.1869984840E+08
  0.3500000000E-01  0.1864044767E+08
  0.3527777778E-01  0.1857576222E+08
  0.3555555556E-01  0.1851107732E+08
  0.3583333333E-01  0.1844639219E+08
  0.3611111111E-01  0.1838170684E+08
  0.3638888889E-01  0.1831702183E+08
  0.3666666667E-01  0.1825233681E+08
  0.3694444444E-01  0.1818765148E+08
  0.3722222222E-01  0.1812296645E+08
  0.3750000000E-01  0.1805828145E+08
  0.3777777778E-01  0.1799359642E+08
  0.3805555556E-01  0.1792891108E+08
  0.3833333333E-01  0.1786422605E+08
  0.3861111111E-01  0.1779954105E+08
  0.3888888889E-01  0.1773485570E+08
  0.3916666667E-01  0.1767017069E+08
  0.3944444444E-01  0.1760548567E+08
  0.3972222222E-01  0.1754080021E+08
  0.4000000000E-01  0.1747611531E+08
  0.4027777778E-01  0.1740752688E+08
  0.4055555556E-01  0.1733893835E+08
  0.4083333333E-01  0.1727034982E+08
  0.4111111111E-01  0.1720176106E+08
  0.4138888889E-01  0.1713317253E+08
  0.4166666667E-01  0.1706458410E+08
  0.4194444444E-01  0.1699599568E+08
  0.4222222222E-01  0.1692740715E+08
  0.4250000000E-01  0.1685881873E+08
  0.4277777778E-01  0.1679022976E+08
  0.4305555556E-01  0.1672164133E+08
  0.4333333333E-01  0.1665305291E+08
  0.4361111111E-01  0.1658446438E+08
  0.4388888889E-01  0.1651587596E+08
  0.4416666667E-01  0.1644728753E+08
  0.4444444444E-01  0.1637869889E+08
  0.4472222222E-01  0.1631011013E+08
  0.4500000000E-01  0.1624152171E+08
  0.4527777778E-01  0.1617042661E+08
  0.4555555556E-01  0.1609933159E+08
  0.4583333333E-01  0.1602823660E+08
  0.4611111111E-01  0.1595714159E+08
  0.4638888889E-01  0.1588604649E+08
  0.4666666667E-01  0.1581495139E+08
  0.4694444444E-01  0.1574385638E+08
  0.4722222222E-01  0.1567276139E+08
  0.4750000000E-01  0.1560166639E+08
  0.4777777778E-01  0.1553057128E+08
  0.4805555556E-01  0.1545947628E+08
  0.4833333333E-01  0.1538838118E+08
  0.4861111111E-01  0.1531728628E+08
  0.4888888889E-01  0.1524619118E+08
  0.4916666667E-01  0.1517509618E+08
  0.4944444444E-01  0.1510400107E+08
  0.4972222222E-01  0.1503290607E+08
  0.5000000000E-01  0.1496181107E+08
  0.5027777778E-01  0.1488958159E+08
  0.5055555556E-01  0.1481735212E+08
  0.5083333333E-01  0.1474512265E+08
  0.5111111111E-01  0.1467289328E+08
  0.5138888889E-01  0.1460066347E+08
  0.5166666667E-01  0.1452843410E+08
  0.5194444444E-01  0.1445620463E+08
  0.5222222222E-01  0.1438397516E+08
  0.5250000000E-01  0.1431174579E+08
  0.5277777778E-01  0.1423951632E+08
  0.5305555556E-01  0.1416728695E+08
  0.5333333333E-01  0.1409505747E+08
  0.5361111111E-01  0.1402282810E+08
  0.5388888889E-01  0.1395059863E+08
  0.5416666667E-01  0.1387836916E+08
  0.5444444444E-01  0.1380613968E+08
  0.5472222222E-01  0.1373391021E+08
  0.5500000000E-01  0.1366168084E+08
  0.5527777778E-01  0.1358962154E+08
  0.5555555556E-01  0.1351756215E+08
  0.5583333333E-01  0.1344550275E+08
  0.5611111111E-01  0.1337344346E+08
  0.5638888889E-01  0.1330138417E+08
  0.5666666667E-01  0.1322932510E+08
  0.5694444444E-01  0.1315726581E+08
  0.5722222222E-01  0.1308520641E+08
  0.5750000000E-01  0.1301314712E+08
  0.5777777778E-01  0.1294108783E+08
  0.5805555556E-01  0.1286902876E+08
  0.5833333333E-01  0.1279696947E+08
  0.5861111111E-01  0.1272491018E+08
  0.5888888889E-01  0.1265285078E+08
  0.5916666667E-01  0.1258079139E+08
  0.5944444444E-01  0.1250873230E+08
  0.5972222222E-01  0.1243667296E+08
  0.6000000000E-01  0.1236461374E+08
  0.6027777778E-01  0.1229393165E+08
  0.6055555556E-01  0.1222324933E+08
  0.6083333333E-01  0.1215256724E+08
  0.6111111111E-01  0.1208188503E+08
  0.6138888889E-01  0.1201120283E+08
  0.6166666667E-01  0.1194052062E+08
  0.6194444444E-01  0.1186983843E+08
  0.6222222222E-01  0.1179915621E+08
  0.6250000000E-01  0.1172847412E+08
  0.6277777778E-01  0.1165779181E+08
  0.6305555556E-01  0.1158710971E+08
  0.6333333333E-01  0.1151642747E+08
  0.6361111111E-01  0.1144574527E+08
  0.6388888889E-01  0.1137506306E+08
  0.6416666667E-01  0.1130438087E+08
  0.6444444444E-01  0.1123369866E+08
  0.6472222222E-01  0.1116301656E+08
  0.6500000000E-01  0.1109233425E+08
  0.6527777778E-01  0.1102409993E+08
  0.6555555556E-01  0.1095586550E+08
  0.6583333333E-01  0.1088763108E+08
  0.6611111111E-01  0.1081939676E+08
  0.6638888889E-01  0.1075116233E+08
  0.6666666667E-01  0.1068292802E+08
  0.6694444444E-01  0.1061469359E+08
  0.6722222222E-01  0.1054645924E+08
  0.6750000000E-01  0.1047822485E+08
  0.6777777778E-01  0.1040999047E+08
  0.6805555556E-01  0.1034175609E+08
  0.6833333333E-01  0.1027352170E+08
  0.6861111111E-01  0.1020528732E+08
  0.6888888889E-01  0.1013705294E+08
  0.6916666667E-01  0.1006881855E+08
  0.6944444444E-01  0.1000058417E+08
  0.6972222222E-01  0.9932349786E+07
  0.7000000000E-01  0.9864115401E+07
  0.7027777778E-01  0.9799245311E+07
  0.7055555556E-01  0.9734375265E+07
  0.7083333333E-01  0.9669505075E+07
  0.7111111111E-01  0.9604634997E+07
  0.7138888889E-01  0.9539764941E+07
  0.7166666667E-01  0.9474894761E+07
  0.7194444444E-01  0.9410024672E+07
  0.7222222222E-01  0.9345154627E+07
  0.7250000000E-01  0.9280284437E+07
  0.7277777778E-01  0.9215414354E+07
  0.7305555556E-01  0.9150544298E+07
  0.7333333333E-01  0.9085674119E+07
  0.7361111111E-01  0.9020804029E+07
  0.7388888889E-01  0.8955933984E+07
  0.7416666667E-01  0.8891063805E+07
  0.7444444444E-01  0.8826193716E+07
  0.7472222222E-01  0.8761323636E+07
  0.7500000000E-01  0.8696453480E+07
  0.7527777778E-01  0.8635688845E+07
  0.7555555556E-01  0.8574924198E+07
  0.7583333333E-01  0.8514159601E+07
  0.7611111111E-01  0.8453394954E+07
  0.7638888889E-01  0.8392630319E+07
  0.7666666667E-01  0.8331865687E+07
  0.7694444444E-01  0.8271101074E+07
  0.7722222222E-01  0.8210336438E+07
  0.7750000000E-01  0.8149571696E+07
  0.7777777778E-01  0.8088807061E+07
  0.7805555556E-01  0.8028042459E+07
  0.7833333333E-01  0.7967277815E+07
  0.7861111111E-01  0.7906513180E+07
  0.7888888889E-01  0.7845748536E+07
  0.7916666667E-01  0.7784983934E+07
  0.7944444444E-01  0.7724219301E+07
  0.7972222222E-01  0.7663454655E+07
  0.8000000000E-01  0.7602689921E+07
  0.8027777778E-01  0.7546593908E+07
  0.8055555556E-01  0.7490497773E+07
  0.8083333333E-01  0.7434401659E+07
  0.8111111111E-01  0.7378305513E+07
  0.8138888889E-01  0.7322209510E+07
  0.8166666667E-01  0.7266113364E+07
  0.8194444444E-01  0.7210017250E+07
  0.8222222222E-01  0.7153921114E+07
  0.8250000000E-01  0.7097825002E+07
  0.8277777778E-01  0.7041728955E+07
  0.8305555556E-01  0.6985632820E+07
  0.8333333333E-01  0.6929536706E+07
  0.8361111111E-01  0.6873440559E+07
  0.8388888889E-01  0.6817344557E+07
  0.8416666667E-01  0.6761248411E+07
  0.8444444444E-01  0.6705152309E+07
  0.8472222222E-01  0.6649056162E+07
  0.8500000000E-01  0.6592960048E+07
  0.8527777778E-01  0.6541911256E+07
  0.8555555556E-01  0.6490862363E+07
  0.8583333333E-01  0.6439813469E+07
  0.8611111111E-01  0.6388764575E+07
  0.8638888889E-01  0.6337715794E+07
  0.8666666667E-01  0.6286666900E+07
  0.8694444444E-01  0.6235618007E+07
  0.8722222222E-01  0.6184569213E+07
  0.8750000000E-01  0.6133520321E+07
  0.8777777778E-01  0.6082471427E+07
  0.8805555556E-01  0.6031422534E+07
  0.8833333333E-01  0.5980373775E+07
  0.8861111111E-01  0.5929324881E+07
  0.8888888889E-01  0.5878275988E+07
  0.8916666667E-01  0.5827227094E+07
  0.8944444444E-01  0.5776178302E+07
  0.8972222222E-01  0.5725129408E+07
  0.9000000000E-01  0.5674080515E+07
  0.9027777778E-01  0.5628283227E+07
  0.9055555556E-01  0.5582485974E+07
  0.9083333333E-01  0.5536688577E+07
  0.9111111111E-01  0.5490891323E+07
  0.9138888889E-01  0.5445094036E+07
  0.9166666667E-01  0.5399296668E+07
  0.9194444444E-01  0.5353499374E+07
  0.9222222222E-01  0.5307702056E+07
  0.9250000000E-01  0.5261904762E+07
  0.9277777778E-01  0.5216107434E+07
  0.9305555556E-01  0.5170310140E+07
  0.9333333333E-01  0.5124512823E+07
  0.9361111111E-01  0.5078715507E+07
  0.9388888889E-01  0.5032918202E+07
  0.9416666667E-01  0.4987120885E+07
  0.9444444444E-01  0.4941323601E+07
  0.9472222222E-01  0.4895526274E+07
  0.9500000000E-01  0.4849728946E+07
  0.9527777778E-01  0.4809224099E+07
  0.9555555556E-01  0.4768719241E+07
  0.9583333333E-01  0.4728214404E+07
  0.9611111111E-01  0.4687709546E+07
  0.9638888889E-01  0.4647204689E+07
  0.9666666667E-01  0.4606699842E+07
  0.9694444444E-01  0.4566194995E+07
  0.9722222222E-01  0.4525690148E+07
  0.9750000000E-01  0.4485185289E+07
  0.9777777778E-01  0.4444680443E+07
  0.9805555556E-01  0.4404175595E+07
  0.9833333333E-01  0.4363670749E+07
  0.9861111111E-01  0.4323165891E+07
  0.9888888889E-01  0.4282661044E+07
  0.9916666667E-01  0.4242156196E+07
  0.9944444444E-01  0.4201651339E+07
  0.9972222222E-01  0.4161146492E+07
  0.1000000000E+00  0.4120641634E+07
  0.1002777778E+00  0.4085321961E+07
  0.1005555556E+00  0.4050002289E+07
  0.1008333333E+00  0.4014682605E+07
  0.1011111111E+00  0.3979362922E+07
  0.1013888889E+00  0.3944043238E+07
  0.1016666667E+00  0.3908723565E+07
  0.1019444444E+00  0.3873403892E+07
  0.1022222222E+00  0.3838084209E+07
  0.1025000000E+00  0.3802764525E+07
  0.1027777778E+00  0.3767444842E+07
  0.1030555556E+00  0.3732125169E+07
  0.1033333333E+00  0.3696805495E+07
  0.1036111111E+00  0.3661485812E+07
  0.1038888889E+00  0.3626166129E+07
  0.1041666667E+00  0.3590846446E+07
  0.1044444444E+00  0.3555526772E+07
  0.1047222222E+00  0.3520207100E+07
  0.1050000000E+00  0.3484887405E+07
  0.1052777778E+00  0.3454524650E+07
  0.1055555556E+00  0.3424161872E+07
  0.1058333333E+00  0.3393799083E+07
  0.1061111111E+00  0.3363436327E+07
  0.1063888889E+00  0.3333073538E+07
  0.1066666667E+00  0.3302710772E+07
  0.1069444444E+00  0.3272347983E+07
  0.1072222222E+00  0.3241985205E+07
  0.1075000000E+00  0.3211622449E+07
  0.1077777778E+00  0.3181259660E+07
  0.1080555556E+00  0.3150896894E+07
  0.1083333333E+00  0.3120534106E+07
  0.1086111111E+00  0.3090171316E+07
  0.1088888889E+00  0.3059808571E+07
  0.1091666667E+00  0.3029445782E+07
  0.1094444444E+00  0.2999083016E+07
  0.1097222222E+00  0.2968720227E+07
  0.1100000000E+00  0.2938357438E+07
  0.1102777778E+00  0.2912619599E+07
  0.1105555556E+00  0.2886881784E+07
  0.1108333333E+00  0.2861143945E+07
  0.1111111111E+00  0.2835406106E+07
  0.1113888889E+00  0.2809668257E+07
  0.1116666667E+00  0.2783930419E+07
  0.1119444444E+00  0.2758192580E+07
  0.1122222222E+00  0.2732454731E+07
  0.1125000000E+00  0.2706716925E+07
  0.1127777778E+00  0.2680979077E+07
  0.1130555556E+00  0.2655241227E+07
  0.1133333333E+00  0.2629503388E+07
  0.1136111111E+00  0.2603765539E+07
  0.1138888889E+00  0.2578027700E+07
  0.1141666667E+00  0.2552289862E+07
  0.1144444444E+00  0.2526552046E+07
  0.1147222222E+00  0.2500814207E+07
  0.1150000000E+00  0.2475076368E+07
  0.1152777778E+00  0.2453557404E+07
  0.1155555556E+00  0.2432038493E+07
  0.1158333333E+00  0.2410519539E+07
  0.1161111111E+00  0.2389000617E+07
  0.1163888889E+00  0.2367481674E+07
  0.1166666667E+00  0.2345962752E+07
  0.1169444444E+00  0.2324443787E+07
  0.1172222222E+00  0.2302924866E+07
  0.1175000000E+00  0.2281405922E+07
  0.1177777778E+00  0.2259887001E+07
  0.1180555556E+00  0.2238368046E+07
  0.1183333333E+00  0.2216849126E+07
  0.1186111111E+00  0.2195330205E+07
  0.1188888889E+00  0.2173811250E+07
  0.1191666667E+00  0.2152292340E+07
  0.1194444444E+00  0.2130773385E+07
  0.1197222222E+00  0.2109254463E+07
  0.1200000000E+00  0.2087735510E+07
  0.1202777778E+00  0.2069978828E+07
  0.1205555556E+00  0.2052222170E+07
  0.1208333333E+00  0.2034465490E+07
  0.1211111111E+00  0.2016708798E+07
  0.1213888889E+00  0.1998952140E+07
  0.1216666667E+00  0.1981195460E+07
  0.1219444444E+00  0.1963438778E+07
  0.1222222222E+00  0.1945682087E+07
  0.1225000000E+00  0.1927925440E+07
  0.1227777778E+00  0.1910168749E+07
  0.1230555556E+00  0.1892412057E+07
  0.1233333333E+00  0.1874655420E+07
  0.1236111111E+00  0.1856898729E+07
  0.1238888889E+00  0.1839142037E+07
  0.1241666667E+00  0.1821385346E+07
  0.1244444444E+00  0.1803628699E+07
  0.1247222222E+00  0.1785872007E+07
  0.1250000000E+00  0.1768115326E+07
  0.1252777778E+00  0.1753637516E+07
  0.1255555556E+00  0.1739159696E+07
  0.1258333333E+00  0.1724681842E+07
  0.1261111111E+00  0.1710204032E+07
  0.1263888889E+00  0.1695726222E+07
  0.1266666667E+00  0.1681248401E+07
  0.1269444444E+00  0.1666770592E+07
  0.1272222222E+00  0.1652292738E+07
  0.1275000000E+00  0.1637814917E+07
  0.1277777778E+00  0.1623337096E+07
  0.1280555556E+00  0.1608859297E+07
  0.1283333333E+00  0.1594381443E+07
  0.1286111111E+00  0.1579903622E+07
  0.1288888889E+00  0.1565425813E+07
  0.1291666667E+00  0.1550947992E+07
  0.1294444444E+00  0.1536470138E+07
  0.1297222222E+00  0.1521992339E+07
  0.1300000000E+00  0.1507514518E+07
  0.1302777778E+00  0.1495828540E+07
  0.1305555556E+00  0.1484142563E+07
  0.1308333333E+00  0.1472456585E+07
  0.1311111111E+00  0.1460770652E+07
  0.1313888889E+00  0.1449084664E+07
  0.1316666667E+00  0.1437398697E+07
  0.1319444444E+00  0.1425712719E+07
  0.1322222222E+00  0.1414026742E+07
  0.1325000000E+00  0.1402340764E+07
  0.1327777778E+00  0.1390654831E+07
  0.1330555556E+00  0.1378968843E+07
  0.1333333333E+00  0.1367282876E+07
  0.1336111111E+00  0.1355596898E+07
  0.1338888889E+00  0.1343910921E+07
  0.1341666667E+00  0.1332224943E+07
  0.1344444444E+00  0.1320539010E+07
  0.1347222222E+00  0.1308853032E+07
  0.1350000000E+00  0.1297167055E+07
  0.1352777778E+00  0.1287799890E+07
  0.1355555556E+00  0.1278432714E+07
  0.1358333333E+00  0.1269065539E+07
  0.1361111111E+00  0.1259698340E+07
  0.1363888889E+00  0.1250331165E+07
  0.1366666667E+00  0.1240963978E+07
  0.1369444444E+00  0.1231596813E+07
  0.1372222222E+00  0.1222229637E+07
  0.1375000000E+00  0.1212862462E+07
  0.1377777778E+00  0.1203495296E+07
  0.1380555556E+00  0.1194128087E+07
  0.1383333333E+00  0.1184760912E+07
  0.1386111111E+00  0.1175393746E+07
  0.1388888889E+00  0.1166026571E+07
  0.1391666667E+00  0.1156659396E+07
  0.1394444444E+00  0.1147292230E+07
  0.1397222222E+00  0.1137925055E+07
  0.1400000000E+00  0.1128557846E+07
  0.1402777778E+00  0.1121067017E+07
  0.1405555556E+00  0.1113576187E+07
  0.1408333333E+00  0.1106085358E+07
  0.1411111111E+00  0.1098594529E+07
  0.1413888889E+00  0.1091103699E+07
  0.1416666667E+00  0.1083612870E+07
  0.1419444444E+00  0.1076122052E+07
  0.1422222222E+00  0.1068631222E+07
  0.1425000000E+00  0.1061140393E+07
  0.1427777778E+00  0.1053649564E+07
  0.1430555556E+00  0.1046158734E+07
  0.1433333333E+00  0.1038667905E+07
  0.1436111111E+00  0.1031177076E+07
  0.1438888889E+00  0.1023686246E+07
  0.1441666667E+00  0.1016195428E+07
  0.1444444444E+00  0.1008704599E+07
  0.1447222222E+00  0.1001213766E+07
  0.1450000000E+00  0.9937229367E+06
  0.1452777778E+00  0.9877081019E+06
  0.1455555556E+00  0.9816932915E+06
  0.1458333333E+00  0.9756784700E+06
  0.1461111111E+00  0.9696636485E+06
  0.1463888889E+00  0.9636488282E+06
  0.1466666667E+00  0.9576340067E+06
  0.1469444444E+00  0.9516191852E+06
  0.1472222222E+00  0.9456043748E+06
  0.1475000000E+00  0.9395895433E+06
  0.1477777778E+00  0.9335747185E+06
  0.1480555556E+00  0.9275599081E+06
  0.1483333333E+00  0.9215450867E+06
  0.1486111111E+00  0.9155302551E+06
  0.1488888889E+00  0.9095154448E+06
  0.1491666667E+00  0.9035006233E+06
  0.1494444444E+00  0.8974858018E+06
  0.1497222222E+00  0.8914709815E+06
  0.1500000000E+00  0.8854561599E+06
  0.1502777778E+00  0.8805669960E+06
  0.1505555556E+00  0.8756778209E+06
  0.1508333333E+00  0.8707886570E+06
  0.1511111111E+00  0.8658994931E+06
  0.1513888889E+00  0.8610103180E+06
  0.1516666667E+00  0.8561211540E+06
  0.1519444444E+00  0.8512319845E+06
  0.1522222222E+00  0.8463428072E+06
  0.1525000000E+00  0.8414536389E+06
  0.1527777778E+00  0.8365644705E+06
  0.1530555556E+00  0.8316753021E+06
  0.1533333333E+00  0.8267861348E+06
  0.1536111111E+00  0.8218969664E+06
  0.1538888889E+00  0.8170077980E+06
  0.1541666667E+00  0.8121186296E+06
  0.1544444444E+00  0.8072294646E+06
  0.1547222222E+00  0.8023402973E+06
  0.1550000000E+00  0.7974511289E+06
  0.1552777778E+00  0.7933922094E+06
  0.1555555556E+00  0.7893333011E+06
  0.1558333333E+00  0.7852743916E+06
  0.1561111111E+00  0.7812154766E+06
  0.1563888889E+00  0.7771565671E+06
  0.1566666667E+00  0.7730976588E+06
  0.1569444444E+00  0.7690387493E+06
  0.1572222222E+00  0.7649798309E+06
  0.1575000000E+00  0.7609209248E+06
  0.1577777778E+00  0.7568620165E+06
  0.1580555556E+00  0.7528030970E+06
  0.1583333333E+00  0.7487441887E+06
  0.1586111111E+00  0.7446852825E+06
  0.1588888889E+00  0.7406263742E+06
  0.1591666667E+00  0.7365674547E+06
  0.1594444444E+00  0.7325085464E+06
  0.1597222222E+00  0.7284496369E+06
  0.1600000000E+00  0.7243907319E+06
  0.1602777778E+00  0.7209227327E+06
  0.1605555556E+00  0.7174547380E+06
  0.1608333333E+00  0.7139867400E+06
  0.1611111111E+00  0.7105187442E+06
  0.1613888889E+00  0.7070507462E+06
  0.1616666667E+00  0.7035827481E+06
  0.1619444444E+00  0.7001147523E+06
  0.1622222222E+00  0.6966467543E+06
  0.1625000000E+00  0.6931787595E+06
  0.1627777778E+00  0.6897107604E+06
  0.1630555556E+00  0.6862427657E+06
  0.1633333333E+00  0.6827747676E+06
  0.1636111111E+00  0.6793067718E+06
  0.1638888889E+00  0.6758387738E+06
  0.1641666667E+00  0.6723707791E+06
  0.1644444444E+00  0.6689027799E+06
  0.1647222222E+00  0.6654347852E+06
  0.1650000000E+00  0.6619667873E+06
  0.1652777778E+00  0.6589039926E+06
  0.1655555556E+00  0.6558412090E+06
  0.1658333333E+00  0.6527784254E+06
  0.1661111111E+00  0.6497156342E+06
  0.1663888889E+00  0.6466528506E+06
  0.1666666667E+00  0.6435900570E+06
  0.1669444444E+00  0.6405272723E+06
  0.1672222222E+00  0.6374644788E+06
  0.1675000000E+00  0.6344016953E+06
  0.1677777778E+00  0.6313389006E+06
  0.1680555556E+00  0.6282761170E+06
  0.1683333333E+00  0.6252133335E+06
  0.1686111111E+00  0.6221505388E+06
  0.1688888889E+00  0.6190877586E+06
  0.1691666667E+00  0.6160249639E+06
  0.1694444444E+00  0.6129621804E+06
  0.1697222222E+00  0.6098993869E+06
  0.1700000000E+00  0.6068366022E+06
  0.1702777778E+00  0.6040440303E+06
  0.1705555556E+00  0.6012514583E+06
  0.1708333333E+00  0.5984588964E+06
  0.1711111111E+00  0.5956663244E+06
  0.1713888889E+00  0.5928737524E+06
  0.1716666667E+00  0.5900811806E+06
  0.1719444444E+00  0.5872886086E+06
  0.1722222222E+00  0.5844960467E+06
  0.1725000000E+00  0.5817034736E+06
  0.1727777778E+00  0.5789109017E+06
  0.1730555556E+00  0.5761183264E+06
  0.1733333333E+00  0.5733257645E+06
  0.1736111111E+00  0.5705331925E+06
  0.1738888889E+00  0.5677406207E+06
  0.1741666667E+00  0.5649480487E+06
  0.1744444444E+00  0.5621554768E+06
  0.1747222222E+00  0.5593629148E+06
  0.1750000000E+00  0.5565703418E+06
  0.1752777778E+00  0.5539570360E+06
  0.1755555556E+00  0.5513437169E+06
  0.1758333333E+00  0.5487304111E+06
  0.1761111111E+00  0.5461171020E+06
  0.1763888889E+00  0.5435037862E+06
  0.1766666667E+00  0.5408904771E+06
  0.1769444444E+00  0.5382771713E+06
  0.1772222222E+00  0.5356638656E+06
  0.1775000000E+00  0.5330505464E+06
  0.1777777778E+00  0.5304372395E+06
  0.1780555556E+00  0.5278239303E+06
  0.1783333333E+00  0.5252106247E+06
  0.1786111111E+00  0.5225973055E+06
  0.1788888889E+00  0.5199839997E+06
  0.1791666667E+00  0.5173706906E+06
  0.1794444444E+00  0.5147573747E+06
  0.1797222222E+00  0.5121440691E+06
  0.1800000000E+00  0.5095307599E+06
  0.1802777778E+00  0.5070428935E+06
  0.1805555556E+00  0.5045550282E+06
  0.1808333333E+00  0.5020671729E+06
  0.1811111111E+00  0.4995793065E+06
  0.1813888889E+00  0.4970914412E+06
  0.1816666667E+00  0.4946035749E+06
  0.1819444444E+00  0.4921157095E+06
  0.1822222222E+00  0.4896278543E+06
  0.1825000000E+00  0.4871399879E+06
  0.1827777778E+00  0.4846521227E+06
  0.1830555556E+00  0.4821642563E+06
  0.1833333333E+00  0.4796764010E+06
  0.1836111111E+00  0.4771885324E+06
  0.1838888889E+00  0.4747006660E+06
  0.1841666667E+00  0.4722128007E+06
  0.1844444444E+00  0.4697249383E+06
  0.1847222222E+00  0.4672370760E+06
  0.1850000000E+00  0.4647492127E+06
  0.1852777778E+00  0.4623629345E+06
  0.1855555556E+00  0.4599766608E+06
  0.1858333333E+00  0.4575903837E+06
  0.1861111111E+00  0.4552041066E+06
  0.1863888889E+00  0.4528178296E+06
  0.1866666667E+00  0.4504315548E+06
  0.1869444444E+00  0.4480452777E+06
  0.1872222222E+00  0.4456590006E+06
  0.1875000000E+00  0.4432727234E+06
  0.1877777778E+00  0.4408864464E+06
  0.1880555556E+00  0.4385001715E+06
  0.1883333333E+00  0.4361138945E+06
  0.1886111111E+00  0.4337276174E+06
  0.1888888889E+00  0.4313413403E+06
  0.1891666667E+00  0.4289550666E+06
  0.1894444444E+00  0.4265687884E+06
  0.1897222222E+00  0.4241825114E+06
  0.1900000000E+00  0.4217962343E+06
  0.1902777778E+00  0.4195096438E+06
  0.1905555556E+00  0.4172230519E+06
  0.1908333333E+00  0.4149364581E+06
  0.1911111111E+00  0.4126498697E+06
  0.1913888889E+00  0.4103632769E+06
  0.1916666667E+00  0.4080766875E+06
  0.1919444444E+00  0.4057900945E+06
  0.1922222222E+00  0.4035035017E+06
  0.1925000000E+00  0.4012169123E+06
  0.1927777778E+00  0.3989303195E+06
  0.1930555556E+00  0.3966437266E+06
  0.1933333333E+00  0.3943571371E+06
  0.1936111111E+00  0.3920705443E+06
  0.1938888889E+00  0.3897839559E+06
  0.1941666667E+00  0.3874973620E+06
  0.1944444444E+00  0.3852107702E+06
  0.1947222222E+00  0.3829241797E+06
  0.1950000000E+00  0.3806375880E+06
  0.1952777778E+00  0.3784637456E+06
  0.1955555556E+00  0.3762899023E+06
  0.1958333333E+00  0.3741160577E+06
  0.1961111111E+00  0.3719422153E+06
  0.1963888889E+00  0.3697683720E+06
  0.1966666667E+00  0.3675945263E+06
  0.1969444444E+00  0.3654206850E+06
  0.1972222222E+00  0.3632468417E+06
  0.1975000000E+00  0.3610729993E+06
  0.1977777778E+00  0.3588991547E+06
  0.1980555556E+00  0.3567253113E+06
  0.1983333333E+00  0.3545514690E+06
  0.1986111111E+00  0.3523776244E+06
  0.1988888889E+00  0.3502037810E+06
  0.1991666667E+00  0.3480299387E+06
  0.1994444444E+00  0.3458560974E+06
  0.1997222222E+00  0.3436822507E+06
  0.2000000000E+00  0.3415084084E+06
  0.2002777778E+00  0.3394684078E+06
  0.2005555556E+00  0.3374284063E+06
  0.2008333333E+00  0.3353884057E+06
  0.2011111111E+00  0.3333484051E+06
  0.2013888889E+00  0.3313084035E+06
  0.2016666667E+00  0.3292684063E+06
  0.2019444444E+00  0.3272284048E+06
  0.2022222222E+00  0.3251884042E+06
  0.2025000000E+00  0.3231484037E+06
  0.2027777778E+00  0.3211084021E+06
  0.2030555556E+00  0.3190684015E+06
  0.2033333333E+00  0.3170283999E+06
  0.2036111111E+00  0.3149883994E+06
  0.2038888889E+00  0.3129484000E+06
  0.2041666667E+00  0.3109083984E+06
  0.2044444444E+00  0.3088683979E+06
  0.2047222222E+00  0.3068283963E+06
  0.2050000000E+00  0.3047883991E+06
  0.2052777778E+00  0.3029063485E+06
  0.2055555556E+00  0.3010243013E+06
  0.2058333333E+00  0.2991422507E+06
  0.2061111111E+00  0.2972602035E+06
  0.2063888889E+00  0.2953781563E+06
  0.2066666667E+00  0.2934961067E+06
  0.2069444444E+00  0.2916140595E+06
  0.2072222222E+00  0.2897320123E+06
  0.2075000000E+00  0.2878499618E+06
  0.2077777778E+00  0.2859679145E+06
  0.2080555556E+00  0.2840858640E+06
  0.2083333333E+00  0.2822038167E+06
  0.2086111111E+00  0.2803217696E+06
  0.2088888889E+00  0.2784397189E+06
  0.2091666667E+00  0.2765576718E+06
  0.2094444444E+00  0.2746756213E+06
  0.2097222222E+00  0.2727935740E+06
  0.2100000000E+00  0.2709115268E+06
  0.2102777778E+00  0.2692098076E+06
  0.2105555556E+00  0.2675080886E+06
  0.2108333333E+00  0.2658063685E+06
  0.2111111111E+00  0.2641046527E+06
  0.2113888889E+00  0.2624029336E+06
  0.2116666667E+00  0.2607012135E+06
  0.2119444444E+00  0.2589994944E+06
  0.2122222222E+00  0.2572977777E+06
  0.2125000000E+00  0.2555960597E+06
  0.2127777778E+00  0.2538943396E+06
  0.2130555556E+00  0.2521926194E+06
  0.2133333333E+00  0.2504909037E+06
  0.2136111111E+00  0.2487891846E+06
  0.2138888889E+00  0.2470874656E+06
  0.2141666667E+00  0.2453857454E+06
  0.2144444444E+00  0.2436840287E+06
  0.2147222222E+00  0.2419823106E+06
  0.2150000000E+00  0.2402805905E+06
  0.2152777778E+00  0.2387765645E+06
  0.2155555556E+00  0.2372725360E+06
  0.2158333333E+00  0.2357685089E+06
  0.2161111111E+00  0.2342644805E+06
  0.2163888889E+00  0.2327604545E+06
  0.2166666667E+00  0.2312564260E+06
  0.2169444444E+00  0.2297523989E+06
  0.2172222222E+00  0.2282483705E+06
  0.2175000000E+00  0.2267443445E+06
  0.2177777778E+00  0.2252403194E+06
  0.2180555556E+00  0.2237362899E+06
  0.2183333333E+00  0.2222322638E+06
  0.2186111111E+00  0.2207282355E+06
  0.2188888889E+00  0.2192242094E+06
  0.2191666667E+00  0.2177201799E+06
  0.2194444444E+00  0.2162161538E+06
  0.2197222222E+00  0.2147121255E+06
  0.2200000000E+00  0.2132080983E+06
  0.2202777778E+00  0.2119123413E+06
  0.2205555556E+00  0.2106165788E+06
  0.2208333333E+00  0.2093208208E+06
  0.2211111111E+00  0.2080250583E+06
  0.2213888889E+00  0.2067293001E+06
  0.2216666667E+00  0.2054335387E+06
  0.2219444444E+00  0.2041377796E+06
  0.2222222222E+00  0.2028420192E+06
  0.2225000000E+00  0.2015462601E+06
  0.2227777778E+00  0.2002504976E+06
  0.2230555556E+00  0.1989547396E+06
  0.2233333333E+00  0.1976589781E+06
  0.2236111111E+00  0.1963632201E+06
  0.2238888889E+00  0.1950674576E+06
  0.2241666667E+00  0.1937716995E+06
  0.2244444444E+00  0.1924759381E+06
  0.2247222222E+00  0.1911801789E+06
  0.2250000000E+00  0.1898844165E+06
  0.2252777778E+00  0.1887993430E+06
  0.2255555556E+00  0.1877142685E+06
  0.2258333333E+00  0.1866291984E+06
  0.2261111111E+00  0.1855441239E+06
  0.2263888889E+00  0.1844590504E+06
  0.2266666667E+00  0.1833739759E+06
  0.2269444444E+00  0.1822889015E+06
  0.2272222222E+00  0.1812038280E+06
  0.2275000000E+00  0.1801187535E+06
  0.2277777778E+00  0.1790336834E+06
  0.2280555556E+00  0.1779486089E+06
  0.2283333333E+00  0.1768635354E+06
  0.2286111111E+00  0.1757784609E+06
  0.2288888889E+00  0.1746933864E+06
  0.2291666667E+00  0.1736083130E+06
  0.2294444444E+00  0.1725232418E+06
  0.2297222222E+00  0.1714381684E+06
  0.2300000000E+00  0.1703530939E+06
  0.2302777778E+00  0.1694732179E+06
  0.2305555556E+00  0.1685933451E+06
  0.2308333333E+00  0.1677134714E+06
  0.2311111111E+00  0.1668335954E+06
  0.2313888889E+00  0.1659537216E+06
  0.2316666667E+00  0.1650738457E+06
  0.2319444444E+00  0.1641939729E+06
  0.2322222222E+00  0.1633140958E+06
  0.2325000000E+00  0.1624342232E+06
  0.2327777778E+00  0.1615543461E+06
  0.2330555556E+00  0.1606744735E+06
  0.2333333333E+00  0.1597946007E+06
  0.2336111111E+00  0.1589147236E+06
  0.2338888889E+00  0.1580348510E+06
  0.2341666667E+00  0.1571549739E+06
  0.2344444444E+00  0.1562751013E+06
  0.2347222222E+00  0.1553952252E+06
  0.2350000000E+00  0.1545153514E+06
  0.2352777778E+00  0.1538276626E+06
  0.2355555556E+00  0.1531399770E+06
  0.2358333333E+00  0.1524522925E+06
  0.2361111111E+00  0.1517646036E+06
  0.2363888889E+00  0.1510769170E+06
  0.2366666667E+00  0.1503892292E+06
  0.2369444444E+00  0.1497015436E+06
  0.2372222222E+00  0.1490138548E+06
  0.2375000000E+00  0.1483261692E+06
  0.2377777778E+00  0.1476384836E+06
  0.2380555556E+00  0.1469507948E+06
  0.2383333333E+00  0.1462631092E+06
  0.2386111111E+00  0.1455754214E+06
  0.2388888889E+00  0.1448877348E+06
  0.2391666667E+00  0.1442000470E+06
  0.2394444444E+00  0.1435123614E+06
  0.2397222222E+00  0.1428246715E+06
  0.2400000000E+00  0.1421369870E+06
  0.2402777778E+00  0.1416222745E+06
  0.2405555556E+00  0.1411075620E+06
  0.2408333333E+00  0.1405928441E+06
  0.2411111111E+00  0.1400781316E+06
  0.2413888889E+00  0.1395634191E+06
  0.2416666667E+00  0.1390487066E+06
  0.2419444444E+00  0.1385339931E+06
  0.2422222222E+00  0.1380192807E+06
  0.2425000000E+00  0.1375045648E+06
  0.2427777778E+00  0.1369898523E+06
  0.2430555556E+00  0.1364751389E+06
  0.2433333333E+00  0.1359604253E+06
  0.2436111111E+00  0.1354457128E+06
  0.2438888889E+00  0.1349310003E+06
  0.2441666667E+00  0.1344162835E+06
  0.2444444444E+00  0.1339015710E+06
  0.2447222222E+00  0.1333868585E+06
  0.2450000000E+00  0.1328721460E+06
  0.2452777778E+00  0.1325065407E+06
  0.2455555556E+00  0.1321409375E+06
  0.2458333333E+00  0.1317753332E+06
  0.2461111111E+00  0.1314097312E+06
  0.2463888889E+00  0.1310441258E+06
  0.2466666667E+00  0.1306785248E+06
  0.2469444444E+00  0.1303129183E+06
  0.2472222222E+00  0.1299473129E+06
  0.2475000000E+00  0.1295817119E+06
  0.2477777778E+00  0.1292161066E+06
  0.2480555556E+00  0.1288505044E+06
  0.2483333333E+00  0.1284848991E+06
  0.2486111111E+00  0.1281192971E+06
  0.2488888889E+00  0.1277536927E+06
  0.2491666667E+00  0.1273880907E+06
  0.2494444444E+00  0.1270224845E+06
  0.2497222222E+00  0.1266568815E+06
  0.2500000000E+00  0.1262912778E+06
  0.2502777778E+00  0.1260479401E+06
  0.2505555556E+00  0.1258046023E+06
  0.2508333333E+00  0.1255612655E+06
  0.2511111111E+00  0.1253179280E+06
  0.2513888889E+00  0.1250745914E+06
  0.2516666667E+00  0.1248312536E+06
  0.2519444444E+00  0.1245879158E+06
  0.2522222222E+00  0.1243445780E+06
  0.2525000000E+00  0.1241012406E+06
  0.2527777778E+00  0.1238579038E+06
  0.2530555556E+00  0.1236145660E+06
  0.2533333333E+00  0.1233712283E+06
  0.2536111111E+00  0.1231278905E+06
  0.2538888889E+00  0.1228845530E+06
  0.2541666667E+00  0.1226412152E+06
  0.2544444444E+00  0.1223978786E+06
  0.2547222222E+00  0.1221545408E+06
  0.2550000000E+00  0.1219112040E+06
  0.2552777778E+00  0.1217621889E+06
  0.2555555556E+00  0.1216131729E+06
  0.2558333333E+00  0.1214641574E+06
  0.2561111111E+00  0.1213151424E+06
  0.2563888889E+00  0.1211661273E+06
  0.2566666667E+00  0.1210171118E+06
  0.2569444444E+00  0.1208680968E+06
  0.2572222222E+00  0.1207190817E+06
  0.2575000000E+00  0.1205700664E+06
  0.2577777778E+00  0.1204210513E+06
  0.2580555556E+00  0.1202720363E+06
  0.2583333333E+00  0.1201230202E+06
  0.2586111111E+00  0.1199740048E+06
  0.2588888889E+00  0.1198249899E+06
  0.2591666667E+00  0.1196759748E+06
  0.2594444444E+00  0.1195269594E+06
  0.2597222222E+00  0.1193779444E+06
  0.2600000000E+00  0.1192289293E+06
  0.2602777778E+00  0.1191466551E+06
  0.2605555556E+00  0.1190643808E+06
  0.2608333333E+00  0.1189821066E+06
  0.2611111111E+00  0.1188998324E+06
  0.2613888889E+00  0.1188175592E+06
  0.2616666667E+00  0.1187352846E+06
  0.2619444444E+00  0.1186530104E+06
  0.2622222222E+00  0.1185707362E+06
  0.2625000000E+00  0.1184884620E+06
  0.2627777778E+00  0.1184061877E+06
  0.2630555556E+00  0.1183239135E+06
  0.2633333333E+00  0.1182416403E+06
  0.2636111111E+00  0.1181593661E+06
  0.2638888889E+00  0.1180770918E+06
  0.2641666667E+00  0.1179948177E+06
  0.2644444444E+00  0.1179125435E+06
  0.2647222222E+00  0.1178302693E+06
  0.2650000000E+00  0.1177479950E+06
  0.2652777778E+00  0.1177067810E+06
  0.2655555556E+00  0.1176655671E+06
  0.2658333333E+00  0.1176243531E+06
  0.2661111111E+00  0.1175831391E+06
  0.2663888889E+00  0.1175419258E+06
  0.2666666667E+00  0.1175007119E+06
  0.2669444444E+00  0.1174594978E+06
  0.2672222222E+00  0.1174182839E+06
  0.2675000000E+00  0.1173770700E+06
  0.2677777778E+00  0.1173358560E+06
  0.2680555556E+00  0.1172946420E+06
  0.2683333333E+00  0.1172534277E+06
  0.2686111111E+00  0.1172122138E+06
  0.2688888889E+00  0.1171709998E+06
  0.2691666667E+00  0.1171297858E+06
  0.2694444444E+00  0.1170885718E+06
  0.2697222222E+00  0.1170473579E+06
  0.2700000000E+00  0.1170061439E+06
  0.2702777778E+00  0.1169833212E+06
  0.2705555556E+00  0.1169604991E+06
  0.2708333333E+00  0.1169376763E+06
  0.2711111111E+00  0.1169148546E+06
  0.2713888889E+00  0.1168920330E+06
  0.2716666667E+00  0.1168692103E+06
  0.2719444444E+00  0.1168463885E+06
  0.2722222222E+00  0.1168235668E+06
  0.2725000000E+00  0.1168007441E+06
  0.2727777778E+00  0.1167779223E+06
  0.2730555556E+00  0.1167551006E+06
  0.2733333333E+00  0.1167322779E+06
  0.2736111111E+00  0.1167094562E+06
  0.2738888889E+00  0.1166866344E+06
  0.2741666667E+00  0.1166638117E+06
  0.2744444444E+00  0.1166409900E+06
  0.2747222222E+00  0.1166181682E+06
  0.2750000000E+00  0.1165953456E+06
  0.2752777778E+00  0.1165720134E+06
  0.2755555556E+00  0.1165486802E+06
  0.2758333333E+00  0.1165253471E+06
  0.2761111111E+00  0.1165020136E+06
  0.2763888889E+00  0.1164786814E+06
  0.2766666667E+00  0.1164553482E+06
  0.2769444444E+00  0.1164320150E+06
  0.2772222222E+00  0.1164086819E+06
  0.2775000000E+00  0.1163853497E+06
  0.2777777778E+00  0.1163620165E+06
  0.2780555556E+00  0.1163386834E+06
  0.2783333333E+00  0.1163153502E+06
  0.2786111111E+00  0.1162920181E+06
  0.2788888889E+00  0.1162686849E+06
  0.2791666667E+00  0.1162453517E+06
  0.2794444444E+00  0.1162220186E+06
  0.2797222222E+00  0.1161986864E+06
  0.2800000000E+00  0.1161753532E+06
  0.2802777778E+00  0.1161369041E+06
  0.2805555556E+00  0.1160984557E+06
  0.2808333333E+00  0.1160600065E+06
  0.2811111111E+00  0.1160215570E+06
  0.2813888889E+00  0.1159831088E+06
  0.2816666667E+00  0.1159446597E+06
  0.2819444444E+00  0.1159062103E+06
  0.2822222222E+00  0.1158677621E+06
  0.2825000000E+00  0.1158293126E+06
  0.2827777778E+00  0.1157908634E+06
  0.2830555556E+00  0.1157524153E+06
  0.2833333333E+00  0.1157139658E+06
  0.2836111111E+00  0.1156755167E+06
  0.2838888889E+00  0.1156370686E+06
  0.2841666667E+00  0.1155986190E+06
  0.2844444444E+00  0.1155601699E+06
  0.2847222222E+00  0.1155217214E+06
  0.2850000000E+00  0.1154832723E+06
  0.2852777778E+00  0.1154196087E+06
  0.2855555556E+00  0.1153559450E+06
  0.2858333333E+00  0.1152922815E+06
  0.2861111111E+00  0.1152286179E+06
  0.2863888889E+00  0.1151649533E+06
  0.2866666667E+00  0.1151012897E+06
  0.2869444444E+00  0.1150376261E+06
  0.2872222222E+00  0.1149739624E+06
  0.2875000000E+00  0.1149102989E+06
  0.2877777778E+00  0.1148466353E+06
  0.2880555556E+00  0.1147829717E+06
  0.2883333333E+00  0.1147193077E+06
  0.2886111111E+00  0.1146556441E+06
  0.2888888889E+00  0.1145919806E+06
  0.2891666667E+00  0.1145283160E+06
  0.2894444444E+00  0.1144646524E+06
  0.2897222222E+00  0.1144009887E+06
  0.2900000000E+00  0.1143373251E+06
  0.2902777778E+00  0.1142426189E+06
  0.2905555556E+00  0.1141479118E+06
  0.2908333333E+00  0.1140532045E+06
  0.2911111111E+00  0.1139584983E+06
  0.2913888889E+00  0.1138637911E+06
  0.2916666667E+00  0.1137690839E+06
  0.2919444444E+00  0.1136743777E+06
  0.2922222222E+00  0.1135796704E+06
  0.2925000000E+00  0.1134849642E+06
  0.2927777778E+00  0.1133902570E+06
  0.2930555556E+00  0.1132955499E+06
  0.2933333333E+00  0.1132008436E+06
  0.2936111111E+00  0.1131061364E+06
  0.2938888889E+00  0.1130114291E+06
  0.2941666667E+00  0.1129167230E+06
  0.2944444444E+00  0.1128220158E+06
  0.2947222222E+00  0.1127273096E+06
  0.2950000000E+00  0.1126326023E+06
  0.2952777778E+00  0.1125051691E+06
  0.2955555556E+00  0.1123777371E+06
  0.2958333333E+00  0.1122503038E+06
  0.2961111111E+00  0.1121228715E+06
  0.2963888889E+00  0.1119954382E+06
  0.2966666667E+00  0.1118680049E+06
  0.2969444444E+00  0.1117405725E+06
  0.2972222222E+00  0.1116131393E+06
  0.2975000000E+00  0.1114857070E+06
  0.2977777778E+00  0.1113582736E+06
  0.2980555556E+00  0.1112308408E+06
  0.2983333333E+00  0.1111034084E+06
  0.2986111111E+00  0.1109759751E+06
  0.2988888889E+00  0.1108485428E+06
  0.2991666667E+00  0.1107211095E+06
  0.2994444444E+00  0.1105936772E+06
  0.2997222222E+00  0.1104662439E+06
  0.3000000000E+00  0.1103388106E+06
  0.3002777778E+00  0.1101803696E+06
  0.3005555556E+00  0.1100219272E+06
  0.3008333333E+00  0.1098634849E+06
  0.3011111111E+00  0.1097050436E+06
  0.3013888889E+00  0.1095466012E+06
  0.3016666667E+00  0.1093881592E+06
  0.3019444444E+00  0.1092297179E+06
  0.3022222222E+00  0.1090712756E+06
  0.3025000000E+00  0.1089128331E+06
  0.3027777778E+00  0.1087543911E+06
  0.3030555556E+00  0.1085959498E+06
  0.3033333333E+00  0.1084375075E+06
  0.3036111111E+00  0.1082790651E+06
  0.3038888889E+00  0.1081206241E+06
  0.3041666667E+00  0.1079621818E+06
  0.3044444444E+00  0.1078037395E+06
  0.3047222222E+00  0.1076452981E+06
  0.3050000000E+00  0.1074868561E+06
  0.3052777778E+00  0.1073019897E+06
  0.3055555556E+00  0.1071171235E+06
  0.3058333333E+00  0.1069322575E+06
  0.3061111111E+00  0.1067473913E+06
  0.3063888889E+00  0.1065625253E+06
  0.3066666667E+00  0.1063776591E+06
  0.3069444444E+00  0.1061927927E+06
  0.3072222222E+00  0.1060079266E+06
  0.3075000000E+00  0.1058230604E+06
  0.3077777778E+00  0.1056381944E+06
  0.3080555556E+00  0.1054533282E+06
  0.3083333333E+00  0.1052684622E+06
  0.3086111111E+00  0.1050835960E+06
  0.3088888889E+00  0.1048987296E+06
  0.3091666667E+00  0.1047138635E+06
  0.3094444444E+00  0.1045289974E+06
  0.3097222222E+00  0.1043441313E+06
  0.3100000000E+00  0.1041592652E+06
  0.3102777778E+00  0.1039546931E+06
  0.3105555556E+00  0.1037501220E+06
  0.3108333333E+00  0.1035455499E+06
  0.3111111111E+00  0.1033409777E+06
  0.3113888889E+00  0.1031364067E+06
  0.3116666667E+00  0.1029318346E+06
  0.3119444444E+00  0.1027272625E+06
  0.3122222222E+00  0.1025226914E+06
  0.3125000000E+00  0.1023181193E+06
  0.3127777778E+00  0.1021135471E+06
  0.3130555556E+00  0.1019089751E+06
  0.3133333333E+00  0.1017044040E+06
  0.3136111111E+00  0.1014998319E+06
  0.3138888889E+00  0.1012952598E+06
  0.3141666667E+00  0.1010906887E+06
  0.3144444444E+00  0.1008861167E+06
  0.3147222222E+00  0.1006815445E+06
  0.3150000000E+00  0.1004769734E+06
  0.3152777778E+00  0.1002608472E+06
  0.3155555556E+00  0.1000447210E+06
  0.3158333333E+00  0.9982859528E+05
  0.3161111111E+00  0.9961246908E+05
  0.3163888889E+00  0.9939634189E+05
  0.3166666667E+00  0.9918021568E+05
  0.3169444444E+00  0.9896408960E+05
  0.3172222222E+00  0.9874796340E+05
  0.3175000000E+00  0.9853183721E+05
  0.3177777778E+00  0.9831571146E+05
  0.3180555556E+00  0.9809958527E+05
  0.3183333333E+00  0.9788345906E+05
  0.3186111111E+00  0.9766733287E+05
  0.3188888889E+00  0.9745120679E+05
  0.3191666667E+00  0.9723508059E+05
  0.3194444444E+00  0.9701895440E+05
  0.3197222222E+00  0.9680282819E+05
  0.3200000000E+00  0.9658670244E+05
  0.3202777778E+00  0.9636773772E+05
  0.3205555556E+00  0.9614877188E+05
  0.3208333333E+00  0.9592980716E+05
  0.3211111111E+00  0.9571084177E+05
  0.3213888889E+00  0.9549187704E+05
  0.3216666667E+00  0.9527291231E+05
  0.3219444444E+00  0.9505394692E+05
  0.3222222222E+00  0.9483498220E+05
  0.3225000000E+00  0.9461601648E+05
  0.3227777778E+00  0.9439705164E+05
  0.3230555556E+00  0.9417808624E+05
  0.3233333333E+00  0.9395912151E+05
  0.3236111111E+00  0.9374015579E+05
  0.3238888889E+00  0.9352119140E+05
  0.3241666667E+00  0.9330222668E+05
  0.3244444444E+00  0.9308326094E+05
  0.3247222222E+00  0.9286429655E+05
  0.3250000000E+00  0.9264533072E+05
  0.3252777778E+00  0.9243237616E+05
  0.3255555556E+00  0.9221942092E+05
  0.3258333333E+00  0.9200646568E+05
  0.3261111111E+00  0.9179351001E+05
  0.3263888889E+00  0.9158055577E+05
  0.3266666667E+00  0.9136760021E+05
  0.3269444444E+00  0.9115464486E+05
  0.3272222222E+00  0.9094168963E+05
  0.3275000000E+00  0.9072873506E+05
  0.3277777778E+00  0.9051577982E+05
  0.3280555556E+00  0.9030282415E+05
  0.3283333333E+00  0.9008986991E+05
  0.3286111111E+00  0.8987691435E+05
  0.3288888889E+00  0.8966395911E+05
  0.3291666667E+00  0.8945100376E+05
  0.3294444444E+00  0.8923804920E+05
  0.3297222222E+00  0.8902509396E+05
  0.3300000000E+00  0.8881213829E+05
  0.3302777778E+00  0.8861332543E+05
  0.3305555556E+00  0.8841451346E+05
  0.3308333333E+00  0.8821570017E+05
  0.3311111111E+00  0.8801688731E+05
  0.3313888889E+00  0.8781807435E+05
  0.3316666667E+00  0.8761926139E+05
  0.3319444444E+00  0.8742044819E+05
  0.3322222222E+00  0.8722163524E+05
  0.3325000000E+00  0.8702282326E+05
  0.3327777778E+00  0.8682400996E+05
  0.3330555556E+00  0.8662519711E+05
  0.3333333333E+00  0.8642638414E+05
  0.3336111111E+00  0.8622757084E+05
  0.3338888889E+00  0.8602875799E+05
  0.3341666667E+00  0.8582994603E+05
  0.3344444444E+00  0.8563113272E+05
  0.3347222222E+00  0.8543231987E+05
  0.3350000000E+00  0.8523350690E+05
  0.3352777778E+00  0.8505598774E+05
  0.3355555556E+00  0.8487846970E+05
  0.3358333333E+00  0.8470095054E+05
  0.3361111111E+00  0.8452343149E+05
  0.3363888889E+00  0.8434591333E+05
  0.3366666667E+00  0.8416839417E+05
  0.3369444444E+00  0.8399087512E+05
  0.3372222222E+00  0.8381335696E+05
  0.3375000000E+00  0.8363583792E+05
  0.3377777778E+00  0.8345831876E+05
  0.3380555556E+00  0.8328080060E+05
  0.3383333333E+00  0.8310328155E+05
  0.3386111111E+00  0.8292576238E+05
  0.3388888889E+00  0.8274824433E+05
  0.3391666667E+00  0.8257072519E+05
  0.3394444444E+00  0.8239320613E+05
  0.3397222222E+00  0.8221568797E+05
  0.3400000000E+00  0.8203816881E+05
  0.3402777778E+00  0.8188764469E+05
  0.3405555556E+00  0.8173712157E+05
  0.3408333333E+00  0.8158659745E+05
  0.3411111111E+00  0.8143607400E+05
  0.3413888889E+00  0.8128554989E+05
  0.3416666667E+00  0.8113502677E+05
  0.3419444444E+00  0.8098450265E+05
  0.3422222222E+00  0.8083397953E+05
  0.3425000000E+00  0.8068345541E+05
  0.3427777778E+00  0.8053293229E+05
  0.3430555556E+00  0.8038240817E+05
  0.3433333333E+00  0.8023188505E+05
  0.3436111111E+00  0.8008136060E+05
  0.3438888889E+00  0.7993083749E+05
  0.3441666667E+00  0.7978031337E+05
  0.3444444444E+00  0.7962979025E+05
  0.3447222222E+00  0.7947926613E+05
  0.3450000000E+00  0.7932874301E+05
  0.3452777778E+00  0.7920924290E+05
  0.3455555556E+00  0.7908974280E+05
  0.3458333333E+00  0.7897024236E+05
  0.3461111111E+00  0.7885074325E+05
  0.3463888889E+00  0.7873124326E+05
  0.3466666667E+00  0.7861174315E+05
  0.3469444444E+00  0.7849224305E+05
  0.3472222222E+00  0.7837274294E+05
  0.3475000000E+00  0.7825324383E+05
  0.3477777778E+00  0.7813374340E+05
  0.3480555556E+00  0.7801424329E+05
  0.3483333333E+00  0.7789474318E+05
  0.3486111111E+00  0.7777524408E+05
  0.3488888889E+00  0.7765574397E+05
  0.3491666667E+00  0.7753624387E+05
  0.3494444444E+00  0.7741674376E+05
  0.3497222222E+00  0.7729724432E+05
  0.3500000000E+00  0.7717774433E+05
  0.3502777778E+00  0.7709149475E+05
  0.3505555556E+00  0.7700524517E+05
  0.3508333333E+00  0.7691899570E+05
  0.3511111111E+00  0.7683274612E+05
  0.3513888889E+00  0.7674649653E+05
  0.3516666667E+00  0.7666024708E+05
  0.3519444444E+00  0.7657399750E+05
  0.3522222222E+00  0.7648774891E+05
  0.3525000000E+00  0.7640149944E+05
  0.3527777778E+00  0.7631524986E+05
  0.3530555556E+00  0.7622900063E+05
  0.3533333333E+00  0.7614275116E+05
  0.3536111111E+00  0.7605650158E+05
  0.3538888889E+00  0.7597025200E+05
  0.3541666667E+00  0.7588400253E+05
  0.3544444444E+00  0.7579775294E+05
  0.3547222222E+00  0.7571150437E+05
  0.3550000000E+00  0.7562525490E+05
  0.3552777778E+00  0.7557267470E+05
  0.3555555556E+00  0.7552009373E+05
  0.3558333333E+00  0.7546751354E+05
  0.3561111111E+00  0.7541493335E+05
  0.3563888889E+00  0.7536235348E+05
  0.3566666667E+00  0.7530977329E+05
  0.3569444444E+00  0.7525719343E+05
  0.3572222222E+00  0.7520461324E+05
  0.3575000000E+00  0.7515203303E+05
  0.3577777778E+00  0.7509945318E+05
  0.3580555556E+00  0.7504687299E+05
  0.3583333333E+00  0.7499429302E+05
  0.3586111111E+00  0.7494171281E+05
  0.3588888889E+00  0.7488913295E+05
  0.3591666667E+00  0.7483655276E+05
  0.3594444444E+00  0.7478397256E+05
  0.3597222222E+00  0.7473139270E+05
  0.3600000000E+00  0.7467881151E+05
  0.3602777778E+00  0.7465858038E+05
  0.3605555556E+00  0.7463834791E+05
  0.3608333333E+00  0.7461811644E+05
  0.3611111111E+00  0.7459788398E+05
  0.3613888889E+00  0.7457765284E+05
  0.3616666667E+00  0.7455742038E+05
  0.3619444444E+00  0.7453718791E+05
  0.3622222222E+00  0.7451695677E+05
  0.3625000000E+00  0.7449672431E+05
  0.3627777778E+00  0.7447649284E+05
  0.3630555556E+00  0.7445626071E+05
  0.3633333333E+00  0.7443602924E+05
  0.3636111111E+00  0.7441579677E+05
  0.3638888889E+00  0.7439556464E+05
  0.3641666667E+00  0.7437533317E+05
  0.3644444444E+00  0.7435510071E+05
  0.3647222222E+00  0.7433486924E+05
  0.3650000000E+00  0.7431463709E+05
  0.3652777778E+00  0.7432389145E+05
  0.3655555556E+00  0.7433314513E+05
  0.3658333333E+00  0.7434239970E+05
  0.3661111111E+00  0.7435165404E+05
  0.3663888889E+00  0.7436090774E+05
  0.3666666667E+00  0.7437016242E+05
  0.3669444444E+00  0.7437941676E+05
  0.3672222222E+00  0.7438867044E+05
  0.3675000000E+00  0.7439792480E+05
  0.3677777778E+00  0.7440717937E+05
  0.3680555556E+00  0.7441643305E+05
  0.3683333333E+00  0.7442568739E+05
  0.3686111111E+00  0.7443494209E+05
  0.3688888889E+00  0.7444419677E+05
  0.3691666667E+00  0.7445345011E+05
  0.3694444444E+00  0.7446270479E+05
  0.3697222222E+00  0.7447195937E+05
  0.3700000000E+00  0.7448121272E+05
  0.3702777778E+00  0.7451575259E+05
  0.3705555556E+00  0.7455029226E+05
  0.3708333333E+00  0.7458483180E+05
  0.3711111111E+00  0.7461937035E+05
  0.3713888889E+00  0.7465391023E+05
  0.3716666667E+00  0.7468844977E+05
  0.3719444444E+00  0.7472298933E+05
  0.3722222222E+00  0.7475752920E+05
  0.3725000000E+00  0.7479206887E+05
  0.3727777778E+00  0.7482660741E+05
  0.3730555556E+00  0.7486114729E+05
  0.3733333333E+00  0.7489568684E+05
  0.3736111111E+00  0.7493022638E+05
  0.3738888889E+00  0.7496476627E+05
  0.3741666667E+00  0.7499930481E+05
  0.3744444444E+00  0.7503384447E+05
  0.3747222222E+00  0.7506838436E+05
  0.3750000000E+00  0.7510292390E+05
  0.3752777778E+00  0.7515757718E+05
  0.3755555556E+00  0.7521223148E+05
  0.3758333333E+00  0.7526688477E+05
  0.3761111111E+00  0.7532153905E+05
  0.3763888889E+00  0.7537619200E+05
  0.3766666667E+00  0.7543084640E+05
  0.3769444444E+00  0.7548549968E+05
  0.3772222222E+00  0.7554015397E+05
  0.3775000000E+00  0.7559480726E+05
  0.3777777778E+00  0.7564946054E+05
  0.3780555556E+00  0.7570411484E+05
  0.3783333333E+00  0.7575876812E+05
  0.3786111111E+00  0.7581342252E+05
  0.3788888889E+00  0.7586807581E+05
  0.3791666667E+00  0.7592273009E+05
  0.3794444444E+00  0.7597738304E+05
  0.3797222222E+00  0.7603203733E+05
  0.3800000000E+00  0.7608669062E+05
  0.3802777778E+00  0.7615553603E+05
  0.3805555556E+00  0.7622438012E+05
  0.3808333333E+00  0.7629322465E+05
  0.3811111111E+00  0.7636206973E+05
  0.3813888889E+00  0.7643091382E+05
  0.3816666667E+00  0.7649975823E+05
  0.3819444444E+00  0.7656860332E+05
  0.3822222222E+00  0.7663744774E+05
  0.3825000000E+00  0.7670629193E+05
  0.3827777778E+00  0.7677513736E+05
  0.3830555556E+00  0.7684398144E+05
  0.3833333333E+00  0.7691282552E+05
  0.3836111111E+00  0.7698166994E+05
  0.3838888889E+00  0.7705051503E+05
  0.3841666667E+00  0.7711935945E+05
  0.3844444444E+00  0.7718820364E+05
  0.3847222222E+00  0.7725704906E+05
  0.3850000000E+00  0.7732589315E+05
  0.3852777778E+00  0.7740277496E+05
  0.3855555556E+00  0.7747965710E+05
  0.3858333333E+00  0.7755653891E+05
  0.3861111111E+00  0.7763342106E+05
  0.3863888889E+00  0.7771030287E+05
  0.3866666667E+00  0.7778718357E+05
  0.3869444444E+00  0.7786406572E+05
  0.3872222222E+00  0.7794094753E+05
  0.3875000000E+00  0.7801782967E+05
  0.3877777778E+00  0.7809471148E+05
  0.3880555556E+00  0.7817159329E+05
  0.3883333333E+00  0.7824847544E+05
  0.3886111111E+00  0.7832535725E+05
  0.3888888889E+00  0.7840223939E+05
  0.3891666667E+00  0.7847912122E+05
  0.3894444444E+00  0.7855600236E+05
  0.3897222222E+00  0.7863288406E+05
  0.3900000000E+00  0.7870976587E+05
  0.3902777778E+00  0.7878842544E+05
  0.3905555556E+00  0.7886708366E+05
  0.3908333333E+00  0.7894574189E+05
  0.3911111111E+00  0.7902440011E+05
  0.3913888889E+00  0.7910305933E+05
  0.3916666667E+00  0.7918171789E+05
  0.3919444444E+00  0.7926037611E+05
  0.3922222222E+00  0.7933903534E+05
  0.3925000000E+00  0.7941769345E+05
  0.3927777778E+00  0.7949635201E+05
  0.3930555556E+00  0.7957501124E+05
  0.3933333333E+00  0.7965366946E+05
  0.3936111111E+00  0.7973232769E+05
  0.3938888889E+00  0.7981098725E+05
  0.3941666667E+00  0.7988964548E+05
  0.3944444444E+00  0.7996830370E+05
  0.3947222222E+00  0.8004696293E+05
  0.3950000000E+00  0.8012562115E+05
  0.3952777778E+00  0.8020022414E+05
  0.3955555556E+00  0.8027482790E+05
  0.3958333333E+00  0.8034943100E+05
  0.3961111111E+00  0.8042403466E+05
  0.3963888889E+00  0.8049863777E+05
  0.3966666667E+00  0.8057324153E+05
  0.3969444444E+00  0.8064784564E+05
  0.3972222222E+00  0.8072244829E+05
  0.3975000000E+00  0.8079705240E+05
  0.3977777778E+00  0.8087165515E+05
  0.3980555556E+00  0.8094625925E+05
  0.3983333333E+00  0.8102086191E+05
  0.3986111111E+00  0.8109546602E+05
  0.3988888889E+00  0.8117006878E+05
  0.3991666667E+00  0.8124467256E+05
  0.3994444444E+00  0.8131927555E+05
  0.3997222222E+00  0.8139387931E+05
  0.4000000000E+00  0.8146848242E+05
  0.4002777778E+00  0.8153377167E+05
  0.4005555556E+00  0.8159906180E+05
  0.4008333333E+00  0.8166435139E+05
  0.4011111111E+00  0.8172964064E+05
  0.4013888889E+00  0.8179492978E+05
  0.4016666667E+00  0.8186022036E+05
  0.4019444444E+00  0.8192550961E+05
  0.4022222222E+00  0.8199079875E+05
  0.4025000000E+00  0.8205608800E+05
  0.4027777778E+00  0.8212137759E+05
  0.4030555556E+00  0.8218666773E+05
  0.4033333333E+00  0.8225195698E+05
  0.4036111111E+00  0.8231724656E+05
  0.4038888889E+00  0.8238253570E+05
  0.4041666667E+00  0.8244782595E+05
  0.4044444444E+00  0.8251311520E+05
  0.4047222222E+00  0.8257840467E+05
  0.4050000000E+00  0.8264369392E+05
  0.4052777778E+00  0.8269530485E+05
  0.4055555556E+00  0.8274691676E+05
  0.4058333333E+00  0.8279852769E+05
  0.4061111111E+00  0.8285013895E+05
  0.4063888889E+00  0.8290174987E+05
  0.4066666667E+00  0.8295336078E+05
  0.4069444444E+00  0.8300497260E+05
  0.4072222222E+00  0.8305658352E+05
  0.4075000000E+00  0.8310819443E+05
  0.4077777778E+00  0.8315980569E+05
  0.4080555556E+00  0.8321141662E+05
  0.4083333333E+00  0.8326302855E+05
  0.4086111111E+00  0.8331463946E+05
  0.4088888889E+00  0.8336625038E+05
  0.4091666667E+00  0.8341786131E+05
  0.4094444444E+00  0.8346947257E+05
  0.4097222222E+00  0.8352108348E+05
  0.4100000000E+00  0.8357269529E+05
  0.4102777778E+00  0.8360731448E+05
  0.4105555556E+00  0.8364193366E+05
  0.4108333333E+00  0.8367655240E+05
  0.4111111111E+00  0.8371117158E+05
  0.4113888889E+00  0.8374579066E+05
  0.4116666667E+00  0.8378040984E+05
  0.4119444444E+00  0.8381502902E+05
  0.4122222222E+00  0.8384964809E+05
  0.4125000000E+00  0.8388426727E+05
  0.4127777778E+00  0.8391888746E+05
  0.4130555556E+00  0.8395350653E+05
  0.4133333333E+00  0.8398812538E+05
  0.4136111111E+00  0.8402274445E+05
  0.4138888889E+00  0.8405736364E+05
  0.4141666667E+00  0.8409198282E+05
  0.4144444444E+00  0.8412660190E+05
  0.4147222222E+00  0.8416122107E+05
  0.4150000000E+00  0.8419584014E+05
  0.4152777778E+00  0.8421130269E+05
  0.4155555556E+00  0.8422676510E+05
  0.4158333333E+00  0.8424222752E+05
  0.4161111111E+00  0.8425768895E+05
  0.4163888889E+00  0.8427315148E+05
  0.4166666667E+00  0.8428861390E+05
  0.4169444444E+00  0.8430407633E+05
  0.4172222222E+00  0.8431953909E+05
  0.4175000000E+00  0.8433500050E+05
  0.4177777778E+00  0.8435046305E+05
  0.4180555556E+00  0.8436592547E+05
  0.4183333333E+00  0.8438138788E+05
  0.4186111111E+00  0.8439685031E+05
  0.4188888889E+00  0.8441231174E+05
  0.4191666667E+00  0.8442777426E+05
  0.4194444444E+00  0.8444323669E+05
  0.4197222222E+00  0.8445869912E+05
  0.4200000000E+00  0.8447416187E+05
  0.4202777778E+00  0.8446954028E+05
  0.4205555556E+00  0.8446491902E+05
  0.4208333333E+00  0.8446029731E+05
  0.4211111111E+00  0.8445567605E+05
  0.4213888889E+00  0.8445105446E+05
  0.4216666667E+00  0.8444643308E+05
  0.4219444444E+00  0.8444181149E+05
  0.4222222222E+00  0.8443719023E+05
  0.4225000000E+00  0.8443256886E+05
  0.4227777778E+00  0.8442794726E+05
  0.4230555556E+00  0.8442332600E+05
  0.4233333333E+00  0.8441870430E+05
  0.4236111111E+00  0.8441408304E+05
  0.4238888889E+00  0.8440946144E+05
  0.4241666667E+00  0.8440484007E+05
  0.4244444444E+00  0.8440021848E+05
  0.4247222222E+00  0.8439559710E+05
  0.4250000000E+00  0.8439097584E+05
  0.4252777778E+00  0.8436653808E+05
  0.4255555556E+00  0.8434210020E+05
  0.4258333333E+00  0.8431766378E+05
  0.4261111111E+00  0.8429322591E+05
  0.4263888889E+00  0.8426878814E+05
  0.4266666667E+00  0.8424435061E+05
  0.4269444444E+00  0.8421991274E+05
  0.4272222222E+00  0.8419547530E+05
  0.4275000000E+00  0.8417103843E+05
  0.4277777778E+00  0.8414660067E+05
  0.4280555556E+00  0.8412216313E+05
  0.4283333333E+00  0.8409772537E+05
  0.4286111111E+00  0.8407328749E+05
  0.4288888889E+00  0.8404885007E+05
  0.4291666667E+00  0.8402441220E+05
  0.4294444444E+00  0.8399997576E+05
  0.4297222222E+00  0.8397553789E+05
  0.4300000000E+00  0.8395110014E+05
  0.4302777778E+00  0.8390823003E+05
  0.4305555556E+00  0.8386535859E+05
  0.4308333333E+00  0.8382248849E+05
  0.4311111111E+00  0.8377961805E+05
  0.4313888889E+00  0.8373674694E+05
  0.4316666667E+00  0.8369387651E+05
  0.4319444444E+00  0.8365100652E+05
  0.4322222222E+00  0.8360813508E+05
  0.4325000000E+00  0.8356526497E+05
  0.4327777778E+00  0.8352239453E+05
  0.4330555556E+00  0.8347952310E+05
  0.4333333333E+00  0.8343665299E+05
  0.4336111111E+00  0.8339378255E+05
  0.4338888889E+00  0.8335091156E+05
  0.4341666667E+00  0.8330804112E+05
  0.4344444444E+00  0.8326517101E+05
  0.4347222222E+00  0.8322229958E+05
  0.4350000000E+00  0.8317942947E+05
  0.4352777778E+00  0.8312048300E+05
  0.4355555556E+00  0.8306153696E+05
  0.4358333333E+00  0.8300259047E+05
  0.4361111111E+00  0.8294364432E+05
  0.4363888889E+00  0.8288469817E+05
  0.4366666667E+00  0.8282575179E+05
  0.4369444444E+00  0.8276680564E+05
  0.4372222222E+00  0.8270785915E+05
  0.4375000000E+00  0.8264891311E+05
  0.4377777778E+00  0.8258996662E+05
  0.4380555556E+00  0.8253102047E+05
  0.4383333333E+00  0.8247207298E+05
  0.4386111111E+00  0.8241312695E+05
  0.4388888889E+00  0.8235418046E+05
  0.4391666667E+00  0.8229523431E+05
  0.4394444444E+00  0.8223628827E+05
  0.4397222222E+00  0.8217734179E+05
  0.4400000000E+00  0.8211839563E+05
  0.4402777778E+00  0.8204654141E+05
  0.4405555556E+00  0.8197468608E+05
  0.4408333333E+00  0.8190283187E+05
  0.4411111111E+00  0.8183097665E+05
  0.4413888889E+00  0.8175912231E+05
  0.4416666667E+00  0.8168726809E+05
  0.4419444444E+00  0.8161541276E+05
  0.4422222222E+00  0.8154355854E+05
  0.4425000000E+00  0.8147170333E+05
  0.4427777778E+00  0.8139984900E+05
  0.4430555556E+00  0.8132799477E+05
  0.4433333333E+00  0.8125613944E+05
  0.4436111111E+00  0.8118428522E+05
  0.4438888889E+00  0.8111243001E+05
  0.4441666667E+00  0.8104057568E+05
  0.4444444444E+00  0.8096872079E+05
  0.4447222222E+00  0.8089686657E+05
  0.4450000000E+00  0.8082501224E+05
  0.4452777778E+00  0.8074393721E+05
  0.4455555556E+00  0.8066286351E+05
  0.4458333333E+00  0.8058178881E+05
  0.4461111111E+00  0.8050071511E+05
  0.4463888889E+00  0.8041964141E+05
  0.4466666667E+00  0.8033856638E+05
  0.4469444444E+00  0.8025749268E+05
  0.4472222222E+00  0.8017641898E+05
  0.4475000000E+00  0.8009534429E+05
  0.4477777778E+00  0.8001427058E+05
  0.4480555556E+00  0.7993319555E+05
  0.4483333333E+00  0.7985212186E+05
  0.4486111111E+00  0.7977104815E+05
  0.4488888889E+00  0.7968997345E+05
  0.4491666667E+00  0.7960889941E+05
  0.4494444444E+00  0.7952782472E+05
  0.4497222222E+00  0.7944675114E+05
  0.4500000000E+00  0.7936567743E+05
  0.4502777778E+00  0.7927941570E+05
  0.4505555556E+00  0.7919315476E+05
  0.4508333333E+00  0.7910689414E+05
  0.4511111111E+00  0.7902063241E+05
  0.4513888889E+00  0.7893437180E+05
  0.4516666667E+00  0.7884811055E+05
  0.4519444444E+00  0.7876184952E+05
  0.4522222222E+00  0.7867558851E+05
  0.4525000000E+00  0.7858932759E+05
  0.4527777778E+00  0.7850306623E+05
  0.4530555556E+00  0.7841680532E+05
  0.4533333333E+00  0.7833054440E+05
  0.4536111111E+00  0.7824428338E+05
  0.4538888889E+00  0.7815802213E+05
  0.4541666667E+00  0.7807176111E+05
  0.4544444444E+00  0.7798550019E+05
  0.4547222222E+00  0.7789923916E+05
  0.4550000000E+00  0.7781297792E+05
  0.4552777778E+00  0.7772564975E+05
  0.4555555556E+00  0.7763832104E+05
  0.4558333333E+00  0.7755099288E+05
  0.4561111111E+00  0.7746366471E+05
  0.4563888889E+00  0.7737633610E+05
  0.4566666667E+00  0.7728900783E+05
  0.4569444444E+00  0.7720167934E+05
  0.4572222222E+00  0.7711435105E+05
  0.4575000000E+00  0.7702702290E+05
  0.4577777778E+00  0.7693969439E+05
  0.4580555556E+00  0.7685236602E+05
  0.4583333333E+00  0.7676503752E+05
  0.4586111111E+00  0.7667770936E+05
  0.4588888889E+00  0.7659038085E+05
  0.4591666667E+00  0.7650305248E+05
  0.4594444444E+00  0.7641572431E+05
  0.4597222222E+00  0.7632839582E+05
  0.4600000000E+00  0.7624106754E+05
  0.4602777778E+00  0.7615661349E+05
  0.4605555556E+00  0.7607215978E+05
  0.4608333333E+00  0.7598770616E+05
  0.4611111111E+00  0.7590325212E+05
  0.4613888889E+00  0.7581879851E+05
  0.4616666667E+00  0.7573434468E+05
  0.4619444444E+00  0.7564989074E+05
  0.4622222222E+00  0.7556543703E+05
  0.4625000000E+00  0.7548098341E+05
  0.4627777778E+00  0.7539652937E+05
  0.4630555556E+00  0.7531207576E+05
  0.4633333333E+00  0.7522762170E+05
  0.4636111111E+00  0.7514316798E+05
  0.4638888889E+00  0.7505871427E+05
  0.4641666667E+00  0.7497426032E+05
  0.4644444444E+00  0.7488980661E+05
  0.4647222222E+00  0.7480535290E+05
  0.4650000000E+00  0.7472089895E+05
  0.4652777778E+00  0.7464287929E+05
  0.4655555556E+00  0.7456485982E+05
  0.4658333333E+00  0.7448684015E+05
  0.4661111111E+00  0.7440882059E+05
  0.4663888889E+00  0.7433080102E+05
  0.4666666667E+00  0.7425278147E+05
  0.4669444444E+00  0.7417476180E+05
  0.4672222222E+00  0.7409674234E+05
  0.4675000000E+00  0.7401872233E+05
  0.4677777778E+00  0.7394070278E+05
  0.4680555556E+00  0.7386268321E+05
  0.4683333333E+00  0.7378466365E+05
  0.4686111111E+00  0.7370664398E+05
  0.4688888889E+00  0.7362862453E+05
  0.4691666667E+00  0.7355060486E+05
  0.4694444444E+00  0.7347258530E+05
  0.4697222222E+00  0.7339456573E+05
  0.4700000000E+00  0.7331654618E+05
  0.4702777778E+00  0.7324795194E+05
  0.4705555556E+00  0.7317935781E+05
  0.4708333333E+00  0.7311076381E+05
  0.4711111111E+00  0.7304216968E+05
  0.4713888889E+00  0.7297357578E+05
  0.4716666667E+00  0.7290498166E+05
  0.4719444444E+00  0.7283638732E+05
  0.4722222222E+00  0.7276779353E+05
  0.4725000000E+00  0.7269919930E+05
  0.4727777778E+00  0.7263060550E+05
  0.4730555556E+00  0.7256201117E+05
  0.4733333333E+00  0.7249341704E+05
  0.4736111111E+00  0.7242482313E+05
  0.4738888889E+00  0.7235622902E+05
  0.4741666667E+00  0.7228763501E+05
  0.4744444444E+00  0.7221904089E+05
  0.4747222222E+00  0.7215044665E+05
  0.4750000000E+00  0.7208185285E+05
  0.4752777778E+00  0.7202497901E+05
  0.4755555556E+00  0.7196810538E+05
  0.4758333333E+00  0.7191123154E+05
  0.4761111111E+00  0.7185435790E+05
  0.4763888889E+00  0.7179748440E+05
  0.4766666667E+00  0.7174061076E+05
  0.4769444444E+00  0.7168373692E+05
  0.4772222222E+00  0.7162686329E+05
  0.4775000000E+00  0.7156998944E+05
  0.4777777778E+00  0.7151311603E+05
  0.4780555556E+00  0.7145624230E+05
  0.4783333333E+00  0.7139936856E+05
  0.4786111111E+00  0.7134249493E+05
  0.4788888889E+00  0.7128562108E+05
  0.4791666667E+00  0.7122874779E+05
  0.4794444444E+00  0.7117187394E+05
  0.4797222222E+00  0.7111500031E+05
  0.4800000000E+00  0.7105812646E+05
  0.4802777778E+00  0.7101445464E+05
  0.4805555556E+00  0.7097078293E+05
  0.4808333333E+00  0.7092711112E+05
  0.4811111111E+00  0.7088343930E+05
  0.4813888889E+00  0.7083976759E+05
  0.4816666667E+00  0.7079609578E+05
  0.4819444444E+00  0.7075242407E+05
  0.4822222222E+00  0.7070875225E+05
  0.4825000000E+00  0.7066508044E+05
  0.4827777778E+00  0.7062140873E+05
  0.4830555556E+00  0.7057773692E+05
  0.4833333333E+00  0.7053406510E+05
  0.4836111111E+00  0.7049039339E+05
  0.4838888889E+00  0.7044672158E+05
  0.4841666667E+00  0.7040304966E+05
  0.4844444444E+00  0.7035937795E+05
  0.4847222222E+00  0.7031570614E+05
  0.4850000000E+00  0.7027203431E+05
  0.4852777778E+00  0.7024223081E+05
  0.4855555556E+00  0.7021242686E+05
  0.4858333333E+00  0.7018262302E+05
  0.4861111111E+00  0.7015281907E+05
  0.4863888889E+00  0.7012301556E+05
  0.4866666667E+00  0.7009321161E+05
  0.4869444444E+00  0.7006340788E+05
  0.4872222222E+00  0.7003360426E+05
  0.4875000000E+00  0.7000380043E+05
  0.4877777778E+00  0.6997399648E+05
  0.4880555556E+00  0.6994419263E+05
  0.4883333333E+00  0.6991438902E+05
  0.4886111111E+00  0.6988458518E+05
  0.4888888889E+00  0.6985478123E+05
  0.4891666667E+00  0.6982497740E+05
  0.4894444444E+00  0.6979517377E+05
  0.4897222222E+00  0.6976536994E+05
  0.4900000000E+00  0.6973556598E+05
  0.4902777778E+00  0.6971947096E+05
  0.4905555556E+00  0.6970337603E+05
  0.4908333333E+00  0.6968728100E+05
  0.4911111111E+00  0.6967118608E+05
  0.4913888889E+00  0.6965509071E+05
  0.4916666667E+00  0.6963899568E+05
  0.4919444444E+00  0.6962290075E+05
  0.4922222222E+00  0.6960680561E+05
  0.4925000000E+00  0.6959071068E+05
  0.4927777778E+00  0.6957461567E+05
  0.4930555556E+00  0.6955852030E+05
  0.4933333333E+00  0.6954242537E+05
  0.4936111111E+00  0.6952633034E+05
  0.4938888889E+00  0.6951023541E+05
  0.4941666667E+00  0.6949414038E+05
  0.4944444444E+00  0.6947804545E+05
  0.4947222222E+00  0.6946195042E+05
  0.4950000000E+00  0.6944585506E+05
