  0.1027777778E-01  0.2254604210E+08
  0.1055555556E-01  0.2252117770E+08
  0.1083333333E-01  0.2249631341E+08
  0.1111111111E-01  0.2247144936E+08
  0.1138888889E-01  0.2244658507E+08
  0.1166666667E-01  0.2242172077E+08
  0.1194444444E-01  0.2239685672E+08
  0.1222222222E-01  0.2237199243E+08
  0.1250000000E-01  0.2234712815E+08
  0.1277777778E-01  0.2232226419E+08
  0.1305555556E-01  0.2229739990E+08
  0.1333333333E-01  0.2227253551E+08
  0.1361111111E-01  0.2224767156E+08
  0.1388888889E-01  0.2222280716E+08
  0.1416666667E-01  0.2219794287E+08
  0.1444444444E-01  0.2217307882E+08
  0.1472222222E-01  0.2214821464E+08
  0.1500000000E-01  0.2212335034E+08
  0.1527777778E-01  0.2208932798E+08
  0.1555555556E-01  0.2205530549E+08
  0.1583333333E-01  0.2202128300E+08
  0.1611111111E-01  0.2198726041E+08
  0.1638888889E-01  0.2195323825E+08
  0.1666666667E-01  0.2191921555E+08
  0.1694444444E-01  0.2188519308E+08
  0.1722222222E-01  0.2185117092E+08
  0.1750000000E-01  0.2181714832E+08
  0.1777777778E-01  0.2178312584E+08
  0.1805555556E-01  0.2174910325E+08
  0.1833333333E-01  0.2171508098E+08
  0.1861111111E-01  0.2168105850E+08
  0.1888888889E-01  0.2164703590E+08
  0.1916666667E-01  0.2161301341E+08
  0.1944444444E-01  0.2157899116E+08
  0.1972222222E-01  0.2154496856E+08
  0.2000000000E-01  0.2151094607E+08
  0.2027777778E-01  0.2146850255E+08
  0.2055555556E-01  0.2142605903E+08
  0.2083333333E-01  0.2138361549E+08
  0.2111111111E-01  0.2134117197E+08
  0.2138888889E-01  0.2129872811E+08
  0.2166666667E-01  0.2125628458E+08
  0.2194444444E-01  0.2121384085E+08
  0.2222222222E-01  0.2117139732E+08
  0.2250000000E-01  0.2112895379E+08
  0.2277777778E-01  0.2108651027E+08
  0.2305555556E-01  0.2104406641E+08
  0.2333333333E-01  0.2100162288E+08
  0.2361111111E-01  0.2095917936E+08
  0.2388888889E-01  0.2091673583E+08
  0.2416666667E-01  0.2087429230E+08
  0.2444444444E-01  0.2083184844E+08
  0.2472222222E-01  0.2078940492E+08
  0.2500000000E-01  0.2074696139E+08
  0.2527777778E-01  0.2069701427E+08
  0.2555555556E-01  0.2064706704E+08
  0.2583333333E-01  0.2059712025E+08
  0.2611111111E-01  0.2054717313E+08
  0.2638888889E-01  0.2049722600E+08
  0.2666666667E-01  0.2044727888E+08
  0.2694444444E-01  0.2039733175E+08
  0.2722222222E-01  0.2034738463E+08
  0.2750000000E-01  0.2029743752E+08
  0.2777777778E-01  0.2024749072E+08
  0.2805555556E-01  0.2019754350E+08
  0.2833333333E-01  0.2014759637E+08
  0.2861111111E-01  0.2009764925E+08
  0.2888888889E-01  0.2004770213E+08
  0.2916666667E-01  0.1999775500E+08
  0.2944444444E-01  0.1994780789E+08
  0.2972222222E-01  0.1989786076E+08
  0.3000000000E-01  0.1984791397E+08
  0.3027777778E-01  0.1979152731E+08
  0.3055555556E-01  0.1973514042E+08
  0.3083333333E-01  0.1967875385E+08
  0.3111111111E-01  0.1962236730E+08
  0.3138888889E-01  0.1956598063E+08
  0.3166666667E-01  0.1950959408E+08
  0.3194444444E-01  0.1945320752E+08
  0.3222222222E-01  0.1939682096E+08
  0.3250000000E-01  0.1934043429E+08
  0.3277777778E-01  0.1928404773E+08
  0.3305555556E-01  0.1922766118E+08
  0.3333333333E-01  0.1917127462E+08
  0.3361111111E-01  0.1911488817E+08
  0.3388888889E-01  0.1905850116E+08
  0.3416666667E-01  0.1900211460E+08
  0.3444444444E-01  0.1894572805E+08
  0.3472222222E-01  0.1888934149E+08
  0.3500000000E-01  0.1883295483E+08
  0.3527777778E-01  0.1877127928E+08
  0.3555555556E-01  0.1870960363E+08
  0.3583333333E-01  0.1864792819E+08
  0.3611111111E-01  0.1858625254E+08
  0.3638888889E-01  0.1852457700E+08
  0.3666666667E-01  0.1846290169E+08
  0.3694444444E-01  0.1840122625E+08
  0.3722222222E-01  0.1833955060E+08
  0.3750000000E-01  0.1827787506E+08
  0.3777777778E-01  0.1821619951E+08
  0.3805555556E-01  0.1815452386E+08
  0.3833333333E-01  0.1809284833E+08
  0.3861111111E-01  0.1803117268E+08
  0.3888888889E-01  0.1796949722E+08
  0.3916666667E-01  0.1790782158E+08
  0.3944444444E-01  0.1784614604E+08
  0.3972222222E-01  0.1778447039E+08
  0.4000000000E-01  0.1772279495E+08
  0.4027777778E-01  0.1765706215E+08
  0.4055555556E-01  0.1759132935E+08
  0.4083333333E-01  0.1752559655E+08
  0.4111111111E-01  0.1745986373E+08
  0.4138888889E-01  0.1739413093E+08
  0.4166666667E-01  0.1732839780E+08
  0.4194444444E-01  0.1726266510E+08
  0.4222222222E-01  0.1719693230E+08
  0.4250000000E-01  0.1713119950E+08
  0.4277777778E-01  0.1706546669E+08
  0.4305555556E-01  0.1699973378E+08
  0.4333333333E-01  0.1693400064E+08
  0.4361111111E-01  0.1686826784E+08
  0.4388888889E-01  0.1680253504E+08
  0.4416666667E-01  0.1673680234E+08
  0.4444444444E-01  0.1667106952E+08
  0.4472222222E-01  0.1660533672E+08
  0.4500000000E-01  0.1653960392E+08
  0.4527777778E-01  0.1647107059E+08
  0.4555555556E-01  0.1640253735E+08
  0.4583333333E-01  0.1633400424E+08
  0.4611111111E-01  0.1626547100E+08
  0.4638888889E-01  0.1619693767E+08
  0.4666666667E-01  0.1612840465E+08
  0.4694444444E-01  0.1605987130E+08
  0.4722222222E-01  0.1599133840E+08
  0.4750000000E-01  0.1592280495E+08
  0.4777777778E-01  0.1585427172E+08
  0.4805555556E-01  0.1578573871E+08
  0.4833333333E-01  0.1571720548E+08
  0.4861111111E-01  0.1564867236E+08
  0.4888888889E-01  0.1558013903E+08
  0.4916666667E-01  0.1551160579E+08
  0.4944444444E-01  0.1544307267E+08
  0.4972222222E-01  0.1537453944E+08
  0.5000000000E-01  0.1530600643E+08
  0.5027777778E-01  0.1523592108E+08
  0.5055555556E-01  0.1516583595E+08
  0.5083333333E-01  0.1509575083E+08
  0.5111111111E-01  0.1502566581E+08
  0.5138888889E-01  0.1495558035E+08
  0.5166666667E-01  0.1488549523E+08
  0.5194444444E-01  0.1481541022E+08
  0.5222222222E-01  0.1474532519E+08
  0.5250000000E-01  0.1467523974E+08
  0.5277777778E-01  0.1460515461E+08
  0.5305555556E-01  0.1453506959E+08
  0.5333333333E-01  0.1446498447E+08
  0.5361111111E-01  0.1439489901E+08
  0.5388888889E-01  0.1432481399E+08
  0.5416666667E-01  0.1425472898E+08
  0.5444444444E-01  0.1418464386E+08
  0.5472222222E-01  0.1411455840E+08
  0.5500000000E-01  0.1404447338E+08
  0.5527777778E-01  0.1397403918E+08
  0.5555555556E-01  0.1390360532E+08
  0.5583333333E-01  0.1383317112E+08
  0.5611111111E-01  0.1376273693E+08
  0.5638888889E-01  0.1369230273E+08
  0.5666666667E-01  0.1362186887E+08
  0.5694444444E-01  0.1355143467E+08
  0.5722222222E-01  0.1348100047E+08
  0.5750000000E-01  0.1341056616E+08
  0.5777777778E-01  0.1334013231E+08
  0.5805555556E-01  0.1326969811E+08
  0.5833333333E-01  0.1319926391E+08
  0.5861111111E-01  0.1312882971E+08
  0.5888888889E-01  0.1305839585E+08
  0.5916666667E-01  0.1298796166E+08
  0.5944444444E-01  0.1291752746E+08
  0.5972222222E-01  0.1284709326E+08
  0.6000000000E-01  0.1277665940E+08
  0.6027777778E-01  0.1270700829E+08
  0.6055555556E-01  0.1263735728E+08
  0.6083333333E-01  0.1256770616E+08
  0.6111111111E-01  0.1249805535E+08
  0.6138888889E-01  0.1242840444E+08
  0.6166666667E-01  0.1235875339E+08
  0.6194444444E-01  0.1228910237E+08
  0.6222222222E-01  0.1221945136E+08
  0.6250000000E-01  0.1214980044E+08
  0.6277777778E-01  0.1208014950E+08
  0.6305555556E-01  0.1201049849E+08
  0.6333333333E-01  0.1194084758E+08
  0.6361111111E-01  0.1187119653E+08
  0.6388888889E-01  0.1180154562E+08
  0.6416666667E-01  0.1173189461E+08
  0.6444444444E-01  0.1166224358E+08
  0.6472222222E-01  0.1159259264E+08
  0.6500000000E-01  0.1152294163E+08
  0.6527777778E-01  0.1145509935E+08
  0.6555555556E-01  0.1138725708E+08
  0.6583333333E-01  0.1131941481E+08
  0.6611111111E-01  0.1125157253E+08
  0.6638888889E-01  0.1118373016E+08
  0.6666666667E-01  0.1111588785E+08
  0.6694444444E-01  0.1104804557E+08
  0.6722222222E-01  0.1098020319E+08
  0.6750000000E-01  0.1091236092E+08
  0.6777777778E-01  0.1084451875E+08
  0.6805555556E-01  0.1077667638E+08
  0.6833333333E-01  0.1070883410E+08
  0.6861111111E-01  0.1064099183E+08
  0.6888888889E-01  0.1057314945E+08
  0.6916666667E-01  0.1050530721E+08
  0.6944444444E-01  0.1043746494E+08
  0.6972222222E-01  0.1036962256E+08
  0.7000000000E-01  0.1030178029E+08
  0.7027777778E-01  0.1023664900E+08
  0.7055555556E-01  0.1017151785E+08
  0.7083333333E-01  0.1010638657E+08
  0.7111111111E-01  0.1004125537E+08
  0.7138888889E-01  0.9976124092E+07
  0.7166666667E-01  0.9910992807E+07
  0.7194444444E-01  0.9845861612E+07
  0.7222222222E-01  0.9780730329E+07
  0.7250000000E-01  0.9715599138E+07
  0.7277777778E-01  0.9650467854E+07
  0.7305555556E-01  0.9585336570E+07
  0.7333333333E-01  0.9520205413E+07
  0.7361111111E-01  0.9455074128E+07
  0.7388888889E-01  0.9389942933E+07
  0.7416666667E-01  0.9324811654E+07
  0.7444444444E-01  0.9259680370E+07
  0.7472222222E-01  0.9194549175E+07
  0.7500000000E-01  0.9129417894E+07
  0.7527777778E-01  0.9067755202E+07
  0.7555555556E-01  0.9006092569E+07
  0.7583333333E-01  0.8944429846E+07
  0.7611111111E-01  0.8882767109E+07
  0.7638888889E-01  0.8821104520E+07
  0.7666666667E-01  0.8759441797E+07
  0.7694444444E-01  0.8697779060E+07
  0.7722222222E-01  0.8636116471E+07
  0.7750000000E-01  0.8574453748E+07
  0.7777777778E-01  0.8512791011E+07
  0.7805555556E-01  0.8451128323E+07
  0.7833333333E-01  0.8389465688E+07
  0.7861111111E-01  0.8327802966E+07
  0.7888888889E-01  0.8266140274E+07
  0.7916666667E-01  0.8204477639E+07
  0.7944444444E-01  0.8142814916E+07
  0.7972222222E-01  0.8081152193E+07
  0.8000000000E-01  0.8019489491E+07
  0.8027777778E-01  0.7961903605E+07
  0.8055555556E-01  0.7904317584E+07
  0.8083333333E-01  0.7846731598E+07
  0.8111111111E-01  0.7789145611E+07
  0.8138888889E-01  0.7731559636E+07
  0.8166666667E-01  0.7673973616E+07
  0.8194444444E-01  0.7616387629E+07
  0.8222222222E-01  0.7558801643E+07
  0.8250000000E-01  0.7501215656E+07
  0.8277777778E-01  0.7443629670E+07
  0.8305555556E-01  0.7386043750E+07
  0.8333333333E-01  0.7328457764E+07
  0.8361111111E-01  0.7270871776E+07
  0.8388888889E-01  0.7213285790E+07
  0.8416666667E-01  0.7155699770E+07
  0.8444444444E-01  0.7098113784E+07
  0.8472222222E-01  0.7040527796E+07
  0.8500000000E-01  0.6982941810E+07
  0.8527777778E-01  0.6929881344E+07
  0.8555555556E-01  0.6876820844E+07
  0.8583333333E-01  0.6823760277E+07
  0.8611111111E-01  0.6770699810E+07
  0.8638888889E-01  0.6717639344E+07
  0.8666666667E-01  0.6664578767E+07
  0.8694444444E-01  0.6611518267E+07
  0.8722222222E-01  0.6558457800E+07
  0.8750000000E-01  0.6505397233E+07
  0.8777777778E-01  0.6452336766E+07
  0.8805555556E-01  0.6399276300E+07
  0.8833333333E-01  0.6346215688E+07
  0.8861111111E-01  0.6293155222E+07
  0.8888888889E-01  0.6240094755E+07
  0.8916666667E-01  0.6187034188E+07
  0.8944444444E-01  0.6133973688E+07
  0.8972222222E-01  0.6080913212E+07
  0.9000000000E-01  0.6027852645E+07
  0.9027777778E-01  0.5979612574E+07
  0.9055555556E-01  0.5931372504E+07
  0.9083333333E-01  0.5883132433E+07
  0.9111111111E-01  0.5834892363E+07
  0.9138888889E-01  0.5786652282E+07
  0.9166666667E-01  0.5738412244E+07
  0.9194444444E-01  0.5690172174E+07
  0.9222222222E-01  0.5641932103E+07
  0.9250000000E-01  0.5593692033E+07
  0.9277777778E-01  0.5545451963E+07
  0.9305555556E-01  0.5497211881E+07
  0.9333333333E-01  0.5448971811E+07
  0.9361111111E-01  0.5400731730E+07
  0.9388888889E-01  0.5352491660E+07
  0.9416666667E-01  0.5304251580E+07
  0.9444444444E-01  0.5256011498E+07
  0.9472222222E-01  0.5207771428E+07
  0.9500000000E-01  0.5159531356E+07
  0.9527777778E-01  0.5116258448E+07
  0.9555555556E-01  0.5072985517E+07
  0.9583333333E-01  0.5029712608E+07
  0.9611111111E-01  0.4986439666E+07
  0.9638888889E-01  0.4943166748E+07
  0.9666666667E-01  0.4899893838E+07
  0.9694444444E-01  0.4856620908E+07
  0.9722222222E-01  0.4813348000E+07
  0.9750000000E-01  0.4770075057E+07
  0.9777777778E-01  0.4726802148E+07
  0.9805555556E-01  0.4683529218E+07
  0.9833333333E-01  0.4640256309E+07
  0.9861111111E-01  0.4596983367E+07
  0.9888888889E-01  0.4553710458E+07
  0.9916666667E-01  0.4510437527E+07
  0.9944444444E-01  0.4467164619E+07
  0.9972222222E-01  0.4423891677E+07
  0.1000000000E+00  0.4380618767E+07
  0.1002777778E+00  0.4342320387E+07
  0.1005555556E+00  0.4304022032E+07
  0.1008333333E+00  0.4265723652E+07
  0.1011111111E+00  0.4227425296E+07
  0.1013888889E+00  0.4189126917E+07
  0.1016666667E+00  0.4150828537E+07
  0.1019444444E+00  0.4112530181E+07
  0.1022222222E+00  0.4074231791E+07
  0.1025000000E+00  0.4035933444E+07
  0.1027777778E+00  0.3997635054E+07
  0.1030555556E+00  0.3959336708E+07
  0.1033333333E+00  0.3921038319E+07
  0.1036111111E+00  0.3882739973E+07
  0.1038888889E+00  0.3844441593E+07
  0.1041666667E+00  0.3806143237E+07
  0.1044444444E+00  0.3767844857E+07
  0.1047222222E+00  0.3729546500E+07
  0.1050000000E+00  0.3691248111E+07
  0.1052777778E+00  0.3657814006E+07
  0.1055555556E+00  0.3624379902E+07
  0.1058333333E+00  0.3590945798E+07
  0.1061111111E+00  0.3557511694E+07
  0.1063888889E+00  0.3524077590E+07
  0.1066666667E+00  0.3490643486E+07
  0.1069444444E+00  0.3457209393E+07
  0.1072222222E+00  0.3423775288E+07
  0.1075000000E+00  0.3390341184E+07
  0.1077777778E+00  0.3356907081E+07
  0.1080555556E+00  0.3323472977E+07
  0.1083333333E+00  0.3290038873E+07
  0.1086111111E+00  0.3256604768E+07
  0.1088888889E+00  0.3223170664E+07
  0.1091666667E+00  0.3189736560E+07
  0.1094444444E+00  0.3156302456E+07
  0.1097222222E+00  0.3122868352E+07
  0.1100000000E+00  0.3089434248E+07
  0.1102777778E+00  0.3060647348E+07
  0.1105555556E+00  0.3031860481E+07
  0.1108333333E+00  0.3003073581E+07
  0.1111111111E+00  0.2974286671E+07
  0.1113888889E+00  0.2945499815E+07
  0.1116666667E+00  0.2916712915E+07
  0.1119444444E+00  0.2887926048E+07
  0.1122222222E+00  0.2859139148E+07
  0.1125000000E+00  0.2830352248E+07
  0.1127777778E+00  0.2801565381E+07
  0.1130555556E+00  0.2772778481E+07
  0.1133333333E+00  0.2743991592E+07
  0.1136111111E+00  0.2715204725E+07
  0.1138888889E+00  0.2686417825E+07
  0.1141666667E+00  0.2657630959E+07
  0.1144444444E+00  0.2628844058E+07
  0.1147222222E+00  0.2600057158E+07
  0.1150000000E+00  0.2571270303E+07
  0.1152777778E+00  0.2546831306E+07
  0.1155555556E+00  0.2522392334E+07
  0.1158333333E+00  0.2497953372E+07
  0.1161111111E+00  0.2473514409E+07
  0.1163888889E+00  0.2449075414E+07
  0.1166666667E+00  0.2424636451E+07
  0.1169444444E+00  0.2400197478E+07
  0.1172222222E+00  0.2375758527E+07
  0.1175000000E+00  0.2351319521E+07
  0.1177777778E+00  0.2326880559E+07
  0.1180555556E+00  0.2302441596E+07
  0.1183333333E+00  0.2278002623E+07
  0.1186111111E+00  0.2253563638E+07
  0.1188888889E+00  0.2229124665E+07
  0.1191666667E+00  0.2204685714E+07
  0.1194444444E+00  0.2180246741E+07
  0.1197222222E+00  0.2155807735E+07
  0.1200000000E+00  0.2131368783E+07
  0.1202777778E+00  0.2110915000E+07
  0.1205555556E+00  0.2090461173E+07
  0.1208333333E+00  0.2070007390E+07
  0.1211111111E+00  0.2049553607E+07
  0.1213888889E+00  0.2029099791E+07
  0.1216666667E+00  0.2008645997E+07
  0.1219444444E+00  0.1988192214E+07
  0.1222222222E+00  0.1967738398E+07
  0.1225000000E+00  0.1947284614E+07
  0.1227777778E+00  0.1926830798E+07
  0.1230555556E+00  0.1906377015E+07
  0.1233333333E+00  0.1885923232E+07
  0.1236111111E+00  0.1865469405E+07
  0.1238888889E+00  0.1845015622E+07
  0.1241666667E+00  0.1824561806E+07
  0.1244444444E+00  0.1804108012E+07
  0.1247222222E+00  0.1783654229E+07
  0.1250000000E+00  0.1763200413E+07
  0.1252777778E+00  0.1746325892E+07
  0.1255555556E+00  0.1729451350E+07
  0.1258333333E+00  0.1712576819E+07
  0.1261111111E+00  0.1695702287E+07
  0.1263888889E+00  0.1678827756E+07
  0.1266666667E+00  0.1661953234E+07
  0.1269444444E+00  0.1645078659E+07
  0.1272222222E+00  0.1628204128E+07
  0.1275000000E+00  0.1611329595E+07
  0.1277777778E+00  0.1594455064E+07
  0.1280555556E+00  0.1577580543E+07
  0.1283333333E+00  0.1560706001E+07
  0.1286111111E+00  0.1543831470E+07
  0.1288888889E+00  0.1526956938E+07
  0.1291666667E+00  0.1510082373E+07
  0.1294444444E+00  0.1493207852E+07
  0.1297222222E+00  0.1476333310E+07
  0.1300000000E+00  0.1459458779E+07
  0.1302777778E+00  0.1445735140E+07
  0.1305555556E+00  0.1432011525E+07
  0.1308333333E+00  0.1418287876E+07
  0.1311111111E+00  0.1404564249E+07
  0.1313888889E+00  0.1390840600E+07
  0.1316666667E+00  0.1377116951E+07
  0.1319444444E+00  0.1363393346E+07
  0.1322222222E+00  0.1349669697E+07
  0.1325000000E+00  0.1335946059E+07
  0.1327777778E+00  0.1322222421E+07
  0.1330555556E+00  0.1308498805E+07
  0.1333333333E+00  0.1294775157E+07
  0.1336111111E+00  0.1281051518E+07
  0.1338888889E+00  0.1267327880E+07
  0.1341666667E+00  0.1253604231E+07
  0.1344444444E+00  0.1239880626E+07
  0.1347222222E+00  0.1226156977E+07
  0.1350000000E+00  0.1212433329E+07
  0.1352777778E+00  0.1201425990E+07
  0.1355555556E+00  0.1190418641E+07
  0.1358333333E+00  0.1179411303E+07
  0.1361111111E+00  0.1168403954E+07
  0.1363888889E+00  0.1157396649E+07
  0.1366666667E+00  0.1146389310E+07
  0.1369444444E+00  0.1135381962E+07
  0.1372222222E+00  0.1124374612E+07
  0.1375000000E+00  0.1113367264E+07
  0.1377777778E+00  0.1102359925E+07
  0.1380555556E+00  0.1091352576E+07
  0.1383333333E+00  0.1080345238E+07
  0.1386111111E+00  0.1069337899E+07
  0.1388888889E+00  0.1058330584E+07
  0.1391666667E+00  0.1047323245E+07
  0.1394444444E+00  0.1036315886E+07
  0.1397222222E+00  0.1025308547E+07
  0.1400000000E+00  0.1014301198E+07
  0.1402777778E+00  0.1005585883E+07
  0.1405555556E+00  0.9968705677E+06
  0.1408333333E+00  0.9881552522E+06
  0.1411111111E+00  0.9794399702E+06
  0.1413888889E+00  0.9707246336E+06
  0.1416666667E+00  0.9620093115E+06
  0.1419444444E+00  0.9532940028E+06
  0.1422222222E+00  0.9445786907E+06
  0.1425000000E+00  0.9358633819E+06
  0.1427777778E+00  0.9271480698E+06
  0.1430555556E+00  0.9184327611E+06
  0.1433333333E+00  0.9097174378E+06
  0.1436111111E+00  0.9010021191E+06
  0.1438888889E+00  0.8922868070E+06
  0.1441666667E+00  0.8835714982E+06
  0.1444444444E+00  0.8748561862E+06
  0.1447222222E+00  0.8661408774E+06
  0.1450000000E+00  0.8574255653E+06
  0.1452777778E+00  0.8506007114E+06
  0.1455555556E+00  0.8437758621E+06
  0.1458333333E+00  0.8369510193E+06
  0.1461111111E+00  0.8301261688E+06
  0.1463888889E+00  0.8233013260E+06
  0.1466666667E+00  0.8164764822E+06
  0.1469444444E+00  0.8096516306E+06
  0.1472222222E+00  0.8028267845E+06
  0.1475000000E+00  0.7960019384E+06
  0.1477777778E+00  0.7891770968E+06
  0.1480555556E+00  0.7823522507E+06
  0.1483333333E+00  0.7755274080E+06
  0.1486111111E+00  0.7687025531E+06
  0.1488888889E+00  0.7618777069E+06
  0.1491666667E+00  0.7550528642E+06
  0.1494444444E+00  0.7482280193E+06
  0.1497222222E+00  0.7414031732E+06
  0.1500000000E+00  0.7345783204E+06
  0.1502777778E+00  0.7292749267E+06
  0.1505555556E+00  0.7239715339E+06
  0.1508333333E+00  0.7186681269E+06
  0.1511111111E+00  0.7133647330E+06
  0.1513888889E+00  0.7080613291E+06
  0.1516666667E+00  0.7027579354E+06
  0.1519444444E+00  0.6974545316E+06
  0.1522222222E+00  0.6921511378E+06
  0.1525000000E+00  0.6868477407E+06
  0.1527777778E+00  0.6815443380E+06
  0.1530555556E+00  0.6762409442E+06
  0.1533333333E+00  0.6709375404E+06
  0.1536111111E+00  0.6656341466E+06
  0.1538888889E+00  0.6603307428E+06
  0.1541666667E+00  0.6550273456E+06
  0.1544444444E+00  0.6497239518E+06
  0.1547222222E+00  0.6444205492E+06
  0.1550000000E+00  0.6391171553E+06
  0.1552777778E+00  0.6350061910E+06
  0.1555555556E+00  0.6308952411E+06
  0.1558333333E+00  0.6267842902E+06
  0.1561111111E+00  0.6226733357E+06
  0.1563888889E+00  0.6185623858E+06
  0.1566666667E+00  0.6144514349E+06
  0.1569444444E+00  0.6103404716E+06
  0.1572222222E+00  0.6062295206E+06
  0.1575000000E+00  0.6021185696E+06
  0.1577777778E+00  0.5980076164E+06
  0.1580555556E+00  0.5938966653E+06
  0.1583333333E+00  0.5897857155E+06
  0.1586111111E+00  0.5856747511E+06
  0.1588888889E+00  0.5815638013E+06
  0.1591666667E+00  0.5774528502E+06
  0.1594444444E+00  0.5733418959E+06
  0.1597222222E+00  0.5692309460E+06
  0.1600000000E+00  0.5651199950E+06
  0.1602777778E+00  0.5619167392E+06
  0.1605555556E+00  0.5587134845E+06
  0.1608333333E+00  0.5555102287E+06
  0.1611111111E+00  0.5523069863E+06
  0.1613888889E+00  0.5491037306E+06
  0.1616666667E+00  0.5459004748E+06
  0.1619444444E+00  0.5426972301E+06
  0.1622222222E+00  0.5394939777E+06
  0.1625000000E+00  0.5362907219E+06
  0.1627777778E+00  0.5330874761E+06
  0.1630555556E+00  0.5298842214E+06
  0.1633333333E+00  0.5266809656E+06
  0.1636111111E+00  0.5234777132E+06
  0.1638888889E+00  0.5202744674E+06
  0.1641666667E+00  0.5170712117E+06
  0.1644444444E+00  0.5138679570E+06
  0.1647222222E+00  0.5106647146E+06
  0.1650000000E+00  0.5074614588E+06
  0.1652777778E+00  0.5049265767E+06
  0.1655555556E+00  0.5023917045E+06
  0.1658333333E+00  0.4998568235E+06
  0.1661111111E+00  0.4973219514E+06
  0.1663888889E+00  0.4947870693E+06
  0.1666666667E+00  0.4922521973E+06
  0.1669444444E+00  0.4897173151E+06
  0.1672222222E+00  0.4871824441E+06
  0.1675000000E+00  0.4846475620E+06
  0.1677777778E+00  0.4821126899E+06
  0.1680555556E+00  0.4795778077E+06
  0.1683333333E+00  0.4770429256E+06
  0.1686111111E+00  0.4745080546E+06
  0.1688888889E+00  0.4719731725E+06
  0.1691666667E+00  0.4694383004E+06
  0.1694444444E+00  0.4669034182E+06
  0.1697222222E+00  0.4643685461E+06
  0.1700000000E+00  0.4618336651E+06
  0.1702777778E+00  0.4597736060E+06
  0.1705555556E+00  0.4577135333E+06
  0.1708333333E+00  0.4556534668E+06
  0.1711111111E+00  0.4535934016E+06
  0.1713888889E+00  0.4515333352E+06
  0.1716666667E+00  0.4494732700E+06
  0.1719444444E+00  0.4474132024E+06
  0.1722222222E+00  0.4453531339E+06
  0.1725000000E+00  0.4432930696E+06
  0.1727777778E+00  0.4412330022E+06
  0.1730555556E+00  0.4391729381E+06
  0.1733333333E+00  0.4371128694E+06
  0.1736111111E+00  0.4350528020E+06
  0.1738888889E+00  0.4329927378E+06
  0.1741666667E+00  0.4309326703E+06
  0.1744444444E+00  0.4288726017E+06
  0.1747222222E+00  0.4268125375E+06
  0.1750000000E+00  0.4247524690E+06
  0.1752777778E+00  0.4230163034E+06
  0.1755555556E+00  0.4212801366E+06
  0.1758333333E+00  0.4195439700E+06
  0.1761111111E+00  0.4178078042E+06
  0.1763888889E+00  0.4160716375E+06
  0.1766666667E+00  0.4143354675E+06
  0.1769444444E+00  0.4125993019E+06
  0.1772222222E+00  0.4108631351E+06
  0.1775000000E+00  0.4091269684E+06
  0.1777777778E+00  0.4073908018E+06
  0.1780555556E+00  0.4056546350E+06
  0.1783333333E+00  0.4039184683E+06
  0.1786111111E+00  0.4021822994E+06
  0.1788888889E+00  0.4004461327E+06
  0.1791666667E+00  0.3987099659E+06
  0.1794444444E+00  0.3969737993E+06
  0.1797222222E+00  0.3952376325E+06
  0.1800000000E+00  0.3935014658E+06
  0.1802777778E+00  0.3919771236E+06
  0.1805555556E+00  0.3904527803E+06
  0.1808333333E+00  0.3889284381E+06
  0.1811111111E+00  0.3874040947E+06
  0.1813888889E+00  0.3858797492E+06
  0.1816666667E+00  0.3843554059E+06
  0.1819444444E+00  0.3828310636E+06
  0.1822222222E+00  0.3813067204E+06
  0.1825000000E+00  0.3797823781E+06
  0.1827777778E+00  0.3782580348E+06
  0.1830555556E+00  0.3767336925E+06
  0.1833333333E+00  0.3752093493E+06
  0.1836111111E+00  0.3736850059E+06
  0.1838888889E+00  0.3721606636E+06
  0.1841666667E+00  0.3706363204E+06
  0.1844444444E+00  0.3691119781E+06
  0.1847222222E+00  0.3675876348E+06
  0.1850000000E+00  0.3660632926E+06
  0.1852777778E+00  0.3646728695E+06
  0.1855555556E+00  0.3632824497E+06
  0.1858333333E+00  0.3618920311E+06
  0.1861111111E+00  0.3605016114E+06
  0.1863888889E+00  0.3591111883E+06
  0.1866666667E+00  0.3577207687E+06
  0.1869444444E+00  0.3563303489E+06
  0.1872222222E+00  0.3549399291E+06
  0.1875000000E+00  0.3535495094E+06
  0.1877777778E+00  0.3521590874E+06
  0.1880555556E+00  0.3507686677E+06
  0.1883333333E+00  0.3493782479E+06
  0.1886111111E+00  0.3479878283E+06
  0.1888888889E+00  0.3465974086E+06
  0.1891666667E+00  0.3452069855E+06
  0.1894444444E+00  0.3438165667E+06
  0.1897222222E+00  0.3424261470E+06
  0.1900000000E+00  0.3410357273E+06
  0.1902777778E+00  0.3397297435E+06
  0.1905555556E+00  0.3384237577E+06
  0.1908333333E+00  0.3371177739E+06
  0.1911111111E+00  0.3358117902E+06
  0.1913888889E+00  0.3345058052E+06
  0.1916666667E+00  0.3331998215E+06
  0.1919444444E+00  0.3318938378E+06
  0.1922222222E+00  0.3305878529E+06
  0.1925000000E+00  0.3292818692E+06
  0.1927777778E+00  0.3279758843E+06
  0.1930555556E+00  0.3266699005E+06
  0.1933333333E+00  0.3253639168E+06
  0.1936111111E+00  0.3240579319E+06
  0.1938888889E+00  0.3227519481E+06
  0.1941666667E+00  0.3214459644E+06
  0.1944444444E+00  0.3201399795E+06
  0.1947222222E+00  0.3188339957E+06
  0.1950000000E+00  0.3175280109E+06
  0.1952777778E+00  0.3162797951E+06
  0.1955555556E+00  0.3150315815E+06
  0.1958333333E+00  0.3137833646E+06
  0.1961111111E+00  0.3125351510E+06
  0.1963888889E+00  0.3112869341E+06
  0.1966666667E+00  0.3100387217E+06
  0.1969444444E+00  0.3087905048E+06
  0.1972222222E+00  0.3075422878E+06
  0.1975000000E+00  0.3062940743E+06
  0.1977777778E+00  0.3050458574E+06
  0.1980555556E+00  0.3037976449E+06
  0.1983333333E+00  0.3025494280E+06
  0.1986111111E+00  0.3013012144E+06
  0.1988888889E+00  0.3000529975E+06
  0.1991666667E+00  0.2988047840E+06
  0.1994444444E+00  0.2975565681E+06
  0.1997222222E+00  0.2963083546E+06
  0.2000000000E+00  0.2950601387E+06
  0.2002777778E+00  0.2938599012E+06
  0.2005555556E+00  0.2926596646E+06
  0.2008333333E+00  0.2914594281E+06
  0.2011111111E+00  0.2902591961E+06
  0.2013888889E+00  0.2890589596E+06
  0.2016666667E+00  0.2878587231E+06
  0.2019444444E+00  0.2866584866E+06
  0.2022222222E+00  0.2854582500E+06
  0.2025000000E+00  0.2842580135E+06
  0.2027777778E+00  0.2830577760E+06
  0.2030555556E+00  0.2818575395E+06
  0.2033333333E+00  0.2806573063E+06
  0.2036111111E+00  0.2794570709E+06
  0.2038888889E+00  0.2782568344E+06
  0.2041666667E+00  0.2770565979E+06
  0.2044444444E+00  0.2758563614E+06
  0.2047222222E+00  0.2746561249E+06
  0.2050000000E+00  0.2734558883E+06
  0.2052777778E+00  0.2723059013E+06
  0.2055555556E+00  0.2711559108E+06
  0.2058333333E+00  0.2700059204E+06
  0.2061111111E+00  0.2688559343E+06
  0.2063888889E+00  0.2677059438E+06
  0.2066666667E+00  0.2665559567E+06
  0.2069444444E+00  0.2654059662E+06
  0.2072222222E+00  0.2642559768E+06
  0.2075000000E+00  0.2631059898E+06
  0.2077777778E+00  0.2619559992E+06
  0.2080555556E+00  0.2608060098E+06
  0.2083333333E+00  0.2596560217E+06
  0.2086111111E+00  0.2585060323E+06
  0.2088888889E+00  0.2573560462E+06
  0.2091666667E+00  0.2562060547E+06
  0.2094444444E+00  0.2550560653E+06
  0.2097222222E+00  0.2539060782E+06
  0.2100000000E+00  0.2527560877E+06
  0.2102777778E+00  0.2516657780E+06
  0.2105555556E+00  0.2505754672E+06
  0.2108333333E+00  0.2494851565E+06
  0.2111111111E+00  0.2483948423E+06
  0.2113888889E+00  0.2473045326E+06
  0.2116666667E+00  0.2462142218E+06
  0.2119444444E+00  0.2451239121E+06
  0.2122222222E+00  0.2440336002E+06
  0.2125000000E+00  0.2429432906E+06
  0.2127777778E+00  0.2418529797E+06
  0.2130555556E+00  0.2407626667E+06
  0.2133333333E+00  0.2396723558E+06
  0.2136111111E+00  0.2385820451E+06
  0.2138888889E+00  0.2374917354E+06
  0.2141666667E+00  0.2364014246E+06
  0.2144444444E+00  0.2353111149E+06
  0.2147222222E+00  0.2342208040E+06
  0.2150000000E+00  0.2331304900E+06
  0.2152777778E+00  0.2321124430E+06
  0.2155555556E+00  0.2310943928E+06
  0.2158333333E+00  0.2300763415E+06
  0.2161111111E+00  0.2290582912E+06
  0.2163888889E+00  0.2280402409E+06
  0.2166666667E+00  0.2270221907E+06
  0.2169444444E+00  0.2260041427E+06
  0.2172222222E+00  0.2249860925E+06
  0.2175000000E+00  0.2239680412E+06
  0.2177777778E+00  0.2229499919E+06
  0.2180555556E+00  0.2219319406E+06
  0.2183333333E+00  0.2209138904E+06
  0.2186111111E+00  0.2198958424E+06
  0.2188888889E+00  0.2188777932E+06
  0.2191666667E+00  0.2178597418E+06
  0.2194444444E+00  0.2168416916E+06
  0.2197222222E+00  0.2158236403E+06
  0.2200000000E+00  0.2148055911E+06
  0.2202777778E+00  0.2138727563E+06
  0.2205555556E+00  0.2129399181E+06
  0.2208333333E+00  0.2120070833E+06
  0.2211111111E+00  0.2110742485E+06
  0.2213888889E+00  0.2101414104E+06
  0.2216666667E+00  0.2092085765E+06
  0.2219444444E+00  0.2082757395E+06
  0.2222222222E+00  0.2073429047E+06
  0.2225000000E+00  0.2064100699E+06
  0.2227777778E+00  0.2054772318E+06
  0.2230555556E+00  0.2045443970E+06
  0.2233333333E+00  0.2036115588E+06
  0.2236111111E+00  0.2026787250E+06
  0.2238888889E+00  0.2017458869E+06
  0.2241666667E+00  0.2008130532E+06
  0.2244444444E+00  0.1998802184E+06
  0.2247222222E+00  0.1989473802E+06
  0.2250000000E+00  0.1980145454E+06
  0.2252777778E+00  0.1971775798E+06
  0.2255555556E+00  0.1963406131E+06
  0.2258333333E+00  0.1955036498E+06
  0.2261111111E+00  0.1946666842E+06
  0.2263888889E+00  0.1938297186E+06
  0.2266666667E+00  0.1929927553E+06
  0.2269444444E+00  0.1921557887E+06
  0.2272222222E+00  0.1913188230E+06
  0.2275000000E+00  0.1904818597E+06
  0.2277777778E+00  0.1896448931E+06
  0.2280555556E+00  0.1888079264E+06
  0.2283333333E+00  0.1879709641E+06
  0.2286111111E+00  0.1871339975E+06
  0.2288888889E+00  0.1862970308E+06
  0.2291666667E+00  0.1854600696E+06
  0.2294444444E+00  0.1846231030E+06
  0.2297222222E+00  0.1837861363E+06
  0.2300000000E+00  0.1829491730E+06
  0.2302777778E+00  0.1822153072E+06
  0.2305555556E+00  0.1814814393E+06
  0.2308333333E+00  0.1807475725E+06
  0.2311111111E+00  0.1800137091E+06
  0.2313888889E+00  0.1792798412E+06
  0.2316666667E+00  0.1785459744E+06
  0.2319444444E+00  0.1778121076E+06
  0.2322222222E+00  0.1770782431E+06
  0.2325000000E+00  0.1763443763E+06
  0.2327777778E+00  0.1756105095E+06
  0.2330555556E+00  0.1748766416E+06
  0.2333333333E+00  0.1741427782E+06
  0.2336111111E+00  0.1734089114E+06
  0.2338888889E+00  0.1726750445E+06
  0.2341666667E+00  0.1719411777E+06
  0.2344444444E+00  0.1712073142E+06
  0.2347222222E+00  0.1704734464E+06
  0.2350000000E+00  0.1697395795E+06
  0.2352777778E+00  0.1691115167E+06
  0.2355555556E+00  0.1684834560E+06
  0.2358333333E+00  0.1678553931E+06
  0.2361111111E+00  0.1672273302E+06
  0.2363888889E+00  0.1665992662E+06
  0.2366666667E+00  0.1659712033E+06
  0.2369444444E+00  0.1653431426E+06
  0.2372222222E+00  0.1647150797E+06
  0.2375000000E+00  0.1640870168E+06
  0.2377777778E+00  0.1634589528E+06
  0.2380555556E+00  0.1628308899E+06
  0.2383333333E+00  0.1622028292E+06
  0.2386111111E+00  0.1615747663E+06
  0.2388888889E+00  0.1609467034E+06
  0.2391666667E+00  0.1603186394E+06
  0.2394444444E+00  0.1596905765E+06
  0.2397222222E+00  0.1590625158E+06
  0.2400000000E+00  0.1584344529E+06
  0.2402777778E+00  0.1579103162E+06
  0.2405555556E+00  0.1573861804E+06
  0.2408333333E+00  0.1568620481E+06
  0.2411111111E+00  0.1563379123E+06
  0.2413888889E+00  0.1558137756E+06
  0.2416666667E+00  0.1552896399E+06
  0.2419444444E+00  0.1547655086E+06
  0.2422222222E+00  0.1542413729E+06
  0.2425000000E+00  0.1537172361E+06
  0.2427777778E+00  0.1531931004E+06
  0.2430555556E+00  0.1526689680E+06
  0.2433333333E+00  0.1521448323E+06
  0.2436111111E+00  0.1516206956E+06
  0.2438888889E+00  0.1510965598E+06
  0.2441666667E+00  0.1505724275E+06
  0.2444444444E+00  0.1500482917E+06
  0.2447222222E+00  0.1495241560E+06
  0.2450000000E+00  0.1490000204E+06
  0.2452777778E+00  0.1485736485E+06
  0.2455555556E+00  0.1481472734E+06
  0.2458333333E+00  0.1477208972E+06
  0.2461111111E+00  0.1472945254E+06
  0.2463888889E+00  0.1468681502E+06
  0.2466666667E+00  0.1464417774E+06
  0.2469444444E+00  0.1460154022E+06
  0.2472222222E+00  0.1455890281E+06
  0.2475000000E+00  0.1451626553E+06
  0.2477777778E+00  0.1447362801E+06
  0.2480555556E+00  0.1443099049E+06
  0.2483333333E+00  0.1438835321E+06
  0.2486111111E+00  0.1434571569E+06
  0.2488888889E+00  0.1430307851E+06
  0.2491666667E+00  0.1426044099E+06
  0.2494444444E+00  0.1421780349E+06
  0.2497222222E+00  0.1417516630E+06
  0.2500000000E+00  0.1413252879E+06
  0.2502777778E+00  0.1409867744E+06
  0.2505555556E+00  0.1406482643E+06
  0.2508333333E+00  0.1403097509E+06
  0.2511111111E+00  0.1399712408E+06
  0.2513888889E+00  0.1396327274E+06
  0.2516666667E+00  0.1392942140E+06
  0.2519444444E+00  0.1389557049E+06
  0.2522222222E+00  0.1386171925E+06
  0.2525000000E+00  0.1382786825E+06
  0.2527777778E+00  0.1379401690E+06
  0.2530555556E+00  0.1376016589E+06
  0.2533333333E+00  0.1372631455E+06
  0.2536111111E+00  0.1369246321E+06
  0.2538888889E+00  0.1365861230E+06
  0.2541666667E+00  0.1362476095E+06
  0.2544444444E+00  0.1359090995E+06
  0.2547222222E+00  0.1355705860E+06
  0.2550000000E+00  0.1352320737E+06
  0.2552777778E+00  0.1349688625E+06
  0.2555555556E+00  0.1347056489E+06
  0.2558333333E+00  0.1344424376E+06
  0.2561111111E+00  0.1341792230E+06
  0.2563888889E+00  0.1339160129E+06
  0.2566666667E+00  0.1336527983E+06
  0.2569444444E+00  0.1333895880E+06
  0.2572222222E+00  0.1331263734E+06
  0.2575000000E+00  0.1328631633E+06
  0.2577777778E+00  0.1325999487E+06
  0.2580555556E+00  0.1323367374E+06
  0.2583333333E+00  0.1320735238E+06
  0.2586111111E+00  0.1318103126E+06
  0.2588888889E+00  0.1315471004E+06
  0.2591666667E+00  0.1312838875E+06
  0.2594444444E+00  0.1310206746E+06
  0.2597222222E+00  0.1307574627E+06
  0.2600000000E+00  0.1304942497E+06
  0.2602777778E+00  0.1302918983E+06
  0.2605555556E+00  0.1300895478E+06
  0.2608333333E+00  0.1298871963E+06
  0.2611111111E+00  0.1296848449E+06
  0.2613888889E+00  0.1294824941E+06
  0.2616666667E+00  0.1292801426E+06
  0.2619444444E+00  0.1290777921E+06
  0.2622222222E+00  0.1288754407E+06
  0.2625000000E+00  0.1286730892E+06
  0.2627777778E+00  0.1284707388E+06
  0.2630555556E+00  0.1282683862E+06
  0.2633333333E+00  0.1280660357E+06
  0.2636111111E+00  0.1278636839E+06
  0.2638888889E+00  0.1276613334E+06
  0.2641666667E+00  0.1274589820E+06
  0.2644444444E+00  0.1272566305E+06
  0.2647222222E+00  0.1270542801E+06
  0.2650000000E+00  0.1268519286E+06
  0.2652777778E+00  0.1266953018E+06
  0.2655555556E+00  0.1265386743E+06
  0.2658333333E+00  0.1263820476E+06
  0.2661111111E+00  0.1262254208E+06
  0.2663888889E+00  0.1260687933E+06
  0.2666666667E+00  0.1259121665E+06
  0.2669444444E+00  0.1257555397E+06
  0.2672222222E+00  0.1255989134E+06
  0.2675000000E+00  0.1254422866E+06
  0.2677777778E+00  0.1252856591E+06
  0.2680555556E+00  0.1251290324E+06
  0.2683333333E+00  0.1249724056E+06
  0.2686111111E+00  0.1248157781E+06
  0.2688888889E+00  0.1246591513E+06
  0.2691666667E+00  0.1245025245E+06
  0.2694444444E+00  0.1243458973E+06
  0.2697222222E+00  0.1241892705E+06
  0.2700000000E+00  0.1240326432E+06
  0.2702777778E+00  0.1239068453E+06
  0.2705555556E+00  0.1237810477E+06
  0.2708333333E+00  0.1236552501E+06
  0.2711111111E+00  0.1235294525E+06
  0.2713888889E+00  0.1234036540E+06
  0.2716666667E+00  0.1232778563E+06
  0.2719444444E+00  0.1231520588E+06
  0.2722222222E+00  0.1230262613E+06
  0.2725000000E+00  0.1229004626E+06
  0.2727777778E+00  0.1227746651E+06
  0.2730555556E+00  0.1226488675E+06
  0.2733333333E+00  0.1225230699E+06
  0.2736111111E+00  0.1223972720E+06
  0.2738888889E+00  0.1222714734E+06
  0.2741666667E+00  0.1221456759E+06
  0.2744444444E+00  0.1220198783E+06
  0.2747222222E+00  0.1218940807E+06
  0.2750000000E+00  0.1217682831E+06
  0.2752777778E+00  0.1216594340E+06
  0.2755555556E+00  0.1215505863E+06
  0.2758333333E+00  0.1214417382E+06
  0.2761111111E+00  0.1213328901E+06
  0.2763888889E+00  0.1212240420E+06
  0.2766666667E+00  0.1211151933E+06
  0.2769444444E+00  0.1210063452E+06
  0.2772222222E+00  0.1208974971E+06
  0.2775000000E+00  0.1207886491E+06
  0.2777777778E+00  0.1206798013E+06
  0.2780555556E+00  0.1205709522E+06
  0.2783333333E+00  0.1204621041E+06
  0.2786111111E+00  0.1203532560E+06
  0.2788888889E+00  0.1202444082E+06
  0.2791666667E+00  0.1201355593E+06
  0.2794444444E+00  0.1200267112E+06
  0.2797222222E+00  0.1199178630E+06
  0.2800000000E+00  0.1198090153E+06
  0.2802777778E+00  0.1197049965E+06
  0.2805555556E+00  0.1196009778E+06
  0.2808333333E+00  0.1194969581E+06
  0.2811111111E+00  0.1193929394E+06
  0.2813888889E+00  0.1192889206E+06
  0.2816666667E+00  0.1191849019E+06
  0.2819444444E+00  0.1190808834E+06
  0.2822222222E+00  0.1189768647E+06
  0.2825000000E+00  0.1188728450E+06
  0.2827777778E+00  0.1187688263E+06
  0.2830555556E+00  0.1186648075E+06
  0.2833333333E+00  0.1185607888E+06
  0.2836111111E+00  0.1184567703E+06
  0.2838888889E+00  0.1183527516E+06
  0.2841666667E+00  0.1182487319E+06
  0.2844444444E+00  0.1181447132E+06
  0.2847222222E+00  0.1180406944E+06
  0.2850000000E+00  0.1179366757E+06
  0.2852777778E+00  0.1178276486E+06
  0.2855555556E+00  0.1177186211E+06
  0.2858333333E+00  0.1176095941E+06
  0.2861111111E+00  0.1175005660E+06
  0.2863888889E+00  0.1173915391E+06
  0.2866666667E+00  0.1172825121E+06
  0.2869444444E+00  0.1171734841E+06
  0.2872222222E+00  0.1170644572E+06
  0.2875000000E+00  0.1169554302E+06
  0.2877777778E+00  0.1168464022E+06
  0.2880555556E+00  0.1167373756E+06
  0.2883333333E+00  0.1166283486E+06
  0.2886111111E+00  0.1165193206E+06
  0.2888888889E+00  0.1164102937E+06
  0.2891666667E+00  0.1163012667E+06
  0.2894444444E+00  0.1161922386E+06
  0.2897222222E+00  0.1160832117E+06
  0.2900000000E+00  0.1159741837E+06
  0.2902777778E+00  0.1158527579E+06
  0.2905555556E+00  0.1157313316E+06
  0.2908333333E+00  0.1156099058E+06
  0.2911111111E+00  0.1154884795E+06
  0.2913888889E+00  0.1153670537E+06
  0.2916666667E+00  0.1152456275E+06
  0.2919444444E+00  0.1151242016E+06
  0.2922222222E+00  0.1150027754E+06
  0.2925000000E+00  0.1148813495E+06
  0.2927777778E+00  0.1147599223E+06
  0.2930555556E+00  0.1146384964E+06
  0.2933333333E+00  0.1145170702E+06
  0.2936111111E+00  0.1143956443E+06
  0.2938888889E+00  0.1142742181E+06
  0.2941666667E+00  0.1141527919E+06
  0.2944444444E+00  0.1140313660E+06
  0.2947222222E+00  0.1139099398E+06
  0.2950000000E+00  0.1137885139E+06
  0.2952777778E+00  0.1136500895E+06
  0.2955555556E+00  0.1135116662E+06
  0.2958333333E+00  0.1133732428E+06
  0.2961111111E+00  0.1132348181E+06
  0.2963888889E+00  0.1130963947E+06
  0.2966666667E+00  0.1129579713E+06
  0.2969444444E+00  0.1128195470E+06
  0.2972222222E+00  0.1126811236E+06
  0.2975000000E+00  0.1125427002E+06
  0.2977777778E+00  0.1124042759E+06
  0.2980555556E+00  0.1122658525E+06
  0.2983333333E+00  0.1121274291E+06
  0.2986111111E+00  0.1119890047E+06
  0.2988888889E+00  0.1118505814E+06
  0.2991666667E+00  0.1117121580E+06
  0.2994444444E+00  0.1115737333E+06
  0.2997222222E+00  0.1114353100E+06
  0.3000000000E+00  0.1112968855E+06
  0.3002777778E+00  0.1111393684E+06
  0.3005555556E+00  0.1109818513E+06
  0.3008333333E+00  0.1108243339E+06
  0.3011111111E+00  0.1106668168E+06
  0.3013888889E+00  0.1105092997E+06
  0.3016666667E+00  0.1103517823E+06
  0.3019444444E+00  0.1101942652E+06
  0.3022222222E+00  0.1100367483E+06
  0.3025000000E+00  0.1098792309E+06
  0.3027777778E+00  0.1097217138E+06
  0.3030555556E+00  0.1095641967E+06
  0.3033333333E+00  0.1094066783E+06
  0.3036111111E+00  0.1092491612E+06
  0.3038888889E+00  0.1090916441E+06
  0.3041666667E+00  0.1089341267E+06
  0.3044444444E+00  0.1087766096E+06
  0.3047222222E+00  0.1086190925E+06
  0.3050000000E+00  0.1084615751E+06
  0.3052777778E+00  0.1082852972E+06
  0.3055555556E+00  0.1081090193E+06
  0.3058333333E+00  0.1079327401E+06
  0.3061111111E+00  0.1077564623E+06
  0.3063888889E+00  0.1075801844E+06
  0.3066666667E+00  0.1074039062E+06
  0.3069444444E+00  0.1072276273E+06
  0.3072222222E+00  0.1070513496E+06
  0.3075000000E+00  0.1068750714E+06
  0.3077777778E+00  0.1066987935E+06
  0.3080555556E+00  0.1065225157E+06
  0.3083333333E+00  0.1063462365E+06
  0.3086111111E+00  0.1061699586E+06
  0.3088888889E+00  0.1059936807E+06
  0.3091666667E+00  0.1058174025E+06
  0.3094444444E+00  0.1056411237E+06
  0.3097222222E+00  0.1054648458E+06
  0.3100000000E+00  0.1052885676E+06
  0.3102777778E+00  0.1050959613E+06
  0.3105555556E+00  0.1049033539E+06
  0.3108333333E+00  0.1047107469E+06
  0.3111111111E+00  0.1045181406E+06
  0.3113888889E+00  0.1043255332E+06
  0.3116666667E+00  0.1041329269E+06
  0.3119444444E+00  0.1039403195E+06
  0.3122222222E+00  0.1037477131E+06
  0.3125000000E+00  0.1035551057E+06
  0.3127777778E+00  0.1033624997E+06
  0.3130555556E+00  0.1031698924E+06
  0.3133333333E+00  0.1029772860E+06
  0.3136111111E+00  0.1027846787E+06
  0.3138888889E+00  0.1025920724E+06
  0.3141666667E+00  0.1023994650E+06
  0.3144444444E+00  0.1022068579E+06
  0.3147222222E+00  0.1020142515E+06
  0.3150000000E+00  0.1018216442E+06
  0.3152777778E+00  0.1016168915E+06
  0.3155555556E+00  0.1014121387E+06
  0.3158333333E+00  0.1012073855E+06
  0.3161111111E+00  0.1010026328E+06
  0.3163888889E+00  0.1007978799E+06
  0.3166666667E+00  0.1005931271E+06
  0.3169444444E+00  0.1003883744E+06
  0.3172222222E+00  0.1001836215E+06
  0.3175000000E+00  0.9997886771E+05
  0.3177777778E+00  0.9977411499E+05
  0.3180555556E+00  0.9956936216E+05
  0.3183333333E+00  0.9936460900E+05
  0.3186111111E+00  0.9915985628E+05
  0.3188888889E+00  0.9895510345E+05
  0.3191666667E+00  0.9875035073E+05
  0.3194444444E+00  0.9854559789E+05
  0.3197222222E+00  0.9834084506E+05
  0.3200000000E+00  0.9813609135E+05
  0.3202777778E+00  0.9792453461E+05
  0.3205555556E+00  0.9771297723E+05
  0.3208333333E+00  0.9750141995E+05
  0.3211111111E+00  0.9728986257E+05
  0.3213888889E+00  0.9707830495E+05
  0.3216666667E+00  0.9686674856E+05
  0.3219444444E+00  0.9665519129E+05
  0.3222222222E+00  0.9644363390E+05
  0.3225000000E+00  0.9623207617E+05
  0.3227777778E+00  0.9602051890E+05
  0.3230555556E+00  0.9580896252E+05
  0.3233333333E+00  0.9559740524E+05
  0.3236111111E+00  0.9538584752E+05
  0.3238888889E+00  0.9517429024E+05
  0.3241666667E+00  0.9496273285E+05
  0.3244444444E+00  0.9475117513E+05
  0.3247222222E+00  0.9453961886E+05
  0.3250000000E+00  0.9432806146E+05
  0.3252777778E+00  0.9411597155E+05
  0.3255555556E+00  0.9390388018E+05
  0.3258333333E+00  0.9369179027E+05
  0.3261111111E+00  0.9347970001E+05
  0.3263888889E+00  0.9326760998E+05
  0.3266666667E+00  0.9305552006E+05
  0.3269444444E+00  0.9284342970E+05
  0.3272222222E+00  0.9263133978E+05
  0.3275000000E+00  0.9241924886E+05
  0.3277777778E+00  0.9220715849E+05
  0.3280555556E+00  0.9199506857E+05
  0.3283333333E+00  0.9178297821E+05
  0.3286111111E+00  0.9157088830E+05
  0.3288888889E+00  0.9135879838E+05
  0.3291666667E+00  0.9114670701E+05
  0.3294444444E+00  0.9093461709E+05
  0.3297222222E+00  0.9072252706E+05
  0.3300000000E+00  0.9051043680E+05
  0.3302777778E+00  0.9030428182E+05
  0.3305555556E+00  0.9009812750E+05
  0.3308333333E+00  0.8989197250E+05
  0.3311111111E+00  0.8968581818E+05
  0.3313888889E+00  0.8947966318E+05
  0.3316666667E+00  0.8927350786E+05
  0.3319444444E+00  0.8906735387E+05
  0.3322222222E+00  0.8886119854E+05
  0.3325000000E+00  0.8865504455E+05
  0.3327777778E+00  0.8844888956E+05
  0.3330555556E+00  0.8824273524E+05
  0.3333333333E+00  0.8803658024E+05
  0.3336111111E+00  0.8783042492E+05
  0.3338888889E+00  0.8762427093E+05
  0.3341666667E+00  0.8741811560E+05
  0.3344444444E+00  0.8721196161E+05
  0.3347222222E+00  0.8700580617E+05
  0.3350000000E+00  0.8679965218E+05
  0.3352777778E+00  0.8660588588E+05
  0.3355555556E+00  0.8641212048E+05
  0.3358333333E+00  0.8621835517E+05
  0.3361111111E+00  0.8602458844E+05
  0.3363888889E+00  0.8583082313E+05
  0.3366666667E+00  0.8563705773E+05
  0.3369444444E+00  0.8544329143E+05
  0.3372222222E+00  0.8524952601E+05
  0.3375000000E+00  0.8505576072E+05
  0.3377777778E+00  0.8486199430E+05
  0.3380555556E+00  0.8466822890E+05
  0.3383333333E+00  0.8447446359E+05
  0.3386111111E+00  0.8428069719E+05
  0.3388888889E+00  0.8408693189E+05
  0.3391666667E+00  0.8389316614E+05
  0.3394444444E+00  0.8369939985E+05
  0.3397222222E+00  0.8350563443E+05
  0.3400000000E+00  0.8331186914E+05
  0.3402777778E+00  0.8313642866E+05
  0.3405555556E+00  0.8296098885E+05
  0.3408333333E+00  0.8278554937E+05
  0.3411111111E+00  0.8261010956E+05
  0.3413888889E+00  0.8243466875E+05
  0.3416666667E+00  0.8225922928E+05
  0.3419444444E+00  0.8208378946E+05
  0.3422222222E+00  0.8190834999E+05
  0.3425000000E+00  0.8173290918E+05
  0.3427777778E+00  0.8155746982E+05
  0.3430555556E+00  0.8138203001E+05
  0.3433333333E+00  0.8120659053E+05
  0.3436111111E+00  0.8103114972E+05
  0.3438888889E+00  0.8085571024E+05
  0.3441666667E+00  0.8068027043E+05
  0.3444444444E+00  0.8050483062E+05
  0.3447222222E+00  0.8032939015E+05
  0.3450000000E+00  0.8015395033E+05
  0.3452777778E+00  0.8000196149E+05
  0.3455555556E+00  0.7984997277E+05
  0.3458333333E+00  0.7969798392E+05
  0.3461111111E+00  0.7954599508E+05
  0.3463888889E+00  0.7939400534E+05
  0.3466666667E+00  0.7924201650E+05
  0.3469444444E+00  0.7909002765E+05
  0.3472222222E+00  0.7893803881E+05
  0.3475000000E+00  0.7878605008E+05
  0.3477777778E+00  0.7863406123E+05
  0.3480555556E+00  0.7848207238E+05
  0.3483333333E+00  0.7833008365E+05
  0.3486111111E+00  0.7817809481E+05
  0.3488888889E+00  0.7802610463E+05
  0.3491666667E+00  0.7787411578E+05
  0.3494444444E+00  0.7772212705E+05
  0.3497222222E+00  0.7757013820E+05
  0.3500000000E+00  0.7741814936E+05
  0.3502777778E+00  0.7729365981E+05
  0.3505555556E+00  0.7716917126E+05
  0.3508333333E+00  0.7704468125E+05
  0.3511111111E+00  0.7692019170E+05
  0.3513888889E+00  0.7679570204E+05
  0.3516666667E+00  0.7667121348E+05
  0.3519444444E+00  0.7654672359E+05
  0.3522222222E+00  0.7642223393E+05
  0.3525000000E+00  0.7629774437E+05
  0.3527777778E+00  0.7617325571E+05
  0.3530555556E+00  0.7604876582E+05
  0.3533333333E+00  0.7592427627E+05
  0.3536111111E+00  0.7579978760E+05
  0.3538888889E+00  0.7567529804E+05
  0.3541666667E+00  0.7555080805E+05
  0.3544444444E+00  0.7542631849E+05
  0.3547222222E+00  0.7530182994E+05
  0.3550000000E+00  0.7517734027E+05
  0.3552777778E+00  0.7508314656E+05
  0.3555555556E+00  0.7498895274E+05
  0.3558333333E+00  0.7489475903E+05
  0.3561111111E+00  0.7480056555E+05
  0.3563888889E+00  0.7470637172E+05
  0.3566666667E+00  0.7461217802E+05
  0.3569444444E+00  0.7451798420E+05
  0.3572222222E+00  0.7442379049E+05
  0.3575000000E+00  0.7432959701E+05
  0.3577777778E+00  0.7423540330E+05
  0.3580555556E+00  0.7414120948E+05
  0.3583333333E+00  0.7404701564E+05
  0.3586111111E+00  0.7395282194E+05
  0.3588888889E+00  0.7385862812E+05
  0.3591666667E+00  0.7376443474E+05
  0.3594444444E+00  0.7367024092E+05
  0.3597222222E+00  0.7357604721E+05
  0.3600000000E+00  0.7348185340E+05
  0.3602777778E+00  0.7341938164E+05
  0.3605555556E+00  0.7335690943E+05
  0.3608333333E+00  0.7329443756E+05
  0.3611111111E+00  0.7323196446E+05
  0.3613888889E+00  0.7316949259E+05
  0.3616666667E+00  0.7310702050E+05
  0.3619444444E+00  0.7304454864E+05
  0.3622222222E+00  0.7298207554E+05
  0.3625000000E+00  0.7291960334E+05
  0.3627777778E+00  0.7285713158E+05
  0.3630555556E+00  0.7279465937E+05
  0.3633333333E+00  0.7273218661E+05
  0.3636111111E+00  0.7266971440E+05
  0.3638888889E+00  0.7260724264E+05
  0.3641666667E+00  0.7254477044E+05
  0.3644444444E+00  0.7248229768E+05
  0.3647222222E+00  0.7241982547E+05
  0.3650000000E+00  0.7235735371E+05
  0.3652777778E+00  0.7232665289E+05
  0.3655555556E+00  0.7229595351E+05
  0.3658333333E+00  0.7226525281E+05
  0.3661111111E+00  0.7223455344E+05
  0.3663888889E+00  0.7220385262E+05
  0.3666666667E+00  0.7217315191E+05
  0.3669444444E+00  0.7214245253E+05
  0.3672222222E+00  0.7211175182E+05
  0.3675000000E+00  0.7208105234E+05
  0.3677777778E+00  0.7205035163E+05
  0.3680555556E+00  0.7201965225E+05
  0.3683333333E+00  0.7198895154E+05
  0.3686111111E+00  0.7195825205E+05
  0.3688888889E+00  0.7192755135E+05
  0.3691666667E+00  0.7189685097E+05
  0.3694444444E+00  0.7186615126E+05
  0.3697222222E+00  0.7183545077E+05
  0.3700000000E+00  0.7180475106E+05
  0.3702777778E+00  0.7180449561E+05
  0.3705555556E+00  0.7180424004E+05
  0.3708333333E+00  0.7180398459E+05
  0.3711111111E+00  0.7180373002E+05
  0.3713888889E+00  0.7180347456E+05
  0.3716666667E+00  0.7180321899E+05
  0.3719444444E+00  0.7180296353E+05
  0.3722222222E+00  0.7180270796E+05
  0.3725000000E+00  0.7180245252E+05
  0.3727777778E+00  0.7180219795E+05
  0.3730555556E+00  0.7180194238E+05
  0.3733333333E+00  0.7180168692E+05
  0.3736111111E+00  0.7180143135E+05
  0.3738888889E+00  0.7180117589E+05
  0.3741666667E+00  0.7180092032E+05
  0.3744444444E+00  0.7180066587E+05
  0.3747222222E+00  0.7180041030E+05
  0.3750000000E+00  0.7180015485E+05
  0.3752777778E+00  0.7182781789E+05
  0.3755555556E+00  0.7185548093E+05
  0.3758333333E+00  0.7188314420E+05
  0.3761111111E+00  0.7191080724E+05
  0.3763888889E+00  0.7193847029E+05
  0.3766666667E+00  0.7196613333E+05
  0.3769444444E+00  0.7199379626E+05
  0.3772222222E+00  0.7202145963E+05
  0.3775000000E+00  0.7204912267E+05
  0.3777777778E+00  0.7207678571E+05
  0.3780555556E+00  0.7210444876E+05
  0.3783333333E+00  0.7213211169E+05
  0.3786111111E+00  0.7215977473E+05
  0.3788888889E+00  0.7218743811E+05
  0.3791666667E+00  0.7221510116E+05
  0.3794444444E+00  0.7224276420E+05
  0.3797222222E+00  0.7227042713E+05
  0.3800000000E+00  0.7229809018E+05
  0.3802777778E+00  0.7234999671E+05
  0.3805555556E+00  0.7240190323E+05
  0.3808333333E+00  0.7245380976E+05
  0.3811111111E+00  0.7250571619E+05
  0.3813888889E+00  0.7255762239E+05
  0.3816666667E+00  0.7260952891E+05
  0.3819444444E+00  0.7266143644E+05
  0.3822222222E+00  0.7271334298E+05
  0.3825000000E+00  0.7276524907E+05
  0.3827777778E+00  0.7281715558E+05
  0.3830555556E+00  0.7286906212E+05
  0.3833333333E+00  0.7292096865E+05
  0.3836111111E+00  0.7297287519E+05
  0.3838888889E+00  0.7302478137E+05
  0.3841666667E+00  0.7307668880E+05
  0.3844444444E+00  0.7312859533E+05
  0.3847222222E+00  0.7318050186E+05
  0.3850000000E+00  0.7323240805E+05
  0.3852777778E+00  0.7330411316E+05
  0.3855555556E+00  0.7337581771E+05
  0.3858333333E+00  0.7344752281E+05
  0.3861111111E+00  0.7351922791E+05
  0.3863888889E+00  0.7359093214E+05
  0.3866666667E+00  0.7366263724E+05
  0.3869444444E+00  0.7373434135E+05
  0.3872222222E+00  0.7380604656E+05
  0.3875000000E+00  0.7387775166E+05
  0.3877777778E+00  0.7394945577E+05
  0.3880555556E+00  0.7402116099E+05
  0.3883333333E+00  0.7409286609E+05
  0.3886111111E+00  0.7416457019E+05
  0.3888888889E+00  0.7423627541E+05
  0.3891666667E+00  0.7430798051E+05
  0.3894444444E+00  0.7437968462E+05
  0.3897222222E+00  0.7445138983E+05
  0.3900000000E+00  0.7452309395E+05
  0.3902777778E+00  0.7460939467E+05
  0.3905555556E+00  0.7469569506E+05
  0.3908333333E+00  0.7478199457E+05
  0.3911111111E+00  0.7486829530E+05
  0.3913888889E+00  0.7495459569E+05
  0.3916666667E+00  0.7504089509E+05
  0.3919444444E+00  0.7512719581E+05
  0.3922222222E+00  0.7521349533E+05
  0.3925000000E+00  0.7529979572E+05
  0.3927777778E+00  0.7538609645E+05
  0.3930555556E+00  0.7547239585E+05
  0.3933333333E+00  0.7555869635E+05
  0.3936111111E+00  0.7564499608E+05
  0.3938888889E+00  0.7573129647E+05
  0.3941666667E+00  0.7581759687E+05
  0.3944444444E+00  0.7590389660E+05
  0.3947222222E+00  0.7599019710E+05
  0.3950000000E+00  0.7607649750E+05
  0.3952777778E+00  0.7617191022E+05
  0.3955555556E+00  0.7626732361E+05
  0.3958333333E+00  0.7636273600E+05
  0.3961111111E+00  0.7645814950E+05
  0.3963888889E+00  0.7655356223E+05
  0.3966666667E+00  0.7664897462E+05
  0.3969444444E+00  0.7674438800E+05
  0.3972222222E+00  0.7683980039E+05
  0.3975000000E+00  0.7693521412E+05
  0.3977777778E+00  0.7703062662E+05
  0.3980555556E+00  0.7712604001E+05
  0.3983333333E+00  0.7722145239E+05
  0.3986111111E+00  0.7731686611E+05
  0.3988888889E+00  0.7741227851E+05
  0.3991666667E+00  0.7750769201E+05
  0.3994444444E+00  0.7760310439E+05
  0.3997222222E+00  0.7769851812E+05
  0.4000000000E+00  0.7779393051E+05
  0.4002777778E+00  0.7789281028E+05
  0.4005555556E+00  0.7799169048E+05
  0.4008333333E+00  0.7809057024E+05
  0.4011111111E+00  0.7818944900E+05
  0.4013888889E+00  0.7828832921E+05
  0.4016666667E+00  0.7838720896E+05
  0.4019444444E+00  0.7848608906E+05
  0.4022222222E+00  0.7858496894E+05
  0.4025000000E+00  0.7868384770E+05
  0.4027777778E+00  0.7878272779E+05
  0.4030555556E+00  0.7888160766E+05
  0.4033333333E+00  0.7898048776E+05
  0.4036111111E+00  0.7907936663E+05
  0.4038888889E+00  0.7917824639E+05
  0.4041666667E+00  0.7927712648E+05
  0.4044444444E+00  0.7937600636E+05
  0.4047222222E+00  0.7947488546E+05
  0.4050000000E+00  0.7957376522E+05
  0.4052777778E+00  0.7967063484E+05
  0.4055555556E+00  0.7976750366E+05
  0.4058333333E+00  0.7986437361E+05
  0.4061111111E+00  0.7996124211E+05
  0.4063888889E+00  0.8005811206E+05
  0.4066666667E+00  0.8015498056E+05
  0.4069444444E+00  0.8025185051E+05
  0.4072222222E+00  0.8034871901E+05
  0.4075000000E+00  0.8044558797E+05
  0.4077777778E+00  0.8054245792E+05
  0.4080555556E+00  0.8063932640E+05
  0.4083333333E+00  0.8073619635E+05
  0.4086111111E+00  0.8083306486E+05
  0.4088888889E+00  0.8092993481E+05
  0.4091666667E+00  0.8102680331E+05
  0.4094444444E+00  0.8112367326E+05
  0.4097222222E+00  0.8122054210E+05
  0.4100000000E+00  0.8131741171E+05
  0.4102777778E+00  0.8140719142E+05
  0.4105555556E+00  0.8149697112E+05
  0.4108333333E+00  0.8158675182E+05
  0.4111111111E+00  0.8167653164E+05
  0.4113888889E+00  0.8176631135E+05
  0.4116666667E+00  0.8185609106E+05
  0.4119444444E+00  0.8194587176E+05
  0.4122222222E+00  0.8203565146E+05
  0.4125000000E+00  0.8212543128E+05
  0.4127777778E+00  0.8221521099E+05
  0.4130555556E+00  0.8230499169E+05
  0.4133333333E+00  0.8239477174E+05
  0.4136111111E+00  0.8248455144E+05
  0.4138888889E+00  0.8257433226E+05
  0.4141666667E+00  0.8266411196E+05
  0.4144444444E+00  0.8275389167E+05
  0.4147222222E+00  0.8284367137E+05
  0.4150000000E+00  0.8293345208E+05
  0.4152777778E+00  0.8301164463E+05
  0.4155555556E+00  0.8308983584E+05
  0.4158333333E+00  0.8316802839E+05
  0.4161111111E+00  0.8324622094E+05
  0.4163888889E+00  0.8332441349E+05
  0.4166666667E+00  0.8340260594E+05
  0.4169444444E+00  0.8348079848E+05
  0.4172222222E+00  0.8355898970E+05
  0.4175000000E+00  0.8363718225E+05
  0.4177777778E+00  0.8371537480E+05
  0.4180555556E+00  0.8379356734E+05
  0.4183333333E+00  0.8387175978E+05
  0.4186111111E+00  0.8394995233E+05
  0.4188888889E+00  0.8402814488E+05
  0.4191666667E+00  0.8410633609E+05
  0.4194444444E+00  0.8418452865E+05
  0.4197222222E+00  0.8426272109E+05
  0.4200000000E+00  0.8434091364E+05
  0.4202777778E+00  0.8440382232E+05
  0.4205555556E+00  0.8446673099E+05
  0.4208333333E+00  0.8452963968E+05
  0.4211111111E+00  0.8459254792E+05
  0.4213888889E+00  0.8465545660E+05
  0.4216666667E+00  0.8471836528E+05
  0.4219444444E+00  0.8478127496E+05
  0.4222222222E+00  0.8484418353E+05
  0.4225000000E+00  0.8490709221E+05
  0.4227777778E+00  0.8497000090E+05
  0.4230555556E+00  0.8503290958E+05
  0.4233333333E+00  0.8509581815E+05
  0.4236111111E+00  0.8515872683E+05
  0.4238888889E+00  0.8522163517E+05
  0.4241666667E+00  0.8528454386E+05
  0.4244444444E+00  0.8534745243E+05
  0.4247222222E+00  0.8541036211E+05
  0.4250000000E+00  0.8547327079E+05
  0.4252777778E+00  0.8551810542E+05
  0.4255555556E+00  0.8556293995E+05
  0.4258333333E+00  0.8560777459E+05
  0.4261111111E+00  0.8565260912E+05
  0.4263888889E+00  0.8569744375E+05
  0.4266666667E+00  0.8574227961E+05
  0.4269444444E+00  0.8578711425E+05
  0.4272222222E+00  0.8583194887E+05
  0.4275000000E+00  0.8587678340E+05
  0.4277777778E+00  0.8592161804E+05
  0.4280555556E+00  0.8596645256E+05
  0.4283333333E+00  0.8601128819E+05
  0.4286111111E+00  0.8605612272E+05
  0.4288888889E+00  0.8610095735E+05
  0.4291666667E+00  0.8614579199E+05
  0.4294444444E+00  0.8619062652E+05
  0.4297222222E+00  0.8623546149E+05
  0.4300000000E+00  0.8628029601E+05
  0.4302777778E+00  0.8630526360E+05
  0.4305555556E+00  0.8633023210E+05
  0.4308333333E+00  0.8635519958E+05
  0.4311111111E+00  0.8638016717E+05
  0.4313888889E+00  0.8640513467E+05
  0.4316666667E+00  0.8643010181E+05
  0.4319444444E+00  0.8645506940E+05
  0.4322222222E+00  0.8648003689E+05
  0.4325000000E+00  0.8650500449E+05
  0.4327777778E+00  0.8652997197E+05
  0.4330555556E+00  0.8655493946E+05
  0.4333333333E+00  0.8657990705E+05
  0.4336111111E+00  0.8660487454E+05
  0.4338888889E+00  0.8662984203E+05
  0.4341666667E+00  0.8665480962E+05
  0.4344444444E+00  0.8667977710E+05
  0.4347222222E+00  0.8670474460E+05
  0.4350000000E+00  0.8672971219E+05
  0.4352777778E+00  0.8673404510E+05
  0.4355555556E+00  0.8673837668E+05
  0.4358333333E+00  0.8674270970E+05
  0.4361111111E+00  0.8674704261E+05
  0.4363888889E+00  0.8675137519E+05
  0.4366666667E+00  0.8675570721E+05
  0.4369444444E+00  0.8676003980E+05
  0.4372222222E+00  0.8676437271E+05
  0.4375000000E+00  0.8676870573E+05
  0.4377777778E+00  0.8677303731E+05
  0.4380555556E+00  0.8677737022E+05
  0.4383333333E+00  0.8678170291E+05
  0.4386111111E+00  0.8678603582E+05
  0.4388888889E+00  0.8679036774E+05
  0.4391666667E+00  0.8679470042E+05
  0.4394444444E+00  0.8679903333E+05
  0.4397222222E+00  0.8680336624E+05
  0.4400000000E+00  0.8680769795E+05
  0.4402777778E+00  0.8679165837E+05
  0.4405555556E+00  0.8677561869E+05
  0.4408333333E+00  0.8675957878E+05
  0.4411111111E+00  0.8674353921E+05
  0.4413888889E+00  0.8672749965E+05
  0.4416666667E+00  0.8671145975E+05
  0.4419444444E+00  0.8669542017E+05
  0.4422222222E+00  0.8667938049E+05
  0.4425000000E+00  0.8666334059E+05
  0.4427777778E+00  0.8664730103E+05
  0.4430555556E+00  0.8663126145E+05
  0.4433333333E+00  0.8661522155E+05
  0.4436111111E+00  0.8659918198E+05
  0.4438888889E+00  0.8658314230E+05
  0.4441666667E+00  0.8656710240E+05
  0.4444444444E+00  0.8655106283E+05
  0.4447222222E+00  0.8653502326E+05
  0.4450000000E+00  0.8651898335E+05
  0.4452777778E+00  0.8648373007E+05
  0.4455555556E+00  0.8644847667E+05
  0.4458333333E+00  0.8641322438E+05
  0.4461111111E+00  0.8637797110E+05
  0.4463888889E+00  0.8634271781E+05
  0.4466666667E+00  0.8630746552E+05
  0.4469444444E+00  0.8627221224E+05
  0.4472222222E+00  0.8623695995E+05
  0.4475000000E+00  0.8620170700E+05
  0.4477777778E+00  0.8616645371E+05
  0.4480555556E+00  0.8613120143E+05
  0.4483333333E+00  0.8609594814E+05
  0.4486111111E+00  0.8606069486E+05
  0.4488888889E+00  0.8602544246E+05
  0.4491666667E+00  0.8599018917E+05
  0.4494444444E+00  0.8595493689E+05
  0.4497222222E+00  0.8591968360E+05
  0.4500000000E+00  0.8588443031E+05
  0.4502777778E+00  0.8583197416E+05
  0.4505555556E+00  0.8577951932E+05
  0.4508333333E+00  0.8572706316E+05
  0.4511111111E+00  0.8567460700E+05
  0.4513888889E+00  0.8562215118E+05
  0.4516666667E+00  0.8556969513E+05
  0.4519444444E+00  0.8551723929E+05
  0.4522222222E+00  0.8546478413E+05
  0.4525000000E+00  0.8541232831E+05
  0.4527777778E+00  0.8535987215E+05
  0.4530555556E+00  0.8530741599E+05
  0.4533333333E+00  0.8525496016E+05
  0.4536111111E+00  0.8520250399E+05
  0.4538888889E+00  0.8515004917E+05
  0.4541666667E+00  0.8509759301E+05
  0.4544444444E+00  0.8504513719E+05
  0.4547222222E+00  0.8499268102E+05
  0.4550000000E+00  0.8494022486E+05
  0.4552777778E+00  0.8487327833E+05
  0.4555555556E+00  0.8480633170E+05
  0.4558333333E+00  0.8473938507E+05
  0.4561111111E+00  0.8467243855E+05
  0.4563888889E+00  0.8460549190E+05
  0.4566666667E+00  0.8453854527E+05
  0.4569444444E+00  0.8447159874E+05
  0.4572222222E+00  0.8440465178E+05
  0.4575000000E+00  0.8433770614E+05
  0.4577777778E+00  0.8427075962E+05
  0.4580555556E+00  0.8420381299E+05
  0.4583333333E+00  0.8413686634E+05
  0.4586111111E+00  0.8406991982E+05
  0.4588888889E+00  0.8400297319E+05
  0.4591666667E+00  0.8393602655E+05
  0.4594444444E+00  0.8386907970E+05
  0.4597222222E+00  0.8380213307E+05
  0.4600000000E+00  0.8373518642E+05
  0.4602777778E+00  0.8365696084E+05
  0.4605555556E+00  0.8357873626E+05
  0.4608333333E+00  0.8350051156E+05
  0.4611111111E+00  0.8342228698E+05
  0.4613888889E+00  0.8334406138E+05
  0.4616666667E+00  0.8326583669E+05
  0.4619444444E+00  0.8318761210E+05
  0.4622222222E+00  0.8310938652E+05
  0.4625000000E+00  0.8303116182E+05
  0.4627777778E+00  0.8295293724E+05
  0.4630555556E+00  0.8287471154E+05
  0.4633333333E+00  0.8279648696E+05
  0.4636111111E+00  0.8271826237E+05
  0.4638888889E+00  0.8264003767E+05
  0.4641666667E+00  0.8256181209E+05
  0.4644444444E+00  0.8248358750E+05
  0.4647222222E+00  0.8240536281E+05
  0.4650000000E+00  0.8232713722E+05
  0.4652777778E+00  0.8224117292E+05
  0.4655555556E+00  0.8215520828E+05
  0.4658333333E+00  0.8206924385E+05
  0.4661111111E+00  0.8198327922E+05
  0.4663888889E+00  0.8189731492E+05
  0.4666666667E+00  0.8181135027E+05
  0.4669444444E+00  0.8172538497E+05
  0.4672222222E+00  0.8163942034E+05
  0.4675000000E+00  0.8155345602E+05
  0.4677777778E+00  0.8146749139E+05
  0.4680555556E+00  0.8138152697E+05
  0.4683333333E+00  0.8129556233E+05
  0.4686111111E+00  0.8120959802E+05
  0.4688888889E+00  0.8112363239E+05
  0.4691666667E+00  0.8103766807E+05
  0.4694444444E+00  0.8095170344E+05
  0.4697222222E+00  0.8086573914E+05
  0.4700000000E+00  0.8077977450E+05
  0.4702777778E+00  0.8068974763E+05
  0.4705555556E+00  0.8059971942E+05
  0.4708333333E+00  0.8050969232E+05
  0.4711111111E+00  0.8041966511E+05
  0.4713888889E+00  0.8032963791E+05
  0.4716666667E+00  0.8023961081E+05
  0.4719444444E+00  0.8014958260E+05
  0.4722222222E+00  0.8005955550E+05
  0.4725000000E+00  0.7996952829E+05
  0.4727777778E+00  0.7987950068E+05
  0.4730555556E+00  0.7978947372E+05
  0.4733333333E+00  0.7969944631E+05
  0.4736111111E+00  0.7960941880E+05
  0.4738888889E+00  0.7951939150E+05
  0.4741666667E+00  0.7942936410E+05
  0.4744444444E+00  0.7933933659E+05
  0.4747222222E+00  0.7924930929E+05
  0.4750000000E+00  0.7915928188E+05
  0.4752777778E+00  0.7906881695E+05
  0.4755555556E+00  0.7897835214E+05
  0.4758333333E+00  0.7888788722E+05
  0.4761111111E+00  0.7879742229E+05
  0.4763888889E+00  0.7870695726E+05
  0.4766666667E+00  0.7861649211E+05
  0.4769444444E+00  0.7852602719E+05
  0.4772222222E+00  0.7843556226E+05
  0.4775000000E+00  0.7834509733E+05
  0.4777777778E+00  0.7825463252E+05
  0.4780555556E+00  0.7816416759E+05
  0.4783333333E+00  0.7807370234E+05
  0.4786111111E+00  0.7798323741E+05
  0.4788888889E+00  0.7789277249E+05
  0.4791666667E+00  0.7780230756E+05
  0.4794444444E+00  0.7771184264E+05
  0.4797222222E+00  0.7762137772E+05
  0.4800000000E+00  0.7753091290E+05
  0.4802777778E+00  0.7744338731E+05
  0.4805555556E+00  0.7735586217E+05
  0.4808333333E+00  0.7726833693E+05
  0.4811111111E+00  0.7718081144E+05
  0.4813888889E+00  0.7709328620E+05
  0.4816666667E+00  0.7700576093E+05
  0.4819444444E+00  0.7691823536E+05
  0.4822222222E+00  0.7683071021E+05
  0.4825000000E+00  0.7674318496E+05
  0.4827777778E+00  0.7665565981E+05
  0.4830555556E+00  0.7656813423E+05
  0.4833333333E+00  0.7648060909E+05
  0.4836111111E+00  0.7639308383E+05
  0.4838888889E+00  0.7630555836E+05
  0.4841666667E+00  0.7621803311E+05
  0.4844444444E+00  0.7613050786E+05
  0.4847222222E+00  0.7604298271E+05
  0.4850000000E+00  0.7595545713E+05
  0.4852777778E+00  0.7587388385E+05
  0.4855555556E+00  0.7579231036E+05
  0.4858333333E+00  0.7571073708E+05
  0.4861111111E+00  0.7562916359E+05
  0.4863888889E+00  0.7554759020E+05
  0.4866666667E+00  0.7546601692E+05
  0.4869444444E+00  0.7538444343E+05
  0.4872222222E+00  0.7530286981E+05
  0.4875000000E+00  0.7522129632E+05
  0.4877777778E+00  0.7513972304E+05
  0.4880555556E+00  0.7505814955E+05
  0.4883333333E+00  0.7497657617E+05
  0.4886111111E+00  0.7489500288E+05
  0.4888888889E+00  0.7481342938E+05
  0.4891666667E+00  0.7473185611E+05
  0.4894444444E+00  0.7465028262E+05
  0.4897222222E+00  0.7456870924E+05
  0.4900000000E+00  0.7448713550E+05
  0.4902777778E+00  0.7441401364E+05
  0.4905555556E+00  0.7434089231E+05
  0.4908333333E+00  0.7426777054E+05
  0.4911111111E+00  0.7419464867E+05
  0.4913888889E+00  0.7412152691E+05
  0.4916666667E+00  0.7404840505E+05
  0.4919444444E+00  0.7397528327E+05
  0.4922222222E+00  0.7390216140E+05
  0.4925000000E+00  0.7382903964E+05
  0.4927777778E+00  0.7375591777E+05
  0.4930555556E+00  0.7368279599E+05
  0.4933333333E+00  0.7360967423E+05
  0.4936111111E+00  0.7353655236E+05
  0.4938888889E+00  0.7346343058E+05
  0.4941666667E+00  0.7339030872E+05
  0.4944444444E+00  0.7331718695E+05
  0.4947222222E+00  0.7324406507E+05
  0.4950000000E+00  0.7317094331E+05
