  0.1027777778E-01  0.2255859491E+08
  0.1055555556E-01  0.2253348256E+08
  0.1083333333E-01  0.2250837042E+08
  0.1111111111E-01  0.2248325807E+08
  0.1138888889E-01  0.2245814550E+08
  0.1166666667E-01  0.2243303315E+08
  0.1194444444E-01  0.2240792079E+08
  0.1222222222E-01  0.2238280866E+08
  0.1250000000E-01  0.2235769630E+08
  0.1277777778E-01  0.2233258373E+08
  0.1305555556E-01  0.2230747137E+08
  0.1333333333E-01  0.2228235902E+08
  0.1361111111E-01  0.2225724689E+08
  0.1388888889E-01  0.2223213443E+08
  0.1416666667E-01  0.2220702196E+08
  0.1444444444E-01  0.2218190961E+08
  0.1472222222E-01  0.2215679726E+08
  0.1500000000E-01  0.2213168512E+08
  0.1527777778E-01  0.2209733174E+08
  0.1555555556E-01  0.2206297848E+08
  0.1583333333E-01  0.2202862520E+08
  0.1611111111E-01  0.2199427159E+08
  0.1638888889E-01  0.2195991832E+08
  0.1666666667E-01  0.2192556494E+08
  0.1694444444E-01  0.2189121167E+08
  0.1722222222E-01  0.2185685840E+08
  0.1750000000E-01  0.2182250502E+08
  0.1777777778E-01  0.2178815185E+08
  0.1805555556E-01  0.2175379847E+08
  0.1833333333E-01  0.2171944509E+08
  0.1861111111E-01  0.2168509192E+08
  0.1888888889E-01  0.2165073855E+08
  0.1916666667E-01  0.2161638526E+08
  0.1944444444E-01  0.2158203200E+08
  0.1972222222E-01  0.2154767863E+08
  0.2000000000E-01  0.2151332534E+08
  0.2027777778E-01  0.2147048369E+08
  0.2055555556E-01  0.2142764203E+08
  0.2083333333E-01  0.2138480039E+08
  0.2111111111E-01  0.2134195873E+08
  0.2138888889E-01  0.2129911696E+08
  0.2166666667E-01  0.2125627531E+08
  0.2194444444E-01  0.2121343365E+08
  0.2222222222E-01  0.2117059200E+08
  0.2250000000E-01  0.2112775034E+08
  0.2277777778E-01  0.2108490868E+08
  0.2305555556E-01  0.2104206692E+08
  0.2333333333E-01  0.2099922526E+08
  0.2361111111E-01  0.2095638362E+08
  0.2388888889E-01  0.2091354195E+08
  0.2416666667E-01  0.2087070030E+08
  0.2444444444E-01  0.2082785854E+08
  0.2472222222E-01  0.2078501699E+08
  0.2500000000E-01  0.2074217523E+08
  0.2527777778E-01  0.2069178158E+08
  0.2555555556E-01  0.2064138747E+08
  0.2583333333E-01  0.2059099382E+08
  0.2611111111E-01  0.2054059995E+08
  0.2638888889E-01  0.2049020630E+08
  0.2666666667E-01  0.2043981220E+08
  0.2694444444E-01  0.2038941855E+08
  0.2722222222E-01  0.2033902489E+08
  0.2750000000E-01  0.2028863069E+08
  0.2777777778E-01  0.2023823704E+08
  0.2805555556E-01  0.2018784327E+08
  0.2833333333E-01  0.2013744929E+08
  0.2861111111E-01  0.2008705563E+08
  0.2888888889E-01  0.2003666176E+08
  0.2916666667E-01  0.1998626778E+08
  0.2944444444E-01  0.1993587401E+08
  0.2972222222E-01  0.1988548036E+08
  0.3000000000E-01  0.1983508626E+08
  0.3027777778E-01  0.1977822516E+08
  0.3055555556E-01  0.1972136362E+08
  0.3083333333E-01  0.1966450228E+08
  0.3111111111E-01  0.1960764107E+08
  0.3138888889E-01  0.1955077952E+08
  0.3166666667E-01  0.1949391819E+08
  0.3194444444E-01  0.1943705698E+08
  0.3222222222E-01  0.1938019565E+08
  0.3250000000E-01  0.1932333410E+08
  0.3277777778E-01  0.1926647289E+08
  0.3305555556E-01  0.1920961156E+08
  0.3333333333E-01  0.1915275001E+08
  0.3361111111E-01  0.1909588901E+08
  0.3388888889E-01  0.1903902746E+08
  0.3416666667E-01  0.1898216592E+08
  0.3444444444E-01  0.1892530492E+08
  0.3472222222E-01  0.1886844338E+08
  0.3500000000E-01  0.1881158193E+08
  0.3527777778E-01  0.1874942556E+08
  0.3555555556E-01  0.1868726883E+08
  0.3583333333E-01  0.1862511212E+08
  0.3611111111E-01  0.1856295549E+08
  0.3638888889E-01  0.1850079911E+08
  0.3666666667E-01  0.1843864240E+08
  0.3694444444E-01  0.1837648557E+08
  0.3722222222E-01  0.1831432928E+08
  0.3750000000E-01  0.1825217256E+08
  0.3777777778E-01  0.1819001584E+08
  0.3805555556E-01  0.1812785957E+08
  0.3833333333E-01  0.1806570285E+08
  0.3861111111E-01  0.1800354602E+08
  0.3888888889E-01  0.1794138963E+08
  0.3916666667E-01  0.1787923302E+08
  0.3944444444E-01  0.1781707630E+08
  0.3972222222E-01  0.1775491958E+08
  0.4000000000E-01  0.1769276330E+08
  0.4027777778E-01  0.1762656462E+08
  0.4055555556E-01  0.1756036603E+08
  0.4083333333E-01  0.1749416747E+08
  0.4111111111E-01  0.1742796922E+08
  0.4138888889E-01  0.1736177075E+08
  0.4166666667E-01  0.1729557207E+08
  0.4194444444E-01  0.1722937349E+08
  0.4222222222E-01  0.1716317535E+08
  0.4250000000E-01  0.1709697667E+08
  0.4277777778E-01  0.1703077821E+08
  0.4305555556E-01  0.1696457963E+08
  0.4333333333E-01  0.1689838129E+08
  0.4361111111E-01  0.1683218282E+08
  0.4388888889E-01  0.1676598424E+08
  0.4416666667E-01  0.1669978556E+08
  0.4444444444E-01  0.1663358742E+08
  0.4472222222E-01  0.1656738884E+08
  0.4500000000E-01  0.1650119027E+08
  0.4527777778E-01  0.1643222744E+08
  0.4555555556E-01  0.1636326473E+08
  0.4583333333E-01  0.1629430191E+08
  0.4611111111E-01  0.1622533920E+08
  0.4638888889E-01  0.1615637649E+08
  0.4666666667E-01  0.1608741377E+08
  0.4694444444E-01  0.1601845106E+08
  0.4722222222E-01  0.1594948824E+08
  0.4750000000E-01  0.1588052542E+08
  0.4777777778E-01  0.1581156270E+08
  0.4805555556E-01  0.1574259999E+08
  0.4833333333E-01  0.1567363717E+08
  0.4861111111E-01  0.1560467413E+08
  0.4888888889E-01  0.1553571142E+08
  0.4916666667E-01  0.1546674870E+08
  0.4944444444E-01  0.1539778589E+08
  0.4972222222E-01  0.1532882306E+08
  0.5000000000E-01  0.1525986035E+08
  0.5027777778E-01  0.1518940056E+08
  0.5055555556E-01  0.1511894044E+08
  0.5083333333E-01  0.1504848033E+08
  0.5111111111E-01  0.1497802066E+08
  0.5138888889E-01  0.1490756054E+08
  0.5166666667E-01  0.1483710042E+08
  0.5194444444E-01  0.1476664064E+08
  0.5222222222E-01  0.1469618052E+08
  0.5250000000E-01  0.1462572040E+08
  0.5277777778E-01  0.1455526062E+08
  0.5305555556E-01  0.1448480060E+08
  0.5333333333E-01  0.1441434048E+08
  0.5361111111E-01  0.1434388037E+08
  0.5388888889E-01  0.1427342058E+08
  0.5416666667E-01  0.1420296047E+08
  0.5444444444E-01  0.1413250035E+08
  0.5472222222E-01  0.1406204057E+08
  0.5500000000E-01  0.1399158045E+08
  0.5527777778E-01  0.1392084216E+08
  0.5555555556E-01  0.1385010364E+08
  0.5583333333E-01  0.1377936511E+08
  0.5611111111E-01  0.1370862682E+08
  0.5638888889E-01  0.1363788830E+08
  0.5666666667E-01  0.1356715001E+08
  0.5694444444E-01  0.1349641149E+08
  0.5722222222E-01  0.1342567320E+08
  0.5750000000E-01  0.1335493468E+08
  0.5777777778E-01  0.1328419649E+08
  0.5805555556E-01  0.1321345787E+08
  0.5833333333E-01  0.1314271968E+08
  0.5861111111E-01  0.1307198117E+08
  0.5888888889E-01  0.1300124265E+08
  0.5916666667E-01  0.1293050436E+08
  0.5944444444E-01  0.1285976583E+08
  0.5972222222E-01  0.1278902764E+08
  0.6000000000E-01  0.1271828902E+08
  0.6027777778E-01  0.1264841668E+08
  0.6055555556E-01  0.1257854402E+08
  0.6083333333E-01  0.1250867172E+08
  0.6111111111E-01  0.1243879935E+08
  0.6138888889E-01  0.1236892689E+08
  0.6166666667E-01  0.1229905442E+08
  0.6194444444E-01  0.1222918206E+08
  0.6222222222E-01  0.1215930948E+08
  0.6250000000E-01  0.1208943709E+08
  0.6277777778E-01  0.1201956473E+08
  0.6305555556E-01  0.1194969216E+08
  0.6333333333E-01  0.1187981980E+08
  0.6361111111E-01  0.1180994732E+08
  0.6388888889E-01  0.1174007486E+08
  0.6416666667E-01  0.1167020250E+08
  0.6444444444E-01  0.1160033003E+08
  0.6472222222E-01  0.1153045757E+08
  0.6500000000E-01  0.1146058510E+08
  0.6527777778E-01  0.1139261259E+08
  0.6555555556E-01  0.1132463988E+08
  0.6583333333E-01  0.1125666726E+08
  0.6611111111E-01  0.1118869461E+08
  0.6638888889E-01  0.1112072190E+08
  0.6666666667E-01  0.1105274928E+08
  0.6694444444E-01  0.1098477667E+08
  0.6722222222E-01  0.1091680395E+08
  0.6750000000E-01  0.1084883134E+08
  0.6777777778E-01  0.1078085869E+08
  0.6805555556E-01  0.1071288609E+08
  0.6833333333E-01  0.1064491347E+08
  0.6861111111E-01  0.1057694083E+08
  0.6888888889E-01  0.1050896813E+08
  0.6916666667E-01  0.1044099553E+08
  0.6944444444E-01  0.1037302289E+08
  0.6972222222E-01  0.1030505028E+08
  0.7000000000E-01  0.1023707758E+08
  0.7027777778E-01  0.1017191122E+08
  0.7055555556E-01  0.1010674473E+08
  0.7083333333E-01  0.1004157837E+08
  0.7111111111E-01  0.9976411913E+07
  0.7138888889E-01  0.9911245510E+07
  0.7166666667E-01  0.9846079054E+07
  0.7194444444E-01  0.9780912695E+07
  0.7222222222E-01  0.9715746203E+07
  0.7250000000E-01  0.9650579847E+07
  0.7277777778E-01  0.9585413387E+07
  0.7305555556E-01  0.9520247028E+07
  0.7333333333E-01  0.9455080539E+07
  0.7361111111E-01  0.9389914179E+07
  0.7388888889E-01  0.9324747720E+07
  0.7416666667E-01  0.9259581320E+07
  0.7444444444E-01  0.9194414860E+07
  0.7472222222E-01  0.9129248501E+07
  0.7500000000E-01  0.9064082009E+07
  0.7527777778E-01  0.9002479096E+07
  0.7555555556E-01  0.8940876180E+07
  0.7583333333E-01  0.8879273274E+07
  0.7611111111E-01  0.8817670362E+07
  0.7638888889E-01  0.8756067445E+07
  0.7666666667E-01  0.8694464532E+07
  0.7694444444E-01  0.8632861583E+07
  0.7722222222E-01  0.8571258777E+07
  0.7750000000E-01  0.8509655865E+07
  0.7777777778E-01  0.8448052948E+07
  0.7805555556E-01  0.8386450032E+07
  0.7833333333E-01  0.8324847119E+07
  0.7861111111E-01  0.8263244203E+07
  0.7888888889E-01  0.8201641297E+07
  0.7916666667E-01  0.8140038350E+07
  0.7944444444E-01  0.8078435435E+07
  0.7972222222E-01  0.8016832520E+07
  0.8000000000E-01  0.7955229606E+07
  0.8027777778E-01  0.7897794015E+07
  0.8055555556E-01  0.7840358525E+07
  0.8083333333E-01  0.7782922924E+07
  0.8111111111E-01  0.7725487335E+07
  0.8138888889E-01  0.7668051833E+07
  0.8166666667E-01  0.7610616211E+07
  0.8194444444E-01  0.7553180610E+07
  0.8222222222E-01  0.7495745020E+07
  0.8250000000E-01  0.7438309530E+07
  0.8277777778E-01  0.7380873929E+07
  0.8305555556E-01  0.7323438339E+07
  0.8333333333E-01  0.7266002739E+07
  0.8361111111E-01  0.7208567249E+07
  0.8388888889E-01  0.7151131648E+07
  0.8416666667E-01  0.7093696058E+07
  0.8444444444E-01  0.7036260434E+07
  0.8472222222E-01  0.6978824935E+07
  0.8500000000E-01  0.6921389345E+07
  0.8527777778E-01  0.6868561890E+07
  0.8555555556E-01  0.6815734425E+07
  0.8583333333E-01  0.6762906939E+07
  0.8611111111E-01  0.6710079484E+07
  0.8638888889E-01  0.6657252030E+07
  0.8666666667E-01  0.6604424532E+07
  0.8694444444E-01  0.6551597078E+07
  0.8722222222E-01  0.6498769624E+07
  0.8750000000E-01  0.6445942171E+07
  0.8777777778E-01  0.6393114672E+07
  0.8805555556E-01  0.6340287218E+07
  0.8833333333E-01  0.6287459764E+07
  0.8861111111E-01  0.6234632277E+07
  0.8888888889E-01  0.6181804823E+07
  0.8916666667E-01  0.6128977357E+07
  0.8944444444E-01  0.6076149904E+07
  0.8972222222E-01  0.6023322417E+07
  0.9000000000E-01  0.5970494962E+07
  0.9027777778E-01  0.5922559438E+07
  0.9055555556E-01  0.5874623847E+07
  0.9083333333E-01  0.5826688322E+07
  0.9111111111E-01  0.5778752697E+07
  0.9138888889E-01  0.5730817206E+07
  0.9166666667E-01  0.5682881581E+07
  0.9194444444E-01  0.5634946056E+07
  0.9222222222E-01  0.5587010465E+07
  0.9250000000E-01  0.5539074952E+07
  0.9277777778E-01  0.5491139427E+07
  0.9305555556E-01  0.5443203836E+07
  0.9333333333E-01  0.5395268271E+07
  0.9361111111E-01  0.5347332706E+07
  0.9388888889E-01  0.5299397165E+07
  0.9416666667E-01  0.5251461590E+07
  0.9444444444E-01  0.5203526026E+07
  0.9472222222E-01  0.5155590484E+07
  0.9500000000E-01  0.5107654920E+07
  0.9527777778E-01  0.5064744329E+07
  0.9555555556E-01  0.5021833761E+07
  0.9583333333E-01  0.4978923192E+07
  0.9611111111E-01  0.4936012591E+07
  0.9638888889E-01  0.4893102022E+07
  0.9666666667E-01  0.4850191411E+07
  0.9694444444E-01  0.4807280842E+07
  0.9722222222E-01  0.4764370240E+07
  0.9750000000E-01  0.4721459672E+07
  0.9777777778E-01  0.4678549104E+07
  0.9805555556E-01  0.4635638502E+07
  0.9833333333E-01  0.4592727934E+07
  0.9861111111E-01  0.4549817331E+07
  0.9888888889E-01  0.4506906762E+07
  0.9916666667E-01  0.4463996161E+07
  0.9944444444E-01  0.4421085593E+07
  0.9972222222E-01  0.4378175024E+07
  0.1000000000E+00  0.4335264422E+07
  0.1002777778E+00  0.4297370930E+07
  0.1005555556E+00  0.4259477382E+07
  0.1008333333E+00  0.4221583879E+07
  0.1011111111E+00  0.4183690353E+07
  0.1013888889E+00  0.4145796849E+07
  0.1016666667E+00  0.4107903324E+07
  0.1019444444E+00  0.4070009809E+07
  0.1022222222E+00  0.4032116272E+07
  0.1025000000E+00  0.3994222779E+07
  0.1027777778E+00  0.3956329275E+07
  0.1030555556E+00  0.3918435750E+07
  0.1033333333E+00  0.3880542235E+07
  0.1036111111E+00  0.3842648710E+07
  0.1038888889E+00  0.3804755206E+07
  0.1041666667E+00  0.3766861669E+07
  0.1044444444E+00  0.3728968176E+07
  0.1047222222E+00  0.3691074629E+07
  0.1050000000E+00  0.3653181137E+07
  0.1052777778E+00  0.3620178129E+07
  0.1055555556E+00  0.3587175124E+07
  0.1058333333E+00  0.3554172127E+07
  0.1061111111E+00  0.3521169166E+07
  0.1063888889E+00  0.3488166148E+07
  0.1066666667E+00  0.3455163153E+07
  0.1069444444E+00  0.3422160147E+07
  0.1072222222E+00  0.3389157184E+07
  0.1075000000E+00  0.3356154178E+07
  0.1077777778E+00  0.3323151172E+07
  0.1080555556E+00  0.3290148175E+07
  0.1083333333E+00  0.3257145170E+07
  0.1086111111E+00  0.3224142207E+07
  0.1088888889E+00  0.3191139190E+07
  0.1091666667E+00  0.3158136195E+07
  0.1094444444E+00  0.3125133189E+07
  0.1097222222E+00  0.3092130193E+07
  0.1100000000E+00  0.3059127230E+07
  0.1102777778E+00  0.3030781371E+07
  0.1105555556E+00  0.3002435521E+07
  0.1108333333E+00  0.2974089671E+07
  0.1111111111E+00  0.2945743821E+07
  0.1113888889E+00  0.2917398006E+07
  0.1116666667E+00  0.2889052156E+07
  0.1119444444E+00  0.2860706306E+07
  0.1122222222E+00  0.2832360447E+07
  0.1125000000E+00  0.2804014597E+07
  0.1127777778E+00  0.2775668781E+07
  0.1130555556E+00  0.2747322942E+07
  0.1133333333E+00  0.2718977082E+07
  0.1136111111E+00  0.2690631232E+07
  0.1138888889E+00  0.2662285416E+07
  0.1141666667E+00  0.2633939566E+07
  0.1144444444E+00  0.2605593717E+07
  0.1147222222E+00  0.2577247868E+07
  0.1150000000E+00  0.2548902017E+07
  0.1152777778E+00  0.2524898369E+07
  0.1155555556E+00  0.2500894697E+07
  0.1158333333E+00  0.2476891015E+07
  0.1161111111E+00  0.2452887367E+07
  0.1163888889E+00  0.2428883695E+07
  0.1166666667E+00  0.2404880013E+07
  0.1169444444E+00  0.2380876364E+07
  0.1172222222E+00  0.2356872682E+07
  0.1175000000E+00  0.2332869010E+07
  0.1177777778E+00  0.2308865373E+07
  0.1180555556E+00  0.2284861691E+07
  0.1183333333E+00  0.2260858019E+07
  0.1186111111E+00  0.2236854370E+07
  0.1188888889E+00  0.2212850689E+07
  0.1191666667E+00  0.2188847016E+07
  0.1194444444E+00  0.2164843368E+07
  0.1197222222E+00  0.2140839686E+07
  0.1200000000E+00  0.2116836014E+07
  0.1202777778E+00  0.2096797443E+07
  0.1205555556E+00  0.2076758882E+07
  0.1208333333E+00  0.2056720320E+07
  0.1211111111E+00  0.2036681760E+07
  0.1213888889E+00  0.2016643165E+07
  0.1216666667E+00  0.1996604604E+07
  0.1219444444E+00  0.1976566033E+07
  0.1222222222E+00  0.1956527472E+07
  0.1225000000E+00  0.1936488877E+07
  0.1227777778E+00  0.1916450306E+07
  0.1230555556E+00  0.1896411755E+07
  0.1233333333E+00  0.1876373194E+07
  0.1236111111E+00  0.1856334599E+07
  0.1238888889E+00  0.1836296028E+07
  0.1241666667E+00  0.1816257467E+07
  0.1244444444E+00  0.1796218906E+07
  0.1247222222E+00  0.1776180334E+07
  0.1250000000E+00  0.1756141751E+07
  0.1252777778E+00  0.1739649911E+07
  0.1255555556E+00  0.1723158072E+07
  0.1258333333E+00  0.1706666232E+07
  0.1261111111E+00  0.1690174393E+07
  0.1263888889E+00  0.1673682553E+07
  0.1266666667E+00  0.1657190725E+07
  0.1269444444E+00  0.1640698885E+07
  0.1272222222E+00  0.1624207046E+07
  0.1275000000E+00  0.1607715206E+07
  0.1277777778E+00  0.1591223367E+07
  0.1280555556E+00  0.1574731527E+07
  0.1283333333E+00  0.1558239699E+07
  0.1286111111E+00  0.1541747859E+07
  0.1288888889E+00  0.1525256010E+07
  0.1291666667E+00  0.1508764171E+07
  0.1294444444E+00  0.1492272331E+07
  0.1297222222E+00  0.1475780491E+07
  0.1300000000E+00  0.1459288663E+07
  0.1302777778E+00  0.1445905045E+07
  0.1305555556E+00  0.1432521427E+07
  0.1308333333E+00  0.1419137810E+07
  0.1311111111E+00  0.1405754192E+07
  0.1313888889E+00  0.1392370607E+07
  0.1316666667E+00  0.1378986989E+07
  0.1319444444E+00  0.1365603372E+07
  0.1322222222E+00  0.1352219754E+07
  0.1325000000E+00  0.1338836136E+07
  0.1327777778E+00  0.1325452519E+07
  0.1330555556E+00  0.1312068901E+07
  0.1333333333E+00  0.1298685283E+07
  0.1336111111E+00  0.1285301666E+07
  0.1338888889E+00  0.1271918048E+07
  0.1341666667E+00  0.1258534429E+07
  0.1344444444E+00  0.1245150856E+07
  0.1347222222E+00  0.1231767228E+07
  0.1350000000E+00  0.1218383610E+07
  0.1352777778E+00  0.1207666059E+07
  0.1355555556E+00  0.1196948485E+07
  0.1358333333E+00  0.1186230935E+07
  0.1361111111E+00  0.1175513394E+07
  0.1363888889E+00  0.1164795844E+07
  0.1366666667E+00  0.1154078303E+07
  0.1369444444E+00  0.1143360753E+07
  0.1372222222E+00  0.1132643202E+07
  0.1375000000E+00  0.1121925629E+07
  0.1377777778E+00  0.1111208078E+07
  0.1380555556E+00  0.1100490538E+07
  0.1383333333E+00  0.1089772987E+07
  0.1386111111E+00  0.1079055447E+07
  0.1388888889E+00  0.1068337896E+07
  0.1391666667E+00  0.1057620345E+07
  0.1394444444E+00  0.1046902761E+07
  0.1397222222E+00  0.1036185210E+07
  0.1400000000E+00  0.1025467670E+07
  0.1402777778E+00  0.1016987059E+07
  0.1405555556E+00  0.1008506471E+07
  0.1408333333E+00  0.1000025859E+07
  0.1411111111E+00  0.9915452378E+06
  0.1413888889E+00  0.9830646607E+06
  0.1416666667E+00  0.9745840424E+06
  0.1419444444E+00  0.9661034309E+06
  0.1422222222E+00  0.9576228304E+06
  0.1425000000E+00  0.9491422155E+06
  0.1427777778E+00  0.9406616139E+06
  0.1430555556E+00  0.9321810023E+06
  0.1433333333E+00  0.9237003985E+06
  0.1436111111E+00  0.9152197969E+06
  0.1438888889E+00  0.9067391853E+06
  0.1441666667E+00  0.8982585849E+06
  0.1444444444E+00  0.8897779699E+06
  0.1447222222E+00  0.8812973683E+06
  0.1450000000E+00  0.8728167567E+06
  0.1452777778E+00  0.8661693920E+06
  0.1455555556E+00  0.8595220027E+06
  0.1458333333E+00  0.8528746268E+06
  0.1461111111E+00  0.8462272520E+06
  0.1463888889E+00  0.8395798761E+06
  0.1466666667E+00  0.8329324902E+06
  0.1469444444E+00  0.8262851154E+06
  0.1472222222E+00  0.8196377328E+06
  0.1475000000E+00  0.8129903591E+06
  0.1477777778E+00  0.8063429765E+06
  0.1480555556E+00  0.7996956006E+06
  0.1483333333E+00  0.7930482280E+06
  0.1486111111E+00  0.7864008444E+06
  0.1488888889E+00  0.7797534717E+06
  0.1491666667E+00  0.7731060858E+06
  0.1494444444E+00  0.7664587133E+06
  0.1497222222E+00  0.7598113296E+06
  0.1500000000E+00  0.7531639570E+06
  0.1502777778E+00  0.7479811526E+06
  0.1505555556E+00  0.7427983604E+06
  0.1508333333E+00  0.7376155560E+06
  0.1511111111E+00  0.7324327638E+06
  0.1513888889E+00  0.7272499627E+06
  0.1516666667E+00  0.7220671683E+06
  0.1519444444E+00  0.7168843761E+06
  0.1522222222E+00  0.7117015717E+06
  0.1525000000E+00  0.7065187795E+06
  0.1527777778E+00  0.7013359785E+06
  0.1530555556E+00  0.6961531829E+06
  0.1533333333E+00  0.6909703819E+06
  0.1536111111E+00  0.6857875874E+06
  0.1538888889E+00  0.6806047853E+06
  0.1541666667E+00  0.6754219943E+06
  0.1544444444E+00  0.6702391887E+06
  0.1547222222E+00  0.6650563977E+06
  0.1550000000E+00  0.6598735921E+06
  0.1552777778E+00  0.6558290232E+06
  0.1555555556E+00  0.6517844642E+06
  0.1558333333E+00  0.6477398920E+06
  0.1561111111E+00  0.6436953231E+06
  0.1563888889E+00  0.6396507508E+06
  0.1566666667E+00  0.6356061931E+06
  0.1569444444E+00  0.6315616241E+06
  0.1572222222E+00  0.6275170519E+06
  0.1575000000E+00  0.6234724830E+06
  0.1577777778E+00  0.6194279207E+06
  0.1580555556E+00  0.6153833518E+06
  0.1583333333E+00  0.6113387828E+06
  0.1586111111E+00  0.6072942106E+06
  0.1588888889E+00  0.6032496517E+06
  0.1591666667E+00  0.5992050794E+06
  0.1594444444E+00  0.5951605105E+06
  0.1597222222E+00  0.5911159415E+06
  0.1600000000E+00  0.5870713793E+06
  0.1602777778E+00  0.5838848680E+06
  0.1605555556E+00  0.5806983624E+06
  0.1608333333E+00  0.5775118611E+06
  0.1611111111E+00  0.5743253565E+06
  0.1613888889E+00  0.5711388442E+06
  0.1616666667E+00  0.5679523396E+06
  0.1619444444E+00  0.5647658349E+06
  0.1622222222E+00  0.5615793238E+06
  0.1625000000E+00  0.5583928180E+06
  0.1627777778E+00  0.5552063168E+06
  0.1630555556E+00  0.5520198122E+06
  0.1633333333E+00  0.5488332998E+06
  0.1636111111E+00  0.5456467952E+06
  0.1638888889E+00  0.5424602940E+06
  0.1641666667E+00  0.5392737794E+06
  0.1644444444E+00  0.5360872770E+06
  0.1647222222E+00  0.5329007725E+06
  0.1650000000E+00  0.5297142679E+06
  0.1652777778E+00  0.5271525577E+06
  0.1655555556E+00  0.5245908596E+06
  0.1658333333E+00  0.5220291594E+06
  0.1661111111E+00  0.5194674591E+06
  0.1663888889E+00  0.5169057589E+06
  0.1666666667E+00  0.5143440485E+06
  0.1669444444E+00  0.5117823483E+06
  0.1672222222E+00  0.5092206480E+06
  0.1675000000E+00  0.5066589478E+06
  0.1677777778E+00  0.5040972475E+06
  0.1680555556E+00  0.5015355362E+06
  0.1683333333E+00  0.4989738359E+06
  0.1686111111E+00  0.4964121357E+06
  0.1688888889E+00  0.4938504354E+06
  0.1691666667E+00  0.4912887351E+06
  0.1694444444E+00  0.4887270282E+06
  0.1697222222E+00  0.4861653280E+06
  0.1700000000E+00  0.4836036277E+06
  0.1702777778E+00  0.4814803155E+06
  0.1705555556E+00  0.4793570031E+06
  0.1708333333E+00  0.4772336909E+06
  0.1711111111E+00  0.4751103796E+06
  0.1713888889E+00  0.4729870774E+06
  0.1716666667E+00  0.4708637651E+06
  0.1719444444E+00  0.4687404528E+06
  0.1722222222E+00  0.4666171416E+06
  0.1725000000E+00  0.4644938294E+06
  0.1727777778E+00  0.4623705171E+06
  0.1730555556E+00  0.4602472078E+06
  0.1733333333E+00  0.4581238976E+06
  0.1736111111E+00  0.4560005864E+06
  0.1738888889E+00  0.4538772761E+06
  0.1741666667E+00  0.4517539648E+06
  0.1744444444E+00  0.4496306546E+06
  0.1747222222E+00  0.4475073434E+06
  0.1750000000E+00  0.4453840321E+06
  0.1752777778E+00  0.4435559634E+06
  0.1755555556E+00  0.4417278904E+06
  0.1758333333E+00  0.4398998174E+06
  0.1761111111E+00  0.4380717478E+06
  0.1763888889E+00  0.4362436748E+06
  0.1766666667E+00  0.4344156017E+06
  0.1769444444E+00  0.4325875288E+06
  0.1772222222E+00  0.4307594591E+06
  0.1775000000E+00  0.4289313861E+06
  0.1777777778E+00  0.4271033141E+06
  0.1780555556E+00  0.4252752444E+06
  0.1783333333E+00  0.4234471714E+06
  0.1786111111E+00  0.4216190984E+06
  0.1788888889E+00  0.4197910255E+06
  0.1791666667E+00  0.4179629559E+06
  0.1794444444E+00  0.4161348829E+06
  0.1797222222E+00  0.4143068099E+06
  0.1800000000E+00  0.4124787412E+06
  0.1802777778E+00  0.4108417611E+06
  0.1805555556E+00  0.4092047854E+06
  0.1808333333E+00  0.4075678108E+06
  0.1811111111E+00  0.4059308352E+06
  0.1813888889E+00  0.4042938596E+06
  0.1816666667E+00  0.4026568849E+06
  0.1819444444E+00  0.4010199092E+06
  0.1822222222E+00  0.3993829324E+06
  0.1825000000E+00  0.3977459578E+06
  0.1827777778E+00  0.3961089789E+06
  0.1830555556E+00  0.3944720032E+06
  0.1833333333E+00  0.3928350285E+06
  0.1836111111E+00  0.3911980529E+06
  0.1838888889E+00  0.3895610761E+06
  0.1841666667E+00  0.3879241015E+06
  0.1844444444E+00  0.3862871259E+06
  0.1847222222E+00  0.3846501502E+06
  0.1850000000E+00  0.3830131755E+06
  0.1852777778E+00  0.3814971299E+06
  0.1855555556E+00  0.3799810852E+06
  0.1858333333E+00  0.3784650386E+06
  0.1861111111E+00  0.3769489941E+06
  0.1863888889E+00  0.3754329517E+06
  0.1866666667E+00  0.3739169071E+06
  0.1869444444E+00  0.3724008614E+06
  0.1872222222E+00  0.3708848157E+06
  0.1875000000E+00  0.3693687711E+06
  0.1877777778E+00  0.3678527254E+06
  0.1880555556E+00  0.3663366842E+06
  0.1883333333E+00  0.3648206375E+06
  0.1886111111E+00  0.3633045929E+06
  0.1888888889E+00  0.3617885472E+06
  0.1891666667E+00  0.3602725026E+06
  0.1894444444E+00  0.3587564569E+06
  0.1897222222E+00  0.3572404157E+06
  0.1900000000E+00  0.3557243700E+06
  0.1902777778E+00  0.3542869502E+06
  0.1905555556E+00  0.3528495305E+06
  0.1908333333E+00  0.3514121141E+06
  0.1911111111E+00  0.3499746955E+06
  0.1913888889E+00  0.3485372757E+06
  0.1916666667E+00  0.3470998560E+06
  0.1919444444E+00  0.3456624405E+06
  0.1922222222E+00  0.3442250198E+06
  0.1925000000E+00  0.3427876000E+06
  0.1927777778E+00  0.3413501814E+06
  0.1930555556E+00  0.3399127649E+06
  0.1933333333E+00  0.3384753462E+06
  0.1936111111E+00  0.3370379264E+06
  0.1938888889E+00  0.3356005057E+06
  0.1941666667E+00  0.3341630904E+06
  0.1944444444E+00  0.3327256706E+06
  0.1947222222E+00  0.3312882519E+06
  0.1950000000E+00  0.3298508321E+06
  0.1952777778E+00  0.3284717526E+06
  0.1955555556E+00  0.3270926708E+06
  0.1958333333E+00  0.3257135890E+06
  0.1961111111E+00  0.3243345050E+06
  0.1963888889E+00  0.3229554232E+06
  0.1966666667E+00  0.3215763414E+06
  0.1969444444E+00  0.3201972586E+06
  0.1972222222E+00  0.3188181768E+06
  0.1975000000E+00  0.3174390971E+06
  0.1977777778E+00  0.3160600143E+06
  0.1980555556E+00  0.3146809325E+06
  0.1983333333E+00  0.3133018497E+06
  0.1986111111E+00  0.3119227679E+06
  0.1988888889E+00  0.3105436860E+06
  0.1991666667E+00  0.3091646021E+06
  0.1994444444E+00  0.3077855237E+06
  0.1997222222E+00  0.3064064418E+06
  0.2000000000E+00  0.3050273591E+06
  0.2002777778E+00  0.3037021860E+06
  0.2005555556E+00  0.3023770086E+06
  0.2008333333E+00  0.3010518356E+06
  0.2011111111E+00  0.2997266626E+06
  0.2013888889E+00  0.2984014895E+06
  0.2016666667E+00  0.2970763131E+06
  0.2019444444E+00  0.2957511400E+06
  0.2022222222E+00  0.2944259670E+06
  0.2025000000E+00  0.2931007940E+06
  0.2027777778E+00  0.2917756199E+06
  0.2030555556E+00  0.2904504435E+06
  0.2033333333E+00  0.2891252705E+06
  0.2036111111E+00  0.2878000975E+06
  0.2038888889E+00  0.2864749234E+06
  0.2041666667E+00  0.2851497470E+06
  0.2044444444E+00  0.2838245740E+06
  0.2047222222E+00  0.2824994010E+06
  0.2050000000E+00  0.2811742280E+06
  0.2052777778E+00  0.2799094777E+06
  0.2055555556E+00  0.2786447308E+06
  0.2058333333E+00  0.2773799839E+06
  0.2061111111E+00  0.2761152336E+06
  0.2063888889E+00  0.2748504867E+06
  0.2066666667E+00  0.2735857388E+06
  0.2069444444E+00  0.2723209886E+06
  0.2072222222E+00  0.2710562428E+06
  0.2075000000E+00  0.2697914958E+06
  0.2077777778E+00  0.2685267489E+06
  0.2080555556E+00  0.2672619987E+06
  0.2083333333E+00  0.2659972517E+06
  0.2086111111E+00  0.2647325049E+06
  0.2088888889E+00  0.2634677546E+06
  0.2091666667E+00  0.2622030088E+06
  0.2094444444E+00  0.2609382619E+06
  0.2097222222E+00  0.2596735116E+06
  0.2100000000E+00  0.2584087637E+06
  0.2102777778E+00  0.2572169526E+06
  0.2105555556E+00  0.2560251383E+06
  0.2108333333E+00  0.2548333251E+06
  0.2111111111E+00  0.2536415140E+06
  0.2113888889E+00  0.2524497030E+06
  0.2116666667E+00  0.2512578886E+06
  0.2119444444E+00  0.2500660766E+06
  0.2122222222E+00  0.2488742655E+06
  0.2125000000E+00  0.2476824534E+06
  0.2127777778E+00  0.2464906380E+06
  0.2130555556E+00  0.2452988269E+06
  0.2133333333E+00  0.2441070159E+06
  0.2136111111E+00  0.2429152038E+06
  0.2138888889E+00  0.2417233894E+06
  0.2141666667E+00  0.2405315773E+06
  0.2144444444E+00  0.2393397662E+06
  0.2147222222E+00  0.2381479542E+06
  0.2150000000E+00  0.2369561398E+06
  0.2152777778E+00  0.2358517830E+06
  0.2155555556E+00  0.2347474228E+06
  0.2158333333E+00  0.2336430626E+06
  0.2161111111E+00  0.2325387025E+06
  0.2163888889E+00  0.2314343468E+06
  0.2166666667E+00  0.2303299855E+06
  0.2169444444E+00  0.2292256264E+06
  0.2172222222E+00  0.2281212663E+06
  0.2175000000E+00  0.2270169084E+06
  0.2177777778E+00  0.2259125493E+06
  0.2180555556E+00  0.2248081892E+06
  0.2183333333E+00  0.2237038300E+06
  0.2186111111E+00  0.2225994722E+06
  0.2188888889E+00  0.2214951120E+06
  0.2191666667E+00  0.2203907529E+06
  0.2194444444E+00  0.2192863928E+06
  0.2197222222E+00  0.2181820349E+06
  0.2200000000E+00  0.2170776758E+06
  0.2202777778E+00  0.2160745922E+06
  0.2205555556E+00  0.2150715118E+06
  0.2208333333E+00  0.2140684316E+06
  0.2211111111E+00  0.2130653480E+06
  0.2213888889E+00  0.2120622677E+06
  0.2216666667E+00  0.2110591885E+06
  0.2219444444E+00  0.2100561038E+06
  0.2222222222E+00  0.2090530246E+06
  0.2225000000E+00  0.2080499399E+06
  0.2227777778E+00  0.2070468606E+06
  0.2230555556E+00  0.2060437793E+06
  0.2233333333E+00  0.2050406967E+06
  0.2236111111E+00  0.2040376165E+06
  0.2238888889E+00  0.2030345328E+06
  0.2241666667E+00  0.2020314525E+06
  0.2244444444E+00  0.2010283722E+06
  0.2247222222E+00  0.2000252886E+06
  0.2250000000E+00  0.1990222094E+06
  0.2252777778E+00  0.1981309913E+06
  0.2255555556E+00  0.1972397698E+06
  0.2258333333E+00  0.1963485517E+06
  0.2261111111E+00  0.1954573346E+06
  0.2263888889E+00  0.1945661165E+06
  0.2266666667E+00  0.1936748984E+06
  0.2269444444E+00  0.1927836813E+06
  0.2272222222E+00  0.1918924598E+06
  0.2275000000E+00  0.1910012417E+06
  0.2277777778E+00  0.1901100236E+06
  0.2280555556E+00  0.1892188065E+06
  0.2283333333E+00  0.1883275884E+06
  0.2286111111E+00  0.1874363670E+06
  0.2288888889E+00  0.1865451499E+06
  0.2291666667E+00  0.1856539329E+06
  0.2294444444E+00  0.1847627148E+06
  0.2297222222E+00  0.1838714977E+06
  0.2300000000E+00  0.1829802796E+06
  0.2302777778E+00  0.1822072922E+06
  0.2305555556E+00  0.1814343039E+06
  0.2308333333E+00  0.1806613199E+06
  0.2311111111E+00  0.1798883325E+06
  0.2313888889E+00  0.1791153485E+06
  0.2316666667E+00  0.1783423611E+06
  0.2319444444E+00  0.1775693727E+06
  0.2322222222E+00  0.1767963898E+06
  0.2325000000E+00  0.1760234025E+06
  0.2327777778E+00  0.1752504185E+06
  0.2330555556E+00  0.1744774301E+06
  0.2333333333E+00  0.1737044427E+06
  0.2336111111E+00  0.1729314587E+06
  0.2338888889E+00  0.1721584713E+06
  0.2341666667E+00  0.1713854873E+06
  0.2344444444E+00  0.1706124990E+06
  0.2347222222E+00  0.1698395116E+06
  0.2350000000E+00  0.1690665287E+06
  0.2352777778E+00  0.1684130048E+06
  0.2355555556E+00  0.1677594843E+06
  0.2358333333E+00  0.1671059638E+06
  0.2361111111E+00  0.1664524399E+06
  0.2363888889E+00  0.1657989194E+06
  0.2366666667E+00  0.1651453966E+06
  0.2369444444E+00  0.1644918760E+06
  0.2372222222E+00  0.1638383555E+06
  0.2375000000E+00  0.1631848316E+06
  0.2377777778E+00  0.1625313111E+06
  0.2380555556E+00  0.1618777872E+06
  0.2383333333E+00  0.1612242667E+06
  0.2386111111E+00  0.1605707473E+06
  0.2388888889E+00  0.1599172234E+06
  0.2391666667E+00  0.1592637028E+06
  0.2394444444E+00  0.1586101790E+06
  0.2397222222E+00  0.1579566585E+06
  0.2400000000E+00  0.1573031379E+06
  0.2402777778E+00  0.1567652987E+06
  0.2405555556E+00  0.1562274595E+06
  0.2408333333E+00  0.1556896236E+06
  0.2411111111E+00  0.1551517844E+06
  0.2413888889E+00  0.1546139452E+06
  0.2416666667E+00  0.1540761093E+06
  0.2419444444E+00  0.1535382701E+06
  0.2422222222E+00  0.1530004308E+06
  0.2425000000E+00  0.1524625950E+06
  0.2427777778E+00  0.1519247546E+06
  0.2430555556E+00  0.1513869198E+06
  0.2433333333E+00  0.1508490806E+06
  0.2436111111E+00  0.1503112413E+06
  0.2438888889E+00  0.1497734055E+06
  0.2441666667E+00  0.1492355663E+06
  0.2444444444E+00  0.1486977270E+06
  0.2447222222E+00  0.1481598911E+06
  0.2450000000E+00  0.1476220519E+06
  0.2452777778E+00  0.1471915693E+06
  0.2455555556E+00  0.1467610856E+06
  0.2458333333E+00  0.1463306007E+06
  0.2461111111E+00  0.1459001180E+06
  0.2463888889E+00  0.1454696353E+06
  0.2466666667E+00  0.1450391516E+06
  0.2469444444E+00  0.1446086701E+06
  0.2472222222E+00  0.1441781841E+06
  0.2475000000E+00  0.1437477004E+06
  0.2477777778E+00  0.1433172188E+06
  0.2480555556E+00  0.1428867361E+06
  0.2483333333E+00  0.1424562535E+06
  0.2486111111E+00  0.1420257665E+06
  0.2488888889E+00  0.1415952849E+06
  0.2491666667E+00  0.1411648022E+06
  0.2494444444E+00  0.1407343195E+06
  0.2497222222E+00  0.1403038370E+06
  0.2500000000E+00  0.1398733543E+06
  0.2502777778E+00  0.1395380738E+06
  0.2505555556E+00  0.1392027922E+06
  0.2508333333E+00  0.1388675118E+06
  0.2511111111E+00  0.1385322313E+06
  0.2513888889E+00  0.1381969497E+06
  0.2516666667E+00  0.1378616692E+06
  0.2519444444E+00  0.1375263887E+06
  0.2522222222E+00  0.1371911093E+06
  0.2525000000E+00  0.1368558310E+06
  0.2527777778E+00  0.1365205506E+06
  0.2530555556E+00  0.1361852701E+06
  0.2533333333E+00  0.1358499885E+06
  0.2536111111E+00  0.1355147080E+06
  0.2538888889E+00  0.1351794275E+06
  0.2541666667E+00  0.1348441471E+06
  0.2544444444E+00  0.1345088655E+06
  0.2547222222E+00  0.1341735883E+06
  0.2550000000E+00  0.1338383079E+06
  0.2552777778E+00  0.1335834590E+06
  0.2555555556E+00  0.1333286113E+06
  0.2558333333E+00  0.1330737636E+06
  0.2561111111E+00  0.1328189181E+06
  0.2563888889E+00  0.1325640704E+06
  0.2566666667E+00  0.1323092227E+06
  0.2569444444E+00  0.1320543739E+06
  0.2572222222E+00  0.1317995285E+06
  0.2575000000E+00  0.1315446808E+06
  0.2577777778E+00  0.1312898337E+06
  0.2580555556E+00  0.1310349859E+06
  0.2583333333E+00  0.1307801389E+06
  0.2586111111E+00  0.1305252922E+06
  0.2588888889E+00  0.1302704440E+06
  0.2591666667E+00  0.1300155973E+06
  0.2594444444E+00  0.1297607502E+06
  0.2597222222E+00  0.1295059024E+06
  0.2600000000E+00  0.1292510557E+06
  0.2602777778E+00  0.1290601643E+06
  0.2605555556E+00  0.1288692738E+06
  0.2608333333E+00  0.1286783827E+06
  0.2611111111E+00  0.1284874923E+06
  0.2613888889E+00  0.1282966009E+06
  0.2616666667E+00  0.1281057096E+06
  0.2619444444E+00  0.1279148182E+06
  0.2622222222E+00  0.1277239277E+06
  0.2625000000E+00  0.1275330366E+06
  0.2627777778E+00  0.1273421462E+06
  0.2630555556E+00  0.1271512551E+06
  0.2633333333E+00  0.1269603647E+06
  0.2636111111E+00  0.1267694732E+06
  0.2638888889E+00  0.1265785831E+06
  0.2641666667E+00  0.1263876917E+06
  0.2644444444E+00  0.1261968001E+06
  0.2647222222E+00  0.1260059090E+06
  0.2650000000E+00  0.1258150186E+06
  0.2652777778E+00  0.1256711621E+06
  0.2655555556E+00  0.1255273067E+06
  0.2658333333E+00  0.1253834502E+06
  0.2661111111E+00  0.1252395947E+06
  0.2663888889E+00  0.1250957393E+06
  0.2666666667E+00  0.1249518828E+06
  0.2669444444E+00  0.1248080273E+06
  0.2672222222E+00  0.1246641709E+06
  0.2675000000E+00  0.1245203154E+06
  0.2677777778E+00  0.1243764588E+06
  0.2680555556E+00  0.1242326028E+06
  0.2683333333E+00  0.1240887476E+06
  0.2686111111E+00  0.1239448910E+06
  0.2688888889E+00  0.1238010355E+06
  0.2691666667E+00  0.1236571799E+06
  0.2694444444E+00  0.1235133233E+06
  0.2697222222E+00  0.1233694678E+06
  0.2700000000E+00  0.1232256113E+06
  0.2702777778E+00  0.1231124258E+06
  0.2705555556E+00  0.1229992407E+06
  0.2708333333E+00  0.1228860546E+06
  0.2711111111E+00  0.1227728695E+06
  0.2713888889E+00  0.1226596841E+06
  0.2716666667E+00  0.1225464980E+06
  0.2719444444E+00  0.1224333128E+06
  0.2722222222E+00  0.1223201274E+06
  0.2725000000E+00  0.1222069413E+06
  0.2727777778E+00  0.1220937561E+06
  0.2730555556E+00  0.1219805711E+06
  0.2733333333E+00  0.1218673847E+06
  0.2736111111E+00  0.1217541995E+06
  0.2738888889E+00  0.1216410134E+06
  0.2741666667E+00  0.1215278279E+06
  0.2744444444E+00  0.1214146428E+06
  0.2747222222E+00  0.1213014568E+06
  0.2750000000E+00  0.1211882713E+06
  0.2752777778E+00  0.1210907551E+06
  0.2755555556E+00  0.1209932386E+06
  0.2758333333E+00  0.1208957221E+06
  0.2761111111E+00  0.1207982067E+06
  0.2763888889E+00  0.1207006901E+06
  0.2766666667E+00  0.1206031737E+06
  0.2769444444E+00  0.1205056571E+06
  0.2772222222E+00  0.1204081407E+06
  0.2775000000E+00  0.1203106241E+06
  0.2777777778E+00  0.1202131087E+06
  0.2780555556E+00  0.1201155921E+06
  0.2783333333E+00  0.1200180757E+06
  0.2786111111E+00  0.1199205591E+06
  0.2788888889E+00  0.1198230427E+06
  0.2791666667E+00  0.1197255261E+06
  0.2794444444E+00  0.1196280097E+06
  0.2797222222E+00  0.1195304941E+06
  0.2800000000E+00  0.1194329777E+06
  0.2802777778E+00  0.1193382414E+06
  0.2805555556E+00  0.1192435059E+06
  0.2808333333E+00  0.1191487697E+06
  0.2811111111E+00  0.1190540341E+06
  0.2813888889E+00  0.1189592989E+06
  0.2816666667E+00  0.1188645624E+06
  0.2819444444E+00  0.1187698271E+06
  0.2822222222E+00  0.1186750906E+06
  0.2825000000E+00  0.1185803555E+06
  0.2827777778E+00  0.1184856198E+06
  0.2830555556E+00  0.1183908837E+06
  0.2833333333E+00  0.1182961481E+06
  0.2836111111E+00  0.1182014119E+06
  0.2838888889E+00  0.1181066764E+06
  0.2841666667E+00  0.1180119411E+06
  0.2844444444E+00  0.1179172046E+06
  0.2847222222E+00  0.1178224691E+06
  0.2850000000E+00  0.1177277328E+06
  0.2852777778E+00  0.1176255090E+06
  0.2855555556E+00  0.1175232848E+06
  0.2858333333E+00  0.1174210620E+06
  0.2861111111E+00  0.1173188381E+06
  0.2863888889E+00  0.1172166144E+06
  0.2866666667E+00  0.1171143905E+06
  0.2869444444E+00  0.1170121664E+06
  0.2872222222E+00  0.1169099425E+06
  0.2875000000E+00  0.1168077187E+06
  0.2877777778E+00  0.1167054948E+06
  0.2880555556E+00  0.1166032710E+06
  0.2883333333E+00  0.1165010468E+06
  0.2886111111E+00  0.1163988231E+06
  0.2888888889E+00  0.1162965992E+06
  0.2891666667E+00  0.1161943754E+06
  0.2894444444E+00  0.1160921515E+06
  0.2897222222E+00  0.1159899273E+06
  0.2900000000E+00  0.1158877035E+06
  0.2902777778E+00  0.1157704777E+06
  0.2905555556E+00  0.1156532509E+06
  0.2908333333E+00  0.1155360241E+06
  0.2911111111E+00  0.1154187973E+06
  0.2913888889E+00  0.1153015715E+06
  0.2916666667E+00  0.1151843447E+06
  0.2919444444E+00  0.1150671179E+06
  0.2922222222E+00  0.1149498912E+06
  0.2925000000E+00  0.1148326654E+06
  0.2927777778E+00  0.1147154386E+06
  0.2930555556E+00  0.1145982118E+06
  0.2933333333E+00  0.1144809850E+06
  0.2936111111E+00  0.1143637582E+06
  0.2938888889E+00  0.1142465320E+06
  0.2941666667E+00  0.1141293053E+06
  0.2944444444E+00  0.1140120785E+06
  0.2947222222E+00  0.1138948517E+06
  0.2950000000E+00  0.1137776259E+06
  0.2952777778E+00  0.1136409316E+06
  0.2955555556E+00  0.1135042361E+06
  0.2958333333E+00  0.1133675415E+06
  0.2961111111E+00  0.1132308470E+06
  0.2963888889E+00  0.1130941525E+06
  0.2966666667E+00  0.1129574582E+06
  0.2969444444E+00  0.1128207637E+06
  0.2972222222E+00  0.1126840691E+06
  0.2975000000E+00  0.1125473746E+06
  0.2977777778E+00  0.1124106800E+06
  0.2980555556E+00  0.1122739859E+06
  0.2983333333E+00  0.1121372914E+06
  0.2986111111E+00  0.1120005968E+06
  0.2988888889E+00  0.1118639023E+06
  0.2991666667E+00  0.1117272077E+06
  0.2994444444E+00  0.1115905135E+06
  0.2997222222E+00  0.1114538189E+06
  0.3000000000E+00  0.1113171244E+06
  0.3002777778E+00  0.1111592043E+06
  0.3005555556E+00  0.1110012838E+06
  0.3008333333E+00  0.1108433638E+06
  0.3011111111E+00  0.1106854437E+06
  0.3013888889E+00  0.1105275242E+06
  0.3016666667E+00  0.1103696042E+06
  0.3019444444E+00  0.1102116841E+06
  0.3022222222E+00  0.1100537640E+06
  0.3025000000E+00  0.1098958435E+06
  0.3027777778E+00  0.1097379235E+06
  0.3030555556E+00  0.1095800034E+06
  0.3033333333E+00  0.1094220839E+06
  0.3036111111E+00  0.1092641639E+06
  0.3038888889E+00  0.1091062438E+06
  0.3041666667E+00  0.1089483237E+06
  0.3044444444E+00  0.1087904033E+06
  0.3047222222E+00  0.1086324832E+06
  0.3050000000E+00  0.1084745631E+06
  0.3052777778E+00  0.1082962338E+06
  0.3055555556E+00  0.1081179048E+06
  0.3058333333E+00  0.1079395753E+06
  0.3061111111E+00  0.1077612460E+06
  0.3063888889E+00  0.1075829170E+06
  0.3066666667E+00  0.1074045875E+06
  0.3069444444E+00  0.1072262575E+06
  0.3072222222E+00  0.1070479282E+06
  0.3075000000E+00  0.1068695992E+06
  0.3077777778E+00  0.1066912697E+06
  0.3080555556E+00  0.1065129407E+06
  0.3083333333E+00  0.1063346114E+06
  0.3086111111E+00  0.1061562821E+06
  0.3088888889E+00  0.1059779520E+06
  0.3091666667E+00  0.1057996226E+06
  0.3094444444E+00  0.1056212936E+06
  0.3097222222E+00  0.1054429643E+06
  0.3100000000E+00  0.1052646352E+06
  0.3102777778E+00  0.1050688988E+06
  0.3105555556E+00  0.1048731622E+06
  0.3108333333E+00  0.1046774270E+06
  0.3111111111E+00  0.1044816906E+06
  0.3113888889E+00  0.1042859541E+06
  0.3116666667E+00  0.1040902189E+06
  0.3119444444E+00  0.1038944823E+06
  0.3122222222E+00  0.1036987459E+06
  0.3125000000E+00  0.1035030107E+06
  0.3127777778E+00  0.1033072742E+06
  0.3130555556E+00  0.1031115378E+06
  0.3133333333E+00  0.1029158016E+06
  0.3136111111E+00  0.1027200660E+06
  0.3138888889E+00  0.1025243296E+06
  0.3141666667E+00  0.1023285934E+06
  0.3144444444E+00  0.1021328579E+06
  0.3147222222E+00  0.1019371215E+06
  0.3150000000E+00  0.1017413852E+06
  0.3152777778E+00  0.1015330257E+06
  0.3155555556E+00  0.1013246659E+06
  0.3158333333E+00  0.1011163067E+06
  0.3161111111E+00  0.1009079481E+06
  0.3163888889E+00  0.1006995885E+06
  0.3166666667E+00  0.1004912292E+06
  0.3169444444E+00  0.1002828695E+06
  0.3172222222E+00  0.1000745099E+06
  0.3175000000E+00  0.9986615066E+05
  0.3177777778E+00  0.9965779106E+05
  0.3180555556E+00  0.9944943147E+05
  0.3183333333E+00  0.9924107209E+05
  0.3186111111E+00  0.9903271250E+05
  0.3188888889E+00  0.9882435289E+05
  0.3191666667E+00  0.9861599363E+05
  0.3194444444E+00  0.9840763403E+05
  0.3197222222E+00  0.9819927433E+05
  0.3200000000E+00  0.9799091606E+05
  0.3202777778E+00  0.9777585641E+05
  0.3205555556E+00  0.9756079711E+05
  0.3208333333E+00  0.9734573779E+05
  0.3211111111E+00  0.9713067826E+05
  0.3213888889E+00  0.9691561894E+05
  0.3216666667E+00  0.9670055964E+05
  0.3219444444E+00  0.9648549999E+05
  0.3222222222E+00  0.9627044067E+05
  0.3225000000E+00  0.9605538103E+05
  0.3227777778E+00  0.9584032172E+05
  0.3230555556E+00  0.9562526240E+05
  0.3233333333E+00  0.9541020276E+05
  0.3236111111E+00  0.9519514345E+05
  0.3238888889E+00  0.9498008414E+05
  0.3241666667E+00  0.9476502449E+05
  0.3244444444E+00  0.9454996528E+05
  0.3247222222E+00  0.9433490598E+05
  0.3250000000E+00  0.9411984633E+05
  0.3252777778E+00  0.9390487922E+05
  0.3255555556E+00  0.9368991210E+05
  0.3258333333E+00  0.9347494409E+05
  0.3261111111E+00  0.9325997698E+05
  0.3263888889E+00  0.9304500897E+05
  0.3266666667E+00  0.9283004153E+05
  0.3269444444E+00  0.9261507441E+05
  0.3272222222E+00  0.9240010641E+05
  0.3275000000E+00  0.9218513929E+05
  0.3277777778E+00  0.9197017118E+05
  0.3280555556E+00  0.9175520417E+05
  0.3283333333E+00  0.9154023706E+05
  0.3286111111E+00  0.9132526861E+05
  0.3288888889E+00  0.9111030161E+05
  0.3291666667E+00  0.9089533349E+05
  0.3294444444E+00  0.9068036639E+05
  0.3297222222E+00  0.9046539937E+05
  0.3300000000E+00  0.9025043127E+05
  0.3302777778E+00  0.9004245014E+05
  0.3305555556E+00  0.8983447036E+05
  0.3308333333E+00  0.8962648925E+05
  0.3311111111E+00  0.8941850812E+05
  0.3313888889E+00  0.8921052734E+05
  0.3316666667E+00  0.8900254622E+05
  0.3319444444E+00  0.8879456644E+05
  0.3322222222E+00  0.8858658533E+05
  0.3325000000E+00  0.8837860420E+05
  0.3327777778E+00  0.8817062343E+05
  0.3330555556E+00  0.8796264231E+05
  0.3333333333E+00  0.8775466152E+05
  0.3336111111E+00  0.8754668141E+05
  0.3338888889E+00  0.8733870029E+05
  0.3341666667E+00  0.8713071950E+05
  0.3344444444E+00  0.8692273839E+05
  0.3347222222E+00  0.8671475761E+05
  0.3350000000E+00  0.8650677748E+05
  0.3352777778E+00  0.8631254569E+05
  0.3355555556E+00  0.8611831524E+05
  0.3358333333E+00  0.8592408456E+05
  0.3361111111E+00  0.8572985377E+05
  0.3363888889E+00  0.8553562331E+05
  0.3366666667E+00  0.8534139251E+05
  0.3369444444E+00  0.8514716172E+05
  0.3372222222E+00  0.8495293093E+05
  0.3375000000E+00  0.8475869947E+05
  0.3377777778E+00  0.8456446868E+05
  0.3380555556E+00  0.8437023789E+05
  0.3383333333E+00  0.8417600742E+05
  0.3386111111E+00  0.8398177663E+05
  0.3388888889E+00  0.8378754584E+05
  0.3391666667E+00  0.8359331538E+05
  0.3394444444E+00  0.8339908370E+05
  0.3397222222E+00  0.8320485291E+05
  0.3400000000E+00  0.8301062245E+05
  0.3402777778E+00  0.8283625740E+05
  0.3405555556E+00  0.8266189334E+05
  0.3408333333E+00  0.8248752841E+05
  0.3411111111E+00  0.8231316336E+05
  0.3413888889E+00  0.8213879942E+05
  0.3416666667E+00  0.8196443437E+05
  0.3419444444E+00  0.8179006944E+05
  0.3422222222E+00  0.8161570538E+05
  0.3425000000E+00  0.8144134067E+05
  0.3427777778E+00  0.8126697573E+05
  0.3430555556E+00  0.8109261067E+05
  0.3433333333E+00  0.8091824674E+05
  0.3436111111E+00  0.8074388169E+05
  0.3438888889E+00  0.8056951664E+05
  0.3441666667E+00  0.8039515270E+05
  0.3444444444E+00  0.8022078765E+05
  0.3447222222E+00  0.8004642304E+05
  0.3450000000E+00  0.7987205900E+05
  0.3452777778E+00  0.7972273141E+05
  0.3455555556E+00  0.7957340471E+05
  0.3458333333E+00  0.7942407812E+05
  0.3461111111E+00  0.7927475142E+05
  0.3463888889E+00  0.7912542483E+05
  0.3466666667E+00  0.7897609824E+05
  0.3469444444E+00  0.7882677154E+05
  0.3472222222E+00  0.7867744495E+05
  0.3475000000E+00  0.7852811725E+05
  0.3477777778E+00  0.7837879066E+05
  0.3480555556E+00  0.7822946396E+05
  0.3483333333E+00  0.7808013771E+05
  0.3486111111E+00  0.7793081101E+05
  0.3488888889E+00  0.7778148442E+05
  0.3491666667E+00  0.7763215783E+05
  0.3494444444E+00  0.7748283113E+05
  0.3497222222E+00  0.7733350354E+05
  0.3500000000E+00  0.7718417684E+05
  0.3502777778E+00  0.7706385404E+05
  0.3505555556E+00  0.7694353080E+05
  0.3508333333E+00  0.7682320801E+05
  0.3511111111E+00  0.7670288511E+05
  0.3513888889E+00  0.7658256199E+05
  0.3516666667E+00  0.7646223908E+05
  0.3519444444E+00  0.7634191630E+05
  0.3522222222E+00  0.7622159305E+05
  0.3525000000E+00  0.7610127026E+05
  0.3527777778E+00  0.7598094736E+05
  0.3530555556E+00  0.7586062423E+05
  0.3533333333E+00  0.7574030133E+05
  0.3536111111E+00  0.7561997854E+05
  0.3538888889E+00  0.7549965530E+05
  0.3541666667E+00  0.7537933250E+05
  0.3544444444E+00  0.7525900960E+05
  0.3547222222E+00  0.7513868648E+05
  0.3550000000E+00  0.7501836358E+05
  0.3552777778E+00  0.7492964250E+05
  0.3555555556E+00  0.7484092143E+05
  0.3558333333E+00  0.7475219901E+05
  0.3561111111E+00  0.7466347794E+05
  0.3563888889E+00  0.7457475686E+05
  0.3566666667E+00  0.7448603478E+05
  0.3569444444E+00  0.7439731337E+05
  0.3572222222E+00  0.7430859230E+05
  0.3575000000E+00  0.7421987021E+05
  0.3577777778E+00  0.7413114913E+05
  0.3580555556E+00  0.7404242762E+05
  0.3583333333E+00  0.7395370553E+05
  0.3586111111E+00  0.7386498446E+05
  0.3588888889E+00  0.7377626238E+05
  0.3591666667E+00  0.7368754131E+05
  0.3594444444E+00  0.7359881989E+05
  0.3597222222E+00  0.7351009782E+05
  0.3600000000E+00  0.7342137674E+05
  0.3602777778E+00  0.7336538744E+05
  0.3605555556E+00  0.7330939679E+05
  0.3608333333E+00  0.7325340649E+05
  0.3611111111E+00  0.7319741707E+05
  0.3613888889E+00  0.7314142676E+05
  0.3616666667E+00  0.7308543646E+05
  0.3619444444E+00  0.7302944681E+05
  0.3622222222E+00  0.7297345651E+05
  0.3625000000E+00  0.7291746720E+05
  0.3627777778E+00  0.7286147678E+05
  0.3630555556E+00  0.7280548647E+05
  0.3633333333E+00  0.7274949717E+05
  0.3636111111E+00  0.7269350653E+05
  0.3638888889E+00  0.7263751722E+05
  0.3641666667E+00  0.7258152681E+05
  0.3644444444E+00  0.7252553649E+05
  0.3647222222E+00  0.7246954719E+05
  0.3650000000E+00  0.7241355654E+05
  0.3652777778E+00  0.7238997809E+05
  0.3655555556E+00  0.7236640030E+05
  0.3658333333E+00  0.7234282152E+05
  0.3661111111E+00  0.7231924272E+05
  0.3663888889E+00  0.7229566416E+05
  0.3666666667E+00  0.7227208537E+05
  0.3669444444E+00  0.7224850658E+05
  0.3672222222E+00  0.7222492879E+05
  0.3675000000E+00  0.7220135034E+05
  0.3677777778E+00  0.7217777154E+05
  0.3680555556E+00  0.7215419275E+05
  0.3683333333E+00  0.7213061397E+05
  0.3686111111E+00  0.7210703550E+05
  0.3688888889E+00  0.7208345772E+05
  0.3691666667E+00  0.7205987882E+05
  0.3694444444E+00  0.7203630002E+05
  0.3697222222E+00  0.7201272157E+05
  0.3700000000E+00  0.7198914278E+05
  0.3702777778E+00  0.7199622973E+05
  0.3705555556E+00  0.7200331592E+05
  0.3708333333E+00  0.7201040186E+05
  0.3711111111E+00  0.7201748805E+05
  0.3713888889E+00  0.7202457500E+05
  0.3716666667E+00  0.7203166118E+05
  0.3719444444E+00  0.7203874746E+05
  0.3722222222E+00  0.7204583431E+05
  0.3725000000E+00  0.7205292060E+05
  0.3727777778E+00  0.7206000644E+05
  0.3730555556E+00  0.7206709272E+05
  0.3733333333E+00  0.7207417957E+05
  0.3736111111E+00  0.7208126587E+05
  0.3738888889E+00  0.7208835170E+05
  0.3741666667E+00  0.7209543900E+05
  0.3744444444E+00  0.7210252484E+05
  0.3747222222E+00  0.7210961102E+05
  0.3750000000E+00  0.7211669730E+05
  0.3752777778E+00  0.7215148143E+05
  0.3755555556E+00  0.7218626543E+05
  0.3758333333E+00  0.7222104956E+05
  0.3761111111E+00  0.7225583269E+05
  0.3763888889E+00  0.7229061681E+05
  0.3766666667E+00  0.7232540116E+05
  0.3769444444E+00  0.7236018527E+05
  0.3772222222E+00  0.7239496840E+05
  0.3775000000E+00  0.7242975253E+05
  0.3777777778E+00  0.7246453665E+05
  0.3780555556E+00  0.7249932100E+05
  0.3783333333E+00  0.7253410411E+05
  0.3786111111E+00  0.7256888824E+05
  0.3788888889E+00  0.7260367237E+05
  0.3791666667E+00  0.7263845537E+05
  0.3794444444E+00  0.7267323950E+05
  0.3797222222E+00  0.7270802396E+05
  0.3800000000E+00  0.7274280808E+05
  0.3802777778E+00  0.7280117835E+05
  0.3805555556E+00  0.7285954972E+05
  0.3808333333E+00  0.7291792098E+05
  0.3811111111E+00  0.7297629102E+05
  0.3813888889E+00  0.7303466229E+05
  0.3816666667E+00  0.7309303366E+05
  0.3819444444E+00  0.7315140393E+05
  0.3822222222E+00  0.7320977530E+05
  0.3825000000E+00  0.7326814656E+05
  0.3827777778E+00  0.7332651694E+05
  0.3830555556E+00  0.7338488819E+05
  0.3833333333E+00  0.7344325956E+05
  0.3836111111E+00  0.7350162983E+05
  0.3838888889E+00  0.7356000120E+05
  0.3841666667E+00  0.7361837146E+05
  0.3844444444E+00  0.7367674284E+05
  0.3847222222E+00  0.7373511410E+05
  0.3850000000E+00  0.7379348414E+05
  0.3852777778E+00  0.7387059259E+05
  0.3855555556E+00  0.7394770013E+05
  0.3858333333E+00  0.7402480725E+05
  0.3861111111E+00  0.7410191568E+05
  0.3863888889E+00  0.7417902324E+05
  0.3866666667E+00  0.7425613068E+05
  0.3869444444E+00  0.7433323890E+05
  0.3872222222E+00  0.7441034634E+05
  0.3875000000E+00  0.7448745378E+05
  0.3877777778E+00  0.7456456200E+05
  0.3880555556E+00  0.7464166944E+05
  0.3883333333E+00  0.7471877700E+05
  0.3886111111E+00  0.7479588510E+05
  0.3888888889E+00  0.7487299254E+05
  0.3891666667E+00  0.7495010009E+05
  0.3894444444E+00  0.7502720820E+05
  0.3897222222E+00  0.7510431564E+05
  0.3900000000E+00  0.7518142320E+05
  0.3902777778E+00  0.7527171328E+05
  0.3905555556E+00  0.7536200315E+05
  0.3908333333E+00  0.7545229324E+05
  0.3911111111E+00  0.7554258342E+05
  0.3913888889E+00  0.7563287351E+05
  0.3916666667E+00  0.7572316371E+05
  0.3919444444E+00  0.7581345380E+05
  0.3922222222E+00  0.7590374366E+05
  0.3925000000E+00  0.7599403375E+05
  0.3927777778E+00  0.7608432394E+05
  0.3930555556E+00  0.7617461402E+05
  0.3933333333E+00  0.7626490422E+05
  0.3936111111E+00  0.7635519431E+05
  0.3938888889E+00  0.7644548451E+05
  0.3941666667E+00  0.7653577426E+05
  0.3944444444E+00  0.7662606446E+05
  0.3947222222E+00  0.7671635454E+05
  0.3950000000E+00  0.7680664473E+05
  0.3952777778E+00  0.7690435515E+05
  0.3955555556E+00  0.7700206567E+05
  0.3958333333E+00  0.7709977607E+05
  0.3961111111E+00  0.7719748658E+05
  0.3963888889E+00  0.7729519600E+05
  0.3966666667E+00  0.7739290685E+05
  0.3969444444E+00  0.7749061736E+05
  0.3972222222E+00  0.7758832778E+05
  0.3975000000E+00  0.7768603829E+05
  0.3977777778E+00  0.7778374770E+05
  0.3980555556E+00  0.7788145823E+05
  0.3983333333E+00  0.7797916863E+05
  0.3986111111E+00  0.7807687914E+05
  0.3988888889E+00  0.7817458956E+05
  0.3991666667E+00  0.7827229907E+05
  0.3994444444E+00  0.7837000959E+05
  0.3997222222E+00  0.7846772034E+05
  0.4000000000E+00  0.7856543086E+05
  0.4002777778E+00  0.7866472114E+05
  0.4005555556E+00  0.7876401155E+05
  0.4008333333E+00  0.7886330228E+05
  0.4011111111E+00  0.7896259269E+05
  0.4013888889E+00  0.7906188342E+05
  0.4016666667E+00  0.7916117383E+05
  0.4019444444E+00  0.7926046445E+05
  0.4022222222E+00  0.7935975486E+05
  0.4025000000E+00  0.7945904525E+05
  0.4027777778E+00  0.7955833599E+05
  0.4030555556E+00  0.7965762639E+05
  0.4033333333E+00  0.7975691701E+05
  0.4036111111E+00  0.7985620742E+05
  0.4038888889E+00  0.7995549815E+05
  0.4041666667E+00  0.8005478856E+05
  0.4044444444E+00  0.8015407896E+05
  0.4047222222E+00  0.8025336959E+05
  0.4050000000E+00  0.8035265998E+05
  0.4052777778E+00  0.8044795607E+05
  0.4055555556E+00  0.8054325205E+05
  0.4058333333E+00  0.8063854803E+05
  0.4061111111E+00  0.8073384413E+05
  0.4063888889E+00  0.8082914044E+05
  0.4066666667E+00  0.8092443753E+05
  0.4069444444E+00  0.8101973351E+05
  0.4072222222E+00  0.8111502949E+05
  0.4075000000E+00  0.8121032558E+05
  0.4077777778E+00  0.8130562156E+05
  0.4080555556E+00  0.8140091765E+05
  0.4083333333E+00  0.8149621363E+05
  0.4086111111E+00  0.8159151071E+05
  0.4088888889E+00  0.8168680670E+05
  0.4091666667E+00  0.8178210267E+05
  0.4094444444E+00  0.8187739877E+05
  0.4097222222E+00  0.8197269474E+05
  0.4100000000E+00  0.8206799083E+05
  0.4102777778E+00  0.8215421531E+05
  0.4105555556E+00  0.8224043912E+05
  0.4108333333E+00  0.8232666260E+05
  0.4111111111E+00  0.8241288607E+05
  0.4113888889E+00  0.8249911000E+05
  0.4116666667E+00  0.8258533348E+05
  0.4119444444E+00  0.8267155695E+05
  0.4122222222E+00  0.8275778076E+05
  0.4125000000E+00  0.8284400434E+05
  0.4127777778E+00  0.8293022782E+05
  0.4130555556E+00  0.8301645163E+05
  0.4133333333E+00  0.8310267511E+05
  0.4136111111E+00  0.8318889869E+05
  0.4138888889E+00  0.8327512251E+05
  0.4141666667E+00  0.8336134597E+05
  0.4144444444E+00  0.8344756946E+05
  0.4147222222E+00  0.8353379304E+05
  0.4150000000E+00  0.8362001685E+05
  0.4152777778E+00  0.8369276897E+05
  0.4155555556E+00  0.8376552010E+05
  0.4158333333E+00  0.8383827155E+05
  0.4161111111E+00  0.8391102267E+05
  0.4163888889E+00  0.8398377378E+05
  0.4166666667E+00  0.8405652490E+05
  0.4169444444E+00  0.8412927647E+05
  0.4172222222E+00  0.8420202759E+05
  0.4175000000E+00  0.8427477971E+05
  0.4177777778E+00  0.8434753083E+05
  0.4180555556E+00  0.8442028229E+05
  0.4183333333E+00  0.8449303341E+05
  0.4186111111E+00  0.8456578453E+05
  0.4188888889E+00  0.8463853565E+05
  0.4191666667E+00  0.8471128722E+05
  0.4194444444E+00  0.8478403834E+05
  0.4197222222E+00  0.8485679046E+05
  0.4200000000E+00  0.8492954158E+05
  0.4202777778E+00  0.8498531411E+05
  0.4205555556E+00  0.8504108699E+05
  0.4208333333E+00  0.8509685942E+05
  0.4211111111E+00  0.8515263196E+05
  0.4213888889E+00  0.8520840449E+05
  0.4216666667E+00  0.8526417703E+05
  0.4219444444E+00  0.8531994957E+05
  0.4222222222E+00  0.8537572211E+05
  0.4225000000E+00  0.8543149453E+05
  0.4227777778E+00  0.8548726707E+05
  0.4230555556E+00  0.8554303961E+05
  0.4233333333E+00  0.8559881213E+05
  0.4236111111E+00  0.8565458468E+05
  0.4238888889E+00  0.8571035722E+05
  0.4241666667E+00  0.8576612976E+05
  0.4244444444E+00  0.8582190218E+05
  0.4247222222E+00  0.8587767472E+05
  0.4250000000E+00  0.8593344725E+05
  0.4252777778E+00  0.8596972039E+05
  0.4255555556E+00  0.8600599430E+05
  0.4258333333E+00  0.8604226843E+05
  0.4261111111E+00  0.8607854168E+05
  0.4263888889E+00  0.8611481547E+05
  0.4266666667E+00  0.8615108861E+05
  0.4269444444E+00  0.8618736253E+05
  0.4272222222E+00  0.8622363566E+05
  0.4275000000E+00  0.8625990946E+05
  0.4277777778E+00  0.8629618370E+05
  0.4280555556E+00  0.8633245650E+05
  0.4283333333E+00  0.8636873063E+05
  0.4286111111E+00  0.8640500354E+05
  0.4288888889E+00  0.8644127768E+05
  0.4291666667E+00  0.8647755058E+05
  0.4294444444E+00  0.8651382472E+05
  0.4297222222E+00  0.8655009852E+05
  0.4300000000E+00  0.8658637177E+05
  0.4302777778E+00  0.8660168801E+05
  0.4305555556E+00  0.8661700325E+05
  0.4308333333E+00  0.8663231982E+05
  0.4311111111E+00  0.8664763617E+05
  0.4313888889E+00  0.8666295141E+05
  0.4316666667E+00  0.8667826765E+05
  0.4319444444E+00  0.8669358335E+05
  0.4322222222E+00  0.8670889958E+05
  0.4325000000E+00  0.8672421583E+05
  0.4327777778E+00  0.8673953106E+05
  0.4330555556E+00  0.8675484775E+05
  0.4333333333E+00  0.8677016399E+05
  0.4336111111E+00  0.8678547923E+05
  0.4338888889E+00  0.8680079559E+05
  0.4341666667E+00  0.8681611116E+05
  0.4344444444E+00  0.8683142740E+05
  0.4347222222E+00  0.8684674364E+05
  0.4350000000E+00  0.8686205899E+05
  0.4352777778E+00  0.8685603204E+05
  0.4355555556E+00  0.8685000520E+05
  0.4358333333E+00  0.8684397826E+05
  0.4361111111E+00  0.8683795141E+05
  0.4363888889E+00  0.8683192346E+05
  0.4366666667E+00  0.8682589629E+05
  0.4369444444E+00  0.8681986945E+05
  0.4372222222E+00  0.8681384250E+05
  0.4375000000E+00  0.8680781567E+05
  0.4377777778E+00  0.8680178871E+05
  0.4380555556E+00  0.8679576087E+05
  0.4383333333E+00  0.8678973359E+05
  0.4386111111E+00  0.8678370675E+05
  0.4388888889E+00  0.8677767991E+05
  0.4391666667E+00  0.8677165296E+05
  0.4394444444E+00  0.8676562613E+05
  0.4397222222E+00  0.8675959783E+05
  0.4400000000E+00  0.8675357100E+05
  0.4402777778E+00  0.8672687397E+05
  0.4405555556E+00  0.8670017662E+05
  0.4408333333E+00  0.8667347926E+05
  0.4411111111E+00  0.8664678224E+05
  0.4413888889E+00  0.8662008388E+05
  0.4416666667E+00  0.8659338653E+05
  0.4419444444E+00  0.8656668951E+05
  0.4422222222E+00  0.8653999215E+05
  0.4425000000E+00  0.8651329480E+05
  0.4427777778E+00  0.8648659778E+05
  0.4430555556E+00  0.8645989942E+05
  0.4433333333E+00  0.8643320206E+05
  0.4436111111E+00  0.8640650505E+05
  0.4438888889E+00  0.8637980769E+05
  0.4441666667E+00  0.8635311033E+05
  0.4444444444E+00  0.8632641331E+05
  0.4447222222E+00  0.8629971496E+05
  0.4450000000E+00  0.8627301794E+05
  0.4452777778E+00  0.8622722628E+05
  0.4455555556E+00  0.8618143374E+05
  0.4458333333E+00  0.8613564242E+05
  0.4461111111E+00  0.8608984978E+05
  0.4463888889E+00  0.8604405813E+05
  0.4466666667E+00  0.8599826548E+05
  0.4469444444E+00  0.8595247427E+05
  0.4472222222E+00  0.8590668162E+05
  0.4475000000E+00  0.8586088998E+05
  0.4477777778E+00  0.8581509766E+05
  0.4480555556E+00  0.8576930601E+05
  0.4483333333E+00  0.8572351336E+05
  0.4486111111E+00  0.8567772215E+05
  0.4488888889E+00  0.8563192951E+05
  0.4491666667E+00  0.8558613786E+05
  0.4494444444E+00  0.8554034554E+05
  0.4497222222E+00  0.8549455388E+05
  0.4500000000E+00  0.8544876134E+05
  0.4502777778E+00  0.8538628955E+05
  0.4505555556E+00  0.8532381674E+05
  0.4508333333E+00  0.8526134495E+05
  0.4511111111E+00  0.8519887181E+05
  0.4513888889E+00  0.8513640001E+05
  0.4516666667E+00  0.8507392721E+05
  0.4519444444E+00  0.8501145541E+05
  0.4522222222E+00  0.8494898227E+05
  0.4525000000E+00  0.8488650947E+05
  0.4527777778E+00  0.8482403778E+05
  0.4530555556E+00  0.8476156498E+05
  0.4533333333E+00  0.8469909285E+05
  0.4536111111E+00  0.8463662004E+05
  0.4538888889E+00  0.8457414825E+05
  0.4541666667E+00  0.8451167511E+05
  0.4544444444E+00  0.8444920330E+05
  0.4547222222E+00  0.8438673050E+05
  0.4550000000E+00  0.8432425870E+05
  0.4552777778E+00  0.8424818783E+05
  0.4555555556E+00  0.8417211818E+05
  0.4558333333E+00  0.8409604753E+05
  0.4561111111E+00  0.8401997788E+05
  0.4563888889E+00  0.8394390690E+05
  0.4566666667E+00  0.8386783736E+05
  0.4569444444E+00  0.8379176671E+05
  0.4572222222E+00  0.8371569707E+05
  0.4575000000E+00  0.8363962608E+05
  0.4577777778E+00  0.8356355654E+05
  0.4580555556E+00  0.8348748589E+05
  0.4583333333E+00  0.8341141624E+05
  0.4586111111E+00  0.8333534525E+05
  0.4588888889E+00  0.8325927560E+05
  0.4591666667E+00  0.8318320507E+05
  0.4594444444E+00  0.8310713542E+05
  0.4597222222E+00  0.8303106444E+05
  0.4600000000E+00  0.8295499479E+05
  0.4602777778E+00  0.8286886145E+05
  0.4605555556E+00  0.8278272779E+05
  0.4608333333E+00  0.8269659447E+05
  0.4611111111E+00  0.8261046180E+05
  0.4613888889E+00  0.8252432813E+05
  0.4616666667E+00  0.8243819480E+05
  0.4619444444E+00  0.8235206114E+05
  0.4622222222E+00  0.8226592781E+05
  0.4625000000E+00  0.8217979415E+05
  0.4627777778E+00  0.8209366181E+05
  0.4630555556E+00  0.8200752815E+05
  0.4633333333E+00  0.8192139483E+05
  0.4636111111E+00  0.8183526116E+05
  0.4638888889E+00  0.8174912782E+05
  0.4641666667E+00  0.8166299416E+05
  0.4644444444E+00  0.8157686082E+05
  0.4647222222E+00  0.8149072817E+05
  0.4650000000E+00  0.8140459495E+05
  0.4652777778E+00  0.8131219546E+05
  0.4655555556E+00  0.8121979598E+05
  0.4658333333E+00  0.8112739661E+05
  0.4661111111E+00  0.8103499712E+05
  0.4663888889E+00  0.8094259875E+05
  0.4666666667E+00  0.8085019927E+05
  0.4669444444E+00  0.8075779990E+05
  0.4672222222E+00  0.8066540041E+05
  0.4675000000E+00  0.8057300104E+05
  0.4677777778E+00  0.8048060155E+05
  0.4680555556E+00  0.8038820318E+05
  0.4683333333E+00  0.8029580370E+05
  0.4686111111E+00  0.8020340433E+05
  0.4688888889E+00  0.8011100484E+05
  0.4691666667E+00  0.8001860547E+05
  0.4694444444E+00  0.7992620599E+05
  0.4697222222E+00  0.7983380661E+05
  0.4700000000E+00  0.7974140773E+05
  0.4702777778E+00  0.7964660424E+05
  0.4705555556E+00  0.7955180075E+05
  0.4708333333E+00  0.7945699693E+05
  0.4711111111E+00  0.7936219344E+05
  0.4713888889E+00  0.7926738984E+05
  0.4716666667E+00  0.7917258647E+05
  0.4719444444E+00  0.7907778264E+05
  0.4722222222E+00  0.7898297915E+05
  0.4725000000E+00  0.7888817566E+05
  0.4727777778E+00  0.7879337217E+05
  0.4730555556E+00  0.7869856824E+05
  0.4733333333E+00  0.7860376475E+05
  0.4736111111E+00  0.7850896126E+05
  0.4738888889E+00  0.7841415776E+05
  0.4741666667E+00  0.7831935395E+05
  0.4744444444E+00  0.7822455045E+05
  0.4747222222E+00  0.7812974687E+05
  0.4750000000E+00  0.7803494337E+05
  0.4752777778E+00  0.7794146631E+05
  0.4755555556E+00  0.7784798903E+05
  0.4758333333E+00  0.7775451187E+05
  0.4761111111E+00  0.7766103514E+05
  0.4763888889E+00  0.7756755787E+05
  0.4766666667E+00  0.7747408081E+05
  0.4769444444E+00  0.7738060353E+05
  0.4772222222E+00  0.7728712680E+05
  0.4775000000E+00  0.7719364964E+05
  0.4777777778E+00  0.7710017237E+05
  0.4780555556E+00  0.7700669531E+05
  0.4783333333E+00  0.7691321814E+05
  0.4786111111E+00  0.7681974131E+05
  0.4788888889E+00  0.7672626413E+05
  0.4791666667E+00  0.7663278708E+05
  0.4794444444E+00  0.7653930981E+05
  0.4797222222E+00  0.7644583297E+05
  0.4800000000E+00  0.7635235591E+05
  0.4802777778E+00  0.7626360707E+05
  0.4805555556E+00  0.7617485798E+05
  0.4808333333E+00  0.7608610923E+05
  0.4811111111E+00  0.7599736039E+05
  0.4813888889E+00  0.7590861164E+05
  0.4816666667E+00  0.7581986247E+05
  0.4819444444E+00  0.7573111372E+05
  0.4822222222E+00  0.7564236487E+05
  0.4825000000E+00  0.7555361612E+05
  0.4827777778E+00  0.7546486728E+05
  0.4830555556E+00  0.7537611819E+05
  0.4833333333E+00  0.7528736934E+05
  0.4836111111E+00  0.7519862060E+05
  0.4838888889E+00  0.7510987176E+05
  0.4841666667E+00  0.7502112268E+05
  0.4844444444E+00  0.7493237383E+05
  0.4847222222E+00  0.7484362508E+05
  0.4850000000E+00  0.7475487634E+05
  0.4852777778E+00  0.7467381301E+05
  0.4855555556E+00  0.7459275014E+05
  0.4858333333E+00  0.7451168681E+05
  0.4861111111E+00  0.7443062393E+05
  0.4863888889E+00  0.7434956071E+05
  0.4866666667E+00  0.7426849739E+05
  0.4869444444E+00  0.7418743451E+05
  0.4872222222E+00  0.7410637119E+05
  0.4875000000E+00  0.7402530830E+05
  0.4877777778E+00  0.7394424509E+05
  0.4880555556E+00  0.7386318210E+05
  0.4883333333E+00  0.7378211889E+05
  0.4886111111E+00  0.7370105600E+05
  0.4888888889E+00  0.7361999268E+05
  0.4891666667E+00  0.7353892980E+05
  0.4894444444E+00  0.7345786648E+05
  0.4897222222E+00  0.7337680360E+05
  0.4900000000E+00  0.7329574037E+05
  0.4902777778E+00  0.7322473566E+05
  0.4905555556E+00  0.7315373094E+05
  0.4908333333E+00  0.7308272590E+05
  0.4911111111E+00  0.7301172119E+05
  0.4913888889E+00  0.7294071658E+05
  0.4916666667E+00  0.7286971175E+05
  0.4919444444E+00  0.7279870714E+05
  0.4922222222E+00  0.7272770242E+05
  0.4925000000E+00  0.7265669739E+05
  0.4927777778E+00  0.7258569266E+05
  0.4930555556E+00  0.7251468795E+05
  0.4933333333E+00  0.7244368323E+05
  0.4936111111E+00  0.7237267862E+05
  0.4938888889E+00  0.7230167379E+05
  0.4941666667E+00  0.7223066886E+05
  0.4944444444E+00  0.7215966414E+05
  0.4947222222E+00  0.7208865943E+05
  0.4950000000E+00  0.7201765482E+05
