  0.1027777778E-01  0.2258552696E+08
  0.1055555556E-01  0.2255677095E+08
  0.1083333333E-01  0.2252801505E+08
  0.1111111111E-01  0.2249925914E+08
  0.1138888889E-01  0.2247050324E+08
  0.1166666667E-01  0.2244174767E+08
  0.1194444444E-01  0.2241299167E+08
  0.1222222222E-01  0.2238423577E+08
  0.1250000000E-01  0.2235547986E+08
  0.1277777778E-01  0.2232672396E+08
  0.1305555556E-01  0.2229796795E+08
  0.1333333333E-01  0.2226921206E+08
  0.1361111111E-01  0.2224045615E+08
  0.1388888889E-01  0.2221170059E+08
  0.1416666667E-01  0.2218294458E+08
  0.1444444444E-01  0.2215418867E+08
  0.1472222222E-01  0.2212543277E+08
  0.1500000000E-01  0.2209667686E+08
  0.1527777778E-01  0.2205750828E+08
  0.1555555556E-01  0.2201834013E+08
  0.1583333333E-01  0.2197917155E+08
  0.1611111111E-01  0.2194000307E+08
  0.1638888889E-01  0.2190083493E+08
  0.1666666667E-01  0.2186166645E+08
  0.1694444444E-01  0.2182249787E+08
  0.1722222222E-01  0.2178332962E+08
  0.1750000000E-01  0.2174416114E+08
  0.1777777778E-01  0.2170499266E+08
  0.1805555556E-01  0.2166582452E+08
  0.1833333333E-01  0.2162665593E+08
  0.1861111111E-01  0.2158748745E+08
  0.1888888889E-01  0.2154831931E+08
  0.1916666667E-01  0.2150915083E+08
  0.1944444444E-01  0.2146998225E+08
  0.1972222222E-01  0.2143081410E+08
  0.2000000000E-01  0.2139164552E+08
  0.2027777778E-01  0.2134308308E+08
  0.2055555556E-01  0.2129452052E+08
  0.2083333333E-01  0.2124595809E+08
  0.2111111111E-01  0.2119739543E+08
  0.2138888889E-01  0.2114883299E+08
  0.2166666667E-01  0.2110027011E+08
  0.2194444444E-01  0.2105170766E+08
  0.2222222222E-01  0.2100314510E+08
  0.2250000000E-01  0.2095458256E+08
  0.2277777778E-01  0.2090602001E+08
  0.2305555556E-01  0.2085745757E+08
  0.2333333333E-01  0.2080889502E+08
  0.2361111111E-01  0.2076033258E+08
  0.2388888889E-01  0.2071176993E+08
  0.2416666667E-01  0.2066320749E+08
  0.2444444444E-01  0.2061464493E+08
  0.2472222222E-01  0.2056608238E+08
  0.2500000000E-01  0.2051751994E+08
  0.2527777778E-01  0.2046081349E+08
  0.2555555556E-01  0.2040410758E+08
  0.2583333333E-01  0.2034740167E+08
  0.2611111111E-01  0.2029069566E+08
  0.2638888889E-01  0.2023398965E+08
  0.2666666667E-01  0.2017728330E+08
  0.2694444444E-01  0.2012057740E+08
  0.2722222222E-01  0.2006387137E+08
  0.2750000000E-01  0.2000716537E+08
  0.2777777778E-01  0.1995045935E+08
  0.2805555556E-01  0.1989375311E+08
  0.2833333333E-01  0.1983704709E+08
  0.2861111111E-01  0.1978034108E+08
  0.2888888889E-01  0.1972363519E+08
  0.2916666667E-01  0.1966692916E+08
  0.2944444444E-01  0.1961022292E+08
  0.2972222222E-01  0.1955351681E+08
  0.3000000000E-01  0.1949681090E+08
  0.3027777778E-01  0.1943339093E+08
  0.3055555556E-01  0.1936997074E+08
  0.3083333333E-01  0.1930655068E+08
  0.3111111111E-01  0.1924313071E+08
  0.3138888889E-01  0.1917971064E+08
  0.3166666667E-01  0.1911629066E+08
  0.3194444444E-01  0.1905287015E+08
  0.3222222222E-01  0.1898945018E+08
  0.3250000000E-01  0.1892603010E+08
  0.3277777778E-01  0.1886261003E+08
  0.3305555556E-01  0.1879919007E+08
  0.3333333333E-01  0.1873577000E+08
  0.3361111111E-01  0.1867234991E+08
  0.3388888889E-01  0.1860892984E+08
  0.3416666667E-01  0.1854550987E+08
  0.3444444444E-01  0.1848208980E+08
  0.3472222222E-01  0.1841866973E+08
  0.3500000000E-01  0.1835524976E+08
  0.3527777778E-01  0.1828664396E+08
  0.3555555556E-01  0.1821803841E+08
  0.3583333333E-01  0.1814943295E+08
  0.3611111111E-01  0.1808082717E+08
  0.3638888889E-01  0.1801222161E+08
  0.3666666667E-01  0.1794361614E+08
  0.3694444444E-01  0.1787501036E+08
  0.3722222222E-01  0.1780640480E+08
  0.3750000000E-01  0.1773779946E+08
  0.3777777778E-01  0.1766919367E+08
  0.3805555556E-01  0.1760058821E+08
  0.3833333333E-01  0.1753198266E+08
  0.3861111111E-01  0.1746337686E+08
  0.3888888889E-01  0.1739477140E+08
  0.3916666667E-01  0.1732616585E+08
  0.3944444444E-01  0.1725756006E+08
  0.3972222222E-01  0.1718895460E+08
  0.4000000000E-01  0.1712034916E+08
  0.4027777778E-01  0.1704815850E+08
  0.4055555556E-01  0.1697596785E+08
  0.4083333333E-01  0.1690377720E+08
  0.4111111111E-01  0.1683158655E+08
  0.4138888889E-01  0.1675939599E+08
  0.4166666667E-01  0.1668720534E+08
  0.4194444444E-01  0.1661501469E+08
  0.4222222222E-01  0.1654282404E+08
  0.4250000000E-01  0.1647063338E+08
  0.4277777778E-01  0.1639844274E+08
  0.4305555556E-01  0.1632625208E+08
  0.4333333333E-01  0.1625406143E+08
  0.4361111111E-01  0.1618187077E+08
  0.4388888889E-01  0.1610968013E+08
  0.4416666667E-01  0.1603748947E+08
  0.4444444444E-01  0.1596529882E+08
  0.4472222222E-01  0.1589310817E+08
  0.4500000000E-01  0.1582091752E+08
  0.4527777778E-01  0.1574673897E+08
  0.4555555556E-01  0.1567256008E+08
  0.4583333333E-01  0.1559838143E+08
  0.4611111111E-01  0.1552420288E+08
  0.4638888889E-01  0.1545002388E+08
  0.4666666667E-01  0.1537584533E+08
  0.4694444444E-01  0.1530166633E+08
  0.4722222222E-01  0.1522748779E+08
  0.4750000000E-01  0.1515330913E+08
  0.4777777778E-01  0.1507913024E+08
  0.4805555556E-01  0.1500495158E+08
  0.4833333333E-01  0.1493077303E+08
  0.4861111111E-01  0.1485659404E+08
  0.4888888889E-01  0.1478241549E+08
  0.4916666667E-01  0.1470823649E+08
  0.4944444444E-01  0.1463405795E+08
  0.4972222222E-01  0.1455987928E+08
  0.5000000000E-01  0.1448570040E+08
  0.5027777778E-01  0.1441107548E+08
  0.5055555556E-01  0.1433645023E+08
  0.5083333333E-01  0.1426182498E+08
  0.5111111111E-01  0.1418720006E+08
  0.5138888889E-01  0.1411257481E+08
  0.5166666667E-01  0.1403794989E+08
  0.5194444444E-01  0.1396332464E+08
  0.5222222222E-01  0.1388869939E+08
  0.5250000000E-01  0.1381407448E+08
  0.5277777778E-01  0.1373944923E+08
  0.5305555556E-01  0.1366482397E+08
  0.5333333333E-01  0.1359019906E+08
  0.5361111111E-01  0.1351557370E+08
  0.5388888889E-01  0.1344094879E+08
  0.5416666667E-01  0.1336632354E+08
  0.5444444444E-01  0.1329169829E+08
  0.5472222222E-01  0.1321707337E+08
  0.5500000000E-01  0.1314244823E+08
  0.5527777778E-01  0.1306881145E+08
  0.5555555556E-01  0.1299517478E+08
  0.5583333333E-01  0.1292153811E+08
  0.5611111111E-01  0.1284790144E+08
  0.5638888889E-01  0.1277426477E+08
  0.5666666667E-01  0.1270062820E+08
  0.5694444444E-01  0.1262699142E+08
  0.5722222222E-01  0.1255335468E+08
  0.5750000000E-01  0.1247971801E+08
  0.5777777778E-01  0.1240608134E+08
  0.5805555556E-01  0.1233244467E+08
  0.5833333333E-01  0.1225880797E+08
  0.5861111111E-01  0.1218517130E+08
  0.5888888889E-01  0.1211153452E+08
  0.5916666667E-01  0.1203789785E+08
  0.5944444444E-01  0.1196426115E+08
  0.5972222222E-01  0.1189062448E+08
  0.6000000000E-01  0.1181698781E+08
  0.6027777778E-01  0.1174563084E+08
  0.6055555556E-01  0.1167427388E+08
  0.6083333333E-01  0.1160291691E+08
  0.6111111111E-01  0.1153155995E+08
  0.6138888889E-01  0.1146020288E+08
  0.6166666667E-01  0.1138884591E+08
  0.6194444444E-01  0.1131748895E+08
  0.6222222222E-01  0.1124613208E+08
  0.6250000000E-01  0.1117477512E+08
  0.6277777778E-01  0.1110341816E+08
  0.6305555556E-01  0.1103206119E+08
  0.6333333333E-01  0.1096070423E+08
  0.6361111111E-01  0.1088934727E+08
  0.6388888889E-01  0.1081799030E+08
  0.6416666667E-01  0.1074663334E+08
  0.6444444444E-01  0.1067527638E+08
  0.6472222222E-01  0.1060391937E+08
  0.6500000000E-01  0.1053256239E+08
  0.6527777778E-01  0.1046459130E+08
  0.6555555556E-01  0.1039662016E+08
  0.6583333333E-01  0.1032864916E+08
  0.6611111111E-01  0.1026067803E+08
  0.6638888889E-01  0.1019270692E+08
  0.6666666667E-01  0.1012473580E+08
  0.6694444444E-01  0.1005676479E+08
  0.6722222222E-01  0.9988793658E+07
  0.6750000000E-01  0.9920822554E+07
  0.6777777778E-01  0.9852851518E+07
  0.6805555556E-01  0.9784880392E+07
  0.6833333333E-01  0.9716909289E+07
  0.6861111111E-01  0.9648938252E+07
  0.6888888889E-01  0.9580967149E+07
  0.6916666667E-01  0.9512996023E+07
  0.6944444444E-01  0.9445024920E+07
  0.6972222222E-01  0.9377053883E+07
  0.7000000000E-01  0.9309082784E+07
  0.7027777778E-01  0.9245399777E+07
  0.7055555556E-01  0.9181716775E+07
  0.7083333333E-01  0.9118033814E+07
  0.7111111111E-01  0.9054350813E+07
  0.7138888889E-01  0.8990667840E+07
  0.7166666667E-01  0.8926984835E+07
  0.7194444444E-01  0.8863301833E+07
  0.7222222222E-01  0.8799618861E+07
  0.7250000000E-01  0.8735935859E+07
  0.7277777778E-01  0.8672252854E+07
  0.7305555556E-01  0.8608569885E+07
  0.7333333333E-01  0.8544886891E+07
  0.7361111111E-01  0.8481203889E+07
  0.7388888889E-01  0.8417520917E+07
  0.7416666667E-01  0.8353837914E+07
  0.7444444444E-01  0.8290154908E+07
  0.7472222222E-01  0.8226471940E+07
  0.7500000000E-01  0.8162788934E+07
  0.7527777778E-01  0.8104074213E+07
  0.7555555556E-01  0.8045359459E+07
  0.7583333333E-01  0.7986644737E+07
  0.7611111111E-01  0.7927929978E+07
  0.7638888889E-01  0.7869215357E+07
  0.7666666667E-01  0.7810500624E+07
  0.7694444444E-01  0.7751785869E+07
  0.7722222222E-01  0.7693071145E+07
  0.7750000000E-01  0.7634356389E+07
  0.7777777778E-01  0.7575641667E+07
  0.7805555556E-01  0.7516927012E+07
  0.7833333333E-01  0.7458212289E+07
  0.7861111111E-01  0.7399497556E+07
  0.7888888889E-01  0.7340782800E+07
  0.7916666667E-01  0.7282068078E+07
  0.7944444444E-01  0.7223353422E+07
  0.7972222222E-01  0.7164638699E+07
  0.8000000000E-01  0.7105923943E+07
  0.8027777778E-01  0.7052637496E+07
  0.8055555556E-01  0.6999351015E+07
  0.8083333333E-01  0.6946064479E+07
  0.8111111111E-01  0.6892777999E+07
  0.8138888889E-01  0.6839491529E+07
  0.8166666667E-01  0.6786205081E+07
  0.8194444444E-01  0.6732918600E+07
  0.8222222222E-01  0.6679632064E+07
  0.8250000000E-01  0.6626345583E+07
  0.8277777778E-01  0.6573059136E+07
  0.8305555556E-01  0.6519772666E+07
  0.8333333333E-01  0.6466486184E+07
  0.8361111111E-01  0.6413199637E+07
  0.8388888889E-01  0.6359913167E+07
  0.8416666667E-01  0.6306626720E+07
  0.8444444444E-01  0.6253340251E+07
  0.8472222222E-01  0.6200053804E+07
  0.8500000000E-01  0.6146767321E+07
  0.8527777778E-01  0.6099150362E+07
  0.8555555556E-01  0.6051533469E+07
  0.8583333333E-01  0.6003916598E+07
  0.8611111111E-01  0.5956299705E+07
  0.8638888889E-01  0.5908682846E+07
  0.8666666667E-01  0.5861065942E+07
  0.8694444444E-01  0.5813448982E+07
  0.8722222222E-01  0.5765832111E+07
  0.8750000000E-01  0.5718215218E+07
  0.8777777778E-01  0.5670598358E+07
  0.8805555556E-01  0.5622981454E+07
  0.8833333333E-01  0.5575364594E+07
  0.8861111111E-01  0.5527747635E+07
  0.8888888889E-01  0.5480130731E+07
  0.8916666667E-01  0.5432513881E+07
  0.8944444444E-01  0.5384896956E+07
  0.8972222222E-01  0.5337280086E+07
  0.9000000000E-01  0.5289663173E+07
  0.9027777778E-01  0.5247757340E+07
  0.9055555556E-01  0.5205851475E+07
  0.9083333333E-01  0.5163945609E+07
  0.9111111111E-01  0.5122039742E+07
  0.9138888889E-01  0.5080133876E+07
  0.9166666667E-01  0.5038228010E+07
  0.9194444444E-01  0.4996322144E+07
  0.9222222222E-01  0.4954416289E+07
  0.9250000000E-01  0.4912510411E+07
  0.9277777778E-01  0.4870604556E+07
  0.9305555556E-01  0.4828698679E+07
  0.9333333333E-01  0.4786792857E+07
  0.9361111111E-01  0.4744886991E+07
  0.9388888889E-01  0.4702981114E+07
  0.9416666667E-01  0.4661075258E+07
  0.9444444444E-01  0.4619169382E+07
  0.9472222222E-01  0.4577263527E+07
  0.9500000000E-01  0.4535357661E+07
  0.9527777778E-01  0.4499025491E+07
  0.9555555556E-01  0.4462693335E+07
  0.9583333333E-01  0.4426361178E+07
  0.9611111111E-01  0.4390029009E+07
  0.9638888889E-01  0.4353696851E+07
  0.9666666667E-01  0.4317364694E+07
  0.9694444444E-01  0.4281032570E+07
  0.9722222222E-01  0.4244700402E+07
  0.9750000000E-01  0.4208368244E+07
  0.9777777778E-01  0.4172036087E+07
  0.9805555556E-01  0.4135703930E+07
  0.9833333333E-01  0.4099371761E+07
  0.9861111111E-01  0.4063039604E+07
  0.9888888889E-01  0.4026707446E+07
  0.9916666667E-01  0.3990375299E+07
  0.9944444444E-01  0.3954043131E+07
  0.9972222222E-01  0.3917710973E+07
  0.1000000000E+00  0.3881378816E+07
  0.1002777778E+00  0.3850330137E+07
  0.1005555556E+00  0.3819281424E+07
  0.1008333333E+00  0.3788232712E+07
  0.1011111111E+00  0.3757184009E+07
  0.1013888889E+00  0.3726135330E+07
  0.1016666667E+00  0.3695086617E+07
  0.1019444444E+00  0.3664037905E+07
  0.1022222222E+00  0.3632989236E+07
  0.1025000000E+00  0.3601940524E+07
  0.1027777778E+00  0.3570891810E+07
  0.1030555556E+00  0.3539843131E+07
  0.1033333333E+00  0.3508794419E+07
  0.1036111111E+00  0.3477745717E+07
  0.1038888889E+00  0.3446697037E+07
  0.1041666667E+00  0.3415648336E+07
  0.1044444444E+00  0.3384599623E+07
  0.1047222222E+00  0.3353550954E+07
  0.1050000000E+00  0.3322502241E+07
  0.1052777778E+00  0.3296330763E+07
  0.1055555556E+00  0.3270159284E+07
  0.1058333333E+00  0.3243987762E+07
  0.1061111111E+00  0.3217816283E+07
  0.1063888889E+00  0.3191644804E+07
  0.1066666667E+00  0.3165473336E+07
  0.1069444444E+00  0.3139301824E+07
  0.1072222222E+00  0.3113130346E+07
  0.1075000000E+00  0.3086958867E+07
  0.1077777778E+00  0.3060787389E+07
  0.1080555556E+00  0.3034615910E+07
  0.1083333333E+00  0.3008444398E+07
  0.1086111111E+00  0.2982272920E+07
  0.1088888889E+00  0.2956101441E+07
  0.1091666667E+00  0.2929929952E+07
  0.1094444444E+00  0.2903758483E+07
  0.1097222222E+00  0.2877586971E+07
  0.1100000000E+00  0.2851415493E+07
  0.1102777778E+00  0.2829625907E+07
  0.1105555556E+00  0.2807836286E+07
  0.1108333333E+00  0.2786046666E+07
  0.1111111111E+00  0.2764257079E+07
  0.1113888889E+00  0.2742467459E+07
  0.1116666667E+00  0.2720677872E+07
  0.1119444444E+00  0.2698888251E+07
  0.1122222222E+00  0.2677098665E+07
  0.1125000000E+00  0.2655309044E+07
  0.1127777778E+00  0.2633519425E+07
  0.1130555556E+00  0.2611729837E+07
  0.1133333333E+00  0.2589940218E+07
  0.1136111111E+00  0.2568150631E+07
  0.1138888889E+00  0.2546361011E+07
  0.1141666667E+00  0.2524571424E+07
  0.1144444444E+00  0.2502781804E+07
  0.1147222222E+00  0.2480992183E+07
  0.1150000000E+00  0.2459202597E+07
  0.1152777778E+00  0.2441247645E+07
  0.1155555556E+00  0.2423292726E+07
  0.1158333333E+00  0.2405337785E+07
  0.1161111111E+00  0.2387382833E+07
  0.1163888889E+00  0.2369427905E+07
  0.1166666667E+00  0.2351472964E+07
  0.1169444444E+00  0.2333518012E+07
  0.1172222222E+00  0.2315563093E+07
  0.1175000000E+00  0.2297608153E+07
  0.1177777778E+00  0.2279653190E+07
  0.1180555556E+00  0.2261698272E+07
  0.1183333333E+00  0.2243743331E+07
  0.1186111111E+00  0.2225788379E+07
  0.1188888889E+00  0.2207833450E+07
  0.1191666667E+00  0.2189878510E+07
  0.1194444444E+00  0.2171923558E+07
  0.1197222222E+00  0.2153968639E+07
  0.1200000000E+00  0.2136013698E+07
  0.1202777778E+00  0.2121323836E+07
  0.1205555556E+00  0.2106634006E+07
  0.1208333333E+00  0.2091944155E+07
  0.1211111111E+00  0.2077254292E+07
  0.1213888889E+00  0.2062564484E+07
  0.1216666667E+00  0.2047874621E+07
  0.1219444444E+00  0.2033184792E+07
  0.1222222222E+00  0.2018494941E+07
  0.1225000000E+00  0.2003805078E+07
  0.1227777778E+00  0.1989115249E+07
  0.1230555556E+00  0.1974425407E+07
  0.1233333333E+00  0.1959735545E+07
  0.1236111111E+00  0.1945045716E+07
  0.1238888889E+00  0.1930355864E+07
  0.1241666667E+00  0.1915666035E+07
  0.1244444444E+00  0.1900976193E+07
  0.1247222222E+00  0.1886286331E+07
  0.1250000000E+00  0.1871596501E+07
  0.1252777778E+00  0.1859607606E+07
  0.1255555556E+00  0.1847618742E+07
  0.1258333333E+00  0.1835629869E+07
  0.1261111111E+00  0.1823641017E+07
  0.1263888889E+00  0.1811652110E+07
  0.1266666667E+00  0.1799663258E+07
  0.1269444444E+00  0.1787674394E+07
  0.1272222222E+00  0.1775685488E+07
  0.1275000000E+00  0.1763696636E+07
  0.1277777778E+00  0.1751707762E+07
  0.1280555556E+00  0.1739718899E+07
  0.1283333333E+00  0.1727730003E+07
  0.1286111111E+00  0.1715741140E+07
  0.1288888889E+00  0.1703752278E+07
  0.1291666667E+00  0.1691763381E+07
  0.1294444444E+00  0.1679774508E+07
  0.1297222222E+00  0.1667785655E+07
  0.1300000000E+00  0.1655796782E+07
  0.1302777778E+00  0.1645975186E+07
  0.1305555556E+00  0.1636153589E+07
  0.1308333333E+00  0.1626331993E+07
  0.1311111111E+00  0.1616510430E+07
  0.1313888889E+00  0.1606688822E+07
  0.1316666667E+00  0.1596867226E+07
  0.1319444444E+00  0.1587045629E+07
  0.1322222222E+00  0.1577224066E+07
  0.1325000000E+00  0.1567402470E+07
  0.1327777778E+00  0.1557580873E+07
  0.1330555556E+00  0.1547759310E+07
  0.1333333333E+00  0.1537937714E+07
  0.1336111111E+00  0.1528116117E+07
  0.1338888889E+00  0.1518294510E+07
  0.1341666667E+00  0.1508472947E+07
  0.1344444444E+00  0.1498651350E+07
  0.1347222222E+00  0.1488829754E+07
  0.1350000000E+00  0.1479008157E+07
  0.1352777778E+00  0.1470867857E+07
  0.1355555556E+00  0.1462727547E+07
  0.1358333333E+00  0.1454587247E+07
  0.1361111111E+00  0.1446446948E+07
  0.1363888889E+00  0.1438306648E+07
  0.1366666667E+00  0.1430166338E+07
  0.1369444444E+00  0.1422025994E+07
  0.1372222222E+00  0.1413885694E+07
  0.1375000000E+00  0.1405745395E+07
  0.1377777778E+00  0.1397605095E+07
  0.1380555556E+00  0.1389464785E+07
  0.1383333333E+00  0.1381324485E+07
  0.1386111111E+00  0.1373184175E+07
  0.1388888889E+00  0.1365043841E+07
  0.1391666667E+00  0.1356903542E+07
  0.1394444444E+00  0.1348763242E+07
  0.1397222222E+00  0.1340622932E+07
  0.1400000000E+00  0.1332482632E+07
  0.1402777778E+00  0.1325599770E+07
  0.1405555556E+00  0.1318716917E+07
  0.1408333333E+00  0.1311834055E+07
  0.1411111111E+00  0.1304951202E+07
  0.1413888889E+00  0.1298068351E+07
  0.1416666667E+00  0.1291185498E+07
  0.1419444444E+00  0.1284302636E+07
  0.1422222222E+00  0.1277419740E+07
  0.1425000000E+00  0.1270536887E+07
  0.1427777778E+00  0.1263654025E+07
  0.1430555556E+00  0.1256771172E+07
  0.1433333333E+00  0.1249888310E+07
  0.1436111111E+00  0.1243005457E+07
  0.1438888889E+00  0.1236122594E+07
  0.1441666667E+00  0.1229239742E+07
  0.1444444444E+00  0.1222356879E+07
  0.1447222222E+00  0.1215474038E+07
  0.1450000000E+00  0.1208591176E+07
  0.1452777778E+00  0.1202611821E+07
  0.1455555556E+00  0.1196632466E+07
  0.1458333333E+00  0.1190653101E+07
  0.1461111111E+00  0.1184673779E+07
  0.1463888889E+00  0.1178694425E+07
  0.1466666667E+00  0.1172715070E+07
  0.1469444444E+00  0.1166735716E+07
  0.1472222222E+00  0.1160756361E+07
  0.1475000000E+00  0.1154777007E+07
  0.1477777778E+00  0.1148797652E+07
  0.1480555556E+00  0.1142818331E+07
  0.1483333333E+00  0.1136838976E+07
  0.1486111111E+00  0.1130859622E+07
  0.1488888889E+00  0.1124880267E+07
  0.1491666667E+00  0.1118900912E+07
  0.1494444444E+00  0.1112921558E+07
  0.1497222222E+00  0.1106942237E+07
  0.1500000000E+00  0.1100962871E+07
  0.1502777778E+00  0.1095605680E+07
  0.1505555556E+00  0.1090248489E+07
  0.1508333333E+00  0.1084891320E+07
  0.1511111111E+00  0.1079534129E+07
  0.1513888889E+00  0.1074176960E+07
  0.1516666667E+00  0.1068819769E+07
  0.1519444444E+00  0.1063462567E+07
  0.1522222222E+00  0.1058105420E+07
  0.1525000000E+00  0.1052748218E+07
  0.1527777778E+00  0.1047391043E+07
  0.1530555556E+00  0.1042033852E+07
  0.1533333333E+00  0.1036676673E+07
  0.1536111111E+00  0.1031319485E+07
  0.1538888889E+00  0.1025962307E+07
  0.1541666667E+00  0.1020605129E+07
  0.1544444444E+00  0.1015247951E+07
  0.1547222222E+00  0.1009890759E+07
  0.1550000000E+00  0.1004533581E+07
  0.1552777778E+00  0.9995889947E+06
  0.1555555556E+00  0.9946444006E+06
  0.1558333333E+00  0.9896998144E+06
  0.1561111111E+00  0.9847552381E+06
  0.1563888889E+00  0.9798106441E+06
  0.1566666667E+00  0.9748660578E+06
  0.1569444444E+00  0.9699214704E+06
  0.1572222222E+00  0.9649768875E+06
  0.1575000000E+00  0.9600323012E+06
  0.1577777778E+00  0.9550877138E+06
  0.1580555556E+00  0.9501431275E+06
  0.1583333333E+00  0.9451985446E+06
  0.1586111111E+00  0.9402539572E+06
  0.1588888889E+00  0.9353093710E+06
  0.1591666667E+00  0.9303647880E+06
  0.1594444444E+00  0.9254202006E+06
  0.1597222222E+00  0.9204756144E+06
  0.1600000000E+00  0.9155310203E+06
  0.1602777778E+00  0.9108560372E+06
  0.1605555556E+00  0.9061810464E+06
  0.1608333333E+00  0.9015060555E+06
  0.1611111111E+00  0.8968310613E+06
  0.1613888889E+00  0.8921560705E+06
  0.1616666667E+00  0.8874810830E+06
  0.1619444444E+00  0.8828060932E+06
  0.1622222222E+00  0.8781311001E+06
  0.1625000000E+00  0.8734561116E+06
  0.1627777778E+00  0.8687811218E+06
  0.1630555556E+00  0.8641061221E+06
  0.1633333333E+00  0.8594311290E+06
  0.1636111111E+00  0.8547561404E+06
  0.1638888889E+00  0.8500811506E+06
  0.1641666667E+00  0.8454061575E+06
  0.1644444444E+00  0.8407311689E+06
  0.1647222222E+00  0.8360561792E+06
  0.1650000000E+00  0.8313811894E+06
  0.1652777778E+00  0.8268904746E+06
  0.1655555556E+00  0.8223997697E+06
  0.1658333333E+00  0.8179090536E+06
  0.1661111111E+00  0.8134183488E+06
  0.1663888889E+00  0.8089276361E+06
  0.1666666667E+00  0.8044369312E+06
  0.1669444444E+00  0.7999462163E+06
  0.1672222222E+00  0.7954555103E+06
  0.1675000000E+00  0.7909647987E+06
  0.1677777778E+00  0.7864740927E+06
  0.1680555556E+00  0.7819833778E+06
  0.1683333333E+00  0.7774926729E+06
  0.1686111111E+00  0.7730019603E+06
  0.1688888889E+00  0.7685112554E+06
  0.1691666667E+00  0.7640205404E+06
  0.1694444444E+00  0.7595298345E+06
  0.1697222222E+00  0.7550391196E+06
  0.1700000000E+00  0.7505484169E+06
  0.1702777778E+00  0.7462058713E+06
  0.1705555556E+00  0.7418633145E+06
  0.1708333333E+00  0.7375207711E+06
  0.1711111111E+00  0.7331782256E+06
  0.1713888889E+00  0.7288356688E+06
  0.1716666667E+00  0.7244931266E+06
  0.1719444444E+00  0.7201505799E+06
  0.1722222222E+00  0.7158080230E+06
  0.1725000000E+00  0.7114654807E+06
  0.1727777778E+00  0.7071229340E+06
  0.1730555556E+00  0.7027803784E+06
  0.1733333333E+00  0.6984378350E+06
  0.1736111111E+00  0.6940952883E+06
  0.1738888889E+00  0.6897527427E+06
  0.1741666667E+00  0.6854101893E+06
  0.1744444444E+00  0.6810676437E+06
  0.1747222222E+00  0.6767250969E+06
  0.1750000000E+00  0.6723825435E+06
  0.1752777778E+00  0.6681891931E+06
  0.1755555556E+00  0.6639958471E+06
  0.1758333333E+00  0.6598024866E+06
  0.1761111111E+00  0.6556091363E+06
  0.1763888889E+00  0.6514157892E+06
  0.1766666667E+00  0.6472224387E+06
  0.1769444444E+00  0.6430290816E+06
  0.1772222222E+00  0.6388357323E+06
  0.1775000000E+00  0.6346423852E+06
  0.1777777778E+00  0.6304490247E+06
  0.1780555556E+00  0.6262556743E+06
  0.1783333333E+00  0.6220623272E+06
  0.1786111111E+00  0.6178689767E+06
  0.1788888889E+00  0.6136756196E+06
  0.1791666667E+00  0.6094822702E+06
  0.1794444444E+00  0.6052889231E+06
  0.1797222222E+00  0.6010955727E+06
  0.1800000000E+00  0.5969022122E+06
  0.1802777778E+00  0.5928852251E+06
  0.1805555556E+00  0.5888682469E+06
  0.1808333333E+00  0.5848512598E+06
  0.1811111111E+00  0.5808342716E+06
  0.1813888889E+00  0.5768172845E+06
  0.1816666667E+00  0.5728002996E+06
  0.1819444444E+00  0.5687833226E+06
  0.1822222222E+00  0.5647663343E+06
  0.1825000000E+00  0.5607493472E+06
  0.1827777778E+00  0.5567323590E+06
  0.1830555556E+00  0.5527153719E+06
  0.1833333333E+00  0.5486983948E+06
  0.1836111111E+00  0.5446814065E+06
  0.1838888889E+00  0.5406644194E+06
  0.1841666667E+00  0.5366474312E+06
  0.1844444444E+00  0.5326304441E+06
  0.1847222222E+00  0.5286134659E+06
  0.1850000000E+00  0.5245964788E+06
  0.1852777778E+00  0.5207990078E+06
  0.1855555556E+00  0.5170015380E+06
  0.1858333333E+00  0.5132040703E+06
  0.1861111111E+00  0.5094066005E+06
  0.1863888889E+00  0.5056091295E+06
  0.1866666667E+00  0.5018116531E+06
  0.1869444444E+00  0.4980141821E+06
  0.1872222222E+00  0.4942167123E+06
  0.1875000000E+00  0.4904192447E+06
  0.1877777778E+00  0.4866217748E+06
  0.1880555556E+00  0.4828243039E+06
  0.1883333333E+00  0.4790268373E+06
  0.1886111111E+00  0.4752293664E+06
  0.1888888889E+00  0.4714318965E+06
  0.1891666667E+00  0.4676344290E+06
  0.1894444444E+00  0.4638369591E+06
  0.1897222222E+00  0.4600394862E+06
  0.1900000000E+00  0.4562420153E+06
  0.1902777778E+00  0.4527132048E+06
  0.1905555556E+00  0.4491843943E+06
  0.1908333333E+00  0.4456555838E+06
  0.1911111111E+00  0.4421267732E+06
  0.1913888889E+00  0.4385979627E+06
  0.1916666667E+00  0.4350691523E+06
  0.1919444444E+00  0.4315403408E+06
  0.1922222222E+00  0.4280115303E+06
  0.1925000000E+00  0.4244827209E+06
  0.1927777778E+00  0.4209539103E+06
  0.1930555556E+00  0.4174250998E+06
  0.1933333333E+00  0.4138962893E+06
  0.1936111111E+00  0.4103674788E+06
  0.1938888889E+00  0.4068386683E+06
  0.1941666667E+00  0.4033098577E+06
  0.1944444444E+00  0.3997810472E+06
  0.1947222222E+00  0.3962522367E+06
  0.1950000000E+00  0.3927234262E+06
  0.1952777778E+00  0.3895107995E+06
  0.1955555556E+00  0.3862981696E+06
  0.1958333333E+00  0.3830855418E+06
  0.1961111111E+00  0.3798729119E+06
  0.1963888889E+00  0.3766602841E+06
  0.1966666667E+00  0.3734476541E+06
  0.1969444444E+00  0.3702350275E+06
  0.1972222222E+00  0.3670223964E+06
  0.1975000000E+00  0.3638097698E+06
  0.1977777778E+00  0.3605971398E+06
  0.1980555556E+00  0.3573845120E+06
  0.1983333333E+00  0.3541718821E+06
  0.1986111111E+00  0.3509592543E+06
  0.1988888889E+00  0.3477466243E+06
  0.1991666667E+00  0.3445339977E+06
  0.1994444444E+00  0.3413213666E+06
  0.1997222222E+00  0.3381087400E+06
  0.2000000000E+00  0.3348961100E+06
  0.2002777778E+00  0.3320389520E+06
  0.2005555556E+00  0.3291817975E+06
  0.2008333333E+00  0.3263246407E+06
  0.2011111111E+00  0.3234674827E+06
  0.2013888889E+00  0.3206103293E+06
  0.2016666667E+00  0.3177531713E+06
  0.2019444444E+00  0.3148960145E+06
  0.2022222222E+00  0.3120388600E+06
  0.2025000000E+00  0.3091817031E+06
  0.2027777778E+00  0.3063245453E+06
  0.2030555556E+00  0.3034673906E+06
  0.2033333333E+00  0.3006102339E+06
  0.2036111111E+00  0.2977530760E+06
  0.2038888889E+00  0.2948959191E+06
  0.2041666667E+00  0.2920387646E+06
  0.2044444444E+00  0.2891816077E+06
  0.2047222222E+00  0.2863244498E+06
  0.2050000000E+00  0.2834672953E+06
  0.2052777778E+00  0.2809929462E+06
  0.2055555556E+00  0.2785185960E+06
  0.2058333333E+00  0.2760442503E+06
  0.2061111111E+00  0.2735699001E+06
  0.2063888889E+00  0.2710955545E+06
  0.2066666667E+00  0.2686212043E+06
  0.2069444444E+00  0.2661468575E+06
  0.2072222222E+00  0.2636725074E+06
  0.2075000000E+00  0.2611981583E+06
  0.2077777778E+00  0.2587238116E+06
  0.2080555556E+00  0.2562494625E+06
  0.2083333333E+00  0.2537751156E+06
  0.2086111111E+00  0.2513007666E+06
  0.2088888889E+00  0.2488264164E+06
  0.2091666667E+00  0.2463520708E+06
  0.2094444444E+00  0.2438777206E+06
  0.2097222222E+00  0.2414033748E+06
  0.2100000000E+00  0.2389290247E+06
  0.2102777778E+00  0.2368500949E+06
  0.2105555556E+00  0.2347711618E+06
  0.2108333333E+00  0.2326922296E+06
  0.2111111111E+00  0.2306132998E+06
  0.2113888889E+00  0.2285343666E+06
  0.2116666667E+00  0.2264554378E+06
  0.2119444444E+00  0.2243765047E+06
  0.2122222222E+00  0.2222975750E+06
  0.2125000000E+00  0.2202186418E+06
  0.2127777778E+00  0.2181397085E+06
  0.2130555556E+00  0.2160607798E+06
  0.2133333333E+00  0.2139818467E+06
  0.2136111111E+00  0.2119029179E+06
  0.2138888889E+00  0.2098239847E+06
  0.2141666667E+00  0.2077450539E+06
  0.2144444444E+00  0.2056661217E+06
  0.2147222222E+00  0.2035871919E+06
  0.2150000000E+00  0.2015082599E+06
  0.2152777778E+00  0.1998219231E+06
  0.2155555556E+00  0.1981355863E+06
  0.2158333333E+00  0.1964492506E+06
  0.2161111111E+00  0.1947629128E+06
  0.2163888889E+00  0.1930765771E+06
  0.2166666667E+00  0.1913902404E+06
  0.2169444444E+00  0.1897039036E+06
  0.2172222222E+00  0.1880175678E+06
  0.2175000000E+00  0.1863312311E+06
  0.2177777778E+00  0.1846448943E+06
  0.2180555556E+00  0.1829585543E+06
  0.2183333333E+00  0.1812722186E+06
  0.2186111111E+00  0.1795858829E+06
  0.2188888889E+00  0.1778995450E+06
  0.2191666667E+00  0.1762132093E+06
  0.2194444444E+00  0.1745268726E+06
  0.2197222222E+00  0.1728405358E+06
  0.2200000000E+00  0.1711542001E+06
  0.2202777778E+00  0.1698431261E+06
  0.2205555556E+00  0.1685320497E+06
  0.2208333333E+00  0.1672209766E+06
  0.2211111111E+00  0.1659099015E+06
  0.2213888889E+00  0.1645988251E+06
  0.2216666667E+00  0.1632877521E+06
  0.2219444444E+00  0.1619766780E+06
  0.2222222222E+00  0.1606656017E+06
  0.2225000000E+00  0.1593545286E+06
  0.2227777778E+00  0.1580434556E+06
  0.2230555556E+00  0.1567323782E+06
  0.2233333333E+00  0.1554213051E+06
  0.2236111111E+00  0.1541102276E+06
  0.2238888889E+00  0.1527991536E+06
  0.2241666667E+00  0.1514880806E+06
  0.2244444444E+00  0.1501770042E+06
  0.2247222222E+00  0.1488659311E+06
  0.2250000000E+00  0.1475548571E+06
  0.2252777778E+00  0.1465887826E+06
  0.2255555556E+00  0.1456227060E+06
  0.2258333333E+00  0.1446566314E+06
  0.2261111111E+00  0.1436905559E+06
  0.2263888889E+00  0.1427244814E+06
  0.2266666667E+00  0.1417584060E+06
  0.2269444444E+00  0.1407923303E+06
  0.2272222222E+00  0.1398262548E+06
  0.2275000000E+00  0.1388601803E+06
  0.2277777778E+00  0.1378941048E+06
  0.2280555556E+00  0.1369280303E+06
  0.2283333333E+00  0.1359619537E+06
  0.2286111111E+00  0.1349958792E+06
  0.2288888889E+00  0.1340298037E+06
  0.2291666667E+00  0.1330637292E+06
  0.2294444444E+00  0.1320976525E+06
  0.2297222222E+00  0.1311315780E+06
  0.2300000000E+00  0.1301655025E+06
  0.2302777778E+00  0.1295041294E+06
  0.2305555556E+00  0.1288427597E+06
  0.2308333333E+00  0.1281813899E+06
  0.2311111111E+00  0.1275200169E+06
  0.2313888889E+00  0.1268586471E+06
  0.2316666667E+00  0.1261972751E+06
  0.2319444444E+00  0.1255359054E+06
  0.2322222222E+00  0.1248745323E+06
  0.2325000000E+00  0.1242131625E+06
  0.2327777778E+00  0.1235517928E+06
  0.2330555556E+00  0.1228904197E+06
  0.2333333333E+00  0.1222290499E+06
  0.2336111111E+00  0.1215676759E+06
  0.2338888889E+00  0.1209063061E+06
  0.2341666667E+00  0.1202449364E+06
  0.2344444444E+00  0.1195835633E+06
  0.2347222222E+00  0.1189221947E+06
  0.2350000000E+00  0.1182608216E+06
  0.2352777778E+00  0.1178567420E+06
  0.2355555556E+00  0.1174526614E+06
  0.2358333333E+00  0.1170485806E+06
  0.2361111111E+00  0.1166445010E+06
  0.2363888889E+00  0.1162404171E+06
  0.2366666667E+00  0.1158363375E+06
  0.2369444444E+00  0.1154322579E+06
  0.2372222222E+00  0.1150281776E+06
  0.2375000000E+00  0.1146240963E+06
  0.2377777778E+00  0.1142200164E+06
  0.2380555556E+00  0.1138159361E+06
  0.2383333333E+00  0.1134118548E+06
  0.2386111111E+00  0.1130077746E+06
  0.2388888889E+00  0.1126036946E+06
  0.2391666667E+00  0.1121996133E+06
  0.2394444444E+00  0.1117955331E+06
  0.2397222222E+00  0.1113914528E+06
  0.2400000000E+00  0.1109873719E+06
  0.2402777778E+00  0.1107893808E+06
  0.2405555556E+00  0.1105913887E+06
  0.2408333333E+00  0.1103933976E+06
  0.2411111111E+00  0.1101954055E+06
  0.2413888889E+00  0.1099974145E+06
  0.2416666667E+00  0.1097994234E+06
  0.2419444444E+00  0.1096014312E+06
  0.2422222222E+00  0.1094034402E+06
  0.2425000000E+00  0.1092054481E+06
  0.2427777778E+00  0.1090074571E+06
  0.2430555556E+00  0.1088094658E+06
  0.2433333333E+00  0.1086114745E+06
  0.2436111111E+00  0.1084134822E+06
  0.2438888889E+00  0.1082154911E+06
  0.2441666667E+00  0.1080174998E+06
  0.2444444444E+00  0.1078195085E+06
  0.2447222222E+00  0.1076215172E+06
  0.2450000000E+00  0.1074235251E+06
  0.2452777778E+00  0.1073797979E+06
  0.2455555556E+00  0.1073360707E+06
  0.2458333333E+00  0.1072923425E+06
  0.2461111111E+00  0.1072486150E+06
  0.2463888889E+00  0.1072048879E+06
  0.2466666667E+00  0.1071611597E+06
  0.2469444444E+00  0.1071174325E+06
  0.2472222222E+00  0.1070737040E+06
  0.2475000000E+00  0.1070299768E+06
  0.2477777778E+00  0.1069862496E+06
  0.2480555556E+00  0.1069425215E+06
  0.2483333333E+00  0.1068987940E+06
  0.2486111111E+00  0.1068550668E+06
  0.2488888889E+00  0.1068113386E+06
  0.2491666667E+00  0.1067676114E+06
  0.2494444444E+00  0.1067238839E+06
  0.2497222222E+00  0.1066801558E+06
  0.2500000000E+00  0.1066364286E+06
  0.2502777778E+00  0.1066972919E+06
  0.2505555556E+00  0.1067581540E+06
  0.2508333333E+00  0.1068190172E+06
  0.2511111111E+00  0.1068798804E+06
  0.2513888889E+00  0.1069407436E+06
  0.2516666667E+00  0.1070016069E+06
  0.2519444444E+00  0.1070624691E+06
  0.2522222222E+00  0.1071233322E+06
  0.2525000000E+00  0.1071841954E+06
  0.2527777778E+00  0.1072450586E+06
  0.2530555556E+00  0.1073059209E+06
  0.2533333333E+00  0.1073667841E+06
  0.2536111111E+00  0.1074276473E+06
  0.2538888889E+00  0.1074885104E+06
  0.2541666667E+00  0.1075493737E+06
  0.2544444444E+00  0.1076102359E+06
  0.2547222222E+00  0.1076710991E+06
  0.2550000000E+00  0.1077319623E+06
  0.2552777778E+00  0.1078523208E+06
  0.2555555556E+00  0.1079726804E+06
  0.2558333333E+00  0.1080930399E+06
  0.2561111111E+00  0.1082133985E+06
  0.2563888889E+00  0.1083337579E+06
  0.2566666667E+00  0.1084541165E+06
  0.2569444444E+00  0.1085744761E+06
  0.2572222222E+00  0.1086948356E+06
  0.2575000000E+00  0.1088151944E+06
  0.2577777778E+00  0.1089355540E+06
  0.2580555556E+00  0.1090559125E+06
  0.2583333333E+00  0.1091762721E+06
  0.2586111111E+00  0.1092966306E+06
  0.2588888889E+00  0.1094169901E+06
  0.2591666667E+00  0.1095373497E+06
  0.2594444444E+00  0.1096577082E+06
  0.2597222222E+00  0.1097780677E+06
  0.2600000000E+00  0.1098984263E+06
  0.2602777778E+00  0.1100393943E+06
  0.2605555556E+00  0.1101803626E+06
  0.2608333333E+00  0.1103213307E+06
  0.2611111111E+00  0.1104622987E+06
  0.2613888889E+00  0.1106032667E+06
  0.2616666667E+00  0.1107442337E+06
  0.2619444444E+00  0.1108852017E+06
  0.2622222222E+00  0.1110261697E+06
  0.2625000000E+00  0.1111671378E+06
  0.2627777778E+00  0.1113081058E+06
  0.2630555556E+00  0.1114490738E+06
  0.2633333333E+00  0.1115900410E+06
  0.2636111111E+00  0.1117310091E+06
  0.2638888889E+00  0.1118719771E+06
  0.2641666667E+00  0.1120129451E+06
  0.2644444444E+00  0.1121539131E+06
  0.2647222222E+00  0.1122948811E+06
  0.2650000000E+00  0.1124358491E+06
  0.2652777778E+00  0.1125659904E+06
  0.2655555556E+00  0.1126961322E+06
  0.2658333333E+00  0.1128262734E+06
  0.2661111111E+00  0.1129564156E+06
  0.2663888889E+00  0.1130865565E+06
  0.2666666667E+00  0.1132166986E+06
  0.2669444444E+00  0.1133468395E+06
  0.2672222222E+00  0.1134769817E+06
  0.2675000000E+00  0.1136071229E+06
  0.2677777778E+00  0.1137372647E+06
  0.2680555556E+00  0.1138674060E+06
  0.2683333333E+00  0.1139975478E+06
  0.2686111111E+00  0.1141276891E+06
  0.2688888889E+00  0.1142578312E+06
  0.2691666667E+00  0.1143879731E+06
  0.2694444444E+00  0.1145181142E+06
  0.2697222222E+00  0.1146482560E+06
  0.2700000000E+00  0.1147783973E+06
  0.2702777778E+00  0.1148742619E+06
  0.2705555556E+00  0.1149701275E+06
  0.2708333333E+00  0.1150659920E+06
  0.2711111111E+00  0.1151618567E+06
  0.2713888889E+00  0.1152577213E+06
  0.2716666667E+00  0.1153535869E+06
  0.2719444444E+00  0.1154494515E+06
  0.2722222222E+00  0.1155453161E+06
  0.2725000000E+00  0.1156411808E+06
  0.2727777778E+00  0.1157370453E+06
  0.2730555556E+00  0.1158329109E+06
  0.2733333333E+00  0.1159287755E+06
  0.2736111111E+00  0.1160246401E+06
  0.2738888889E+00  0.1161205044E+06
  0.2741666667E+00  0.1162163701E+06
  0.2744444444E+00  0.1163122346E+06
  0.2747222222E+00  0.1164080992E+06
  0.2750000000E+00  0.1165039638E+06
  0.2752777778E+00  0.1165500185E+06
  0.2755555556E+00  0.1165960738E+06
  0.2758333333E+00  0.1166421286E+06
  0.2761111111E+00  0.1166881830E+06
  0.2763888889E+00  0.1167342373E+06
  0.2766666667E+00  0.1167802920E+06
  0.2769444444E+00  0.1168263464E+06
  0.2772222222E+00  0.1168724010E+06
  0.2775000000E+00  0.1169184555E+06
  0.2777777778E+00  0.1169645102E+06
  0.2780555556E+00  0.1170105645E+06
  0.2783333333E+00  0.1170566189E+06
  0.2786111111E+00  0.1171026736E+06
  0.2788888889E+00  0.1171487279E+06
  0.2791666667E+00  0.1171947827E+06
  0.2794444444E+00  0.1172408380E+06
  0.2797222222E+00  0.1172868927E+06
  0.2800000000E+00  0.1173329471E+06
  0.2802777778E+00  0.1173211208E+06
  0.2805555556E+00  0.1173092941E+06
  0.2808333333E+00  0.1172974688E+06
  0.2811111111E+00  0.1172856425E+06
  0.2813888889E+00  0.1172738158E+06
  0.2816666667E+00  0.1172619896E+06
  0.2819444444E+00  0.1172501643E+06
  0.2822222222E+00  0.1172383376E+06
  0.2825000000E+00  0.1172265113E+06
  0.2827777778E+00  0.1172146850E+06
  0.2830555556E+00  0.1172028593E+06
  0.2833333333E+00  0.1171910330E+06
  0.2836111111E+00  0.1171792064E+06
  0.2838888889E+00  0.1171673800E+06
  0.2841666667E+00  0.1171555548E+06
  0.2844444444E+00  0.1171437282E+06
  0.2847222222E+00  0.1171319018E+06
  0.2850000000E+00  0.1171200765E+06
  0.2852777778E+00  0.1170489755E+06
  0.2855555556E+00  0.1169778742E+06
  0.2858333333E+00  0.1169067741E+06
  0.2861111111E+00  0.1168356730E+06
  0.2863888889E+00  0.1167645720E+06
  0.2866666667E+00  0.1166934720E+06
  0.2869444444E+00  0.1166223710E+06
  0.2872222222E+00  0.1165512700E+06
  0.2875000000E+00  0.1164801696E+06
  0.2877777778E+00  0.1164090686E+06
  0.2880555556E+00  0.1163379675E+06
  0.2883333333E+00  0.1162668675E+06
  0.2886111111E+00  0.1161957664E+06
  0.2888888889E+00  0.1161246664E+06
  0.2891666667E+00  0.1160535654E+06
  0.2894444444E+00  0.1159824644E+06
  0.2897222222E+00  0.1159113641E+06
  0.2900000000E+00  0.1158402629E+06
  0.2902777778E+00  0.1157138971E+06
  0.2905555556E+00  0.1155875314E+06
  0.2908333333E+00  0.1154611654E+06
  0.2911111111E+00  0.1153347996E+06
  0.2913888889E+00  0.1152084336E+06
  0.2916666667E+00  0.1150820676E+06
  0.2919444444E+00  0.1149557017E+06
  0.2922222222E+00  0.1148293357E+06
  0.2925000000E+00  0.1147029701E+06
  0.2927777778E+00  0.1145766042E+06
  0.2930555556E+00  0.1144502382E+06
  0.2933333333E+00  0.1143238723E+06
  0.2936111111E+00  0.1141975064E+06
  0.2938888889E+00  0.1140711404E+06
  0.2941666667E+00  0.1139447744E+06
  0.2944444444E+00  0.1138184089E+06
  0.2947222222E+00  0.1136920429E+06
  0.2950000000E+00  0.1135656769E+06
  0.2952777778E+00  0.1133924317E+06
  0.2955555556E+00  0.1132191874E+06
  0.2958333333E+00  0.1130459425E+06
  0.2961111111E+00  0.1128726981E+06
  0.2963888889E+00  0.1126994528E+06
  0.2966666667E+00  0.1125262076E+06
  0.2969444444E+00  0.1123529632E+06
  0.2972222222E+00  0.1121797183E+06
  0.2975000000E+00  0.1120064740E+06
  0.2977777778E+00  0.1118332288E+06
  0.2980555556E+00  0.1116599844E+06
  0.2983333333E+00  0.1114867391E+06
  0.2986111111E+00  0.1113134949E+06
  0.2988888889E+00  0.1111402499E+06
  0.2991666667E+00  0.1109670056E+06
  0.2994444444E+00  0.1107937603E+06
  0.2997222222E+00  0.1106205160E+06
  0.3000000000E+00  0.1104472707E+06
  0.3002777778E+00  0.1102383475E+06
  0.3005555556E+00  0.1100294234E+06
  0.3008333333E+00  0.1098205003E+06
  0.3011111111E+00  0.1096115761E+06
  0.3013888889E+00  0.1094026527E+06
  0.3016666667E+00  0.1091937286E+06
  0.3019444444E+00  0.1089848054E+06
  0.3022222222E+00  0.1087758813E+06
  0.3025000000E+00  0.1085669579E+06
  0.3027777778E+00  0.1083580337E+06
  0.3030555556E+00  0.1081491106E+06
  0.3033333333E+00  0.1079401875E+06
  0.3036111111E+00  0.1077312634E+06
  0.3038888889E+00  0.1075223399E+06
  0.3041666667E+00  0.1073134158E+06
  0.3044444444E+00  0.1071044927E+06
  0.3047222222E+00  0.1068955685E+06
  0.3050000000E+00  0.1066866451E+06
  0.3052777778E+00  0.1064548978E+06
  0.3055555556E+00  0.1062231502E+06
  0.3058333333E+00  0.1059914027E+06
  0.3061111111E+00  0.1057596551E+06
  0.3063888889E+00  0.1055279078E+06
  0.3066666667E+00  0.1052961601E+06
  0.3069444444E+00  0.1050644125E+06
  0.3072222222E+00  0.1048326652E+06
  0.3075000000E+00  0.1046009174E+06
  0.3077777778E+00  0.1043691712E+06
  0.3080555556E+00  0.1041374234E+06
  0.3083333333E+00  0.1039056758E+06
  0.3086111111E+00  0.1036739285E+06
  0.3088888889E+00  0.1034421808E+06
  0.3091666667E+00  0.1032104335E+06
  0.3094444444E+00  0.1029786858E+06
  0.3097222222E+00  0.1027469384E+06
  0.3100000000E+00  0.1025151908E+06
  0.3102777778E+00  0.1022739309E+06
  0.3105555556E+00  0.1020326711E+06
  0.3108333333E+00  0.1017914112E+06
  0.3111111111E+00  0.1015501502E+06
  0.3113888889E+00  0.1013088903E+06
  0.3116666667E+00  0.1010676305E+06
  0.3119444444E+00  0.1008263706E+06
  0.3122222222E+00  0.1005851097E+06
  0.3125000000E+00  0.1003438498E+06
  0.3127777778E+00  0.1001025899E+06
  0.3130555556E+00  0.9986133001E+05
  0.3133333333E+00  0.9962007008E+05
  0.3136111111E+00  0.9937880927E+05
  0.3138888889E+00  0.9913754934E+05
  0.3141666667E+00  0.9889628942E+05
  0.3144444444E+00  0.9865502961E+05
  0.3147222222E+00  0.9841376968E+05
  0.3150000000E+00  0.9817250876E+05
  0.3152777778E+00  0.9793452780E+05
  0.3155555556E+00  0.9769654672E+05
  0.3158333333E+00  0.9745856499E+05
  0.3161111111E+00  0.9722058403E+05
  0.3163888889E+00  0.9698260196E+05
  0.3166666667E+00  0.9674462133E+05
  0.3169444444E+00  0.9650664026E+05
  0.3172222222E+00  0.9626865818E+05
  0.3175000000E+00  0.9603067722E+05
  0.3177777778E+00  0.9579269649E+05
  0.3180555556E+00  0.9555471452E+05
  0.3183333333E+00  0.9531673345E+05
  0.3186111111E+00  0.9507875249E+05
  0.3188888889E+00  0.9484077076E+05
  0.3191666667E+00  0.9460278968E+05
  0.3194444444E+00  0.9436480773E+05
  0.3197222222E+00  0.9412682698E+05
  0.3200000000E+00  0.9388884602E+05
  0.3202777778E+00  0.9366544089E+05
  0.3205555556E+00  0.9344203653E+05
  0.3208333333E+00  0.9321863152E+05
  0.3211111111E+00  0.9299522649E+05
  0.3213888889E+00  0.9277182203E+05
  0.3216666667E+00  0.9254841701E+05
  0.3219444444E+00  0.9232501299E+05
  0.3222222222E+00  0.9210160764E+05
  0.3225000000E+00  0.9187820351E+05
  0.3227777778E+00  0.9165479849E+05
  0.3230555556E+00  0.9143139347E+05
  0.3233333333E+00  0.9120798900E+05
  0.3236111111E+00  0.9098458399E+05
  0.3238888889E+00  0.9076117996E+05
  0.3241666667E+00  0.9053777461E+05
  0.3244444444E+00  0.9031437047E+05
  0.3247222222E+00  0.9009096545E+05
  0.3250000000E+00  0.8986756010E+05
  0.3252777778E+00  0.8966815696E+05
  0.3255555556E+00  0.8946875338E+05
  0.3258333333E+00  0.8926934891E+05
  0.3261111111E+00  0.8906994576E+05
  0.3263888889E+00  0.8887054229E+05
  0.3266666667E+00  0.8867113771E+05
  0.3269444444E+00  0.8847173424E+05
  0.3272222222E+00  0.8827233110E+05
  0.3275000000E+00  0.8807292651E+05
  0.3277777778E+00  0.8787352304E+05
  0.3280555556E+00  0.8767411991E+05
  0.3283333333E+00  0.8747471543E+05
  0.3286111111E+00  0.8727531186E+05
  0.3288888889E+00  0.8707590837E+05
  0.3291666667E+00  0.8687650424E+05
  0.3294444444E+00  0.8667710066E+05
  0.3297222222E+00  0.8647769718E+05
  0.3300000000E+00  0.8627829304E+05
  0.3302777778E+00  0.8610978635E+05
  0.3305555556E+00  0.8594127933E+05
  0.3308333333E+00  0.8577277263E+05
  0.3311111111E+00  0.8560426495E+05
  0.3313888889E+00  0.8543575825E+05
  0.3316666667E+00  0.8526725156E+05
  0.3319444444E+00  0.8509874486E+05
  0.3322222222E+00  0.8493023818E+05
  0.3325000000E+00  0.8476173048E+05
  0.3327777778E+00  0.8459322379E+05
  0.3330555556E+00  0.8442471710E+05
  0.3333333333E+00  0.8425621041E+05
  0.3336111111E+00  0.8408770371E+05
  0.3338888889E+00  0.8391919603E+05
  0.3341666667E+00  0.8375068933E+05
  0.3344444444E+00  0.8358218264E+05
  0.3347222222E+00  0.8341367594E+05
  0.3350000000E+00  0.8324516926E+05
  0.3352777778E+00  0.8311194352E+05
  0.3355555556E+00  0.8297871911E+05
  0.3358333333E+00  0.8284549337E+05
  0.3361111111E+00  0.8271226863E+05
  0.3363888889E+00  0.8257904288E+05
  0.3366666667E+00  0.8244581847E+05
  0.3369444444E+00  0.8231259273E+05
  0.3372222222E+00  0.8217936799E+05
  0.3375000000E+00  0.8204614225E+05
  0.3377777778E+00  0.8191291784E+05
  0.3380555556E+00  0.8177969210E+05
  0.3383333333E+00  0.8164646736E+05
  0.3386111111E+00  0.8151324162E+05
  0.3388888889E+00  0.8138001721E+05
  0.3391666667E+00  0.8124679146E+05
  0.3394444444E+00  0.8111356672E+05
  0.3397222222E+00  0.8098034099E+05
  0.3400000000E+00  0.8084711658E+05
  0.3402777778E+00  0.8075095846E+05
  0.3405555556E+00  0.8065480045E+05
  0.3408333333E+00  0.8055864199E+05
  0.3411111111E+00  0.8046248498E+05
  0.3413888889E+00  0.8036632686E+05
  0.3416666667E+00  0.8027016885E+05
  0.3419444444E+00  0.8017401073E+05
  0.3422222222E+00  0.8007785372E+05
  0.3425000000E+00  0.7998169560E+05
  0.3427777778E+00  0.7988553759E+05
  0.3430555556E+00  0.7978937947E+05
  0.3433333333E+00  0.7969322246E+05
  0.3436111111E+00  0.7959706434E+05
  0.3438888889E+00  0.7950090633E+05
  0.3441666667E+00  0.7940474820E+05
  0.3444444444E+00  0.7930859019E+05
  0.3447222222E+00  0.7921243307E+05
  0.3450000000E+00  0.7911627506E+05
  0.3452777778E+00  0.7905654454E+05
  0.3455555556E+00  0.7899681302E+05
  0.3458333333E+00  0.7893708261E+05
  0.3461111111E+00  0.7887735108E+05
  0.3463888889E+00  0.7881762090E+05
  0.3466666667E+00  0.7875788937E+05
  0.3469444444E+00  0.7869815896E+05
  0.3472222222E+00  0.7863842743E+05
  0.3475000000E+00  0.7857869725E+05
  0.3477777778E+00  0.7851896584E+05
  0.3480555556E+00  0.7845923531E+05
  0.3483333333E+00  0.7839950479E+05
  0.3486111111E+00  0.7833977338E+05
  0.3488888889E+00  0.7828004319E+05
  0.3491666667E+00  0.7822031167E+05
  0.3494444444E+00  0.7816058115E+05
  0.3497222222E+00  0.7810084973E+05
  0.3500000000E+00  0.7804111921E+05
  0.3502777778E+00  0.7801504909E+05
  0.3505555556E+00  0.7798897753E+05
  0.3508333333E+00  0.7796290709E+05
  0.3511111111E+00  0.7793683552E+05
  0.3513888889E+00  0.7791076507E+05
  0.3516666667E+00  0.7788469497E+05
  0.3519444444E+00  0.7785862340E+05
  0.3522222222E+00  0.7783255295E+05
  0.3525000000E+00  0.7780648240E+05
  0.3527777778E+00  0.7778041095E+05
  0.3530555556E+00  0.7775434050E+05
  0.3533333333E+00  0.7772827028E+05
  0.3536111111E+00  0.7770219883E+05
  0.3538888889E+00  0.7767612826E+05
  0.3541666667E+00  0.7765005782E+05
  0.3544444444E+00  0.7762398637E+05
  0.3547222222E+00  0.7759791614E+05
  0.3550000000E+00  0.7757184570E+05
  0.3552777778E+00  0.7757495825E+05
  0.3555555556E+00  0.7757807104E+05
  0.3558333333E+00  0.7758118359E+05
  0.3561111111E+00  0.7758429649E+05
  0.3563888889E+00  0.7758740905E+05
  0.3566666667E+00  0.7759052183E+05
  0.3569444444E+00  0.7759363438E+05
  0.3572222222E+00  0.7759674728E+05
  0.3575000000E+00  0.7759986084E+05
  0.3577777778E+00  0.7760297362E+05
  0.3580555556E+00  0.7760608618E+05
  0.3583333333E+00  0.7760919908E+05
  0.3586111111E+00  0.7761231163E+05
  0.3588888889E+00  0.7761542453E+05
  0.3591666667E+00  0.7761853698E+05
  0.3594444444E+00  0.7762164987E+05
  0.3597222222E+00  0.7762476243E+05
  0.3600000000E+00  0.7762787532E+05
  0.3602777778E+00  0.7765441172E+05
  0.3605555556E+00  0.7768094745E+05
  0.3608333333E+00  0.7770748318E+05
  0.3611111111E+00  0.7773401958E+05
  0.3613888889E+00  0.7776055530E+05
  0.3616666667E+00  0.7778709104E+05
  0.3619444444E+00  0.7781362644E+05
  0.3622222222E+00  0.7784016316E+05
  0.3625000000E+00  0.7786669856E+05
  0.3627777778E+00  0.7789323430E+05
  0.3630555556E+00  0.7791977102E+05
  0.3633333333E+00  0.7794630642E+05
  0.3636111111E+00  0.7797284215E+05
  0.3638888889E+00  0.7799937788E+05
  0.3641666667E+00  0.7802591428E+05
  0.3644444444E+00  0.7805245000E+05
  0.3647222222E+00  0.7807898574E+05
  0.3650000000E+00  0.7810552114E+05
  0.3652777778E+00  0.7814895701E+05
  0.3655555556E+00  0.7819239288E+05
  0.3658333333E+00  0.7823582887E+05
  0.3661111111E+00  0.7827926474E+05
  0.3663888889E+00  0.7832270061E+05
  0.3666666667E+00  0.7836613550E+05
  0.3669444444E+00  0.7840957148E+05
  0.3672222222E+00  0.7845300735E+05
  0.3675000000E+00  0.7849644323E+05
  0.3677777778E+00  0.7853987910E+05
  0.3680555556E+00  0.7858331497E+05
  0.3683333333E+00  0.7862675097E+05
  0.3686111111E+00  0.7867018584E+05
  0.3688888889E+00  0.7871362171E+05
  0.3691666667E+00  0.7875705758E+05
  0.3694444444E+00  0.7880049357E+05
  0.3697222222E+00  0.7884392944E+05
  0.3700000000E+00  0.7888736532E+05
  0.3702777778E+00  0.7894086394E+05
  0.3705555556E+00  0.7899436367E+05
  0.3708333333E+00  0.7904786229E+05
  0.3711111111E+00  0.7910136158E+05
  0.3713888889E+00  0.7915486032E+05
  0.3716666667E+00  0.7920835993E+05
  0.3719444444E+00  0.7926185956E+05
  0.3722222222E+00  0.7931535795E+05
  0.3725000000E+00  0.7936885758E+05
  0.3727777778E+00  0.7942235620E+05
  0.3730555556E+00  0.7947585549E+05
  0.3733333333E+00  0.7952935422E+05
  0.3736111111E+00  0.7958285384E+05
  0.3738888889E+00  0.7963635246E+05
  0.3741666667E+00  0.7968985187E+05
  0.3744444444E+00  0.7974335148E+05
  0.3747222222E+00  0.7979685011E+05
  0.3750000000E+00  0.7985034983E+05
  0.3752777778E+00  0.7990728873E+05
  0.3755555556E+00  0.7996422864E+05
  0.3758333333E+00  0.8002116764E+05
  0.3761111111E+00  0.8007810753E+05
  0.3763888889E+00  0.8013504643E+05
  0.3766666667E+00  0.8019198643E+05
  0.3769444444E+00  0.8024892534E+05
  0.3772222222E+00  0.8030586424E+05
  0.3775000000E+00  0.8036280424E+05
  0.3777777778E+00  0.8041974314E+05
  0.3780555556E+00  0.8047668304E+05
  0.3783333333E+00  0.8053362204E+05
  0.3786111111E+00  0.8059056194E+05
  0.3788888889E+00  0.8064750084E+05
  0.3791666667E+00  0.8070444084E+05
  0.3794444444E+00  0.8076137974E+05
  0.3797222222E+00  0.8081831964E+05
  0.3800000000E+00  0.8087525864E+05
  0.3802777778E+00  0.8092951342E+05
  0.3805555556E+00  0.8098376832E+05
  0.3808333333E+00  0.8103802320E+05
  0.3811111111E+00  0.8109227798E+05
  0.3813888889E+00  0.8114653287E+05
  0.3816666667E+00  0.8120078776E+05
  0.3819444444E+00  0.8125504253E+05
  0.3822222222E+00  0.8130929742E+05
  0.3825000000E+00  0.8136355231E+05
  0.3827777778E+00  0.8141780576E+05
  0.3830555556E+00  0.8147206065E+05
  0.3833333333E+00  0.8152631554E+05
  0.3836111111E+00  0.8158057031E+05
  0.3838888889E+00  0.8163482520E+05
  0.3841666667E+00  0.8168908009E+05
  0.3844444444E+00  0.8174333487E+05
  0.3847222222E+00  0.8179758975E+05
  0.3850000000E+00  0.8185184464E+05
  0.3852777778E+00  0.8189830459E+05
  0.3855555556E+00  0.8194476487E+05
  0.3858333333E+00  0.8199122514E+05
  0.3861111111E+00  0.8203768508E+05
  0.3863888889E+00  0.8208414535E+05
  0.3866666667E+00  0.8213060530E+05
  0.3869444444E+00  0.8217706557E+05
  0.3872222222E+00  0.8222352552E+05
  0.3875000000E+00  0.8226998579E+05
  0.3877777778E+00  0.8231644607E+05
  0.3880555556E+00  0.8236290601E+05
  0.3883333333E+00  0.8240936628E+05
  0.3886111111E+00  0.8245582623E+05
  0.3888888889E+00  0.8250228650E+05
  0.3891666667E+00  0.8254874645E+05
  0.3894444444E+00  0.8259520671E+05
  0.3897222222E+00  0.8264166700E+05
  0.3900000000E+00  0.8268812693E+05
  0.3902777778E+00  0.8272271584E+05
  0.3905555556E+00  0.8275730529E+05
  0.3908333333E+00  0.8279189519E+05
  0.3911111111E+00  0.8282648464E+05
  0.3913888889E+00  0.8286107421E+05
  0.3916666667E+00  0.8289566399E+05
  0.3919444444E+00  0.8293025345E+05
  0.3922222222E+00  0.8296484335E+05
  0.3925000000E+00  0.8299943280E+05
  0.3927777778E+00  0.8303402270E+05
  0.3930555556E+00  0.8306861215E+05
  0.3933333333E+00  0.8310320172E+05
  0.3936111111E+00  0.8313779150E+05
  0.3938888889E+00  0.8317238108E+05
  0.3941666667E+00  0.8320697087E+05
  0.3944444444E+00  0.8324156032E+05
  0.3947222222E+00  0.8327614922E+05
  0.3950000000E+00  0.8331073867E+05
  0.3952777778E+00  0.8333077784E+05
  0.3955555556E+00  0.8335081689E+05
  0.3958333333E+00  0.8337085462E+05
  0.3961111111E+00  0.8339089378E+05
  0.3963888889E+00  0.8341093284E+05
  0.3966666667E+00  0.8343097090E+05
  0.3969444444E+00  0.8345100995E+05
  0.3972222222E+00  0.8347104913E+05
  0.3975000000E+00  0.8349108685E+05
  0.3977777778E+00  0.8351112591E+05
  0.3980555556E+00  0.8353116396E+05
  0.3983333333E+00  0.8355120313E+05
  0.3986111111E+00  0.8357124219E+05
  0.3988888889E+00  0.8359127992E+05
  0.3991666667E+00  0.8361131909E+05
  0.3994444444E+00  0.8363135813E+05
  0.3997222222E+00  0.8365139620E+05
  0.4000000000E+00  0.8367143526E+05
  0.4002777778E+00  0.8367554941E+05
  0.4005555556E+00  0.8367966344E+05
  0.4008333333E+00  0.8368377782E+05
  0.4011111111E+00  0.8368789286E+05
  0.4013888889E+00  0.8369200724E+05
  0.4016666667E+00  0.8369612127E+05
  0.4019444444E+00  0.8370023532E+05
  0.4022222222E+00  0.8370434969E+05
  0.4025000000E+00  0.8370846474E+05
  0.4027777778E+00  0.8371257921E+05
  0.4030555556E+00  0.8371669326E+05
  0.4033333333E+00  0.8372080730E+05
  0.4036111111E+00  0.8372492167E+05
  0.4038888889E+00  0.8372903571E+05
  0.4041666667E+00  0.8373315109E+05
  0.4044444444E+00  0.8373726513E+05
  0.4047222222E+00  0.8374137916E+05
  0.4050000000E+00  0.8374549365E+05
  0.4052777778E+00  0.8373366376E+05
  0.4055555556E+00  0.8372183363E+05
  0.4058333333E+00  0.8371000383E+05
  0.4061111111E+00  0.8369817405E+05
  0.4063888889E+00  0.8368634392E+05
  0.4066666667E+00  0.8367451403E+05
  0.4069444444E+00  0.8366268423E+05
  0.4072222222E+00  0.8365085345E+05
  0.4075000000E+00  0.8363902332E+05
  0.4077777778E+00  0.8362719354E+05
  0.4080555556E+00  0.8361536375E+05
  0.4083333333E+00  0.8360353384E+05
  0.4086111111E+00  0.8359170372E+05
  0.4088888889E+00  0.8357987393E+05
  0.4091666667E+00  0.8356804415E+05
  0.4094444444E+00  0.8355621435E+05
  0.4097222222E+00  0.8354438423E+05
  0.4100000000E+00  0.8353255433E+05
  0.4102777778E+00  0.8350595794E+05
  0.4105555556E+00  0.8347936142E+05
  0.4108333333E+00  0.8345276592E+05
  0.4111111111E+00  0.8342616940E+05
  0.4113888889E+00  0.8339957301E+05
  0.4116666667E+00  0.8337297750E+05
  0.4119444444E+00  0.8334638099E+05
  0.4122222222E+00  0.8331978416E+05
  0.4125000000E+00  0.8329318864E+05
  0.4127777778E+00  0.8326659225E+05
  0.4130555556E+00  0.8323999574E+05
  0.4133333333E+00  0.8321340023E+05
  0.4136111111E+00  0.8318680372E+05
  0.4138888889E+00  0.8316020732E+05
  0.4141666667E+00  0.8313361182E+05
  0.4144444444E+00  0.8310701531E+05
  0.4147222222E+00  0.8308041880E+05
  0.4150000000E+00  0.8305382341E+05
  0.4152777778E+00  0.8301463769E+05
  0.4155555556E+00  0.8297545198E+05
  0.4158333333E+00  0.8293626638E+05
  0.4161111111E+00  0.8289708067E+05
  0.4163888889E+00  0.8285789496E+05
  0.4166666667E+00  0.8281870958E+05
  0.4169444444E+00  0.8277952399E+05
  0.4172222222E+00  0.8274033827E+05
  0.4175000000E+00  0.8270115257E+05
  0.4177777778E+00  0.8266196696E+05
  0.4180555556E+00  0.8262278126E+05
  0.4183333333E+00  0.8258359555E+05
  0.4186111111E+00  0.8254441016E+05
  0.4188888889E+00  0.8250522457E+05
  0.4191666667E+00  0.8246603886E+05
  0.4194444444E+00  0.8242685315E+05
  0.4197222222E+00  0.8238766755E+05
  0.4200000000E+00  0.8234848184E+05
  0.4202777778E+00  0.8229966274E+05
  0.4205555556E+00  0.8225084409E+05
  0.4208333333E+00  0.8220202600E+05
  0.4211111111E+00  0.8215320690E+05
  0.4213888889E+00  0.8210438781E+05
  0.4216666667E+00  0.8205556883E+05
  0.4219444444E+00  0.8200675073E+05
  0.4222222222E+00  0.8195793197E+05
  0.4225000000E+00  0.8190911299E+05
  0.4227777778E+00  0.8186029390E+05
  0.4230555556E+00  0.8181147580E+05
  0.4233333333E+00  0.8176265682E+05
  0.4236111111E+00  0.8171383773E+05
  0.4238888889E+00  0.8166501896E+05
  0.4241666667E+00  0.8161620086E+05
  0.4244444444E+00  0.8156738188E+05
  0.4247222222E+00  0.8151856278E+05
  0.4250000000E+00  0.8146974369E+05
  0.4252777778E+00  0.8141473060E+05
  0.4255555556E+00  0.8135971652E+05
  0.4258333333E+00  0.8130470343E+05
  0.4261111111E+00  0.8124968935E+05
  0.4263888889E+00  0.8119467526E+05
  0.4266666667E+00  0.8113966207E+05
  0.4269444444E+00  0.8108464798E+05
  0.4272222222E+00  0.8102963489E+05
  0.4275000000E+00  0.8097462081E+05
  0.4277777778E+00  0.8091960639E+05
  0.4280555556E+00  0.8086459330E+05
  0.4283333333E+00  0.8080957922E+05
  0.4286111111E+00  0.8075456602E+05
  0.4288888889E+00  0.8069955193E+05
  0.4291666667E+00  0.8064453785E+05
  0.4294444444E+00  0.8058952476E+05
  0.4297222222E+00  0.8053451068E+05
  0.4300000000E+00  0.8047949759E+05
  0.4302777778E+00  0.8042192073E+05
  0.4305555556E+00  0.8036434376E+05
  0.4308333333E+00  0.8030676822E+05
  0.4311111111E+00  0.8024919137E+05
  0.4313888889E+00  0.8019161439E+05
  0.4316666667E+00  0.8013403854E+05
  0.4319444444E+00  0.8007646200E+05
  0.4322222222E+00  0.8001888503E+05
  0.4325000000E+00  0.7996130817E+05
  0.4327777778E+00  0.7990373231E+05
  0.4330555556E+00  0.7984615546E+05
  0.4333333333E+00  0.7978857882E+05
  0.4336111111E+00  0.7973100296E+05
  0.4338888889E+00  0.7967342609E+05
  0.4341666667E+00  0.7961584912E+05
  0.4344444444E+00  0.7955827359E+05
  0.4347222222E+00  0.7950069674E+05
  0.4350000000E+00  0.7944311987E+05
  0.4352777778E+00  0.7938651403E+05
  0.4355555556E+00  0.7932990798E+05
  0.4358333333E+00  0.7927330225E+05
  0.4361111111E+00  0.7921669553E+05
  0.4363888889E+00  0.7916008981E+05
  0.4366666667E+00  0.7910348408E+05
  0.4369444444E+00  0.7904687703E+05
  0.4372222222E+00  0.7899027130E+05
  0.4375000000E+00  0.7893366547E+05
  0.4377777778E+00  0.7887705974E+05
  0.4380555556E+00  0.7882045269E+05
  0.4383333333E+00  0.7876384696E+05
  0.4386111111E+00  0.7870724124E+05
  0.4388888889E+00  0.7865063452E+05
  0.4391666667E+00  0.7859402866E+05
  0.4394444444E+00  0.7853742264E+05
  0.4397222222E+00  0.7848081650E+05
  0.4400000000E+00  0.7842421058E+05
  0.4402777778E+00  0.7837176856E+05
  0.4405555556E+00  0.7831932644E+05
  0.4408333333E+00  0.7826688431E+05
  0.4411111111E+00  0.7821444228E+05
  0.4413888889E+00  0.7816200060E+05
  0.4416666667E+00  0.7810955847E+05
  0.4419444444E+00  0.7805711645E+05
  0.4422222222E+00  0.7800467443E+05
  0.4425000000E+00  0.7795223230E+05
  0.4427777778E+00  0.7789979060E+05
  0.4430555556E+00  0.7784734858E+05
  0.4433333333E+00  0.7779490645E+05
  0.4436111111E+00  0.7774246442E+05
  0.4438888889E+00  0.7769002241E+05
  0.4441666667E+00  0.7763758027E+05
  0.4444444444E+00  0.7758513859E+05
  0.4447222222E+00  0.7753269657E+05
  0.4450000000E+00  0.7748025444E+05
  0.4452777778E+00  0.7743455541E+05
  0.4455555556E+00  0.7738885628E+05
  0.4458333333E+00  0.7734315725E+05
  0.4461111111E+00  0.7729745812E+05
  0.4463888889E+00  0.7725175909E+05
  0.4466666667E+00  0.7720605996E+05
  0.4469444444E+00  0.7716036093E+05
  0.4472222222E+00  0.7711466180E+05
  0.4475000000E+00  0.7706896278E+05
  0.4477777778E+00  0.7702326365E+05
  0.4480555556E+00  0.7697756472E+05
  0.4483333333E+00  0.7693186559E+05
  0.4486111111E+00  0.7688616656E+05
  0.4488888889E+00  0.7684046743E+05
  0.4491666667E+00  0.7679476841E+05
  0.4494444444E+00  0.7674906927E+05
  0.4497222222E+00  0.7670337026E+05
  0.4500000000E+00  0.7665767112E+05
  0.4502777778E+00  0.7662056948E+05
  0.4505555556E+00  0.7658346774E+05
  0.4508333333E+00  0.7654636577E+05
  0.4511111111E+00  0.7650926392E+05
  0.4513888889E+00  0.7647216230E+05
  0.4516666667E+00  0.7643506022E+05
  0.4519444444E+00  0.7639795848E+05
  0.4522222222E+00  0.7636085684E+05
  0.4525000000E+00  0.7632375476E+05
  0.4527777778E+00  0.7628665313E+05
  0.4530555556E+00  0.7624955139E+05
  0.4533333333E+00  0.7621244942E+05
  0.4536111111E+00  0.7617534757E+05
  0.4538888889E+00  0.7613824594E+05
  0.4541666667E+00  0.7610114387E+05
  0.4544444444E+00  0.7606404224E+05
  0.4547222222E+00  0.7602694049E+05
  0.4550000000E+00  0.7598983841E+05
  0.4552777778E+00  0.7596236240E+05
  0.4555555556E+00  0.7593488636E+05
  0.4558333333E+00  0.7590741035E+05
  0.4561111111E+00  0.7587993432E+05
  0.4563888889E+00  0.7585245818E+05
  0.4566666667E+00  0.7582498227E+05
  0.4569444444E+00  0.7579750615E+05
  0.4572222222E+00  0.7577003012E+05
  0.4575000000E+00  0.7574255409E+05
  0.4577777778E+00  0.7571507807E+05
  0.4580555556E+00  0.7568760194E+05
  0.4583333333E+00  0.7566012603E+05
  0.4586111111E+00  0.7563264989E+05
  0.4588888889E+00  0.7560517364E+05
  0.4591666667E+00  0.7557769752E+05
  0.4594444444E+00  0.7555022148E+05
  0.4597222222E+00  0.7552274547E+05
  0.4600000000E+00  0.7549526944E+05
  0.4602777778E+00  0.7547756642E+05
  0.4605555556E+00  0.7545986338E+05
  0.4608333333E+00  0.7544216036E+05
  0.4611111111E+00  0.7542445732E+05
  0.4613888889E+00  0.7540675440E+05
  0.4616666667E+00  0.7538905139E+05
  0.4619444444E+00  0.7537134835E+05
  0.4622222222E+00  0.7535364543E+05
  0.4625000000E+00  0.7533594229E+05
  0.4627777778E+00  0.7531823936E+05
  0.4630555556E+00  0.7530053644E+05
  0.4633333333E+00  0.7528283330E+05
  0.4636111111E+00  0.7526513038E+05
  0.4638888889E+00  0.7524742724E+05
  0.4641666667E+00  0.7522972432E+05
  0.4644444444E+00  0.7521202141E+05
  0.4647222222E+00  0.7519431827E+05
  0.4650000000E+00  0.7517661535E+05
  0.4652777778E+00  0.7516800195E+05
  0.4655555556E+00  0.7515938824E+05
  0.4658333333E+00  0.7515077485E+05
  0.4661111111E+00  0.7514216125E+05
  0.4663888889E+00  0.7513354753E+05
  0.4666666667E+00  0.7512493414E+05
  0.4669444444E+00  0.7511632042E+05
  0.4672222222E+00  0.7510770703E+05
  0.4675000000E+00  0.7509909332E+05
  0.4677777778E+00  0.7509047972E+05
  0.4680555556E+00  0.7508186632E+05
  0.4683333333E+00  0.7507325261E+05
  0.4686111111E+00  0.7506463888E+05
  0.4688888889E+00  0.7505602550E+05
  0.4691666667E+00  0.7504741190E+05
  0.4694444444E+00  0.7503879851E+05
  0.4697222222E+00  0.7503018479E+05
  0.4700000000E+00  0.7502157107E+05
  0.4702777778E+00  0.7502062465E+05
  0.4705555556E+00  0.7501967777E+05
  0.4708333333E+00  0.7501873101E+05
  0.4711111111E+00  0.7501778414E+05
  0.4713888889E+00  0.7501683737E+05
  0.4716666667E+00  0.7501589051E+05
  0.4719444444E+00  0.7501494375E+05
  0.4722222222E+00  0.7501399687E+05
  0.4725000000E+00  0.7501305011E+05
  0.4727777778E+00  0.7501210358E+05
  0.4730555556E+00  0.7501115682E+05
  0.4733333333E+00  0.7501020994E+05
  0.4736111111E+00  0.7500926318E+05
  0.4738888889E+00  0.7500831631E+05
  0.4741666667E+00  0.7500736955E+05
  0.4744444444E+00  0.7500642268E+05
  0.4747222222E+00  0.7500547592E+05
  0.4750000000E+00  0.7500452914E+05
  0.4752777778E+00  0.7500925688E+05
  0.4755555556E+00  0.7501398449E+05
  0.4758333333E+00  0.7501871199E+05
  0.4761111111E+00  0.7502343950E+05
  0.4763888889E+00  0.7502816701E+05
  0.4766666667E+00  0.7503289451E+05
  0.4769444444E+00  0.7503762201E+05
  0.4772222222E+00  0.7504234951E+05
  0.4775000000E+00  0.7504707746E+05
  0.4777777778E+00  0.7505180486E+05
  0.4780555556E+00  0.7505653236E+05
  0.4783333333E+00  0.7506125997E+05
  0.4786111111E+00  0.7506598747E+05
  0.4788888889E+00  0.7507071497E+05
  0.4791666667E+00  0.7507544248E+05
  0.4794444444E+00  0.7508016998E+05
  0.4797222222E+00  0.7508489749E+05
  0.4800000000E+00  0.7508962543E+05
  0.4802777778E+00  0.7509762118E+05
  0.4805555556E+00  0.7510561705E+05
  0.4808333333E+00  0.7511361314E+05
  0.4811111111E+00  0.7512160901E+05
  0.4813888889E+00  0.7512960477E+05
  0.4816666667E+00  0.7513760097E+05
  0.4819444444E+00  0.7514559672E+05
  0.4822222222E+00  0.7515359292E+05
  0.4825000000E+00  0.7516158867E+05
  0.4827777778E+00  0.7516958454E+05
  0.4830555556E+00  0.7517758063E+05
  0.4833333333E+00  0.7518557650E+05
  0.4836111111E+00  0.7519357226E+05
  0.4838888889E+00  0.7520156845E+05
  0.4841666667E+00  0.7520956421E+05
  0.4844444444E+00  0.7521756041E+05
  0.4847222222E+00  0.7522555617E+05
  0.4850000000E+00  0.7523355203E+05
  0.4852777778E+00  0.7524224423E+05
  0.4855555556E+00  0.7525093620E+05
  0.4858333333E+00  0.7525962828E+05
  0.4861111111E+00  0.7526832015E+05
  0.4863888889E+00  0.7527701245E+05
  0.4866666667E+00  0.7528570431E+05
  0.4869444444E+00  0.7529439617E+05
  0.4872222222E+00  0.7530308847E+05
  0.4875000000E+00  0.7531178034E+05
  0.4877777778E+00  0.7532047255E+05
  0.4880555556E+00  0.7532916441E+05
  0.4883333333E+00  0.7533785671E+05
  0.4886111111E+00  0.7534654857E+05
  0.4888888889E+00  0.7535524077E+05
  0.4891666667E+00  0.7536393274E+05
  0.4894444444E+00  0.7537262494E+05
  0.4897222222E+00  0.7538131680E+05
  0.4900000000E+00  0.7539000910E+05
  0.4902777778E+00  0.7539684664E+05
  0.4905555556E+00  0.7540368420E+05
  0.4908333333E+00  0.7541052195E+05
  0.4911111111E+00  0.7541735983E+05
  0.4913888889E+00  0.7542419739E+05
  0.4916666667E+00  0.7543103515E+05
  0.4919444444E+00  0.7543787302E+05
  0.4922222222E+00  0.7544471057E+05
  0.4925000000E+00  0.7545154834E+05
  0.4927777778E+00  0.7545838621E+05
  0.4930555556E+00  0.7546522386E+05
  0.4933333333E+00  0.7547206153E+05
  0.4936111111E+00  0.7547889907E+05
  0.4938888889E+00  0.7548573705E+05
  0.4941666667E+00  0.7549257471E+05
  0.4944444444E+00  0.7549941226E+05
  0.4947222222E+00  0.7550625024E+05
  0.4950000000E+00  0.7551308790E+05
