  0.1027777778E-01  0.2241853513E+08
  0.1055555556E-01  0.2239506246E+08
  0.1083333333E-01  0.2237159012E+08
  0.1111111111E-01  0.2234811745E+08
  0.1138888889E-01  0.2232464500E+08
  0.1166666667E-01  0.2230117244E+08
  0.1194444444E-01  0.2227770000E+08
  0.1222222222E-01  0.2225422743E+08
  0.1250000000E-01  0.2223075511E+08
  0.1277777778E-01  0.2220728243E+08
  0.1305555556E-01  0.2218381009E+08
  0.1333333333E-01  0.2216033741E+08
  0.1361111111E-01  0.2213686508E+08
  0.1388888889E-01  0.2211339231E+08
  0.1416666667E-01  0.2208992008E+08
  0.1444444444E-01  0.2206644730E+08
  0.1472222222E-01  0.2204297507E+08
  0.1500000000E-01  0.2201950240E+08
  0.1527777778E-01  0.2198734363E+08
  0.1555555556E-01  0.2195518453E+08
  0.1583333333E-01  0.2192302576E+08
  0.1611111111E-01  0.2189086700E+08
  0.1638888889E-01  0.2185870789E+08
  0.1666666667E-01  0.2182654912E+08
  0.1694444444E-01  0.2179439003E+08
  0.1722222222E-01  0.2176223125E+08
  0.1750000000E-01  0.2173007250E+08
  0.1777777778E-01  0.2169791339E+08
  0.1805555556E-01  0.2166575463E+08
  0.1833333333E-01  0.2163359553E+08
  0.1861111111E-01  0.2160143675E+08
  0.1888888889E-01  0.2156927799E+08
  0.1916666667E-01  0.2153711888E+08
  0.1944444444E-01  0.2150496012E+08
  0.1972222222E-01  0.2147280102E+08
  0.2000000000E-01  0.2144064225E+08
  0.2027777778E-01  0.2140045429E+08
  0.2055555556E-01  0.2136026624E+08
  0.2083333333E-01  0.2132007784E+08
  0.2111111111E-01  0.2127988978E+08
  0.2138888889E-01  0.2123970171E+08
  0.2166666667E-01  0.2119951365E+08
  0.2194444444E-01  0.2115932559E+08
  0.2222222222E-01  0.2111913719E+08
  0.2250000000E-01  0.2107894922E+08
  0.2277777778E-01  0.2103876117E+08
  0.2305555556E-01  0.2099857310E+08
  0.2333333333E-01  0.2095838504E+08
  0.2361111111E-01  0.2091819665E+08
  0.2388888889E-01  0.2087800858E+08
  0.2416666667E-01  0.2083782052E+08
  0.2444444444E-01  0.2079763246E+08
  0.2472222222E-01  0.2075744439E+08
  0.2500000000E-01  0.2071725600E+08
  0.2527777778E-01  0.2066986052E+08
  0.2555555556E-01  0.2062246471E+08
  0.2583333333E-01  0.2057506924E+08
  0.2611111111E-01  0.2052767344E+08
  0.2638888889E-01  0.2048027807E+08
  0.2666666667E-01  0.2043288216E+08
  0.2694444444E-01  0.2038548668E+08
  0.2722222222E-01  0.2033809099E+08
  0.2750000000E-01  0.2029069541E+08
  0.2777777778E-01  0.2024329960E+08
  0.2805555556E-01  0.2019590423E+08
  0.2833333333E-01  0.2014850832E+08
  0.2861111111E-01  0.2010111296E+08
  0.2888888889E-01  0.2005371715E+08
  0.2916666667E-01  0.2000632167E+08
  0.2944444444E-01  0.1995892587E+08
  0.2972222222E-01  0.1991153040E+08
  0.3000000000E-01  0.1986413459E+08
  0.3027777778E-01  0.1981048803E+08
  0.3055555556E-01  0.1975684145E+08
  0.3083333333E-01  0.1970319499E+08
  0.3111111111E-01  0.1964954842E+08
  0.3138888889E-01  0.1959590197E+08
  0.3166666667E-01  0.1954225539E+08
  0.3194444444E-01  0.1948860893E+08
  0.3222222222E-01  0.1943496235E+08
  0.3250000000E-01  0.1938131589E+08
  0.3277777778E-01  0.1932766932E+08
  0.3305555556E-01  0.1927402287E+08
  0.3333333333E-01  0.1922037619E+08
  0.3361111111E-01  0.1916672973E+08
  0.3388888889E-01  0.1911308316E+08
  0.3416666667E-01  0.1905943669E+08
  0.3444444444E-01  0.1900579012E+08
  0.3472222222E-01  0.1895214366E+08
  0.3500000000E-01  0.1889849709E+08
  0.3527777778E-01  0.1883963632E+08
  0.3555555556E-01  0.1878077565E+08
  0.3583333333E-01  0.1872191489E+08
  0.3611111111E-01  0.1866305411E+08
  0.3638888889E-01  0.1860419333E+08
  0.3666666667E-01  0.1854533256E+08
  0.3694444444E-01  0.1848647189E+08
  0.3722222222E-01  0.1842761112E+08
  0.3750000000E-01  0.1836875001E+08
  0.3777777778E-01  0.1830988935E+08
  0.3805555556E-01  0.1825102858E+08
  0.3833333333E-01  0.1819216791E+08
  0.3861111111E-01  0.1813330714E+08
  0.3888888889E-01  0.1807444637E+08
  0.3916666667E-01  0.1801558559E+08
  0.3944444444E-01  0.1795672482E+08
  0.3972222222E-01  0.1789786415E+08
  0.4000000000E-01  0.1783900305E+08
  0.4027777778E-01  0.1777604499E+08
  0.4055555556E-01  0.1771308661E+08
  0.4083333333E-01  0.1765012821E+08
  0.4111111111E-01  0.1758716972E+08
  0.4138888889E-01  0.1752421132E+08
  0.4166666667E-01  0.1746125293E+08
  0.4194444444E-01  0.1739829455E+08
  0.4222222222E-01  0.1733533616E+08
  0.4250000000E-01  0.1727237811E+08
  0.4277777778E-01  0.1720941960E+08
  0.4305555556E-01  0.1714646132E+08
  0.4333333333E-01  0.1708350293E+08
  0.4361111111E-01  0.1702054444E+08
  0.4388888889E-01  0.1695758605E+08
  0.4416666667E-01  0.1689462756E+08
  0.4444444444E-01  0.1683166960E+08
  0.4472222222E-01  0.1676871121E+08
  0.4500000000E-01  0.1670575272E+08
  0.4527777778E-01  0.1663984265E+08
  0.4555555556E-01  0.1657393282E+08
  0.4583333333E-01  0.1650802299E+08
  0.4611111111E-01  0.1644211294E+08
  0.4638888889E-01  0.1637620310E+08
  0.4666666667E-01  0.1631029328E+08
  0.4694444444E-01  0.1624438321E+08
  0.4722222222E-01  0.1617847327E+08
  0.4750000000E-01  0.1611256355E+08
  0.4777777778E-01  0.1604665348E+08
  0.4805555556E-01  0.1598074355E+08
  0.4833333333E-01  0.1591483349E+08
  0.4861111111E-01  0.1584892365E+08
  0.4888888889E-01  0.1578301383E+08
  0.4916666667E-01  0.1571710376E+08
  0.4944444444E-01  0.1565119382E+08
  0.4972222222E-01  0.1558528410E+08
  0.5000000000E-01  0.1551937404E+08
  0.5027777778E-01  0.1545165900E+08
  0.5055555556E-01  0.1538394385E+08
  0.5083333333E-01  0.1531622870E+08
  0.5111111111E-01  0.1524851343E+08
  0.5138888889E-01  0.1518079817E+08
  0.5166666667E-01  0.1511308335E+08
  0.5194444444E-01  0.1504536819E+08
  0.5222222222E-01  0.1497765293E+08
  0.5250000000E-01  0.1490993767E+08
  0.5277777778E-01  0.1484222285E+08
  0.5305555556E-01  0.1477450758E+08
  0.5333333333E-01  0.1470679243E+08
  0.5361111111E-01  0.1463907717E+08
  0.5388888889E-01  0.1457136191E+08
  0.5416666667E-01  0.1450364708E+08
  0.5444444444E-01  0.1443593183E+08
  0.5472222222E-01  0.1436821656E+08
  0.5500000000E-01  0.1430050140E+08
  0.5527777778E-01  0.1423209530E+08
  0.5555555556E-01  0.1416368930E+08
  0.5583333333E-01  0.1409528298E+08
  0.5611111111E-01  0.1402687697E+08
  0.5638888889E-01  0.1395847053E+08
  0.5666666667E-01  0.1389006443E+08
  0.5694444444E-01  0.1382165809E+08
  0.5722222222E-01  0.1375325199E+08
  0.5750000000E-01  0.1368484599E+08
  0.5777777778E-01  0.1361643966E+08
  0.5805555556E-01  0.1354803356E+08
  0.5833333333E-01  0.1347962722E+08
  0.5861111111E-01  0.1341122112E+08
  0.5888888889E-01  0.1334281512E+08
  0.5916666667E-01  0.1327440868E+08
  0.5944444444E-01  0.1320600258E+08
  0.5972222222E-01  0.1313759635E+08
  0.6000000000E-01  0.1306919025E+08
  0.6027777778E-01  0.1300115312E+08
  0.6055555556E-01  0.1293311599E+08
  0.6083333333E-01  0.1286507920E+08
  0.6111111111E-01  0.1279704207E+08
  0.6138888889E-01  0.1272900494E+08
  0.6166666667E-01  0.1266096792E+08
  0.6194444444E-01  0.1259293112E+08
  0.6222222222E-01  0.1252489389E+08
  0.6250000000E-01  0.1245685677E+08
  0.6277777778E-01  0.1238881970E+08
  0.6305555556E-01  0.1232078264E+08
  0.6333333333E-01  0.1225274558E+08
  0.6361111111E-01  0.1218470852E+08
  0.6388888889E-01  0.1211667157E+08
  0.6416666667E-01  0.1204863450E+08
  0.6444444444E-01  0.1198059748E+08
  0.6472222222E-01  0.1191256041E+08
  0.6500000000E-01  0.1184452335E+08
  0.6527777778E-01  0.1177782835E+08
  0.6555555556E-01  0.1171113331E+08
  0.6583333333E-01  0.1164443830E+08
  0.6611111111E-01  0.1157774340E+08
  0.6638888889E-01  0.1151104825E+08
  0.6666666667E-01  0.1144435324E+08
  0.6694444444E-01  0.1137765833E+08
  0.6722222222E-01  0.1131096330E+08
  0.6750000000E-01  0.1124426829E+08
  0.6777777778E-01  0.1117757339E+08
  0.6805555556E-01  0.1111087835E+08
  0.6833333333E-01  0.1104418323E+08
  0.6861111111E-01  0.1097748832E+08
  0.6888888889E-01  0.1091079329E+08
  0.6916666667E-01  0.1084409828E+08
  0.6944444444E-01  0.1077740338E+08
  0.6972222222E-01  0.1071070834E+08
  0.7000000000E-01  0.1064401333E+08
  0.7027777778E-01  0.1057953128E+08
  0.7055555556E-01  0.1051504909E+08
  0.7083333333E-01  0.1045056710E+08
  0.7111111111E-01  0.1038608504E+08
  0.7138888889E-01  0.1032160293E+08
  0.7166666667E-01  0.1025712092E+08
  0.7194444444E-01  0.1019263886E+08
  0.7222222222E-01  0.1012815675E+08
  0.7250000000E-01  0.1006367473E+08
  0.7277777778E-01  0.9999192575E+07
  0.7305555556E-01  0.9934710566E+07
  0.7333333333E-01  0.9870228513E+07
  0.7361111111E-01  0.9805746396E+07
  0.7388888889E-01  0.9741264377E+07
  0.7416666667E-01  0.9676782224E+07
  0.7444444444E-01  0.9612300215E+07
  0.7472222222E-01  0.9547818165E+07
  0.7500000000E-01  0.9483336045E+07
  0.7527777778E-01  0.9421814350E+07
  0.7555555556E-01  0.9360292516E+07
  0.7583333333E-01  0.9298770721E+07
  0.7611111111E-01  0.9237249024E+07
  0.7638888889E-01  0.9175727229E+07
  0.7666666667E-01  0.9114205397E+07
  0.7694444444E-01  0.9052683600E+07
  0.7722222222E-01  0.8991161905E+07
  0.7750000000E-01  0.8929640072E+07
  0.7777777778E-01  0.8868118276E+07
  0.7805555556E-01  0.8806596581E+07
  0.7833333333E-01  0.8745074751E+07
  0.7861111111E-01  0.8683552952E+07
  0.7888888889E-01  0.8622031257E+07
  0.7916666667E-01  0.8560509426E+07
  0.7944444444E-01  0.8498987630E+07
  0.7972222222E-01  0.8437465834E+07
  0.8000000000E-01  0.8375944103E+07
  0.8027777778E-01  0.8318001896E+07
  0.8055555556E-01  0.8260059542E+07
  0.8083333333E-01  0.8202117289E+07
  0.8111111111E-01  0.8144175047E+07
  0.8138888889E-01  0.8086232795E+07
  0.8166666667E-01  0.8028290442E+07
  0.8194444444E-01  0.7970348200E+07
  0.8222222222E-01  0.7912405948E+07
  0.8250000000E-01  0.7854463695E+07
  0.8277777778E-01  0.7796521342E+07
  0.8305555556E-01  0.7738579101E+07
  0.8333333333E-01  0.7680636848E+07
  0.8361111111E-01  0.7622694594E+07
  0.8388888889E-01  0.7564752352E+07
  0.8416666667E-01  0.7506810000E+07
  0.8444444444E-01  0.7448867747E+07
  0.8472222222E-01  0.7390925505E+07
  0.8500000000E-01  0.7332983253E+07
  0.8527777778E-01  0.7279099611E+07
  0.8555555556E-01  0.7225216016E+07
  0.8583333333E-01  0.7171332407E+07
  0.8611111111E-01  0.7117448899E+07
  0.8638888889E-01  0.7063565258E+07
  0.8666666667E-01  0.7009681661E+07
  0.8694444444E-01  0.6955798054E+07
  0.8722222222E-01  0.6901914512E+07
  0.8750000000E-01  0.6848030905E+07
  0.8777777778E-01  0.6794147308E+07
  0.8805555556E-01  0.6740263667E+07
  0.8833333333E-01  0.6686380059E+07
  0.8861111111E-01  0.6632496551E+07
  0.8888888889E-01  0.6578612955E+07
  0.8916666667E-01  0.6524729313E+07
  0.8944444444E-01  0.6470845705E+07
  0.8972222222E-01  0.6416962198E+07
  0.9000000000E-01  0.6363078568E+07
  0.9027777778E-01  0.6313596223E+07
  0.9055555556E-01  0.6264113956E+07
  0.9083333333E-01  0.6214631676E+07
  0.9111111111E-01  0.6165149309E+07
  0.9138888889E-01  0.6115667041E+07
  0.9166666667E-01  0.6066184662E+07
  0.9194444444E-01  0.6016702428E+07
  0.9222222222E-01  0.5967220049E+07
  0.9250000000E-01  0.5917737782E+07
  0.9277777778E-01  0.5868255404E+07
  0.9305555556E-01  0.5818773135E+07
  0.9333333333E-01  0.5769290890E+07
  0.9361111111E-01  0.5719808522E+07
  0.9388888889E-01  0.5670326244E+07
  0.9416666667E-01  0.5620843877E+07
  0.9444444444E-01  0.5571361608E+07
  0.9472222222E-01  0.5521879264E+07
  0.9500000000E-01  0.5472396996E+07
  0.9527777778E-01  0.5427524539E+07
  0.9555555556E-01  0.5382651982E+07
  0.9583333333E-01  0.5337779555E+07
  0.9611111111E-01  0.5292907035E+07
  0.9638888889E-01  0.5248034558E+07
  0.9666666667E-01  0.5203162082E+07
  0.9694444444E-01  0.5158289605E+07
  0.9722222222E-01  0.5113417128E+07
  0.9750000000E-01  0.5068544641E+07
  0.9777777778E-01  0.5023672165E+07
  0.9805555556E-01  0.4978799687E+07
  0.9833333333E-01  0.4933927201E+07
  0.9861111111E-01  0.4889054734E+07
  0.9888888889E-01  0.4844182248E+07
  0.9916666667E-01  0.4799309770E+07
  0.9944444444E-01  0.4754437260E+07
  0.9972222222E-01  0.4709564774E+07
  0.1000000000E+00  0.4664692296E+07
  0.1002777778E+00  0.4624509215E+07
  0.1005555556E+00  0.4584326098E+07
  0.1008333333E+00  0.4544142972E+07
  0.1011111111E+00  0.4503959856E+07
  0.1013888889E+00  0.4463776730E+07
  0.1016666667E+00  0.4423593658E+07
  0.1019444444E+00  0.4383410531E+07
  0.1022222222E+00  0.4343227405E+07
  0.1025000000E+00  0.4303044290E+07
  0.1027777778E+00  0.4262861207E+07
  0.1030555556E+00  0.4222678080E+07
  0.1033333333E+00  0.4182494965E+07
  0.1036111111E+00  0.4142311848E+07
  0.1038888889E+00  0.4102128766E+07
  0.1041666667E+00  0.4061945639E+07
  0.1044444444E+00  0.4021762514E+07
  0.1047222222E+00  0.3981579408E+07
  0.1050000000E+00  0.3941396281E+07
  0.1052777778E+00  0.3905871508E+07
  0.1055555556E+00  0.3870346738E+07
  0.1058333333E+00  0.3834821965E+07
  0.1061111111E+00  0.3799297192E+07
  0.1063888889E+00  0.3763772375E+07
  0.1066666667E+00  0.3728247614E+07
  0.1069444444E+00  0.3692722842E+07
  0.1072222222E+00  0.3657198059E+07
  0.1075000000E+00  0.3621673286E+07
  0.1077777778E+00  0.3586148492E+07
  0.1080555556E+00  0.3550623718E+07
  0.1083333333E+00  0.3515098936E+07
  0.1086111111E+00  0.3479574163E+07
  0.1088888889E+00  0.3444049368E+07
  0.1091666667E+00  0.3408524585E+07
  0.1094444444E+00  0.3372999812E+07
  0.1097222222E+00  0.3337475040E+07
  0.1100000000E+00  0.3301950268E+07
  0.1102777778E+00  0.3270948631E+07
  0.1105555556E+00  0.3239946994E+07
  0.1108333333E+00  0.3208945357E+07
  0.1111111111E+00  0.3177943711E+07
  0.1113888889E+00  0.3146942073E+07
  0.1116666667E+00  0.3115940447E+07
  0.1119444444E+00  0.3084938811E+07
  0.1122222222E+00  0.3053937164E+07
  0.1125000000E+00  0.3022935527E+07
  0.1127777778E+00  0.2991933890E+07
  0.1130555556E+00  0.2960932254E+07
  0.1133333333E+00  0.2929930617E+07
  0.1136111111E+00  0.2898928980E+07
  0.1138888889E+00  0.2867927343E+07
  0.1141666667E+00  0.2836925696E+07
  0.1144444444E+00  0.2805924059E+07
  0.1147222222E+00  0.2774922433E+07
  0.1150000000E+00  0.2743920796E+07
  0.1152777778E+00  0.2717224045E+07
  0.1155555556E+00  0.2690527304E+07
  0.1158333333E+00  0.2663830530E+07
  0.1161111111E+00  0.2637133789E+07
  0.1163888889E+00  0.2610437014E+07
  0.1166666667E+00  0.2583740263E+07
  0.1169444444E+00  0.2557043499E+07
  0.1172222222E+00  0.2530346757E+07
  0.1175000000E+00  0.2503649973E+07
  0.1177777778E+00  0.2476953231E+07
  0.1180555556E+00  0.2450256480E+07
  0.1183333333E+00  0.2423559716E+07
  0.1186111111E+00  0.2396862975E+07
  0.1188888889E+00  0.2370166190E+07
  0.1191666667E+00  0.2343469449E+07
  0.1194444444E+00  0.2316772675E+07
  0.1197222222E+00  0.2290075934E+07
  0.1200000000E+00  0.2263379159E+07
  0.1202777778E+00  0.2240701217E+07
  0.1205555556E+00  0.2218023241E+07
  0.1208333333E+00  0.2195345287E+07
  0.1211111111E+00  0.2172667312E+07
  0.1213888889E+00  0.2149989369E+07
  0.1216666667E+00  0.2127311383E+07
  0.1219444444E+00  0.2104633407E+07
  0.1222222222E+00  0.2081955465E+07
  0.1225000000E+00  0.2059277478E+07
  0.1227777778E+00  0.2036599536E+07
  0.1230555556E+00  0.2013921560E+07
  0.1233333333E+00  0.1991243618E+07
  0.1236111111E+00  0.1968565631E+07
  0.1238888889E+00  0.1945887655E+07
  0.1241666667E+00  0.1923209713E+07
  0.1244444444E+00  0.1900531726E+07
  0.1247222222E+00  0.1877853784E+07
  0.1250000000E+00  0.1855175808E+07
  0.1252777778E+00  0.1836179980E+07
  0.1255555556E+00  0.1817184163E+07
  0.1258333333E+00  0.1798188325E+07
  0.1261111111E+00  0.1779192508E+07
  0.1263888889E+00  0.1760196691E+07
  0.1266666667E+00  0.1741200853E+07
  0.1269444444E+00  0.1722205036E+07
  0.1272222222E+00  0.1703209207E+07
  0.1275000000E+00  0.1684213390E+07
  0.1277777778E+00  0.1665217552E+07
  0.1280555556E+00  0.1646221735E+07
  0.1283333333E+00  0.1627225918E+07
  0.1286111111E+00  0.1608230090E+07
  0.1288888889E+00  0.1589234263E+07
  0.1291666667E+00  0.1570238435E+07
  0.1294444444E+00  0.1551242618E+07
  0.1297222222E+00  0.1532246790E+07
  0.1300000000E+00  0.1513250963E+07
  0.1302777778E+00  0.1497568433E+07
  0.1305555556E+00  0.1481885905E+07
  0.1308333333E+00  0.1466203409E+07
  0.1311111111E+00  0.1450520870E+07
  0.1313888889E+00  0.1434838352E+07
  0.1316666667E+00  0.1419155812E+07
  0.1319444444E+00  0.1403473327E+07
  0.1322222222E+00  0.1387790788E+07
  0.1325000000E+00  0.1372108249E+07
  0.1327777778E+00  0.1356425731E+07
  0.1330555556E+00  0.1340743225E+07
  0.1333333333E+00  0.1325060706E+07
  0.1336111111E+00  0.1309378167E+07
  0.1338888889E+00  0.1293695638E+07
  0.1341666667E+00  0.1278013143E+07
  0.1344444444E+00  0.1262330614E+07
  0.1347222222E+00  0.1246648074E+07
  0.1350000000E+00  0.1230965556E+07
  0.1352777778E+00  0.1218209665E+07
  0.1355555556E+00  0.1205453773E+07
  0.1358333333E+00  0.1192697870E+07
  0.1361111111E+00  0.1179941978E+07
  0.1363888889E+00  0.1167186064E+07
  0.1366666667E+00  0.1154430183E+07
  0.1369444444E+00  0.1141674269E+07
  0.1372222222E+00  0.1128918377E+07
  0.1375000000E+00  0.1116162486E+07
  0.1377777778E+00  0.1103406582E+07
  0.1380555556E+00  0.1090650691E+07
  0.1383333333E+00  0.1077894776E+07
  0.1386111111E+00  0.1065138885E+07
  0.1388888889E+00  0.1052382981E+07
  0.1391666667E+00  0.1039627090E+07
  0.1394444444E+00  0.1026871208E+07
  0.1397222222E+00  0.1014115295E+07
  0.1400000000E+00  0.1001359403E+07
  0.1402777778E+00  0.9911411950E+06
  0.1405555556E+00  0.9809230103E+06
  0.1408333333E+00  0.9707048132E+06
  0.1411111111E+00  0.9604866284E+06
  0.1413888889E+00  0.9502684402E+06
  0.1416666667E+00  0.9400502421E+06
  0.1419444444E+00  0.9298320539E+06
  0.1422222222E+00  0.9196138669E+06
  0.1425000000E+00  0.9093956787E+06
  0.1427777778E+00  0.8991774806E+06
  0.1430555556E+00  0.8889592824E+06
  0.1433333333E+00  0.8787411054E+06
  0.1436111111E+00  0.8685229039E+06
  0.1438888889E+00  0.8583047158E+06
  0.1441666667E+00  0.8480865175E+06
  0.1444444444E+00  0.8378683406E+06
  0.1447222222E+00  0.8276501423E+06
  0.1450000000E+00  0.8174319543E+06
  0.1452777778E+00  0.8093722450E+06
  0.1455555556E+00  0.8013125426E+06
  0.1458333333E+00  0.7932528389E+06
  0.1461111111E+00  0.7851931443E+06
  0.1463888889E+00  0.7771334407E+06
  0.1466666667E+00  0.7690737360E+06
  0.1469444444E+00  0.7610140423E+06
  0.1472222222E+00  0.7529543343E+06
  0.1475000000E+00  0.7448946308E+06
  0.1477777778E+00  0.7368349361E+06
  0.1480555556E+00  0.7287752324E+06
  0.1483333333E+00  0.7207155277E+06
  0.1486111111E+00  0.7126558341E+06
  0.1488888889E+00  0.7045961261E+06
  0.1491666667E+00  0.6965364225E+06
  0.1494444444E+00  0.6884767278E+06
  0.1497222222E+00  0.6804170242E+06
  0.1500000000E+00  0.6723573195E+06
  0.1502777778E+00  0.6660967719E+06
  0.1505555556E+00  0.6598362142E+06
  0.1508333333E+00  0.6535756566E+06
  0.1511111111E+00  0.6473151134E+06
  0.1513888889E+00  0.6410545557E+06
  0.1516666667E+00  0.6347940081E+06
  0.1519444444E+00  0.6285334504E+06
  0.1522222222E+00  0.6222728961E+06
  0.1525000000E+00  0.6160123484E+06
  0.1527777778E+00  0.6097517909E+06
  0.1530555556E+00  0.6034912432E+06
  0.1533333333E+00  0.5972306889E+06
  0.1536111111E+00  0.5909701312E+06
  0.1538888889E+00  0.5847095835E+06
  0.1541666667E+00  0.5784490292E+06
  0.1544444444E+00  0.5721884716E+06
  0.1547222222E+00  0.5659279239E+06
  0.1550000000E+00  0.5596673662E+06
  0.1552777778E+00  0.5548747535E+06
  0.1555555556E+00  0.5500821320E+06
  0.1558333333E+00  0.5452895202E+06
  0.1561111111E+00  0.5404969076E+06
  0.1563888889E+00  0.5357042893E+06
  0.1566666667E+00  0.5309116765E+06
  0.1569444444E+00  0.5261190549E+06
  0.1572222222E+00  0.5213264433E+06
  0.1575000000E+00  0.5165338305E+06
  0.1577777778E+00  0.5117412089E+06
  0.1580555556E+00  0.5069485961E+06
  0.1583333333E+00  0.5021559745E+06
  0.1586111111E+00  0.4973633629E+06
  0.1588888889E+00  0.4925707501E+06
  0.1591666667E+00  0.4877781285E+06
  0.1594444444E+00  0.4829855158E+06
  0.1597222222E+00  0.4781928941E+06
  0.1600000000E+00  0.4734002825E+06
  0.1602777778E+00  0.4697781432E+06
  0.1605555556E+00  0.4661560070E+06
  0.1608333333E+00  0.4625338677E+06
  0.1611111111E+00  0.4589117294E+06
  0.1613888889E+00  0.4552895934E+06
  0.1616666667E+00  0.4516674539E+06
  0.1619444444E+00  0.4480453146E+06
  0.1622222222E+00  0.4444231797E+06
  0.1625000000E+00  0.4408010403E+06
  0.1627777778E+00  0.4371789008E+06
  0.1630555556E+00  0.4335567678E+06
  0.1633333333E+00  0.4299346296E+06
  0.1636111111E+00  0.4263124901E+06
  0.1638888889E+00  0.4226903541E+06
  0.1641666667E+00  0.4190682148E+06
  0.1644444444E+00  0.4154460808E+06
  0.1647222222E+00  0.4118239414E+06
  0.1650000000E+00  0.4082018020E+06
  0.1652777778E+00  0.4054893406E+06
  0.1655555556E+00  0.4027768770E+06
  0.1658333333E+00  0.4000644190E+06
  0.1661111111E+00  0.3973519554E+06
  0.1663888889E+00  0.3946394940E+06
  0.1666666667E+00  0.3919270305E+06
  0.1669444444E+00  0.3892145690E+06
  0.1672222222E+00  0.3865021055E+06
  0.1675000000E+00  0.3837896441E+06
  0.1677777778E+00  0.3810771805E+06
  0.1680555556E+00  0.3783647224E+06
  0.1683333333E+00  0.3756522599E+06
  0.1686111111E+00  0.3729397975E+06
  0.1688888889E+00  0.3702273360E+06
  0.1691666667E+00  0.3675148725E+06
  0.1694444444E+00  0.3648024111E+06
  0.1697222222E+00  0.3620899475E+06
  0.1700000000E+00  0.3593774861E+06
  0.1702777778E+00  0.3573527217E+06
  0.1705555556E+00  0.3553279582E+06
  0.1708333333E+00  0.3533031926E+06
  0.1711111111E+00  0.3512784281E+06
  0.1713888889E+00  0.3492536625E+06
  0.1716666667E+00  0.3472288980E+06
  0.1719444444E+00  0.3452041346E+06
  0.1722222222E+00  0.3431793689E+06
  0.1725000000E+00  0.3411546044E+06
  0.1727777778E+00  0.3391298411E+06
  0.1730555556E+00  0.3371050743E+06
  0.1733333333E+00  0.3350803109E+06
  0.1736111111E+00  0.3330555452E+06
  0.1738888889E+00  0.3310307808E+06
  0.1741666667E+00  0.3290060173E+06
  0.1744444444E+00  0.3269812507E+06
  0.1747222222E+00  0.3249564873E+06
  0.1750000000E+00  0.3229317240E+06
  0.1752777778E+00  0.3214105413E+06
  0.1755555556E+00  0.3198893587E+06
  0.1758333333E+00  0.3183681793E+06
  0.1761111111E+00  0.3168469977E+06
  0.1763888889E+00  0.3153258151E+06
  0.1766666667E+00  0.3138046357E+06
  0.1769444444E+00  0.3122834531E+06
  0.1772222222E+00  0.3107622715E+06
  0.1775000000E+00  0.3092410921E+06
  0.1777777778E+00  0.3077199095E+06
  0.1780555556E+00  0.3061987268E+06
  0.1783333333E+00  0.3046775486E+06
  0.1786111111E+00  0.3031563659E+06
  0.1788888889E+00  0.3016351865E+06
  0.1791666667E+00  0.3001140050E+06
  0.1794444444E+00  0.2985928223E+06
  0.1797222222E+00  0.2970716430E+06
  0.1800000000E+00  0.2955504603E+06
  0.1802777778E+00  0.2943848669E+06
  0.1805555556E+00  0.2932192689E+06
  0.1808333333E+00  0.2920536743E+06
  0.1811111111E+00  0.2908880787E+06
  0.1813888889E+00  0.2897224808E+06
  0.1816666667E+00  0.2885568873E+06
  0.1819444444E+00  0.2873912927E+06
  0.1822222222E+00  0.2862256948E+06
  0.1825000000E+00  0.2850601002E+06
  0.1827777778E+00  0.2838945067E+06
  0.1830555556E+00  0.2827289088E+06
  0.1833333333E+00  0.2815633132E+06
  0.1836111111E+00  0.2803977186E+06
  0.1838888889E+00  0.2792321207E+06
  0.1841666667E+00  0.2780665272E+06
  0.1844444444E+00  0.2769009326E+06
  0.1847222222E+00  0.2757353347E+06
  0.1850000000E+00  0.2745697401E+06
  0.1852777778E+00  0.2736450378E+06
  0.1855555556E+00  0.2727203400E+06
  0.1858333333E+00  0.2717956388E+06
  0.1861111111E+00  0.2708709399E+06
  0.1863888889E+00  0.2699462377E+06
  0.1866666667E+00  0.2690215387E+06
  0.1869444444E+00  0.2680968375E+06
  0.1872222222E+00  0.2671721353E+06
  0.1875000000E+00  0.2662474375E+06
  0.1877777778E+00  0.2653227362E+06
  0.1880555556E+00  0.2643980373E+06
  0.1883333333E+00  0.2634733351E+06
  0.1886111111E+00  0.2625486371E+06
  0.1888888889E+00  0.2616239349E+06
  0.1891666667E+00  0.2606992327E+06
  0.1894444444E+00  0.2597745359E+06
  0.1897222222E+00  0.2588498336E+06
  0.1900000000E+00  0.2579251347E+06
  0.1902777778E+00  0.2571560463E+06
  0.1905555556E+00  0.2563869569E+06
  0.1908333333E+00  0.2556178685E+06
  0.1911111111E+00  0.2548487801E+06
  0.1913888889E+00  0.2540796917E+06
  0.1916666667E+00  0.2533106034E+06
  0.1919444444E+00  0.2525415139E+06
  0.1922222222E+00  0.2517724255E+06
  0.1925000000E+00  0.2510033405E+06
  0.1927777778E+00  0.2502342511E+06
  0.1930555556E+00  0.2494651616E+06
  0.1933333333E+00  0.2486960732E+06
  0.1936111111E+00  0.2479269849E+06
  0.1938888889E+00  0.2471578965E+06
  0.1941666667E+00  0.2463888081E+06
  0.1944444444E+00  0.2456197186E+06
  0.1947222222E+00  0.2448506302E+06
  0.1950000000E+00  0.2440815452E+06
  0.1952777778E+00  0.2434080028E+06
  0.1955555556E+00  0.2427344658E+06
  0.1958333333E+00  0.2420609234E+06
  0.1961111111E+00  0.2413873843E+06
  0.1963888889E+00  0.2407138440E+06
  0.1966666667E+00  0.2400403049E+06
  0.1969444444E+00  0.2393667635E+06
  0.1972222222E+00  0.2386932256E+06
  0.1975000000E+00  0.2380196841E+06
  0.1977777778E+00  0.2373461450E+06
  0.1980555556E+00  0.2366726037E+06
  0.1983333333E+00  0.2359990657E+06
  0.1986111111E+00  0.2353255232E+06
  0.1988888889E+00  0.2346519863E+06
  0.1991666667E+00  0.2339784438E+06
  0.1994444444E+00  0.2333049059E+06
  0.1997222222E+00  0.2326313644E+06
  0.2000000000E+00  0.2319578254E+06
  0.2002777778E+00  0.2313403353E+06
  0.2005555556E+00  0.2307228485E+06
  0.2008333333E+00  0.2301053575E+06
  0.2011111111E+00  0.2294878696E+06
  0.2013888889E+00  0.2288703795E+06
  0.2016666667E+00  0.2282528918E+06
  0.2019444444E+00  0.2276354017E+06
  0.2022222222E+00  0.2270179149E+06
  0.2025000000E+00  0.2264004260E+06
  0.2027777778E+00  0.2257829360E+06
  0.2030555556E+00  0.2251654492E+06
  0.2033333333E+00  0.2245479591E+06
  0.2036111111E+00  0.2239304714E+06
  0.2038888889E+00  0.2233129802E+06
  0.2041666667E+00  0.2226954934E+06
  0.2044444444E+00  0.2220780023E+06
  0.2047222222E+00  0.2214605156E+06
  0.2050000000E+00  0.2208430255E+06
  0.2052777778E+00  0.2202585614E+06
  0.2055555556E+00  0.2196740963E+06
  0.2058333333E+00  0.2190896288E+06
  0.2061111111E+00  0.2185051647E+06
  0.2063888889E+00  0.2179207006E+06
  0.2066666667E+00  0.2173362331E+06
  0.2069444444E+00  0.2167517690E+06
  0.2072222222E+00  0.2161673039E+06
  0.2075000000E+00  0.2155828364E+06
  0.2077777778E+00  0.2149983723E+06
  0.2080555556E+00  0.2144139082E+06
  0.2083333333E+00  0.2138294407E+06
  0.2086111111E+00  0.2132449766E+06
  0.2088888889E+00  0.2126605115E+06
  0.2091666667E+00  0.2120760440E+06
  0.2094444444E+00  0.2114915799E+06
  0.2097222222E+00  0.2109071158E+06
  0.2100000000E+00  0.2103226484E+06
  0.2102777778E+00  0.2097603640E+06
  0.2105555556E+00  0.2091980773E+06
  0.2108333333E+00  0.2086357940E+06
  0.2111111111E+00  0.2080735073E+06
  0.2113888889E+00  0.2075112241E+06
  0.2116666667E+00  0.2069489374E+06
  0.2119444444E+00  0.2063866540E+06
  0.2122222222E+00  0.2058243674E+06
  0.2125000000E+00  0.2052620840E+06
  0.2127777778E+00  0.2046997963E+06
  0.2130555556E+00  0.2041375107E+06
  0.2133333333E+00  0.2035752273E+06
  0.2136111111E+00  0.2030129407E+06
  0.2138888889E+00  0.2024506574E+06
  0.2141666667E+00  0.2018883696E+06
  0.2144444444E+00  0.2013260874E+06
  0.2147222222E+00  0.2007637997E+06
  0.2150000000E+00  0.2002015163E+06
  0.2152777778E+00  0.1996589191E+06
  0.2155555556E+00  0.1991163209E+06
  0.2158333333E+00  0.1985737226E+06
  0.2161111111E+00  0.1980311254E+06
  0.2163888889E+00  0.1974885270E+06
  0.2166666667E+00  0.1969459288E+06
  0.2169444444E+00  0.1964033271E+06
  0.2172222222E+00  0.1958607299E+06
  0.2175000000E+00  0.1953181316E+06
  0.2177777778E+00  0.1947755334E+06
  0.2180555556E+00  0.1942329362E+06
  0.2183333333E+00  0.1936903379E+06
  0.2186111111E+00  0.1931477407E+06
  0.2188888889E+00  0.1926051424E+06
  0.2191666667E+00  0.1920625441E+06
  0.2194444444E+00  0.1915199458E+06
  0.2197222222E+00  0.1909773486E+06
  0.2200000000E+00  0.1904347503E+06
  0.2202777778E+00  0.1899147898E+06
  0.2205555556E+00  0.1893948304E+06
  0.2208333333E+00  0.1888748732E+06
  0.2211111111E+00  0.1883549137E+06
  0.2213888889E+00  0.1878349543E+06
  0.2216666667E+00  0.1873149938E+06
  0.2219444444E+00  0.1867950343E+06
  0.2222222222E+00  0.1862750782E+06
  0.2225000000E+00  0.1857551177E+06
  0.2227777778E+00  0.1852351583E+06
  0.2230555556E+00  0.1847151988E+06
  0.2233333333E+00  0.1841952383E+06
  0.2236111111E+00  0.1836752777E+06
  0.2238888889E+00  0.1831553216E+06
  0.2241666667E+00  0.1826353611E+06
  0.2244444444E+00  0.1821154016E+06
  0.2247222222E+00  0.1815954412E+06
  0.2250000000E+00  0.1810754817E+06
  0.2252777778E+00  0.1805835927E+06
  0.2255555556E+00  0.1800917037E+06
  0.2258333333E+00  0.1795998136E+06
  0.2261111111E+00  0.1791079246E+06
  0.2263888889E+00  0.1786160356E+06
  0.2266666667E+00  0.1781241455E+06
  0.2269444444E+00  0.1776322532E+06
  0.2272222222E+00  0.1771403641E+06
  0.2275000000E+00  0.1766484740E+06
  0.2277777778E+00  0.1761565851E+06
  0.2280555556E+00  0.1756646950E+06
  0.2283333333E+00  0.1751728059E+06
  0.2286111111E+00  0.1746809170E+06
  0.2288888889E+00  0.1741890236E+06
  0.2291666667E+00  0.1736971345E+06
  0.2294444444E+00  0.1732052455E+06
  0.2297222222E+00  0.1727133555E+06
  0.2300000000E+00  0.1722214664E+06
  0.2302777778E+00  0.1717638766E+06
  0.2305555556E+00  0.1713062878E+06
  0.2308333333E+00  0.1708486945E+06
  0.2311111111E+00  0.1703911047E+06
  0.2313888889E+00  0.1699335159E+06
  0.2316666667E+00  0.1694759272E+06
  0.2319444444E+00  0.1690183372E+06
  0.2322222222E+00  0.1685607441E+06
  0.2325000000E+00  0.1681031553E+06
  0.2327777778E+00  0.1676455654E+06
  0.2330555556E+00  0.1671879756E+06
  0.2333333333E+00  0.1667303868E+06
  0.2336111111E+00  0.1662727935E+06
  0.2338888889E+00  0.1658152047E+06
  0.2341666667E+00  0.1653576149E+06
  0.2344444444E+00  0.1649000250E+06
  0.2347222222E+00  0.1644424329E+06
  0.2350000000E+00  0.1639848441E+06
  0.2352777778E+00  0.1635668383E+06
  0.2355555556E+00  0.1631488304E+06
  0.2358333333E+00  0.1627308223E+06
  0.2361111111E+00  0.1623128176E+06
  0.2363888889E+00  0.1618948085E+06
  0.2366666667E+00  0.1614768049E+06
  0.2369444444E+00  0.1610587969E+06
  0.2372222222E+00  0.1606407921E+06
  0.2375000000E+00  0.1602227842E+06
  0.2377777778E+00  0.1598047751E+06
  0.2380555556E+00  0.1593867714E+06
  0.2383333333E+00  0.1589687623E+06
  0.2386111111E+00  0.1585507587E+06
  0.2388888889E+00  0.1581327496E+06
  0.2391666667E+00  0.1577147416E+06
  0.2394444444E+00  0.1572967369E+06
  0.2397222222E+00  0.1568787289E+06
  0.2400000000E+00  0.1564607231E+06
  0.2402777778E+00  0.1560858199E+06
  0.2405555556E+00  0.1557109200E+06
  0.2408333333E+00  0.1553360169E+06
  0.2411111111E+00  0.1549611159E+06
  0.2413888889E+00  0.1545862127E+06
  0.2416666667E+00  0.1542113128E+06
  0.2419444444E+00  0.1538364096E+06
  0.2422222222E+00  0.1534615087E+06
  0.2425000000E+00  0.1530866055E+06
  0.2427777778E+00  0.1527117056E+06
  0.2430555556E+00  0.1523368014E+06
  0.2433333333E+00  0.1519619004E+06
  0.2436111111E+00  0.1515869972E+06
  0.2438888889E+00  0.1512120940E+06
  0.2441666667E+00  0.1508371942E+06
  0.2444444444E+00  0.1504622899E+06
  0.2447222222E+00  0.1500873900E+06
  0.2450000000E+00  0.1497124868E+06
  0.2452777778E+00  0.1493819695E+06
  0.2455555556E+00  0.1490514477E+06
  0.2458333333E+00  0.1487209304E+06
  0.2461111111E+00  0.1483904097E+06
  0.2463888889E+00  0.1480598913E+06
  0.2466666667E+00  0.1477293706E+06
  0.2469444444E+00  0.1473988490E+06
  0.2472222222E+00  0.1470683305E+06
  0.2475000000E+00  0.1467378099E+06
  0.2477777778E+00  0.1464072926E+06
  0.2480555556E+00  0.1460767708E+06
  0.2483333333E+00  0.1457462535E+06
  0.2486111111E+00  0.1454157317E+06
  0.2488888889E+00  0.1450852110E+06
  0.2491666667E+00  0.1447546937E+06
  0.2494444444E+00  0.1444241719E+06
  0.2497222222E+00  0.1440936546E+06
  0.2500000000E+00  0.1437631340E+06
  0.2502777778E+00  0.1434758256E+06
  0.2505555556E+00  0.1431885141E+06
  0.2508333333E+00  0.1429012058E+06
  0.2511111111E+00  0.1426138942E+06
  0.2513888889E+00  0.1423265859E+06
  0.2516666667E+00  0.1420392742E+06
  0.2519444444E+00  0.1417519660E+06
  0.2522222222E+00  0.1414646577E+06
  0.2525000000E+00  0.1411773462E+06
  0.2527777778E+00  0.1408900378E+06
  0.2530555556E+00  0.1406027273E+06
  0.2533333333E+00  0.1403154180E+06
  0.2536111111E+00  0.1400281063E+06
  0.2538888889E+00  0.1397407981E+06
  0.2541666667E+00  0.1394534864E+06
  0.2544444444E+00  0.1391661782E+06
  0.2547222222E+00  0.1388788699E+06
  0.2550000000E+00  0.1385915594E+06
  0.2552777778E+00  0.1383442041E+06
  0.2555555556E+00  0.1380968455E+06
  0.2558333333E+00  0.1378494902E+06
  0.2561111111E+00  0.1376021350E+06
  0.2563888889E+00  0.1373547774E+06
  0.2566666667E+00  0.1371074221E+06
  0.2569444444E+00  0.1368600668E+06
  0.2572222222E+00  0.1366127093E+06
  0.2575000000E+00  0.1363653551E+06
  0.2577777778E+00  0.1361179965E+06
  0.2580555556E+00  0.1358706412E+06
  0.2583333333E+00  0.1356232860E+06
  0.2586111111E+00  0.1353759274E+06
  0.2588888889E+00  0.1351285731E+06
  0.2591666667E+00  0.1348812178E+06
  0.2594444444E+00  0.1346338592E+06
  0.2597222222E+00  0.1343865051E+06
  0.2600000000E+00  0.1341391465E+06
  0.2602777778E+00  0.1339265649E+06
  0.2605555556E+00  0.1337139802E+06
  0.2608333333E+00  0.1335013943E+06
  0.2611111111E+00  0.1332888095E+06
  0.2613888889E+00  0.1330762236E+06
  0.2616666667E+00  0.1328636399E+06
  0.2619444444E+00  0.1326510543E+06
  0.2622222222E+00  0.1324384691E+06
  0.2625000000E+00  0.1322258846E+06
  0.2627777778E+00  0.1320132994E+06
  0.2630555556E+00  0.1318007150E+06
  0.2633333333E+00  0.1315881294E+06
  0.2636111111E+00  0.1313755454E+06
  0.2638888889E+00  0.1311629598E+06
  0.2641666667E+00  0.1309503754E+06
  0.2644444444E+00  0.1307377901E+06
  0.2647222222E+00  0.1305252057E+06
  0.2650000000E+00  0.1303126205E+06
  0.2652777778E+00  0.1301283657E+06
  0.2655555556E+00  0.1299441088E+06
  0.2658333333E+00  0.1297598530E+06
  0.2661111111E+00  0.1295755971E+06
  0.2663888889E+00  0.1293913413E+06
  0.2666666667E+00  0.1292070844E+06
  0.2669444444E+00  0.1290228289E+06
  0.2672222222E+00  0.1288385730E+06
  0.2675000000E+00  0.1286543172E+06
  0.2677777778E+00  0.1284700603E+06
  0.2680555556E+00  0.1282858055E+06
  0.2683333333E+00  0.1281015486E+06
  0.2686111111E+00  0.1279172928E+06
  0.2688888889E+00  0.1277330372E+06
  0.2691666667E+00  0.1275487814E+06
  0.2694444444E+00  0.1273645245E+06
  0.2697222222E+00  0.1271802697E+06
  0.2700000000E+00  0.1269960128E+06
  0.2702777778E+00  0.1268329300E+06
  0.2705555556E+00  0.1266698472E+06
  0.2708333333E+00  0.1265067633E+06
  0.2711111111E+00  0.1263436815E+06
  0.2713888889E+00  0.1261805987E+06
  0.2716666667E+00  0.1260175163E+06
  0.2719444444E+00  0.1258544324E+06
  0.2722222222E+00  0.1256913496E+06
  0.2725000000E+00  0.1255282678E+06
  0.2727777778E+00  0.1253651839E+06
  0.2730555556E+00  0.1252021011E+06
  0.2733333333E+00  0.1250390184E+06
  0.2736111111E+00  0.1248759345E+06
  0.2738888889E+00  0.1247128527E+06
  0.2741666667E+00  0.1245497699E+06
  0.2744444444E+00  0.1243866871E+06
  0.2747222222E+00  0.1242236034E+06
  0.2750000000E+00  0.1240605203E+06
  0.2752777778E+00  0.1239112285E+06
  0.2755555556E+00  0.1237619373E+06
  0.2758333333E+00  0.1236126454E+06
  0.2761111111E+00  0.1234633532E+06
  0.2763888889E+00  0.1233140612E+06
  0.2766666667E+00  0.1231647690E+06
  0.2769444444E+00  0.1230154768E+06
  0.2772222222E+00  0.1228661850E+06
  0.2775000000E+00  0.1227168927E+06
  0.2777777778E+00  0.1225676008E+06
  0.2780555556E+00  0.1224183086E+06
  0.2783333333E+00  0.1222690167E+06
  0.2786111111E+00  0.1221197254E+06
  0.2788888889E+00  0.1219704332E+06
  0.2791666667E+00  0.1218211414E+06
  0.2794444444E+00  0.1216718491E+06
  0.2797222222E+00  0.1215225572E+06
  0.2800000000E+00  0.1213732650E+06
  0.2802777778E+00  0.1212307458E+06
  0.2805555556E+00  0.1210882275E+06
  0.2808333333E+00  0.1209457083E+06
  0.2811111111E+00  0.1208031887E+06
  0.2813888889E+00  0.1206606706E+06
  0.2816666667E+00  0.1205181514E+06
  0.2819444444E+00  0.1203756331E+06
  0.2822222222E+00  0.1202331139E+06
  0.2825000000E+00  0.1200905943E+06
  0.2827777778E+00  0.1199480761E+06
  0.2830555556E+00  0.1198055570E+06
  0.2833333333E+00  0.1196630377E+06
  0.2836111111E+00  0.1195205192E+06
  0.2838888889E+00  0.1193779999E+06
  0.2841666667E+00  0.1192354817E+06
  0.2844444444E+00  0.1190929625E+06
  0.2847222222E+00  0.1189504433E+06
  0.2850000000E+00  0.1188079247E+06
  0.2852777778E+00  0.1186659996E+06
  0.2855555556E+00  0.1185240742E+06
  0.2858333333E+00  0.1183821492E+06
  0.2861111111E+00  0.1182402237E+06
  0.2863888889E+00  0.1180982982E+06
  0.2866666667E+00  0.1179563722E+06
  0.2869444444E+00  0.1178144468E+06
  0.2872222222E+00  0.1176725213E+06
  0.2875000000E+00  0.1175305963E+06
  0.2877777778E+00  0.1173886709E+06
  0.2880555556E+00  0.1172467457E+06
  0.2883333333E+00  0.1171048204E+06
  0.2886111111E+00  0.1169628949E+06
  0.2888888889E+00  0.1168209698E+06
  0.2891666667E+00  0.1166790445E+06
  0.2894444444E+00  0.1165371193E+06
  0.2897222222E+00  0.1163951939E+06
  0.2900000000E+00  0.1162532685E+06
  0.2902777778E+00  0.1161067930E+06
  0.2905555556E+00  0.1159603172E+06
  0.2908333333E+00  0.1158138403E+06
  0.2911111111E+00  0.1156673649E+06
  0.2913888889E+00  0.1155208890E+06
  0.2916666667E+00  0.1153744132E+06
  0.2919444444E+00  0.1152279376E+06
  0.2922222222E+00  0.1150814618E+06
  0.2925000000E+00  0.1149349849E+06
  0.2927777778E+00  0.1147885095E+06
  0.2930555556E+00  0.1146420336E+06
  0.2933333333E+00  0.1144955578E+06
  0.2936111111E+00  0.1143490823E+06
  0.2938888889E+00  0.1142026055E+06
  0.2941666667E+00  0.1140561296E+06
  0.2944444444E+00  0.1139096538E+06
  0.2947222222E+00  0.1137631782E+06
  0.2950000000E+00  0.1136167024E+06
  0.2952777778E+00  0.1134620439E+06
  0.2955555556E+00  0.1133073853E+06
  0.2958333333E+00  0.1131527276E+06
  0.2961111111E+00  0.1129980690E+06
  0.2963888889E+00  0.1128434106E+06
  0.2966666667E+00  0.1126887530E+06
  0.2969444444E+00  0.1125340945E+06
  0.2972222222E+00  0.1123794357E+06
  0.2975000000E+00  0.1122247781E+06
  0.2977777778E+00  0.1120701197E+06
  0.2980555556E+00  0.1119154611E+06
  0.2983333333E+00  0.1117608033E+06
  0.2986111111E+00  0.1116061448E+06
  0.2988888889E+00  0.1114514872E+06
  0.2991666667E+00  0.1112968288E+06
  0.2994444444E+00  0.1111421702E+06
  0.2997222222E+00  0.1109875125E+06
  0.3000000000E+00  0.1108328539E+06
  0.3002777778E+00  0.1106677713E+06
  0.3005555556E+00  0.1105026887E+06
  0.3008333333E+00  0.1103376057E+06
  0.3011111111E+00  0.1101725232E+06
  0.3013888889E+00  0.1100074405E+06
  0.3016666667E+00  0.1098423579E+06
  0.3019444444E+00  0.1096772750E+06
  0.3022222222E+00  0.1095121923E+06
  0.3025000000E+00  0.1093471097E+06
  0.3027777778E+00  0.1091820272E+06
  0.3030555556E+00  0.1090169451E+06
  0.3033333333E+00  0.1088518626E+06
  0.3036111111E+00  0.1086867800E+06
  0.3038888889E+00  0.1085216973E+06
  0.3041666667E+00  0.1083566147E+06
  0.3044444444E+00  0.1081915318E+06
  0.3047222222E+00  0.1080264493E+06
  0.3050000000E+00  0.1078613666E+06
  0.3052777778E+00  0.1076851485E+06
  0.3055555556E+00  0.1075089309E+06
  0.3058333333E+00  0.1073327128E+06
  0.3061111111E+00  0.1071564956E+06
  0.3063888889E+00  0.1069802785E+06
  0.3066666667E+00  0.1068040603E+06
  0.3069444444E+00  0.1066278428E+06
  0.3072222222E+00  0.1064516246E+06
  0.3075000000E+00  0.1062754075E+06
  0.3077777778E+00  0.1060991893E+06
  0.3080555556E+00  0.1059229721E+06
  0.3083333333E+00  0.1057467536E+06
  0.3086111111E+00  0.1055705364E+06
  0.3088888889E+00  0.1053943183E+06
  0.3091666667E+00  0.1052181011E+06
  0.3094444444E+00  0.1050418830E+06
  0.3097222222E+00  0.1048656654E+06
  0.3100000000E+00  0.1046894483E+06
  0.3102777778E+00  0.1045028263E+06
  0.3105555556E+00  0.1043162040E+06
  0.3108333333E+00  0.1041295827E+06
  0.3111111111E+00  0.1039429604E+06
  0.3113888889E+00  0.1037563384E+06
  0.3116666667E+00  0.1035697170E+06
  0.3119444444E+00  0.1033830947E+06
  0.3122222222E+00  0.1031964724E+06
  0.3125000000E+00  0.1030098514E+06
  0.3127777778E+00  0.1028232290E+06
  0.3130555556E+00  0.1026366067E+06
  0.3133333333E+00  0.1024499855E+06
  0.3136111111E+00  0.1022633634E+06
  0.3138888889E+00  0.1020767421E+06
  0.3141666667E+00  0.1018901197E+06
  0.3144444444E+00  0.1017034975E+06
  0.3147222222E+00  0.1015168765E+06
  0.3150000000E+00  0.1013302541E+06
  0.3152777778E+00  0.1011352867E+06
  0.3155555556E+00  0.1009403189E+06
  0.3158333333E+00  0.1007453515E+06
  0.3161111111E+00  0.1005503841E+06
  0.3163888889E+00  0.1003554177E+06
  0.3166666667E+00  0.1001604499E+06
  0.3169444444E+00  0.9996548247E+05
  0.3172222222E+00  0.9977051504E+05
  0.3175000000E+00  0.9957554759E+05
  0.3177777778E+00  0.9938057982E+05
  0.3180555556E+00  0.9918561248E+05
  0.3183333333E+00  0.9899064503E+05
  0.3186111111E+00  0.9879567859E+05
  0.3188888889E+00  0.9860071081E+05
  0.3191666667E+00  0.9840574337E+05
  0.3194444444E+00  0.9821077592E+05
  0.3197222222E+00  0.9801580826E+05
  0.3200000000E+00  0.9782084081E+05
  0.3202777778E+00  0.9762055444E+05
  0.3205555556E+00  0.9742026817E+05
  0.3208333333E+00  0.9721998179E+05
  0.3211111111E+00  0.9701969420E+05
  0.3213888889E+00  0.9681940793E+05
  0.3216666667E+00  0.9661912156E+05
  0.3219444444E+00  0.9641883529E+05
  0.3222222222E+00  0.9621854859E+05
  0.3225000000E+00  0.9601826132E+05
  0.3227777778E+00  0.9581797506E+05
  0.3230555556E+00  0.9561768868E+05
  0.3233333333E+00  0.9541740208E+05
  0.3236111111E+00  0.9521711571E+05
  0.3238888889E+00  0.9501682844E+05
  0.3241666667E+00  0.9481654218E+05
  0.3244444444E+00  0.9461625547E+05
  0.3247222222E+00  0.9441596921E+05
  0.3250000000E+00  0.9421568283E+05
  0.3252777778E+00  0.9401404751E+05
  0.3255555556E+00  0.9381241342E+05
  0.3258333333E+00  0.9361077899E+05
  0.3261111111E+00  0.9340914355E+05
  0.3263888889E+00  0.9320750946E+05
  0.3266666667E+00  0.9300587503E+05
  0.3269444444E+00  0.9280424093E+05
  0.3272222222E+00  0.9260260551E+05
  0.3275000000E+00  0.9240097108E+05
  0.3277777778E+00  0.9219933698E+05
  0.3280555556E+00  0.9199770255E+05
  0.3283333333E+00  0.9179606745E+05
  0.3286111111E+00  0.9159443314E+05
  0.3288888889E+00  0.9139279871E+05
  0.3291666667E+00  0.9119116361E+05
  0.3294444444E+00  0.9098952917E+05
  0.3297222222E+00  0.9078789475E+05
  0.3300000000E+00  0.9058626065E+05
  0.3302777778E+00  0.9038764027E+05
  0.3305555556E+00  0.9018901921E+05
  0.3308333333E+00  0.8999039883E+05
  0.3311111111E+00  0.8979177844E+05
  0.3313888889E+00  0.8959315839E+05
  0.3316666667E+00  0.8939453800E+05
  0.3319444444E+00  0.8919591773E+05
  0.3322222222E+00  0.8899729767E+05
  0.3325000000E+00  0.8879867729E+05
  0.3327777778E+00  0.8860005723E+05
  0.3330555556E+00  0.8840143685E+05
  0.3333333333E+00  0.8820281646E+05
  0.3336111111E+00  0.8800419641E+05
  0.3338888889E+00  0.8780557602E+05
  0.3341666667E+00  0.8760695463E+05
  0.3344444444E+00  0.8740833458E+05
  0.3347222222E+00  0.8720971419E+05
  0.3350000000E+00  0.8701109414E+05
  0.3352777778E+00  0.8682016525E+05
  0.3355555556E+00  0.8662923558E+05
  0.3358333333E+00  0.8643830703E+05
  0.3361111111E+00  0.8624737702E+05
  0.3363888889E+00  0.8605644847E+05
  0.3366666667E+00  0.8586551880E+05
  0.3369444444E+00  0.8567459014E+05
  0.3372222222E+00  0.8548366024E+05
  0.3375000000E+00  0.8529273158E+05
  0.3377777778E+00  0.8510180202E+05
  0.3380555556E+00  0.8491087301E+05
  0.3383333333E+00  0.8471994335E+05
  0.3386111111E+00  0.8452901480E+05
  0.3388888889E+00  0.8433808580E+05
  0.3391666667E+00  0.8414715623E+05
  0.3394444444E+00  0.8395622757E+05
  0.3397222222E+00  0.8376529802E+05
  0.3400000000E+00  0.8357436901E+05
  0.3402777778E+00  0.8339573744E+05
  0.3405555556E+00  0.8321710585E+05
  0.3408333333E+00  0.8303847427E+05
  0.3411111111E+00  0.8285984269E+05
  0.3413888889E+00  0.8268121111E+05
  0.3416666667E+00  0.8250258052E+05
  0.3419444444E+00  0.8232394906E+05
  0.3422222222E+00  0.8214531748E+05
  0.3425000000E+00  0.8196668589E+05
  0.3427777778E+00  0.8178805432E+05
  0.3430555556E+00  0.8160942273E+05
  0.3433333333E+00  0.8143079215E+05
  0.3436111111E+00  0.8125216057E+05
  0.3438888889E+00  0.8107352899E+05
  0.3441666667E+00  0.8089489741E+05
  0.3444444444E+00  0.8071626583E+05
  0.3447222222E+00  0.8053763435E+05
  0.3450000000E+00  0.8035900378E+05
  0.3452777778E+00  0.8019695124E+05
  0.3455555556E+00  0.8003489871E+05
  0.3458333333E+00  0.7987284583E+05
  0.3461111111E+00  0.7971079330E+05
  0.3463888889E+00  0.7954874087E+05
  0.3466666667E+00  0.7938668834E+05
  0.3469444444E+00  0.7922463580E+05
  0.3472222222E+00  0.7906258326E+05
  0.3475000000E+00  0.7890053073E+05
  0.3477777778E+00  0.7873847830E+05
  0.3480555556E+00  0.7857642643E+05
  0.3483333333E+00  0.7841437389E+05
  0.3486111111E+00  0.7825232136E+05
  0.3488888889E+00  0.7809026883E+05
  0.3491666667E+00  0.7792821640E+05
  0.3494444444E+00  0.7776616387E+05
  0.3497222222E+00  0.7760411133E+05
  0.3500000000E+00  0.7744205846E+05
  0.3502777778E+00  0.7730033018E+05
  0.3505555556E+00  0.7715860046E+05
  0.3508333333E+00  0.7701687184E+05
  0.3511111111E+00  0.7687514312E+05
  0.3513888889E+00  0.7673341384E+05
  0.3516666667E+00  0.7659168512E+05
  0.3519444444E+00  0.7644995551E+05
  0.3522222222E+00  0.7630822678E+05
  0.3525000000E+00  0.7616649750E+05
  0.3527777778E+00  0.7602476878E+05
  0.3530555556E+00  0.7588303916E+05
  0.3533333333E+00  0.7574131044E+05
  0.3536111111E+00  0.7559958216E+05
  0.3538888889E+00  0.7545785244E+05
  0.3541666667E+00  0.7531612383E+05
  0.3544444444E+00  0.7517439410E+05
  0.3547222222E+00  0.7503266582E+05
  0.3550000000E+00  0.7489093610E+05
  0.3552777778E+00  0.7477253917E+05
  0.3555555556E+00  0.7465414222E+05
  0.3558333333E+00  0.7453574529E+05
  0.3561111111E+00  0.7441734801E+05
  0.3563888889E+00  0.7429895108E+05
  0.3566666667E+00  0.7418055402E+05
  0.3569444444E+00  0.7406215709E+05
  0.3572222222E+00  0.7394376015E+05
  0.3575000000E+00  0.7382536322E+05
  0.3577777778E+00  0.7370696629E+05
  0.3580555556E+00  0.7358856934E+05
  0.3583333333E+00  0.7347017207E+05
  0.3586111111E+00  0.7335177513E+05
  0.3588888889E+00  0.7323337809E+05
  0.3591666667E+00  0.7311498115E+05
  0.3594444444E+00  0.7299658421E+05
  0.3597222222E+00  0.7287818727E+05
  0.3600000000E+00  0.7275979034E+05
  0.3602777778E+00  0.7266683774E+05
  0.3605555556E+00  0.7257388660E+05
  0.3608333333E+00  0.7248093533E+05
  0.3611111111E+00  0.7238798407E+05
  0.3613888889E+00  0.7229503193E+05
  0.3616666667E+00  0.7220208066E+05
  0.3619444444E+00  0.7210912908E+05
  0.3622222222E+00  0.7201617692E+05
  0.3625000000E+00  0.7192322566E+05
  0.3627777778E+00  0.7183027441E+05
  0.3630555556E+00  0.7173732285E+05
  0.3633333333E+00  0.7164437105E+05
  0.3636111111E+00  0.7155141950E+05
  0.3638888889E+00  0.7145846805E+05
  0.3641666667E+00  0.7136551658E+05
  0.3644444444E+00  0.7127256503E+05
  0.3647222222E+00  0.7117961324E+05
  0.3650000000E+00  0.7108666179E+05
  0.3652777778E+00  0.7102031306E+05
  0.3655555556E+00  0.7095396400E+05
  0.3658333333E+00  0.7088761494E+05
  0.3661111111E+00  0.7082126631E+05
  0.3663888889E+00  0.7075491725E+05
  0.3666666667E+00  0.7068856820E+05
  0.3669444444E+00  0.7062221914E+05
  0.3672222222E+00  0.7055587041E+05
  0.3675000000E+00  0.7048952156E+05
  0.3677777778E+00  0.7042317250E+05
  0.3680555556E+00  0.7035682378E+05
  0.3683333333E+00  0.7029047473E+05
  0.3686111111E+00  0.7022412577E+05
  0.3688888889E+00  0.7015777704E+05
  0.3691666667E+00  0.7009142798E+05
  0.3694444444E+00  0.7002507892E+05
  0.3697222222E+00  0.6995873029E+05
  0.3700000000E+00  0.6989238124E+05
  0.3702777778E+00  0.6985275386E+05
  0.3705555556E+00  0.6981312647E+05
  0.3708333333E+00  0.6977349920E+05
  0.3711111111E+00  0.6973387148E+05
  0.3713888889E+00  0.6969424411E+05
  0.3716666667E+00  0.6965461673E+05
  0.3719444444E+00  0.6961498936E+05
  0.3722222222E+00  0.6957536196E+05
  0.3725000000E+00  0.6953573458E+05
  0.3727777778E+00  0.6949610720E+05
  0.3730555556E+00  0.6945647948E+05
  0.3733333333E+00  0.6941685221E+05
  0.3736111111E+00  0.6937722483E+05
  0.3738888889E+00  0.6933759746E+05
  0.3741666667E+00  0.6929797007E+05
  0.3744444444E+00  0.6925834270E+05
  0.3747222222E+00  0.6921871531E+05
  0.3750000000E+00  0.6917908792E+05
  0.3752777778E+00  0.6916534476E+05
  0.3755555556E+00  0.6915160183E+05
  0.3758333333E+00  0.6913785900E+05
  0.3761111111E+00  0.6912411617E+05
  0.3763888889E+00  0.6911037333E+05
  0.3766666667E+00  0.6909663016E+05
  0.3769444444E+00  0.6908288723E+05
  0.3772222222E+00  0.6906914440E+05
  0.3775000000E+00  0.6905540157E+05
  0.3777777778E+00  0.6904165839E+05
  0.3780555556E+00  0.6902791546E+05
  0.3783333333E+00  0.6901417263E+05
  0.3786111111E+00  0.6900042980E+05
  0.3788888889E+00  0.6898668697E+05
  0.3791666667E+00  0.6897294381E+05
  0.3794444444E+00  0.6895920086E+05
  0.3797222222E+00  0.6894545804E+05
  0.3800000000E+00  0.6893171520E+05
  0.3802777778E+00  0.6894201036E+05
  0.3805555556E+00  0.6895230576E+05
  0.3808333333E+00  0.6896260091E+05
  0.3811111111E+00  0.6897289597E+05
  0.3813888889E+00  0.6898319147E+05
  0.3816666667E+00  0.6899348652E+05
  0.3819444444E+00  0.6900378168E+05
  0.3822222222E+00  0.6901407718E+05
  0.3825000000E+00  0.6902437224E+05
  0.3827777778E+00  0.6903466772E+05
  0.3830555556E+00  0.6904496278E+05
  0.3833333333E+00  0.6905525783E+05
  0.3836111111E+00  0.6906555333E+05
  0.3838888889E+00  0.6907584839E+05
  0.3841666667E+00  0.6908614355E+05
  0.3844444444E+00  0.6909643893E+05
  0.3847222222E+00  0.6910673409E+05
  0.3850000000E+00  0.6911702948E+05
  0.3852777778E+00  0.6914879038E+05
  0.3855555556E+00  0.6918055161E+05
  0.3858333333E+00  0.6921231285E+05
  0.3861111111E+00  0.6924407408E+05
  0.3863888889E+00  0.6927583531E+05
  0.3866666667E+00  0.6930759611E+05
  0.3869444444E+00  0.6933935745E+05
  0.3872222222E+00  0.6937111869E+05
  0.3875000000E+00  0.6940287982E+05
  0.3877777778E+00  0.6943464105E+05
  0.3880555556E+00  0.6946640206E+05
  0.3883333333E+00  0.6949816319E+05
  0.3886111111E+00  0.6952992442E+05
  0.3888888889E+00  0.6956168565E+05
  0.3891666667E+00  0.6959344689E+05
  0.3894444444E+00  0.6962520779E+05
  0.3897222222E+00  0.6965696902E+05
  0.3900000000E+00  0.6968873015E+05
  0.3902777778E+00  0.6973857678E+05
  0.3905555556E+00  0.6978842321E+05
  0.3908333333E+00  0.6983826973E+05
  0.3911111111E+00  0.6988811593E+05
  0.3913888889E+00  0.6993796245E+05
  0.3916666667E+00  0.6998780887E+05
  0.3919444444E+00  0.7003765540E+05
  0.3922222222E+00  0.7008750194E+05
  0.3925000000E+00  0.7013734846E+05
  0.3927777778E+00  0.7018719489E+05
  0.3930555556E+00  0.7023704153E+05
  0.3933333333E+00  0.7028688794E+05
  0.3936111111E+00  0.7033673446E+05
  0.3938888889E+00  0.7038658067E+05
  0.3941666667E+00  0.7043642719E+05
  0.3944444444E+00  0.7048627362E+05
  0.3947222222E+00  0.7053612025E+05
  0.3950000000E+00  0.7058596668E+05
  0.3952777778E+00  0.7065009233E+05
  0.3955555556E+00  0.7071421787E+05
  0.3958333333E+00  0.7077834351E+05
  0.3961111111E+00  0.7084246916E+05
  0.3963888889E+00  0.7090659470E+05
  0.3966666667E+00  0.7097072035E+05
  0.3969444444E+00  0.7103484622E+05
  0.3972222222E+00  0.7109897187E+05
  0.3975000000E+00  0.7116309751E+05
  0.3977777778E+00  0.7122722306E+05
  0.3980555556E+00  0.7129134870E+05
  0.3983333333E+00  0.7135547435E+05
  0.3986111111E+00  0.7141959989E+05
  0.3988888889E+00  0.7148372554E+05
  0.3991666667E+00  0.7154785108E+05
  0.3994444444E+00  0.7161197672E+05
  0.3997222222E+00  0.7167610237E+05
  0.4000000000E+00  0.7174022802E+05
  0.4002777778E+00  0.7181444500E+05
  0.4005555556E+00  0.7188866220E+05
  0.4008333333E+00  0.7196287917E+05
  0.4011111111E+00  0.7203709615E+05
  0.4013888889E+00  0.7211131291E+05
  0.4016666667E+00  0.7218552998E+05
  0.4019444444E+00  0.7225974707E+05
  0.4022222222E+00  0.7233396405E+05
  0.4025000000E+00  0.7240818113E+05
  0.4027777778E+00  0.7248239778E+05
  0.4030555556E+00  0.7255661497E+05
  0.4033333333E+00  0.7263083194E+05
  0.4036111111E+00  0.7270504903E+05
  0.4038888889E+00  0.7277926600E+05
  0.4041666667E+00  0.7285348320E+05
  0.4044444444E+00  0.7292769984E+05
  0.4047222222E+00  0.7300191693E+05
  0.4050000000E+00  0.7307613391E+05
  0.4052777778E+00  0.7315614384E+05
  0.4055555556E+00  0.7323615410E+05
  0.4058333333E+00  0.7331616402E+05
  0.4061111111E+00  0.7339617429E+05
  0.4063888889E+00  0.7347618410E+05
  0.4066666667E+00  0.7355619404E+05
  0.4069444444E+00  0.7363620431E+05
  0.4072222222E+00  0.7371621412E+05
  0.4075000000E+00  0.7379622439E+05
  0.4077777778E+00  0.7387623432E+05
  0.4080555556E+00  0.7395624413E+05
  0.4083333333E+00  0.7403625440E+05
  0.4086111111E+00  0.7411626422E+05
  0.4088888889E+00  0.7419627459E+05
  0.4091666667E+00  0.7427628452E+05
  0.4094444444E+00  0.7435629434E+05
  0.4097222222E+00  0.7443630460E+05
  0.4100000000E+00  0.7451631453E+05
  0.4102777778E+00  0.7459789187E+05
  0.4105555556E+00  0.7467946943E+05
  0.4108333333E+00  0.7476104688E+05
  0.4111111111E+00  0.7484262411E+05
  0.4113888889E+00  0.7492420144E+05
  0.4116666667E+00  0.7500577912E+05
  0.4119444444E+00  0.7508735645E+05
  0.4122222222E+00  0.7516893368E+05
  0.4125000000E+00  0.7525051113E+05
  0.4127777778E+00  0.7533208836E+05
  0.4130555556E+00  0.7541366614E+05
  0.4133333333E+00  0.7549524337E+05
  0.4136111111E+00  0.7557682071E+05
  0.4138888889E+00  0.7565839816E+05
  0.4141666667E+00  0.7573997572E+05
  0.4144444444E+00  0.7582155305E+05
  0.4147222222E+00  0.7590313040E+05
  0.4150000000E+00  0.7598470773E+05
  0.4152777778E+00  0.7606385637E+05
  0.4155555556E+00  0.7614300423E+05
  0.4158333333E+00  0.7622215288E+05
  0.4161111111E+00  0.7630130141E+05
  0.4163888889E+00  0.7638044940E+05
  0.4166666667E+00  0.7645959803E+05
  0.4169444444E+00  0.7653874556E+05
  0.4172222222E+00  0.7661789455E+05
  0.4175000000E+00  0.7669704319E+05
  0.4177777778E+00  0.7677619073E+05
  0.4180555556E+00  0.7685533937E+05
  0.4183333333E+00  0.7693448834E+05
  0.4186111111E+00  0.7701363588E+05
  0.4188888889E+00  0.7709278452E+05
  0.4191666667E+00  0.7717193339E+05
  0.4194444444E+00  0.7725108103E+05
  0.4197222222E+00  0.7733022967E+05
  0.4200000000E+00  0.7740937754E+05
  0.4202777778E+00  0.7748253992E+05
  0.4205555556E+00  0.7755570275E+05
  0.4208333333E+00  0.7762886546E+05
  0.4211111111E+00  0.7770202817E+05
  0.4213888889E+00  0.7777519089E+05
  0.4216666667E+00  0.7784835260E+05
  0.4219444444E+00  0.7792151531E+05
  0.4222222222E+00  0.7799467803E+05
  0.4225000000E+00  0.7806784074E+05
  0.4227777778E+00  0.7814100346E+05
  0.4230555556E+00  0.7821416517E+05
  0.4233333333E+00  0.7828732788E+05
  0.4236111111E+00  0.7836049060E+05
  0.4238888889E+00  0.7843365331E+05
  0.4241666667E+00  0.7850681581E+05
  0.4244444444E+00  0.7857997852E+05
  0.4247222222E+00  0.7865314023E+05
  0.4250000000E+00  0.7872630295E+05
  0.4252777778E+00  0.7879047120E+05
  0.4255555556E+00  0.7885463956E+05
  0.4258333333E+00  0.7891880791E+05
  0.4261111111E+00  0.7898297627E+05
  0.4263888889E+00  0.7904714452E+05
  0.4266666667E+00  0.7911131288E+05
  0.4269444444E+00  0.7917548224E+05
  0.4272222222E+00  0.7923965049E+05
  0.4275000000E+00  0.7930381886E+05
  0.4277777778E+00  0.7936798722E+05
  0.4280555556E+00  0.7943215546E+05
  0.4283333333E+00  0.7949632382E+05
  0.4286111111E+00  0.7956049219E+05
  0.4288888889E+00  0.7962466044E+05
  0.4291666667E+00  0.7968882880E+05
  0.4294444444E+00  0.7975299715E+05
  0.4297222222E+00  0.7981716540E+05
  0.4300000000E+00  0.7988133376E+05
  0.4302777778E+00  0.7993416467E+05
  0.4305555556E+00  0.7998699458E+05
  0.4308333333E+00  0.8003982450E+05
  0.4311111111E+00  0.8009265541E+05
  0.4313888889E+00  0.8014548521E+05
  0.4316666667E+00  0.8019831612E+05
  0.4319444444E+00  0.8025114603E+05
  0.4322222222E+00  0.8030397694E+05
  0.4325000000E+00  0.8035680685E+05
  0.4327777778E+00  0.8040963776E+05
  0.4330555556E+00  0.8046246790E+05
  0.4333333333E+00  0.8051529881E+05
  0.4336111111E+00  0.8056812872E+05
  0.4338888889E+00  0.8062095863E+05
  0.4341666667E+00  0.8067378954E+05
  0.4344444444E+00  0.8072661945E+05
  0.4347222222E+00  0.8077945036E+05
  0.4350000000E+00  0.8083228016E+05
  0.4352777778E+00  0.8087215286E+05
  0.4355555556E+00  0.8091202477E+05
  0.4358333333E+00  0.8095189735E+05
  0.4361111111E+00  0.8099176938E+05
  0.4363888889E+00  0.8103164196E+05
  0.4366666667E+00  0.8107151487E+05
  0.4369444444E+00  0.8111138656E+05
  0.4372222222E+00  0.8115125914E+05
  0.4375000000E+00  0.8119113106E+05
  0.4377777778E+00  0.8123100375E+05
  0.4380555556E+00  0.8127087567E+05
  0.4383333333E+00  0.8131074824E+05
  0.4386111111E+00  0.8135062116E+05
  0.4388888889E+00  0.8139049286E+05
  0.4391666667E+00  0.8143036543E+05
  0.4394444444E+00  0.8147023735E+05
  0.4397222222E+00  0.8151011004E+05
  0.4400000000E+00  0.8154998196E+05
  0.4402777778E+00  0.8157605476E+05
  0.4405555556E+00  0.8160212879E+05
  0.4408333333E+00  0.8162820193E+05
  0.4411111111E+00  0.8165427462E+05
  0.4413888889E+00  0.8168034776E+05
  0.4416666667E+00  0.8170642089E+05
  0.4419444444E+00  0.8173249359E+05
  0.4422222222E+00  0.8175856672E+05
  0.4425000000E+00  0.8178463986E+05
  0.4427777778E+00  0.8181071255E+05
  0.4430555556E+00  0.8183678569E+05
  0.4433333333E+00  0.8186285972E+05
  0.4436111111E+00  0.8188893252E+05
  0.4438888889E+00  0.8191500566E+05
  0.4441666667E+00  0.8194107868E+05
  0.4444444444E+00  0.8196715182E+05
  0.4447222222E+00  0.8199322452E+05
  0.4450000000E+00  0.8201929766E+05
  0.4452777778E+00  0.8203143262E+05
  0.4455555556E+00  0.8204356692E+05
  0.4458333333E+00  0.8205570132E+05
  0.4461111111E+00  0.8206783629E+05
  0.4463888889E+00  0.8207997059E+05
  0.4466666667E+00  0.8209210566E+05
  0.4469444444E+00  0.8210423996E+05
  0.4472222222E+00  0.8211637493E+05
  0.4475000000E+00  0.8212850922E+05
  0.4477777778E+00  0.8214064363E+05
  0.4480555556E+00  0.8215277859E+05
  0.4483333333E+00  0.8216491288E+05
  0.4486111111E+00  0.8217704785E+05
  0.4488888889E+00  0.8218918225E+05
  0.4491666667E+00  0.8220131722E+05
  0.4494444444E+00  0.8221345152E+05
  0.4497222222E+00  0.8222558548E+05
  0.4500000000E+00  0.8223772089E+05
  0.4502777778E+00  0.8223648556E+05
  0.4505555556E+00  0.8223525125E+05
  0.4508333333E+00  0.8223401626E+05
  0.4511111111E+00  0.8223278194E+05
  0.4513888889E+00  0.8223154662E+05
  0.4516666667E+00  0.8223031130E+05
  0.4519444444E+00  0.8222907731E+05
  0.4522222222E+00  0.8222784199E+05
  0.4525000000E+00  0.8222660768E+05
  0.4527777778E+00  0.8222537235E+05
  0.4530555556E+00  0.8222413803E+05
  0.4533333333E+00  0.8222290305E+05
  0.4536111111E+00  0.8222166772E+05
  0.4538888889E+00  0.8222043340E+05
  0.4541666667E+00  0.8221919809E+05
  0.4544444444E+00  0.8221796409E+05
  0.4547222222E+00  0.8221672878E+05
  0.4550000000E+00  0.8221549345E+05
  0.4552777778E+00  0.8220209301E+05
  0.4555555556E+00  0.8218869258E+05
  0.4558333333E+00  0.8217529215E+05
  0.4561111111E+00  0.8216189172E+05
  0.4563888889E+00  0.8214849095E+05
  0.4566666667E+00  0.8213509052E+05
  0.4569444444E+00  0.8212169009E+05
  0.4572222222E+00  0.8210828965E+05
  0.4575000000E+00  0.8209488922E+05
  0.4577777778E+00  0.8208148879E+05
  0.4580555556E+00  0.8206808835E+05
  0.4583333333E+00  0.8205468792E+05
  0.4586111111E+00  0.8204128716E+05
  0.4588888889E+00  0.8202788672E+05
  0.4591666667E+00  0.8201448629E+05
  0.4594444444E+00  0.8200108586E+05
  0.4597222222E+00  0.8198768543E+05
  0.4600000000E+00  0.8197428499E+05
  0.4602777778E+00  0.8195040563E+05
  0.4605555556E+00  0.8192652604E+05
  0.4608333333E+00  0.8190264679E+05
  0.4611111111E+00  0.8187876842E+05
  0.4613888889E+00  0.8185488917E+05
  0.4616666667E+00  0.8183100958E+05
  0.4619444444E+00  0.8180713022E+05
  0.4622222222E+00  0.8178325197E+05
  0.4625000000E+00  0.8175937227E+05
  0.4627777778E+00  0.8173549301E+05
  0.4630555556E+00  0.8171161476E+05
  0.4633333333E+00  0.8168773540E+05
  0.4636111111E+00  0.8166385581E+05
  0.4638888889E+00  0.8163997656E+05
  0.4641666667E+00  0.8161609818E+05
  0.4644444444E+00  0.8159221893E+05
  0.4647222222E+00  0.8156833935E+05
  0.4650000000E+00  0.8154445998E+05
  0.4652777778E+00  0.8151216436E+05
  0.4655555556E+00  0.8147986907E+05
  0.4658333333E+00  0.8144757244E+05
  0.4661111111E+00  0.8141527682E+05
  0.4663888889E+00  0.8138298052E+05
  0.4666666667E+00  0.8135068490E+05
  0.4669444444E+00  0.8131838916E+05
  0.4672222222E+00  0.8128609286E+05
  0.4675000000E+00  0.8125379724E+05
  0.4677777778E+00  0.8122150162E+05
  0.4680555556E+00  0.8118920532E+05
  0.4683333333E+00  0.8115690970E+05
  0.4686111111E+00  0.8112461341E+05
  0.4688888889E+00  0.8109231778E+05
  0.4691666667E+00  0.8106002205E+05
  0.4694444444E+00  0.8102772576E+05
  0.4697222222E+00  0.8099543012E+05
  0.4700000000E+00  0.8096313350E+05
  0.4702777778E+00  0.8092472926E+05
  0.4705555556E+00  0.8088632392E+05
  0.4708333333E+00  0.8084791937E+05
  0.4711111111E+00  0.8080951402E+05
  0.4713888889E+00  0.8077110945E+05
  0.4716666667E+00  0.8073270410E+05
  0.4719444444E+00  0.8069429955E+05
  0.4722222222E+00  0.8065589421E+05
  0.4725000000E+00  0.8061748997E+05
  0.4727777778E+00  0.8057908430E+05
  0.4730555556E+00  0.8054068006E+05
  0.4733333333E+00  0.8050227450E+05
  0.4736111111E+00  0.8046387015E+05
  0.4738888889E+00  0.8042546492E+05
  0.4741666667E+00  0.8038706025E+05
  0.4744444444E+00  0.8034865501E+05
  0.4747222222E+00  0.8031025034E+05
  0.4750000000E+00  0.8027184510E+05
  0.4752777778E+00  0.8022973314E+05
  0.4755555556E+00  0.8018762129E+05
  0.4758333333E+00  0.8014550944E+05
  0.4761111111E+00  0.8010339758E+05
  0.4763888889E+00  0.8006128595E+05
  0.4766666667E+00  0.8001917409E+05
  0.4769444444E+00  0.7997706224E+05
  0.4772222222E+00  0.7993495039E+05
  0.4775000000E+00  0.7989283854E+05
  0.4777777778E+00  0.7985072657E+05
  0.4780555556E+00  0.7980861472E+05
  0.4783333333E+00  0.7976650287E+05
  0.4786111111E+00  0.7972439101E+05
  0.4788888889E+00  0.7968227938E+05
  0.4791666667E+00  0.7964016752E+05
  0.4794444444E+00  0.7959805567E+05
  0.4797222222E+00  0.7955594382E+05
  0.4800000000E+00  0.7951383186E+05
  0.4802777778E+00  0.7947035649E+05
  0.4805555556E+00  0.7942688012E+05
  0.4808333333E+00  0.7938340443E+05
  0.4811111111E+00  0.7933992906E+05
  0.4813888889E+00  0.7929645319E+05
  0.4816666667E+00  0.7925297754E+05
  0.4819444444E+00  0.7920950187E+05
  0.4822222222E+00  0.7916602620E+05
  0.4825000000E+00  0.7912255020E+05
  0.4827777778E+00  0.7907907443E+05
  0.4830555556E+00  0.7903559876E+05
  0.4833333333E+00  0.7899212309E+05
  0.4836111111E+00  0.7894864744E+05
  0.4838888889E+00  0.7890517143E+05
  0.4841666667E+00  0.7886169577E+05
  0.4844444444E+00  0.7881822010E+05
  0.4847222222E+00  0.7877474444E+05
  0.4850000000E+00  0.7873126877E+05
  0.4852777778E+00  0.7868862580E+05
  0.4855555556E+00  0.7864598326E+05
  0.4858333333E+00  0.7860334038E+05
  0.4861111111E+00  0.7856069774E+05
  0.4863888889E+00  0.7851805498E+05
  0.4866666667E+00  0.7847541233E+05
  0.4869444444E+00  0.7843276946E+05
  0.4872222222E+00  0.7839012693E+05
  0.4875000000E+00  0.7834748428E+05
  0.4877777778E+00  0.7830484152E+05
  0.4880555556E+00  0.7826219887E+05
  0.4883333333E+00  0.7821955600E+05
  0.4886111111E+00  0.7817691347E+05
  0.4888888889E+00  0.7813427049E+05
  0.4891666667E+00  0.7809162794E+05
  0.4894444444E+00  0.7804898508E+05
  0.4897222222E+00  0.7800634253E+05
  0.4900000000E+00  0.7796369967E+05
  0.4902777778E+00  0.7792380103E+05
  0.4905555556E+00  0.7788390224E+05
  0.4908333333E+00  0.7784400326E+05
  0.4911111111E+00  0.7780410473E+05
  0.4913888889E+00  0.7776420573E+05
  0.4916666667E+00  0.7772430696E+05
  0.4919444444E+00  0.7768440798E+05
  0.4922222222E+00  0.7764450943E+05
  0.4925000000E+00  0.7760461055E+05
  0.4927777778E+00  0.7756471168E+05
  0.4930555556E+00  0.7752481302E+05
  0.4933333333E+00  0.7748491425E+05
  0.4936111111E+00  0.7744501527E+05
  0.4938888889E+00  0.7740511672E+05
  0.4941666667E+00  0.7736521774E+05
  0.4944444444E+00  0.7732531897E+05
  0.4947222222E+00  0.7728542031E+05
  0.4950000000E+00  0.7724552144E+05
