  0.1027777778E-01  0.2258911670E+08
  0.1055555556E-01  0.2255961115E+08
  0.1083333333E-01  0.2253010549E+08
  0.1111111111E-01  0.2250059994E+08
  0.1138888889E-01  0.2247109449E+08
  0.1166666667E-01  0.2244158893E+08
  0.1194444444E-01  0.2241208338E+08
  0.1222222222E-01  0.2238257794E+08
  0.1250000000E-01  0.2235307238E+08
  0.1277777778E-01  0.2232356650E+08
  0.1305555556E-01  0.2229406094E+08
  0.1333333333E-01  0.2226455550E+08
  0.1361111111E-01  0.2223504995E+08
  0.1388888889E-01  0.2220554440E+08
  0.1416666667E-01  0.2217603895E+08
  0.1444444444E-01  0.2214653340E+08
  0.1472222222E-01  0.2211702785E+08
  0.1500000000E-01  0.2208752229E+08
  0.1527777778E-01  0.2204737036E+08
  0.1555555556E-01  0.2200721842E+08
  0.1583333333E-01  0.2196706626E+08
  0.1611111111E-01  0.2192691433E+08
  0.1638888889E-01  0.2188676240E+08
  0.1666666667E-01  0.2184661057E+08
  0.1694444444E-01  0.2180645853E+08
  0.1722222222E-01  0.2176630625E+08
  0.1750000000E-01  0.2172615442E+08
  0.1777777778E-01  0.2168600249E+08
  0.1805555556E-01  0.2164585056E+08
  0.1833333333E-01  0.2160569873E+08
  0.1861111111E-01  0.2156554647E+08
  0.1888888889E-01  0.2152539452E+08
  0.1916666667E-01  0.2148524258E+08
  0.1944444444E-01  0.2144509065E+08
  0.1972222222E-01  0.2140493839E+08
  0.2000000000E-01  0.2136478656E+08
  0.2027777778E-01  0.2131506720E+08
  0.2055555556E-01  0.2126534796E+08
  0.2083333333E-01  0.2121562872E+08
  0.2111111111E-01  0.2116590937E+08
  0.2138888889E-01  0.2111619012E+08
  0.2166666667E-01  0.2106647087E+08
  0.2194444444E-01  0.2101675164E+08
  0.2222222222E-01  0.2096703240E+08
  0.2250000000E-01  0.2091731304E+08
  0.2277777778E-01  0.2086759380E+08
  0.2305555556E-01  0.2081787455E+08
  0.2333333333E-01  0.2076815521E+08
  0.2361111111E-01  0.2071843595E+08
  0.2388888889E-01  0.2066871671E+08
  0.2416666667E-01  0.2061899737E+08
  0.2444444444E-01  0.2056927811E+08
  0.2472222222E-01  0.2051955853E+08
  0.2500000000E-01  0.2046983918E+08
  0.2527777778E-01  0.2041187458E+08
  0.2555555556E-01  0.2035390987E+08
  0.2583333333E-01  0.2029594527E+08
  0.2611111111E-01  0.2023798046E+08
  0.2638888889E-01  0.2018001575E+08
  0.2666666667E-01  0.2012205115E+08
  0.2694444444E-01  0.2006408644E+08
  0.2722222222E-01  0.2000612174E+08
  0.2750000000E-01  0.1994815702E+08
  0.2777777778E-01  0.1989019242E+08
  0.2805555556E-01  0.1983222761E+08
  0.2833333333E-01  0.1977426257E+08
  0.2861111111E-01  0.1971629797E+08
  0.2888888889E-01  0.1965833326E+08
  0.2916666667E-01  0.1960036856E+08
  0.2944444444E-01  0.1954240384E+08
  0.2972222222E-01  0.1948443924E+08
  0.3000000000E-01  0.1942647453E+08
  0.3027777778E-01  0.1936177104E+08
  0.3055555556E-01  0.1929706753E+08
  0.3083333333E-01  0.1923236380E+08
  0.3111111111E-01  0.1916766030E+08
  0.3138888889E-01  0.1910295690E+08
  0.3166666667E-01  0.1903825328E+08
  0.3194444444E-01  0.1897354989E+08
  0.3222222222E-01  0.1890884605E+08
  0.3250000000E-01  0.1884414265E+08
  0.3277777778E-01  0.1877943915E+08
  0.3305555556E-01  0.1871473575E+08
  0.3333333333E-01  0.1865003215E+08
  0.3361111111E-01  0.1858532842E+08
  0.3388888889E-01  0.1852062491E+08
  0.3416666667E-01  0.1845592152E+08
  0.3444444444E-01  0.1839121801E+08
  0.3472222222E-01  0.1832651462E+08
  0.3500000000E-01  0.1826181068E+08
  0.3527777778E-01  0.1819197542E+08
  0.3555555556E-01  0.1812213963E+08
  0.3583333333E-01  0.1805230394E+08
  0.3611111111E-01  0.1798246848E+08
  0.3638888889E-01  0.1791263280E+08
  0.3666666667E-01  0.1784279700E+08
  0.3694444444E-01  0.1777296175E+08
  0.3722222222E-01  0.1770312595E+08
  0.3750000000E-01  0.1763329027E+08
  0.3777777778E-01  0.1756345481E+08
  0.3805555556E-01  0.1749361913E+08
  0.3833333333E-01  0.1742378332E+08
  0.3861111111E-01  0.1735394807E+08
  0.3888888889E-01  0.1728411228E+08
  0.3916666667E-01  0.1721427660E+08
  0.3944444444E-01  0.1714444114E+08
  0.3972222222E-01  0.1707460545E+08
  0.4000000000E-01  0.1700476965E+08
  0.4027777778E-01  0.1693147715E+08
  0.4055555556E-01  0.1685818432E+08
  0.4083333333E-01  0.1678489148E+08
  0.4111111111E-01  0.1671159898E+08
  0.4138888889E-01  0.1663830604E+08
  0.4166666667E-01  0.1656501311E+08
  0.4194444444E-01  0.1649172027E+08
  0.4222222222E-01  0.1641842776E+08
  0.4250000000E-01  0.1634513493E+08
  0.4277777778E-01  0.1627184209E+08
  0.4305555556E-01  0.1619854950E+08
  0.4333333333E-01  0.1612525666E+08
  0.4361111111E-01  0.1605196382E+08
  0.4388888889E-01  0.1597867098E+08
  0.4416666667E-01  0.1590537848E+08
  0.4444444444E-01  0.1583208554E+08
  0.4472222222E-01  0.1575879260E+08
  0.4500000000E-01  0.1568550010E+08
  0.4527777778E-01  0.1561041335E+08
  0.4555555556E-01  0.1553532649E+08
  0.4583333333E-01  0.1546023973E+08
  0.4611111111E-01  0.1538515298E+08
  0.4638888889E-01  0.1531006612E+08
  0.4666666667E-01  0.1523497936E+08
  0.4694444444E-01  0.1515989250E+08
  0.4722222222E-01  0.1508480576E+08
  0.4750000000E-01  0.1500971889E+08
  0.4777777778E-01  0.1493463213E+08
  0.4805555556E-01  0.1485954538E+08
  0.4833333333E-01  0.1478445885E+08
  0.4861111111E-01  0.1470937210E+08
  0.4888888889E-01  0.1463428524E+08
  0.4916666667E-01  0.1455919838E+08
  0.4944444444E-01  0.1448411163E+08
  0.4972222222E-01  0.1440902487E+08
  0.5000000000E-01  0.1433393812E+08
  0.5027777778E-01  0.1425865314E+08
  0.5055555556E-01  0.1418336794E+08
  0.5083333333E-01  0.1410808308E+08
  0.5111111111E-01  0.1403279788E+08
  0.5138888889E-01  0.1395751290E+08
  0.5166666667E-01  0.1388222804E+08
  0.5194444444E-01  0.1380694284E+08
  0.5222222222E-01  0.1373165786E+08
  0.5250000000E-01  0.1365637267E+08
  0.5277777778E-01  0.1358108780E+08
  0.5305555556E-01  0.1350580283E+08
  0.5333333333E-01  0.1343051773E+08
  0.5361111111E-01  0.1335523286E+08
  0.5388888889E-01  0.1327994767E+08
  0.5416666667E-01  0.1320466269E+08
  0.5444444444E-01  0.1312937749E+08
  0.5472222222E-01  0.1305409263E+08
  0.5500000000E-01  0.1297880765E+08
  0.5527777778E-01  0.1290479807E+08
  0.5555555556E-01  0.1283078848E+08
  0.5583333333E-01  0.1275677924E+08
  0.5611111111E-01  0.1268276956E+08
  0.5638888889E-01  0.1260875997E+08
  0.5666666667E-01  0.1253475053E+08
  0.5694444444E-01  0.1246074094E+08
  0.5722222222E-01  0.1238673145E+08
  0.5750000000E-01  0.1231272198E+08
  0.5777777778E-01  0.1223871239E+08
  0.5805555556E-01  0.1216470301E+08
  0.5833333333E-01  0.1209069343E+08
  0.5861111111E-01  0.1201668384E+08
  0.5888888889E-01  0.1194267446E+08
  0.5916666667E-01  0.1186866488E+08
  0.5944444444E-01  0.1179465550E+08
  0.5972222222E-01  0.1172064592E+08
  0.6000000000E-01  0.1164663633E+08
  0.6027777778E-01  0.1157521545E+08
  0.6055555556E-01  0.1150379443E+08
  0.6083333333E-01  0.1143237365E+08
  0.6111111111E-01  0.1136095263E+08
  0.6138888889E-01  0.1128953172E+08
  0.6166666667E-01  0.1121811074E+08
  0.6194444444E-01  0.1114668971E+08
  0.6222222222E-01  0.1107526884E+08
  0.6250000000E-01  0.1100384782E+08
  0.6277777778E-01  0.1093242704E+08
  0.6305555556E-01  0.1086100602E+08
  0.6333333333E-01  0.1078958515E+08
  0.6361111111E-01  0.1071816412E+08
  0.6388888889E-01  0.1064674319E+08
  0.6416666667E-01  0.1057532222E+08
  0.6444444444E-01  0.1050390128E+08
  0.6472222222E-01  0.1043248041E+08
  0.6500000000E-01  0.1036105947E+08
  0.6527777778E-01  0.1029333709E+08
  0.6555555556E-01  0.1022561478E+08
  0.6583333333E-01  0.1015789240E+08
  0.6611111111E-01  0.1009016998E+08
  0.6638888889E-01  0.1002244769E+08
  0.6666666667E-01  0.9954725276E+07
  0.6694444444E-01  0.9887002996E+07
  0.6722222222E-01  0.9819280580E+07
  0.6750000000E-01  0.9751558300E+07
  0.6777777778E-01  0.9683835918E+07
  0.6805555556E-01  0.9616113604E+07
  0.6833333333E-01  0.9548391223E+07
  0.6861111111E-01  0.9480668808E+07
  0.6888888889E-01  0.9412946527E+07
  0.6916666667E-01  0.9345224112E+07
  0.6944444444E-01  0.9277501832E+07
  0.6972222222E-01  0.9209779416E+07
  0.7000000000E-01  0.9142057136E+07
  0.7027777778E-01  0.9078921790E+07
  0.7055555556E-01  0.9015786443E+07
  0.7083333333E-01  0.8952651101E+07
  0.7111111111E-01  0.8889515754E+07
  0.7138888889E-01  0.8826380441E+07
  0.7166666667E-01  0.8763245095E+07
  0.7194444444E-01  0.8700109749E+07
  0.7222222222E-01  0.8636974402E+07
  0.7250000000E-01  0.8573839060E+07
  0.7277777778E-01  0.8510703713E+07
  0.7305555556E-01  0.8447568367E+07
  0.7333333333E-01  0.8384432920E+07
  0.7361111111E-01  0.8321297574E+07
  0.7388888889E-01  0.8258162228E+07
  0.7416666667E-01  0.8195026919E+07
  0.7444444444E-01  0.8131891573E+07
  0.7472222222E-01  0.8068756226E+07
  0.7500000000E-01  0.8005620879E+07
  0.7527777778E-01  0.7947722870E+07
  0.7555555556E-01  0.7889824734E+07
  0.7583333333E-01  0.7831926625E+07
  0.7611111111E-01  0.7774028623E+07
  0.7638888889E-01  0.7716130480E+07
  0.7666666667E-01  0.7658232380E+07
  0.7694444444E-01  0.7600334268E+07
  0.7722222222E-01  0.7542436235E+07
  0.7750000000E-01  0.7484538123E+07
  0.7777777778E-01  0.7426640024E+07
  0.7805555556E-01  0.7368741991E+07
  0.7833333333E-01  0.7310843879E+07
  0.7861111111E-01  0.7252945746E+07
  0.7888888889E-01  0.7195047634E+07
  0.7916666667E-01  0.7137149635E+07
  0.7944444444E-01  0.7079251489E+07
  0.7972222222E-01  0.7021353390E+07
  0.8000000000E-01  0.6963455379E+07
  0.8027777778E-01  0.6911210667E+07
  0.8055555556E-01  0.6858965989E+07
  0.8083333333E-01  0.6806721377E+07
  0.8111111111E-01  0.6754476699E+07
  0.8138888889E-01  0.6702231987E+07
  0.8166666667E-01  0.6649987409E+07
  0.8194444444E-01  0.6597742731E+07
  0.8222222222E-01  0.6545498020E+07
  0.8250000000E-01  0.6493253441E+07
  0.8277777778E-01  0.6441008730E+07
  0.8305555556E-01  0.6388764051E+07
  0.8333333333E-01  0.6336519440E+07
  0.8361111111E-01  0.6284274750E+07
  0.8388888889E-01  0.6232030038E+07
  0.8416666667E-01  0.6179785461E+07
  0.8444444444E-01  0.6127540748E+07
  0.8472222222E-01  0.6075296171E+07
  0.8500000000E-01  0.6023051459E+07
  0.8527777778E-01  0.5976647195E+07
  0.8555555556E-01  0.5930242909E+07
  0.8583333333E-01  0.5883838610E+07
  0.8611111111E-01  0.5837434313E+07
  0.8638888889E-01  0.5791030015E+07
  0.8666666667E-01  0.5744625750E+07
  0.8694444444E-01  0.5698221453E+07
  0.8722222222E-01  0.5651817167E+07
  0.8750000000E-01  0.5605412868E+07
  0.8777777778E-01  0.5559008571E+07
  0.8805555556E-01  0.5512604307E+07
  0.8833333333E-01  0.5466200058E+07
  0.8861111111E-01  0.5419795782E+07
  0.8888888889E-01  0.5373391484E+07
  0.8916666667E-01  0.5326987196E+07
  0.8944444444E-01  0.5280582909E+07
  0.8972222222E-01  0.5234178644E+07
  0.9000000000E-01  0.5187774368E+07
  0.9027777778E-01  0.5147190466E+07
  0.9055555556E-01  0.5106606609E+07
  0.9083333333E-01  0.5066022728E+07
  0.9111111111E-01  0.5025438825E+07
  0.9138888889E-01  0.4984854968E+07
  0.9166666667E-01  0.4944271087E+07
  0.9194444444E-01  0.4903687219E+07
  0.9222222222E-01  0.4863103327E+07
  0.9250000000E-01  0.4822519480E+07
  0.9277777778E-01  0.4781935589E+07
  0.9305555556E-01  0.4741351687E+07
  0.9333333333E-01  0.4700767839E+07
  0.9361111111E-01  0.4660183949E+07
  0.9388888889E-01  0.4619600080E+07
  0.9416666667E-01  0.4579016199E+07
  0.9444444444E-01  0.4538432308E+07
  0.9472222222E-01  0.4497848440E+07
  0.9500000000E-01  0.4457264559E+07
  0.9527777778E-01  0.4422299301E+07
  0.9555555556E-01  0.4387334030E+07
  0.9583333333E-01  0.4352368772E+07
  0.9611111111E-01  0.4317403514E+07
  0.9638888889E-01  0.4282438234E+07
  0.9666666667E-01  0.4247472987E+07
  0.9694444444E-01  0.4212507729E+07
  0.9722222222E-01  0.4177542447E+07
  0.9750000000E-01  0.4142577189E+07
  0.9777777778E-01  0.4107611898E+07
  0.9805555556E-01  0.4072646661E+07
  0.9833333333E-01  0.4037681404E+07
  0.9861111111E-01  0.4002716112E+07
  0.9888888889E-01  0.3967750864E+07
  0.9916666667E-01  0.3932785617E+07
  0.9944444444E-01  0.3897820326E+07
  0.9972222222E-01  0.3862855077E+07
  0.1000000000E+00  0.3827889786E+07
  0.1002777778E+00  0.3798189307E+07
  0.1005555556E+00  0.3768488836E+07
  0.1008333333E+00  0.3738788356E+07
  0.1011111111E+00  0.3709087875E+07
  0.1013888889E+00  0.3679387394E+07
  0.1016666667E+00  0.3649686881E+07
  0.1019444444E+00  0.3619986410E+07
  0.1022222222E+00  0.3590285919E+07
  0.1025000000E+00  0.3560585449E+07
  0.1027777778E+00  0.3530884969E+07
  0.1030555556E+00  0.3501184489E+07
  0.1033333333E+00  0.3471483975E+07
  0.1036111111E+00  0.3441783504E+07
  0.1038888889E+00  0.3412083014E+07
  0.1041666667E+00  0.3382382543E+07
  0.1044444444E+00  0.3352682073E+07
  0.1047222222E+00  0.3322981582E+07
  0.1050000000E+00  0.3293281112E+07
  0.1052777778E+00  0.3268380022E+07
  0.1055555556E+00  0.3243478942E+07
  0.1058333333E+00  0.3218577852E+07
  0.1061111111E+00  0.3193676806E+07
  0.1063888889E+00  0.3168775716E+07
  0.1066666667E+00  0.3143874636E+07
  0.1069444444E+00  0.3118973546E+07
  0.1072222222E+00  0.3094072500E+07
  0.1075000000E+00  0.3069171398E+07
  0.1077777778E+00  0.3044270318E+07
  0.1080555556E+00  0.3019369239E+07
  0.1083333333E+00  0.2994468182E+07
  0.1086111111E+00  0.2969567102E+07
  0.1088888889E+00  0.2944666012E+07
  0.1091666667E+00  0.2919764932E+07
  0.1094444444E+00  0.2894863875E+07
  0.1097222222E+00  0.2869962795E+07
  0.1100000000E+00  0.2845061706E+07
  0.1102777778E+00  0.2824413284E+07
  0.1105555556E+00  0.2803764829E+07
  0.1108333333E+00  0.2783116362E+07
  0.1111111111E+00  0.2762467941E+07
  0.1113888889E+00  0.2741819485E+07
  0.1116666667E+00  0.2721171019E+07
  0.1119444444E+00  0.2700522607E+07
  0.1122222222E+00  0.2679874152E+07
  0.1125000000E+00  0.2659225686E+07
  0.1127777778E+00  0.2638577264E+07
  0.1130555556E+00  0.2617928809E+07
  0.1133333333E+00  0.2597280387E+07
  0.1136111111E+00  0.2576631921E+07
  0.1138888889E+00  0.2555983466E+07
  0.1141666667E+00  0.2535335044E+07
  0.1144444444E+00  0.2514686577E+07
  0.1147222222E+00  0.2494038122E+07
  0.1150000000E+00  0.2473389700E+07
  0.1152777778E+00  0.2456405345E+07
  0.1155555556E+00  0.2439421001E+07
  0.1158333333E+00  0.2422436657E+07
  0.1161111111E+00  0.2405452335E+07
  0.1163888889E+00  0.2388467991E+07
  0.1166666667E+00  0.2371483635E+07
  0.1169444444E+00  0.2354499291E+07
  0.1172222222E+00  0.2337514960E+07
  0.1175000000E+00  0.2320530615E+07
  0.1177777778E+00  0.2303546271E+07
  0.1180555556E+00  0.2286561916E+07
  0.1183333333E+00  0.2269577605E+07
  0.1186111111E+00  0.2252593250E+07
  0.1188888889E+00  0.2235608906E+07
  0.1191666667E+00  0.2218624551E+07
  0.1194444444E+00  0.2201640239E+07
  0.1197222222E+00  0.2184655895E+07
  0.1200000000E+00  0.2167671540E+07
  0.1202777778E+00  0.2153752258E+07
  0.1205555556E+00  0.2139832966E+07
  0.1208333333E+00  0.2125913706E+07
  0.1211111111E+00  0.2111994424E+07
  0.1213888889E+00  0.2098075142E+07
  0.1216666667E+00  0.2084155838E+07
  0.1219444444E+00  0.2070236556E+07
  0.1222222222E+00  0.2056317274E+07
  0.1225000000E+00  0.2042398014E+07
  0.1227777778E+00  0.2028478732E+07
  0.1230555556E+00  0.2014559440E+07
  0.1233333333E+00  0.2000640146E+07
  0.1236111111E+00  0.1986720864E+07
  0.1238888889E+00  0.1972801582E+07
  0.1241666667E+00  0.1958882312E+07
  0.1244444444E+00  0.1944963030E+07
  0.1247222222E+00  0.1931043747E+07
  0.1250000000E+00  0.1917124454E+07
  0.1252777778E+00  0.1905689325E+07
  0.1255555556E+00  0.1894254196E+07
  0.1258333333E+00  0.1882819066E+07
  0.1261111111E+00  0.1871383937E+07
  0.1263888889E+00  0.1859948808E+07
  0.1266666667E+00  0.1848513677E+07
  0.1269444444E+00  0.1837078548E+07
  0.1272222222E+00  0.1825643419E+07
  0.1275000000E+00  0.1814208289E+07
  0.1277777778E+00  0.1802773160E+07
  0.1280555556E+00  0.1791338031E+07
  0.1283333333E+00  0.1779902901E+07
  0.1286111111E+00  0.1768467772E+07
  0.1288888889E+00  0.1757032643E+07
  0.1291666667E+00  0.1745597503E+07
  0.1294444444E+00  0.1734162383E+07
  0.1297222222E+00  0.1722727254E+07
  0.1300000000E+00  0.1711292125E+07
  0.1302777778E+00  0.1701803427E+07
  0.1305555556E+00  0.1692314684E+07
  0.1308333333E+00  0.1682825954E+07
  0.1311111111E+00  0.1673337245E+07
  0.1313888889E+00  0.1663848503E+07
  0.1316666667E+00  0.1654359805E+07
  0.1319444444E+00  0.1644871063E+07
  0.1322222222E+00  0.1635382354E+07
  0.1325000000E+00  0.1625893633E+07
  0.1327777778E+00  0.1616404891E+07
  0.1330555556E+00  0.1606916182E+07
  0.1333333333E+00  0.1597427452E+07
  0.1336111111E+00  0.1587938743E+07
  0.1338888889E+00  0.1578450001E+07
  0.1341666667E+00  0.1568961270E+07
  0.1344444444E+00  0.1559472561E+07
  0.1347222222E+00  0.1549983830E+07
  0.1350000000E+00  0.1540495131E+07
  0.1352777778E+00  0.1532474677E+07
  0.1355555556E+00  0.1524454223E+07
  0.1358333333E+00  0.1516433757E+07
  0.1361111111E+00  0.1508413313E+07
  0.1363888889E+00  0.1500392859E+07
  0.1366666667E+00  0.1492372405E+07
  0.1369444444E+00  0.1484351950E+07
  0.1372222222E+00  0.1476331539E+07
  0.1375000000E+00  0.1468311074E+07
  0.1377777778E+00  0.1460290620E+07
  0.1380555556E+00  0.1452270165E+07
  0.1383333333E+00  0.1444249711E+07
  0.1386111111E+00  0.1436229267E+07
  0.1388888889E+00  0.1428208801E+07
  0.1391666667E+00  0.1420188347E+07
  0.1394444444E+00  0.1412167893E+07
  0.1397222222E+00  0.1404147449E+07
  0.1400000000E+00  0.1396127028E+07
  0.1402777778E+00  0.1389169386E+07
  0.1405555556E+00  0.1382211744E+07
  0.1408333333E+00  0.1375254111E+07
  0.1411111111E+00  0.1368296469E+07
  0.1413888889E+00  0.1361338827E+07
  0.1416666667E+00  0.1354381185E+07
  0.1419444444E+00  0.1347423543E+07
  0.1422222222E+00  0.1340465944E+07
  0.1425000000E+00  0.1333508302E+07
  0.1427777778E+00  0.1326550648E+07
  0.1430555556E+00  0.1319593006E+07
  0.1433333333E+00  0.1312635374E+07
  0.1436111111E+00  0.1305677732E+07
  0.1438888889E+00  0.1298720090E+07
  0.1441666667E+00  0.1291762448E+07
  0.1444444444E+00  0.1284804815E+07
  0.1447222222E+00  0.1277847207E+07
  0.1450000000E+00  0.1270889564E+07
  0.1452777778E+00  0.1264667707E+07
  0.1455555556E+00  0.1258445849E+07
  0.1458333333E+00  0.1252223992E+07
  0.1461111111E+00  0.1246002156E+07
  0.1463888889E+00  0.1239780331E+07
  0.1466666667E+00  0.1233558474E+07
  0.1469444444E+00  0.1227336616E+07
  0.1472222222E+00  0.1221114759E+07
  0.1475000000E+00  0.1214892901E+07
  0.1477777778E+00  0.1208671077E+07
  0.1480555556E+00  0.1202449220E+07
  0.1483333333E+00  0.1196227372E+07
  0.1486111111E+00  0.1190005515E+07
  0.1488888889E+00  0.1183783657E+07
  0.1491666667E+00  0.1177561811E+07
  0.1494444444E+00  0.1171339987E+07
  0.1497222222E+00  0.1165118129E+07
  0.1500000000E+00  0.1158896272E+07
  0.1502777778E+00  0.1153161987E+07
  0.1505555556E+00  0.1147427680E+07
  0.1508333333E+00  0.1141693406E+07
  0.1511111111E+00  0.1135959142E+07
  0.1513888889E+00  0.1130224857E+07
  0.1516666667E+00  0.1124490550E+07
  0.1519444444E+00  0.1118756276E+07
  0.1522222222E+00  0.1113021991E+07
  0.1525000000E+00  0.1107287684E+07
  0.1527777778E+00  0.1101553410E+07
  0.1530555556E+00  0.1095819137E+07
  0.1533333333E+00  0.1090084852E+07
  0.1536111111E+00  0.1084350545E+07
  0.1538888889E+00  0.1078616271E+07
  0.1541666667E+00  0.1072881986E+07
  0.1544444444E+00  0.1067147712E+07
  0.1547222222E+00  0.1061413405E+07
  0.1550000000E+00  0.1055679130E+07
  0.1552777778E+00  0.1050259658E+07
  0.1555555556E+00  0.1044840196E+07
  0.1558333333E+00  0.1039420734E+07
  0.1561111111E+00  0.1034001272E+07
  0.1563888889E+00  0.1028581810E+07
  0.1566666667E+00  0.1023162348E+07
  0.1569444444E+00  0.1017742886E+07
  0.1572222222E+00  0.1012323424E+07
  0.1575000000E+00  0.1006903962E+07
  0.1577777778E+00  0.1001484500E+07
  0.1580555556E+00  0.9960650270E+06
  0.1583333333E+00  0.9906455650E+06
  0.1586111111E+00  0.9852261031E+06
  0.1588888889E+00  0.9798066411E+06
  0.1591666667E+00  0.9743871791E+06
  0.1594444444E+00  0.9689677171E+06
  0.1597222222E+00  0.9635482551E+06
  0.1600000000E+00  0.9581287931E+06
  0.1602777778E+00  0.9529192142E+06
  0.1605555556E+00  0.9477096320E+06
  0.1608333333E+00  0.9425000497E+06
  0.1611111111E+00  0.9372904808E+06
  0.1613888889E+00  0.9320808985E+06
  0.1616666667E+00  0.9268713274E+06
  0.1619444444E+00  0.9216617485E+06
  0.1622222222E+00  0.9164521762E+06
  0.1625000000E+00  0.9112425940E+06
  0.1627777778E+00  0.9060330151E+06
  0.1630555556E+00  0.9008234328E+06
  0.1633333333E+00  0.8956138605E+06
  0.1636111111E+00  0.8904042883E+06
  0.1638888889E+00  0.8851947083E+06
  0.1641666667E+00  0.8799851371E+06
  0.1644444444E+00  0.8747755593E+06
  0.1647222222E+00  0.8695659793E+06
  0.1650000000E+00  0.8643563981E+06
  0.1652777778E+00  0.8593083129E+06
  0.1655555556E+00  0.8542602176E+06
  0.1658333333E+00  0.8492121323E+06
  0.1661111111E+00  0.8441640359E+06
  0.1663888889E+00  0.8391159507E+06
  0.1666666667E+00  0.8340678554E+06
  0.1669444444E+00  0.8290197701E+06
  0.1672222222E+00  0.8239716749E+06
  0.1675000000E+00  0.8189235885E+06
  0.1677777778E+00  0.8138754932E+06
  0.1680555556E+00  0.8088274080E+06
  0.1683333333E+00  0.8037793127E+06
  0.1686111111E+00  0.7987312274E+06
  0.1688888889E+00  0.7936831311E+06
  0.1691666667E+00  0.7886350357E+06
  0.1694444444E+00  0.7835869505E+06
  0.1697222222E+00  0.7785388553E+06
  0.1700000000E+00  0.7734907699E+06
  0.1702777778E+00  0.7686018412E+06
  0.1705555556E+00  0.7637129192E+06
  0.1708333333E+00  0.7588239905E+06
  0.1711111111E+00  0.7539350717E+06
  0.1713888889E+00  0.7490461397E+06
  0.1716666667E+00  0.7441572211E+06
  0.1719444444E+00  0.7392682923E+06
  0.1722222222E+00  0.7343793602E+06
  0.1725000000E+00  0.7294904426E+06
  0.1727777778E+00  0.7246015139E+06
  0.1730555556E+00  0.7197125919E+06
  0.1733333333E+00  0.7148236631E+06
  0.1736111111E+00  0.7099347444E+06
  0.1738888889E+00  0.7050458123E+06
  0.1741666667E+00  0.7001568837E+06
  0.1744444444E+00  0.6952679649E+06
  0.1747222222E+00  0.6903790329E+06
  0.1750000000E+00  0.6854901141E+06
  0.1752777778E+00  0.6807903940E+06
  0.1755555556E+00  0.6760906737E+06
  0.1758333333E+00  0.6713909558E+06
  0.1761111111E+00  0.6666912356E+06
  0.1763888889E+00  0.6619915154E+06
  0.1766666667E+00  0.6572917941E+06
  0.1769444444E+00  0.6525920773E+06
  0.1772222222E+00  0.6478923559E+06
  0.1775000000E+00  0.6431926358E+06
  0.1777777778E+00  0.6384929155E+06
  0.1780555556E+00  0.6337931976E+06
  0.1783333333E+00  0.6290934774E+06
  0.1786111111E+00  0.6243937561E+06
  0.1788888889E+00  0.6196940358E+06
  0.1791666667E+00  0.6149943290E+06
  0.1794444444E+00  0.6102946077E+06
  0.1797222222E+00  0.6055948875E+06
  0.1800000000E+00  0.6008951673E+06
  0.1802777778E+00  0.5964348802E+06
  0.1805555556E+00  0.5919745840E+06
  0.1808333333E+00  0.5875142947E+06
  0.1811111111E+00  0.5830540086E+06
  0.1813888889E+00  0.5785937192E+06
  0.1816666667E+00  0.5741334331E+06
  0.1819444444E+00  0.5696731426E+06
  0.1822222222E+00  0.5652128566E+06
  0.1825000000E+00  0.5607525705E+06
  0.1827777778E+00  0.5562922712E+06
  0.1830555556E+00  0.5518319850E+06
  0.1833333333E+00  0.5473716957E+06
  0.1836111111E+00  0.5429114096E+06
  0.1838888889E+00  0.5384511191E+06
  0.1841666667E+00  0.5339908331E+06
  0.1844444444E+00  0.5295305470E+06
  0.1847222222E+00  0.5250702476E+06
  0.1850000000E+00  0.5206099615E+06
  0.1852777778E+00  0.5164487009E+06
  0.1855555556E+00  0.5122874448E+06
  0.1858333333E+00  0.5081261875E+06
  0.1861111111E+00  0.5039649202E+06
  0.1863888889E+00  0.4998036641E+06
  0.1866666667E+00  0.4956424035E+06
  0.1869444444E+00  0.4914811473E+06
  0.1872222222E+00  0.4873198801E+06
  0.1875000000E+00  0.4831586229E+06
  0.1877777778E+00  0.4789973667E+06
  0.1880555556E+00  0.4748361061E+06
  0.1883333333E+00  0.4706748399E+06
  0.1886111111E+00  0.4665135828E+06
  0.1888888889E+00  0.4623523255E+06
  0.1891666667E+00  0.4581910693E+06
  0.1894444444E+00  0.4540298027E+06
  0.1897222222E+00  0.4498685436E+06
  0.1900000000E+00  0.4457072843E+06
  0.1902777778E+00  0.4419038310E+06
  0.1905555556E+00  0.4381003801E+06
  0.1908333333E+00  0.4342969300E+06
  0.1911111111E+00  0.4304934767E+06
  0.1913888889E+00  0.4266900268E+06
  0.1916666667E+00  0.4228865725E+06
  0.1919444444E+00  0.4190831225E+06
  0.1922222222E+00  0.4152796724E+06
  0.1925000000E+00  0.4114762192E+06
  0.1927777778E+00  0.4076727692E+06
  0.1930555556E+00  0.4038693149E+06
  0.1933333333E+00  0.4000658650E+06
  0.1936111111E+00  0.3962624150E+06
  0.1938888889E+00  0.3924589616E+06
  0.1941666667E+00  0.3886555106E+06
  0.1944444444E+00  0.3848520574E+06
  0.1947222222E+00  0.3810486074E+06
  0.1950000000E+00  0.3772451530E+06
  0.1952777778E+00  0.3738501256E+06
  0.1955555556E+00  0.3704550939E+06
  0.1958333333E+00  0.3670600632E+06
  0.1961111111E+00  0.3636650359E+06
  0.1963888889E+00  0.3602700052E+06
  0.1966666667E+00  0.3568749734E+06
  0.1969444444E+00  0.3534799460E+06
  0.1972222222E+00  0.3500849153E+06
  0.1975000000E+00  0.3466898836E+06
  0.1977777778E+00  0.3432948529E+06
  0.1980555556E+00  0.3398998244E+06
  0.1983333333E+00  0.3365047937E+06
  0.1986111111E+00  0.3331097630E+06
  0.1988888889E+00  0.3297147357E+06
  0.1991666667E+00  0.3263197040E+06
  0.1994444444E+00  0.3229246722E+06
  0.1997222222E+00  0.3195296448E+06
  0.2000000000E+00  0.3161346141E+06
  0.2002777778E+00  0.3131844866E+06
  0.2005555556E+00  0.3102343612E+06
  0.2008333333E+00  0.3072842336E+06
  0.2011111111E+00  0.3043341092E+06
  0.2013888889E+00  0.3013839817E+06
  0.2016666667E+00  0.2984338540E+06
  0.2019444444E+00  0.2954837298E+06
  0.2022222222E+00  0.2925336022E+06
  0.2025000000E+00  0.2895834778E+06
  0.2027777778E+00  0.2866333491E+06
  0.2030555556E+00  0.2836832216E+06
  0.2033333333E+00  0.2807330973E+06
  0.2036111111E+00  0.2777829697E+06
  0.2038888889E+00  0.2748328443E+06
  0.2041666667E+00  0.2718827177E+06
  0.2044444444E+00  0.2689325902E+06
  0.2047222222E+00  0.2659824647E+06
  0.2050000000E+00  0.2630323371E+06
  0.2052777778E+00  0.2605466483E+06
  0.2055555556E+00  0.2580609651E+06
  0.2058333333E+00  0.2555752774E+06
  0.2061111111E+00  0.2530895886E+06
  0.2063888889E+00  0.2506039043E+06
  0.2066666667E+00  0.2481182165E+06
  0.2069444444E+00  0.2456325289E+06
  0.2072222222E+00  0.2431468445E+06
  0.2075000000E+00  0.2406611568E+06
  0.2077777778E+00  0.2381754680E+06
  0.2080555556E+00  0.2356897837E+06
  0.2083333333E+00  0.2332040961E+06
  0.2086111111E+00  0.2307184116E+06
  0.2088888889E+00  0.2282327240E+06
  0.2091666667E+00  0.2257470352E+06
  0.2094444444E+00  0.2232613508E+06
  0.2097222222E+00  0.2207756642E+06
  0.2100000000E+00  0.2182899755E+06
  0.2102777778E+00  0.2162696834E+06
  0.2105555556E+00  0.2142493936E+06
  0.2108333333E+00  0.2122291015E+06
  0.2111111111E+00  0.2102088094E+06
  0.2113888889E+00  0.2081885163E+06
  0.2116666667E+00  0.2061682275E+06
  0.2119444444E+00  0.2041479344E+06
  0.2122222222E+00  0.2021276424E+06
  0.2125000000E+00  0.2001073493E+06
  0.2127777778E+00  0.1980870605E+06
  0.2130555556E+00  0.1960667683E+06
  0.2133333333E+00  0.1940464752E+06
  0.2136111111E+00  0.1920261832E+06
  0.2138888889E+00  0.1900058934E+06
  0.2141666667E+00  0.1879856013E+06
  0.2144444444E+00  0.1859653092E+06
  0.2147222222E+00  0.1839450195E+06
  0.2150000000E+00  0.1819247273E+06
  0.2152777778E+00  0.1803527502E+06
  0.2155555556E+00  0.1787807687E+06
  0.2158333333E+00  0.1772087915E+06
  0.2161111111E+00  0.1756368144E+06
  0.2163888889E+00  0.1740648373E+06
  0.2166666667E+00  0.1724928557E+06
  0.2169444444E+00  0.1709208786E+06
  0.2172222222E+00  0.1693489013E+06
  0.2175000000E+00  0.1677769242E+06
  0.2177777778E+00  0.1662049427E+06
  0.2180555556E+00  0.1646329644E+06
  0.2183333333E+00  0.1630609873E+06
  0.2186111111E+00  0.1614890102E+06
  0.2188888889E+00  0.1599170296E+06
  0.2191666667E+00  0.1583450525E+06
  0.2194444444E+00  0.1567730743E+06
  0.2197222222E+00  0.1552010972E+06
  0.2200000000E+00  0.1536291167E+06
  0.2202777778E+00  0.1524724579E+06
  0.2205555556E+00  0.1513157957E+06
  0.2208333333E+00  0.1501591335E+06
  0.2211111111E+00  0.1490024748E+06
  0.2213888889E+00  0.1478458136E+06
  0.2216666667E+00  0.1466891538E+06
  0.2219444444E+00  0.1455324926E+06
  0.2222222222E+00  0.1443758305E+06
  0.2225000000E+00  0.1432191717E+06
  0.2227777778E+00  0.1420625095E+06
  0.2230555556E+00  0.1409058474E+06
  0.2233333333E+00  0.1397491896E+06
  0.2236111111E+00  0.1385925275E+06
  0.2238888889E+00  0.1374358676E+06
  0.2241666667E+00  0.1362792065E+06
  0.2244444444E+00  0.1351225444E+06
  0.2247222222E+00  0.1339658866E+06
  0.2250000000E+00  0.1328092233E+06
  0.2252777778E+00  0.1320217554E+06
  0.2255555556E+00  0.1312342831E+06
  0.2258333333E+00  0.1304468097E+06
  0.2261111111E+00  0.1296593407E+06
  0.2263888889E+00  0.1288718683E+06
  0.2266666667E+00  0.1280843992E+06
  0.2269444444E+00  0.1272969269E+06
  0.2272222222E+00  0.1265094568E+06
  0.2275000000E+00  0.1257219856E+06
  0.2277777778E+00  0.1249345166E+06
  0.2280555556E+00  0.1241470442E+06
  0.2283333333E+00  0.1233595718E+06
  0.2286111111E+00  0.1225721018E+06
  0.2288888889E+00  0.1217846294E+06
  0.2291666667E+00  0.1209971604E+06
  0.2294444444E+00  0.1202096891E+06
  0.2297222222E+00  0.1194222201E+06
  0.2300000000E+00  0.1186347467E+06
  0.2302777778E+00  0.1181611019E+06
  0.2305555556E+00  0.1176874548E+06
  0.2308333333E+00  0.1172138099E+06
  0.2311111111E+00  0.1167401607E+06
  0.2313888889E+00  0.1162665170E+06
  0.2316666667E+00  0.1157928722E+06
  0.2319444444E+00  0.1153192240E+06
  0.2322222222E+00  0.1148455792E+06
  0.2325000000E+00  0.1143719311E+06
  0.2327777778E+00  0.1138982862E+06
  0.2330555556E+00  0.1134246391E+06
  0.2333333333E+00  0.1129509933E+06
  0.2336111111E+00  0.1124773482E+06
  0.2338888889E+00  0.1120037020E+06
  0.2341666667E+00  0.1115300555E+06
  0.2344444444E+00  0.1110564094E+06
  0.2347222222E+00  0.1105827632E+06
  0.2350000000E+00  0.1101091167E+06
  0.2352777778E+00  0.1098884749E+06
  0.2355555556E+00  0.1096678316E+06
  0.2358333333E+00  0.1094471873E+06
  0.2361111111E+00  0.1092265443E+06
  0.2363888889E+00  0.1090059010E+06
  0.2366666667E+00  0.1087852580E+06
  0.2369444444E+00  0.1085646147E+06
  0.2372222222E+00  0.1083439725E+06
  0.2375000000E+00  0.1081233296E+06
  0.2377777778E+00  0.1079026852E+06
  0.2380555556E+00  0.1076820420E+06
  0.2383333333E+00  0.1074613990E+06
  0.2386111111E+00  0.1072407557E+06
  0.2388888889E+00  0.1070201127E+06
  0.2391666667E+00  0.1067994700E+06
  0.2394444444E+00  0.1065788269E+06
  0.2397222222E+00  0.1063581830E+06
  0.2400000000E+00  0.1061375399E+06
  0.2402777778E+00  0.1061075519E+06
  0.2405555556E+00  0.1060775638E+06
  0.2408333333E+00  0.1060475758E+06
  0.2411111111E+00  0.1060175878E+06
  0.2413888889E+00  0.1059875998E+06
  0.2416666667E+00  0.1059576116E+06
  0.2419444444E+00  0.1059276236E+06
  0.2422222222E+00  0.1058976356E+06
  0.2425000000E+00  0.1058676479E+06
  0.2427777778E+00  0.1058376598E+06
  0.2430555556E+00  0.1058076708E+06
  0.2433333333E+00  0.1057776828E+06
  0.2436111111E+00  0.1057476947E+06
  0.2438888889E+00  0.1057177067E+06
  0.2441666667E+00  0.1056877186E+06
  0.2444444444E+00  0.1056577306E+06
  0.2447222222E+00  0.1056277426E+06
  0.2450000000E+00  0.1055977546E+06
  0.2452777778E+00  0.1056981166E+06
  0.2455555556E+00  0.1057984774E+06
  0.2458333333E+00  0.1058988396E+06
  0.2461111111E+00  0.1059992004E+06
  0.2463888889E+00  0.1060995625E+06
  0.2466666667E+00  0.1061999234E+06
  0.2469444444E+00  0.1063002855E+06
  0.2472222222E+00  0.1064006472E+06
  0.2475000000E+00  0.1065010084E+06
  0.2477777778E+00  0.1066013702E+06
  0.2480555556E+00  0.1067017313E+06
  0.2483333333E+00  0.1068020932E+06
  0.2486111111E+00  0.1069024543E+06
  0.2488888889E+00  0.1070028161E+06
  0.2491666667E+00  0.1071031772E+06
  0.2494444444E+00  0.1072035390E+06
  0.2497222222E+00  0.1073039011E+06
  0.2500000000E+00  0.1074042620E+06
  0.2502777778E+00  0.1075796473E+06
  0.2505555556E+00  0.1077550337E+06
  0.2508333333E+00  0.1079304190E+06
  0.2511111111E+00  0.1081058047E+06
  0.2513888889E+00  0.1082811910E+06
  0.2516666667E+00  0.1084565764E+06
  0.2519444444E+00  0.1086319617E+06
  0.2522222222E+00  0.1088073470E+06
  0.2525000000E+00  0.1089827334E+06
  0.2527777778E+00  0.1091581188E+06
  0.2530555556E+00  0.1093335041E+06
  0.2533333333E+00  0.1095088904E+06
  0.2536111111E+00  0.1096842758E+06
  0.2538888889E+00  0.1098596611E+06
  0.2541666667E+00  0.1100350465E+06
  0.2544444444E+00  0.1102104328E+06
  0.2547222222E+00  0.1103858181E+06
  0.2550000000E+00  0.1105612038E+06
  0.2552777778E+00  0.1107636617E+06
  0.2555555556E+00  0.1109661195E+06
  0.2558333333E+00  0.1111685773E+06
  0.2561111111E+00  0.1113710354E+06
  0.2563888889E+00  0.1115734933E+06
  0.2566666667E+00  0.1117759510E+06
  0.2569444444E+00  0.1119784092E+06
  0.2572222222E+00  0.1121808670E+06
  0.2575000000E+00  0.1123833249E+06
  0.2577777778E+00  0.1125857826E+06
  0.2580555556E+00  0.1127882408E+06
  0.2583333333E+00  0.1129906986E+06
  0.2586111111E+00  0.1131931564E+06
  0.2588888889E+00  0.1133956145E+06
  0.2591666667E+00  0.1135980724E+06
  0.2594444444E+00  0.1138005303E+06
  0.2597222222E+00  0.1140029884E+06
  0.2600000000E+00  0.1142054462E+06
  0.2602777778E+00  0.1143958051E+06
  0.2605555556E+00  0.1145861651E+06
  0.2608333333E+00  0.1147765240E+06
  0.2611111111E+00  0.1149668844E+06
  0.2613888889E+00  0.1151572443E+06
  0.2616666667E+00  0.1153476032E+06
  0.2619444444E+00  0.1155379633E+06
  0.2622222222E+00  0.1157283225E+06
  0.2625000000E+00  0.1159186824E+06
  0.2627777778E+00  0.1161090414E+06
  0.2630555556E+00  0.1162994014E+06
  0.2633333333E+00  0.1164897603E+06
  0.2636111111E+00  0.1166801206E+06
  0.2638888889E+00  0.1168704796E+06
  0.2641666667E+00  0.1170608395E+06
  0.2644444444E+00  0.1172511985E+06
  0.2647222222E+00  0.1174415587E+06
  0.2650000000E+00  0.1176319178E+06
  0.2652777778E+00  0.1177806920E+06
  0.2655555556E+00  0.1179294657E+06
  0.2658333333E+00  0.1180782389E+06
  0.2661111111E+00  0.1182270125E+06
  0.2663888889E+00  0.1183757858E+06
  0.2666666667E+00  0.1185245594E+06
  0.2669444444E+00  0.1186733337E+06
  0.2672222222E+00  0.1188221073E+06
  0.2675000000E+00  0.1189708806E+06
  0.2677777778E+00  0.1191196542E+06
  0.2680555556E+00  0.1192684275E+06
  0.2683333333E+00  0.1194172011E+06
  0.2686111111E+00  0.1195659753E+06
  0.2688888889E+00  0.1197147490E+06
  0.2691666667E+00  0.1198635222E+06
  0.2694444444E+00  0.1200122959E+06
  0.2697222222E+00  0.1201610691E+06
  0.2700000000E+00  0.1203098438E+06
  0.2702777778E+00  0.1203973142E+06
  0.2705555556E+00  0.1204847845E+06
  0.2708333333E+00  0.1205722550E+06
  0.2711111111E+00  0.1206597264E+06
  0.2713888889E+00  0.1207471967E+06
  0.2716666667E+00  0.1208346671E+06
  0.2719444444E+00  0.1209221386E+06
  0.2722222222E+00  0.1210096090E+06
  0.2725000000E+00  0.1210970793E+06
  0.2727777778E+00  0.1211845508E+06
  0.2730555556E+00  0.1212720212E+06
  0.2733333333E+00  0.1213594916E+06
  0.2736111111E+00  0.1214469619E+06
  0.2738888889E+00  0.1215344334E+06
  0.2741666667E+00  0.1216219038E+06
  0.2744444444E+00  0.1217093742E+06
  0.2747222222E+00  0.1217968456E+06
  0.2750000000E+00  0.1218843160E+06
  0.2752777778E+00  0.1218999637E+06
  0.2755555556E+00  0.1219156114E+06
  0.2758333333E+00  0.1219312594E+06
  0.2761111111E+00  0.1219469072E+06
  0.2763888889E+00  0.1219625549E+06
  0.2766666667E+00  0.1219782026E+06
  0.2769444444E+00  0.1219938503E+06
  0.2772222222E+00  0.1220094980E+06
  0.2775000000E+00  0.1220251460E+06
  0.2777777778E+00  0.1220407937E+06
  0.2780555556E+00  0.1220564415E+06
  0.2783333333E+00  0.1220720892E+06
  0.2786111111E+00  0.1220877369E+06
  0.2788888889E+00  0.1221033846E+06
  0.2791666667E+00  0.1221190322E+06
  0.2794444444E+00  0.1221346803E+06
  0.2797222222E+00  0.1221503280E+06
  0.2800000000E+00  0.1221659758E+06
  0.2802777778E+00  0.1221075121E+06
  0.2805555556E+00  0.1220490487E+06
  0.2808333333E+00  0.1219905850E+06
  0.2811111111E+00  0.1219321217E+06
  0.2813888889E+00  0.1218736581E+06
  0.2816666667E+00  0.1218151947E+06
  0.2819444444E+00  0.1217567310E+06
  0.2822222222E+00  0.1216982667E+06
  0.2825000000E+00  0.1216398031E+06
  0.2827777778E+00  0.1215813397E+06
  0.2830555556E+00  0.1215228760E+06
  0.2833333333E+00  0.1214644127E+06
  0.2836111111E+00  0.1214059490E+06
  0.2838888889E+00  0.1213474858E+06
  0.2841666667E+00  0.1212890221E+06
  0.2844444444E+00  0.1212305587E+06
  0.2847222222E+00  0.1211720950E+06
  0.2850000000E+00  0.1211136317E+06
  0.2852777778E+00  0.1209857256E+06
  0.2855555556E+00  0.1208578199E+06
  0.2858333333E+00  0.1207299139E+06
  0.2861111111E+00  0.1206020072E+06
  0.2863888889E+00  0.1204741015E+06
  0.2866666667E+00  0.1203461955E+06
  0.2869444444E+00  0.1202182898E+06
  0.2872222222E+00  0.1200903837E+06
  0.2875000000E+00  0.1199624780E+06
  0.2877777778E+00  0.1198345723E+06
  0.2880555556E+00  0.1197066663E+06
  0.2883333333E+00  0.1195787606E+06
  0.2886111111E+00  0.1194508546E+06
  0.2888888889E+00  0.1193229489E+06
  0.2891666667E+00  0.1191950432E+06
  0.2894444444E+00  0.1190671371E+06
  0.2897222222E+00  0.1189392314E+06
  0.2900000000E+00  0.1188113254E+06
  0.2902777778E+00  0.1186238709E+06
  0.2905555556E+00  0.1184364160E+06
  0.2908333333E+00  0.1182489624E+06
  0.2911111111E+00  0.1180615076E+06
  0.2913888889E+00  0.1178740530E+06
  0.2916666667E+00  0.1176865981E+06
  0.2919444444E+00  0.1174991443E+06
  0.2922222222E+00  0.1173116897E+06
  0.2925000000E+00  0.1171242348E+06
  0.2927777778E+00  0.1169367803E+06
  0.2930555556E+00  0.1167493264E+06
  0.2933333333E+00  0.1165618714E+06
  0.2936111111E+00  0.1163744170E+06
  0.2938888889E+00  0.1161869620E+06
  0.2941666667E+00  0.1159995084E+06
  0.2944444444E+00  0.1158120536E+06
  0.2947222222E+00  0.1156245987E+06
  0.2950000000E+00  0.1154371451E+06
  0.2952777778E+00  0.1152038780E+06
  0.2955555556E+00  0.1149706107E+06
  0.2958333333E+00  0.1147373435E+06
  0.2961111111E+00  0.1145040769E+06
  0.2963888889E+00  0.1142708097E+06
  0.2966666667E+00  0.1140375425E+06
  0.2969444444E+00  0.1138042763E+06
  0.2972222222E+00  0.1135710090E+06
  0.2975000000E+00  0.1133377419E+06
  0.2977777778E+00  0.1131044756E+06
  0.2980555556E+00  0.1128712081E+06
  0.2983333333E+00  0.1126379408E+06
  0.2986111111E+00  0.1124046747E+06
  0.2988888889E+00  0.1121714074E+06
  0.2991666667E+00  0.1119381402E+06
  0.2994444444E+00  0.1117048729E+06
  0.2997222222E+00  0.1114716068E+06
  0.3000000000E+00  0.1112383395E+06
  0.3002777778E+00  0.1109749715E+06
  0.3005555556E+00  0.1107116039E+06
  0.3008333333E+00  0.1104482352E+06
  0.3011111111E+00  0.1101848673E+06
  0.3013888889E+00  0.1099214997E+06
  0.3016666667E+00  0.1096581320E+06
  0.3019444444E+00  0.1093947644E+06
  0.3022222222E+00  0.1091313954E+06
  0.3025000000E+00  0.1088680278E+06
  0.3027777778E+00  0.1086046601E+06
  0.3030555556E+00  0.1083412921E+06
  0.3033333333E+00  0.1080779246E+06
  0.3036111111E+00  0.1078145559E+06
  0.3038888889E+00  0.1075511883E+06
  0.3041666667E+00  0.1072878203E+06
  0.3044444444E+00  0.1070244526E+06
  0.3047222222E+00  0.1067610850E+06
  0.3050000000E+00  0.1064977160E+06
  0.3052777778E+00  0.1062205894E+06
  0.3055555556E+00  0.1059434627E+06
  0.3058333333E+00  0.1056663347E+06
  0.3061111111E+00  0.1053892081E+06
  0.3063888889E+00  0.1051120804E+06
  0.3066666667E+00  0.1048349535E+06
  0.3069444444E+00  0.1045578258E+06
  0.3072222222E+00  0.1042806992E+06
  0.3075000000E+00  0.1040035725E+06
  0.3077777778E+00  0.1037264446E+06
  0.3080555556E+00  0.1034493179E+06
  0.3083333333E+00  0.1031721903E+06
  0.3086111111E+00  0.1028950633E+06
  0.3088888889E+00  0.1026179356E+06
  0.3091666667E+00  0.1023408090E+06
  0.3094444444E+00  0.1020636820E+06
  0.3097222222E+00  0.1017865544E+06
  0.3100000000E+00  0.1015094277E+06
  0.3102777778E+00  0.1012342058E+06
  0.3105555556E+00  0.1009589848E+06
  0.3108333333E+00  0.1006837643E+06
  0.3111111111E+00  0.1004085423E+06
  0.3113888889E+00  0.1001333218E+06
  0.3116666667E+00  0.9985810088E+05
  0.3119444444E+00  0.9958287899E+05
  0.3122222222E+00  0.9930765842E+05
  0.3125000000E+00  0.9903243751E+05
  0.3127777778E+00  0.9875721562E+05
  0.3130555556E+00  0.9848199505E+05
  0.3133333333E+00  0.9820677315E+05
  0.3136111111E+00  0.9793155225E+05
  0.3138888889E+00  0.9765633168E+05
  0.3141666667E+00  0.9738110979E+05
  0.3144444444E+00  0.9710588921E+05
  0.3147222222E+00  0.9683066832E+05
  0.3150000000E+00  0.9655544642E+05
  0.3152777778E+00  0.9629612904E+05
  0.3155555556E+00  0.9603681167E+05
  0.3158333333E+00  0.9577749463E+05
  0.3161111111E+00  0.9551817737E+05
  0.3163888889E+00  0.9525886000E+05
  0.3166666667E+00  0.9499954263E+05
  0.3169444444E+00  0.9474022426E+05
  0.3172222222E+00  0.9448090688E+05
  0.3175000000E+00  0.9422158962E+05
  0.3177777778E+00  0.9396227225E+05
  0.3180555556E+00  0.9370295488E+05
  0.3183333333E+00  0.9344363750E+05
  0.3186111111E+00  0.9318432025E+05
  0.3188888889E+00  0.9292500187E+05
  0.3191666667E+00  0.9266568451E+05
  0.3194444444E+00  0.9240636746E+05
  0.3197222222E+00  0.9214705019E+05
  0.3200000000E+00  0.9188773283E+05
  0.3202777778E+00  0.9165573903E+05
  0.3205555556E+00  0.9142374467E+05
  0.3208333333E+00  0.9119175131E+05
  0.3211111111E+00  0.9095975661E+05
  0.3213888889E+00  0.9072776314E+05
  0.3216666667E+00  0.9049576979E+05
  0.3219444444E+00  0.9026377509E+05
  0.3222222222E+00  0.9003178163E+05
  0.3225000000E+00  0.8979978827E+05
  0.3227777778E+00  0.8956779358E+05
  0.3230555556E+00  0.8933580011E+05
  0.3233333333E+00  0.8910380575E+05
  0.3236111111E+00  0.8887181206E+05
  0.3238888889E+00  0.8863981859E+05
  0.3241666667E+00  0.8840782423E+05
  0.3244444444E+00  0.8817583053E+05
  0.3247222222E+00  0.8794383707E+05
  0.3250000000E+00  0.8771184271E+05
  0.3252777778E+00  0.8751575798E+05
  0.3255555556E+00  0.8731967360E+05
  0.3258333333E+00  0.8712358877E+05
  0.3261111111E+00  0.8692750304E+05
  0.3263888889E+00  0.8673141866E+05
  0.3266666667E+00  0.8653533394E+05
  0.3269444444E+00  0.8633924955E+05
  0.3272222222E+00  0.8614316383E+05
  0.3275000000E+00  0.8594707899E+05
  0.3277777778E+00  0.8575099461E+05
  0.3280555556E+00  0.8555490988E+05
  0.3283333333E+00  0.8535882549E+05
  0.3286111111E+00  0.8516273977E+05
  0.3288888889E+00  0.8496665494E+05
  0.3291666667E+00  0.8477057055E+05
  0.3294444444E+00  0.8457448582E+05
  0.3297222222E+00  0.8437840043E+05
  0.3300000000E+00  0.8418231572E+05
  0.3302777778E+00  0.8402741416E+05
  0.3305555556E+00  0.8387251171E+05
  0.3308333333E+00  0.8371760948E+05
  0.3311111111E+00  0.8356270792E+05
  0.3313888889E+00  0.8340780547E+05
  0.3316666667E+00  0.8325290391E+05
  0.3319444444E+00  0.8309800145E+05
  0.3322222222E+00  0.8294309923E+05
  0.3325000000E+00  0.8278819777E+05
  0.3327777778E+00  0.8263329522E+05
  0.3330555556E+00  0.8247839376E+05
  0.3333333333E+00  0.8232349120E+05
  0.3336111111E+00  0.8216858909E+05
  0.3338888889E+00  0.8201368753E+05
  0.3341666667E+00  0.8185878507E+05
  0.3344444444E+00  0.8170388352E+05
  0.3347222222E+00  0.8154898095E+05
  0.3350000000E+00  0.8139407884E+05
  0.3352777778E+00  0.8128254606E+05
  0.3355555556E+00  0.8117101227E+05
  0.3358333333E+00  0.8105947882E+05
  0.3361111111E+00  0.8094794514E+05
  0.3363888889E+00  0.8083641170E+05
  0.3366666667E+00  0.8072487891E+05
  0.3369444444E+00  0.8061334513E+05
  0.3372222222E+00  0.8050181168E+05
  0.3375000000E+00  0.8039027790E+05
  0.3377777778E+00  0.8027874444E+05
  0.3380555556E+00  0.8016721177E+05
  0.3383333333E+00  0.8005567798E+05
  0.3386111111E+00  0.7994414454E+05
  0.3388888889E+00  0.7983261075E+05
  0.3391666667E+00  0.7972107730E+05
  0.3394444444E+00  0.7960954451E+05
  0.3397222222E+00  0.7949801085E+05
  0.3400000000E+00  0.7938647739E+05
  0.3402777778E+00  0.7931754404E+05
  0.3405555556E+00  0.7924861078E+05
  0.3408333333E+00  0.7917967654E+05
  0.3411111111E+00  0.7911074351E+05
  0.3413888889E+00  0.7904181027E+05
  0.3416666667E+00  0.7897287701E+05
  0.3419444444E+00  0.7890394366E+05
  0.3422222222E+00  0.7883500974E+05
  0.3425000000E+00  0.7876607638E+05
  0.3427777778E+00  0.7869714313E+05
  0.3430555556E+00  0.7862820989E+05
  0.3433333333E+00  0.7855927686E+05
  0.3436111111E+00  0.7849034261E+05
  0.3438888889E+00  0.7842140936E+05
  0.3441666667E+00  0.7835247600E+05
  0.3444444444E+00  0.7828354309E+05
  0.3447222222E+00  0.7821460973E+05
  0.3450000000E+00  0.7814567548E+05
  0.3452777778E+00  0.7811601805E+05
  0.3455555556E+00  0.7808635984E+05
  0.3458333333E+00  0.7805670230E+05
  0.3461111111E+00  0.7802704387E+05
  0.3463888889E+00  0.7799738666E+05
  0.3466666667E+00  0.7796772823E+05
  0.3469444444E+00  0.7793807102E+05
  0.3472222222E+00  0.7790841259E+05
  0.3475000000E+00  0.7787875505E+05
  0.3477777778E+00  0.7784909695E+05
  0.3480555556E+00  0.7781943941E+05
  0.3483333333E+00  0.7778978098E+05
  0.3486111111E+00  0.7776012278E+05
  0.3488888889E+00  0.7773046535E+05
  0.3491666667E+00  0.7770080681E+05
  0.3494444444E+00  0.7767114960E+05
  0.3497222222E+00  0.7764149117E+05
  0.3500000000E+00  0.7761183363E+05
  0.3502777778E+00  0.7761607316E+05
  0.3505555556E+00  0.7762031224E+05
  0.3508333333E+00  0.7762455178E+05
  0.3511111111E+00  0.7762879086E+05
  0.3513888889E+00  0.7763303040E+05
  0.3516666667E+00  0.7763726849E+05
  0.3519444444E+00  0.7764150801E+05
  0.3522222222E+00  0.7764574711E+05
  0.3525000000E+00  0.7764998664E+05
  0.3527777778E+00  0.7765422573E+05
  0.3530555556E+00  0.7765846526E+05
  0.3533333333E+00  0.7766270468E+05
  0.3536111111E+00  0.7766694388E+05
  0.3538888889E+00  0.7767118330E+05
  0.3541666667E+00  0.7767542249E+05
  0.3544444444E+00  0.7767966192E+05
  0.3547222222E+00  0.7768390112E+05
  0.3550000000E+00  0.7768814066E+05
  0.3552777778E+00  0.7771944878E+05
  0.3555555556E+00  0.7775075801E+05
  0.3558333333E+00  0.7778206624E+05
  0.3561111111E+00  0.7781337581E+05
  0.3563888889E+00  0.7784468404E+05
  0.3566666667E+00  0.7787599328E+05
  0.3569444444E+00  0.7790730152E+05
  0.3572222222E+00  0.7793861009E+05
  0.3575000000E+00  0.7796991932E+05
  0.3577777778E+00  0.7800122755E+05
  0.3580555556E+00  0.7803253679E+05
  0.3583333333E+00  0.7806384502E+05
  0.3586111111E+00  0.7809515448E+05
  0.3588888889E+00  0.7812646271E+05
  0.3591666667E+00  0.7815777196E+05
  0.3594444444E+00  0.7818908019E+05
  0.3597222222E+00  0.7822038875E+05
  0.3600000000E+00  0.7825169799E+05
  0.3602777778E+00  0.7830236681E+05
  0.3605555556E+00  0.7835303598E+05
  0.3608333333E+00  0.7840370580E+05
  0.3611111111E+00  0.7845437496E+05
  0.3613888889E+00  0.7850504380E+05
  0.3616666667E+00  0.7855571296E+05
  0.3619444444E+00  0.7860638279E+05
  0.3622222222E+00  0.7865705195E+05
  0.3625000000E+00  0.7870772078E+05
  0.3627777778E+00  0.7875838960E+05
  0.3630555556E+00  0.7880905965E+05
  0.3633333333E+00  0.7885972848E+05
  0.3636111111E+00  0.7891039764E+05
  0.3638888889E+00  0.7896106648E+05
  0.3641666667E+00  0.7901173664E+05
  0.3644444444E+00  0.7906240547E+05
  0.3647222222E+00  0.7911307463E+05
  0.3650000000E+00  0.7916374346E+05
  0.3652777778E+00  0.7922580679E+05
  0.3655555556E+00  0.7928786869E+05
  0.3658333333E+00  0.7934993203E+05
  0.3661111111E+00  0.7941199436E+05
  0.3663888889E+00  0.7947405659E+05
  0.3666666667E+00  0.7953611959E+05
  0.3669444444E+00  0.7959818182E+05
  0.3672222222E+00  0.7966024516E+05
  0.3675000000E+00  0.7972230716E+05
  0.3677777778E+00  0.7978436938E+05
  0.3680555556E+00  0.7984643273E+05
  0.3683333333E+00  0.7990849461E+05
  0.3686111111E+00  0.7997055795E+05
  0.3688888889E+00  0.8003262029E+05
  0.3691666667E+00  0.8009468318E+05
  0.3694444444E+00  0.8015674552E+05
  0.3697222222E+00  0.8021880786E+05
  0.3700000000E+00  0.8028087109E+05
  0.3702777778E+00  0.8034661478E+05
  0.3705555556E+00  0.8041235947E+05
  0.3708333333E+00  0.8047810360E+05
  0.3711111111E+00  0.8054384729E+05
  0.3713888889E+00  0.8060959198E+05
  0.3716666667E+00  0.8067533601E+05
  0.3719444444E+00  0.8074107970E+05
  0.3722222222E+00  0.8080682440E+05
  0.3725000000E+00  0.8087256841E+05
  0.3727777778E+00  0.8093831211E+05
  0.3730555556E+00  0.8100405680E+05
  0.3733333333E+00  0.8106980093E+05
  0.3736111111E+00  0.8113554463E+05
  0.3738888889E+00  0.8120128931E+05
  0.3741666667E+00  0.8126703334E+05
  0.3744444444E+00  0.8133277704E+05
  0.3747222222E+00  0.8139852172E+05
  0.3750000000E+00  0.8146426575E+05
  0.3752777778E+00  0.8152677025E+05
  0.3755555556E+00  0.8158927452E+05
  0.3758333333E+00  0.8165177902E+05
  0.3761111111E+00  0.8171428251E+05
  0.3763888889E+00  0.8177678701E+05
  0.3766666667E+00  0.8183929162E+05
  0.3769444444E+00  0.8190179578E+05
  0.3772222222E+00  0.8196430028E+05
  0.3775000000E+00  0.8202680477E+05
  0.3777777778E+00  0.8208930927E+05
  0.3780555556E+00  0.8215181388E+05
  0.3783333333E+00  0.8221431705E+05
  0.3786111111E+00  0.8227682155E+05
  0.3788888889E+00  0.8233932604E+05
  0.3791666667E+00  0.8240183065E+05
  0.3794444444E+00  0.8246433515E+05
  0.3797222222E+00  0.8252683931E+05
  0.3800000000E+00  0.8258934381E+05
  0.3802777778E+00  0.8264273230E+05
  0.3805555556E+00  0.8269612002E+05
  0.3808333333E+00  0.8274950851E+05
  0.3811111111E+00  0.8280289700E+05
  0.3813888889E+00  0.8285628539E+05
  0.3816666667E+00  0.8290967388E+05
  0.3819444444E+00  0.8296306126E+05
  0.3822222222E+00  0.8301644975E+05
  0.3825000000E+00  0.8306983825E+05
  0.3827777778E+00  0.8312322664E+05
  0.3830555556E+00  0.8317661546E+05
  0.3833333333E+00  0.8323000284E+05
  0.3836111111E+00  0.8328339134E+05
  0.3838888889E+00  0.8333677983E+05
  0.3841666667E+00  0.8339016821E+05
  0.3844444444E+00  0.8344355671E+05
  0.3847222222E+00  0.8349694509E+05
  0.3850000000E+00  0.8355033259E+05
  0.3852777778E+00  0.8359023102E+05
  0.3855555556E+00  0.8363012946E+05
  0.3858333333E+00  0.8367002767E+05
  0.3861111111E+00  0.8370992510E+05
  0.3863888889E+00  0.8374982354E+05
  0.3866666667E+00  0.8378972175E+05
  0.3869444444E+00  0.8382962019E+05
  0.3872222222E+00  0.8386951762E+05
  0.3875000000E+00  0.8390941573E+05
  0.3877777778E+00  0.8394931427E+05
  0.3880555556E+00  0.8398921272E+05
  0.3883333333E+00  0.8402911081E+05
  0.3886111111E+00  0.8406900837E+05
  0.3888888889E+00  0.8410890680E+05
  0.3891666667E+00  0.8414880523E+05
  0.3894444444E+00  0.8418870334E+05
  0.3897222222E+00  0.8422860088E+05
  0.3900000000E+00  0.8426849932E+05
  0.3902777778E+00  0.8429194872E+05
  0.3905555556E+00  0.8431539835E+05
  0.3908333333E+00  0.8433884774E+05
  0.3911111111E+00  0.8436229736E+05
  0.3913888889E+00  0.8438574710E+05
  0.3916666667E+00  0.8440919650E+05
  0.3919444444E+00  0.8443264613E+05
  0.3922222222E+00  0.8445609553E+05
  0.3925000000E+00  0.8447954527E+05
  0.3927777778E+00  0.8450299488E+05
  0.3930555556E+00  0.8452644428E+05
  0.3933333333E+00  0.8454989402E+05
  0.3936111111E+00  0.8457334331E+05
  0.3938888889E+00  0.8459679304E+05
  0.3941666667E+00  0.8462024278E+05
  0.3944444444E+00  0.8464369207E+05
  0.3947222222E+00  0.8466714180E+05
  0.3950000000E+00  0.8469059142E+05
  0.3952777778E+00  0.8469630092E+05
  0.3955555556E+00  0.8470201075E+05
  0.3958333333E+00  0.8470771947E+05
  0.3961111111E+00  0.8471342930E+05
  0.3963888889E+00  0.8471913913E+05
  0.3966666667E+00  0.8472484851E+05
  0.3969444444E+00  0.8473055734E+05
  0.3972222222E+00  0.8473626705E+05
  0.3975000000E+00  0.8474197688E+05
  0.3977777778E+00  0.8474768572E+05
  0.3980555556E+00  0.8475339543E+05
  0.3983333333E+00  0.8475910493E+05
  0.3986111111E+00  0.8476481365E+05
  0.3988888889E+00  0.8477052347E+05
  0.3991666667E+00  0.8477623331E+05
  0.3994444444E+00  0.8478194203E+05
  0.3997222222E+00  0.8478765185E+05
  0.4000000000E+00  0.8479336135E+05
  0.4002777778E+00  0.8478148267E+05
  0.4005555556E+00  0.8476960364E+05
  0.4008333333E+00  0.8475772596E+05
  0.4011111111E+00  0.8474584694E+05
  0.4013888889E+00  0.8473396905E+05
  0.4016666667E+00  0.8472209036E+05
  0.4019444444E+00  0.8471021235E+05
  0.4022222222E+00  0.8469833366E+05
  0.4025000000E+00  0.8468645575E+05
  0.4027777778E+00  0.8467457674E+05
  0.4030555556E+00  0.8466269905E+05
  0.4033333333E+00  0.8465082003E+05
  0.4036111111E+00  0.8463894236E+05
  0.4038888889E+00  0.8462706346E+05
  0.4041666667E+00  0.8461518543E+05
  0.4044444444E+00  0.8460330675E+05
  0.4047222222E+00  0.8459142873E+05
  0.4050000000E+00  0.8457955016E+05
  0.4052777778E+00  0.8455159876E+05
  0.4055555556E+00  0.8452364768E+05
  0.4058333333E+00  0.8449569660E+05
  0.4061111111E+00  0.8446774530E+05
  0.4063888889E+00  0.8443979423E+05
  0.4066666667E+00  0.8441184316E+05
  0.4069444444E+00  0.8438389219E+05
  0.4072222222E+00  0.8435594079E+05
  0.4075000000E+00  0.8432798971E+05
  0.4077777778E+00  0.8430003874E+05
  0.4080555556E+00  0.8427208734E+05
  0.4083333333E+00  0.8424413726E+05
  0.4086111111E+00  0.8421618629E+05
  0.4088888889E+00  0.8418823522E+05
  0.4091666667E+00  0.8416028381E+05
  0.4094444444E+00  0.8413233274E+05
  0.4097222222E+00  0.8410438178E+05
  0.4100000000E+00  0.8407643036E+05
  0.4102777778E+00  0.8403500572E+05
  0.4105555556E+00  0.8399358074E+05
  0.4108333333E+00  0.8395215676E+05
  0.4111111111E+00  0.8391073212E+05
  0.4113888889E+00  0.8386930814E+05
  0.4116666667E+00  0.8382788316E+05
  0.4119444444E+00  0.8378645952E+05
  0.4122222222E+00  0.8374503454E+05
  0.4125000000E+00  0.8370360956E+05
  0.4127777778E+00  0.8366218592E+05
  0.4130555556E+00  0.8362076093E+05
  0.4133333333E+00  0.8357933695E+05
  0.4136111111E+00  0.8353791231E+05
  0.4138888889E+00  0.8349648733E+05
  0.4141666667E+00  0.8345506325E+05
  0.4144444444E+00  0.8341363860E+05
  0.4147222222E+00  0.8337221461E+05
  0.4150000000E+00  0.8333078964E+05
  0.4152777778E+00  0.8327927232E+05
  0.4155555556E+00  0.8322775500E+05
  0.4158333333E+00  0.8317623778E+05
  0.4161111111E+00  0.8312471913E+05
  0.4163888889E+00  0.8307320180E+05
  0.4166666667E+00  0.8302168449E+05
  0.4169444444E+00  0.8297016683E+05
  0.4172222222E+00  0.8291864950E+05
  0.4175000000E+00  0.8286713118E+05
  0.4177777778E+00  0.8281561385E+05
  0.4180555556E+00  0.8276409620E+05
  0.4183333333E+00  0.8271257887E+05
  0.4186111111E+00  0.8266106156E+05
  0.4188888889E+00  0.8260954323E+05
  0.4191666667E+00  0.8255802558E+05
  0.4194444444E+00  0.8250650825E+05
  0.4197222222E+00  0.8245499093E+05
  0.4200000000E+00  0.8240347338E+05
  0.4202777778E+00  0.8234571861E+05
  0.4205555556E+00  0.8228796462E+05
  0.4208333333E+00  0.8223021063E+05
  0.4211111111E+00  0.8217245596E+05
  0.4213888889E+00  0.8211470197E+05
  0.4216666667E+00  0.8205694698E+05
  0.4219444444E+00  0.8199919321E+05
  0.4222222222E+00  0.8194143921E+05
  0.4225000000E+00  0.8188368421E+05
  0.4227777778E+00  0.8182593022E+05
  0.4230555556E+00  0.8176817656E+05
  0.4233333333E+00  0.8171042157E+05
  0.4236111111E+00  0.8165266747E+05
  0.4238888889E+00  0.8159491280E+05
  0.4241666667E+00  0.8153715881E+05
  0.4244444444E+00  0.8147940482E+05
  0.4247222222E+00  0.8142165016E+05
  0.4250000000E+00  0.8136389616E+05
  0.4252777778E+00  0.8130389036E+05
  0.4255555556E+00  0.8124388589E+05
  0.4258333333E+00  0.8118388009E+05
  0.4261111111E+00  0.8112387529E+05
  0.4263888889E+00  0.8106386982E+05
  0.4266666667E+00  0.8100386502E+05
  0.4269444444E+00  0.8094385922E+05
  0.4272222222E+00  0.8088385475E+05
  0.4275000000E+00  0.8082384895E+05
  0.4277777778E+00  0.8076384414E+05
  0.4280555556E+00  0.8070383868E+05
  0.4283333333E+00  0.8064383388E+05
  0.4286111111E+00  0.8058382819E+05
  0.4288888889E+00  0.8052382372E+05
  0.4291666667E+00  0.8046381792E+05
  0.4294444444E+00  0.8040381312E+05
  0.4297222222E+00  0.8034380765E+05
  0.4300000000E+00  0.8028380285E+05
  0.4302777778E+00  0.8022534762E+05
  0.4305555556E+00  0.8016689339E+05
  0.4308333333E+00  0.8010843840E+05
  0.4311111111E+00  0.8004998417E+05
  0.4313888889E+00  0.7999152895E+05
  0.4316666667E+00  0.7993307472E+05
  0.4319444444E+00  0.7987461949E+05
  0.4322222222E+00  0.7981616560E+05
  0.4325000000E+00  0.7975771026E+05
  0.4327777778E+00  0.7969925603E+05
  0.4330555556E+00  0.7964080081E+05
  0.4333333333E+00  0.7958234692E+05
  0.4336111111E+00  0.7952389169E+05
  0.4338888889E+00  0.7946543747E+05
  0.4341666667E+00  0.7940698212E+05
  0.4344444444E+00  0.7934852789E+05
  0.4347222222E+00  0.7929007301E+05
  0.4350000000E+00  0.7923161878E+05
  0.4352777778E+00  0.7917804702E+05
  0.4355555556E+00  0.7912447550E+05
  0.4358333333E+00  0.7907090374E+05
  0.4361111111E+00  0.7901733222E+05
  0.4363888889E+00  0.7896376046E+05
  0.4366666667E+00  0.7891018872E+05
  0.4369444444E+00  0.7885661618E+05
  0.4372222222E+00  0.7880304443E+05
  0.4375000000E+00  0.7874947301E+05
  0.4377777778E+00  0.7869590115E+05
  0.4380555556E+00  0.7864232973E+05
  0.4383333333E+00  0.7858875798E+05
  0.4386111111E+00  0.7853518665E+05
  0.4388888889E+00  0.7848161480E+05
  0.4391666667E+00  0.7842804304E+05
  0.4394444444E+00  0.7837447142E+05
  0.4397222222E+00  0.7832089966E+05
  0.4400000000E+00  0.7826732815E+05
  0.4402777778E+00  0.7822130129E+05
  0.4405555556E+00  0.7817527478E+05
  0.4408333333E+00  0.7812924803E+05
  0.4411111111E+00  0.7808322107E+05
  0.4413888889E+00  0.7803719467E+05
  0.4416666667E+00  0.7799116781E+05
  0.4419444444E+00  0.7794514107E+05
  0.4422222222E+00  0.7789911455E+05
  0.4425000000E+00  0.7785308771E+05
  0.4427777778E+00  0.7780706086E+05
  0.4430555556E+00  0.7776103444E+05
  0.4433333333E+00  0.7771500760E+05
  0.4436111111E+00  0.7766898085E+05
  0.4438888889E+00  0.7762295434E+05
  0.4441666667E+00  0.7757692749E+05
  0.4444444444E+00  0.7753090098E+05
  0.4447222222E+00  0.7748487423E+05
  0.4450000000E+00  0.7743884737E+05
  0.4452777778E+00  0.7740214186E+05
  0.4455555556E+00  0.7736543600E+05
  0.4458333333E+00  0.7732873015E+05
  0.4461111111E+00  0.7729202463E+05
  0.4463888889E+00  0.7725531887E+05
  0.4466666667E+00  0.7721861335E+05
  0.4469444444E+00  0.7718190739E+05
  0.4472222222E+00  0.7714520153E+05
  0.4475000000E+00  0.7710849601E+05
  0.4477777778E+00  0.7707179016E+05
  0.4480555556E+00  0.7703508464E+05
  0.4483333333E+00  0.7699837889E+05
  0.4486111111E+00  0.7696167303E+05
  0.4488888889E+00  0.7692496752E+05
  0.4491666667E+00  0.7688826155E+05
  0.4494444444E+00  0.7685155569E+05
  0.4497222222E+00  0.7681485018E+05
  0.4500000000E+00  0.7677814442E+05
  0.4502777778E+00  0.7675162016E+05
  0.4505555556E+00  0.7672509602E+05
  0.4508333333E+00  0.7669857177E+05
  0.4511111111E+00  0.7667204718E+05
  0.4513888889E+00  0.7664552292E+05
  0.4516666667E+00  0.7661899877E+05
  0.4519444444E+00  0.7659247451E+05
  0.4522222222E+00  0.7656595036E+05
  0.4525000000E+00  0.7653942577E+05
  0.4527777778E+00  0.7651290163E+05
  0.4530555556E+00  0.7648637737E+05
  0.4533333333E+00  0.7645985311E+05
  0.4536111111E+00  0.7643332886E+05
  0.4538888889E+00  0.7640680426E+05
  0.4541666667E+00  0.7638028012E+05
  0.4544444444E+00  0.7635375596E+05
  0.4547222222E+00  0.7632723171E+05
  0.4550000000E+00  0.7630070745E+05
  0.4552777778E+00  0.7628429919E+05
  0.4555555556E+00  0.7626789126E+05
  0.4558333333E+00  0.7625148300E+05
  0.4561111111E+00  0.7623507486E+05
  0.4563888889E+00  0.7621866693E+05
  0.4566666667E+00  0.7620225866E+05
  0.4569444444E+00  0.7618585073E+05
  0.4572222222E+00  0.7616944235E+05
  0.4575000000E+00  0.7615303442E+05
  0.4577777778E+00  0.7613662649E+05
  0.4580555556E+00  0.7612021823E+05
  0.4583333333E+00  0.7610381019E+05
  0.4586111111E+00  0.7608740192E+05
  0.4588888889E+00  0.7607099389E+05
  0.4591666667E+00  0.7605458552E+05
  0.4594444444E+00  0.7603817759E+05
  0.4597222222E+00  0.7602176966E+05
  0.4600000000E+00  0.7600536140E+05
  0.4602777778E+00  0.7599811855E+05
  0.4605555556E+00  0.7599087561E+05
  0.4608333333E+00  0.7598363267E+05
  0.4611111111E+00  0.7597638949E+05
  0.4613888889E+00  0.7596914655E+05
  0.4616666667E+00  0.7596190370E+05
  0.4619444444E+00  0.7595466075E+05
  0.4622222222E+00  0.7594741802E+05
  0.4625000000E+00  0.7594017475E+05
  0.4627777778E+00  0.7593293191E+05
  0.4630555556E+00  0.7592568896E+05
  0.4633333333E+00  0.7591844602E+05
  0.4636111111E+00  0.7591120285E+05
  0.4638888889E+00  0.7590395989E+05
  0.4641666667E+00  0.7589671705E+05
  0.4644444444E+00  0.7588947411E+05
  0.4647222222E+00  0.7588223138E+05
  0.4650000000E+00  0.7587498810E+05
  0.4652777778E+00  0.7587521390E+05
  0.4655555556E+00  0.7587543948E+05
  0.4658333333E+00  0.7587566505E+05
  0.4661111111E+00  0.7587589106E+05
  0.4663888889E+00  0.7587611653E+05
  0.4666666667E+00  0.7587634210E+05
  0.4669444444E+00  0.7587656768E+05
  0.4672222222E+00  0.7587679359E+05
  0.4675000000E+00  0.7587701906E+05
  0.4677777778E+00  0.7587724463E+05
  0.4680555556E+00  0.7587747053E+05
  0.4683333333E+00  0.7587769612E+05
  0.4686111111E+00  0.7587792168E+05
  0.4688888889E+00  0.7587814726E+05
  0.4691666667E+00  0.7587837317E+05
  0.4694444444E+00  0.7587859875E+05
  0.4697222222E+00  0.7587882421E+05
  0.4700000000E+00  0.7587905011E+05
  0.4702777778E+00  0.7588447503E+05
  0.4705555556E+00  0.7588989953E+05
  0.4708333333E+00  0.7589532445E+05
  0.4711111111E+00  0.7590074937E+05
  0.4713888889E+00  0.7590617420E+05
  0.4716666667E+00  0.7591159912E+05
  0.4719444444E+00  0.7591702394E+05
  0.4722222222E+00  0.7592244886E+05
  0.4725000000E+00  0.7592787345E+05
  0.4727777778E+00  0.7593329827E+05
  0.4730555556E+00  0.7593872319E+05
  0.4733333333E+00  0.7594414812E+05
  0.4736111111E+00  0.7594957283E+05
  0.4738888889E+00  0.7595499775E+05
  0.4741666667E+00  0.7596042258E+05
  0.4744444444E+00  0.7596584717E+05
  0.4747222222E+00  0.7597127209E+05
  0.4750000000E+00  0.7597669690E+05
  0.4752777778E+00  0.7598471024E+05
  0.4755555556E+00  0.7599272359E+05
  0.4758333333E+00  0.7600073683E+05
  0.4761111111E+00  0.7600875007E+05
  0.4763888889E+00  0.7601676329E+05
  0.4766666667E+00  0.7602477663E+05
  0.4769444444E+00  0.7603278987E+05
  0.4772222222E+00  0.7604080322E+05
  0.4775000000E+00  0.7604881645E+05
  0.4777777778E+00  0.7605682969E+05
  0.4780555556E+00  0.7606484302E+05
  0.4783333333E+00  0.7607285626E+05
  0.4786111111E+00  0.7608086950E+05
  0.4788888889E+00  0.7608888284E+05
  0.4791666667E+00  0.7609689608E+05
  0.4794444444E+00  0.7610490908E+05
  0.4797222222E+00  0.7611292232E+05
  0.4800000000E+00  0.7612093556E+05
  0.4802777778E+00  0.7612878293E+05
  0.4805555556E+00  0.7613663051E+05
  0.4808333333E+00  0.7614447754E+05
  0.4811111111E+00  0.7615232492E+05
  0.4813888889E+00  0.7616017239E+05
  0.4816666667E+00  0.7616801942E+05
  0.4819444444E+00  0.7617586690E+05
  0.4822222222E+00  0.7618371437E+05
  0.4825000000E+00  0.7619156141E+05
  0.4827777778E+00  0.7619940878E+05
  0.4830555556E+00  0.7620725636E+05
  0.4833333333E+00  0.7621510340E+05
  0.4836111111E+00  0.7622295077E+05
  0.4838888889E+00  0.7623079824E+05
  0.4841666667E+00  0.7623864528E+05
  0.4844444444E+00  0.7624649276E+05
  0.4847222222E+00  0.7625434024E+05
  0.4850000000E+00  0.7626218727E+05
  0.4852777778E+00  0.7626723549E+05
  0.4855555556E+00  0.7627228338E+05
  0.4858333333E+00  0.7627733116E+05
  0.4861111111E+00  0.7628237939E+05
  0.4863888889E+00  0.7628742728E+05
  0.4866666667E+00  0.7629247516E+05
  0.4869444444E+00  0.7629752339E+05
  0.4872222222E+00  0.7630257118E+05
  0.4875000000E+00  0.7630761941E+05
  0.4877777778E+00  0.7631266729E+05
  0.4880555556E+00  0.7631771518E+05
  0.4883333333E+00  0.7632276330E+05
  0.4886111111E+00  0.7632781119E+05
  0.4888888889E+00  0.7633285896E+05
  0.4891666667E+00  0.7633790719E+05
  0.4894444444E+00  0.7634295507E+05
  0.4897222222E+00  0.7634800286E+05
  0.4900000000E+00  0.7635305108E+05
  0.4902777778E+00  0.7635297042E+05
  0.4905555556E+00  0.7635288963E+05
  0.4908333333E+00  0.7635280896E+05
  0.4911111111E+00  0.7635272862E+05
  0.4913888889E+00  0.7635264794E+05
  0.4916666667E+00  0.7635256716E+05
  0.4919444444E+00  0.7635248683E+05
  0.4922222222E+00  0.7635240604E+05
  0.4925000000E+00  0.7635232538E+05
  0.4927777778E+00  0.7635224460E+05
  0.4930555556E+00  0.7635216415E+05
  0.4933333333E+00  0.7635208348E+05
  0.4936111111E+00  0.7635200270E+05
  0.4938888889E+00  0.7635192236E+05
  0.4941666667E+00  0.7635184158E+05
  0.4944444444E+00  0.7635176091E+05
  0.4947222222E+00  0.7635168022E+05
  0.4950000000E+00  0.7635159989E+05
