  0.1027777778E-01  0.2256310923E+08
  0.1055555556E-01  0.2253787599E+08
  0.1083333333E-01  0.2251264265E+08
  0.1111111111E-01  0.2248740953E+08
  0.1138888889E-01  0.2246217618E+08
  0.1166666667E-01  0.2243694295E+08
  0.1194444444E-01  0.2241170971E+08
  0.1222222222E-01  0.2238647604E+08
  0.1250000000E-01  0.2236124280E+08
  0.1277777778E-01  0.2233600958E+08
  0.1305555556E-01  0.2231077633E+08
  0.1333333333E-01  0.2228554310E+08
  0.1361111111E-01  0.2226030975E+08
  0.1388888889E-01  0.2223507652E+08
  0.1416666667E-01  0.2220984284E+08
  0.1444444444E-01  0.2218460972E+08
  0.1472222222E-01  0.2215937648E+08
  0.1500000000E-01  0.2213414314E+08
  0.1527777778E-01  0.2209962863E+08
  0.1555555556E-01  0.2206511457E+08
  0.1583333333E-01  0.2203060007E+08
  0.1611111111E-01  0.2199608556E+08
  0.1638888889E-01  0.2196157139E+08
  0.1666666667E-01  0.2192705689E+08
  0.1694444444E-01  0.2189254238E+08
  0.1722222222E-01  0.2185802788E+08
  0.1750000000E-01  0.2182351371E+08
  0.1777777778E-01  0.2178899920E+08
  0.1805555556E-01  0.2175448480E+08
  0.1833333333E-01  0.2171997064E+08
  0.1861111111E-01  0.2168545613E+08
  0.1888888889E-01  0.2165094163E+08
  0.1916666667E-01  0.2161642746E+08
  0.1944444444E-01  0.2158191295E+08
  0.1972222222E-01  0.2154739845E+08
  0.2000000000E-01  0.2151288428E+08
  0.2027777778E-01  0.2146984898E+08
  0.2055555556E-01  0.2142681401E+08
  0.2083333333E-01  0.2138377870E+08
  0.2111111111E-01  0.2134074375E+08
  0.2138888889E-01  0.2129770876E+08
  0.2166666667E-01  0.2125467336E+08
  0.2194444444E-01  0.2121163850E+08
  0.2222222222E-01  0.2116860353E+08
  0.2250000000E-01  0.2112556823E+08
  0.2277777778E-01  0.2108253326E+08
  0.2305555556E-01  0.2103949830E+08
  0.2333333333E-01  0.2099646299E+08
  0.2361111111E-01  0.2095342791E+08
  0.2388888889E-01  0.2091039272E+08
  0.2416666667E-01  0.2086735765E+08
  0.2444444444E-01  0.2082432278E+08
  0.2472222222E-01  0.2078128737E+08
  0.2500000000E-01  0.2073825252E+08
  0.2527777778E-01  0.2068764197E+08
  0.2555555556E-01  0.2063703176E+08
  0.2583333333E-01  0.2058642131E+08
  0.2611111111E-01  0.2053581110E+08
  0.2638888889E-01  0.2048520057E+08
  0.2666666667E-01  0.2043459046E+08
  0.2694444444E-01  0.2038397991E+08
  0.2722222222E-01  0.2033336970E+08
  0.2750000000E-01  0.2028275915E+08
  0.2777777778E-01  0.2023214904E+08
  0.2805555556E-01  0.2018153883E+08
  0.2833333333E-01  0.2013092817E+08
  0.2861111111E-01  0.2008031806E+08
  0.2888888889E-01  0.2002970753E+08
  0.2916666667E-01  0.1997909732E+08
  0.2944444444E-01  0.1992848687E+08
  0.2972222222E-01  0.1987787666E+08
  0.3000000000E-01  0.1982726612E+08
  0.3027777778E-01  0.1977017532E+08
  0.3055555556E-01  0.1971308485E+08
  0.3083333333E-01  0.1965599406E+08
  0.3111111111E-01  0.1959890348E+08
  0.3138888889E-01  0.1954181269E+08
  0.3166666667E-01  0.1948472222E+08
  0.3194444444E-01  0.1942763143E+08
  0.3222222222E-01  0.1937054063E+08
  0.3250000000E-01  0.1931345007E+08
  0.3277777778E-01  0.1925635937E+08
  0.3305555556E-01  0.1919926880E+08
  0.3333333333E-01  0.1914217801E+08
  0.3361111111E-01  0.1908508710E+08
  0.3388888889E-01  0.1902799664E+08
  0.3416666667E-01  0.1897090584E+08
  0.3444444444E-01  0.1891381538E+08
  0.3472222222E-01  0.1885672447E+08
  0.3500000000E-01  0.1879963368E+08
  0.3527777778E-01  0.1873724598E+08
  0.3555555556E-01  0.1867485785E+08
  0.3583333333E-01  0.1861247005E+08
  0.3611111111E-01  0.1855008202E+08
  0.3638888889E-01  0.1848769422E+08
  0.3666666667E-01  0.1842530608E+08
  0.3694444444E-01  0.1836291849E+08
  0.3722222222E-01  0.1830053037E+08
  0.3750000000E-01  0.1823814223E+08
  0.3777777778E-01  0.1817575453E+08
  0.3805555556E-01  0.1811336640E+08
  0.3833333333E-01  0.1805097859E+08
  0.3861111111E-01  0.1798859056E+08
  0.3888888889E-01  0.1792620287E+08
  0.3916666667E-01  0.1786381475E+08
  0.3944444444E-01  0.1780142694E+08
  0.3972222222E-01  0.1773903891E+08
  0.4000000000E-01  0.1767665111E+08
  0.4027777778E-01  0.1761022982E+08
  0.4055555556E-01  0.1754380877E+08
  0.4083333333E-01  0.1747738782E+08
  0.4111111111E-01  0.1741096687E+08
  0.4138888889E-01  0.1734454581E+08
  0.4166666667E-01  0.1727812485E+08
  0.4194444444E-01  0.1721170347E+08
  0.4222222222E-01  0.1714528252E+08
  0.4250000000E-01  0.1707886147E+08
  0.4277777778E-01  0.1701244052E+08
  0.4305555556E-01  0.1694601945E+08
  0.4333333333E-01  0.1687959861E+08
  0.4361111111E-01  0.1681317722E+08
  0.4388888889E-01  0.1674675626E+08
  0.4416666667E-01  0.1668033521E+08
  0.4444444444E-01  0.1661391426E+08
  0.4472222222E-01  0.1654749321E+08
  0.4500000000E-01  0.1648107226E+08
  0.4527777778E-01  0.1641190571E+08
  0.4555555556E-01  0.1634273940E+08
  0.4583333333E-01  0.1627357309E+08
  0.4611111111E-01  0.1620440678E+08
  0.4638888889E-01  0.1613524058E+08
  0.4666666667E-01  0.1606607393E+08
  0.4694444444E-01  0.1599690762E+08
  0.4722222222E-01  0.1592774131E+08
  0.4750000000E-01  0.1585857510E+08
  0.4777777778E-01  0.1578940879E+08
  0.4805555556E-01  0.1572024259E+08
  0.4833333333E-01  0.1565107605E+08
  0.4861111111E-01  0.1558190974E+08
  0.4888888889E-01  0.1551274343E+08
  0.4916666667E-01  0.1544357712E+08
  0.4944444444E-01  0.1537441091E+08
  0.4972222222E-01  0.1530524427E+08
  0.5000000000E-01  0.1523607796E+08
  0.5027777778E-01  0.1516544272E+08
  0.5055555556E-01  0.1509480737E+08
  0.5083333333E-01  0.1502417169E+08
  0.5111111111E-01  0.1495353646E+08
  0.5138888889E-01  0.1488290111E+08
  0.5166666667E-01  0.1481226577E+08
  0.5194444444E-01  0.1474163019E+08
  0.5222222222E-01  0.1467099485E+08
  0.5250000000E-01  0.1460035961E+08
  0.5277777778E-01  0.1452972427E+08
  0.5305555556E-01  0.1445908859E+08
  0.5333333333E-01  0.1438845335E+08
  0.5361111111E-01  0.1431781800E+08
  0.5388888889E-01  0.1424718266E+08
  0.5416666667E-01  0.1417654709E+08
  0.5444444444E-01  0.1410591174E+08
  0.5472222222E-01  0.1403527640E+08
  0.5500000000E-01  0.1396464083E+08
  0.5527777778E-01  0.1389376310E+08
  0.5555555556E-01  0.1382288515E+08
  0.5583333333E-01  0.1375200719E+08
  0.5611111111E-01  0.1368112924E+08
  0.5638888889E-01  0.1361025118E+08
  0.5666666667E-01  0.1353937356E+08
  0.5694444444E-01  0.1346849550E+08
  0.5722222222E-01  0.1339761765E+08
  0.5750000000E-01  0.1332673959E+08
  0.5777777778E-01  0.1325586153E+08
  0.5805555556E-01  0.1318498391E+08
  0.5833333333E-01  0.1311410595E+08
  0.5861111111E-01  0.1304322800E+08
  0.5888888889E-01  0.1297234994E+08
  0.5916666667E-01  0.1290147199E+08
  0.5944444444E-01  0.1283059426E+08
  0.5972222222E-01  0.1275971641E+08
  0.6000000000E-01  0.1268883835E+08
  0.6027777778E-01  0.1261886815E+08
  0.6055555556E-01  0.1254889784E+08
  0.6083333333E-01  0.1247892795E+08
  0.6111111111E-01  0.1240895782E+08
  0.6138888889E-01  0.1233898754E+08
  0.6166666667E-01  0.1226901751E+08
  0.6194444444E-01  0.1219904738E+08
  0.6222222222E-01  0.1212907714E+08
  0.6250000000E-01  0.1205910711E+08
  0.6277777778E-01  0.1198913684E+08
  0.6305555556E-01  0.1191916671E+08
  0.6333333333E-01  0.1184919668E+08
  0.6361111111E-01  0.1177922644E+08
  0.6388888889E-01  0.1170925631E+08
  0.6416666667E-01  0.1163928615E+08
  0.6444444444E-01  0.1156931600E+08
  0.6472222222E-01  0.1149934587E+08
  0.6500000000E-01  0.1142937574E+08
  0.6527777778E-01  0.1136135113E+08
  0.6555555556E-01  0.1129332644E+08
  0.6583333333E-01  0.1122530173E+08
  0.6611111111E-01  0.1115727715E+08
  0.6638888889E-01  0.1108925258E+08
  0.6666666667E-01  0.1102122786E+08
  0.6694444444E-01  0.1095320328E+08
  0.6722222222E-01  0.1088517857E+08
  0.6750000000E-01  0.1081715389E+08
  0.6777777778E-01  0.1074912938E+08
  0.6805555556E-01  0.1068110470E+08
  0.6833333333E-01  0.1061308002E+08
  0.6861111111E-01  0.1054505533E+08
  0.6888888889E-01  0.1047703076E+08
  0.6916666667E-01  0.1040900607E+08
  0.6944444444E-01  0.1034098141E+08
  0.6972222222E-01  0.1027295682E+08
  0.7000000000E-01  0.1020493216E+08
  0.7027777778E-01  0.1013976122E+08
  0.7055555556E-01  0.1007459021E+08
  0.7083333333E-01  0.1000941926E+08
  0.7111111111E-01  0.9944248223E+07
  0.7138888889E-01  0.9879077313E+07
  0.7166666667E-01  0.9813906282E+07
  0.7194444444E-01  0.9748735338E+07
  0.7222222222E-01  0.9683564331E+07
  0.7250000000E-01  0.9618393387E+07
  0.7277777778E-01  0.9553222346E+07
  0.7305555556E-01  0.9488051447E+07
  0.7333333333E-01  0.9422880402E+07
  0.7361111111E-01  0.9357709462E+07
  0.7388888889E-01  0.9292538450E+07
  0.7416666667E-01  0.9227367510E+07
  0.7444444444E-01  0.9162196466E+07
  0.7472222222E-01  0.9097025569E+07
  0.7500000000E-01  0.9031854525E+07
  0.7527777778E-01  0.8970294196E+07
  0.7555555556E-01  0.8908733759E+07
  0.7583333333E-01  0.8847173329E+07
  0.7611111111E-01  0.8785612870E+07
  0.7638888889E-01  0.8724052441E+07
  0.7666666667E-01  0.8662492016E+07
  0.7694444444E-01  0.8600931587E+07
  0.7722222222E-01  0.8539371261E+07
  0.7750000000E-01  0.8477810824E+07
  0.7777777778E-01  0.8416250395E+07
  0.7805555556E-01  0.8354689969E+07
  0.7833333333E-01  0.8293129539E+07
  0.7861111111E-01  0.8231569080E+07
  0.7888888889E-01  0.8170008751E+07
  0.7916666667E-01  0.8108448323E+07
  0.7944444444E-01  0.8046887885E+07
  0.7972222222E-01  0.7985327457E+07
  0.8000000000E-01  0.7923767030E+07
  0.8027777778E-01  0.7866418606E+07
  0.8055555556E-01  0.7809070114E+07
  0.8083333333E-01  0.7751721590E+07
  0.8111111111E-01  0.7694373098E+07
  0.8138888889E-01  0.7637024673E+07
  0.8166666667E-01  0.7579676182E+07
  0.8194444444E-01  0.7522327646E+07
  0.8222222222E-01  0.7464979155E+07
  0.8250000000E-01  0.7407630730E+07
  0.8277777778E-01  0.7350282239E+07
  0.8305555556E-01  0.7292933715E+07
  0.8333333333E-01  0.7235585223E+07
  0.8361111111E-01  0.7178236799E+07
  0.8388888889E-01  0.7120888307E+07
  0.8416666667E-01  0.7063539783E+07
  0.8444444444E-01  0.7006191391E+07
  0.8472222222E-01  0.6948842855E+07
  0.8500000000E-01  0.6891494365E+07
  0.8527777778E-01  0.6838794271E+07
  0.8555555556E-01  0.6786094278E+07
  0.8583333333E-01  0.6733394185E+07
  0.8611111111E-01  0.6680694081E+07
  0.8638888889E-01  0.6627993988E+07
  0.8666666667E-01  0.6575293894E+07
  0.8694444444E-01  0.6522593901E+07
  0.8722222222E-01  0.6469893797E+07
  0.8750000000E-01  0.6417193703E+07
  0.8777777778E-01  0.6364493611E+07
  0.8805555556E-01  0.6311793618E+07
  0.8833333333E-01  0.6259093524E+07
  0.8861111111E-01  0.6206393420E+07
  0.8888888889E-01  0.6153693327E+07
  0.8916666667E-01  0.6100993301E+07
  0.8944444444E-01  0.6048293208E+07
  0.8972222222E-01  0.5995593103E+07
  0.9000000000E-01  0.5942893010E+07
  0.9027777778E-01  0.5895119314E+07
  0.9055555556E-01  0.5847345674E+07
  0.9083333333E-01  0.5799571978E+07
  0.9111111111E-01  0.5751798238E+07
  0.9138888889E-01  0.5704024542E+07
  0.9166666667E-01  0.5656250802E+07
  0.9194444444E-01  0.5608477105E+07
  0.9222222222E-01  0.5560703365E+07
  0.9250000000E-01  0.5512929636E+07
  0.9277777778E-01  0.5465155929E+07
  0.9305555556E-01  0.5417382249E+07
  0.9333333333E-01  0.5369608552E+07
  0.9361111111E-01  0.5321834833E+07
  0.9388888889E-01  0.5274061137E+07
  0.9416666667E-01  0.5226287418E+07
  0.9444444444E-01  0.5178513731E+07
  0.9472222222E-01  0.5130740001E+07
  0.9500000000E-01  0.5082966315E+07
  0.9527777778E-01  0.5040244962E+07
  0.9555555556E-01  0.4997523607E+07
  0.9583333333E-01  0.4954802298E+07
  0.9611111111E-01  0.4912080935E+07
  0.9638888889E-01  0.4869359593E+07
  0.9666666667E-01  0.4826638273E+07
  0.9694444444E-01  0.4783916919E+07
  0.9722222222E-01  0.4741195577E+07
  0.9750000000E-01  0.4698474246E+07
  0.9777777778E-01  0.4655752892E+07
  0.9805555556E-01  0.4613031550E+07
  0.9833333333E-01  0.4570310230E+07
  0.9861111111E-01  0.4527588878E+07
  0.9888888889E-01  0.4484867525E+07
  0.9916666667E-01  0.4442146203E+07
  0.9944444444E-01  0.4399424861E+07
  0.9972222222E-01  0.4356703498E+07
  0.1000000000E+00  0.4313982178E+07
  0.1002777778E+00  0.4276297441E+07
  0.1005555556E+00  0.4238612705E+07
  0.1008333333E+00  0.4200927968E+07
  0.1011111111E+00  0.4163243231E+07
  0.1013888889E+00  0.4125558529E+07
  0.1016666667E+00  0.4087873793E+07
  0.1019444444E+00  0.4050189056E+07
  0.1022222222E+00  0.4012504319E+07
  0.1025000000E+00  0.3974819583E+07
  0.1027777778E+00  0.3937134870E+07
  0.1030555556E+00  0.3899450133E+07
  0.1033333333E+00  0.3861765397E+07
  0.1036111111E+00  0.3824080660E+07
  0.1038888889E+00  0.3786395924E+07
  0.1041666667E+00  0.3748711221E+07
  0.1044444444E+00  0.3711026485E+07
  0.1047222222E+00  0.3673341748E+07
  0.1050000000E+00  0.3635657012E+07
  0.1052777778E+00  0.3602874080E+07
  0.1055555556E+00  0.3570091126E+07
  0.1058333333E+00  0.3537308194E+07
  0.1061111111E+00  0.3504525251E+07
  0.1063888889E+00  0.3471742318E+07
  0.1066666667E+00  0.3438959365E+07
  0.1069444444E+00  0.3406176433E+07
  0.1072222222E+00  0.3373393467E+07
  0.1075000000E+00  0.3340610547E+07
  0.1077777778E+00  0.3307827591E+07
  0.1080555556E+00  0.3275044637E+07
  0.1083333333E+00  0.3242261705E+07
  0.1086111111E+00  0.3209478751E+07
  0.1088888889E+00  0.3176695819E+07
  0.1091666667E+00  0.3143912854E+07
  0.1094444444E+00  0.3111129944E+07
  0.1097222222E+00  0.3078346978E+07
  0.1100000000E+00  0.3045564058E+07
  0.1102777778E+00  0.3017441263E+07
  0.1105555556E+00  0.2989318501E+07
  0.1108333333E+00  0.2961195749E+07
  0.1111111111E+00  0.2933072966E+07
  0.1113888889E+00  0.2904950204E+07
  0.1116666667E+00  0.2876827419E+07
  0.1119444444E+00  0.2848704657E+07
  0.1122222222E+00  0.2820581862E+07
  0.1125000000E+00  0.2792459122E+07
  0.1127777778E+00  0.2764336360E+07
  0.1130555556E+00  0.2736213565E+07
  0.1133333333E+00  0.2708090814E+07
  0.1136111111E+00  0.2679968030E+07
  0.1138888889E+00  0.2651845268E+07
  0.1141666667E+00  0.2623722483E+07
  0.1144444444E+00  0.2595599722E+07
  0.1147222222E+00  0.2567476927E+07
  0.1150000000E+00  0.2539354186E+07
  0.1152777778E+00  0.2515568751E+07
  0.1155555556E+00  0.2491783295E+07
  0.1158333333E+00  0.2467997860E+07
  0.1161111111E+00  0.2444212425E+07
  0.1163888889E+00  0.2420426990E+07
  0.1166666667E+00  0.2396641554E+07
  0.1169444444E+00  0.2372856119E+07
  0.1172222222E+00  0.2349070684E+07
  0.1175000000E+00  0.2325285249E+07
  0.1177777778E+00  0.2301499814E+07
  0.1180555556E+00  0.2277714379E+07
  0.1183333333E+00  0.2253928943E+07
  0.1186111111E+00  0.2230143508E+07
  0.1188888889E+00  0.2206358062E+07
  0.1191666667E+00  0.2182572627E+07
  0.1194444444E+00  0.2158787192E+07
  0.1197222222E+00  0.2135001757E+07
  0.1200000000E+00  0.2111216322E+07
  0.1202777778E+00  0.2091384002E+07
  0.1205555556E+00  0.2071551704E+07
  0.1208333333E+00  0.2051719385E+07
  0.1211111111E+00  0.2031887065E+07
  0.1213888889E+00  0.2012054746E+07
  0.1216666667E+00  0.1992222448E+07
  0.1219444444E+00  0.1972390129E+07
  0.1222222222E+00  0.1952557809E+07
  0.1225000000E+00  0.1932725490E+07
  0.1227777778E+00  0.1912893182E+07
  0.1230555556E+00  0.1893060872E+07
  0.1233333333E+00  0.1873228553E+07
  0.1236111111E+00  0.1853396234E+07
  0.1238888889E+00  0.1833563925E+07
  0.1241666667E+00  0.1813731616E+07
  0.1244444444E+00  0.1793899297E+07
  0.1247222222E+00  0.1774066977E+07
  0.1250000000E+00  0.1754234669E+07
  0.1252777778E+00  0.1737930972E+07
  0.1255555556E+00  0.1721627274E+07
  0.1258333333E+00  0.1705323621E+07
  0.1261111111E+00  0.1689019923E+07
  0.1263888889E+00  0.1672716259E+07
  0.1266666667E+00  0.1656412572E+07
  0.1269444444E+00  0.1640108874E+07
  0.1272222222E+00  0.1623805200E+07
  0.1275000000E+00  0.1607501514E+07
  0.1277777778E+00  0.1591197816E+07
  0.1280555556E+00  0.1574894163E+07
  0.1283333333E+00  0.1558590465E+07
  0.1286111111E+00  0.1542286767E+07
  0.1288888889E+00  0.1525983114E+07
  0.1291666667E+00  0.1509679416E+07
  0.1294444444E+00  0.1493375719E+07
  0.1297222222E+00  0.1477072055E+07
  0.1300000000E+00  0.1460768358E+07
  0.1302777778E+00  0.1447549889E+07
  0.1305555556E+00  0.1434331411E+07
  0.1308333333E+00  0.1421112942E+07
  0.1311111111E+00  0.1407894464E+07
  0.1313888889E+00  0.1394675995E+07
  0.1316666667E+00  0.1381457505E+07
  0.1319444444E+00  0.1368239037E+07
  0.1322222222E+00  0.1355020558E+07
  0.1325000000E+00  0.1341802090E+07
  0.1327777778E+00  0.1328583611E+07
  0.1330555556E+00  0.1315365143E+07
  0.1333333333E+00  0.1302146631E+07
  0.1336111111E+00  0.1288928162E+07
  0.1338888889E+00  0.1275709684E+07
  0.1341666667E+00  0.1262491215E+07
  0.1344444444E+00  0.1249272736E+07
  0.1347222222E+00  0.1236054257E+07
  0.1350000000E+00  0.1222835778E+07
  0.1352777778E+00  0.1212256799E+07
  0.1355555556E+00  0.1201677776E+07
  0.1358333333E+00  0.1191098797E+07
  0.1361111111E+00  0.1180519785E+07
  0.1363888889E+00  0.1169940795E+07
  0.1366666667E+00  0.1159361783E+07
  0.1369444444E+00  0.1148782770E+07
  0.1372222222E+00  0.1138203781E+07
  0.1375000000E+00  0.1127624757E+07
  0.1377777778E+00  0.1117045778E+07
  0.1380555556E+00  0.1106466765E+07
  0.1383333333E+00  0.1095887776E+07
  0.1386111111E+00  0.1085308763E+07
  0.1388888889E+00  0.1074729784E+07
  0.1391666667E+00  0.1064150761E+07
  0.1394444444E+00  0.1053571782E+07
  0.1397222222E+00  0.1042992770E+07
  0.1400000000E+00  0.1032413780E+07
  0.1402777778E+00  0.1024042948E+07
  0.1405555556E+00  0.1015672125E+07
  0.1408333333E+00  0.1007301304E+07
  0.1411111111E+00  0.9989304713E+06
  0.1413888889E+00  0.9905596499E+06
  0.1416666667E+00  0.9821888407E+06
  0.1419444444E+00  0.9738180115E+06
  0.1422222222E+00  0.9654471968E+06
  0.1425000000E+00  0.9570763709E+06
  0.1427777778E+00  0.9487055517E+06
  0.1430555556E+00  0.9403347369E+06
  0.1433333333E+00  0.9319639111E+06
  0.1436111111E+00  0.9235930964E+06
  0.1438888889E+00  0.9152222671E+06
  0.1441666667E+00  0.9068514413E+06
  0.1444444444E+00  0.8984806265E+06
  0.1447222222E+00  0.8901097973E+06
  0.1450000000E+00  0.8817389926E+06
  0.1452777778E+00  0.8751718297E+06
  0.1455555556E+00  0.8686046701E+06
  0.1458333333E+00  0.8620375072E+06
  0.1461111111E+00  0.8554703587E+06
  0.1463888889E+00  0.8489031958E+06
  0.1466666667E+00  0.8423360328E+06
  0.1469444444E+00  0.8357688844E+06
  0.1472222222E+00  0.8292017215E+06
  0.1475000000E+00  0.8226345608E+06
  0.1477777778E+00  0.8160674034E+06
  0.1480555556E+00  0.8095002438E+06
  0.1483333333E+00  0.8029330842E+06
  0.1486111111E+00  0.7963659280E+06
  0.1488888889E+00  0.7897987673E+06
  0.1491666667E+00  0.7832316077E+06
  0.1494444444E+00  0.7766644515E+06
  0.1497222222E+00  0.7700972919E+06
  0.1500000000E+00  0.7635301412E+06
  0.1502777778E+00  0.7583984743E+06
  0.1505555556E+00  0.7532668141E+06
  0.1508333333E+00  0.7481351539E+06
  0.1511111111E+00  0.7430034959E+06
  0.1513888889E+00  0.7378718357E+06
  0.1516666667E+00  0.7327401655E+06
  0.1519444444E+00  0.7276085075E+06
  0.1522222222E+00  0.7224768473E+06
  0.1525000000E+00  0.7173451871E+06
  0.1527777778E+00  0.7122135257E+06
  0.1530555556E+00  0.7070818588E+06
  0.1533333333E+00  0.7019501987E+06
  0.1536111111E+00  0.6968185384E+06
  0.1538888889E+00  0.6916868804E+06
  0.1541666667E+00  0.6865552202E+06
  0.1544444444E+00  0.6814235501E+06
  0.1547222222E+00  0.6762918920E+06
  0.1550000000E+00  0.6711602318E+06
  0.1552777778E+00  0.6671393432E+06
  0.1555555556E+00  0.6631184546E+06
  0.1558333333E+00  0.6590975659E+06
  0.1561111111E+00  0.6550766806E+06
  0.1563888889E+00  0.6510557920E+06
  0.1566666667E+00  0.6470349022E+06
  0.1569444444E+00  0.6430140136E+06
  0.1572222222E+00  0.6389931250E+06
  0.1575000000E+00  0.6349722398E+06
  0.1577777778E+00  0.6309513511E+06
  0.1580555556E+00  0.6269304625E+06
  0.1583333333E+00  0.6229095738E+06
  0.1586111111E+00  0.6188886852E+06
  0.1588888889E+00  0.6148677899E+06
  0.1591666667E+00  0.6108469002E+06
  0.1594444444E+00  0.6068260115E+06
  0.1597222222E+00  0.6028051229E+06
  0.1600000000E+00  0.5987842377E+06
  0.1602777778E+00  0.5955965418E+06
  0.1605555556E+00  0.5924088359E+06
  0.1608333333E+00  0.5892211401E+06
  0.1611111111E+00  0.5860334331E+06
  0.1613888889E+00  0.5828457272E+06
  0.1616666667E+00  0.5796580314E+06
  0.1619444444E+00  0.5764703255E+06
  0.1622222222E+00  0.5732826230E+06
  0.1625000000E+00  0.5700949271E+06
  0.1627777778E+00  0.5669072212E+06
  0.1630555556E+00  0.5637195243E+06
  0.1633333333E+00  0.5605318184E+06
  0.1636111111E+00  0.5573441125E+06
  0.1638888889E+00  0.5541564167E+06
  0.1641666667E+00  0.5509687108E+06
  0.1644444444E+00  0.5477810184E+06
  0.1647222222E+00  0.5445933126E+06
  0.1650000000E+00  0.5414056056E+06
  0.1652777778E+00  0.5388211451E+06
  0.1655555556E+00  0.5362366880E+06
  0.1658333333E+00  0.5336522222E+06
  0.1661111111E+00  0.5310677651E+06
  0.1663888889E+00  0.5284832946E+06
  0.1666666667E+00  0.5258988376E+06
  0.1669444444E+00  0.5233143805E+06
  0.1672222222E+00  0.5207299101E+06
  0.1675000000E+00  0.5181454530E+06
  0.1677777778E+00  0.5155609960E+06
  0.1680555556E+00  0.5129765289E+06
  0.1683333333E+00  0.5103920685E+06
  0.1686111111E+00  0.5078076015E+06
  0.1688888889E+00  0.5052231444E+06
  0.1691666667E+00  0.5026386839E+06
  0.1694444444E+00  0.5000542169E+06
  0.1697222222E+00  0.4974697598E+06
  0.1700000000E+00  0.4948852928E+06
  0.1702777778E+00  0.4927214845E+06
  0.1705555556E+00  0.4905576761E+06
  0.1708333333E+00  0.4883938622E+06
  0.1711111111E+00  0.4862300539E+06
  0.1713888889E+00  0.4840662489E+06
  0.1716666667E+00  0.4819024305E+06
  0.1719444444E+00  0.4797386255E+06
  0.1722222222E+00  0.4775748072E+06
  0.1725000000E+00  0.4754109999E+06
  0.1727777778E+00  0.4732471949E+06
  0.1730555556E+00  0.4710833766E+06
  0.1733333333E+00  0.4689195715E+06
  0.1736111111E+00  0.4667557532E+06
  0.1738888889E+00  0.4645919482E+06
  0.1741666667E+00  0.4624281379E+06
  0.1744444444E+00  0.4602643256E+06
  0.1747222222E+00  0.4581005166E+06
  0.1750000000E+00  0.4559367042E+06
  0.1752777778E+00  0.4540544845E+06
  0.1755555556E+00  0.4521722638E+06
  0.1758333333E+00  0.4502900431E+06
  0.1761111111E+00  0.4484078223E+06
  0.1763888889E+00  0.4465256014E+06
  0.1766666667E+00  0.4446433807E+06
  0.1769444444E+00  0.4427611566E+06
  0.1772222222E+00  0.4408789369E+06
  0.1775000000E+00  0.4389967162E+06
  0.1777777778E+00  0.4371144955E+06
  0.1780555556E+00  0.4352322747E+06
  0.1783333333E+00  0.4333500550E+06
  0.1786111111E+00  0.4314678332E+06
  0.1788888889E+00  0.4295856124E+06
  0.1791666667E+00  0.4277033884E+06
  0.1794444444E+00  0.4258211686E+06
  0.1797222222E+00  0.4239389479E+06
  0.1800000000E+00  0.4220567272E+06
  0.1802777778E+00  0.4203560908E+06
  0.1805555556E+00  0.4186554552E+06
  0.1808333333E+00  0.4169548154E+06
  0.1811111111E+00  0.4152541790E+06
  0.1813888889E+00  0.4135535425E+06
  0.1816666667E+00  0.4118529061E+06
  0.1819444444E+00  0.4101522706E+06
  0.1822222222E+00  0.4084516308E+06
  0.1825000000E+00  0.4067509944E+06
  0.1827777778E+00  0.4050503580E+06
  0.1830555556E+00  0.4033497224E+06
  0.1833333333E+00  0.4016490859E+06
  0.1836111111E+00  0.3999484462E+06
  0.1838888889E+00  0.3982478108E+06
  0.1841666667E+00  0.3965471744E+06
  0.1844444444E+00  0.3948465389E+06
  0.1847222222E+00  0.3931458992E+06
  0.1850000000E+00  0.3914452627E+06
  0.1852777778E+00  0.3898600384E+06
  0.1855555556E+00  0.3882748118E+06
  0.1858333333E+00  0.3866895897E+06
  0.1861111111E+00  0.3851043654E+06
  0.1863888889E+00  0.3835191389E+06
  0.1866666667E+00  0.3819339158E+06
  0.1869444444E+00  0.3803486882E+06
  0.1872222222E+00  0.3787634660E+06
  0.1875000000E+00  0.3771782395E+06
  0.1877777778E+00  0.3755930152E+06
  0.1880555556E+00  0.3740077920E+06
  0.1883333333E+00  0.3724225665E+06
  0.1886111111E+00  0.3708373422E+06
  0.1888888889E+00  0.3692521157E+06
  0.1891666667E+00  0.3676668925E+06
  0.1894444444E+00  0.3660816682E+06
  0.1897222222E+00  0.3644964427E+06
  0.1900000000E+00  0.3629112195E+06
  0.1902777778E+00  0.3614027695E+06
  0.1905555556E+00  0.3598943230E+06
  0.1908333333E+00  0.3583858741E+06
  0.1911111111E+00  0.3568774252E+06
  0.1913888889E+00  0.3553689786E+06
  0.1916666667E+00  0.3538605297E+06
  0.1919444444E+00  0.3523520832E+06
  0.1922222222E+00  0.3508436331E+06
  0.1925000000E+00  0.3493351842E+06
  0.1927777778E+00  0.3478267387E+06
  0.1930555556E+00  0.3463182887E+06
  0.1933333333E+00  0.3448098422E+06
  0.1936111111E+00  0.3433013932E+06
  0.1938888889E+00  0.3417929432E+06
  0.1941666667E+00  0.3402844977E+06
  0.1944444444E+00  0.3387760489E+06
  0.1947222222E+00  0.3372676022E+06
  0.1950000000E+00  0.3357591522E+06
  0.1952777778E+00  0.3343104137E+06
  0.1955555556E+00  0.3328616739E+06
  0.1958333333E+00  0.3314129353E+06
  0.1961111111E+00  0.3299641967E+06
  0.1963888889E+00  0.3285154570E+06
  0.1966666667E+00  0.3270667217E+06
  0.1969444444E+00  0.3256179820E+06
  0.1972222222E+00  0.3241692434E+06
  0.1975000000E+00  0.3227205048E+06
  0.1977777778E+00  0.3212717650E+06
  0.1980555556E+00  0.3198230264E+06
  0.1983333333E+00  0.3183742867E+06
  0.1986111111E+00  0.3169255481E+06
  0.1988888889E+00  0.3154768095E+06
  0.1991666667E+00  0.3140280697E+06
  0.1994444444E+00  0.3125793311E+06
  0.1997222222E+00  0.3111305948E+06
  0.2000000000E+00  0.3096818561E+06
  0.2002777778E+00  0.3082910694E+06
  0.2005555556E+00  0.3069002836E+06
  0.2008333333E+00  0.3055094979E+06
  0.2011111111E+00  0.3041187111E+06
  0.2013888889E+00  0.3027279254E+06
  0.2016666667E+00  0.3013371386E+06
  0.2019444444E+00  0.2999463529E+06
  0.2022222222E+00  0.2985555671E+06
  0.2025000000E+00  0.2971647815E+06
  0.2027777778E+00  0.2957739957E+06
  0.2030555556E+00  0.2943832090E+06
  0.2033333333E+00  0.2929924231E+06
  0.2036111111E+00  0.2916016374E+06
  0.2038888889E+00  0.2902108506E+06
  0.2041666667E+00  0.2888200649E+06
  0.2044444444E+00  0.2874292781E+06
  0.2047222222E+00  0.2860384924E+06
  0.2050000000E+00  0.2846477066E+06
  0.2052777778E+00  0.2833234695E+06
  0.2055555556E+00  0.2819992312E+06
  0.2058333333E+00  0.2806749952E+06
  0.2061111111E+00  0.2793507591E+06
  0.2063888889E+00  0.2780265230E+06
  0.2066666667E+00  0.2767022870E+06
  0.2069444444E+00  0.2753780476E+06
  0.2072222222E+00  0.2740538116E+06
  0.2075000000E+00  0.2727295755E+06
  0.2077777778E+00  0.2714053405E+06
  0.2080555556E+00  0.2700811011E+06
  0.2083333333E+00  0.2687568640E+06
  0.2086111111E+00  0.2674326291E+06
  0.2088888889E+00  0.2661083930E+06
  0.2091666667E+00  0.2647841569E+06
  0.2094444444E+00  0.2634599175E+06
  0.2097222222E+00  0.2621356816E+06
  0.2100000000E+00  0.2608114455E+06
  0.2102777778E+00  0.2595677290E+06
  0.2105555556E+00  0.2583240114E+06
  0.2108333333E+00  0.2570802973E+06
  0.2111111111E+00  0.2558365797E+06
  0.2113888889E+00  0.2545928622E+06
  0.2116666667E+00  0.2533491468E+06
  0.2119444444E+00  0.2521054326E+06
  0.2122222222E+00  0.2508617151E+06
  0.2125000000E+00  0.2496179976E+06
  0.2127777778E+00  0.2483742811E+06
  0.2130555556E+00  0.2471305669E+06
  0.2133333333E+00  0.2458868494E+06
  0.2136111111E+00  0.2446431319E+06
  0.2138888889E+00  0.2433994165E+06
  0.2141666667E+00  0.2421557022E+06
  0.2144444444E+00  0.2409119847E+06
  0.2147222222E+00  0.2396682672E+06
  0.2150000000E+00  0.2384245507E+06
  0.2152777778E+00  0.2372767396E+06
  0.2155555556E+00  0.2361289251E+06
  0.2158333333E+00  0.2349811118E+06
  0.2161111111E+00  0.2338333006E+06
  0.2163888889E+00  0.2326854862E+06
  0.2166666667E+00  0.2315376750E+06
  0.2169444444E+00  0.2303898606E+06
  0.2172222222E+00  0.2292420495E+06
  0.2175000000E+00  0.2280942350E+06
  0.2177777778E+00  0.2269464216E+06
  0.2180555556E+00  0.2257986105E+06
  0.2183333333E+00  0.2246507960E+06
  0.2186111111E+00  0.2235029849E+06
  0.2188888889E+00  0.2223551704E+06
  0.2191666667E+00  0.2212073560E+06
  0.2194444444E+00  0.2200595448E+06
  0.2197222222E+00  0.2189117315E+06
  0.2200000000E+00  0.2177639204E+06
  0.2202777778E+00  0.2167261510E+06
  0.2205555556E+00  0.2156883827E+06
  0.2208333333E+00  0.2146506124E+06
  0.2211111111E+00  0.2136128441E+06
  0.2213888889E+00  0.2125750759E+06
  0.2216666667E+00  0.2115373065E+06
  0.2219444444E+00  0.2104995382E+06
  0.2222222222E+00  0.2094617678E+06
  0.2225000000E+00  0.2084239996E+06
  0.2227777778E+00  0.2073862303E+06
  0.2230555556E+00  0.2063484620E+06
  0.2233333333E+00  0.2053106926E+06
  0.2236111111E+00  0.2042729233E+06
  0.2238888889E+00  0.2032351540E+06
  0.2241666667E+00  0.2021973857E+06
  0.2244444444E+00  0.2011596175E+06
  0.2247222222E+00  0.2001218471E+06
  0.2250000000E+00  0.1990840788E+06
  0.2252777778E+00  0.1981667766E+06
  0.2255555556E+00  0.1972494700E+06
  0.2258333333E+00  0.1963321677E+06
  0.2261111111E+00  0.1954148611E+06
  0.2263888889E+00  0.1944975590E+06
  0.2266666667E+00  0.1935802534E+06
  0.2269444444E+00  0.1926629502E+06
  0.2272222222E+00  0.1917456446E+06
  0.2275000000E+00  0.1908283413E+06
  0.2277777778E+00  0.1899110368E+06
  0.2280555556E+00  0.1889937336E+06
  0.2283333333E+00  0.1880764270E+06
  0.2286111111E+00  0.1871591247E+06
  0.2288888889E+00  0.1862418215E+06
  0.2291666667E+00  0.1853245170E+06
  0.2294444444E+00  0.1844072137E+06
  0.2297222222E+00  0.1834899081E+06
  0.2300000000E+00  0.1825726049E+06
  0.2302777778E+00  0.1817815724E+06
  0.2305555556E+00  0.1809905400E+06
  0.2308333333E+00  0.1801995065E+06
  0.2311111111E+00  0.1794084729E+06
  0.2313888889E+00  0.1786174405E+06
  0.2316666667E+00  0.1778264081E+06
  0.2319444444E+00  0.1770353756E+06
  0.2322222222E+00  0.1762443421E+06
  0.2325000000E+00  0.1754533086E+06
  0.2327777778E+00  0.1746622761E+06
  0.2330555556E+00  0.1738712437E+06
  0.2333333333E+00  0.1730802103E+06
  0.2336111111E+00  0.1722891778E+06
  0.2338888889E+00  0.1714981442E+06
  0.2341666667E+00  0.1707071118E+06
  0.2344444444E+00  0.1699160793E+06
  0.2347222222E+00  0.1691250459E+06
  0.2350000000E+00  0.1683340123E+06
  0.2352777778E+00  0.1676696206E+06
  0.2355555556E+00  0.1670052244E+06
  0.2358333333E+00  0.1663408273E+06
  0.2361111111E+00  0.1656764356E+06
  0.2363888889E+00  0.1650120394E+06
  0.2366666667E+00  0.1643476466E+06
  0.2369444444E+00  0.1636832515E+06
  0.2372222222E+00  0.1630188544E+06
  0.2375000000E+00  0.1623544616E+06
  0.2377777778E+00  0.1616900654E+06
  0.2380555556E+00  0.1610256736E+06
  0.2383333333E+00  0.1603612775E+06
  0.2386111111E+00  0.1596968803E+06
  0.2388888889E+00  0.1590324886E+06
  0.2391666667E+00  0.1583680925E+06
  0.2394444444E+00  0.1577036996E+06
  0.2397222222E+00  0.1570393046E+06
  0.2400000000E+00  0.1563749074E+06
  0.2402777778E+00  0.1558322972E+06
  0.2405555556E+00  0.1552896849E+06
  0.2408333333E+00  0.1547470748E+06
  0.2411111111E+00  0.1542044636E+06
  0.2413888889E+00  0.1536618513E+06
  0.2416666667E+00  0.1531192411E+06
  0.2419444444E+00  0.1525766299E+06
  0.2422222222E+00  0.1520340188E+06
  0.2425000000E+00  0.1514914075E+06
  0.2427777778E+00  0.1509487963E+06
  0.2430555556E+00  0.1504061861E+06
  0.2433333333E+00  0.1498635738E+06
  0.2436111111E+00  0.1493209627E+06
  0.2438888889E+00  0.1487783525E+06
  0.2441666667E+00  0.1482357413E+06
  0.2444444444E+00  0.1476931290E+06
  0.2447222222E+00  0.1471505188E+06
  0.2450000000E+00  0.1466079076E+06
  0.2452777778E+00  0.1461775585E+06
  0.2455555556E+00  0.1457472129E+06
  0.2458333333E+00  0.1453168671E+06
  0.2461111111E+00  0.1448865192E+06
  0.2463888889E+00  0.1444561735E+06
  0.2466666667E+00  0.1440258244E+06
  0.2469444444E+00  0.1435954798E+06
  0.2472222222E+00  0.1431651330E+06
  0.2475000000E+00  0.1427347851E+06
  0.2477777778E+00  0.1423044404E+06
  0.2480555556E+00  0.1418740903E+06
  0.2483333333E+00  0.1414437457E+06
  0.2486111111E+00  0.1410133956E+06
  0.2488888889E+00  0.1405830510E+06
  0.2491666667E+00  0.1401527052E+06
  0.2494444444E+00  0.1397223562E+06
  0.2497222222E+00  0.1392920115E+06
  0.2500000000E+00  0.1388616624E+06
  0.2502777778E+00  0.1385302091E+06
  0.2505555556E+00  0.1381987558E+06
  0.2508333333E+00  0.1378672981E+06
  0.2511111111E+00  0.1375358448E+06
  0.2513888889E+00  0.1372043914E+06
  0.2516666667E+00  0.1368729370E+06
  0.2519444444E+00  0.1365414814E+06
  0.2522222222E+00  0.1362100281E+06
  0.2525000000E+00  0.1358785747E+06
  0.2527777778E+00  0.1355471170E+06
  0.2530555556E+00  0.1352156637E+06
  0.2533333333E+00  0.1348842104E+06
  0.2536111111E+00  0.1345527536E+06
  0.2538888889E+00  0.1342213003E+06
  0.2541666667E+00  0.1338898470E+06
  0.2544444444E+00  0.1335583903E+06
  0.2547222222E+00  0.1332269359E+06
  0.2550000000E+00  0.1328954826E+06
  0.2552777778E+00  0.1326469684E+06
  0.2555555556E+00  0.1323984577E+06
  0.2558333333E+00  0.1321499424E+06
  0.2561111111E+00  0.1319014317E+06
  0.2563888889E+00  0.1316529175E+06
  0.2566666667E+00  0.1314044068E+06
  0.2569444444E+00  0.1311558915E+06
  0.2572222222E+00  0.1309073791E+06
  0.2575000000E+00  0.1306588663E+06
  0.2577777778E+00  0.1304103539E+06
  0.2580555556E+00  0.1301618411E+06
  0.2583333333E+00  0.1299133275E+06
  0.2586111111E+00  0.1296648147E+06
  0.2588888889E+00  0.1294163023E+06
  0.2591666667E+00  0.1291677895E+06
  0.2594444444E+00  0.1289192759E+06
  0.2597222222E+00  0.1286707632E+06
  0.2600000000E+00  0.1284222507E+06
  0.2602777778E+00  0.1282391238E+06
  0.2605555556E+00  0.1280559969E+06
  0.2608333333E+00  0.1278728710E+06
  0.2611111111E+00  0.1276897440E+06
  0.2613888889E+00  0.1275066171E+06
  0.2616666667E+00  0.1273234902E+06
  0.2619444444E+00  0.1271403632E+06
  0.2622222222E+00  0.1269572363E+06
  0.2625000000E+00  0.1267741093E+06
  0.2627777778E+00  0.1265909824E+06
  0.2630555556E+00  0.1264078555E+06
  0.2633333333E+00  0.1262247296E+06
  0.2636111111E+00  0.1260416027E+06
  0.2638888889E+00  0.1258584757E+06
  0.2641666667E+00  0.1256753488E+06
  0.2644444444E+00  0.1254922229E+06
  0.2647222222E+00  0.1253090960E+06
  0.2650000000E+00  0.1251259691E+06
  0.2652777778E+00  0.1249903715E+06
  0.2655555556E+00  0.1248547757E+06
  0.2658333333E+00  0.1247191782E+06
  0.2661111111E+00  0.1245835817E+06
  0.2663888889E+00  0.1244479839E+06
  0.2666666667E+00  0.1243123884E+06
  0.2669444444E+00  0.1241767908E+06
  0.2672222222E+00  0.1240411941E+06
  0.2675000000E+00  0.1239055967E+06
  0.2677777778E+00  0.1237700007E+06
  0.2680555556E+00  0.1236344037E+06
  0.2683333333E+00  0.1234988064E+06
  0.2686111111E+00  0.1233632094E+06
  0.2688888889E+00  0.1232276124E+06
  0.2691666667E+00  0.1230920164E+06
  0.2694444444E+00  0.1229564191E+06
  0.2697222222E+00  0.1228208221E+06
  0.2700000000E+00  0.1226852251E+06
  0.2702777778E+00  0.1225800323E+06
  0.2705555556E+00  0.1224748386E+06
  0.2708333333E+00  0.1223696449E+06
  0.2711111111E+00  0.1222644515E+06
  0.2713888889E+00  0.1221592588E+06
  0.2716666667E+00  0.1220540651E+06
  0.2719444444E+00  0.1219488717E+06
  0.2722222222E+00  0.1218436780E+06
  0.2725000000E+00  0.1217384843E+06
  0.2727777778E+00  0.1216332916E+06
  0.2730555556E+00  0.1215280982E+06
  0.2733333333E+00  0.1214229045E+06
  0.2736111111E+00  0.1213177108E+06
  0.2738888889E+00  0.1212125184E+06
  0.2741666667E+00  0.1211073247E+06
  0.2744444444E+00  0.1210021310E+06
  0.2747222222E+00  0.1208969373E+06
  0.2750000000E+00  0.1207917449E+06
  0.2752777778E+00  0.1207013799E+06
  0.2755555556E+00  0.1206110149E+06
  0.2758333333E+00  0.1205206499E+06
  0.2761111111E+00  0.1204302852E+06
  0.2763888889E+00  0.1203399202E+06
  0.2766666667E+00  0.1202495562E+06
  0.2769444444E+00  0.1201591914E+06
  0.2772222222E+00  0.1200688264E+06
  0.2775000000E+00  0.1199784614E+06
  0.2777777778E+00  0.1198880964E+06
  0.2780555556E+00  0.1197977318E+06
  0.2783333333E+00  0.1197073667E+06
  0.2786111111E+00  0.1196170027E+06
  0.2788888889E+00  0.1195266377E+06
  0.2791666667E+00  0.1194362731E+06
  0.2794444444E+00  0.1193459081E+06
  0.2797222222E+00  0.1192555430E+06
  0.2800000000E+00  0.1191651780E+06
  0.2802777778E+00  0.1190763679E+06
  0.2805555556E+00  0.1189875574E+06
  0.2808333333E+00  0.1188987470E+06
  0.2811111111E+00  0.1188099369E+06
  0.2813888889E+00  0.1187211264E+06
  0.2816666667E+00  0.1186323159E+06
  0.2819444444E+00  0.1185435055E+06
  0.2822222222E+00  0.1184546944E+06
  0.2825000000E+00  0.1183658839E+06
  0.2827777778E+00  0.1182770734E+06
  0.2830555556E+00  0.1181882633E+06
  0.2833333333E+00  0.1180994528E+06
  0.2836111111E+00  0.1180106425E+06
  0.2838888889E+00  0.1179218320E+06
  0.2841666667E+00  0.1178330218E+06
  0.2844444444E+00  0.1177442103E+06
  0.2847222222E+00  0.1176553999E+06
  0.2850000000E+00  0.1175665895E+06
  0.2852777778E+00  0.1174688568E+06
  0.2855555556E+00  0.1173711249E+06
  0.2858333333E+00  0.1172733919E+06
  0.2861111111E+00  0.1171756592E+06
  0.2863888889E+00  0.1170779274E+06
  0.2866666667E+00  0.1169801944E+06
  0.2869444444E+00  0.1168824617E+06
  0.2872222222E+00  0.1167847286E+06
  0.2875000000E+00  0.1166869969E+06
  0.2877777778E+00  0.1165892642E+06
  0.2880555556E+00  0.1164915311E+06
  0.2883333333E+00  0.1163937983E+06
  0.2886111111E+00  0.1162960662E+06
  0.2888888889E+00  0.1161983335E+06
  0.2891666667E+00  0.1161006008E+06
  0.2894444444E+00  0.1160028687E+06
  0.2897222222E+00  0.1159051360E+06
  0.2900000000E+00  0.1158074033E+06
  0.2902777778E+00  0.1156931855E+06
  0.2905555556E+00  0.1155789691E+06
  0.2908333333E+00  0.1154647515E+06
  0.2911111111E+00  0.1153505341E+06
  0.2913888889E+00  0.1152363174E+06
  0.2916666667E+00  0.1151221001E+06
  0.2919444444E+00  0.1150078823E+06
  0.2922222222E+00  0.1148936649E+06
  0.2925000000E+00  0.1147794486E+06
  0.2927777778E+00  0.1146652309E+06
  0.2930555556E+00  0.1145510135E+06
  0.2933333333E+00  0.1144367968E+06
  0.2936111111E+00  0.1143225794E+06
  0.2938888889E+00  0.1142083617E+06
  0.2941666667E+00  0.1140941454E+06
  0.2944444444E+00  0.1139799280E+06
  0.2947222222E+00  0.1138657103E+06
  0.2950000000E+00  0.1137514939E+06
  0.2952777778E+00  0.1136164116E+06
  0.2955555556E+00  0.1134813291E+06
  0.2958333333E+00  0.1133462470E+06
  0.2961111111E+00  0.1132111646E+06
  0.2963888889E+00  0.1130760822E+06
  0.2966666667E+00  0.1129410011E+06
  0.2969444444E+00  0.1128059187E+06
  0.2972222222E+00  0.1126708366E+06
  0.2975000000E+00  0.1125357541E+06
  0.2977777778E+00  0.1124006718E+06
  0.2980555556E+00  0.1122655897E+06
  0.2983333333E+00  0.1121305083E+06
  0.2986111111E+00  0.1119954259E+06
  0.2988888889E+00  0.1118603438E+06
  0.2991666667E+00  0.1117252614E+06
  0.2994444444E+00  0.1115901789E+06
  0.2997222222E+00  0.1114550979E+06
  0.3000000000E+00  0.1113200154E+06
  0.3002777778E+00  0.1111624999E+06
  0.3005555556E+00  0.1110049850E+06
  0.3008333333E+00  0.1108474695E+06
  0.3011111111E+00  0.1106899545E+06
  0.3013888889E+00  0.1105324389E+06
  0.3016666667E+00  0.1103749234E+06
  0.3019444444E+00  0.1102174084E+06
  0.3022222222E+00  0.1100598929E+06
  0.3025000000E+00  0.1099023780E+06
  0.3027777778E+00  0.1097448625E+06
  0.3030555556E+00  0.1095873475E+06
  0.3033333333E+00  0.1094298319E+06
  0.3036111111E+00  0.1092723174E+06
  0.3038888889E+00  0.1091148014E+06
  0.3041666667E+00  0.1089572869E+06
  0.3044444444E+00  0.1087997710E+06
  0.3047222222E+00  0.1086422564E+06
  0.3050000000E+00  0.1084847408E+06
  0.3052777778E+00  0.1083058703E+06
  0.3055555556E+00  0.1081270001E+06
  0.3058333333E+00  0.1079481299E+06
  0.3061111111E+00  0.1077692597E+06
  0.3063888889E+00  0.1075903885E+06
  0.3066666667E+00  0.1074115183E+06
  0.3069444444E+00  0.1072326481E+06
  0.3072222222E+00  0.1070537779E+06
  0.3075000000E+00  0.1068749077E+06
  0.3077777778E+00  0.1066960374E+06
  0.3080555556E+00  0.1065171672E+06
  0.3083333333E+00  0.1063382971E+06
  0.3086111111E+00  0.1061594269E+06
  0.3088888889E+00  0.1059805557E+06
  0.3091666667E+00  0.1058016855E+06
  0.3094444444E+00  0.1056228152E+06
  0.3097222222E+00  0.1054439450E+06
  0.3100000000E+00  0.1052650749E+06
  0.3102777778E+00  0.1050681556E+06
  0.3105555556E+00  0.1048712370E+06
  0.3108333333E+00  0.1046743176E+06
  0.3111111111E+00  0.1044773981E+06
  0.3113888889E+00  0.1042804794E+06
  0.3116666667E+00  0.1040835602E+06
  0.3119444444E+00  0.1038866415E+06
  0.3122222222E+00  0.1036897223E+06
  0.3125000000E+00  0.1034928026E+06
  0.3127777778E+00  0.1032958844E+06
  0.3130555556E+00  0.1030989647E+06
  0.3133333333E+00  0.1029020455E+06
  0.3136111111E+00  0.1027051269E+06
  0.3138888889E+00  0.1025082076E+06
  0.3141666667E+00  0.1023112880E+06
  0.3144444444E+00  0.1021143694E+06
  0.3147222222E+00  0.1019174501E+06
  0.3150000000E+00  0.1017205305E+06
  0.3152777778E+00  0.1015106628E+06
  0.3155555556E+00  0.1013007943E+06
  0.3158333333E+00  0.1010909267E+06
  0.3161111111E+00  0.1008810577E+06
  0.3163888889E+00  0.1006711891E+06
  0.3166666667E+00  0.1004613215E+06
  0.3169444444E+00  0.1002514525E+06
  0.3172222222E+00  0.1000415850E+06
  0.3175000000E+00  0.9983171639E+05
  0.3177777778E+00  0.9962184771E+05
  0.3180555556E+00  0.9941197980E+05
  0.3183333333E+00  0.9920211123E+05
  0.3186111111E+00  0.9899224355E+05
  0.3188888889E+00  0.9878237498E+05
  0.3191666667E+00  0.9857250596E+05
  0.3194444444E+00  0.9836263839E+05
  0.3197222222E+00  0.9815276983E+05
  0.3200000000E+00  0.9794290215E+05
  0.3202777778E+00  0.9772631134E+05
  0.3205555556E+00  0.9750972042E+05
  0.3208333333E+00  0.9729312949E+05
  0.3211111111E+00  0.9707653857E+05
  0.3213888889E+00  0.9685994764E+05
  0.3216666667E+00  0.9664335672E+05
  0.3219444444E+00  0.9642676579E+05
  0.3222222222E+00  0.9621017487E+05
  0.3225000000E+00  0.9599358494E+05
  0.3227777778E+00  0.9577699402E+05
  0.3230555556E+00  0.9556040309E+05
  0.3233333333E+00  0.9534381228E+05
  0.3236111111E+00  0.9512722169E+05
  0.3238888889E+00  0.9491063077E+05
  0.3241666667E+00  0.9469403984E+05
  0.3244444444E+00  0.9447744892E+05
  0.3247222222E+00  0.9426085899E+05
  0.3250000000E+00  0.9404426806E+05
  0.3252777778E+00  0.9382801540E+05
  0.3255555556E+00  0.9361176242E+05
  0.3258333333E+00  0.9339550976E+05
  0.3261111111E+00  0.9317925776E+05
  0.3263888889E+00  0.9296300510E+05
  0.3266666667E+00  0.9274675243E+05
  0.3269444444E+00  0.9253049932E+05
  0.3272222222E+00  0.9231424766E+05
  0.3275000000E+00  0.9209799500E+05
  0.3277777778E+00  0.9188174200E+05
  0.3280555556E+00  0.9166549034E+05
  0.3283333333E+00  0.9144923735E+05
  0.3286111111E+00  0.9123298469E+05
  0.3288888889E+00  0.9101673203E+05
  0.3291666667E+00  0.9080048003E+05
  0.3294444444E+00  0.9058422737E+05
  0.3297222222E+00  0.9036797471E+05
  0.3300000000E+00  0.9015172171E+05
  0.3302777778E+00  0.8994292145E+05
  0.3305555556E+00  0.8973411975E+05
  0.3308333333E+00  0.8952531849E+05
  0.3311111111E+00  0.8931651789E+05
  0.3313888889E+00  0.8910771663E+05
  0.3316666667E+00  0.8889891503E+05
  0.3319444444E+00  0.8869011477E+05
  0.3322222222E+00  0.8848131317E+05
  0.3325000000E+00  0.8827251192E+05
  0.3327777778E+00  0.8806371132E+05
  0.3330555556E+00  0.8785491006E+05
  0.3333333333E+00  0.8764610846E+05
  0.3336111111E+00  0.8743730820E+05
  0.3338888889E+00  0.8722850661E+05
  0.3341666667E+00  0.8701970535E+05
  0.3344444444E+00  0.8681090476E+05
  0.3347222222E+00  0.8660210349E+05
  0.3350000000E+00  0.8639330190E+05
  0.3352777778E+00  0.8619887207E+05
  0.3355555556E+00  0.8600444214E+05
  0.3358333333E+00  0.8581001220E+05
  0.3361111111E+00  0.8561558226E+05
  0.3363888889E+00  0.8542115244E+05
  0.3366666667E+00  0.8522672250E+05
  0.3369444444E+00  0.8503229256E+05
  0.3372222222E+00  0.8483786274E+05
  0.3375000000E+00  0.8464343281E+05
  0.3377777778E+00  0.8444900286E+05
  0.3380555556E+00  0.8425457292E+05
  0.3383333333E+00  0.8406014310E+05
  0.3386111111E+00  0.8386571316E+05
  0.3388888889E+00  0.8367128322E+05
  0.3391666667E+00  0.8347685340E+05
  0.3394444444E+00  0.8328242346E+05
  0.3397222222E+00  0.8308799353E+05
  0.3400000000E+00  0.8289356359E+05
  0.3402777778E+00  0.8271970998E+05
  0.3405555556E+00  0.8254585637E+05
  0.3408333333E+00  0.8237200264E+05
  0.3411111111E+00  0.8219814904E+05
  0.3413888889E+00  0.8202429531E+05
  0.3416666667E+00  0.8185044070E+05
  0.3419444444E+00  0.8167658709E+05
  0.3422222222E+00  0.8150273336E+05
  0.3425000000E+00  0.8132887975E+05
  0.3427777778E+00  0.8115502580E+05
  0.3430555556E+00  0.8098117108E+05
  0.3433333333E+00  0.8080731746E+05
  0.3436111111E+00  0.8063346375E+05
  0.3438888889E+00  0.8045961014E+05
  0.3441666667E+00  0.8028575652E+05
  0.3444444444E+00  0.8011190280E+05
  0.3447222222E+00  0.7993804819E+05
  0.3450000000E+00  0.7976419447E+05
  0.3452777778E+00  0.7961610809E+05
  0.3455555556E+00  0.7946802193E+05
  0.3458333333E+00  0.7931993644E+05
  0.3461111111E+00  0.7917185029E+05
  0.3463888889E+00  0.7902376380E+05
  0.3466666667E+00  0.7887567764E+05
  0.3469444444E+00  0.7872759116E+05
  0.3472222222E+00  0.7857950500E+05
  0.3475000000E+00  0.7843141851E+05
  0.3477777778E+00  0.7828333347E+05
  0.3480555556E+00  0.7813524698E+05
  0.3483333333E+00  0.7798716083E+05
  0.3486111111E+00  0.7783907467E+05
  0.3488888889E+00  0.7769098818E+05
  0.3491666667E+00  0.7754290203E+05
  0.3494444444E+00  0.7739481554E+05
  0.3497222222E+00  0.7724672938E+05
  0.3500000000E+00  0.7709864390E+05
  0.3502777778E+00  0.7698024551E+05
  0.3505555556E+00  0.7686184713E+05
  0.3508333333E+00  0.7674344840E+05
  0.3511111111E+00  0.7662505001E+05
  0.3513888889E+00  0.7650665162E+05
  0.3516666667E+00  0.7638825289E+05
  0.3519444444E+00  0.7626985450E+05
  0.3522222222E+00  0.7615145611E+05
  0.3525000000E+00  0.7603305727E+05
  0.3527777778E+00  0.7591465888E+05
  0.3530555556E+00  0.7579626049E+05
  0.3533333333E+00  0.7567786177E+05
  0.3536111111E+00  0.7555946438E+05
  0.3538888889E+00  0.7544106599E+05
  0.3541666667E+00  0.7532266760E+05
  0.3544444444E+00  0.7520426887E+05
  0.3547222222E+00  0.7508587048E+05
  0.3550000000E+00  0.7496747209E+05
  0.3552777778E+00  0.7488125460E+05
  0.3555555556E+00  0.7479503712E+05
  0.3558333333E+00  0.7470882062E+05
  0.3561111111E+00  0.7462260358E+05
  0.3563888889E+00  0.7453638608E+05
  0.3566666667E+00  0.7445016860E+05
  0.3569444444E+00  0.7436395122E+05
  0.3572222222E+00  0.7427773506E+05
  0.3575000000E+00  0.7419151757E+05
  0.3577777778E+00  0.7410530020E+05
  0.3580555556E+00  0.7401908271E+05
  0.3583333333E+00  0.7393286621E+05
  0.3586111111E+00  0.7384664917E+05
  0.3588888889E+00  0.7376043169E+05
  0.3591666667E+00  0.7367421419E+05
  0.3594444444E+00  0.7358799681E+05
  0.3597222222E+00  0.7350178065E+05
  0.3600000000E+00  0.7341556317E+05
  0.3602777778E+00  0.7336250440E+05
  0.3605555556E+00  0.7330944663E+05
  0.3608333333E+00  0.7325638897E+05
  0.3611111111E+00  0.7320333020E+05
  0.3613888889E+00  0.7315027209E+05
  0.3616666667E+00  0.7309721332E+05
  0.3619444444E+00  0.7304415555E+05
  0.3622222222E+00  0.7299109778E+05
  0.3625000000E+00  0.7293803901E+05
  0.3627777778E+00  0.7288498124E+05
  0.3630555556E+00  0.7283192258E+05
  0.3633333333E+00  0.7277886481E+05
  0.3636111111E+00  0.7272580704E+05
  0.3638888889E+00  0.7267274828E+05
  0.3641666667E+00  0.7261969051E+05
  0.3644444444E+00  0.7256663174E+05
  0.3647222222E+00  0.7251357363E+05
  0.3650000000E+00  0.7246051486E+05
  0.3652777778E+00  0.7244010733E+05
  0.3655555556E+00  0.7241969946E+05
  0.3658333333E+00  0.7239929193E+05
  0.3661111111E+00  0.7237888440E+05
  0.3663888889E+00  0.7235847654E+05
  0.3666666667E+00  0.7233806900E+05
  0.3669444444E+00  0.7231766113E+05
  0.3672222222E+00  0.7229725360E+05
  0.3675000000E+00  0.7227684474E+05
  0.3677777778E+00  0.7225643721E+05
  0.3680555556E+00  0.7223602934E+05
  0.3683333333E+00  0.7221562181E+05
  0.3686111111E+00  0.7219521428E+05
  0.3688888889E+00  0.7217480641E+05
  0.3691666667E+00  0.7215439888E+05
  0.3694444444E+00  0.7213399101E+05
  0.3697222222E+00  0.7211358337E+05
  0.3700000000E+00  0.7209317451E+05
  0.3702777778E+00  0.7210346048E+05
  0.3705555556E+00  0.7211374636E+05
  0.3708333333E+00  0.7212403122E+05
  0.3711111111E+00  0.7213431721E+05
  0.3713888889E+00  0.7214460208E+05
  0.3716666667E+00  0.7215488795E+05
  0.3719444444E+00  0.7216517293E+05
  0.3722222222E+00  0.7217545880E+05
  0.3725000000E+00  0.7218574367E+05
  0.3727777778E+00  0.7219602966E+05
  0.3730555556E+00  0.7220631552E+05
  0.3733333333E+00  0.7221660040E+05
  0.3736111111E+00  0.7222688637E+05
  0.3738888889E+00  0.7223717125E+05
  0.3741666667E+00  0.7224745723E+05
  0.3744444444E+00  0.7225774210E+05
  0.3747222222E+00  0.7226802796E+05
  0.3750000000E+00  0.7227831295E+05
  0.3752777778E+00  0.7231610608E+05
  0.3755555556E+00  0.7235389798E+05
  0.3758333333E+00  0.7239169121E+05
  0.3761111111E+00  0.7242948345E+05
  0.3763888889E+00  0.7246727568E+05
  0.3766666667E+00  0.7250506847E+05
  0.3769444444E+00  0.7254286072E+05
  0.3772222222E+00  0.7258065395E+05
  0.3775000000E+00  0.7261844618E+05
  0.3777777778E+00  0.7265623908E+05
  0.3780555556E+00  0.7269403132E+05
  0.3783333333E+00  0.7273182344E+05
  0.3786111111E+00  0.7276961634E+05
  0.3788888889E+00  0.7280740858E+05
  0.3791666667E+00  0.7284520181E+05
  0.3794444444E+00  0.7288299405E+05
  0.3797222222E+00  0.7292078583E+05
  0.3800000000E+00  0.7295857908E+05
  0.3802777778E+00  0.7301955535E+05
  0.3805555556E+00  0.7308053150E+05
  0.3808333333E+00  0.7314150777E+05
  0.3811111111E+00  0.7320248427E+05
  0.3813888889E+00  0.7326346053E+05
  0.3816666667E+00  0.7332443680E+05
  0.3819444444E+00  0.7338541296E+05
  0.3822222222E+00  0.7344639023E+05
  0.3825000000E+00  0.7350736638E+05
  0.3827777778E+00  0.7356834265E+05
  0.3830555556E+00  0.7362931914E+05
  0.3833333333E+00  0.7369029541E+05
  0.3836111111E+00  0.7375127157E+05
  0.3838888889E+00  0.7381224784E+05
  0.3841666667E+00  0.7387322411E+05
  0.3844444444E+00  0.7393420026E+05
  0.3847222222E+00  0.7399517653E+05
  0.3850000000E+00  0.7405615269E+05
  0.3852777778E+00  0.7413526906E+05
  0.3855555556E+00  0.7421438499E+05
  0.3858333333E+00  0.7429350036E+05
  0.3861111111E+00  0.7437261641E+05
  0.3863888889E+00  0.7445173167E+05
  0.3866666667E+00  0.7453084771E+05
  0.3869444444E+00  0.7460996275E+05
  0.3872222222E+00  0.7468907901E+05
  0.3875000000E+00  0.7476819505E+05
  0.3877777778E+00  0.7484731044E+05
  0.3880555556E+00  0.7492642637E+05
  0.3883333333E+00  0.7500554174E+05
  0.3886111111E+00  0.7508465767E+05
  0.3888888889E+00  0.7516377371E+05
  0.3891666667E+00  0.7524288909E+05
  0.3894444444E+00  0.7532200502E+05
  0.3897222222E+00  0.7540112039E+05
  0.3900000000E+00  0.7548023643E+05
  0.3902777778E+00  0.7557177393E+05
  0.3905555556E+00  0.7566331143E+05
  0.3908333333E+00  0.7575484804E+05
  0.3911111111E+00  0.7584638553E+05
  0.3913888889E+00  0.7593792314E+05
  0.3916666667E+00  0.7602946063E+05
  0.3919444444E+00  0.7612099814E+05
  0.3922222222E+00  0.7621253475E+05
  0.3925000000E+00  0.7630407224E+05
  0.3927777778E+00  0.7639560985E+05
  0.3930555556E+00  0.7648714735E+05
  0.3933333333E+00  0.7657868496E+05
  0.3936111111E+00  0.7667022245E+05
  0.3938888889E+00  0.7676175861E+05
  0.3941666667E+00  0.7685329623E+05
  0.3944444444E+00  0.7694483373E+05
  0.3947222222E+00  0.7703637133E+05
  0.3950000000E+00  0.7712790883E+05
  0.3952777778E+00  0.7722598133E+05
  0.3955555556E+00  0.7732405371E+05
  0.3958333333E+00  0.7742212621E+05
  0.3961111111E+00  0.7752019871E+05
  0.3963888889E+00  0.7761827209E+05
  0.3966666667E+00  0.7771634459E+05
  0.3969444444E+00  0.7781441709E+05
  0.3972222222E+00  0.7791248959E+05
  0.3975000000E+00  0.7801056197E+05
  0.3977777778E+00  0.7810863546E+05
  0.3980555556E+00  0.7820670796E+05
  0.3983333333E+00  0.7830478035E+05
  0.3986111111E+00  0.7840285284E+05
  0.3988888889E+00  0.7850092534E+05
  0.3991666667E+00  0.7859899873E+05
  0.3994444444E+00  0.7869707122E+05
  0.3997222222E+00  0.7879514372E+05
  0.4000000000E+00  0.7889321622E+05
  0.4002777778E+00  0.7899190661E+05
  0.4005555556E+00  0.7909059634E+05
  0.4008333333E+00  0.7918928673E+05
  0.4011111111E+00  0.7928797646E+05
  0.4013888889E+00  0.7938666718E+05
  0.4016666667E+00  0.7948535668E+05
  0.4019444444E+00  0.7958404741E+05
  0.4022222222E+00  0.7968273680E+05
  0.4025000000E+00  0.7978142752E+05
  0.4027777778E+00  0.7988011725E+05
  0.4030555556E+00  0.7997880764E+05
  0.4033333333E+00  0.8007749837E+05
  0.4036111111E+00  0.8017618787E+05
  0.4038888889E+00  0.8027487860E+05
  0.4041666667E+00  0.8037356833E+05
  0.4044444444E+00  0.8047225872E+05
  0.4047222222E+00  0.8057094845E+05
  0.4050000000E+00  0.8066963884E+05
  0.4052777778E+00  0.8076334479E+05
  0.4055555556E+00  0.8085705140E+05
  0.4058333333E+00  0.8095075801E+05
  0.4061111111E+00  0.8104446363E+05
  0.4063888889E+00  0.8113817025E+05
  0.4066666667E+00  0.8123187709E+05
  0.4069444444E+00  0.8132558269E+05
  0.4072222222E+00  0.8141928931E+05
  0.4075000000E+00  0.8151299593E+05
  0.4077777778E+00  0.8160670154E+05
  0.4080555556E+00  0.8170040849E+05
  0.4083333333E+00  0.8179411410E+05
  0.4086111111E+00  0.8188782060E+05
  0.4088888889E+00  0.8198152722E+05
  0.4091666667E+00  0.8207523317E+05
  0.4094444444E+00  0.8216893979E+05
  0.4097222222E+00  0.8226264641E+05
  0.4100000000E+00  0.8235635202E+05
  0.4102777778E+00  0.8244002049E+05
  0.4105555556E+00  0.8252368941E+05
  0.4108333333E+00  0.8260735798E+05
  0.4111111111E+00  0.8269102657E+05
  0.4113888889E+00  0.8277469548E+05
  0.4116666667E+00  0.8285836407E+05
  0.4119444444E+00  0.8294203165E+05
  0.4122222222E+00  0.8302570023E+05
  0.4125000000E+00  0.8310936904E+05
  0.4127777778E+00  0.8319303761E+05
  0.4130555556E+00  0.8327670620E+05
  0.4133333333E+00  0.8336037512E+05
  0.4136111111E+00  0.8344404370E+05
  0.4138888889E+00  0.8352771128E+05
  0.4141666667E+00  0.8361137986E+05
  0.4144444444E+00  0.8369504866E+05
  0.4147222222E+00  0.8377871724E+05
  0.4150000000E+00  0.8386238583E+05
  0.4152777778E+00  0.8393169147E+05
  0.4155555556E+00  0.8400099667E+05
  0.4158333333E+00  0.8407030232E+05
  0.4161111111E+00  0.8413960751E+05
  0.4163888889E+00  0.8420891316E+05
  0.4166666667E+00  0.8427821836E+05
  0.4169444444E+00  0.8434752400E+05
  0.4172222222E+00  0.8441682920E+05
  0.4175000000E+00  0.8448613484E+05
  0.4177777778E+00  0.8455544004E+05
  0.4180555556E+00  0.8462474569E+05
  0.4183333333E+00  0.8469405089E+05
  0.4186111111E+00  0.8476335653E+05
  0.4188888889E+00  0.8483266206E+05
  0.4191666667E+00  0.8490196737E+05
  0.4194444444E+00  0.8497127290E+05
  0.4197222222E+00  0.8504057822E+05
  0.4200000000E+00  0.8510988375E+05
  0.4202777778E+00  0.8516143964E+05
  0.4205555556E+00  0.8521299542E+05
  0.4208333333E+00  0.8526455131E+05
  0.4211111111E+00  0.8531610709E+05
  0.4213888889E+00  0.8536766331E+05
  0.4216666667E+00  0.8541922009E+05
  0.4219444444E+00  0.8547077587E+05
  0.4222222222E+00  0.8552233176E+05
  0.4225000000E+00  0.8557388754E+05
  0.4227777778E+00  0.8562544376E+05
  0.4230555556E+00  0.8567699955E+05
  0.4233333333E+00  0.8572855544E+05
  0.4236111111E+00  0.8578011122E+05
  0.4238888889E+00  0.8583166811E+05
  0.4241666667E+00  0.8588322423E+05
  0.4244444444E+00  0.8593478001E+05
  0.4247222222E+00  0.8598633590E+05
  0.4250000000E+00  0.8603789167E+05
  0.4252777778E+00  0.8606933751E+05
  0.4255555556E+00  0.8610078402E+05
  0.4258333333E+00  0.8613222952E+05
  0.4261111111E+00  0.8616367526E+05
  0.4263888889E+00  0.8619512076E+05
  0.4266666667E+00  0.8622656761E+05
  0.4269444444E+00  0.8625801310E+05
  0.4272222222E+00  0.8628945860E+05
  0.4275000000E+00  0.8632090534E+05
  0.4277777778E+00  0.8635235084E+05
  0.4280555556E+00  0.8638379635E+05
  0.4283333333E+00  0.8641524319E+05
  0.4286111111E+00  0.8644668870E+05
  0.4288888889E+00  0.8647813443E+05
  0.4291666667E+00  0.8650957994E+05
  0.4294444444E+00  0.8654102644E+05
  0.4297222222E+00  0.8657247228E+05
  0.4300000000E+00  0.8660391778E+05
  0.4302777778E+00  0.8661398439E+05
  0.4305555556E+00  0.8662405210E+05
  0.4308333333E+00  0.8663411870E+05
  0.4311111111E+00  0.8664418542E+05
  0.4313888889E+00  0.8665425235E+05
  0.4316666667E+00  0.8666431907E+05
  0.4319444444E+00  0.8667438567E+05
  0.4322222222E+00  0.8668445339E+05
  0.4325000000E+00  0.8669452010E+05
  0.4327777778E+00  0.8670458670E+05
  0.4330555556E+00  0.8671465342E+05
  0.4333333333E+00  0.8672472001E+05
  0.4336111111E+00  0.8673478673E+05
  0.4338888889E+00  0.8674485434E+05
  0.4341666667E+00  0.8675492104E+05
  0.4344444444E+00  0.8676498765E+05
  0.4347222222E+00  0.8677505437E+05
  0.4350000000E+00  0.8678512096E+05
  0.4352777778E+00  0.8677363389E+05
  0.4355555556E+00  0.8676214681E+05
  0.4358333333E+00  0.8675065873E+05
  0.4361111111E+00  0.8673917120E+05
  0.4363888889E+00  0.8672768413E+05
  0.4366666667E+00  0.8671619704E+05
  0.4369444444E+00  0.8670470886E+05
  0.4372222222E+00  0.8669322144E+05
  0.4375000000E+00  0.8668173437E+05
  0.4377777778E+00  0.8667024717E+05
  0.4380555556E+00  0.8665875909E+05
  0.4383333333E+00  0.8664727168E+05
  0.4386111111E+00  0.8663578448E+05
  0.4388888889E+00  0.8662429741E+05
  0.4391666667E+00  0.8661280933E+05
  0.4394444444E+00  0.8660132181E+05
  0.4397222222E+00  0.8658983473E+05
  0.4400000000E+00  0.8657834665E+05
  0.4402777778E+00  0.8654619825E+05
  0.4405555556E+00  0.8651404907E+05
  0.4408333333E+00  0.8648189967E+05
  0.4411111111E+00  0.8644975027E+05
  0.4413888889E+00  0.8641760075E+05
  0.4416666667E+00  0.8638545169E+05
  0.4419444444E+00  0.8635330228E+05
  0.4422222222E+00  0.8632115377E+05
  0.4425000000E+00  0.8628900472E+05
  0.4427777778E+00  0.8625685532E+05
  0.4430555556E+00  0.8622470580E+05
  0.4433333333E+00  0.8619255673E+05
  0.4436111111E+00  0.8616040733E+05
  0.4438888889E+00  0.8612825782E+05
  0.4441666667E+00  0.8609610975E+05
  0.4444444444E+00  0.8606396035E+05
  0.4447222222E+00  0.8603181083E+05
  0.4450000000E+00  0.8599966177E+05
  0.4452777778E+00  0.8594864461E+05
  0.4455555556E+00  0.8589762743E+05
  0.4458333333E+00  0.8584660926E+05
  0.4461111111E+00  0.8579559210E+05
  0.4463888889E+00  0.8574457492E+05
  0.4466666667E+00  0.8569355775E+05
  0.4469444444E+00  0.8564254057E+05
  0.4472222222E+00  0.8559152252E+05
  0.4475000000E+00  0.8554050535E+05
  0.4477777778E+00  0.8548948817E+05
  0.4480555556E+00  0.8543847135E+05
  0.4483333333E+00  0.8538745417E+05
  0.4486111111E+00  0.8533643600E+05
  0.4488888889E+00  0.8528541883E+05
  0.4491666667E+00  0.8523440166E+05
  0.4494444444E+00  0.8518338449E+05
  0.4497222222E+00  0.8513236731E+05
  0.4500000000E+00  0.8508134915E+05
  0.4502777778E+00  0.8501408383E+05
  0.4505555556E+00  0.8494681840E+05
  0.4508333333E+00  0.8487955307E+05
  0.4511111111E+00  0.8481228664E+05
  0.4513888889E+00  0.8474502099E+05
  0.4516666667E+00  0.8467775567E+05
  0.4519444444E+00  0.8461048924E+05
  0.4522222222E+00  0.8454322391E+05
  0.4525000000E+00  0.8447595849E+05
  0.4527777778E+00  0.8440869317E+05
  0.4530555556E+00  0.8434142651E+05
  0.4533333333E+00  0.8427416108E+05
  0.4536111111E+00  0.8420689577E+05
  0.4538888889E+00  0.8413962933E+05
  0.4541666667E+00  0.8407236401E+05
  0.4544444444E+00  0.8400509869E+05
  0.4547222222E+00  0.8393783293E+05
  0.4550000000E+00  0.8387056661E+05
  0.4552777778E+00  0.8379031783E+05
  0.4555555556E+00  0.8371006871E+05
  0.4558333333E+00  0.8362982004E+05
  0.4561111111E+00  0.8354957126E+05
  0.4563888889E+00  0.8346932214E+05
  0.4566666667E+00  0.8338907336E+05
  0.4569444444E+00  0.8330882435E+05
  0.4572222222E+00  0.8322857556E+05
  0.4575000000E+00  0.8314832578E+05
  0.4577777778E+00  0.8306807667E+05
  0.4580555556E+00  0.8298782789E+05
  0.4583333333E+00  0.8290757888E+05
  0.4586111111E+00  0.8282733010E+05
  0.4588888889E+00  0.8274708132E+05
  0.4591666667E+00  0.8266683220E+05
  0.4594444444E+00  0.8258658353E+05
  0.4597222222E+00  0.8250633441E+05
  0.4600000000E+00  0.8242608563E+05
  0.4602777778E+00  0.8233653913E+05
  0.4605555556E+00  0.8224699327E+05
  0.4608333333E+00  0.8215744776E+05
  0.4611111111E+00  0.8206790092E+05
  0.4613888889E+00  0.8197835540E+05
  0.4616666667E+00  0.8188880944E+05
  0.4619444444E+00  0.8179926294E+05
  0.4622222222E+00  0.8170971708E+05
  0.4625000000E+00  0.8162017157E+05
  0.4627777778E+00  0.8153062473E+05
  0.4630555556E+00  0.8144107921E+05
  0.4633333333E+00  0.8135153370E+05
  0.4636111111E+00  0.8126198686E+05
  0.4638888889E+00  0.8117244123E+05
  0.4641666667E+00  0.8108289538E+05
  0.4644444444E+00  0.8099334987E+05
  0.4647222222E+00  0.8090380302E+05
  0.4650000000E+00  0.8081425750E+05
  0.4652777778E+00  0.8071932479E+05
  0.4655555556E+00  0.8062439296E+05
  0.4658333333E+00  0.8052946091E+05
  0.4661111111E+00  0.8043452818E+05
  0.4663888889E+00  0.8033959635E+05
  0.4666666667E+00  0.8024466364E+05
  0.4669444444E+00  0.8014973181E+05
  0.4672222222E+00  0.8005479908E+05
  0.4675000000E+00  0.7995986737E+05
  0.4677777778E+00  0.7986493554E+05
  0.4680555556E+00  0.7977000282E+05
  0.4683333333E+00  0.7967507080E+05
  0.4686111111E+00  0.7958013857E+05
  0.4688888889E+00  0.7948520645E+05
  0.4691666667E+00  0.7939027400E+05
  0.4694444444E+00  0.7929534166E+05
  0.4697222222E+00  0.7920040955E+05
  0.4700000000E+00  0.7910547743E+05
  0.4702777778E+00  0.7900909119E+05
  0.4705555556E+00  0.7891270505E+05
  0.4708333333E+00  0.7881631891E+05
  0.4711111111E+00  0.7871993268E+05
  0.4713888889E+00  0.7862354619E+05
  0.4716666667E+00  0.7852715995E+05
  0.4719444444E+00  0.7843077382E+05
  0.4722222222E+00  0.7833438757E+05
  0.4725000000E+00  0.7823800144E+05
  0.4727777778E+00  0.7814161519E+05
  0.4730555556E+00  0.7804522906E+05
  0.4733333333E+00  0.7794884248E+05
  0.4736111111E+00  0.7785245634E+05
  0.4738888889E+00  0.7775607010E+05
  0.4741666667E+00  0.7765968396E+05
  0.4744444444E+00  0.7756329782E+05
  0.4747222222E+00  0.7746691169E+05
  0.4750000000E+00  0.7737052556E+05
  0.4752777778E+00  0.7727644202E+05
  0.4755555556E+00  0.7718235882E+05
  0.4758333333E+00  0.7708827519E+05
  0.4761111111E+00  0.7699419210E+05
  0.4763888889E+00  0.7690010857E+05
  0.4766666667E+00  0.7680602504E+05
  0.4769444444E+00  0.7671194184E+05
  0.4772222222E+00  0.7661785831E+05
  0.4775000000E+00  0.7652377523E+05
  0.4777777778E+00  0.7642969169E+05
  0.4780555556E+00  0.7633560850E+05
  0.4783333333E+00  0.7624152497E+05
  0.4786111111E+00  0.7614744188E+05
  0.4788888889E+00  0.7605335835E+05
  0.4791666667E+00  0.7595927515E+05
  0.4794444444E+00  0.7586519162E+05
  0.4797222222E+00  0.7577110841E+05
  0.4800000000E+00  0.7567702499E+05
  0.4802777778E+00  0.7558862788E+05
  0.4805555556E+00  0.7550023054E+05
  0.4808333333E+00  0.7541183310E+05
  0.4811111111E+00  0.7532343619E+05
  0.4813888889E+00  0.7523503873E+05
  0.4816666667E+00  0.7514664174E+05
  0.4819444444E+00  0.7505824438E+05
  0.4822222222E+00  0.7496984705E+05
  0.4825000000E+00  0.7488144993E+05
  0.4827777778E+00  0.7479305268E+05
  0.4830555556E+00  0.7470465524E+05
  0.4833333333E+00  0.7461625823E+05
  0.4836111111E+00  0.7452786089E+05
  0.4838888889E+00  0.7443946388E+05
  0.4841666667E+00  0.7435106642E+05
  0.4844444444E+00  0.7426266919E+05
  0.4847222222E+00  0.7417427207E+05
  0.4850000000E+00  0.7408587474E+05
  0.4852777778E+00  0.7400606038E+05
  0.4855555556E+00  0.7392624635E+05
  0.4858333333E+00  0.7384643211E+05
  0.4861111111E+00  0.7376661776E+05
  0.4863888889E+00  0.7368680340E+05
  0.4866666667E+00  0.7360698927E+05
  0.4869444444E+00  0.7352717504E+05
  0.4872222222E+00  0.7344736068E+05
  0.4875000000E+00  0.7336754632E+05
  0.4877777778E+00  0.7328773196E+05
  0.4880555556E+00  0.7320791806E+05
  0.4883333333E+00  0.7312810370E+05
  0.4886111111E+00  0.7304828924E+05
  0.4888888889E+00  0.7296847489E+05
  0.4891666667E+00  0.7288866098E+05
  0.4894444444E+00  0.7280884662E+05
  0.4897222222E+00  0.7272903226E+05
  0.4900000000E+00  0.7264921803E+05
  0.4902777778E+00  0.7258026109E+05
  0.4905555556E+00  0.7251130437E+05
  0.4908333333E+00  0.7244234744E+05
  0.4911111111E+00  0.7237339105E+05
  0.4913888889E+00  0.7230443433E+05
  0.4916666667E+00  0.7223547740E+05
  0.4919444444E+00  0.7216652067E+05
  0.4922222222E+00  0.7209756375E+05
  0.4925000000E+00  0.7202860703E+05
  0.4927777778E+00  0.7195965030E+05
  0.4930555556E+00  0.7189069337E+05
  0.4933333333E+00  0.7182173666E+05
  0.4936111111E+00  0.7175277972E+05
  0.4938888889E+00  0.7168382300E+05
  0.4941666667E+00  0.7161486629E+05
  0.4944444444E+00  0.7154590935E+05
  0.4947222222E+00  0.7147695296E+05
  0.4950000000E+00  0.7140799614E+05
