  0.1027777778E-01  0.2252179117E+08
  0.1055555556E-01  0.2249730346E+08
  0.1083333333E-01  0.2247281586E+08
  0.1111111111E-01  0.2244832858E+08
  0.1138888889E-01  0.2242384076E+08
  0.1166666667E-01  0.2239935316E+08
  0.1194444444E-01  0.2237486546E+08
  0.1222222222E-01  0.2235037775E+08
  0.1250000000E-01  0.2232589013E+08
  0.1277777778E-01  0.2230140243E+08
  0.1305555556E-01  0.2227691483E+08
  0.1333333333E-01  0.2225242701E+08
  0.1361111111E-01  0.2222793941E+08
  0.1388888889E-01  0.2220345180E+08
  0.1416666667E-01  0.2217896398E+08
  0.1444444444E-01  0.2215447638E+08
  0.1472222222E-01  0.2212998877E+08
  0.1500000000E-01  0.2210550107E+08
  0.1527777778E-01  0.2207198170E+08
  0.1555555556E-01  0.2203846210E+08
  0.1583333333E-01  0.2200494273E+08
  0.1611111111E-01  0.2197142346E+08
  0.1638888889E-01  0.2193790376E+08
  0.1666666667E-01  0.2190438449E+08
  0.1694444444E-01  0.2187086480E+08
  0.1722222222E-01  0.2183734553E+08
  0.1750000000E-01  0.2180382583E+08
  0.1777777778E-01  0.2177030656E+08
  0.1805555556E-01  0.2173678720E+08
  0.1833333333E-01  0.2170326760E+08
  0.1861111111E-01  0.2166974823E+08
  0.1888888889E-01  0.2163622863E+08
  0.1916666667E-01  0.2160270927E+08
  0.1944444444E-01  0.2156918967E+08
  0.1972222222E-01  0.2153567030E+08
  0.2000000000E-01  0.2150215103E+08
  0.2027777778E-01  0.2146031384E+08
  0.2055555556E-01  0.2141847711E+08
  0.2083333333E-01  0.2137664002E+08
  0.2111111111E-01  0.2133480327E+08
  0.2138888889E-01  0.2129296619E+08
  0.2166666667E-01  0.2125112935E+08
  0.2194444444E-01  0.2120929238E+08
  0.2222222222E-01  0.2116745563E+08
  0.2250000000E-01  0.2112561888E+08
  0.2277777778E-01  0.2108378180E+08
  0.2305555556E-01  0.2104194506E+08
  0.2333333333E-01  0.2100010787E+08
  0.2361111111E-01  0.2095827112E+08
  0.2388888889E-01  0.2091643404E+08
  0.2416666667E-01  0.2087459729E+08
  0.2444444444E-01  0.2083276022E+08
  0.2472222222E-01  0.2079092337E+08
  0.2500000000E-01  0.2074908628E+08
  0.2527777778E-01  0.2069982240E+08
  0.2555555556E-01  0.2065055840E+08
  0.2583333333E-01  0.2060129452E+08
  0.2611111111E-01  0.2055203062E+08
  0.2638888889E-01  0.2050276663E+08
  0.2666666667E-01  0.2045350264E+08
  0.2694444444E-01  0.2040423875E+08
  0.2722222222E-01  0.2035497476E+08
  0.2750000000E-01  0.2030571076E+08
  0.2777777778E-01  0.2025644687E+08
  0.2805555556E-01  0.2020718287E+08
  0.2833333333E-01  0.2015791900E+08
  0.2861111111E-01  0.2010865509E+08
  0.2888888889E-01  0.2005939111E+08
  0.2916666667E-01  0.2001012712E+08
  0.2944444444E-01  0.1996086322E+08
  0.2972222222E-01  0.1991159923E+08
  0.3000000000E-01  0.1986233533E+08
  0.3027777778E-01  0.1980667833E+08
  0.3055555556E-01  0.1975102089E+08
  0.3083333333E-01  0.1969536353E+08
  0.3111111111E-01  0.1963970619E+08
  0.3138888889E-01  0.1958404873E+08
  0.3166666667E-01  0.1952839149E+08
  0.3194444444E-01  0.1947273404E+08
  0.3222222222E-01  0.1941707670E+08
  0.3250000000E-01  0.1936141936E+08
  0.3277777778E-01  0.1930576201E+08
  0.3305555556E-01  0.1925010466E+08
  0.3333333333E-01  0.1919444721E+08
  0.3361111111E-01  0.1913878986E+08
  0.3388888889E-01  0.1908313251E+08
  0.3416666667E-01  0.1902747517E+08
  0.3444444444E-01  0.1897181773E+08
  0.3472222222E-01  0.1891616048E+08
  0.3500000000E-01  0.1886050303E+08
  0.3527777778E-01  0.1879957065E+08
  0.3555555556E-01  0.1873863861E+08
  0.3583333333E-01  0.1867770625E+08
  0.3611111111E-01  0.1861677366E+08
  0.3638888889E-01  0.1855584128E+08
  0.3666666667E-01  0.1849490924E+08
  0.3694444444E-01  0.1843397687E+08
  0.3722222222E-01  0.1837304449E+08
  0.3750000000E-01  0.1831211202E+08
  0.3777777778E-01  0.1825117986E+08
  0.3805555556E-01  0.1819024750E+08
  0.3833333333E-01  0.1812931512E+08
  0.3861111111E-01  0.1806838308E+08
  0.3888888889E-01  0.1800745070E+08
  0.3916666667E-01  0.1794651823E+08
  0.3944444444E-01  0.1788558574E+08
  0.3972222222E-01  0.1782465370E+08
  0.4000000000E-01  0.1776372134E+08
  0.4027777778E-01  0.1769871366E+08
  0.4055555556E-01  0.1763370566E+08
  0.4083333333E-01  0.1756869799E+08
  0.4111111111E-01  0.1750369000E+08
  0.4138888889E-01  0.1743868233E+08
  0.4166666667E-01  0.1737367433E+08
  0.4194444444E-01  0.1730866666E+08
  0.4222222222E-01  0.1724365865E+08
  0.4250000000E-01  0.1717865099E+08
  0.4277777778E-01  0.1711364298E+08
  0.4305555556E-01  0.1704863532E+08
  0.4333333333E-01  0.1698362732E+08
  0.4361111111E-01  0.1691861954E+08
  0.4388888889E-01  0.1685361166E+08
  0.4416666667E-01  0.1678860399E+08
  0.4444444444E-01  0.1672359598E+08
  0.4472222222E-01  0.1665858832E+08
  0.4500000000E-01  0.1659358031E+08
  0.4527777778E-01  0.1652572336E+08
  0.4555555556E-01  0.1645786608E+08
  0.4583333333E-01  0.1639000868E+08
  0.4611111111E-01  0.1632215139E+08
  0.4638888889E-01  0.1625429420E+08
  0.4666666667E-01  0.1618643693E+08
  0.4694444444E-01  0.1611857964E+08
  0.4722222222E-01  0.1605072269E+08
  0.4750000000E-01  0.1598286529E+08
  0.4777777778E-01  0.1591500800E+08
  0.4805555556E-01  0.1584715072E+08
  0.4833333333E-01  0.1577929353E+08
  0.4861111111E-01  0.1571143624E+08
  0.4888888889E-01  0.1564357896E+08
  0.4916666667E-01  0.1557572201E+08
  0.4944444444E-01  0.1550786461E+08
  0.4972222222E-01  0.1544000733E+08
  0.5000000000E-01  0.1537215004E+08
  0.5027777778E-01  0.1530266351E+08
  0.5055555556E-01  0.1523317731E+08
  0.5083333333E-01  0.1516369078E+08
  0.5111111111E-01  0.1509420468E+08
  0.5138888889E-01  0.1502471814E+08
  0.5166666667E-01  0.1495523195E+08
  0.5194444444E-01  0.1488574542E+08
  0.5222222222E-01  0.1481625922E+08
  0.5250000000E-01  0.1474677269E+08
  0.5277777778E-01  0.1467728649E+08
  0.5305555556E-01  0.1460779996E+08
  0.5333333333E-01  0.1453831387E+08
  0.5361111111E-01  0.1446882734E+08
  0.5388888889E-01  0.1439934114E+08
  0.5416666667E-01  0.1432985461E+08
  0.5444444444E-01  0.1426036841E+08
  0.5472222222E-01  0.1419088188E+08
  0.5500000000E-01  0.1412139568E+08
  0.5527777778E-01  0.1405145892E+08
  0.5555555556E-01  0.1398152237E+08
  0.5583333333E-01  0.1391158605E+08
  0.5611111111E-01  0.1384164940E+08
  0.5638888889E-01  0.1377171264E+08
  0.5666666667E-01  0.1370177609E+08
  0.5694444444E-01  0.1363183977E+08
  0.5722222222E-01  0.1356190313E+08
  0.5750000000E-01  0.1349196636E+08
  0.5777777778E-01  0.1342202982E+08
  0.5805555556E-01  0.1335209350E+08
  0.5833333333E-01  0.1328215674E+08
  0.5861111111E-01  0.1321222009E+08
  0.5888888889E-01  0.1314228354E+08
  0.5916666667E-01  0.1307234689E+08
  0.5944444444E-01  0.1300241046E+08
  0.5972222222E-01  0.1293247391E+08
  0.6000000000E-01  0.1286253726E+08
  0.6027777778E-01  0.1279326374E+08
  0.6055555556E-01  0.1272398979E+08
  0.6083333333E-01  0.1265471583E+08
  0.6111111111E-01  0.1258544231E+08
  0.6138888889E-01  0.1251616846E+08
  0.6166666667E-01  0.1244689481E+08
  0.6194444444E-01  0.1237762109E+08
  0.6222222222E-01  0.1230834737E+08
  0.6250000000E-01  0.1223907345E+08
  0.6277777778E-01  0.1216979973E+08
  0.6305555556E-01  0.1210052601E+08
  0.6333333333E-01  0.1203125229E+08
  0.6361111111E-01  0.1196197861E+08
  0.6388888889E-01  0.1189270489E+08
  0.6416666667E-01  0.1182343108E+08
  0.6444444444E-01  0.1175415724E+08
  0.6472222222E-01  0.1168488352E+08
  0.6500000000E-01  0.1161560981E+08
  0.6527777778E-01  0.1154801110E+08
  0.6555555556E-01  0.1148041229E+08
  0.6583333333E-01  0.1141281347E+08
  0.6611111111E-01  0.1134521476E+08
  0.6638888889E-01  0.1127761595E+08
  0.6666666667E-01  0.1121001713E+08
  0.6694444444E-01  0.1114241843E+08
  0.6722222222E-01  0.1107481961E+08
  0.6750000000E-01  0.1100722076E+08
  0.6777777778E-01  0.1093962205E+08
  0.6805555556E-01  0.1087202334E+08
  0.6833333333E-01  0.1080442452E+08
  0.6861111111E-01  0.1073682582E+08
  0.6888888889E-01  0.1066922700E+08
  0.6916666667E-01  0.1060162818E+08
  0.6944444444E-01  0.1053402944E+08
  0.6972222222E-01  0.1046643066E+08
  0.7000000000E-01  0.1039883189E+08
  0.7027777778E-01  0.1033380322E+08
  0.7055555556E-01  0.1026877461E+08
  0.7083333333E-01  0.1020374593E+08
  0.7111111111E-01  0.1013871735E+08
  0.7138888889E-01  0.1007368865E+08
  0.7166666667E-01  0.1000866010E+08
  0.7194444444E-01  0.9943631393E+07
  0.7222222222E-01  0.9878602726E+07
  0.7250000000E-01  0.9813574123E+07
  0.7277777778E-01  0.9748545464E+07
  0.7305555556E-01  0.9683516864E+07
  0.7333333333E-01  0.9618488160E+07
  0.7361111111E-01  0.9553459590E+07
  0.7388888889E-01  0.9488430902E+07
  0.7416666667E-01  0.9423402232E+07
  0.7444444444E-01  0.9358373629E+07
  0.7472222222E-01  0.9293344962E+07
  0.7500000000E-01  0.9228316370E+07
  0.7527777778E-01  0.9166614294E+07
  0.7555555556E-01  0.9104912217E+07
  0.7583333333E-01  0.9043210152E+07
  0.7611111111E-01  0.8981508076E+07
  0.7638888889E-01  0.8919806004E+07
  0.7666666667E-01  0.8858103939E+07
  0.7694444444E-01  0.8796401862E+07
  0.7722222222E-01  0.8734699786E+07
  0.7750000000E-01  0.8672997721E+07
  0.7777777778E-01  0.8611295645E+07
  0.7805555556E-01  0.8549593569E+07
  0.7833333333E-01  0.8487891493E+07
  0.7861111111E-01  0.8426189398E+07
  0.7888888889E-01  0.8364487322E+07
  0.7916666667E-01  0.8302785245E+07
  0.7944444444E-01  0.8241083180E+07
  0.7972222222E-01  0.8179381204E+07
  0.8000000000E-01  0.8117679128E+07
  0.8027777778E-01  0.8059916725E+07
  0.8055555556E-01  0.8002154388E+07
  0.8083333333E-01  0.7944392085E+07
  0.8111111111E-01  0.7886629749E+07
  0.8138888889E-01  0.7828867346E+07
  0.8166666667E-01  0.7771105043E+07
  0.8194444444E-01  0.7713342706E+07
  0.8222222222E-01  0.7655580404E+07
  0.8250000000E-01  0.7597817967E+07
  0.8277777778E-01  0.7540055665E+07
  0.8305555556E-01  0.7482293328E+07
  0.8333333333E-01  0.7424531024E+07
  0.8361111111E-01  0.7366768588E+07
  0.8388888889E-01  0.7309006285E+07
  0.8416666667E-01  0.7251243949E+07
  0.8444444444E-01  0.7193481646E+07
  0.8472222222E-01  0.7135719242E+07
  0.8500000000E-01  0.7077956907E+07
  0.8527777778E-01  0.7024593516E+07
  0.8555555556E-01  0.6971230112E+07
  0.8583333333E-01  0.6917866721E+07
  0.8611111111E-01  0.6864503329E+07
  0.8638888889E-01  0.6811139926E+07
  0.8666666667E-01  0.6757776535E+07
  0.8694444444E-01  0.6704413143E+07
  0.8722222222E-01  0.6651049741E+07
  0.8750000000E-01  0.6597686349E+07
  0.8777777778E-01  0.6544322957E+07
  0.8805555556E-01  0.6490959555E+07
  0.8833333333E-01  0.6437596164E+07
  0.8861111111E-01  0.6384232772E+07
  0.8888888889E-01  0.6330869369E+07
  0.8916666667E-01  0.6277505978E+07
  0.8944444444E-01  0.6224142575E+07
  0.8972222222E-01  0.6170779184E+07
  0.9000000000E-01  0.6117415792E+07
  0.9027777778E-01  0.6068761555E+07
  0.9055555556E-01  0.6020107217E+07
  0.9083333333E-01  0.5971453025E+07
  0.9111111111E-01  0.5922798687E+07
  0.9138888889E-01  0.5874144495E+07
  0.9166666667E-01  0.5825490158E+07
  0.9194444444E-01  0.5776835953E+07
  0.9222222222E-01  0.5728181727E+07
  0.9250000000E-01  0.5679527424E+07
  0.9277777778E-01  0.5630873186E+07
  0.9305555556E-01  0.5582218894E+07
  0.9333333333E-01  0.5533564656E+07
  0.9361111111E-01  0.5484910352E+07
  0.9388888889E-01  0.5436256127E+07
  0.9416666667E-01  0.5387601883E+07
  0.9444444444E-01  0.5338947605E+07
  0.9472222222E-01  0.5290293372E+07
  0.9500000000E-01  0.5241639085E+07
  0.9527777778E-01  0.5197859746E+07
  0.9555555556E-01  0.5154080399E+07
  0.9583333333E-01  0.5110301060E+07
  0.9611111111E-01  0.5066521711E+07
  0.9638888889E-01  0.5022742373E+07
  0.9666666667E-01  0.4978963025E+07
  0.9694444444E-01  0.4935183653E+07
  0.9722222222E-01  0.4891404304E+07
  0.9750000000E-01  0.4847624966E+07
  0.9777777778E-01  0.4803845618E+07
  0.9805555556E-01  0.4760066278E+07
  0.9833333333E-01  0.4716286940E+07
  0.9861111111E-01  0.4672507592E+07
  0.9888888889E-01  0.4628728254E+07
  0.9916666667E-01  0.4584948871E+07
  0.9944444444E-01  0.4541169533E+07
  0.9972222222E-01  0.4497390185E+07
  0.1000000000E+00  0.4453610846E+07
  0.1002777778E+00  0.4414735533E+07
  0.1005555556E+00  0.4375860231E+07
  0.1008333333E+00  0.4336984938E+07
  0.1011111111E+00  0.4298109625E+07
  0.1013888889E+00  0.4259234333E+07
  0.1016666667E+00  0.4220359030E+07
  0.1019444444E+00  0.4181483716E+07
  0.1022222222E+00  0.4142608425E+07
  0.1025000000E+00  0.4103733122E+07
  0.1027777778E+00  0.4064857808E+07
  0.1030555556E+00  0.4025982517E+07
  0.1033333333E+00  0.3987107213E+07
  0.1036111111E+00  0.3948231900E+07
  0.1038888889E+00  0.3909356608E+07
  0.1041666667E+00  0.3870481305E+07
  0.1044444444E+00  0.3831605993E+07
  0.1047222222E+00  0.3792730700E+07
  0.1050000000E+00  0.3753855397E+07
  0.1052777778E+00  0.3719797274E+07
  0.1055555556E+00  0.3685739108E+07
  0.1058333333E+00  0.3651680998E+07
  0.1061111111E+00  0.3617622875E+07
  0.1063888889E+00  0.3583564752E+07
  0.1066666667E+00  0.3549506630E+07
  0.1069444444E+00  0.3515448474E+07
  0.1072222222E+00  0.3481390351E+07
  0.1075000000E+00  0.3447332230E+07
  0.1077777778E+00  0.3413274107E+07
  0.1080555556E+00  0.3379215995E+07
  0.1083333333E+00  0.3345157839E+07
  0.1086111111E+00  0.3311099717E+07
  0.1088888889E+00  0.3277041595E+07
  0.1091666667E+00  0.3242983472E+07
  0.1094444444E+00  0.3208925350E+07
  0.1097222222E+00  0.3174867193E+07
  0.1100000000E+00  0.3140809061E+07
  0.1102777778E+00  0.3111374865E+07
  0.1105555556E+00  0.3081940659E+07
  0.1108333333E+00  0.3052506454E+07
  0.1111111111E+00  0.3023072248E+07
  0.1113888889E+00  0.2993638042E+07
  0.1116666667E+00  0.2964203836E+07
  0.1119444444E+00  0.2934769619E+07
  0.1122222222E+00  0.2905335413E+07
  0.1125000000E+00  0.2875901240E+07
  0.1127777778E+00  0.2846467034E+07
  0.1130555556E+00  0.2817032828E+07
  0.1133333333E+00  0.2787598623E+07
  0.1136111111E+00  0.2758164417E+07
  0.1138888889E+00  0.2728730200E+07
  0.1141666667E+00  0.2699295993E+07
  0.1144444444E+00  0.2669861788E+07
  0.1147222222E+00  0.2640427582E+07
  0.1150000000E+00  0.2610993376E+07
  0.1152777778E+00  0.2585906937E+07
  0.1155555556E+00  0.2560820530E+07
  0.1158333333E+00  0.2535734124E+07
  0.1161111111E+00  0.2510647684E+07
  0.1163888889E+00  0.2485561278E+07
  0.1166666667E+00  0.2460474849E+07
  0.1169444444E+00  0.2435388443E+07
  0.1172222222E+00  0.2410302037E+07
  0.1175000000E+00  0.2385215587E+07
  0.1177777778E+00  0.2360129181E+07
  0.1180555556E+00  0.2335042751E+07
  0.1183333333E+00  0.2309956345E+07
  0.1186111111E+00  0.2284869906E+07
  0.1188888889E+00  0.2259783500E+07
  0.1191666667E+00  0.2234697083E+07
  0.1194444444E+00  0.2209610654E+07
  0.1197222222E+00  0.2184524248E+07
  0.1200000000E+00  0.2159437809E+07
  0.1202777778E+00  0.2138357969E+07
  0.1205555556E+00  0.2117278108E+07
  0.1208333333E+00  0.2096198268E+07
  0.1211111111E+00  0.2075118407E+07
  0.1213888889E+00  0.2054038534E+07
  0.1216666667E+00  0.2032958683E+07
  0.1219444444E+00  0.2011878833E+07
  0.1222222222E+00  0.1990798993E+07
  0.1225000000E+00  0.1969719132E+07
  0.1227777778E+00  0.1948639259E+07
  0.1230555556E+00  0.1927559408E+07
  0.1233333333E+00  0.1906479558E+07
  0.1236111111E+00  0.1885399707E+07
  0.1238888889E+00  0.1864319858E+07
  0.1241666667E+00  0.1843239984E+07
  0.1244444444E+00  0.1822160123E+07
  0.1247222222E+00  0.1801080284E+07
  0.1250000000E+00  0.1780000433E+07
  0.1252777778E+00  0.1762540239E+07
  0.1255555556E+00  0.1745080088E+07
  0.1258333333E+00  0.1727619905E+07
  0.1261111111E+00  0.1710159733E+07
  0.1263888889E+00  0.1692699549E+07
  0.1266666667E+00  0.1675239399E+07
  0.1269444444E+00  0.1657779205E+07
  0.1272222222E+00  0.1640319043E+07
  0.1275000000E+00  0.1622858859E+07
  0.1277777778E+00  0.1605398699E+07
  0.1280555556E+00  0.1587938515E+07
  0.1283333333E+00  0.1570478331E+07
  0.1286111111E+00  0.1553018170E+07
  0.1288888889E+00  0.1535557976E+07
  0.1291666667E+00  0.1518097825E+07
  0.1294444444E+00  0.1500637641E+07
  0.1297222222E+00  0.1483177481E+07
  0.1300000000E+00  0.1465717286E+07
  0.1302777778E+00  0.1451464349E+07
  0.1305555556E+00  0.1437211401E+07
  0.1308333333E+00  0.1422958430E+07
  0.1311111111E+00  0.1408705492E+07
  0.1313888889E+00  0.1394452522E+07
  0.1316666667E+00  0.1380199574E+07
  0.1319444444E+00  0.1365946626E+07
  0.1322222222E+00  0.1351693655E+07
  0.1325000000E+00  0.1337440707E+07
  0.1327777778E+00  0.1323187770E+07
  0.1330555556E+00  0.1308934798E+07
  0.1333333333E+00  0.1294681861E+07
  0.1336111111E+00  0.1280428913E+07
  0.1338888889E+00  0.1266175932E+07
  0.1341666667E+00  0.1251922995E+07
  0.1344444444E+00  0.1237670047E+07
  0.1347222222E+00  0.1223417076E+07
  0.1350000000E+00  0.1209164138E+07
  0.1352777778E+00  0.1197696073E+07
  0.1355555556E+00  0.1186228041E+07
  0.1358333333E+00  0.1174760019E+07
  0.1361111111E+00  0.1163291954E+07
  0.1363888889E+00  0.1151823922E+07
  0.1366666667E+00  0.1140355867E+07
  0.1369444444E+00  0.1128887835E+07
  0.1372222222E+00  0.1117419781E+07
  0.1375000000E+00  0.1105951759E+07
  0.1377777778E+00  0.1094483727E+07
  0.1380555556E+00  0.1083015662E+07
  0.1383333333E+00  0.1071547640E+07
  0.1386111111E+00  0.1060079575E+07
  0.1388888889E+00  0.1048611543E+07
  0.1391666667E+00  0.1037143488E+07
  0.1394444444E+00  0.1025675456E+07
  0.1397222222E+00  0.1014207424E+07
  0.1400000000E+00  0.1002739369E+07
  0.1402777778E+00  0.9936404358E+06
  0.1405555556E+00  0.9845415013E+06
  0.1408333333E+00  0.9754425781E+06
  0.1411111111E+00  0.9663436715E+06
  0.1413888889E+00  0.9572447304E+06
  0.1416666667E+00  0.9481458071E+06
  0.1419444444E+00  0.9390468873E+06
  0.1422222222E+00  0.9299479673E+06
  0.1425000000E+00  0.9208490262E+06
  0.1427777778E+00  0.9117501030E+06
  0.1430555556E+00  0.9026511830E+06
  0.1433333333E+00  0.8935522419E+06
  0.1436111111E+00  0.8844533220E+06
  0.1438888889E+00  0.8753544021E+06
  0.1441666667E+00  0.8662554677E+06
  0.1444444444E+00  0.8571565378E+06
  0.1447222222E+00  0.8480576179E+06
  0.1450000000E+00  0.8389586867E+06
  0.1452777778E+00  0.8318319175E+06
  0.1455555556E+00  0.8247051506E+06
  0.1458333333E+00  0.8175783737E+06
  0.1461111111E+00  0.8104515900E+06
  0.1463888889E+00  0.8033248141E+06
  0.1466666667E+00  0.7961980449E+06
  0.1469444444E+00  0.7890712680E+06
  0.1472222222E+00  0.7819444921E+06
  0.1475000000E+00  0.7748177229E+06
  0.1477777778E+00  0.7676909460E+06
  0.1480555556E+00  0.7605641701E+06
  0.1483333333E+00  0.7534374009E+06
  0.1486111111E+00  0.7463106239E+06
  0.1488888889E+00  0.7391838447E+06
  0.1491666667E+00  0.7320570788E+06
  0.1494444444E+00  0.7249303018E+06
  0.1497222222E+00  0.7178035227E+06
  0.1500000000E+00  0.7106767569E+06
  0.1502777778E+00  0.7051540115E+06
  0.1505555556E+00  0.6996312706E+06
  0.1508333333E+00  0.6941085286E+06
  0.1511111111E+00  0.6885857844E+06
  0.1513888889E+00  0.6830630435E+06
  0.1516666667E+00  0.6775402982E+06
  0.1519444444E+00  0.6720175574E+06
  0.1522222222E+00  0.6664948131E+06
  0.1525000000E+00  0.6609720711E+06
  0.1527777778E+00  0.6554493302E+06
  0.1530555556E+00  0.6499265860E+06
  0.1533333333E+00  0.6444038439E+06
  0.1536111111E+00  0.6388810997E+06
  0.1538888889E+00  0.6333583589E+06
  0.1541666667E+00  0.6278356169E+06
  0.1544444444E+00  0.6223128726E+06
  0.1547222222E+00  0.6167901317E+06
  0.1550000000E+00  0.6112673864E+06
  0.1552777778E+00  0.6070171773E+06
  0.1555555556E+00  0.6027669669E+06
  0.1558333333E+00  0.5985167612E+06
  0.1561111111E+00  0.5942665420E+06
  0.1563888889E+00  0.5900163318E+06
  0.1566666667E+00  0.5857661227E+06
  0.1569444444E+00  0.5815159123E+06
  0.1572222222E+00  0.5772657032E+06
  0.1575000000E+00  0.5730154829E+06
  0.1577777778E+00  0.5687652738E+06
  0.1580555556E+00  0.5645150679E+06
  0.1583333333E+00  0.5602648577E+06
  0.1586111111E+00  0.5560146485E+06
  0.1588888889E+00  0.5517644282E+06
  0.1591666667E+00  0.5475142191E+06
  0.1594444444E+00  0.5432640088E+06
  0.1597222222E+00  0.5390137997E+06
  0.1600000000E+00  0.5347635793E+06
  0.1602777778E+00  0.5314957322E+06
  0.1605555556E+00  0.5282278817E+06
  0.1608333333E+00  0.5249600346E+06
  0.1611111111E+00  0.5216921841E+06
  0.1613888889E+00  0.5184243268E+06
  0.1616666667E+00  0.5151564764E+06
  0.1619444444E+00  0.5118886281E+06
  0.1622222222E+00  0.5086207776E+06
  0.1625000000E+00  0.5053529305E+06
  0.1627777778E+00  0.5020850700E+06
  0.1630555556E+00  0.4988172229E+06
  0.1633333333E+00  0.4955493723E+06
  0.1636111111E+00  0.4922815240E+06
  0.1638888889E+00  0.4890136635E+06
  0.1641666667E+00  0.4857458164E+06
  0.1644444444E+00  0.4824779659E+06
  0.1647222222E+00  0.4792101188E+06
  0.1650000000E+00  0.4759422682E+06
  0.1652777778E+00  0.4734096565E+06
  0.1655555556E+00  0.4708770548E+06
  0.1658333333E+00  0.4683444531E+06
  0.1661111111E+00  0.4658118524E+06
  0.1663888889E+00  0.4632792507E+06
  0.1666666667E+00  0.4607466457E+06
  0.1669444444E+00  0.4582140451E+06
  0.1672222222E+00  0.4556814433E+06
  0.1675000000E+00  0.4531488416E+06
  0.1677777778E+00  0.4506162389E+06
  0.1680555556E+00  0.4480836374E+06
  0.1683333333E+00  0.4455510346E+06
  0.1686111111E+00  0.4430184296E+06
  0.1688888889E+00  0.4404858279E+06
  0.1691666667E+00  0.4379532262E+06
  0.1694444444E+00  0.4354206236E+06
  0.1697222222E+00  0.4328880208E+06
  0.1700000000E+00  0.4303554202E+06
  0.1702777778E+00  0.4283549330E+06
  0.1705555556E+00  0.4263544481E+06
  0.1708333333E+00  0.4243539609E+06
  0.1711111111E+00  0.4223534781E+06
  0.1713888889E+00  0.4203529909E+06
  0.1716666667E+00  0.4183525037E+06
  0.1719444444E+00  0.4163520198E+06
  0.1722222222E+00  0.4143515337E+06
  0.1725000000E+00  0.4123510498E+06
  0.1727777778E+00  0.4103505626E+06
  0.1730555556E+00  0.4083500788E+06
  0.1733333333E+00  0.4063495926E+06
  0.1736111111E+00  0.4043491078E+06
  0.1738888889E+00  0.4023486205E+06
  0.1741666667E+00  0.4003481367E+06
  0.1744444444E+00  0.3983476506E+06
  0.1747222222E+00  0.3963471666E+06
  0.1750000000E+00  0.3943466795E+06
  0.1752777778E+00  0.3927167143E+06
  0.1755555556E+00  0.3910867468E+06
  0.1758333333E+00  0.3894567816E+06
  0.1761111111E+00  0.3878268176E+06
  0.1763888889E+00  0.3861968490E+06
  0.1766666667E+00  0.3845668849E+06
  0.1769444444E+00  0.3829369197E+06
  0.1772222222E+00  0.3813069523E+06
  0.1775000000E+00  0.3796769859E+06
  0.1777777778E+00  0.3780470185E+06
  0.1780555556E+00  0.3764170533E+06
  0.1783333333E+00  0.3747870882E+06
  0.1786111111E+00  0.3731571206E+06
  0.1788888889E+00  0.3715271556E+06
  0.1791666667E+00  0.3698971915E+06
  0.1794444444E+00  0.3682672229E+06
  0.1797222222E+00  0.3666372588E+06
  0.1800000000E+00  0.3650072936E+06
  0.1802777778E+00  0.3636245851E+06
  0.1805555556E+00  0.3622418777E+06
  0.1808333333E+00  0.3608591737E+06
  0.1811111111E+00  0.3594764663E+06
  0.1813888889E+00  0.3580937589E+06
  0.1816666667E+00  0.3567110515E+06
  0.1819444444E+00  0.3553283474E+06
  0.1822222222E+00  0.3539456389E+06
  0.1825000000E+00  0.3525629315E+06
  0.1827777778E+00  0.3511802275E+06
  0.1830555556E+00  0.3497975190E+06
  0.1833333333E+00  0.3484148117E+06
  0.1836111111E+00  0.3470321077E+06
  0.1838888889E+00  0.3456494001E+06
  0.1841666667E+00  0.3442666928E+06
  0.1844444444E+00  0.3428839887E+06
  0.1847222222E+00  0.3415012802E+06
  0.1850000000E+00  0.3401185729E+06
  0.1852777778E+00  0.3388940900E+06
  0.1855555556E+00  0.3376696027E+06
  0.1858333333E+00  0.3364451209E+06
  0.1861111111E+00  0.3352206347E+06
  0.1863888889E+00  0.3339961518E+06
  0.1866666667E+00  0.3327716656E+06
  0.1869444444E+00  0.3315471817E+06
  0.1872222222E+00  0.3303226955E+06
  0.1875000000E+00  0.3290982137E+06
  0.1877777778E+00  0.3278737275E+06
  0.1880555556E+00  0.3266492436E+06
  0.1883333333E+00  0.3254247573E+06
  0.1886111111E+00  0.3242002745E+06
  0.1888888889E+00  0.3229757882E+06
  0.1891666667E+00  0.3217513043E+06
  0.1894444444E+00  0.3205268192E+06
  0.1897222222E+00  0.3193023363E+06
  0.1900000000E+00  0.3180778501E+06
  0.1902777778E+00  0.3169515476E+06
  0.1905555556E+00  0.3158252418E+06
  0.1908333333E+00  0.3146989393E+06
  0.1911111111E+00  0.3135726378E+06
  0.1913888889E+00  0.3124463320E+06
  0.1916666667E+00  0.3113200296E+06
  0.1919444444E+00  0.3101937271E+06
  0.1922222222E+00  0.3090674212E+06
  0.1925000000E+00  0.3079411187E+06
  0.1927777778E+00  0.3068148129E+06
  0.1930555556E+00  0.3056885104E+06
  0.1933333333E+00  0.3045622089E+06
  0.1936111111E+00  0.3034359031E+06
  0.1938888889E+00  0.3023096006E+06
  0.1941666667E+00  0.3011832958E+06
  0.1944444444E+00  0.3000569934E+06
  0.1947222222E+00  0.2989306909E+06
  0.1950000000E+00  0.2978043851E+06
  0.1952777778E+00  0.2967400141E+06
  0.1955555556E+00  0.2956756399E+06
  0.1958333333E+00  0.2946112679E+06
  0.1961111111E+00  0.2935468937E+06
  0.1963888889E+00  0.2924825227E+06
  0.1966666667E+00  0.2914181485E+06
  0.1969444444E+00  0.2903537765E+06
  0.1972222222E+00  0.2892894056E+06
  0.1975000000E+00  0.2882250313E+06
  0.1977777778E+00  0.2871606594E+06
  0.1980555556E+00  0.2860962851E+06
  0.1983333333E+00  0.2850319141E+06
  0.1986111111E+00  0.2839675389E+06
  0.1988888889E+00  0.2829031679E+06
  0.1991666667E+00  0.2818387937E+06
  0.1994444444E+00  0.2807744227E+06
  0.1997222222E+00  0.2797100474E+06
  0.2000000000E+00  0.2786456765E+06
  0.2002777778E+00  0.2776251754E+06
  0.2005555556E+00  0.2766046712E+06
  0.2008333333E+00  0.2755841701E+06
  0.2011111111E+00  0.2745636659E+06
  0.2013888889E+00  0.2735431648E+06
  0.2016666667E+00  0.2725226649E+06
  0.2019444444E+00  0.2715021595E+06
  0.2022222222E+00  0.2704816596E+06
  0.2025000000E+00  0.2694611542E+06
  0.2027777778E+00  0.2684406543E+06
  0.2030555556E+00  0.2674201533E+06
  0.2033333333E+00  0.2663996490E+06
  0.2036111111E+00  0.2653791480E+06
  0.2038888889E+00  0.2643586447E+06
  0.2041666667E+00  0.2633381427E+06
  0.2044444444E+00  0.2623176428E+06
  0.2047222222E+00  0.2612971374E+06
  0.2050000000E+00  0.2602766375E+06
  0.2052777778E+00  0.2592954892E+06
  0.2055555556E+00  0.2583143453E+06
  0.2058333333E+00  0.2573331971E+06
  0.2061111111E+00  0.2563520531E+06
  0.2063888889E+00  0.2553709049E+06
  0.2066666667E+00  0.2543897610E+06
  0.2069444444E+00  0.2534086172E+06
  0.2072222222E+00  0.2524274699E+06
  0.2075000000E+00  0.2514463250E+06
  0.2077777778E+00  0.2504651777E+06
  0.2080555556E+00  0.2494840328E+06
  0.2083333333E+00  0.2485028855E+06
  0.2086111111E+00  0.2475217406E+06
  0.2088888889E+00  0.2465405933E+06
  0.2091666667E+00  0.2455594484E+06
  0.2094444444E+00  0.2445783045E+06
  0.2097222222E+00  0.2435971574E+06
  0.2100000000E+00  0.2426160134E+06
  0.2102777778E+00  0.2416784885E+06
  0.2105555556E+00  0.2407409658E+06
  0.2108333333E+00  0.2398034443E+06
  0.2111111111E+00  0.2388659215E+06
  0.2113888889E+00  0.2379283977E+06
  0.2116666667E+00  0.2369908740E+06
  0.2119444444E+00  0.2360533534E+06
  0.2122222222E+00  0.2351158297E+06
  0.2125000000E+00  0.2341783058E+06
  0.2127777778E+00  0.2332407854E+06
  0.2130555556E+00  0.2323032626E+06
  0.2133333333E+00  0.2313657388E+06
  0.2136111111E+00  0.2304282184E+06
  0.2138888889E+00  0.2294906945E+06
  0.2141666667E+00  0.2285531708E+06
  0.2144444444E+00  0.2276156469E+06
  0.2147222222E+00  0.2266781265E+06
  0.2150000000E+00  0.2257406026E+06
  0.2152777778E+00  0.2248557412E+06
  0.2155555556E+00  0.2239708774E+06
  0.2158333333E+00  0.2230860160E+06
  0.2161111111E+00  0.2222011555E+06
  0.2163888889E+00  0.2213162907E+06
  0.2166666667E+00  0.2204314293E+06
  0.2169444444E+00  0.2195465688E+06
  0.2172222222E+00  0.2186617040E+06
  0.2175000000E+00  0.2177768436E+06
  0.2177777778E+00  0.2168919821E+06
  0.2180555556E+00  0.2160071173E+06
  0.2183333333E+00  0.2151222569E+06
  0.2186111111E+00  0.2142373921E+06
  0.2188888889E+00  0.2133525316E+06
  0.2191666667E+00  0.2124676702E+06
  0.2194444444E+00  0.2115828054E+06
  0.2197222222E+00  0.2106979438E+06
  0.2200000000E+00  0.2098130824E+06
  0.2202777778E+00  0.2089918264E+06
  0.2205555556E+00  0.2081705727E+06
  0.2208333333E+00  0.2073493200E+06
  0.2211111111E+00  0.2065280664E+06
  0.2213888889E+00  0.2057068093E+06
  0.2216666667E+00  0.2048855556E+06
  0.2219444444E+00  0.2040643019E+06
  0.2222222222E+00  0.2032430492E+06
  0.2225000000E+00  0.2024217922E+06
  0.2227777778E+00  0.2016005395E+06
  0.2230555556E+00  0.2007792858E+06
  0.2233333333E+00  0.1999580320E+06
  0.2236111111E+00  0.1991367750E+06
  0.2238888889E+00  0.1983155224E+06
  0.2241666667E+00  0.1974942687E+06
  0.2244444444E+00  0.1966730127E+06
  0.2247222222E+00  0.1958517579E+06
  0.2250000000E+00  0.1950305052E+06
  0.2252777778E+00  0.1942829107E+06
  0.2255555556E+00  0.1935353159E+06
  0.2258333333E+00  0.1927877203E+06
  0.2261111111E+00  0.1920401267E+06
  0.2263888889E+00  0.1912925320E+06
  0.2266666667E+00  0.1905449396E+06
  0.2269444444E+00  0.1897973461E+06
  0.2272222222E+00  0.1890497503E+06
  0.2275000000E+00  0.1883021557E+06
  0.2277777778E+00  0.1875545621E+06
  0.2280555556E+00  0.1868069664E+06
  0.2283333333E+00  0.1860593717E+06
  0.2286111111E+00  0.1853117771E+06
  0.2288888889E+00  0.1845641824E+06
  0.2291666667E+00  0.1838165877E+06
  0.2294444444E+00  0.1830689965E+06
  0.2297222222E+00  0.1823214018E+06
  0.2300000000E+00  0.1815738061E+06
  0.2302777778E+00  0.1809076984E+06
  0.2305555556E+00  0.1802415941E+06
  0.2308333333E+00  0.1795754865E+06
  0.2311111111E+00  0.1789093799E+06
  0.2313888889E+00  0.1782432756E+06
  0.2316666667E+00  0.1775771680E+06
  0.2319444444E+00  0.1769110603E+06
  0.2322222222E+00  0.1762449560E+06
  0.2325000000E+00  0.1755788484E+06
  0.2327777778E+00  0.1749127407E+06
  0.2330555556E+00  0.1742466364E+06
  0.2333333333E+00  0.1735805288E+06
  0.2336111111E+00  0.1729144245E+06
  0.2338888889E+00  0.1722483168E+06
  0.2341666667E+00  0.1715822092E+06
  0.2344444444E+00  0.1709161049E+06
  0.2347222222E+00  0.1702499972E+06
  0.2350000000E+00  0.1695838886E+06
  0.2352777778E+00  0.1690035519E+06
  0.2355555556E+00  0.1684232109E+06
  0.2358333333E+00  0.1678428721E+06
  0.2361111111E+00  0.1672625344E+06
  0.2363888889E+00  0.1666821934E+06
  0.2366666667E+00  0.1661018557E+06
  0.2369444444E+00  0.1655215147E+06
  0.2372222222E+00  0.1649411770E+06
  0.2375000000E+00  0.1643608360E+06
  0.2377777778E+00  0.1637804983E+06
  0.2380555556E+00  0.1632001562E+06
  0.2383333333E+00  0.1626198185E+06
  0.2386111111E+00  0.1620394808E+06
  0.2388888889E+00  0.1614591398E+06
  0.2391666667E+00  0.1608788021E+06
  0.2394444444E+00  0.1602984611E+06
  0.2397222222E+00  0.1597181234E+06
  0.2400000000E+00  0.1591377834E+06
  0.2402777778E+00  0.1586436377E+06
  0.2405555556E+00  0.1581494931E+06
  0.2408333333E+00  0.1576553451E+06
  0.2411111111E+00  0.1571612005E+06
  0.2413888889E+00  0.1566670568E+06
  0.2416666667E+00  0.1561729111E+06
  0.2419444444E+00  0.1556787631E+06
  0.2422222222E+00  0.1551846185E+06
  0.2425000000E+00  0.1546904739E+06
  0.2427777778E+00  0.1541963269E+06
  0.2430555556E+00  0.1537021812E+06
  0.2433333333E+00  0.1532080366E+06
  0.2436111111E+00  0.1527138886E+06
  0.2438888889E+00  0.1522197440E+06
  0.2441666667E+00  0.1517256004E+06
  0.2444444444E+00  0.1512314512E+06
  0.2447222222E+00  0.1507373066E+06
  0.2450000000E+00  0.1502431620E+06
  0.2452777778E+00  0.1498318263E+06
  0.2455555556E+00  0.1494204915E+06
  0.2458333333E+00  0.1490091558E+06
  0.2461111111E+00  0.1485978234E+06
  0.2463888889E+00  0.1481864887E+06
  0.2466666667E+00  0.1477751529E+06
  0.2469444444E+00  0.1473638172E+06
  0.2472222222E+00  0.1469524858E+06
  0.2475000000E+00  0.1465411501E+06
  0.2477777778E+00  0.1461298132E+06
  0.2480555556E+00  0.1457184785E+06
  0.2483333333E+00  0.1453071428E+06
  0.2486111111E+00  0.1448958104E+06
  0.2488888889E+00  0.1444844756E+06
  0.2491666667E+00  0.1440731399E+06
  0.2494444444E+00  0.1436618042E+06
  0.2497222222E+00  0.1432504728E+06
  0.2500000000E+00  0.1428391370E+06
  0.2502777778E+00  0.1425037426E+06
  0.2505555556E+00  0.1421683458E+06
  0.2508333333E+00  0.1418329514E+06
  0.2511111111E+00  0.1414975579E+06
  0.2513888889E+00  0.1411621635E+06
  0.2516666667E+00  0.1408267691E+06
  0.2519444444E+00  0.1404913756E+06
  0.2522222222E+00  0.1401559778E+06
  0.2525000000E+00  0.1398205834E+06
  0.2527777778E+00  0.1394851899E+06
  0.2530555556E+00  0.1391497955E+06
  0.2533333333E+00  0.1388144021E+06
  0.2536111111E+00  0.1384790076E+06
  0.2538888889E+00  0.1381436099E+06
  0.2541666667E+00  0.1378082175E+06
  0.2544444444E+00  0.1374728231E+06
  0.2547222222E+00  0.1371374296E+06
  0.2550000000E+00  0.1368020352E+06
  0.2552777778E+00  0.1365330846E+06
  0.2555555556E+00  0.1362641341E+06
  0.2558333333E+00  0.1359951813E+06
  0.2561111111E+00  0.1357262296E+06
  0.2563888889E+00  0.1354572802E+06
  0.2566666667E+00  0.1351883297E+06
  0.2569444444E+00  0.1349193790E+06
  0.2572222222E+00  0.1346504296E+06
  0.2575000000E+00  0.1343814790E+06
  0.2577777778E+00  0.1341125296E+06
  0.2580555556E+00  0.1338435779E+06
  0.2583333333E+00  0.1335746284E+06
  0.2586111111E+00  0.1333056756E+06
  0.2588888889E+00  0.1330367240E+06
  0.2591666667E+00  0.1327677745E+06
  0.2594444444E+00  0.1324988240E+06
  0.2597222222E+00  0.1322298734E+06
  0.2600000000E+00  0.1319609226E+06
  0.2602777778E+00  0.1317468982E+06
  0.2605555556E+00  0.1315328737E+06
  0.2608333333E+00  0.1313188493E+06
  0.2611111111E+00  0.1311048239E+06
  0.2613888889E+00  0.1308907995E+06
  0.2616666667E+00  0.1306767751E+06
  0.2619444444E+00  0.1304627499E+06
  0.2622222222E+00  0.1302487245E+06
  0.2625000000E+00  0.1300347001E+06
  0.2627777778E+00  0.1298206757E+06
  0.2630555556E+00  0.1296066513E+06
  0.2633333333E+00  0.1293926259E+06
  0.2636111111E+00  0.1291786015E+06
  0.2638888889E+00  0.1289645771E+06
  0.2641666667E+00  0.1287505527E+06
  0.2644444444E+00  0.1285365265E+06
  0.2647222222E+00  0.1283225021E+06
  0.2650000000E+00  0.1281084776E+06
  0.2652777778E+00  0.1279368770E+06
  0.2655555556E+00  0.1277652760E+06
  0.2658333333E+00  0.1275936753E+06
  0.2661111111E+00  0.1274220746E+06
  0.2663888889E+00  0.1272504736E+06
  0.2666666667E+00  0.1270788740E+06
  0.2669444444E+00  0.1269072744E+06
  0.2672222222E+00  0.1267356734E+06
  0.2675000000E+00  0.1265640727E+06
  0.2677777778E+00  0.1263924721E+06
  0.2680555556E+00  0.1262208711E+06
  0.2683333333E+00  0.1260492704E+06
  0.2686111111E+00  0.1258776697E+06
  0.2688888889E+00  0.1257060687E+06
  0.2691666667E+00  0.1255344681E+06
  0.2694444444E+00  0.1253628684E+06
  0.2697222222E+00  0.1251912674E+06
  0.2700000000E+00  0.1250196667E+06
  0.2702777778E+00  0.1248778427E+06
  0.2705555556E+00  0.1247360196E+06
  0.2708333333E+00  0.1245941951E+06
  0.2711111111E+00  0.1244523710E+06
  0.2713888889E+00  0.1243105479E+06
  0.2716666667E+00  0.1241687246E+06
  0.2719444444E+00  0.1240268999E+06
  0.2722222222E+00  0.1238850766E+06
  0.2725000000E+00  0.1237432523E+06
  0.2727777778E+00  0.1236014289E+06
  0.2730555556E+00  0.1234596056E+06
  0.2733333333E+00  0.1233177810E+06
  0.2736111111E+00  0.1231759577E+06
  0.2738888889E+00  0.1230341342E+06
  0.2741666667E+00  0.1228923099E+06
  0.2744444444E+00  0.1227504863E+06
  0.2747222222E+00  0.1226086629E+06
  0.2750000000E+00  0.1224668386E+06
  0.2752777778E+00  0.1223427072E+06
  0.2755555556E+00  0.1222185743E+06
  0.2758333333E+00  0.1220944429E+06
  0.2761111111E+00  0.1219703110E+06
  0.2763888889E+00  0.1218461786E+06
  0.2766666667E+00  0.1217220468E+06
  0.2769444444E+00  0.1215979153E+06
  0.2772222222E+00  0.1214737825E+06
  0.2775000000E+00  0.1213496511E+06
  0.2777777778E+00  0.1212255185E+06
  0.2780555556E+00  0.1211013868E+06
  0.2783333333E+00  0.1209772552E+06
  0.2786111111E+00  0.1208531225E+06
  0.2788888889E+00  0.1207289910E+06
  0.2791666667E+00  0.1206048592E+06
  0.2794444444E+00  0.1204807267E+06
  0.2797222222E+00  0.1203565953E+06
  0.2800000000E+00  0.1202324624E+06
  0.2802777778E+00  0.1201152184E+06
  0.2805555556E+00  0.1199979741E+06
  0.2808333333E+00  0.1198807291E+06
  0.2811111111E+00  0.1197634847E+06
  0.2813888889E+00  0.1196462398E+06
  0.2816666667E+00  0.1195289954E+06
  0.2819444444E+00  0.1194117514E+06
  0.2822222222E+00  0.1192945062E+06
  0.2825000000E+00  0.1191772621E+06
  0.2827777778E+00  0.1190600178E+06
  0.2830555556E+00  0.1189427727E+06
  0.2833333333E+00  0.1188255285E+06
  0.2836111111E+00  0.1187082831E+06
  0.2838888889E+00  0.1185910391E+06
  0.2841666667E+00  0.1184737948E+06
  0.2844444444E+00  0.1183565498E+06
  0.2847222222E+00  0.1182393054E+06
  0.2850000000E+00  0.1181220605E+06
  0.2852777778E+00  0.1180027102E+06
  0.2855555556E+00  0.1178833590E+06
  0.2858333333E+00  0.1177640077E+06
  0.2861111111E+00  0.1176446574E+06
  0.2863888889E+00  0.1175253062E+06
  0.2866666667E+00  0.1174059549E+06
  0.2869444444E+00  0.1172866037E+06
  0.2872222222E+00  0.1171672533E+06
  0.2875000000E+00  0.1170479021E+06
  0.2877777778E+00  0.1169285508E+06
  0.2880555556E+00  0.1168092006E+06
  0.2883333333E+00  0.1166898493E+06
  0.2886111111E+00  0.1165704981E+06
  0.2888888889E+00  0.1164511468E+06
  0.2891666667E+00  0.1163317966E+06
  0.2894444444E+00  0.1162124453E+06
  0.2897222222E+00  0.1160930941E+06
  0.2900000000E+00  0.1159737438E+06
  0.2902777778E+00  0.1158452962E+06
  0.2905555556E+00  0.1157168494E+06
  0.2908333333E+00  0.1155884017E+06
  0.2911111111E+00  0.1154599551E+06
  0.2913888889E+00  0.1153315084E+06
  0.2916666667E+00  0.1152030608E+06
  0.2919444444E+00  0.1150746140E+06
  0.2922222222E+00  0.1149461673E+06
  0.2925000000E+00  0.1148177200E+06
  0.2927777778E+00  0.1146892733E+06
  0.2930555556E+00  0.1145608267E+06
  0.2933333333E+00  0.1144323790E+06
  0.2936111111E+00  0.1143039322E+06
  0.2938888889E+00  0.1141754856E+06
  0.2941666667E+00  0.1140470379E+06
  0.2944444444E+00  0.1139185913E+06
  0.2947222222E+00  0.1137901446E+06
  0.2950000000E+00  0.1136616969E+06
  0.2952777778E+00  0.1135195715E+06
  0.2955555556E+00  0.1133774460E+06
  0.2958333333E+00  0.1132353209E+06
  0.2961111111E+00  0.1130931945E+06
  0.2963888889E+00  0.1129510691E+06
  0.2966666667E+00  0.1128089436E+06
  0.2969444444E+00  0.1126668185E+06
  0.2972222222E+00  0.1125246922E+06
  0.2975000000E+00  0.1123825667E+06
  0.2977777778E+00  0.1122404416E+06
  0.2980555556E+00  0.1120983161E+06
  0.2983333333E+00  0.1119561898E+06
  0.2986111111E+00  0.1118140643E+06
  0.2988888889E+00  0.1116719392E+06
  0.2991666667E+00  0.1115298127E+06
  0.2994444444E+00  0.1113876874E+06
  0.2997222222E+00  0.1112455622E+06
  0.3000000000E+00  0.1111034368E+06
  0.3002777778E+00  0.1109452332E+06
  0.3005555556E+00  0.1107870296E+06
  0.3008333333E+00  0.1106288263E+06
  0.3011111111E+00  0.1104706236E+06
  0.3013888889E+00  0.1103124200E+06
  0.3016666667E+00  0.1101542167E+06
  0.3019444444E+00  0.1099960132E+06
  0.3022222222E+00  0.1098378094E+06
  0.3025000000E+00  0.1096796062E+06
  0.3027777778E+00  0.1095214036E+06
  0.3030555556E+00  0.1093632000E+06
  0.3033333333E+00  0.1092049964E+06
  0.3036111111E+00  0.1090467930E+06
  0.3038888889E+00  0.1088885894E+06
  0.3041666667E+00  0.1087303868E+06
  0.3044444444E+00  0.1085721836E+06
  0.3047222222E+00  0.1084139799E+06
  0.3050000000E+00  0.1082557763E+06
  0.3052777778E+00  0.1080812835E+06
  0.3055555556E+00  0.1079067915E+06
  0.3058333333E+00  0.1077322987E+06
  0.3061111111E+00  0.1075578056E+06
  0.3063888889E+00  0.1073833130E+06
  0.3066666667E+00  0.1072088199E+06
  0.3069444444E+00  0.1070343271E+06
  0.3072222222E+00  0.1068598351E+06
  0.3075000000E+00  0.1066853424E+06
  0.3077777778E+00  0.1065108493E+06
  0.3080555556E+00  0.1063363566E+06
  0.3083333333E+00  0.1061618635E+06
  0.3086111111E+00  0.1059873717E+06
  0.3088888889E+00  0.1058128787E+06
  0.3091666667E+00  0.1056383860E+06
  0.3094444444E+00  0.1054638929E+06
  0.3097222222E+00  0.1052894002E+06
  0.3100000000E+00  0.1051149071E+06
  0.3102777778E+00  0.1049258520E+06
  0.3105555556E+00  0.1047367973E+06
  0.3108333333E+00  0.1045477422E+06
  0.3111111111E+00  0.1043586875E+06
  0.3113888889E+00  0.1041696314E+06
  0.3116666667E+00  0.1039805763E+06
  0.3119444444E+00  0.1037915216E+06
  0.3122222222E+00  0.1036024665E+06
  0.3125000000E+00  0.1034134108E+06
  0.3127777778E+00  0.1032243557E+06
  0.3130555556E+00  0.1030353007E+06
  0.3133333333E+00  0.1028462459E+06
  0.3136111111E+00  0.1026571908E+06
  0.3138888889E+00  0.1024681351E+06
  0.3141666667E+00  0.1022790800E+06
  0.3144444444E+00  0.1020900250E+06
  0.3147222222E+00  0.1019009702E+06
  0.3150000000E+00  0.1017119152E+06
  0.3152777778E+00  0.1015116921E+06
  0.3155555556E+00  0.1013114691E+06
  0.3158333333E+00  0.1011112471E+06
  0.3161111111E+00  0.1009110236E+06
  0.3163888889E+00  0.1007108006E+06
  0.3166666667E+00  0.1005105785E+06
  0.3169444444E+00  0.1003103555E+06
  0.3172222222E+00  0.1001101325E+06
  0.3175000000E+00  0.9990990910E+05
  0.3177777778E+00  0.9970968707E+05
  0.3180555556E+00  0.9950946393E+05
  0.3183333333E+00  0.9930924090E+05
  0.3186111111E+00  0.9910901887E+05
  0.3188888889E+00  0.9890879584E+05
  0.3191666667E+00  0.9870857248E+05
  0.3194444444E+00  0.9850835045E+05
  0.3197222222E+00  0.9830812742E+05
  0.3200000000E+00  0.9810790427E+05
  0.3202777778E+00  0.9790105689E+05
  0.3205555556E+00  0.9769420938E+05
  0.3208333333E+00  0.9748736198E+05
  0.3211111111E+00  0.9728051448E+05
  0.3213888889E+00  0.9707366697E+05
  0.3216666667E+00  0.9686681957E+05
  0.3219444444E+00  0.9665997207E+05
  0.3222222222E+00  0.9645312468E+05
  0.3225000000E+00  0.9624627717E+05
  0.3227777778E+00  0.9603942966E+05
  0.3230555556E+00  0.9583258227E+05
  0.3233333333E+00  0.9562573477E+05
  0.3236111111E+00  0.9541888703E+05
  0.3238888889E+00  0.9521203953E+05
  0.3241666667E+00  0.9500519203E+05
  0.3244444444E+00  0.9479834464E+05
  0.3247222222E+00  0.9459149712E+05
  0.3250000000E+00  0.9438464973E+05
  0.3252777778E+00  0.9417670218E+05
  0.3255555556E+00  0.9396875464E+05
  0.3258333333E+00  0.9376080709E+05
  0.3261111111E+00  0.9355285989E+05
  0.3263888889E+00  0.9334491235E+05
  0.3266666667E+00  0.9313696481E+05
  0.3269444444E+00  0.9292901726E+05
  0.3272222222E+00  0.9272106972E+05
  0.3275000000E+00  0.9251312217E+05
  0.3277777778E+00  0.9230517474E+05
  0.3280555556E+00  0.9209722720E+05
  0.3283333333E+00  0.9188927966E+05
  0.3286111111E+00  0.9168133212E+05
  0.3288888889E+00  0.9147338457E+05
  0.3291666667E+00  0.9126543703E+05
  0.3294444444E+00  0.9105748948E+05
  0.3297222222E+00  0.9084954194E+05
  0.3300000000E+00  0.9064159439E+05
  0.3302777778E+00  0.9043837157E+05
  0.3305555556E+00  0.9023514863E+05
  0.3308333333E+00  0.9003192570E+05
  0.3311111111E+00  0.8982870286E+05
  0.3313888889E+00  0.8962548058E+05
  0.3316666667E+00  0.8942225776E+05
  0.3319444444E+00  0.8921903482E+05
  0.3322222222E+00  0.8901581189E+05
  0.3325000000E+00  0.8881258905E+05
  0.3327777778E+00  0.8860936612E+05
  0.3330555556E+00  0.8840614417E+05
  0.3333333333E+00  0.8820292101E+05
  0.3336111111E+00  0.8799969808E+05
  0.3338888889E+00  0.8779647513E+05
  0.3341666667E+00  0.8759325231E+05
  0.3344444444E+00  0.8739002936E+05
  0.3347222222E+00  0.8718680755E+05
  0.3350000000E+00  0.8698358427E+05
  0.3352777778E+00  0.8679103656E+05
  0.3355555556E+00  0.8659848888E+05
  0.3358333333E+00  0.8640594095E+05
  0.3361111111E+00  0.8621339325E+05
  0.3363888889E+00  0.8602084422E+05
  0.3366666667E+00  0.8582829652E+05
  0.3369444444E+00  0.8563574849E+05
  0.3372222222E+00  0.8544320090E+05
  0.3375000000E+00  0.8525065286E+05
  0.3377777778E+00  0.8505810517E+05
  0.3380555556E+00  0.8486555714E+05
  0.3383333333E+00  0.8467300955E+05
  0.3386111111E+00  0.8448046152E+05
  0.3388888889E+00  0.8428791383E+05
  0.3391666667E+00  0.8409536579E+05
  0.3394444444E+00  0.8390281809E+05
  0.3397222222E+00  0.8371027018E+05
  0.3400000000E+00  0.8351772247E+05
  0.3402777778E+00  0.8334145051E+05
  0.3405555556E+00  0.8316517878E+05
  0.3408333333E+00  0.8298890681E+05
  0.3411111111E+00  0.8281263519E+05
  0.3413888889E+00  0.8263636323E+05
  0.3416666667E+00  0.8246009149E+05
  0.3419444444E+00  0.8228381953E+05
  0.3422222222E+00  0.8210754791E+05
  0.3425000000E+00  0.8193127594E+05
  0.3427777778E+00  0.8175500432E+05
  0.3430555556E+00  0.8157873225E+05
  0.3433333333E+00  0.8140246063E+05
  0.3436111111E+00  0.8122618867E+05
  0.3438888889E+00  0.8104991705E+05
  0.3441666667E+00  0.8087364497E+05
  0.3444444444E+00  0.8069737335E+05
  0.3447222222E+00  0.8052110139E+05
  0.3450000000E+00  0.8034482976E+05
  0.3452777778E+00  0.8018979849E+05
  0.3455555556E+00  0.8003476710E+05
  0.3458333333E+00  0.7987973683E+05
  0.3461111111E+00  0.7972470557E+05
  0.3463888889E+00  0.7956967419E+05
  0.3466666667E+00  0.7941464392E+05
  0.3469444444E+00  0.7925961264E+05
  0.3472222222E+00  0.7910458137E+05
  0.3475000000E+00  0.7894955100E+05
  0.3477777778E+00  0.7879451972E+05
  0.3480555556E+00  0.7863948845E+05
  0.3483333333E+00  0.7848445718E+05
  0.3486111111E+00  0.7832942680E+05
  0.3488888889E+00  0.7817439554E+05
  0.3491666667E+00  0.7801936426E+05
  0.3494444444E+00  0.7786433399E+05
  0.3497222222E+00  0.7770930261E+05
  0.3500000000E+00  0.7755427134E+05
  0.3502777778E+00  0.7742454959E+05
  0.3505555556E+00  0.7729482784E+05
  0.3508333333E+00  0.7716510609E+05
  0.3511111111E+00  0.7703538334E+05
  0.3513888889E+00  0.7690566192E+05
  0.3516666667E+00  0.7677594017E+05
  0.3519444444E+00  0.7664621843E+05
  0.3522222222E+00  0.7651649668E+05
  0.3525000000E+00  0.7638677393E+05
  0.3527777778E+00  0.7625705229E+05
  0.3530555556E+00  0.7612733054E+05
  0.3533333333E+00  0.7599760879E+05
  0.3536111111E+00  0.7586788738E+05
  0.3538888889E+00  0.7573816462E+05
  0.3541666667E+00  0.7560844287E+05
  0.3544444444E+00  0.7547872113E+05
  0.3547222222E+00  0.7534899938E+05
  0.3550000000E+00  0.7521927764E+05
  0.3552777778E+00  0.7511784676E+05
  0.3555555556E+00  0.7501641600E+05
  0.3558333333E+00  0.7491498513E+05
  0.3561111111E+00  0.7481355426E+05
  0.3563888889E+00  0.7471212450E+05
  0.3566666667E+00  0.7461069363E+05
  0.3569444444E+00  0.7450926276E+05
  0.3572222222E+00  0.7440783200E+05
  0.3575000000E+00  0.7430640112E+05
  0.3577777778E+00  0.7420497025E+05
  0.3580555556E+00  0.7410354049E+05
  0.3583333333E+00  0.7400210963E+05
  0.3586111111E+00  0.7390067876E+05
  0.3588888889E+00  0.7379924800E+05
  0.3591666667E+00  0.7369781713E+05
  0.3594444444E+00  0.7359638726E+05
  0.3597222222E+00  0.7349495650E+05
  0.3600000000E+00  0.7339352563E+05
  0.3602777778E+00  0.7332214307E+05
  0.3605555556E+00  0.7325076152E+05
  0.3608333333E+00  0.7317937896E+05
  0.3611111111E+00  0.7310799640E+05
  0.3613888889E+00  0.7303661485E+05
  0.3616666667E+00  0.7296523219E+05
  0.3619444444E+00  0.7289385064E+05
  0.3622222222E+00  0.7282246841E+05
  0.3625000000E+00  0.7275108586E+05
  0.3627777778E+00  0.7267970430E+05
  0.3630555556E+00  0.7260832175E+05
  0.3633333333E+00  0.7253694019E+05
  0.3636111111E+00  0.7246555763E+05
  0.3638888889E+00  0.7239417508E+05
  0.3641666667E+00  0.7232279342E+05
  0.3644444444E+00  0.7225141087E+05
  0.3647222222E+00  0.7218002830E+05
  0.3650000000E+00  0.7210864675E+05
  0.3652777778E+00  0.7206781568E+05
  0.3655555556E+00  0.7202698514E+05
  0.3658333333E+00  0.7198615362E+05
  0.3661111111E+00  0.7194532322E+05
  0.3663888889E+00  0.7190449269E+05
  0.3666666667E+00  0.7186366127E+05
  0.3669444444E+00  0.7182283075E+05
  0.3672222222E+00  0.7178199934E+05
  0.3675000000E+00  0.7174116881E+05
  0.3677777778E+00  0.7170033740E+05
  0.3680555556E+00  0.7165950688E+05
  0.3683333333E+00  0.7161867546E+05
  0.3686111111E+00  0.7157784494E+05
  0.3688888889E+00  0.7153701387E+05
  0.3691666667E+00  0.7149618334E+05
  0.3694444444E+00  0.7145535293E+05
  0.3697222222E+00  0.7141452141E+05
  0.3700000000E+00  0.7137369099E+05
  0.3702777778E+00  0.7136262361E+05
  0.3705555556E+00  0.7135155589E+05
  0.3708333333E+00  0.7134048862E+05
  0.3711111111E+00  0.7132942224E+05
  0.3713888889E+00  0.7131835486E+05
  0.3716666667E+00  0.7130728755E+05
  0.3719444444E+00  0.7129622046E+05
  0.3722222222E+00  0.7128515350E+05
  0.3725000000E+00  0.7127408631E+05
  0.3727777778E+00  0.7126301890E+05
  0.3730555556E+00  0.7125195193E+05
  0.3733333333E+00  0.7124088485E+05
  0.3736111111E+00  0.7122981776E+05
  0.3738888889E+00  0.7121875035E+05
  0.3741666667E+00  0.7120768327E+05
  0.3744444444E+00  0.7119661619E+05
  0.3747222222E+00  0.7118554922E+05
  0.3750000000E+00  0.7117448180E+05
  0.3752777778E+00  0.7119124562E+05
  0.3755555556E+00  0.7120800920E+05
  0.3758333333E+00  0.7122477289E+05
  0.3761111111E+00  0.7124153638E+05
  0.3763888889E+00  0.7125829996E+05
  0.3766666667E+00  0.7127506355E+05
  0.3769444444E+00  0.7129182736E+05
  0.3772222222E+00  0.7130859105E+05
  0.3775000000E+00  0.7132535454E+05
  0.3777777778E+00  0.7134211812E+05
  0.3780555556E+00  0.7135888171E+05
  0.3783333333E+00  0.7137564518E+05
  0.3786111111E+00  0.7139240921E+05
  0.3788888889E+00  0.7140917280E+05
  0.3791666667E+00  0.7142593628E+05
  0.3794444444E+00  0.7144269986E+05
  0.3797222222E+00  0.7145946344E+05
  0.3800000000E+00  0.7147622704E+05
  0.3802777778E+00  0.7151775685E+05
  0.3805555556E+00  0.7155928666E+05
  0.3808333333E+00  0.7160081637E+05
  0.3811111111E+00  0.7164234585E+05
  0.3813888889E+00  0.7168387557E+05
  0.3816666667E+00  0.7172540538E+05
  0.3819444444E+00  0.7176693510E+05
  0.3822222222E+00  0.7180846458E+05
  0.3825000000E+00  0.7184999449E+05
  0.3827777778E+00  0.7189152420E+05
  0.3830555556E+00  0.7193305369E+05
  0.3833333333E+00  0.7197458340E+05
  0.3836111111E+00  0.7201611321E+05
  0.3838888889E+00  0.7205764293E+05
  0.3841666667E+00  0.7209917241E+05
  0.3844444444E+00  0.7214070221E+05
  0.3847222222E+00  0.7218223192E+05
  0.3850000000E+00  0.7222376185E+05
  0.3852777778E+00  0.7228620612E+05
  0.3855555556E+00  0.7234865049E+05
  0.3858333333E+00  0.7241109521E+05
  0.3861111111E+00  0.7247353948E+05
  0.3863888889E+00  0.7253598419E+05
  0.3866666667E+00  0.7259842867E+05
  0.3869444444E+00  0.7266087293E+05
  0.3872222222E+00  0.7272331765E+05
  0.3875000000E+00  0.7278576203E+05
  0.3877777778E+00  0.7284820674E+05
  0.3880555556E+00  0.7291065101E+05
  0.3883333333E+00  0.7297309538E+05
  0.3886111111E+00  0.7303554010E+05
  0.3888888889E+00  0.7309798437E+05
  0.3891666667E+00  0.7316042918E+05
  0.3894444444E+00  0.7322287356E+05
  0.3897222222E+00  0.7328531782E+05
  0.3900000000E+00  0.7334776254E+05
  0.3902777778E+00  0.7342646396E+05
  0.3905555556E+00  0.7350516485E+05
  0.3908333333E+00  0.7358386617E+05
  0.3911111111E+00  0.7366256759E+05
  0.3913888889E+00  0.7374126882E+05
  0.3916666667E+00  0.7381997024E+05
  0.3919444444E+00  0.7389867146E+05
  0.3922222222E+00  0.7397737296E+05
  0.3925000000E+00  0.7405607387E+05
  0.3927777778E+00  0.7413477480E+05
  0.3930555556E+00  0.7421347682E+05
  0.3933333333E+00  0.7429217773E+05
  0.3936111111E+00  0.7437087844E+05
  0.3938888889E+00  0.7444958035E+05
  0.3941666667E+00  0.7452828137E+05
  0.3944444444E+00  0.7460698330E+05
  0.3947222222E+00  0.7468568421E+05
  0.3950000000E+00  0.7476438524E+05
  0.3952777778E+00  0.7485432929E+05
  0.3955555556E+00  0.7494427367E+05
  0.3958333333E+00  0.7503421671E+05
  0.3961111111E+00  0.7512416075E+05
  0.3963888889E+00  0.7521410413E+05
  0.3966666667E+00  0.7530404817E+05
  0.3969444444E+00  0.7539399255E+05
  0.3972222222E+00  0.7548393560E+05
  0.3975000000E+00  0.7557387998E+05
  0.3977777778E+00  0.7566382402E+05
  0.3980555556E+00  0.7575376740E+05
  0.3983333333E+00  0.7584371144E+05
  0.3986111111E+00  0.7593365548E+05
  0.3988888889E+00  0.7602359886E+05
  0.3991666667E+00  0.7611354290E+05
  0.3994444444E+00  0.7620348729E+05
  0.3997222222E+00  0.7629343033E+05
  0.4000000000E+00  0.7638337471E+05
  0.4002777778E+00  0.7647928442E+05
  0.4005555556E+00  0.7657519414E+05
  0.4008333333E+00  0.7667110396E+05
  0.4011111111E+00  0.7676701368E+05
  0.4013888889E+00  0.7686292373E+05
  0.4016666667E+00  0.7695883344E+05
  0.4019444444E+00  0.7705474327E+05
  0.4022222222E+00  0.7715065299E+05
  0.4025000000E+00  0.7724656270E+05
  0.4027777778E+00  0.7734247286E+05
  0.4030555556E+00  0.7743838258E+05
  0.4033333333E+00  0.7753429229E+05
  0.4036111111E+00  0.7763020211E+05
  0.4038888889E+00  0.7772611184E+05
  0.4041666667E+00  0.7782202188E+05
  0.4044444444E+00  0.7791793159E+05
  0.4047222222E+00  0.7801384143E+05
  0.4050000000E+00  0.7810975114E+05
  0.4052777778E+00  0.7820640232E+05
  0.4055555556E+00  0.7830305240E+05
  0.4058333333E+00  0.7839970358E+05
  0.4061111111E+00  0.7849635477E+05
  0.4063888889E+00  0.7859300485E+05
  0.4066666667E+00  0.7868965603E+05
  0.4069444444E+00  0.7878630622E+05
  0.4072222222E+00  0.7888295729E+05
  0.4075000000E+00  0.7897960747E+05
  0.4077777778E+00  0.7907625854E+05
  0.4080555556E+00  0.7917290873E+05
  0.4083333333E+00  0.7926955991E+05
  0.4086111111E+00  0.7936621099E+05
  0.4088888889E+00  0.7946286118E+05
  0.4091666667E+00  0.7955951236E+05
  0.4094444444E+00  0.7965616244E+05
  0.4097222222E+00  0.7975281362E+05
  0.4100000000E+00  0.7984946380E+05
  0.4102777778E+00  0.7994190399E+05
  0.4105555556E+00  0.8003434460E+05
  0.4108333333E+00  0.8012678479E+05
  0.4111111111E+00  0.8021922542E+05
  0.4113888889E+00  0.8031166559E+05
  0.4116666667E+00  0.8040410522E+05
  0.4119444444E+00  0.8049654540E+05
  0.4122222222E+00  0.8058898602E+05
  0.4125000000E+00  0.8068142654E+05
  0.4127777778E+00  0.8077386683E+05
  0.4130555556E+00  0.8086630734E+05
  0.4133333333E+00  0.8095874664E+05
  0.4136111111E+00  0.8105118715E+05
  0.4138888889E+00  0.8114362744E+05
  0.4141666667E+00  0.8123606795E+05
  0.4144444444E+00  0.8132850825E+05
  0.4147222222E+00  0.8142094875E+05
  0.4150000000E+00  0.8151338939E+05
  0.4152777778E+00  0.8159711647E+05
  0.4155555556E+00  0.8168084489E+05
  0.4158333333E+00  0.8176457230E+05
  0.4161111111E+00  0.8184830072E+05
  0.4163888889E+00  0.8193202892E+05
  0.4166666667E+00  0.8201575634E+05
  0.4169444444E+00  0.8209948476E+05
  0.4172222222E+00  0.8218321318E+05
  0.4175000000E+00  0.8226694059E+05
  0.4177777778E+00  0.8235066879E+05
  0.4180555556E+00  0.8243439721E+05
  0.4183333333E+00  0.8251812463E+05
  0.4186111111E+00  0.8260185305E+05
  0.4188888889E+00  0.8268558113E+05
  0.4191666667E+00  0.8276930866E+05
  0.4194444444E+00  0.8285303708E+05
  0.4197222222E+00  0.8293676551E+05
  0.4200000000E+00  0.8302049293E+05
  0.4202777778E+00  0.8309168280E+05
  0.4205555556E+00  0.8316287300E+05
  0.4208333333E+00  0.8323406321E+05
  0.4211111111E+00  0.8330525242E+05
  0.4213888889E+00  0.8337644263E+05
  0.4216666667E+00  0.8344763283E+05
  0.4219444444E+00  0.8351882160E+05
  0.4222222222E+00  0.8359001181E+05
  0.4225000000E+00  0.8366120201E+05
  0.4227777778E+00  0.8373239222E+05
  0.4230555556E+00  0.8380358143E+05
  0.4233333333E+00  0.8387477164E+05
  0.4236111111E+00  0.8394596151E+05
  0.4238888889E+00  0.8401715073E+05
  0.4241666667E+00  0.8408834093E+05
  0.4244444444E+00  0.8415953103E+05
  0.4247222222E+00  0.8423072024E+05
  0.4250000000E+00  0.8430191045E+05
  0.4252777778E+00  0.8435752268E+05
  0.4255555556E+00  0.8441313492E+05
  0.4258333333E+00  0.8446874615E+05
  0.4261111111E+00  0.8452435839E+05
  0.4263888889E+00  0.8457997095E+05
  0.4266666667E+00  0.8463558218E+05
  0.4269444444E+00  0.8469119431E+05
  0.4272222222E+00  0.8474680654E+05
  0.4275000000E+00  0.8480241877E+05
  0.4277777778E+00  0.8485803034E+05
  0.4280555556E+00  0.8491364257E+05
  0.4283333333E+00  0.8496925480E+05
  0.4286111111E+00  0.8502486604E+05
  0.4288888889E+00  0.8508047827E+05
  0.4291666667E+00  0.8513609072E+05
  0.4294444444E+00  0.8519170296E+05
  0.4297222222E+00  0.8524731419E+05
  0.4300000000E+00  0.8530292642E+05
  0.4302777778E+00  0.8534081448E+05
  0.4305555556E+00  0.8537870286E+05
  0.4308333333E+00  0.8541659092E+05
  0.4311111111E+00  0.8545447897E+05
  0.4313888889E+00  0.8549236703E+05
  0.4316666667E+00  0.8553025508E+05
  0.4319444444E+00  0.8556814413E+05
  0.4322222222E+00  0.8560603252E+05
  0.4325000000E+00  0.8564392057E+05
  0.4327777778E+00  0.8568180852E+05
  0.4330555556E+00  0.8571969657E+05
  0.4333333333E+00  0.8575758463E+05
  0.4336111111E+00  0.8579547301E+05
  0.4338888889E+00  0.8583336106E+05
  0.4341666667E+00  0.8587124912E+05
  0.4344444444E+00  0.8590913716E+05
  0.4347222222E+00  0.8594702522E+05
  0.4350000000E+00  0.8598491361E+05
  0.4352777778E+00  0.8600387189E+05
  0.4355555556E+00  0.8602282917E+05
  0.4358333333E+00  0.8604178634E+05
  0.4361111111E+00  0.8606074462E+05
  0.4363888889E+00  0.8607970191E+05
  0.4366666667E+00  0.8609865918E+05
  0.4369444444E+00  0.8611761647E+05
  0.4372222222E+00  0.8613657463E+05
  0.4375000000E+00  0.8615553192E+05
  0.4377777778E+00  0.8617448919E+05
  0.4380555556E+00  0.8619344747E+05
  0.4383333333E+00  0.8621240475E+05
  0.4386111111E+00  0.8623136225E+05
  0.4388888889E+00  0.8625031954E+05
  0.4391666667E+00  0.8626927781E+05
  0.4394444444E+00  0.8628823510E+05
  0.4397222222E+00  0.8630719237E+05
  0.4400000000E+00  0.8632614955E+05
  0.4402777778E+00  0.8632593667E+05
  0.4405555556E+00  0.8632572346E+05
  0.4408333333E+00  0.8632551047E+05
  0.4411111111E+00  0.8632529626E+05
  0.4413888889E+00  0.8632508338E+05
  0.4416666667E+00  0.8632487018E+05
  0.4419444444E+00  0.8632465619E+05
  0.4422222222E+00  0.8632444332E+05
  0.4425000000E+00  0.8632423010E+05
  0.4427777778E+00  0.8632401723E+05
  0.4430555556E+00  0.8632380290E+05
  0.4433333333E+00  0.8632359003E+05
  0.4436111111E+00  0.8632337681E+05
  0.4438888889E+00  0.8632316283E+05
  0.4441666667E+00  0.8632294995E+05
  0.4444444444E+00  0.8632273675E+05
  0.4447222222E+00  0.8632252288E+05
  0.4450000000E+00  0.8632230955E+05
  0.4452777778E+00  0.8630354270E+05
  0.4455555556E+00  0.8628477685E+05
  0.4458333333E+00  0.8626601000E+05
  0.4461111111E+00  0.8624724270E+05
  0.4463888889E+00  0.8622847586E+05
  0.4466666667E+00  0.8620970900E+05
  0.4469444444E+00  0.8619094271E+05
  0.4472222222E+00  0.8617217586E+05
  0.4475000000E+00  0.8615340901E+05
  0.4477777778E+00  0.8613464215E+05
  0.4480555556E+00  0.8611587486E+05
  0.4483333333E+00  0.8609710901E+05
  0.4486111111E+00  0.8607834216E+05
  0.4488888889E+00  0.8605957531E+05
  0.4491666667E+00  0.8604080802E+05
  0.4494444444E+00  0.8602204116E+05
  0.4497222222E+00  0.8600327532E+05
  0.4500000000E+00  0.8598450801E+05
  0.4502777778E+00  0.8594864057E+05
  0.4505555556E+00  0.8591277302E+05
  0.4508333333E+00  0.8587690548E+05
  0.4511111111E+00  0.8584103793E+05
  0.4513888889E+00  0.8580517037E+05
  0.4516666667E+00  0.8576930282E+05
  0.4519444444E+00  0.8573343527E+05
  0.4522222222E+00  0.8569756772E+05
  0.4525000000E+00  0.8566170016E+05
  0.4527777778E+00  0.8562583261E+05
  0.4530555556E+00  0.8558996506E+05
  0.4533333333E+00  0.8555409751E+05
  0.4536111111E+00  0.8551822995E+05
  0.4538888889E+00  0.8548236240E+05
  0.4541666667E+00  0.8544649485E+05
  0.4544444444E+00  0.8541062729E+05
  0.4547222222E+00  0.8537475974E+05
  0.4550000000E+00  0.8533889219E+05
  0.4552777778E+00  0.8528809209E+05
  0.4555555556E+00  0.8523729053E+05
  0.4558333333E+00  0.8518648999E+05
  0.4561111111E+00  0.8513568854E+05
  0.4563888889E+00  0.8508488799E+05
  0.4566666667E+00  0.8503408655E+05
  0.4569444444E+00  0.8498328600E+05
  0.4572222222E+00  0.8493248457E+05
  0.4575000000E+00  0.8488168434E+05
  0.4577777778E+00  0.8483088380E+05
  0.4580555556E+00  0.8478008235E+05
  0.4583333333E+00  0.8472928180E+05
  0.4586111111E+00  0.8467848036E+05
  0.4588888889E+00  0.8462767981E+05
  0.4591666667E+00  0.8457687826E+05
  0.4594444444E+00  0.8452607816E+05
  0.4597222222E+00  0.8447527661E+05
  0.4600000000E+00  0.8442447616E+05
  0.4602777778E+00  0.8436144096E+05
  0.4605555556E+00  0.8429840641E+05
  0.4608333333E+00  0.8423537121E+05
  0.4611111111E+00  0.8417233701E+05
  0.4613888889E+00  0.8410930181E+05
  0.4616666667E+00  0.8404626760E+05
  0.4619444444E+00  0.8398323217E+05
  0.4622222222E+00  0.8392019797E+05
  0.4625000000E+00  0.8385716277E+05
  0.4627777778E+00  0.8379412756E+05
  0.4630555556E+00  0.8373109335E+05
  0.4633333333E+00  0.8366805782E+05
  0.4636111111E+00  0.8360502361E+05
  0.4638888889E+00  0.8354198841E+05
  0.4641666667E+00  0.8347895432E+05
  0.4644444444E+00  0.8341591878E+05
  0.4647222222E+00  0.8335288457E+05
  0.4650000000E+00  0.8328984937E+05
  0.4652777778E+00  0.8321766274E+05
  0.4655555556E+00  0.8314547544E+05
  0.4658333333E+00  0.8307328881E+05
  0.4661111111E+00  0.8300110130E+05
  0.4663888889E+00  0.8292891500E+05
  0.4666666667E+00  0.8285672737E+05
  0.4669444444E+00  0.8278454108E+05
  0.4672222222E+00  0.8271235345E+05
  0.4675000000E+00  0.8264016682E+05
  0.4677777778E+00  0.8256797952E+05
  0.4680555556E+00  0.8249579301E+05
  0.4683333333E+00  0.8242360537E+05
  0.4686111111E+00  0.8235141808E+05
  0.4688888889E+00  0.8227923145E+05
  0.4691666667E+00  0.8220704382E+05
  0.4694444444E+00  0.8213485753E+05
  0.4697222222E+00  0.8206267001E+05
  0.4700000000E+00  0.8199048371E+05
  0.4702777778E+00  0.8191243764E+05
  0.4705555556E+00  0.8183439147E+05
  0.4708333333E+00  0.8175634540E+05
  0.4711111111E+00  0.8167830068E+05
  0.4713888889E+00  0.8160025461E+05
  0.4716666667E+00  0.8152220843E+05
  0.4719444444E+00  0.8144416236E+05
  0.4722222222E+00  0.8136611664E+05
  0.4725000000E+00  0.8128807157E+05
  0.4727777778E+00  0.8121002540E+05
  0.4730555556E+00  0.8113197934E+05
  0.4733333333E+00  0.8105393361E+05
  0.4736111111E+00  0.8097588754E+05
  0.4738888889E+00  0.8089784236E+05
  0.4741666667E+00  0.8081979664E+05
  0.4744444444E+00  0.8074175057E+05
  0.4747222222E+00  0.8066370450E+05
  0.4750000000E+00  0.8058565834E+05
  0.4752777778E+00  0.8050508219E+05
  0.4755555556E+00  0.8042450472E+05
  0.4758333333E+00  0.8034392723E+05
  0.4761111111E+00  0.8026335010E+05
  0.4763888889E+00  0.8018277261E+05
  0.4766666667E+00  0.8010219555E+05
  0.4769444444E+00  0.8002161860E+05
  0.4772222222E+00  0.7994104123E+05
  0.4775000000E+00  0.7986046394E+05
  0.4777777778E+00  0.7977988691E+05
  0.4780555556E+00  0.7969930963E+05
  0.4783333333E+00  0.7961873225E+05
  0.4786111111E+00  0.7953815532E+05
  0.4788888889E+00  0.7945757794E+05
  0.4791666667E+00  0.7937700055E+05
  0.4794444444E+00  0.7929642350E+05
  0.4797222222E+00  0.7921584624E+05
  0.4800000000E+00  0.7913526929E+05
  0.4802777778E+00  0.7905533509E+05
  0.4805555556E+00  0.7897540089E+05
  0.4808333333E+00  0.7889546668E+05
  0.4811111111E+00  0.7881553249E+05
  0.4813888889E+00  0.7873559871E+05
  0.4816666667E+00  0.7865566451E+05
  0.4819444444E+00  0.7857573019E+05
  0.4822222222E+00  0.7849579599E+05
  0.4825000000E+00  0.7841586222E+05
  0.4827777778E+00  0.7833592802E+05
  0.4830555556E+00  0.7825599382E+05
  0.4833333333E+00  0.7817605962E+05
  0.4836111111E+00  0.7809612574E+05
  0.4838888889E+00  0.7801619165E+05
  0.4841666667E+00  0.7793625733E+05
  0.4844444444E+00  0.7785632312E+05
  0.4847222222E+00  0.7777638927E+05
  0.4850000000E+00  0.7769645516E+05
  0.4852777778E+00  0.7762007344E+05
  0.4855555556E+00  0.7754369170E+05
  0.4858333333E+00  0.7746731042E+05
  0.4861111111E+00  0.7739092859E+05
  0.4863888889E+00  0.7731454696E+05
  0.4866666667E+00  0.7723816523E+05
  0.4869444444E+00  0.7716178361E+05
  0.4872222222E+00  0.7708540211E+05
  0.4875000000E+00  0.7700902050E+05
  0.4877777778E+00  0.7693263877E+05
  0.4880555556E+00  0.7685625705E+05
  0.4883333333E+00  0.7677987532E+05
  0.4886111111E+00  0.7670349403E+05
  0.4888888889E+00  0.7662711241E+05
  0.4891666667E+00  0.7655073058E+05
  0.4894444444E+00  0.7647434895E+05
  0.4897222222E+00  0.7639796722E+05
  0.4900000000E+00  0.7632158594E+05
  0.4902777778E+00  0.7625125141E+05
  0.4905555556E+00  0.7618091700E+05
  0.4908333333E+00  0.7611058257E+05
  0.4911111111E+00  0.7604024804E+05
  0.4913888889E+00  0.7596991373E+05
  0.4916666667E+00  0.7589957932E+05
  0.4919444444E+00  0.7582924479E+05
  0.4922222222E+00  0.7575891036E+05
  0.4925000000E+00  0.7568857594E+05
  0.4927777778E+00  0.7561824154E+05
  0.4930555556E+00  0.7554790744E+05
  0.4933333333E+00  0.7547757302E+05
  0.4936111111E+00  0.7540723860E+05
  0.4938888889E+00  0.7533690407E+05
  0.4941666667E+00  0.7526656965E+05
  0.4944444444E+00  0.7519623533E+05
  0.4947222222E+00  0.7512590082E+05
  0.4950000000E+00  0.7505556639E+05
