  0.1027777778E-01  0.2257618499E+08
  0.1055555556E-01  0.2255045302E+08
  0.1083333333E-01  0.2252472128E+08
  0.1111111111E-01  0.2249898919E+08
  0.1138888889E-01  0.2247325721E+08
  0.1166666667E-01  0.2244752547E+08
  0.1194444444E-01  0.2242179338E+08
  0.1222222222E-01  0.2239606130E+08
  0.1250000000E-01  0.2237032966E+08
  0.1277777778E-01  0.2234459768E+08
  0.1305555556E-01  0.2231886593E+08
  0.1333333333E-01  0.2229313386E+08
  0.1361111111E-01  0.2226740178E+08
  0.1388888889E-01  0.2224167004E+08
  0.1416666667E-01  0.2221593805E+08
  0.1444444444E-01  0.2219020642E+08
  0.1472222222E-01  0.2216447433E+08
  0.1500000000E-01  0.2213874226E+08
  0.1527777778E-01  0.2210356517E+08
  0.1555555556E-01  0.2206838820E+08
  0.1583333333E-01  0.2203321111E+08
  0.1611111111E-01  0.2199803413E+08
  0.1638888889E-01  0.2196285672E+08
  0.1666666667E-01  0.2192767974E+08
  0.1694444444E-01  0.2189250266E+08
  0.1722222222E-01  0.2185732568E+08
  0.1750000000E-01  0.2182214859E+08
  0.1777777778E-01  0.2178697152E+08
  0.1805555556E-01  0.2175179410E+08
  0.1833333333E-01  0.2171661713E+08
  0.1861111111E-01  0.2168144004E+08
  0.1888888889E-01  0.2164626307E+08
  0.1916666667E-01  0.2161108598E+08
  0.1944444444E-01  0.2157590867E+08
  0.1972222222E-01  0.2154073159E+08
  0.2000000000E-01  0.2150555461E+08
  0.2027777778E-01  0.2146172570E+08
  0.2055555556E-01  0.2141789711E+08
  0.2083333333E-01  0.2137406820E+08
  0.2111111111E-01  0.2133023940E+08
  0.2138888889E-01  0.2128641048E+08
  0.2166666667E-01  0.2124258179E+08
  0.2194444444E-01  0.2119875298E+08
  0.2222222222E-01  0.2115492406E+08
  0.2250000000E-01  0.2111109526E+08
  0.2277777778E-01  0.2106726623E+08
  0.2305555556E-01  0.2102343765E+08
  0.2333333333E-01  0.2097960885E+08
  0.2361111111E-01  0.2093577992E+08
  0.2388888889E-01  0.2089195102E+08
  0.2416666667E-01  0.2084812243E+08
  0.2444444444E-01  0.2080429352E+08
  0.2472222222E-01  0.2076046470E+08
  0.2500000000E-01  0.2071663569E+08
  0.2527777778E-01  0.2066514005E+08
  0.2555555556E-01  0.2061364439E+08
  0.2583333333E-01  0.2056214875E+08
  0.2611111111E-01  0.2051065300E+08
  0.2638888889E-01  0.2045915735E+08
  0.2666666667E-01  0.2040766161E+08
  0.2694444444E-01  0.2035616596E+08
  0.2722222222E-01  0.2030467031E+08
  0.2750000000E-01  0.2025317456E+08
  0.2777777778E-01  0.2020167892E+08
  0.2805555556E-01  0.2015018359E+08
  0.2833333333E-01  0.2009868785E+08
  0.2861111111E-01  0.2004719221E+08
  0.2888888889E-01  0.1999569656E+08
  0.2916666667E-01  0.1994420080E+08
  0.2944444444E-01  0.1989270516E+08
  0.2972222222E-01  0.1984120941E+08
  0.3000000000E-01  0.1978971377E+08
  0.3027777778E-01  0.1973168975E+08
  0.3055555556E-01  0.1967366563E+08
  0.3083333333E-01  0.1961564161E+08
  0.3111111111E-01  0.1955761770E+08
  0.3138888889E-01  0.1949959359E+08
  0.3166666667E-01  0.1944156957E+08
  0.3194444444E-01  0.1938354544E+08
  0.3222222222E-01  0.1932552142E+08
  0.3250000000E-01  0.1926749741E+08
  0.3277777778E-01  0.1920947372E+08
  0.3305555556E-01  0.1915144970E+08
  0.3333333333E-01  0.1909342558E+08
  0.3361111111E-01  0.1903540167E+08
  0.3388888889E-01  0.1897737755E+08
  0.3416666667E-01  0.1891935353E+08
  0.3444444444E-01  0.1886132941E+08
  0.3472222222E-01  0.1880330540E+08
  0.3500000000E-01  0.1874528149E+08
  0.3527777778E-01  0.1868195793E+08
  0.3555555556E-01  0.1861863438E+08
  0.3583333333E-01  0.1855531104E+08
  0.3611111111E-01  0.1849198715E+08
  0.3638888889E-01  0.1842866370E+08
  0.3666666667E-01  0.1836534025E+08
  0.3694444444E-01  0.1830201647E+08
  0.3722222222E-01  0.1823869300E+08
  0.3750000000E-01  0.1817536945E+08
  0.3777777778E-01  0.1811204601E+08
  0.3805555556E-01  0.1804872222E+08
  0.3833333333E-01  0.1798539877E+08
  0.3861111111E-01  0.1792207532E+08
  0.3888888889E-01  0.1785875176E+08
  0.3916666667E-01  0.1779542799E+08
  0.3944444444E-01  0.1773210453E+08
  0.3972222222E-01  0.1766878109E+08
  0.4000000000E-01  0.1760545729E+08
  0.4027777778E-01  0.1753814377E+08
  0.4055555556E-01  0.1747083002E+08
  0.4083333333E-01  0.1740351627E+08
  0.4111111111E-01  0.1733620240E+08
  0.4138888889E-01  0.1726888865E+08
  0.4166666667E-01  0.1720157490E+08
  0.4194444444E-01  0.1713426148E+08
  0.4222222222E-01  0.1706694762E+08
  0.4250000000E-01  0.1699963387E+08
  0.4277777778E-01  0.1693232011E+08
  0.4305555556E-01  0.1686500636E+08
  0.4333333333E-01  0.1679769261E+08
  0.4361111111E-01  0.1673037875E+08
  0.4388888889E-01  0.1666306523E+08
  0.4416666667E-01  0.1659575148E+08
  0.4444444444E-01  0.1652843773E+08
  0.4472222222E-01  0.1646112386E+08
  0.4500000000E-01  0.1639381011E+08
  0.4527777778E-01  0.1632383692E+08
  0.4555555556E-01  0.1625386328E+08
  0.4583333333E-01  0.1618388976E+08
  0.4611111111E-01  0.1611391657E+08
  0.4638888889E-01  0.1604394295E+08
  0.4666666667E-01  0.1597396952E+08
  0.4694444444E-01  0.1590399622E+08
  0.4722222222E-01  0.1583402270E+08
  0.4750000000E-01  0.1576404918E+08
  0.4777777778E-01  0.1569407588E+08
  0.4805555556E-01  0.1562410236E+08
  0.4833333333E-01  0.1555412872E+08
  0.4861111111E-01  0.1548415553E+08
  0.4888888889E-01  0.1541418201E+08
  0.4916666667E-01  0.1534420838E+08
  0.4944444444E-01  0.1527423519E+08
  0.4972222222E-01  0.1520426156E+08
  0.5000000000E-01  0.1513428803E+08
  0.5027777778E-01  0.1506296896E+08
  0.5055555556E-01  0.1499165021E+08
  0.5083333333E-01  0.1492033113E+08
  0.5111111111E-01  0.1484901184E+08
  0.5138888889E-01  0.1477769276E+08
  0.5166666667E-01  0.1470637368E+08
  0.5194444444E-01  0.1463505494E+08
  0.5222222222E-01  0.1456373576E+08
  0.5250000000E-01  0.1449241668E+08
  0.5277777778E-01  0.1442109760E+08
  0.5305555556E-01  0.1434977874E+08
  0.5333333333E-01  0.1427845956E+08
  0.5361111111E-01  0.1420714048E+08
  0.5388888889E-01  0.1413582140E+08
  0.5416666667E-01  0.1406450232E+08
  0.5444444444E-01  0.1399318358E+08
  0.5472222222E-01  0.1392186440E+08
  0.5500000000E-01  0.1385054532E+08
  0.5527777778E-01  0.1377913847E+08
  0.5555555556E-01  0.1370773207E+08
  0.5583333333E-01  0.1363632534E+08
  0.5611111111E-01  0.1356491850E+08
  0.5638888889E-01  0.1349351165E+08
  0.5666666667E-01  0.1342210525E+08
  0.5694444444E-01  0.1335069851E+08
  0.5722222222E-01  0.1327929178E+08
  0.5750000000E-01  0.1320788504E+08
  0.5777777778E-01  0.1313647820E+08
  0.5805555556E-01  0.1306507169E+08
  0.5833333333E-01  0.1299366496E+08
  0.5861111111E-01  0.1292225822E+08
  0.5888888889E-01  0.1285085148E+08
  0.5916666667E-01  0.1277944497E+08
  0.5944444444E-01  0.1270803823E+08
  0.5972222222E-01  0.1263663140E+08
  0.6000000000E-01  0.1256522466E+08
  0.6027777778E-01  0.1249490428E+08
  0.6055555556E-01  0.1242458358E+08
  0.6083333333E-01  0.1235426299E+08
  0.6111111111E-01  0.1228394237E+08
  0.6138888889E-01  0.1221362189E+08
  0.6166666667E-01  0.1214330130E+08
  0.6194444444E-01  0.1207298061E+08
  0.6222222222E-01  0.1200266012E+08
  0.6250000000E-01  0.1193233953E+08
  0.6277777778E-01  0.1186201894E+08
  0.6305555556E-01  0.1179169825E+08
  0.6333333333E-01  0.1172137776E+08
  0.6361111111E-01  0.1165105718E+08
  0.6388888889E-01  0.1158073659E+08
  0.6416666667E-01  0.1151041610E+08
  0.6444444444E-01  0.1144009541E+08
  0.6472222222E-01  0.1136977482E+08
  0.6500000000E-01  0.1129945423E+08
  0.6527777778E-01  0.1123127222E+08
  0.6555555556E-01  0.1116309010E+08
  0.6583333333E-01  0.1109490809E+08
  0.6611111111E-01  0.1102672597E+08
  0.6638888889E-01  0.1095854386E+08
  0.6666666667E-01  0.1089036188E+08
  0.6694444444E-01  0.1082217977E+08
  0.6722222222E-01  0.1075399765E+08
  0.6750000000E-01  0.1068581553E+08
  0.6777777778E-01  0.1061763362E+08
  0.6805555556E-01  0.1054945151E+08
  0.6833333333E-01  0.1048126944E+08
  0.6861111111E-01  0.1041308736E+08
  0.6888888889E-01  0.1034490528E+08
  0.6916666667E-01  0.1027672319E+08
  0.6944444444E-01  0.1020854111E+08
  0.6972222222E-01  0.1014035901E+08
  0.7000000000E-01  0.1007217696E+08
  0.7027777778E-01  0.1000704700E+08
  0.7055555556E-01  0.9941916921E+07
  0.7083333333E-01  0.9876786945E+07
  0.7111111111E-01  0.9811656883E+07
  0.7138888889E-01  0.9746526805E+07
  0.7166666667E-01  0.9681396828E+07
  0.7194444444E-01  0.9616266796E+07
  0.7222222222E-01  0.9551136822E+07
  0.7250000000E-01  0.9486006756E+07
  0.7277777778E-01  0.9420876679E+07
  0.7305555556E-01  0.9355746705E+07
  0.7333333333E-01  0.9290616640E+07
  0.7361111111E-01  0.9225486696E+07
  0.7388888889E-01  0.9160356618E+07
  0.7416666667E-01  0.9095226556E+07
  0.7444444444E-01  0.9030096580E+07
  0.7472222222E-01  0.8964966502E+07
  0.7500000000E-01  0.8899836540E+07
  0.7527777778E-01  0.8838511650E+07
  0.7555555556E-01  0.8777186860E+07
  0.7583333333E-01  0.8715861971E+07
  0.7611111111E-01  0.8654537080E+07
  0.7638888889E-01  0.8593212291E+07
  0.7666666667E-01  0.8531887400E+07
  0.7694444444E-01  0.8470562611E+07
  0.7722222222E-01  0.8409237732E+07
  0.7750000000E-01  0.8347912943E+07
  0.7777777778E-01  0.8286588056E+07
  0.7805555556E-01  0.8225263267E+07
  0.7833333333E-01  0.8163938376E+07
  0.7861111111E-01  0.8102613587E+07
  0.7888888889E-01  0.8041288663E+07
  0.7916666667E-01  0.7979963874E+07
  0.7944444444E-01  0.7918638984E+07
  0.7972222222E-01  0.7857314195E+07
  0.8000000000E-01  0.7795989305E+07
  0.8027777778E-01  0.7739058557E+07
  0.8055555556E-01  0.7682127762E+07
  0.8083333333E-01  0.7625197002E+07
  0.8111111111E-01  0.7568266308E+07
  0.8138888889E-01  0.7511335548E+07
  0.8166666667E-01  0.7454404765E+07
  0.8194444444E-01  0.7397474004E+07
  0.8222222222E-01  0.7340543210E+07
  0.8250000000E-01  0.7283612450E+07
  0.8277777778E-01  0.7226681756E+07
  0.8305555556E-01  0.7169751007E+07
  0.8333333333E-01  0.7112820213E+07
  0.8361111111E-01  0.7055889452E+07
  0.8388888889E-01  0.6998958658E+07
  0.8416666667E-01  0.6942027898E+07
  0.8444444444E-01  0.6885097115E+07
  0.8472222222E-01  0.6828166454E+07
  0.8500000000E-01  0.6771235661E+07
  0.8527777778E-01  0.6719115343E+07
  0.8555555556E-01  0.6666995038E+07
  0.8583333333E-01  0.6614874821E+07
  0.8611111111E-01  0.6562754482E+07
  0.8638888889E-01  0.6510634266E+07
  0.8666666667E-01  0.6458513961E+07
  0.8694444444E-01  0.6406393644E+07
  0.8722222222E-01  0.6354273437E+07
  0.8750000000E-01  0.6302153087E+07
  0.8777777778E-01  0.6250032782E+07
  0.8805555556E-01  0.6197912565E+07
  0.8833333333E-01  0.6145792260E+07
  0.8861111111E-01  0.6093671943E+07
  0.8888888889E-01  0.6041551705E+07
  0.8916666667E-01  0.5989431387E+07
  0.8944444444E-01  0.5937311182E+07
  0.8972222222E-01  0.5885190865E+07
  0.9000000000E-01  0.5833070560E+07
  0.9027777778E-01  0.5786012305E+07
  0.9055555556E-01  0.5738953950E+07
  0.9083333333E-01  0.5691895728E+07
  0.9111111111E-01  0.5644837374E+07
  0.9138888889E-01  0.5597779107E+07
  0.9166666667E-01  0.5550720786E+07
  0.9194444444E-01  0.5503662531E+07
  0.9222222222E-01  0.5456604277E+07
  0.9250000000E-01  0.5409545956E+07
  0.9277777778E-01  0.5362487661E+07
  0.9305555556E-01  0.5315429356E+07
  0.9333333333E-01  0.5268371085E+07
  0.9361111111E-01  0.5221312780E+07
  0.9388888889E-01  0.5174254485E+07
  0.9416666667E-01  0.5127196214E+07
  0.9444444444E-01  0.5080137909E+07
  0.9472222222E-01  0.5033079604E+07
  0.9500000000E-01  0.4986021342E+07
  0.9527777778E-01  0.4944119827E+07
  0.9555555556E-01  0.4902218310E+07
  0.9583333333E-01  0.4860316804E+07
  0.9611111111E-01  0.4818415298E+07
  0.9638888889E-01  0.4776513772E+07
  0.9666666667E-01  0.4734612266E+07
  0.9694444444E-01  0.4692710760E+07
  0.9722222222E-01  0.4650809233E+07
  0.9750000000E-01  0.4608907728E+07
  0.9777777778E-01  0.4567006222E+07
  0.9805555556E-01  0.4525104705E+07
  0.9833333333E-01  0.4483203189E+07
  0.9861111111E-01  0.4441301684E+07
  0.9888888889E-01  0.4399400178E+07
  0.9916666667E-01  0.4357498651E+07
  0.9944444444E-01  0.4315597145E+07
  0.9972222222E-01  0.4273695640E+07
  0.1000000000E+00  0.4231794123E+07
  0.1002777778E+00  0.4194999498E+07
  0.1005555556E+00  0.4158204906E+07
  0.1008333333E+00  0.4121410290E+07
  0.1011111111E+00  0.4084615665E+07
  0.1013888889E+00  0.4047821039E+07
  0.1016666667E+00  0.4011026458E+07
  0.1019444444E+00  0.3974231832E+07
  0.1022222222E+00  0.3937437217E+07
  0.1025000000E+00  0.3900642591E+07
  0.1027777778E+00  0.3863847989E+07
  0.1030555556E+00  0.3827053374E+07
  0.1033333333E+00  0.3790258748E+07
  0.1036111111E+00  0.3753464133E+07
  0.1038888889E+00  0.3716669508E+07
  0.1041666667E+00  0.3679874926E+07
  0.1044444444E+00  0.3643080301E+07
  0.1047222222E+00  0.3606285674E+07
  0.1050000000E+00  0.3569491059E+07
  0.1052777778E+00  0.3537633136E+07
  0.1055555556E+00  0.3505775168E+07
  0.1058333333E+00  0.3473917245E+07
  0.1061111111E+00  0.3442059288E+07
  0.1063888889E+00  0.3410201365E+07
  0.1066666667E+00  0.3378343408E+07
  0.1069444444E+00  0.3346485474E+07
  0.1072222222E+00  0.3314627518E+07
  0.1075000000E+00  0.3282769594E+07
  0.1077777778E+00  0.3250911638E+07
  0.1080555556E+00  0.3219053703E+07
  0.1083333333E+00  0.3187195746E+07
  0.1086111111E+00  0.3155337823E+07
  0.1088888889E+00  0.3123479867E+07
  0.1091666667E+00  0.3091621943E+07
  0.1094444444E+00  0.3059763976E+07
  0.1097222222E+00  0.3027906052E+07
  0.1100000000E+00  0.2996048096E+07
  0.1102777778E+00  0.2968850466E+07
  0.1105555556E+00  0.2941652814E+07
  0.1108333333E+00  0.2914455184E+07
  0.1111111111E+00  0.2887257533E+07
  0.1113888889E+00  0.2860059903E+07
  0.1116666667E+00  0.2832862263E+07
  0.1119444444E+00  0.2805664588E+07
  0.1122222222E+00  0.2778466948E+07
  0.1125000000E+00  0.2751269308E+07
  0.1127777778E+00  0.2724071667E+07
  0.1130555556E+00  0.2696874027E+07
  0.1133333333E+00  0.2669676397E+07
  0.1136111111E+00  0.2642478745E+07
  0.1138888889E+00  0.2615281115E+07
  0.1141666667E+00  0.2588083475E+07
  0.1144444444E+00  0.2560885800E+07
  0.1147222222E+00  0.2533688160E+07
  0.1150000000E+00  0.2506490530E+07
  0.1152777778E+00  0.2483597758E+07
  0.1155555556E+00  0.2460705040E+07
  0.1158333333E+00  0.2437812268E+07
  0.1161111111E+00  0.2414919507E+07
  0.1163888889E+00  0.2392026744E+07
  0.1166666667E+00  0.2369133983E+07
  0.1169444444E+00  0.2346241221E+07
  0.1172222222E+00  0.2323348460E+07
  0.1175000000E+00  0.2300455720E+07
  0.1177777778E+00  0.2277562969E+07
  0.1180555556E+00  0.2254670197E+07
  0.1183333333E+00  0.2231777446E+07
  0.1186111111E+00  0.2208884673E+07
  0.1188888889E+00  0.2185991912E+07
  0.1191666667E+00  0.2163099150E+07
  0.1194444444E+00  0.2140206388E+07
  0.1197222222E+00  0.2117313659E+07
  0.1200000000E+00  0.2094420899E+07
  0.1202777778E+00  0.2075419823E+07
  0.1205555556E+00  0.2056418771E+07
  0.1208333333E+00  0.2037417696E+07
  0.1211111111E+00  0.2018416654E+07
  0.1213888889E+00  0.1999415569E+07
  0.1216666667E+00  0.1980414527E+07
  0.1219444444E+00  0.1961413442E+07
  0.1222222222E+00  0.1942412400E+07
  0.1225000000E+00  0.1923411369E+07
  0.1227777778E+00  0.1904410284E+07
  0.1230555556E+00  0.1885409242E+07
  0.1233333333E+00  0.1866408157E+07
  0.1236111111E+00  0.1847407115E+07
  0.1238888889E+00  0.1828406040E+07
  0.1241666667E+00  0.1809404988E+07
  0.1244444444E+00  0.1790403913E+07
  0.1247222222E+00  0.1771402882E+07
  0.1250000000E+00  0.1752401797E+07
  0.1252777778E+00  0.1736843698E+07
  0.1255555556E+00  0.1721285578E+07
  0.1258333333E+00  0.1705727479E+07
  0.1261111111E+00  0.1690169381E+07
  0.1263888889E+00  0.1674611272E+07
  0.1266666667E+00  0.1659053140E+07
  0.1269444444E+00  0.1643495041E+07
  0.1272222222E+00  0.1627936932E+07
  0.1275000000E+00  0.1612378833E+07
  0.1277777778E+00  0.1596820734E+07
  0.1280555556E+00  0.1581262626E+07
  0.1283333333E+00  0.1565704516E+07
  0.1286111111E+00  0.1550146384E+07
  0.1288888889E+00  0.1534588275E+07
  0.1291666667E+00  0.1519030176E+07
  0.1294444444E+00  0.1503472077E+07
  0.1297222222E+00  0.1487913969E+07
  0.1300000000E+00  0.1472355870E+07
  0.1302777778E+00  0.1459778539E+07
  0.1305555556E+00  0.1447201187E+07
  0.1308333333E+00  0.1434623856E+07
  0.1311111111E+00  0.1422046515E+07
  0.1313888889E+00  0.1409469184E+07
  0.1316666667E+00  0.1396891842E+07
  0.1319444444E+00  0.1384314501E+07
  0.1322222222E+00  0.1371737170E+07
  0.1325000000E+00  0.1359159829E+07
  0.1327777778E+00  0.1346582487E+07
  0.1330555556E+00  0.1334005156E+07
  0.1333333333E+00  0.1321427815E+07
  0.1336111111E+00  0.1308850484E+07
  0.1338888889E+00  0.1296273131E+07
  0.1341666667E+00  0.1283695800E+07
  0.1344444444E+00  0.1271118469E+07
  0.1347222222E+00  0.1258541128E+07
  0.1350000000E+00  0.1245963786E+07
  0.1352777778E+00  0.1235908684E+07
  0.1355555556E+00  0.1225853603E+07
  0.1358333333E+00  0.1215798500E+07
  0.1361111111E+00  0.1205743386E+07
  0.1363888889E+00  0.1195688317E+07
  0.1366666667E+00  0.1185633203E+07
  0.1369444444E+00  0.1175578100E+07
  0.1372222222E+00  0.1165523020E+07
  0.1375000000E+00  0.1155467917E+07
  0.1377777778E+00  0.1145412836E+07
  0.1380555556E+00  0.1135357733E+07
  0.1383333333E+00  0.1125302619E+07
  0.1386111111E+00  0.1115247550E+07
  0.1388888889E+00  0.1105192436E+07
  0.1391666667E+00  0.1095137333E+07
  0.1394444444E+00  0.1085082253E+07
  0.1397222222E+00  0.1075027150E+07
  0.1400000000E+00  0.1064972069E+07
  0.1402777778E+00  0.1057001163E+07
  0.1405555556E+00  0.1049030280E+07
  0.1408333333E+00  0.1041059364E+07
  0.1411111111E+00  0.1033088481E+07
  0.1413888889E+00  0.1025117609E+07
  0.1416666667E+00  0.1017146681E+07
  0.1419444444E+00  0.1009175798E+07
  0.1422222222E+00  0.1001204882E+07
  0.1425000000E+00  0.9932339993E+06
  0.1427777778E+00  0.9852631098E+06
  0.1430555556E+00  0.9772922136E+06
  0.1433333333E+00  0.9693213175E+06
  0.1436111111E+00  0.9613504213E+06
  0.1438888889E+00  0.9533795351E+06
  0.1441666667E+00  0.9454086389E+06
  0.1444444444E+00  0.9374377428E+06
  0.1447222222E+00  0.9294668466E+06
  0.1450000000E+00  0.9214959493E+06
  0.1452777778E+00  0.9152038382E+06
  0.1455555556E+00  0.9089117417E+06
  0.1458333333E+00  0.9026196340E+06
  0.1461111111E+00  0.8963275263E+06
  0.1463888889E+00  0.8900354186E+06
  0.1466666667E+00  0.8837433109E+06
  0.1469444444E+00  0.8774512032E+06
  0.1472222222E+00  0.8711590955E+06
  0.1475000000E+00  0.8648669878E+06
  0.1477777778E+00  0.8585748801E+06
  0.1480555556E+00  0.8522827791E+06
  0.1483333333E+00  0.8459906714E+06
  0.1486111111E+00  0.8396985637E+06
  0.1488888889E+00  0.8334064560E+06
  0.1491666667E+00  0.8271143494E+06
  0.1494444444E+00  0.8208222417E+06
  0.1497222222E+00  0.8145301340E+06
  0.1500000000E+00  0.8082380274E+06
  0.1502777778E+00  0.8032609686E+06
  0.1505555556E+00  0.7982839242E+06
  0.1508333333E+00  0.7933068653E+06
  0.1511111111E+00  0.7883298076E+06
  0.1513888889E+00  0.7833527531E+06
  0.1516666667E+00  0.7783757043E+06
  0.1519444444E+00  0.7733986465E+06
  0.1522222222E+00  0.7684215910E+06
  0.1525000000E+00  0.7634445333E+06
  0.1527777778E+00  0.7584674877E+06
  0.1530555556E+00  0.7534904300E+06
  0.1533333333E+00  0.7485133712E+06
  0.1536111111E+00  0.7435363167E+06
  0.1538888889E+00  0.7385592679E+06
  0.1541666667E+00  0.7335822135E+06
  0.1544444444E+00  0.7286051546E+06
  0.1547222222E+00  0.7236280969E+06
  0.1550000000E+00  0.7186510513E+06
  0.1552777778E+00  0.7146733774E+06
  0.1555555556E+00  0.7106957101E+06
  0.1558333333E+00  0.7067180462E+06
  0.1561111111E+00  0.7027403823E+06
  0.1563888889E+00  0.6987627172E+06
  0.1566666667E+00  0.6947850533E+06
  0.1569444444E+00  0.6908073893E+06
  0.1572222222E+00  0.6868297254E+06
  0.1575000000E+00  0.6828520470E+06
  0.1577777778E+00  0.6788743831E+06
  0.1580555556E+00  0.6748967191E+06
  0.1583333333E+00  0.6709190553E+06
  0.1586111111E+00  0.6669413912E+06
  0.1588888889E+00  0.6629637262E+06
  0.1591666667E+00  0.6589860623E+06
  0.1594444444E+00  0.6550083950E+06
  0.1597222222E+00  0.6510307211E+06
  0.1600000000E+00  0.6470530561E+06
  0.1602777778E+00  0.6438099842E+06
  0.1605555556E+00  0.6405669024E+06
  0.1608333333E+00  0.6373238295E+06
  0.1611111111E+00  0.6340807477E+06
  0.1613888889E+00  0.6308376758E+06
  0.1616666667E+00  0.6275945895E+06
  0.1619444444E+00  0.6243515077E+06
  0.1622222222E+00  0.6211084359E+06
  0.1625000000E+00  0.6178653529E+06
  0.1627777778E+00  0.6146222812E+06
  0.1630555556E+00  0.6113791993E+06
  0.1633333333E+00  0.6081361263E+06
  0.1636111111E+00  0.6048930411E+06
  0.1638888889E+00  0.6016499594E+06
  0.1641666667E+00  0.5984068875E+06
  0.1644444444E+00  0.5951638046E+06
  0.1647222222E+00  0.5919207328E+06
  0.1650000000E+00  0.5886776510E+06
  0.1652777778E+00  0.5859546829E+06
  0.1655555556E+00  0.5832317281E+06
  0.1658333333E+00  0.5805087601E+06
  0.1661111111E+00  0.5777857921E+06
  0.1663888889E+00  0.5750628273E+06
  0.1666666667E+00  0.5723398592E+06
  0.1669444444E+00  0.5696169045E+06
  0.1672222222E+00  0.5668939364E+06
  0.1675000000E+00  0.5641709684E+06
  0.1677777778E+00  0.5614480037E+06
  0.1680555556E+00  0.5587250355E+06
  0.1683333333E+00  0.5560020809E+06
  0.1686111111E+00  0.5532791128E+06
  0.1688888889E+00  0.5505561447E+06
  0.1691666667E+00  0.5478331800E+06
  0.1694444444E+00  0.5451102119E+06
  0.1697222222E+00  0.5423872571E+06
  0.1700000000E+00  0.5396642891E+06
  0.1702777778E+00  0.5372960384E+06
  0.1705555556E+00  0.5349278022E+06
  0.1708333333E+00  0.5325595515E+06
  0.1711111111E+00  0.5301913041E+06
  0.1713888889E+00  0.5278230533E+06
  0.1716666667E+00  0.5254548160E+06
  0.1719444444E+00  0.5230865653E+06
  0.1722222222E+00  0.5207183180E+06
  0.1725000000E+00  0.5183500784E+06
  0.1727777778E+00  0.5159818310E+06
  0.1730555556E+00  0.5136135837E+06
  0.1733333333E+00  0.5112453430E+06
  0.1736111111E+00  0.5088770955E+06
  0.1738888889E+00  0.5065088448E+06
  0.1741666667E+00  0.5041406086E+06
  0.1744444444E+00  0.5017723579E+06
  0.1747222222E+00  0.4994041106E+06
  0.1750000000E+00  0.4970358699E+06
  0.1752777778E+00  0.4949011310E+06
  0.1755555556E+00  0.4927663888E+06
  0.1758333333E+00  0.4906316488E+06
  0.1761111111E+00  0.4884969000E+06
  0.1763888889E+00  0.4863621612E+06
  0.1766666667E+00  0.4842274191E+06
  0.1769444444E+00  0.4820926803E+06
  0.1772222222E+00  0.4799579403E+06
  0.1775000000E+00  0.4778231980E+06
  0.1777777778E+00  0.4756884592E+06
  0.1780555556E+00  0.4735537204E+06
  0.1783333333E+00  0.4714189816E+06
  0.1786111111E+00  0.4692842383E+06
  0.1788888889E+00  0.4671495015E+06
  0.1791666667E+00  0.4650147627E+06
  0.1794444444E+00  0.4628800204E+06
  0.1797222222E+00  0.4607452806E+06
  0.1800000000E+00  0.4586105407E+06
  0.1802777778E+00  0.4566268701E+06
  0.1805555556E+00  0.4546431974E+06
  0.1808333333E+00  0.4526595258E+06
  0.1811111111E+00  0.4506758542E+06
  0.1813888889E+00  0.4486921814E+06
  0.1816666667E+00  0.4467085098E+06
  0.1819444444E+00  0.4447248382E+06
  0.1822222222E+00  0.4427411665E+06
  0.1825000000E+00  0.4407574949E+06
  0.1827777778E+00  0.4387738223E+06
  0.1830555556E+00  0.4367901506E+06
  0.1833333333E+00  0.4348064789E+06
  0.1836111111E+00  0.4328228063E+06
  0.1838888889E+00  0.4308391346E+06
  0.1841666667E+00  0.4288554629E+06
  0.1844444444E+00  0.4268717914E+06
  0.1847222222E+00  0.4248881197E+06
  0.1850000000E+00  0.4229044481E+06
  0.1852777778E+00  0.4210221843E+06
  0.1855555556E+00  0.4191399173E+06
  0.1858333333E+00  0.4172576501E+06
  0.1861111111E+00  0.4153753830E+06
  0.1863888889E+00  0.4134931192E+06
  0.1866666667E+00  0.4116108510E+06
  0.1869444444E+00  0.4097285839E+06
  0.1872222222E+00  0.4078463168E+06
  0.1875000000E+00  0.4059640530E+06
  0.1877777778E+00  0.4040817859E+06
  0.1880555556E+00  0.4021995188E+06
  0.1883333333E+00  0.4003172517E+06
  0.1886111111E+00  0.3984349879E+06
  0.1888888889E+00  0.3965527209E+06
  0.1891666667E+00  0.3946704537E+06
  0.1894444444E+00  0.3927881866E+06
  0.1897222222E+00  0.3909059228E+06
  0.1900000000E+00  0.3890236558E+06
  0.1902777778E+00  0.3872189014E+06
  0.1905555556E+00  0.3854141482E+06
  0.1908333333E+00  0.3836093950E+06
  0.1911111111E+00  0.3818046427E+06
  0.1913888889E+00  0.3799998895E+06
  0.1916666667E+00  0.3781951385E+06
  0.1919444444E+00  0.3763903852E+06
  0.1922222222E+00  0.3745856320E+06
  0.1925000000E+00  0.3727808787E+06
  0.1927777778E+00  0.3709761266E+06
  0.1930555556E+00  0.3691713734E+06
  0.1933333333E+00  0.3673666190E+06
  0.1936111111E+00  0.3655618658E+06
  0.1938888889E+00  0.3637571159E+06
  0.1941666667E+00  0.3619523626E+06
  0.1944444444E+00  0.3601476104E+06
  0.1947222222E+00  0.3583428572E+06
  0.1950000000E+00  0.3565381028E+06
  0.1952777778E+00  0.3548063174E+06
  0.1955555556E+00  0.3530745295E+06
  0.1958333333E+00  0.3513427450E+06
  0.1961111111E+00  0.3496109584E+06
  0.1963888889E+00  0.3478791706E+06
  0.1966666667E+00  0.3461473861E+06
  0.1969444444E+00  0.3444155973E+06
  0.1972222222E+00  0.3426838116E+06
  0.1975000000E+00  0.3409520271E+06
  0.1977777778E+00  0.3392202382E+06
  0.1980555556E+00  0.3374884538E+06
  0.1983333333E+00  0.3357566672E+06
  0.1986111111E+00  0.3340248793E+06
  0.1988888889E+00  0.3322930948E+06
  0.1991666667E+00  0.3305613060E+06
  0.1994444444E+00  0.3288295203E+06
  0.1997222222E+00  0.3270977359E+06
  0.2000000000E+00  0.3253659470E+06
  0.2002777778E+00  0.3237153245E+06
  0.2005555556E+00  0.3220647008E+06
  0.2008333333E+00  0.3204140759E+06
  0.2011111111E+00  0.3187634534E+06
  0.2013888889E+00  0.3171128286E+06
  0.2016666667E+00  0.3154622028E+06
  0.2019444444E+00  0.3138115812E+06
  0.2022222222E+00  0.3121609575E+06
  0.2025000000E+00  0.3105103316E+06
  0.2027777778E+00  0.3088597102E+06
  0.2030555556E+00  0.3072090843E+06
  0.2033333333E+00  0.3055584595E+06
  0.2036111111E+00  0.3039078381E+06
  0.2038888889E+00  0.3022572132E+06
  0.2041666667E+00  0.3006065885E+06
  0.2044444444E+00  0.2989559658E+06
  0.2047222222E+00  0.2973053411E+06
  0.2050000000E+00  0.2956547164E+06
  0.2052777778E+00  0.2941011357E+06
  0.2055555556E+00  0.2925475542E+06
  0.2058333333E+00  0.2909939725E+06
  0.2061111111E+00  0.2894403909E+06
  0.2063888889E+00  0.2878868071E+06
  0.2066666667E+00  0.2863332265E+06
  0.2069444444E+00  0.2847796449E+06
  0.2072222222E+00  0.2832260643E+06
  0.2075000000E+00  0.2816724794E+06
  0.2077777778E+00  0.2801188977E+06
  0.2080555556E+00  0.2785653173E+06
  0.2083333333E+00  0.2770117367E+06
  0.2086111111E+00  0.2754581550E+06
  0.2088888889E+00  0.2739045702E+06
  0.2091666667E+00  0.2723509886E+06
  0.2094444444E+00  0.2707974090E+06
  0.2097222222E+00  0.2692438274E+06
  0.2100000000E+00  0.2676902425E+06
  0.2102777778E+00  0.2662522881E+06
  0.2105555556E+00  0.2648143293E+06
  0.2108333333E+00  0.2633763726E+06
  0.2111111111E+00  0.2619384148E+06
  0.2113888889E+00  0.2605004559E+06
  0.2116666667E+00  0.2590624983E+06
  0.2119444444E+00  0.2576245406E+06
  0.2122222222E+00  0.2561865828E+06
  0.2125000000E+00  0.2547486240E+06
  0.2127777778E+00  0.2533106661E+06
  0.2130555556E+00  0.2518727095E+06
  0.2133333333E+00  0.2504347540E+06
  0.2136111111E+00  0.2489967962E+06
  0.2138888889E+00  0.2475588375E+06
  0.2141666667E+00  0.2461208808E+06
  0.2144444444E+00  0.2446829220E+06
  0.2147222222E+00  0.2432449642E+06
  0.2150000000E+00  0.2418070064E+06
  0.2152777778E+00  0.2405021743E+06
  0.2155555556E+00  0.2391973421E+06
  0.2158333333E+00  0.2378925109E+06
  0.2161111111E+00  0.2365876787E+06
  0.2163888889E+00  0.2352828443E+06
  0.2166666667E+00  0.2339780121E+06
  0.2169444444E+00  0.2326731809E+06
  0.2172222222E+00  0.2313683487E+06
  0.2175000000E+00  0.2300635166E+06
  0.2177777778E+00  0.2287586854E+06
  0.2180555556E+00  0.2274538533E+06
  0.2183333333E+00  0.2261490221E+06
  0.2186111111E+00  0.2248441866E+06
  0.2188888889E+00  0.2235393544E+06
  0.2191666667E+00  0.2222345232E+06
  0.2194444444E+00  0.2209296911E+06
  0.2197222222E+00  0.2196248599E+06
  0.2200000000E+00  0.2183200278E+06
  0.2202777778E+00  0.2171623570E+06
  0.2205555556E+00  0.2160046874E+06
  0.2208333333E+00  0.2148470177E+06
  0.2211111111E+00  0.2136893470E+06
  0.2213888889E+00  0.2125316773E+06
  0.2216666667E+00  0.2113740066E+06
  0.2219444444E+00  0.2102163369E+06
  0.2222222222E+00  0.2090586662E+06
  0.2225000000E+00  0.2079009965E+06
  0.2227777778E+00  0.2067433269E+06
  0.2230555556E+00  0.2055856561E+06
  0.2233333333E+00  0.2044279865E+06
  0.2236111111E+00  0.2032703157E+06
  0.2238888889E+00  0.2021126461E+06
  0.2241666667E+00  0.2009549744E+06
  0.2244444444E+00  0.1997973047E+06
  0.2247222222E+00  0.1986396339E+06
  0.2250000000E+00  0.1974819643E+06
  0.2252777778E+00  0.1964799130E+06
  0.2255555556E+00  0.1954778629E+06
  0.2258333333E+00  0.1944758115E+06
  0.2261111111E+00  0.1934737614E+06
  0.2263888889E+00  0.1924717101E+06
  0.2266666667E+00  0.1914696599E+06
  0.2269444444E+00  0.1904676086E+06
  0.2272222222E+00  0.1894655584E+06
  0.2275000000E+00  0.1884635071E+06
  0.2277777778E+00  0.1874614569E+06
  0.2280555556E+00  0.1864594057E+06
  0.2283333333E+00  0.1854573544E+06
  0.2286111111E+00  0.1844553042E+06
  0.2288888889E+00  0.1834532529E+06
  0.2291666667E+00  0.1824512027E+06
  0.2294444444E+00  0.1814491514E+06
  0.2297222222E+00  0.1804471012E+06
  0.2300000000E+00  0.1794450500E+06
  0.2302777778E+00  0.1786010006E+06
  0.2305555556E+00  0.1777569502E+06
  0.2308333333E+00  0.1769128985E+06
  0.2311111111E+00  0.1760688480E+06
  0.2313888889E+00  0.1752247997E+06
  0.2316666667E+00  0.1743807492E+06
  0.2319444444E+00  0.1735366999E+06
  0.2322222222E+00  0.1726926505E+06
  0.2325000000E+00  0.1718486011E+06
  0.2327777778E+00  0.1710045483E+06
  0.2330555556E+00  0.1701604990E+06
  0.2333333333E+00  0.1693164495E+06
  0.2336111111E+00  0.1684724002E+06
  0.2338888889E+00  0.1676283497E+06
  0.2341666667E+00  0.1667843014E+06
  0.2344444444E+00  0.1659402510E+06
  0.2347222222E+00  0.1650961993E+06
  0.2350000000E+00  0.1642521488E+06
  0.2352777778E+00  0.1635620173E+06
  0.2355555556E+00  0.1628718836E+06
  0.2358333333E+00  0.1621817510E+06
  0.2361111111E+00  0.1614916183E+06
  0.2363888889E+00  0.1608014856E+06
  0.2366666667E+00  0.1601113497E+06
  0.2369444444E+00  0.1594212160E+06
  0.2372222222E+00  0.1587310833E+06
  0.2375000000E+00  0.1580409518E+06
  0.2377777778E+00  0.1573508191E+06
  0.2380555556E+00  0.1566606855E+06
  0.2383333333E+00  0.1559705528E+06
  0.2386111111E+00  0.1552804201E+06
  0.2388888889E+00  0.1545902841E+06
  0.2391666667E+00  0.1539001505E+06
  0.2394444444E+00  0.1532100189E+06
  0.2397222222E+00  0.1525198863E+06
  0.2400000000E+00  0.1518297536E+06
  0.2402777778E+00  0.1512836196E+06
  0.2405555556E+00  0.1507374845E+06
  0.2408333333E+00  0.1501913505E+06
  0.2411111111E+00  0.1496452198E+06
  0.2413888889E+00  0.1490990857E+06
  0.2416666667E+00  0.1485529528E+06
  0.2419444444E+00  0.1480068188E+06
  0.2422222222E+00  0.1474606880E+06
  0.2425000000E+00  0.1469145540E+06
  0.2427777778E+00  0.1463684200E+06
  0.2430555556E+00  0.1458222859E+06
  0.2433333333E+00  0.1452761518E+06
  0.2436111111E+00  0.1447300223E+06
  0.2438888889E+00  0.1441838882E+06
  0.2441666667E+00  0.1436377542E+06
  0.2444444444E+00  0.1430916191E+06
  0.2447222222E+00  0.1425454851E+06
  0.2450000000E+00  0.1419993544E+06
  0.2452777778E+00  0.1415824167E+06
  0.2455555556E+00  0.1411654769E+06
  0.2458333333E+00  0.1407485371E+06
  0.2461111111E+00  0.1403315994E+06
  0.2463888889E+00  0.1399146595E+06
  0.2466666667E+00  0.1394977208E+06
  0.2469444444E+00  0.1390807820E+06
  0.2472222222E+00  0.1386638433E+06
  0.2475000000E+00  0.1382469035E+06
  0.2477777778E+00  0.1378299647E+06
  0.2480555556E+00  0.1374130293E+06
  0.2483333333E+00  0.1369960895E+06
  0.2486111111E+00  0.1365791518E+06
  0.2488888889E+00  0.1361622120E+06
  0.2491666667E+00  0.1357452733E+06
  0.2494444444E+00  0.1353283345E+06
  0.2497222222E+00  0.1349113947E+06
  0.2500000000E+00  0.1344944560E+06
  0.2502777778E+00  0.1341881768E+06
  0.2505555556E+00  0.1338819020E+06
  0.2508333333E+00  0.1335756228E+06
  0.2511111111E+00  0.1332693448E+06
  0.2513888889E+00  0.1329630679E+06
  0.2516666667E+00  0.1326567898E+06
  0.2519444444E+00  0.1323505106E+06
  0.2522222222E+00  0.1320442326E+06
  0.2525000000E+00  0.1317379567E+06
  0.2527777778E+00  0.1314316776E+06
  0.2530555556E+00  0.1311253985E+06
  0.2533333333E+00  0.1308191237E+06
  0.2536111111E+00  0.1305128445E+06
  0.2538888889E+00  0.1302065664E+06
  0.2541666667E+00  0.1299002879E+06
  0.2544444444E+00  0.1295940109E+06
  0.2547222222E+00  0.1292877327E+06
  0.2550000000E+00  0.1289814553E+06
  0.2552777778E+00  0.1287651116E+06
  0.2555555556E+00  0.1285487687E+06
  0.2558333333E+00  0.1283324258E+06
  0.2561111111E+00  0.1281160829E+06
  0.2563888889E+00  0.1278997403E+06
  0.2566666667E+00  0.1276833985E+06
  0.2569444444E+00  0.1274670556E+06
  0.2572222222E+00  0.1272507116E+06
  0.2575000000E+00  0.1270343690E+06
  0.2577777778E+00  0.1268180261E+06
  0.2580555556E+00  0.1266016832E+06
  0.2583333333E+00  0.1263853403E+06
  0.2586111111E+00  0.1261689978E+06
  0.2588888889E+00  0.1259526538E+06
  0.2591666667E+00  0.1257363109E+06
  0.2594444444E+00  0.1255199690E+06
  0.2597222222E+00  0.1253036264E+06
  0.2600000000E+00  0.1250872835E+06
  0.2602777778E+00  0.1249391568E+06
  0.2605555556E+00  0.1247910310E+06
  0.2608333333E+00  0.1246429052E+06
  0.2611111111E+00  0.1244947774E+06
  0.2613888889E+00  0.1243466519E+06
  0.2616666667E+00  0.1241985252E+06
  0.2619444444E+00  0.1240503994E+06
  0.2622222222E+00  0.1239022737E+06
  0.2625000000E+00  0.1237541469E+06
  0.2627777778E+00  0.1236060211E+06
  0.2630555556E+00  0.1234578947E+06
  0.2633333333E+00  0.1233097686E+06
  0.2636111111E+00  0.1231616427E+06
  0.2638888889E+00  0.1230135159E+06
  0.2641666667E+00  0.1228653900E+06
  0.2644444444E+00  0.1227172631E+06
  0.2647222222E+00  0.1225691376E+06
  0.2650000000E+00  0.1224210107E+06
  0.2652777778E+00  0.1223198256E+06
  0.2655555556E+00  0.1222186410E+06
  0.2658333333E+00  0.1221174549E+06
  0.2661111111E+00  0.1220162702E+06
  0.2663888889E+00  0.1219150851E+06
  0.2666666667E+00  0.1218138995E+06
  0.2669444444E+00  0.1217127144E+06
  0.2672222222E+00  0.1216115287E+06
  0.2675000000E+00  0.1215103436E+06
  0.2677777778E+00  0.1214091586E+06
  0.2680555556E+00  0.1213079729E+06
  0.2683333333E+00  0.1212067878E+06
  0.2686111111E+00  0.1211056022E+06
  0.2688888889E+00  0.1210044171E+06
  0.2691666667E+00  0.1209032324E+06
  0.2694444444E+00  0.1208020463E+06
  0.2697222222E+00  0.1207008617E+06
  0.2700000000E+00  0.1205996756E+06
  0.2702777778E+00  0.1205257037E+06
  0.2705555556E+00  0.1204517316E+06
  0.2708333333E+00  0.1203777596E+06
  0.2711111111E+00  0.1203037875E+06
  0.2713888889E+00  0.1202298146E+06
  0.2716666667E+00  0.1201558424E+06
  0.2719444444E+00  0.1200818702E+06
  0.2722222222E+00  0.1200078984E+06
  0.2725000000E+00  0.1199339262E+06
  0.2727777778E+00  0.1198599534E+06
  0.2730555556E+00  0.1197859811E+06
  0.2733333333E+00  0.1197120093E+06
  0.2736111111E+00  0.1196380371E+06
  0.2738888889E+00  0.1195640653E+06
  0.2741666667E+00  0.1194900920E+06
  0.2744444444E+00  0.1194161199E+06
  0.2747222222E+00  0.1193421480E+06
  0.2750000000E+00  0.1192681758E+06
  0.2752777778E+00  0.1192040725E+06
  0.2755555556E+00  0.1191399698E+06
  0.2758333333E+00  0.1190758665E+06
  0.2761111111E+00  0.1190117638E+06
  0.2763888889E+00  0.1189476605E+06
  0.2766666667E+00  0.1188835578E+06
  0.2769444444E+00  0.1188194542E+06
  0.2772222222E+00  0.1187553518E+06
  0.2775000000E+00  0.1186912482E+06
  0.2777777778E+00  0.1186271458E+06
  0.2780555556E+00  0.1185630432E+06
  0.2783333333E+00  0.1184989398E+06
  0.2786111111E+00  0.1184348372E+06
  0.2788888889E+00  0.1183707338E+06
  0.2791666667E+00  0.1183066312E+06
  0.2794444444E+00  0.1182425274E+06
  0.2797222222E+00  0.1181784251E+06
  0.2800000000E+00  0.1181143214E+06
  0.2802777778E+00  0.1180458317E+06
  0.2805555556E+00  0.1179773417E+06
  0.2808333333E+00  0.1179088519E+06
  0.2811111111E+00  0.1178403629E+06
  0.2813888889E+00  0.1177718733E+06
  0.2816666667E+00  0.1177033832E+06
  0.2819444444E+00  0.1176348931E+06
  0.2822222222E+00  0.1175664034E+06
  0.2825000000E+00  0.1174979134E+06
  0.2827777778E+00  0.1174294237E+06
  0.2830555556E+00  0.1173609337E+06
  0.2833333333E+00  0.1172924440E+06
  0.2836111111E+00  0.1172239539E+06
  0.2838888889E+00  0.1171554642E+06
  0.2841666667E+00  0.1170869742E+06
  0.2844444444E+00  0.1170184844E+06
  0.2847222222E+00  0.1169499944E+06
  0.2850000000E+00  0.1168815054E+06
  0.2852777778E+00  0.1167978762E+06
  0.2855555556E+00  0.1167142475E+06
  0.2858333333E+00  0.1166306193E+06
  0.2861111111E+00  0.1165469897E+06
  0.2863888889E+00  0.1164633614E+06
  0.2866666667E+00  0.1163797328E+06
  0.2869444444E+00  0.1162961036E+06
  0.2872222222E+00  0.1162124749E+06
  0.2875000000E+00  0.1161288464E+06
  0.2877777778E+00  0.1160452172E+06
  0.2880555556E+00  0.1159615886E+06
  0.2883333333E+00  0.1158779603E+06
  0.2886111111E+00  0.1157943307E+06
  0.2888888889E+00  0.1157107025E+06
  0.2891666667E+00  0.1156270739E+06
  0.2894444444E+00  0.1155434446E+06
  0.2897222222E+00  0.1154598161E+06
  0.2900000000E+00  0.1153761875E+06
  0.2902777778E+00  0.1152701775E+06
  0.2905555556E+00  0.1151641684E+06
  0.2908333333E+00  0.1150581584E+06
  0.2911111111E+00  0.1149521494E+06
  0.2913888889E+00  0.1148461394E+06
  0.2916666667E+00  0.1147401304E+06
  0.2919444444E+00  0.1146341201E+06
  0.2922222222E+00  0.1145281110E+06
  0.2925000000E+00  0.1144221010E+06
  0.2927777778E+00  0.1143160920E+06
  0.2930555556E+00  0.1142100820E+06
  0.2933333333E+00  0.1141040730E+06
  0.2936111111E+00  0.1139980640E+06
  0.2938888889E+00  0.1138920537E+06
  0.2941666667E+00  0.1137860447E+06
  0.2944444444E+00  0.1136800347E+06
  0.2947222222E+00  0.1135740257E+06
  0.2950000000E+00  0.1134680157E+06
  0.2952777778E+00  0.1133360250E+06
  0.2955555556E+00  0.1132040347E+06
  0.2958333333E+00  0.1130720445E+06
  0.2961111111E+00  0.1129400552E+06
  0.2963888889E+00  0.1128080646E+06
  0.2966666667E+00  0.1126760742E+06
  0.2969444444E+00  0.1125440840E+06
  0.2972222222E+00  0.1124120933E+06
  0.2975000000E+00  0.1122801031E+06
  0.2977777778E+00  0.1121481128E+06
  0.2980555556E+00  0.1120161225E+06
  0.2983333333E+00  0.1118841319E+06
  0.2986111111E+00  0.1117521416E+06
  0.2988888889E+00  0.1116201513E+06
  0.2991666667E+00  0.1114881607E+06
  0.2994444444E+00  0.1113561704E+06
  0.2997222222E+00  0.1112241802E+06
  0.3000000000E+00  0.1110921908E+06
  0.3002777778E+00  0.1109337554E+06
  0.3005555556E+00  0.1107753213E+06
  0.3008333333E+00  0.1106168862E+06
  0.3011111111E+00  0.1104584520E+06
  0.3013888889E+00  0.1103000168E+06
  0.3016666667E+00  0.1101415827E+06
  0.3019444444E+00  0.1099831473E+06
  0.3022222222E+00  0.1098247132E+06
  0.3025000000E+00  0.1096662780E+06
  0.3027777778E+00  0.1095078439E+06
  0.3030555556E+00  0.1093494098E+06
  0.3033333333E+00  0.1091909747E+06
  0.3036111111E+00  0.1090325402E+06
  0.3038888889E+00  0.1088741050E+06
  0.3041666667E+00  0.1087156710E+06
  0.3044444444E+00  0.1085572358E+06
  0.3047222222E+00  0.1083988017E+06
  0.3050000000E+00  0.1082403665E+06
  0.3052777778E+00  0.1080578544E+06
  0.3055555556E+00  0.1078753423E+06
  0.3058333333E+00  0.1076928289E+06
  0.3061111111E+00  0.1075103168E+06
  0.3063888889E+00  0.1073278037E+06
  0.3066666667E+00  0.1071452916E+06
  0.3069444444E+00  0.1069627784E+06
  0.3072222222E+00  0.1067802663E+06
  0.3075000000E+00  0.1065977532E+06
  0.3077777778E+00  0.1064152411E+06
  0.3080555556E+00  0.1062327290E+06
  0.3083333333E+00  0.1060502159E+06
  0.3086111111E+00  0.1058677038E+06
  0.3088888889E+00  0.1056851907E+06
  0.3091666667E+00  0.1055026786E+06
  0.3094444444E+00  0.1053201655E+06
  0.3097222222E+00  0.1051376534E+06
  0.3100000000E+00  0.1049551403E+06
  0.3102777778E+00  0.1047532008E+06
  0.3105555556E+00  0.1045512616E+06
  0.3108333333E+00  0.1043493210E+06
  0.3111111111E+00  0.1041473819E+06
  0.3113888889E+00  0.1039454423E+06
  0.3116666667E+00  0.1037435020E+06
  0.3119444444E+00  0.1035415626E+06
  0.3122222222E+00  0.1033396233E+06
  0.3125000000E+00  0.1031376828E+06
  0.3127777778E+00  0.1029357436E+06
  0.3130555556E+00  0.1027338040E+06
  0.3133333333E+00  0.1025318638E+06
  0.3136111111E+00  0.1023299243E+06
  0.3138888889E+00  0.1021279851E+06
  0.3141666667E+00  0.1019260445E+06
  0.3144444444E+00  0.1017241054E+06
  0.3147222222E+00  0.1015221658E+06
  0.3150000000E+00  0.1013202256E+06
  0.3152777778E+00  0.1011052444E+06
  0.3155555556E+00  0.1008902641E+06
  0.3158333333E+00  0.1006752829E+06
  0.3161111111E+00  0.1004603016E+06
  0.3163888889E+00  0.1002453203E+06
  0.3166666667E+00  0.1000303401E+06
  0.3169444444E+00  0.9981535891E+05
  0.3172222222E+00  0.9960037763E+05
  0.3175000000E+00  0.9938539636E+05
  0.3177777778E+00  0.9917041609E+05
  0.3180555556E+00  0.9895543483E+05
  0.3183333333E+00  0.9874045355E+05
  0.3186111111E+00  0.9852547239E+05
  0.3188888889E+00  0.9831049112E+05
  0.3191666667E+00  0.9809551085E+05
  0.3194444444E+00  0.9788052959E+05
  0.3197222222E+00  0.9766554831E+05
  0.3200000000E+00  0.9745056704E+05
  0.3202777778E+00  0.9722990679E+05
  0.3205555556E+00  0.9700924676E+05
  0.3208333333E+00  0.9678858651E+05
  0.3211111111E+00  0.9656792615E+05
  0.3213888889E+00  0.9634726523E+05
  0.3216666667E+00  0.9612660486E+05
  0.3219444444E+00  0.9590594461E+05
  0.3222222222E+00  0.9568528458E+05
  0.3225000000E+00  0.9546462333E+05
  0.3227777778E+00  0.9524396297E+05
  0.3230555556E+00  0.9502330305E+05
  0.3233333333E+00  0.9480264269E+05
  0.3236111111E+00  0.9458198277E+05
  0.3238888889E+00  0.9436132141E+05
  0.3241666667E+00  0.9414066115E+05
  0.3244444444E+00  0.9392000111E+05
  0.3247222222E+00  0.9369934086E+05
  0.3250000000E+00  0.9347867950E+05
  0.3252777778E+00  0.9326031314E+05
  0.3255555556E+00  0.9304194577E+05
  0.3258333333E+00  0.9282357895E+05
  0.3261111111E+00  0.9260521158E+05
  0.3263888889E+00  0.9238684422E+05
  0.3266666667E+00  0.9216847785E+05
  0.3269444444E+00  0.9195011014E+05
  0.3272222222E+00  0.9173174366E+05
  0.3275000000E+00  0.9151337630E+05
  0.3277777778E+00  0.9129500959E+05
  0.3280555556E+00  0.9107664222E+05
  0.3283333333E+00  0.9085827485E+05
  0.3286111111E+00  0.9063990815E+05
  0.3288888889E+00  0.9042154067E+05
  0.3291666667E+00  0.9020317430E+05
  0.3294444444E+00  0.8998480660E+05
  0.3297222222E+00  0.8976643922E+05
  0.3300000000E+00  0.8954807286E+05
  0.3302777778E+00  0.8933975549E+05
  0.3305555556E+00  0.8913143723E+05
  0.3308333333E+00  0.8892311996E+05
  0.3311111111E+00  0.8871480271E+05
  0.3313888889E+00  0.8850648544E+05
  0.3316666667E+00  0.8829816819E+05
  0.3319444444E+00  0.8808984992E+05
  0.3322222222E+00  0.8788153267E+05
  0.3325000000E+00  0.8767321529E+05
  0.3327777778E+00  0.8746489804E+05
  0.3330555556E+00  0.8725658077E+05
  0.3333333333E+00  0.8704826251E+05
  0.3336111111E+00  0.8683994526E+05
  0.3338888889E+00  0.8663162799E+05
  0.3341666667E+00  0.8642331074E+05
  0.3344444444E+00  0.8621499347E+05
  0.3347222222E+00  0.8600667511E+05
  0.3350000000E+00  0.8579835784E+05
  0.3352777778E+00  0.8560735710E+05
  0.3355555556E+00  0.8541635734E+05
  0.3358333333E+00  0.8522535681E+05
  0.3361111111E+00  0.8503435606E+05
  0.3363888889E+00  0.8484335531E+05
  0.3366666667E+00  0.8465235445E+05
  0.3369444444E+00  0.8446135403E+05
  0.3372222222E+00  0.8427035328E+05
  0.3375000000E+00  0.8407935242E+05
  0.3377777778E+00  0.8388835166E+05
  0.3380555556E+00  0.8369735191E+05
  0.3383333333E+00  0.8350635139E+05
  0.3386111111E+00  0.8331535063E+05
  0.3388888889E+00  0.8312434989E+05
  0.3391666667E+00  0.8293334902E+05
  0.3394444444E+00  0.8274234826E+05
  0.3397222222E+00  0.8255134786E+05
  0.3400000000E+00  0.8236034699E+05
  0.3402777778E+00  0.8219291994E+05
  0.3405555556E+00  0.8202549301E+05
  0.3408333333E+00  0.8185806597E+05
  0.3411111111E+00  0.8169063892E+05
  0.3413888889E+00  0.8152321187E+05
  0.3416666667E+00  0.8135578482E+05
  0.3419444444E+00  0.8118835822E+05
  0.3422222222E+00  0.8102093118E+05
  0.3425000000E+00  0.8085350413E+05
  0.3427777778E+00  0.8068607609E+05
  0.3430555556E+00  0.8051864915E+05
  0.3433333333E+00  0.8035122210E+05
  0.3436111111E+00  0.8018379505E+05
  0.3438888889E+00  0.8001636802E+05
  0.3441666667E+00  0.7984894097E+05
  0.3444444444E+00  0.7968151403E+05
  0.3447222222E+00  0.7951408732E+05
  0.3450000000E+00  0.7934666027E+05
  0.3452777778E+00  0.7920776834E+05
  0.3455555556E+00  0.7906887675E+05
  0.3458333333E+00  0.7892998481E+05
  0.3461111111E+00  0.7879109321E+05
  0.3463888889E+00  0.7865220229E+05
  0.3466666667E+00  0.7851331068E+05
  0.3469444444E+00  0.7837441875E+05
  0.3472222222E+00  0.7823552716E+05
  0.3475000000E+00  0.7809663522E+05
  0.3477777778E+00  0.7795774462E+05
  0.3480555556E+00  0.7781885259E+05
  0.3483333333E+00  0.7767996099E+05
  0.3486111111E+00  0.7754106905E+05
  0.3488888889E+00  0.7740217746E+05
  0.3491666667E+00  0.7726328553E+05
  0.3494444444E+00  0.7712439492E+05
  0.3497222222E+00  0.7698550300E+05
  0.3500000000E+00  0.7684661140E+05
  0.3502777778E+00  0.7673969827E+05
  0.3505555556E+00  0.7663278537E+05
  0.3508333333E+00  0.7652587246E+05
  0.3511111111E+00  0.7641895968E+05
  0.3513888889E+00  0.7631204677E+05
  0.3516666667E+00  0.7620513354E+05
  0.3519444444E+00  0.7609822074E+05
  0.3522222222E+00  0.7599130784E+05
  0.3525000000E+00  0.7588439493E+05
  0.3527777778E+00  0.7577748081E+05
  0.3530555556E+00  0.7567056790E+05
  0.3533333333E+00  0.7556365500E+05
  0.3536111111E+00  0.7545674221E+05
  0.3538888889E+00  0.7534982898E+05
  0.3541666667E+00  0.7524291607E+05
  0.3544444444E+00  0.7513600328E+05
  0.3547222222E+00  0.7502909037E+05
  0.3550000000E+00  0.7492217725E+05
  0.3552777778E+00  0.7484905808E+05
  0.3555555556E+00  0.7477594034E+05
  0.3558333333E+00  0.7470282117E+05
  0.3561111111E+00  0.7462970211E+05
  0.3563888889E+00  0.7455658394E+05
  0.3566666667E+00  0.7448346488E+05
  0.3569444444E+00  0.7441034571E+05
  0.3572222222E+00  0.7433722765E+05
  0.3575000000E+00  0.7426410846E+05
  0.3577777778E+00  0.7419098940E+05
  0.3580555556E+00  0.7411787157E+05
  0.3583333333E+00  0.7404475251E+05
  0.3586111111E+00  0.7397163334E+05
  0.3588888889E+00  0.7389851528E+05
  0.3591666667E+00  0.7382539609E+05
  0.3594444444E+00  0.7375227703E+05
  0.3597222222E+00  0.7367915897E+05
  0.3600000000E+00  0.7360603980E+05
  0.3602777778E+00  0.7356686854E+05
  0.3605555556E+00  0.7352769641E+05
  0.3608333333E+00  0.7348852516E+05
  0.3611111111E+00  0.7344935401E+05
  0.3613888889E+00  0.7341018277E+05
  0.3616666667E+00  0.7337101052E+05
  0.3619444444E+00  0.7333183904E+05
  0.3622222222E+00  0.7329266779E+05
  0.3625000000E+00  0.7325349565E+05
  0.3627777778E+00  0.7321432441E+05
  0.3630555556E+00  0.7317515315E+05
  0.3633333333E+00  0.7313598101E+05
  0.3636111111E+00  0.7309680977E+05
  0.3638888889E+00  0.7305763851E+05
  0.3641666667E+00  0.7301846603E+05
  0.3644444444E+00  0.7297929479E+05
  0.3647222222E+00  0.7294012365E+05
  0.3650000000E+00  0.7290095239E+05
  0.3652777778E+00  0.7289430824E+05
  0.3655555556E+00  0.7288766364E+05
  0.3658333333E+00  0.7288101948E+05
  0.3661111111E+00  0.7287437522E+05
  0.3663888889E+00  0.7286773072E+05
  0.3666666667E+00  0.7286108645E+05
  0.3669444444E+00  0.7285444196E+05
  0.3672222222E+00  0.7284779770E+05
  0.3675000000E+00  0.7284115354E+05
  0.3677777778E+00  0.7283450893E+05
  0.3680555556E+00  0.7282786477E+05
  0.3683333333E+00  0.7282122018E+05
  0.3686111111E+00  0.7281457702E+05
  0.3688888889E+00  0.7280793275E+05
  0.3691666667E+00  0.7280128825E+05
  0.3694444444E+00  0.7279464398E+05
  0.3697222222E+00  0.7278799983E+05
  0.3700000000E+00  0.7278135534E+05
  0.3702777778E+00  0.7280434696E+05
  0.3705555556E+00  0.7282733924E+05
  0.3708333333E+00  0.7285033086E+05
  0.3711111111E+00  0.7287332226E+05
  0.3713888889E+00  0.7289631487E+05
  0.3716666667E+00  0.7291930617E+05
  0.3719444444E+00  0.7294229756E+05
  0.3722222222E+00  0.7296529017E+05
  0.3725000000E+00  0.7298828147E+05
  0.3727777778E+00  0.7301127308E+05
  0.3730555556E+00  0.7303426547E+05
  0.3733333333E+00  0.7305725710E+05
  0.3736111111E+00  0.7308024838E+05
  0.3738888889E+00  0.7310324111E+05
  0.3741666667E+00  0.7312623238E+05
  0.3744444444E+00  0.7314922401E+05
  0.3747222222E+00  0.7317221529E+05
  0.3750000000E+00  0.7319520802E+05
  0.3752777778E+00  0.7324375232E+05
  0.3755555556E+00  0.7329229696E+05
  0.3758333333E+00  0.7334084159E+05
  0.3761111111E+00  0.7338938589E+05
  0.3763888889E+00  0.7343793052E+05
  0.3766666667E+00  0.7348647515E+05
  0.3769444444E+00  0.7353501945E+05
  0.3772222222E+00  0.7358356409E+05
  0.3775000000E+00  0.7363210838E+05
  0.3777777778E+00  0.7368065302E+05
  0.3780555556E+00  0.7372919765E+05
  0.3783333333E+00  0.7377774195E+05
  0.3786111111E+00  0.7382628659E+05
  0.3788888889E+00  0.7387483121E+05
  0.3791666667E+00  0.7392337551E+05
  0.3794444444E+00  0.7397192015E+05
  0.3797222222E+00  0.7402046478E+05
  0.3800000000E+00  0.7406900907E+05
  0.3802777778E+00  0.7413797906E+05
  0.3805555556E+00  0.7420694870E+05
  0.3808333333E+00  0.7427591834E+05
  0.3811111111E+00  0.7434488810E+05
  0.3813888889E+00  0.7441385808E+05
  0.3816666667E+00  0.7448282772E+05
  0.3819444444E+00  0.7455179737E+05
  0.3822222222E+00  0.7462076702E+05
  0.3825000000E+00  0.7468973710E+05
  0.3827777778E+00  0.7475870675E+05
  0.3830555556E+00  0.7482767639E+05
  0.3833333333E+00  0.7489664637E+05
  0.3836111111E+00  0.7496561602E+05
  0.3838888889E+00  0.7503458577E+05
  0.3841666667E+00  0.7510355542E+05
  0.3844444444E+00  0.7517252540E+05
  0.3847222222E+00  0.7524149504E+05
  0.3850000000E+00  0.7531046468E+05
  0.3852777778E+00  0.7539415256E+05
  0.3855555556E+00  0.7547784055E+05
  0.3858333333E+00  0.7556152875E+05
  0.3861111111E+00  0.7564521663E+05
  0.3863888889E+00  0.7572890450E+05
  0.3866666667E+00  0.7581259238E+05
  0.3869444444E+00  0.7589628025E+05
  0.3872222222E+00  0.7597996912E+05
  0.3875000000E+00  0.7606365700E+05
  0.3877777778E+00  0.7614734487E+05
  0.3880555556E+00  0.7623103275E+05
  0.3883333333E+00  0.7631472073E+05
  0.3886111111E+00  0.7639840895E+05
  0.3888888889E+00  0.7648209682E+05
  0.3891666667E+00  0.7656578470E+05
  0.3894444444E+00  0.7664947257E+05
  0.3897222222E+00  0.7673316144E+05
  0.3900000000E+00  0.7681684932E+05
  0.3902777778E+00  0.7690905800E+05
  0.3905555556E+00  0.7700126769E+05
  0.3908333333E+00  0.7709347604E+05
  0.3911111111E+00  0.7718568572E+05
  0.3913888889E+00  0.7727789552E+05
  0.3916666667E+00  0.7737010420E+05
  0.3919444444E+00  0.7746231355E+05
  0.3922222222E+00  0.7755452224E+05
  0.3925000000E+00  0.7764673192E+05
  0.3927777778E+00  0.7773894160E+05
  0.3930555556E+00  0.7783115028E+05
  0.3933333333E+00  0.7792335964E+05
  0.3936111111E+00  0.7801556831E+05
  0.3938888889E+00  0.7810777800E+05
  0.3941666667E+00  0.7819998669E+05
  0.3944444444E+00  0.7829219604E+05
  0.3947222222E+00  0.7838440572E+05
  0.3950000000E+00  0.7847661440E+05
  0.3952777778E+00  0.7857118719E+05
  0.3955555556E+00  0.7866575985E+05
  0.3958333333E+00  0.7876033184E+05
  0.3961111111E+00  0.7885490463E+05
  0.3963888889E+00  0.7894947729E+05
  0.3966666667E+00  0.7904404896E+05
  0.3969444444E+00  0.7913862174E+05
  0.3972222222E+00  0.7923319473E+05
  0.3975000000E+00  0.7932776641E+05
  0.3977777778E+00  0.7942233907E+05
  0.3980555556E+00  0.7951691185E+05
  0.3983333333E+00  0.7961148385E+05
  0.3986111111E+00  0.7970605651E+05
  0.3988888889E+00  0.7980062829E+05
  0.3991666667E+00  0.7989520095E+05
  0.3994444444E+00  0.7998977362E+05
  0.3997222222E+00  0.8008434574E+05
  0.4000000000E+00  0.8017891840E+05
  0.4002777778E+00  0.8026988996E+05
  0.4005555556E+00  0.8036086096E+05
  0.4008333333E+00  0.8045183284E+05
  0.4011111111E+00  0.8054280452E+05
  0.4013888889E+00  0.8063377541E+05
  0.4016666667E+00  0.8072474741E+05
  0.4019444444E+00  0.8081571797E+05
  0.4022222222E+00  0.8090668997E+05
  0.4025000000E+00  0.8099766185E+05
  0.4027777778E+00  0.8108863241E+05
  0.4030555556E+00  0.8117960441E+05
  0.4033333333E+00  0.8127057630E+05
  0.4036111111E+00  0.8136154731E+05
  0.4038888889E+00  0.8145251886E+05
  0.4041666667E+00  0.8154348987E+05
  0.4044444444E+00  0.8163446176E+05
  0.4047222222E+00  0.8172543342E+05
  0.4050000000E+00  0.8181640432E+05
  0.4052777778E+00  0.8189835784E+05
  0.4055555556E+00  0.8198031137E+05
  0.4058333333E+00  0.8206226379E+05
  0.4061111111E+00  0.8214421732E+05
  0.4063888889E+00  0.8222616985E+05
  0.4066666667E+00  0.8230812304E+05
  0.4069444444E+00  0.8239007646E+05
  0.4072222222E+00  0.8247202899E+05
  0.4075000000E+00  0.8255398252E+05
  0.4077777778E+00  0.8263593505E+05
  0.4080555556E+00  0.8271788846E+05
  0.4083333333E+00  0.8279984199E+05
  0.4086111111E+00  0.8288179452E+05
  0.4088888889E+00  0.8296374805E+05
  0.4091666667E+00  0.8304570147E+05
  0.4094444444E+00  0.8312765400E+05
  0.4097222222E+00  0.8320960752E+05
  0.4100000000E+00  0.8329156006E+05
  0.4102777778E+00  0.8335984073E+05
  0.4105555556E+00  0.8342812175E+05
  0.4108333333E+00  0.8349640254E+05
  0.4111111111E+00  0.8356468355E+05
  0.4113888889E+00  0.8363296468E+05
  0.4116666667E+00  0.8370124435E+05
  0.4119444444E+00  0.8376952549E+05
  0.4122222222E+00  0.8383780651E+05
  0.4125000000E+00  0.8390608729E+05
  0.4127777778E+00  0.8397436831E+05
  0.4130555556E+00  0.8404264909E+05
  0.4133333333E+00  0.8411093011E+05
  0.4136111111E+00  0.8417921013E+05
  0.4138888889E+00  0.8424749091E+05
  0.4141666667E+00  0.8431577193E+05
  0.4144444444E+00  0.8438405272E+05
  0.4147222222E+00  0.8445233373E+05
  0.4150000000E+00  0.8452061485E+05
  0.4152777778E+00  0.8457149578E+05
  0.4155555556E+00  0.8462237681E+05
  0.4158333333E+00  0.8467325885E+05
  0.4161111111E+00  0.8472413988E+05
  0.4163888889E+00  0.8477502224E+05
  0.4166666667E+00  0.8482590328E+05
  0.4169444444E+00  0.8487678420E+05
  0.4172222222E+00  0.8492766622E+05
  0.4175000000E+00  0.8497854726E+05
  0.4177777778E+00  0.8502942863E+05
  0.4180555556E+00  0.8508031066E+05
  0.4183333333E+00  0.8513119170E+05
  0.4186111111E+00  0.8518207361E+05
  0.4188888889E+00  0.8523295464E+05
  0.4191666667E+00  0.8528383602E+05
  0.4194444444E+00  0.8533471804E+05
  0.4197222222E+00  0.8538559907E+05
  0.4200000000E+00  0.8543648111E+05
  0.4202777778E+00  0.8546733928E+05
  0.4205555556E+00  0.8549819811E+05
  0.4208333333E+00  0.8552905739E+05
  0.4211111111E+00  0.8555991622E+05
  0.4213888889E+00  0.8559077539E+05
  0.4216666667E+00  0.8562163434E+05
  0.4219444444E+00  0.8565249251E+05
  0.4222222222E+00  0.8568335134E+05
  0.4225000000E+00  0.8571421063E+05
  0.4227777778E+00  0.8574506946E+05
  0.4230555556E+00  0.8577592863E+05
  0.4233333333E+00  0.8580678757E+05
  0.4236111111E+00  0.8583764674E+05
  0.4238888889E+00  0.8586850457E+05
  0.4241666667E+00  0.8589936385E+05
  0.4244444444E+00  0.8593022269E+05
  0.4247222222E+00  0.8596108186E+05
  0.4250000000E+00  0.8599194080E+05
  0.4252777778E+00  0.8600130457E+05
  0.4255555556E+00  0.8601066844E+05
  0.4258333333E+00  0.8602003231E+05
  0.4261111111E+00  0.8602939607E+05
  0.4263888889E+00  0.8603875994E+05
  0.4266666667E+00  0.8604812370E+05
  0.4269444444E+00  0.8605748758E+05
  0.4272222222E+00  0.8606685145E+05
  0.4275000000E+00  0.8607621555E+05
  0.4277777778E+00  0.8608557842E+05
  0.4280555556E+00  0.8609494230E+05
  0.4283333333E+00  0.8610430606E+05
  0.4286111111E+00  0.8611366994E+05
  0.4288888889E+00  0.8612303381E+05
  0.4291666667E+00  0.8613239756E+05
  0.4294444444E+00  0.8614176143E+05
  0.4297222222E+00  0.8615112531E+05
  0.4300000000E+00  0.8616048907E+05
  0.4302777778E+00  0.8614805431E+05
  0.4305555556E+00  0.8613561866E+05
  0.4308333333E+00  0.8612318390E+05
  0.4311111111E+00  0.8611074813E+05
  0.4313888889E+00  0.8609831337E+05
  0.4316666667E+00  0.8608587871E+05
  0.4319444444E+00  0.8607344295E+05
  0.4322222222E+00  0.8606100818E+05
  0.4325000000E+00  0.8604857253E+05
  0.4327777778E+00  0.8603613776E+05
  0.4330555556E+00  0.8602370200E+05
  0.4333333333E+00  0.8601126724E+05
  0.4336111111E+00  0.8599883159E+05
  0.4338888889E+00  0.8598639683E+05
  0.4341666667E+00  0.8597396072E+05
  0.4344444444E+00  0.8596152596E+05
  0.4347222222E+00  0.8594909131E+05
  0.4350000000E+00  0.8593665555E+05
  0.4352777778E+00  0.8590323828E+05
  0.4355555556E+00  0.8586982001E+05
  0.4358333333E+00  0.8583640229E+05
  0.4361111111E+00  0.8580298402E+05
  0.4363888889E+00  0.8576956644E+05
  0.4366666667E+00  0.8573614817E+05
  0.4369444444E+00  0.8570272957E+05
  0.4372222222E+00  0.8566931230E+05
  0.4375000000E+00  0.8563589369E+05
  0.4377777778E+00  0.8560247632E+05
  0.4380555556E+00  0.8556905806E+05
  0.4383333333E+00  0.8553564045E+05
  0.4386111111E+00  0.8550222218E+05
  0.4388888889E+00  0.8546880458E+05
  0.4391666667E+00  0.8543538633E+05
  0.4394444444E+00  0.8540196872E+05
  0.4397222222E+00  0.8536855034E+05
  0.4400000000E+00  0.8533513307E+05
  0.4402777778E+00  0.8528259090E+05
  0.4405555556E+00  0.8523004974E+05
  0.4408333333E+00  0.8517750790E+05
  0.4411111111E+00  0.8512496673E+05
  0.4413888889E+00  0.8507242500E+05
  0.4416666667E+00  0.8501988384E+05
  0.4419444444E+00  0.8496734200E+05
  0.4422222222E+00  0.8491480083E+05
  0.4425000000E+00  0.8486225900E+05
  0.4427777778E+00  0.8480971782E+05
  0.4430555556E+00  0.8475717599E+05
  0.4433333333E+00  0.8470463482E+05
  0.4436111111E+00  0.8465209266E+05
  0.4438888889E+00  0.8459955182E+05
  0.4441666667E+00  0.8454700965E+05
  0.4444444444E+00  0.8449446882E+05
  0.4447222222E+00  0.8444192664E+05
  0.4450000000E+00  0.8438938481E+05
  0.4452777778E+00  0.8432040461E+05
  0.4455555556E+00  0.8425142429E+05
  0.4458333333E+00  0.8418244364E+05
  0.4461111111E+00  0.8411346344E+05
  0.4463888889E+00  0.8404448313E+05
  0.4466666667E+00  0.8397550282E+05
  0.4469444444E+00  0.8390652162E+05
  0.4472222222E+00  0.8383754130E+05
  0.4475000000E+00  0.8376856099E+05
  0.4477777778E+00  0.8369958078E+05
  0.4480555556E+00  0.8363060047E+05
  0.4483333333E+00  0.8356162016E+05
  0.4486111111E+00  0.8349263862E+05
  0.4488888889E+00  0.8342365831E+05
  0.4491666667E+00  0.8335467800E+05
  0.4494444444E+00  0.8328569779E+05
  0.4497222222E+00  0.8321671748E+05
  0.4500000000E+00  0.8314773717E+05
  0.4502777778E+00  0.8306570810E+05
  0.4505555556E+00  0.8298367937E+05
  0.4508333333E+00  0.8290165130E+05
  0.4511111111E+00  0.8281962222E+05
  0.4513888889E+00  0.8273759316E+05
  0.4516666667E+00  0.8265556442E+05
  0.4519444444E+00  0.8257353635E+05
  0.4522222222E+00  0.8249150728E+05
  0.4525000000E+00  0.8240947866E+05
  0.4527777778E+00  0.8232745058E+05
  0.4530555556E+00  0.8224542152E+05
  0.4533333333E+00  0.8216339245E+05
  0.4536111111E+00  0.8208136372E+05
  0.4538888889E+00  0.8199933564E+05
  0.4541666667E+00  0.8191730657E+05
  0.4544444444E+00  0.8183527784E+05
  0.4547222222E+00  0.8175324977E+05
  0.4550000000E+00  0.8167122070E+05
  0.4552777778E+00  0.8158001950E+05
  0.4555555556E+00  0.8148881828E+05
  0.4558333333E+00  0.8139761708E+05
  0.4561111111E+00  0.8130641587E+05
  0.4563888889E+00  0.8121521467E+05
  0.4566666667E+00  0.8112401346E+05
  0.4569444444E+00  0.8103281225E+05
  0.4572222222E+00  0.8094161105E+05
  0.4575000000E+00  0.8085040996E+05
  0.4577777778E+00  0.8075920875E+05
  0.4580555556E+00  0.8066800754E+05
  0.4583333333E+00  0.8057680634E+05
  0.4586111111E+00  0.8048560614E+05
  0.4588888889E+00  0.8039440492E+05
  0.4591666667E+00  0.8030320372E+05
  0.4594444444E+00  0.8021200252E+05
  0.4597222222E+00  0.8012080131E+05
  0.4600000000E+00  0.8002960010E+05
  0.4602777778E+00  0.7993333598E+05
  0.4605555556E+00  0.7983707164E+05
  0.4608333333E+00  0.7974080752E+05
  0.4611111111E+00  0.7964454406E+05
  0.4613888889E+00  0.7954827995E+05
  0.4616666667E+00  0.7945201584E+05
  0.4619444444E+00  0.7935575138E+05
  0.4622222222E+00  0.7925948766E+05
  0.4625000000E+00  0.7916322340E+05
  0.4627777778E+00  0.7906695949E+05
  0.4630555556E+00  0.7897069523E+05
  0.4633333333E+00  0.7887443143E+05
  0.4636111111E+00  0.7877816717E+05
  0.4638888889E+00  0.7868190325E+05
  0.4641666667E+00  0.7858563899E+05
  0.4644444444E+00  0.7848937508E+05
  0.4647222222E+00  0.7839311082E+05
  0.4650000000E+00  0.7829684690E+05
  0.4652777778E+00  0.7819964701E+05
  0.4655555556E+00  0.7810244702E+05
  0.4658333333E+00  0.7800524746E+05
  0.4661111111E+00  0.7790804746E+05
  0.4663888889E+00  0.7781084757E+05
  0.4666666667E+00  0.7771364768E+05
  0.4669444444E+00  0.7761644778E+05
  0.4672222222E+00  0.7751924822E+05
  0.4675000000E+00  0.7742204833E+05
  0.4677777778E+00  0.7732484832E+05
  0.4680555556E+00  0.7722764833E+05
  0.4683333333E+00  0.7713044878E+05
  0.4686111111E+00  0.7703324888E+05
  0.4688888889E+00  0.7693604899E+05
  0.4691666667E+00  0.7683884898E+05
  0.4694444444E+00  0.7674164909E+05
  0.4697222222E+00  0.7664444953E+05
  0.4700000000E+00  0.7654724964E+05
  0.4702777778E+00  0.7645304611E+05
  0.4705555556E+00  0.7635884247E+05
  0.4708333333E+00  0.7626463871E+05
  0.4711111111E+00  0.7617043505E+05
  0.4713888889E+00  0.7607623153E+05
  0.4716666667E+00  0.7598202789E+05
  0.4719444444E+00  0.7588782446E+05
  0.4722222222E+00  0.7579362082E+05
  0.4725000000E+00  0.7569941728E+05
  0.4727777778E+00  0.7560521341E+05
  0.4730555556E+00  0.7551100988E+05
  0.4733333333E+00  0.7541680635E+05
  0.4736111111E+00  0.7532260280E+05
  0.4738888889E+00  0.7522839928E+05
  0.4741666667E+00  0.7513419564E+05
  0.4744444444E+00  0.7503999211E+05
  0.4747222222E+00  0.7494578822E+05
  0.4750000000E+00  0.7485158469E+05
  0.4752777778E+00  0.7476392558E+05
  0.4755555556E+00  0.7467626657E+05
  0.4758333333E+00  0.7458860745E+05
  0.4761111111E+00  0.7450094834E+05
  0.4763888889E+00  0.7441328923E+05
  0.4766666667E+00  0.7432563021E+05
  0.4769444444E+00  0.7423797109E+05
  0.4772222222E+00  0.7415031198E+05
  0.4775000000E+00  0.7406265286E+05
  0.4777777778E+00  0.7397499385E+05
  0.4780555556E+00  0.7388733484E+05
  0.4783333333E+00  0.7379967572E+05
  0.4786111111E+00  0.7371201637E+05
  0.4788888889E+00  0.7362435726E+05
  0.4791666667E+00  0.7353669814E+05
  0.4794444444E+00  0.7344903904E+05
  0.4797222222E+00  0.7336138002E+05
  0.4800000000E+00  0.7327372091E+05
  0.4802777778E+00  0.7319558677E+05
  0.4805555556E+00  0.7311745253E+05
  0.4808333333E+00  0.7303931830E+05
  0.4811111111E+00  0.7296118383E+05
  0.4813888889E+00  0.7288304970E+05
  0.4816666667E+00  0.7280491546E+05
  0.4819444444E+00  0.7272678133E+05
  0.4822222222E+00  0.7264864710E+05
  0.4825000000E+00  0.7257051253E+05
  0.4827777778E+00  0.7249237840E+05
  0.4830555556E+00  0.7241424428E+05
  0.4833333333E+00  0.7233611003E+05
  0.4836111111E+00  0.7225797590E+05
  0.4838888889E+00  0.7217984134E+05
  0.4841666667E+00  0.7210170710E+05
  0.4844444444E+00  0.7202357296E+05
  0.4847222222E+00  0.7194543883E+05
  0.4850000000E+00  0.7186730471E+05
  0.4852777778E+00  0.7180102054E+05
  0.4855555556E+00  0.7173473658E+05
  0.4858333333E+00  0.7166845230E+05
  0.4861111111E+00  0.7160216814E+05
  0.4863888889E+00  0.7153588418E+05
  0.4866666667E+00  0.7146960022E+05
  0.4869444444E+00  0.7140331607E+05
  0.4872222222E+00  0.7133703211E+05
  0.4875000000E+00  0.7127074816E+05
  0.4877777778E+00  0.7120446420E+05
  0.4880555556E+00  0.7113818004E+05
  0.4883333333E+00  0.7107189576E+05
  0.4886111111E+00  0.7100561180E+05
  0.4888888889E+00  0.7093932763E+05
  0.4891666667E+00  0.7087304369E+05
  0.4894444444E+00  0.7080675973E+05
  0.4897222222E+00  0.7074047557E+05
  0.4900000000E+00  0.7067419161E+05
  0.4902777778E+00  0.7062132659E+05
  0.4905555556E+00  0.7056846168E+05
  0.4908333333E+00  0.7051559666E+05
  0.4911111111E+00  0.7046273174E+05
  0.4913888889E+00  0.7040986671E+05
  0.4916666667E+00  0.7035700179E+05
  0.4919444444E+00  0.7030413677E+05
  0.4922222222E+00  0.7025127175E+05
  0.4925000000E+00  0.7019840684E+05
  0.4927777778E+00  0.7014554215E+05
  0.4930555556E+00  0.7009267723E+05
  0.4933333333E+00  0.7003981221E+05
  0.4936111111E+00  0.6998694729E+05
  0.4938888889E+00  0.6993408227E+05
  0.4941666667E+00  0.6988121725E+05
  0.4944444444E+00  0.6982835234E+05
  0.4947222222E+00  0.6977548731E+05
  0.4950000000E+00  0.6972262239E+05
