  0.1027777778E-01  0.2258871685E+08
  0.1055555556E-01  0.2255823995E+08
  0.1083333333E-01  0.2252776249E+08
  0.1111111111E-01  0.2249728505E+08
  0.1138888889E-01  0.2246680792E+08
  0.1166666667E-01  0.2243633059E+08
  0.1194444444E-01  0.2240585358E+08
  0.1222222222E-01  0.2237537613E+08
  0.1250000000E-01  0.2234489868E+08
  0.1277777778E-01  0.2231442167E+08
  0.1305555556E-01  0.2228394432E+08
  0.1333333333E-01  0.2225346721E+08
  0.1361111111E-01  0.2222298976E+08
  0.1388888889E-01  0.2219251243E+08
  0.1416666667E-01  0.2216203530E+08
  0.1444444444E-01  0.2213155796E+08
  0.1472222222E-01  0.2210108085E+08
  0.1500000000E-01  0.2207060350E+08
  0.1527777778E-01  0.2202918527E+08
  0.1555555556E-01  0.2198776703E+08
  0.1583333333E-01  0.2194634879E+08
  0.1611111111E-01  0.2190493067E+08
  0.1638888889E-01  0.2186351242E+08
  0.1666666667E-01  0.2182209419E+08
  0.1694444444E-01  0.2178067606E+08
  0.1722222222E-01  0.2173925793E+08
  0.1750000000E-01  0.2169783970E+08
  0.1777777778E-01  0.2165642146E+08
  0.1805555556E-01  0.2161500332E+08
  0.1833333333E-01  0.2157358542E+08
  0.1861111111E-01  0.2153216719E+08
  0.1888888889E-01  0.2149074895E+08
  0.1916666667E-01  0.2144933083E+08
  0.1944444444E-01  0.2140791259E+08
  0.1972222222E-01  0.2136649435E+08
  0.2000000000E-01  0.2132507611E+08
  0.2027777778E-01  0.2127388239E+08
  0.2055555556E-01  0.2122268846E+08
  0.2083333333E-01  0.2117149486E+08
  0.2111111111E-01  0.2112030114E+08
  0.2138888889E-01  0.2106910720E+08
  0.2166666667E-01  0.2101791360E+08
  0.2194444444E-01  0.2096671988E+08
  0.2222222222E-01  0.2091552594E+08
  0.2250000000E-01  0.2086433211E+08
  0.2277777778E-01  0.2081313863E+08
  0.2305555556E-01  0.2076194469E+08
  0.2333333333E-01  0.2071075086E+08
  0.2361111111E-01  0.2065955737E+08
  0.2388888889E-01  0.2060836344E+08
  0.2416666667E-01  0.2055716960E+08
  0.2444444444E-01  0.2050597578E+08
  0.2472222222E-01  0.2045478217E+08
  0.2500000000E-01  0.2040358835E+08
  0.2527777778E-01  0.2034404139E+08
  0.2555555556E-01  0.2028449398E+08
  0.2583333333E-01  0.2022494647E+08
  0.2611111111E-01  0.2016539940E+08
  0.2638888889E-01  0.2010585244E+08
  0.2666666667E-01  0.2004630503E+08
  0.2694444444E-01  0.1998675763E+08
  0.2722222222E-01  0.1992721066E+08
  0.2750000000E-01  0.1986766359E+08
  0.2777777778E-01  0.1980811618E+08
  0.2805555556E-01  0.1974856878E+08
  0.2833333333E-01  0.1968902181E+08
  0.2861111111E-01  0.1962947464E+08
  0.2888888889E-01  0.1956992724E+08
  0.2916666667E-01  0.1951037983E+08
  0.2944444444E-01  0.1945083286E+08
  0.2972222222E-01  0.1939128580E+08
  0.3000000000E-01  0.1933173839E+08
  0.3027777778E-01  0.1926545154E+08
  0.3055555556E-01  0.1919916503E+08
  0.3083333333E-01  0.1913287818E+08
  0.3111111111E-01  0.1906659165E+08
  0.3138888889E-01  0.1900030491E+08
  0.3166666667E-01  0.1893401806E+08
  0.3194444444E-01  0.1886773154E+08
  0.3222222222E-01  0.1880144470E+08
  0.3250000000E-01  0.1873515785E+08
  0.3277777778E-01  0.1866887133E+08
  0.3305555556E-01  0.1860258448E+08
  0.3333333333E-01  0.1853629797E+08
  0.3361111111E-01  0.1847001122E+08
  0.3388888889E-01  0.1840372436E+08
  0.3416666667E-01  0.1833743785E+08
  0.3444444444E-01  0.1827115089E+08
  0.3472222222E-01  0.1820486437E+08
  0.3500000000E-01  0.1813857753E+08
  0.3527777778E-01  0.1806726512E+08
  0.3555555556E-01  0.1799595293E+08
  0.3583333333E-01  0.1792464040E+08
  0.3611111111E-01  0.1785332821E+08
  0.3638888889E-01  0.1778201590E+08
  0.3666666667E-01  0.1771070371E+08
  0.3694444444E-01  0.1763939119E+08
  0.3722222222E-01  0.1756807899E+08
  0.3750000000E-01  0.1749676658E+08
  0.3777777778E-01  0.1742545440E+08
  0.3805555556E-01  0.1735414187E+08
  0.3833333333E-01  0.1728282980E+08
  0.3861111111E-01  0.1721151726E+08
  0.3888888889E-01  0.1714020508E+08
  0.3916666667E-01  0.1706889256E+08
  0.3944444444E-01  0.1699758048E+08
  0.3972222222E-01  0.1692626796E+08
  0.4000000000E-01  0.1685495576E+08
  0.4027777778E-01  0.1678039241E+08
  0.4055555556E-01  0.1670582918E+08
  0.4083333333E-01  0.1663126605E+08
  0.4111111111E-01  0.1655670259E+08
  0.4138888889E-01  0.1648213935E+08
  0.4166666667E-01  0.1640757624E+08
  0.4194444444E-01  0.1633301278E+08
  0.4222222222E-01  0.1625844964E+08
  0.4250000000E-01  0.1618388652E+08
  0.4277777778E-01  0.1610932296E+08
  0.4305555556E-01  0.1603475983E+08
  0.4333333333E-01  0.1596019671E+08
  0.4361111111E-01  0.1588563313E+08
  0.4388888889E-01  0.1581107012E+08
  0.4416666667E-01  0.1573650700E+08
  0.4444444444E-01  0.1566194343E+08
  0.4472222222E-01  0.1558738030E+08
  0.4500000000E-01  0.1551281718E+08
  0.4527777778E-01  0.1543675195E+08
  0.4555555556E-01  0.1536068672E+08
  0.4583333333E-01  0.1528462161E+08
  0.4611111111E-01  0.1520855628E+08
  0.4638888889E-01  0.1513249106E+08
  0.4666666667E-01  0.1505642595E+08
  0.4694444444E-01  0.1498036071E+08
  0.4722222222E-01  0.1490429549E+08
  0.4750000000E-01  0.1482823027E+08
  0.4777777778E-01  0.1475216504E+08
  0.4805555556E-01  0.1467609981E+08
  0.4833333333E-01  0.1460003470E+08
  0.4861111111E-01  0.1452396937E+08
  0.4888888889E-01  0.1444790415E+08
  0.4916666667E-01  0.1437183903E+08
  0.4944444444E-01  0.1429577380E+08
  0.4972222222E-01  0.1421970869E+08
  0.5000000000E-01  0.1414364336E+08
  0.5027777778E-01  0.1406773844E+08
  0.5055555556E-01  0.1399183352E+08
  0.5083333333E-01  0.1391592850E+08
  0.5111111111E-01  0.1384002369E+08
  0.5138888889E-01  0.1376411867E+08
  0.5166666667E-01  0.1368821375E+08
  0.5194444444E-01  0.1361230873E+08
  0.5222222222E-01  0.1353640392E+08
  0.5250000000E-01  0.1346049889E+08
  0.5277777778E-01  0.1338459432E+08
  0.5305555556E-01  0.1330868939E+08
  0.5333333333E-01  0.1323278448E+08
  0.5361111111E-01  0.1315687946E+08
  0.5388888889E-01  0.1308097443E+08
  0.5416666667E-01  0.1300506962E+08
  0.5444444444E-01  0.1292916460E+08
  0.5472222222E-01  0.1285325968E+08
  0.5500000000E-01  0.1277735476E+08
  0.5527777778E-01  0.1270312666E+08
  0.5555555556E-01  0.1262889910E+08
  0.5583333333E-01  0.1255467119E+08
  0.5611111111E-01  0.1248044338E+08
  0.5638888889E-01  0.1240621551E+08
  0.5666666667E-01  0.1233198771E+08
  0.5694444444E-01  0.1225775991E+08
  0.5722222222E-01  0.1218353211E+08
  0.5750000000E-01  0.1210930420E+08
  0.5777777778E-01  0.1203507640E+08
  0.5805555556E-01  0.1196084849E+08
  0.5833333333E-01  0.1188662068E+08
  0.5861111111E-01  0.1181239289E+08
  0.5888888889E-01  0.1173816512E+08
  0.5916666667E-01  0.1166393721E+08
  0.5944444444E-01  0.1158970941E+08
  0.5972222222E-01  0.1151548151E+08
  0.6000000000E-01  0.1144125370E+08
  0.6027777778E-01  0.1137003335E+08
  0.6055555556E-01  0.1129881297E+08
  0.6083333333E-01  0.1122759251E+08
  0.6111111111E-01  0.1115637213E+08
  0.6138888889E-01  0.1108515188E+08
  0.6166666667E-01  0.1101393150E+08
  0.6194444444E-01  0.1094271104E+08
  0.6222222222E-01  0.1087149066E+08
  0.6250000000E-01  0.1080027041E+08
  0.6277777778E-01  0.1072904992E+08
  0.6305555556E-01  0.1065782958E+08
  0.6333333333E-01  0.1058660916E+08
  0.6361111111E-01  0.1051538888E+08
  0.6388888889E-01  0.1044416850E+08
  0.6416666667E-01  0.1037294808E+08
  0.6444444444E-01  0.1030172770E+08
  0.6472222222E-01  0.1023050739E+08
  0.6500000000E-01  0.1015928701E+08
  0.6527777778E-01  0.1009217519E+08
  0.6555555556E-01  0.1002506346E+08
  0.6583333333E-01  0.9957951676E+07
  0.6611111111E-01  0.9890839852E+07
  0.6638888889E-01  0.9823728121E+07
  0.6666666667E-01  0.9756616298E+07
  0.6694444444E-01  0.9689504508E+07
  0.6722222222E-01  0.9622392788E+07
  0.6750000000E-01  0.9555280964E+07
  0.6777777778E-01  0.9488169178E+07
  0.6805555556E-01  0.9421057455E+07
  0.6833333333E-01  0.9353945631E+07
  0.6861111111E-01  0.9286833800E+07
  0.6888888889E-01  0.9219722110E+07
  0.6916666667E-01  0.9152610290E+07
  0.6944444444E-01  0.9085498467E+07
  0.6972222222E-01  0.9018386781E+07
  0.7000000000E-01  0.8951274957E+07
  0.7027777778E-01  0.8889126347E+07
  0.7055555556E-01  0.8826977670E+07
  0.7083333333E-01  0.8764829071E+07
  0.7111111111E-01  0.8702680461E+07
  0.7138888889E-01  0.8640531784E+07
  0.7166666667E-01  0.8578383190E+07
  0.7194444444E-01  0.8516234580E+07
  0.7222222222E-01  0.8454086003E+07
  0.7250000000E-01  0.8391937304E+07
  0.7277777778E-01  0.8329788694E+07
  0.7305555556E-01  0.8267640117E+07
  0.7333333333E-01  0.8205491418E+07
  0.7361111111E-01  0.8143342808E+07
  0.7388888889E-01  0.8081194231E+07
  0.7416666667E-01  0.8019045621E+07
  0.7444444444E-01  0.7956896927E+07
  0.7472222222E-01  0.7894748350E+07
  0.7500000000E-01  0.7832599740E+07
  0.7527777778E-01  0.7776008700E+07
  0.7555555556E-01  0.7719417623E+07
  0.7583333333E-01  0.7662826683E+07
  0.7611111111E-01  0.7606235643E+07
  0.7638888889E-01  0.7549644704E+07
  0.7666666667E-01  0.7493053663E+07
  0.7694444444E-01  0.7436462589E+07
  0.7722222222E-01  0.7379871649E+07
  0.7750000000E-01  0.7323280608E+07
  0.7777777778E-01  0.7266689668E+07
  0.7805555556E-01  0.7210098628E+07
  0.7833333333E-01  0.7153507554E+07
  0.7861111111E-01  0.7096916614E+07
  0.7888888889E-01  0.7040325573E+07
  0.7916666667E-01  0.6983734633E+07
  0.7944444444E-01  0.6927143559E+07
  0.7972222222E-01  0.6870552519E+07
  0.8000000000E-01  0.6813961579E+07
  0.8027777778E-01  0.6763270834E+07
  0.8055555556E-01  0.6712580078E+07
  0.8083333333E-01  0.6661889290E+07
  0.8111111111E-01  0.6611198545E+07
  0.8138888889E-01  0.6560507790E+07
  0.8166666667E-01  0.6509817034E+07
  0.8194444444E-01  0.6459126244E+07
  0.8222222222E-01  0.6408435600E+07
  0.8250000000E-01  0.6357744845E+07
  0.8277777778E-01  0.6307054090E+07
  0.8305555556E-01  0.6256363345E+07
  0.8333333333E-01  0.6205672555E+07
  0.8361111111E-01  0.6154981801E+07
  0.8388888889E-01  0.6104291044E+07
  0.8416666667E-01  0.6053600300E+07
  0.8444444444E-01  0.6002909511E+07
  0.8472222222E-01  0.5952218755E+07
  0.8500000000E-01  0.5901528011E+07
  0.8527777778E-01  0.5856838669E+07
  0.8555555556E-01  0.5812149362E+07
  0.8583333333E-01  0.5767460032E+07
  0.8611111111E-01  0.5722770690E+07
  0.8638888889E-01  0.5678081393E+07
  0.8666666667E-01  0.5633391953E+07
  0.8694444444E-01  0.5588702644E+07
  0.8722222222E-01  0.5544013314E+07
  0.8750000000E-01  0.5499323983E+07
  0.8777777778E-01  0.5454634677E+07
  0.8805555556E-01  0.5409945315E+07
  0.8833333333E-01  0.5365255964E+07
  0.8861111111E-01  0.5320566657E+07
  0.8888888889E-01  0.5275877295E+07
  0.8916666667E-01  0.5231187955E+07
  0.8944444444E-01  0.5186498638E+07
  0.8972222222E-01  0.5141809276E+07
  0.9000000000E-01  0.5097119936E+07
  0.9027777778E-01  0.5058319823E+07
  0.9055555556E-01  0.5019519711E+07
  0.9083333333E-01  0.4980719566E+07
  0.9111111111E-01  0.4941919464E+07
  0.9138888889E-01  0.4903119351E+07
  0.9166666667E-01  0.4864319205E+07
  0.9194444444E-01  0.4825519092E+07
  0.9222222222E-01  0.4786718947E+07
  0.9250000000E-01  0.4747918845E+07
  0.9277777778E-01  0.4709118722E+07
  0.9305555556E-01  0.4670318586E+07
  0.9333333333E-01  0.4631518473E+07
  0.9361111111E-01  0.4592718339E+07
  0.9388888889E-01  0.4553918216E+07
  0.9416666667E-01  0.4515118103E+07
  0.9444444444E-01  0.4476317968E+07
  0.9472222222E-01  0.4437517844E+07
  0.9500000000E-01  0.4398717710E+07
  0.9527777778E-01  0.4365512592E+07
  0.9555555556E-01  0.4332307431E+07
  0.9583333333E-01  0.4299102282E+07
  0.9611111111E-01  0.4265897130E+07
  0.9638888889E-01  0.4232692003E+07
  0.9666666667E-01  0.4199486842E+07
  0.9694444444E-01  0.4166281691E+07
  0.9722222222E-01  0.4133076541E+07
  0.9750000000E-01  0.4099871389E+07
  0.9777777778E-01  0.4066666262E+07
  0.9805555556E-01  0.4033461102E+07
  0.9833333333E-01  0.4000255961E+07
  0.9861111111E-01  0.3967050800E+07
  0.9888888889E-01  0.3933845673E+07
  0.9916666667E-01  0.3900640521E+07
  0.9944444444E-01  0.3867435372E+07
  0.9972222222E-01  0.3834230221E+07
  0.1000000000E+00  0.3801025060E+07
  0.1002777778E+00  0.3772974172E+07
  0.1005555556E+00  0.3744923239E+07
  0.1008333333E+00  0.3716872350E+07
  0.1011111111E+00  0.3688821429E+07
  0.1013888889E+00  0.3660770540E+07
  0.1016666667E+00  0.3632719609E+07
  0.1019444444E+00  0.3604668731E+07
  0.1022222222E+00  0.3576617809E+07
  0.1025000000E+00  0.3548566911E+07
  0.1027777778E+00  0.3520515989E+07
  0.1030555556E+00  0.3492465101E+07
  0.1033333333E+00  0.3464414179E+07
  0.1036111111E+00  0.3436363280E+07
  0.1038888889E+00  0.3408312359E+07
  0.1041666667E+00  0.3380261470E+07
  0.1044444444E+00  0.3352210548E+07
  0.1047222222E+00  0.3324159650E+07
  0.1050000000E+00  0.3296108727E+07
  0.1052777778E+00  0.3272670535E+07
  0.1055555556E+00  0.3249232353E+07
  0.1058333333E+00  0.3225794161E+07
  0.1061111111E+00  0.3202355946E+07
  0.1063888889E+00  0.3178917742E+07
  0.1066666667E+00  0.3155479550E+07
  0.1069444444E+00  0.3132041368E+07
  0.1072222222E+00  0.3108603176E+07
  0.1075000000E+00  0.3085164961E+07
  0.1077777778E+00  0.3061726769E+07
  0.1080555556E+00  0.3038288564E+07
  0.1083333333E+00  0.3014850382E+07
  0.1086111111E+00  0.2991412190E+07
  0.1088888889E+00  0.2967973975E+07
  0.1091666667E+00  0.2944535783E+07
  0.1094444444E+00  0.2921097590E+07
  0.1097222222E+00  0.2897659397E+07
  0.1100000000E+00  0.2874221205E+07
  0.1102777778E+00  0.2854787698E+07
  0.1105555556E+00  0.2835354223E+07
  0.1108333333E+00  0.2815920716E+07
  0.1111111111E+00  0.2796487231E+07
  0.1113888889E+00  0.2777053746E+07
  0.1116666667E+00  0.2757620239E+07
  0.1119444444E+00  0.2738186764E+07
  0.1122222222E+00  0.2718753258E+07
  0.1125000000E+00  0.2699319773E+07
  0.1127777778E+00  0.2679886299E+07
  0.1130555556E+00  0.2660452780E+07
  0.1133333333E+00  0.2641019317E+07
  0.1136111111E+00  0.2621585799E+07
  0.1138888889E+00  0.2602152325E+07
  0.1141666667E+00  0.2582718807E+07
  0.1144444444E+00  0.2563285322E+07
  0.1147222222E+00  0.2543851858E+07
  0.1150000000E+00  0.2524418340E+07
  0.1152777778E+00  0.2508357697E+07
  0.1155555556E+00  0.2492297053E+07
  0.1158333333E+00  0.2476236398E+07
  0.1161111111E+00  0.2460175755E+07
  0.1163888889E+00  0.2444115112E+07
  0.1166666667E+00  0.2428054435E+07
  0.1169444444E+00  0.2411993802E+07
  0.1172222222E+00  0.2395933125E+07
  0.1175000000E+00  0.2379872482E+07
  0.1177777778E+00  0.2363811838E+07
  0.1180555556E+00  0.2347751172E+07
  0.1183333333E+00  0.2331690528E+07
  0.1186111111E+00  0.2315629885E+07
  0.1188888889E+00  0.2299569219E+07
  0.1191666667E+00  0.2283508575E+07
  0.1194444444E+00  0.2267447932E+07
  0.1197222222E+00  0.2251387256E+07
  0.1200000000E+00  0.2235326622E+07
  0.1202777778E+00  0.2222015901E+07
  0.1205555556E+00  0.2208705189E+07
  0.1208333333E+00  0.2195394445E+07
  0.1211111111E+00  0.2182083733E+07
  0.1213888889E+00  0.2168773012E+07
  0.1216666667E+00  0.2155462300E+07
  0.1219444444E+00  0.2142151588E+07
  0.1222222222E+00  0.2128840856E+07
  0.1225000000E+00  0.2115530111E+07
  0.1227777778E+00  0.2102219400E+07
  0.1230555556E+00  0.2088908688E+07
  0.1233333333E+00  0.2075597967E+07
  0.1236111111E+00  0.2062287255E+07
  0.1238888889E+00  0.2048976544E+07
  0.1241666667E+00  0.2035665832E+07
  0.1244444444E+00  0.2022355077E+07
  0.1247222222E+00  0.2009044366E+07
  0.1250000000E+00  0.1995733654E+07
  0.1252777778E+00  0.1984587782E+07
  0.1255555556E+00  0.1973441920E+07
  0.1258333333E+00  0.1962296058E+07
  0.1261111111E+00  0.1951150164E+07
  0.1263888889E+00  0.1940004291E+07
  0.1266666667E+00  0.1928858429E+07
  0.1269444444E+00  0.1917712568E+07
  0.1272222222E+00  0.1906566716E+07
  0.1275000000E+00  0.1895420810E+07
  0.1277777778E+00  0.1884274948E+07
  0.1280555556E+00  0.1873129087E+07
  0.1283333333E+00  0.1861983214E+07
  0.1286111111E+00  0.1850837352E+07
  0.1288888889E+00  0.1839691457E+07
  0.1291666667E+00  0.1828545596E+07
  0.1294444444E+00  0.1817399723E+07
  0.1297222222E+00  0.1806253871E+07
  0.1300000000E+00  0.1795108010E+07
  0.1302777778E+00  0.1785603699E+07
  0.1305555556E+00  0.1776099399E+07
  0.1308333333E+00  0.1766595088E+07
  0.1311111111E+00  0.1757090777E+07
  0.1313888889E+00  0.1747586487E+07
  0.1316666667E+00  0.1738082176E+07
  0.1319444444E+00  0.1728577865E+07
  0.1322222222E+00  0.1719073565E+07
  0.1325000000E+00  0.1709569264E+07
  0.1327777778E+00  0.1700064953E+07
  0.1330555556E+00  0.1690560653E+07
  0.1333333333E+00  0.1681056342E+07
  0.1336111111E+00  0.1671552031E+07
  0.1338888889E+00  0.1662047741E+07
  0.1341666667E+00  0.1652543430E+07
  0.1344444444E+00  0.1643039130E+07
  0.1347222222E+00  0.1633534819E+07
  0.1350000000E+00  0.1624030518E+07
  0.1352777778E+00  0.1615720447E+07
  0.1355555556E+00  0.1607410375E+07
  0.1358333333E+00  0.1599100280E+07
  0.1361111111E+00  0.1590790198E+07
  0.1363888889E+00  0.1582480137E+07
  0.1366666667E+00  0.1574170064E+07
  0.1369444444E+00  0.1565859982E+07
  0.1372222222E+00  0.1557549921E+07
  0.1375000000E+00  0.1549239815E+07
  0.1377777778E+00  0.1540929744E+07
  0.1380555556E+00  0.1532619672E+07
  0.1383333333E+00  0.1524309611E+07
  0.1386111111E+00  0.1515999529E+07
  0.1388888889E+00  0.1507689468E+07
  0.1391666667E+00  0.1499379362E+07
  0.1394444444E+00  0.1491069291E+07
  0.1397222222E+00  0.1482759219E+07
  0.1400000000E+00  0.1474449158E+07
  0.1402777778E+00  0.1466971868E+07
  0.1405555556E+00  0.1459494566E+07
  0.1408333333E+00  0.1452017277E+07
  0.1411111111E+00  0.1444540009E+07
  0.1413888889E+00  0.1437062719E+07
  0.1416666667E+00  0.1429585417E+07
  0.1419444444E+00  0.1422108139E+07
  0.1422222222E+00  0.1414630860E+07
  0.1425000000E+00  0.1407153548E+07
  0.1427777778E+00  0.1399676268E+07
  0.1430555556E+00  0.1392198990E+07
  0.1433333333E+00  0.1384721710E+07
  0.1436111111E+00  0.1377244399E+07
  0.1438888889E+00  0.1369767130E+07
  0.1441666667E+00  0.1362289841E+07
  0.1444444444E+00  0.1354812572E+07
  0.1447222222E+00  0.1347335250E+07
  0.1450000000E+00  0.1339857981E+07
  0.1452777778E+00  0.1332939928E+07
  0.1455555556E+00  0.1326021853E+07
  0.1458333333E+00  0.1319103810E+07
  0.1461111111E+00  0.1312185768E+07
  0.1463888889E+00  0.1305267692E+07
  0.1466666667E+00  0.1298349649E+07
  0.1469444444E+00  0.1291431607E+07
  0.1472222222E+00  0.1284513554E+07
  0.1475000000E+00  0.1277595479E+07
  0.1477777778E+00  0.1270677436E+07
  0.1480555556E+00  0.1263759394E+07
  0.1483333333E+00  0.1256841318E+07
  0.1486111111E+00  0.1249923275E+07
  0.1488888889E+00  0.1243005233E+07
  0.1491666667E+00  0.1236087147E+07
  0.1494444444E+00  0.1229169115E+07
  0.1497222222E+00  0.1222251062E+07
  0.1500000000E+00  0.1215332987E+07
  0.1502777778E+00  0.1208784790E+07
  0.1505555556E+00  0.1202236550E+07
  0.1508333333E+00  0.1195688320E+07
  0.1511111111E+00  0.1189140081E+07
  0.1513888889E+00  0.1182591851E+07
  0.1516666667E+00  0.1176043611E+07
  0.1519444444E+00  0.1169495371E+07
  0.1522222222E+00  0.1162947141E+07
  0.1525000000E+00  0.1156398935E+07
  0.1527777778E+00  0.1149850705E+07
  0.1530555556E+00  0.1143302465E+07
  0.1533333333E+00  0.1136754235E+07
  0.1536111111E+00  0.1130205996E+07
  0.1538888889E+00  0.1123657756E+07
  0.1541666667E+00  0.1117109526E+07
  0.1544444444E+00  0.1110561319E+07
  0.1547222222E+00  0.1104013090E+07
  0.1550000000E+00  0.1097464850E+07
  0.1552777778E+00  0.1091173722E+07
  0.1555555556E+00  0.1084882649E+07
  0.1558333333E+00  0.1078591555E+07
  0.1561111111E+00  0.1072300461E+07
  0.1563888889E+00  0.1066009343E+07
  0.1566666667E+00  0.1059718260E+07
  0.1569444444E+00  0.1053427166E+07
  0.1572222222E+00  0.1047136058E+07
  0.1575000000E+00  0.1040844951E+07
  0.1577777778E+00  0.1034553858E+07
  0.1580555556E+00  0.1028262754E+07
  0.1583333333E+00  0.1021971659E+07
  0.1586111111E+00  0.1015680555E+07
  0.1588888889E+00  0.1009389451E+07
  0.1591666667E+00  0.1003098365E+07
  0.1594444444E+00  0.9968072604E+06
  0.1597222222E+00  0.9905161562E+06
  0.1600000000E+00  0.9842250620E+06
  0.1602777778E+00  0.9781436381E+06
  0.1605555556E+00  0.9720622142E+06
  0.1608333333E+00  0.9659807803E+06
  0.1611111111E+00  0.9598993597E+06
  0.1613888889E+00  0.9538179247E+06
  0.1616666667E+00  0.9477365008E+06
  0.1619444444E+00  0.9416550769E+06
  0.1622222222E+00  0.9355736530E+06
  0.1625000000E+00  0.9294922324E+06
  0.1627777778E+00  0.9234108085E+06
  0.1630555556E+00  0.9173293735E+06
  0.1633333333E+00  0.9112479496E+06
  0.1636111111E+00  0.9051665257E+06
  0.1638888889E+00  0.8990851018E+06
  0.1641666667E+00  0.8930036812E+06
  0.1644444444E+00  0.8869222462E+06
  0.1647222222E+00  0.8808408256E+06
  0.1650000000E+00  0.8747593995E+06
  0.1652777778E+00  0.8688907832E+06
  0.1655555556E+00  0.8630221579E+06
  0.1658333333E+00  0.8571535416E+06
  0.1661111111E+00  0.8512849252E+06
  0.1663888889E+00  0.8454162989E+06
  0.1666666667E+00  0.8395476836E+06
  0.1669444444E+00  0.8336790673E+06
  0.1672222222E+00  0.8278104409E+06
  0.1675000000E+00  0.8219418257E+06
  0.1677777778E+00  0.8160732094E+06
  0.1680555556E+00  0.8102045830E+06
  0.1683333333E+00  0.8043359666E+06
  0.1686111111E+00  0.7984673514E+06
  0.1688888889E+00  0.7925987250E+06
  0.1691666667E+00  0.7867301086E+06
  0.1694444444E+00  0.7808614923E+06
  0.1697222222E+00  0.7749928671E+06
  0.1700000000E+00  0.7691242474E+06
  0.1702777778E+00  0.7635091165E+06
  0.1705555556E+00  0.7578939932E+06
  0.1708333333E+00  0.7522788589E+06
  0.1711111111E+00  0.7466637391E+06
  0.1713888889E+00  0.7410486048E+06
  0.1716666667E+00  0.7354334816E+06
  0.1719444444E+00  0.7298183472E+06
  0.1722222222E+00  0.7242032163E+06
  0.1725000000E+00  0.7185880931E+06
  0.1727777778E+00  0.7129729588E+06
  0.1730555556E+00  0.7073578356E+06
  0.1733333333E+00  0.7017427047E+06
  0.1736111111E+00  0.6961275814E+06
  0.1738888889E+00  0.6905124472E+06
  0.1741666667E+00  0.6848973140E+06
  0.1744444444E+00  0.6792821930E+06
  0.1747222222E+00  0.6736670587E+06
  0.1750000000E+00  0.6680519355E+06
  0.1752777778E+00  0.6627529657E+06
  0.1755555556E+00  0.6574539948E+06
  0.1758333333E+00  0.6521550251E+06
  0.1761111111E+00  0.6468560552E+06
  0.1763888889E+00  0.6415570854E+06
  0.1766666667E+00  0.6362581145E+06
  0.1769444444E+00  0.6309591447E+06
  0.1772222222E+00  0.6256601750E+06
  0.1775000000E+00  0.6203612051E+06
  0.1777777778E+00  0.6150622342E+06
  0.1780555556E+00  0.6097632645E+06
  0.1783333333E+00  0.6044642946E+06
  0.1786111111E+00  0.5991653248E+06
  0.1788888889E+00  0.5938663539E+06
  0.1791666667E+00  0.5885673841E+06
  0.1794444444E+00  0.5832684110E+06
  0.1797222222E+00  0.5779694412E+06
  0.1800000000E+00  0.5726704602E+06
  0.1802777778E+00  0.5677591596E+06
  0.1805555556E+00  0.5628478455E+06
  0.1808333333E+00  0.5579365349E+06
  0.1811111111E+00  0.5530252197E+06
  0.1813888889E+00  0.5481139090E+06
  0.1816666667E+00  0.5432025949E+06
  0.1819444444E+00  0.5382912832E+06
  0.1822222222E+00  0.5333799691E+06
  0.1825000000E+00  0.5284686585E+06
  0.1827777778E+00  0.5235573433E+06
  0.1830555556E+00  0.5186460293E+06
  0.1833333333E+00  0.5137347285E+06
  0.1836111111E+00  0.5088234146E+06
  0.1838888889E+00  0.5039121027E+06
  0.1841666667E+00  0.4990007887E+06
  0.1844444444E+00  0.4940894779E+06
  0.1847222222E+00  0.4891781629E+06
  0.1850000000E+00  0.4842668521E+06
  0.1852777778E+00  0.4798126011E+06
  0.1855555556E+00  0.4753583601E+06
  0.1858333333E+00  0.4709041124E+06
  0.1861111111E+00  0.4664498614E+06
  0.1863888889E+00  0.4619956104E+06
  0.1866666667E+00  0.4575413628E+06
  0.1869444444E+00  0.4530871218E+06
  0.1872222222E+00  0.4486328708E+06
  0.1875000000E+00  0.4441786251E+06
  0.1877777778E+00  0.4397243761E+06
  0.1880555556E+00  0.4352701271E+06
  0.1883333333E+00  0.4308158824E+06
  0.1886111111E+00  0.4263616334E+06
  0.1888888889E+00  0.4219073844E+06
  0.1891666667E+00  0.4174531387E+06
  0.1894444444E+00  0.4129988907E+06
  0.1897222222E+00  0.4085446417E+06
  0.1900000000E+00  0.4040903960E+06
  0.1902777778E+00  0.4001509567E+06
  0.1905555556E+00  0.3962115196E+06
  0.1908333333E+00  0.3922720826E+06
  0.1911111111E+00  0.3883326420E+06
  0.1913888889E+00  0.3843932049E+06
  0.1916666667E+00  0.3804537689E+06
  0.1919444444E+00  0.3765143318E+06
  0.1922222222E+00  0.3725748914E+06
  0.1925000000E+00  0.3686354554E+06
  0.1927777778E+00  0.3646960182E+06
  0.1930555556E+00  0.3607565788E+06
  0.1933333333E+00  0.3568171418E+06
  0.1936111111E+00  0.3528777047E+06
  0.1938888889E+00  0.3489382652E+06
  0.1941666667E+00  0.3449988282E+06
  0.1944444444E+00  0.3410593921E+06
  0.1947222222E+00  0.3371199518E+06
  0.1950000000E+00  0.3331805146E+06
  0.1952777778E+00  0.3297958849E+06
  0.1955555556E+00  0.3264112574E+06
  0.1958333333E+00  0.3230266277E+06
  0.1961111111E+00  0.3196420003E+06
  0.1963888889E+00  0.3162573694E+06
  0.1966666667E+00  0.3128727397E+06
  0.1969444444E+00  0.3094881133E+06
  0.1972222222E+00  0.3061034815E+06
  0.1975000000E+00  0.3027188517E+06
  0.1977777778E+00  0.2993342253E+06
  0.1980555556E+00  0.2959495945E+06
  0.1983333333E+00  0.2925649637E+06
  0.1986111111E+00  0.2891803373E+06
  0.1988888889E+00  0.2857957065E+06
  0.1991666667E+00  0.2824110800E+06
  0.1994444444E+00  0.2790264493E+06
  0.1997222222E+00  0.2756418196E+06
  0.2000000000E+00  0.2722571922E+06
  0.2002777778E+00  0.2694454644E+06
  0.2005555556E+00  0.2666337377E+06
  0.2008333333E+00  0.2638220099E+06
  0.2011111111E+00  0.2610102823E+06
  0.2013888889E+00  0.2581985556E+06
  0.2016666667E+00  0.2553868268E+06
  0.2019444444E+00  0.2525751002E+06
  0.2022222222E+00  0.2497633725E+06
  0.2025000000E+00  0.2469516447E+06
  0.2027777778E+00  0.2441399171E+06
  0.2030555556E+00  0.2413281904E+06
  0.2033333333E+00  0.2385164627E+06
  0.2036111111E+00  0.2357047349E+06
  0.2038888889E+00  0.2328930072E+06
  0.2041666667E+00  0.2300812805E+06
  0.2044444444E+00  0.2272695527E+06
  0.2047222222E+00  0.2244578251E+06
  0.2050000000E+00  0.2216460984E+06
  0.2052777778E+00  0.2194026680E+06
  0.2055555556E+00  0.2171592352E+06
  0.2058333333E+00  0.2149158023E+06
  0.2061111111E+00  0.2126723729E+06
  0.2063888889E+00  0.2104289392E+06
  0.2066666667E+00  0.2081855096E+06
  0.2069444444E+00  0.2059420769E+06
  0.2072222222E+00  0.2036986475E+06
  0.2075000000E+00  0.2014552147E+06
  0.2077777778E+00  0.1992117808E+06
  0.2080555556E+00  0.1969683514E+06
  0.2083333333E+00  0.1947249186E+06
  0.2086111111E+00  0.1924814892E+06
  0.2088888889E+00  0.1902380553E+06
  0.2091666667E+00  0.1879946259E+06
  0.2094444444E+00  0.1857511931E+06
  0.2097222222E+00  0.1835077603E+06
  0.2100000000E+00  0.1812643297E+06
  0.2102777778E+00  0.1795625017E+06
  0.2105555556E+00  0.1778606768E+06
  0.2108333333E+00  0.1761588510E+06
  0.2111111111E+00  0.1744570262E+06
  0.2113888889E+00  0.1727551970E+06
  0.2116666667E+00  0.1710533711E+06
  0.2119444444E+00  0.1693515474E+06
  0.2122222222E+00  0.1676497182E+06
  0.2125000000E+00  0.1659478933E+06
  0.2127777778E+00  0.1642460675E+06
  0.2130555556E+00  0.1625442393E+06
  0.2133333333E+00  0.1608424135E+06
  0.2136111111E+00  0.1591405886E+06
  0.2138888889E+00  0.1574387606E+06
  0.2141666667E+00  0.1557369357E+06
  0.2144444444E+00  0.1540351099E+06
  0.2147222222E+00  0.1523332850E+06
  0.2150000000E+00  0.1506314559E+06
  0.2152777778E+00  0.1494252034E+06
  0.2155555556E+00  0.1482189553E+06
  0.2158333333E+00  0.1470127028E+06
  0.2161111111E+00  0.1458064503E+06
  0.2163888889E+00  0.1446001978E+06
  0.2166666667E+00  0.1433939475E+06
  0.2169444444E+00  0.1421876961E+06
  0.2172222222E+00  0.1409814437E+06
  0.2175000000E+00  0.1397751912E+06
  0.2177777778E+00  0.1385689419E+06
  0.2180555556E+00  0.1373626906E+06
  0.2183333333E+00  0.1361564370E+06
  0.2186111111E+00  0.1349501845E+06
  0.2188888889E+00  0.1337439353E+06
  0.2191666667E+00  0.1325376839E+06
  0.2194444444E+00  0.1313314314E+06
  0.2197222222E+00  0.1301251789E+06
  0.2200000000E+00  0.1289189297E+06
  0.2202777778E+00  0.1281469793E+06
  0.2205555556E+00  0.1273750244E+06
  0.2208333333E+00  0.1266030749E+06
  0.2211111111E+00  0.1258311234E+06
  0.2213888889E+00  0.1250591739E+06
  0.2216666667E+00  0.1242872224E+06
  0.2219444444E+00  0.1235152719E+06
  0.2222222222E+00  0.1227433213E+06
  0.2225000000E+00  0.1219713709E+06
  0.2227777778E+00  0.1211994170E+06
  0.2230555556E+00  0.1204274665E+06
  0.2233333333E+00  0.1196555160E+06
  0.2236111111E+00  0.1188835655E+06
  0.2238888889E+00  0.1181116150E+06
  0.2241666667E+00  0.1173396645E+06
  0.2244444444E+00  0.1165677140E+06
  0.2247222222E+00  0.1157957601E+06
  0.2250000000E+00  0.1150238097E+06
  0.2252777778E+00  0.1146141952E+06
  0.2255555556E+00  0.1142045776E+06
  0.2258333333E+00  0.1137949643E+06
  0.2261111111E+00  0.1133853455E+06
  0.2263888889E+00  0.1129757279E+06
  0.2266666667E+00  0.1125661145E+06
  0.2269444444E+00  0.1121564969E+06
  0.2272222222E+00  0.1117468824E+06
  0.2275000000E+00  0.1113372648E+06
  0.2277777778E+00  0.1109276515E+06
  0.2280555556E+00  0.1105180339E+06
  0.2283333333E+00  0.1101084151E+06
  0.2286111111E+00  0.1096988018E+06
  0.2288888889E+00  0.1092891841E+06
  0.2291666667E+00  0.1088795697E+06
  0.2294444444E+00  0.1084699527E+06
  0.2297222222E+00  0.1080603374E+06
  0.2300000000E+00  0.1076507211E+06
  0.2302777778E+00  0.1075260102E+06
  0.2305555556E+00  0.1074012994E+06
  0.2308333333E+00  0.1072765896E+06
  0.2311111111E+00  0.1071518774E+06
  0.2313888889E+00  0.1070271677E+06
  0.2316666667E+00  0.1069024568E+06
  0.2319444444E+00  0.1067777471E+06
  0.2322222222E+00  0.1066530362E+06
  0.2325000000E+00  0.1065283261E+06
  0.2327777778E+00  0.1064036142E+06
  0.2330555556E+00  0.1062789034E+06
  0.2333333333E+00  0.1061541936E+06
  0.2336111111E+00  0.1060294828E+06
  0.2338888889E+00  0.1059047727E+06
  0.2341666667E+00  0.1057800618E+06
  0.2344444444E+00  0.1056553521E+06
  0.2347222222E+00  0.1055306402E+06
  0.2350000000E+00  0.1054059294E+06
  0.2352777778E+00  0.1054879809E+06
  0.2355555556E+00  0.1055700318E+06
  0.2358333333E+00  0.1056520831E+06
  0.2361111111E+00  0.1057341336E+06
  0.2363888889E+00  0.1058161844E+06
  0.2366666667E+00  0.1058982359E+06
  0.2369444444E+00  0.1059802862E+06
  0.2372222222E+00  0.1060623377E+06
  0.2375000000E+00  0.1061443882E+06
  0.2377777778E+00  0.1062264400E+06
  0.2380555556E+00  0.1063084904E+06
  0.2383333333E+00  0.1063905419E+06
  0.2386111111E+00  0.1064725923E+06
  0.2388888889E+00  0.1065546430E+06
  0.2391666667E+00  0.1066366945E+06
  0.2394444444E+00  0.1067187450E+06
  0.2397222222E+00  0.1068007965E+06
  0.2400000000E+00  0.1068828468E+06
  0.2402777778E+00  0.1070972199E+06
  0.2405555556E+00  0.1073115928E+06
  0.2408333333E+00  0.1075259666E+06
  0.2411111111E+00  0.1077403394E+06
  0.2413888889E+00  0.1079547121E+06
  0.2416666667E+00  0.1081690849E+06
  0.2419444444E+00  0.1083834577E+06
  0.2422222222E+00  0.1085978308E+06
  0.2425000000E+00  0.1088122045E+06
  0.2427777778E+00  0.1090265774E+06
  0.2430555556E+00  0.1092409502E+06
  0.2433333333E+00  0.1094553230E+06
  0.2436111111E+00  0.1096696957E+06
  0.2438888889E+00  0.1098840685E+06
  0.2441666667E+00  0.1100984416E+06
  0.2444444444E+00  0.1103128154E+06
  0.2447222222E+00  0.1105271881E+06
  0.2450000000E+00  0.1107415610E+06
  0.2452777778E+00  0.1110212220E+06
  0.2455555556E+00  0.1113008829E+06
  0.2458333333E+00  0.1115805435E+06
  0.2461111111E+00  0.1118602045E+06
  0.2463888889E+00  0.1121398654E+06
  0.2466666667E+00  0.1124195264E+06
  0.2469444444E+00  0.1126991870E+06
  0.2472222222E+00  0.1129788480E+06
  0.2475000000E+00  0.1132585090E+06
  0.2477777778E+00  0.1135381699E+06
  0.2480555556E+00  0.1138178308E+06
  0.2483333333E+00  0.1140974915E+06
  0.2486111111E+00  0.1143771524E+06
  0.2488888889E+00  0.1146568134E+06
  0.2491666667E+00  0.1149364744E+06
  0.2494444444E+00  0.1152161354E+06
  0.2497222222E+00  0.1154957960E+06
  0.2500000000E+00  0.1157754569E+06
  0.2502777778E+00  0.1160634411E+06
  0.2505555556E+00  0.1163514256E+06
  0.2508333333E+00  0.1166394098E+06
  0.2511111111E+00  0.1169273940E+06
  0.2513888889E+00  0.1172153782E+06
  0.2516666667E+00  0.1175033628E+06
  0.2519444444E+00  0.1177913459E+06
  0.2522222222E+00  0.1180793302E+06
  0.2525000000E+00  0.1183673143E+06
  0.2527777778E+00  0.1186552989E+06
  0.2530555556E+00  0.1189432831E+06
  0.2533333333E+00  0.1192312673E+06
  0.2536111111E+00  0.1195192515E+06
  0.2538888889E+00  0.1198072360E+06
  0.2541666667E+00  0.1200952202E+06
  0.2544444444E+00  0.1203832044E+06
  0.2547222222E+00  0.1206711886E+06
  0.2550000000E+00  0.1209591722E+06
  0.2552777778E+00  0.1212104421E+06
  0.2555555556E+00  0.1214617125E+06
  0.2558333333E+00  0.1217129826E+06
  0.2561111111E+00  0.1219642518E+06
  0.2563888889E+00  0.1222155222E+06
  0.2566666667E+00  0.1224667923E+06
  0.2569444444E+00  0.1227180615E+06
  0.2572222222E+00  0.1229693319E+06
  0.2575000000E+00  0.1232206020E+06
  0.2577777778E+00  0.1234718712E+06
  0.2580555556E+00  0.1237231413E+06
  0.2583333333E+00  0.1239744117E+06
  0.2586111111E+00  0.1242256809E+06
  0.2588888889E+00  0.1244769510E+06
  0.2591666667E+00  0.1247282214E+06
  0.2594444444E+00  0.1249794903E+06
  0.2597222222E+00  0.1252307607E+06
  0.2600000000E+00  0.1254820311E+06
  0.2602777778E+00  0.1256640821E+06
  0.2605555556E+00  0.1258461345E+06
  0.2608333333E+00  0.1260281857E+06
  0.2611111111E+00  0.1262102367E+06
  0.2613888889E+00  0.1263922891E+06
  0.2616666667E+00  0.1265743404E+06
  0.2619444444E+00  0.1267563914E+06
  0.2622222222E+00  0.1269384438E+06
  0.2625000000E+00  0.1271204951E+06
  0.2627777778E+00  0.1273025462E+06
  0.2630555556E+00  0.1274845985E+06
  0.2633333333E+00  0.1276666499E+06
  0.2636111111E+00  0.1278487008E+06
  0.2638888889E+00  0.1280307531E+06
  0.2641666667E+00  0.1282128045E+06
  0.2644444444E+00  0.1283948555E+06
  0.2647222222E+00  0.1285769079E+06
  0.2650000000E+00  0.1287589592E+06
  0.2652777778E+00  0.1288518183E+06
  0.2655555556E+00  0.1289446772E+06
  0.2658333333E+00  0.1290375353E+06
  0.2661111111E+00  0.1291303942E+06
  0.2663888889E+00  0.1292232532E+06
  0.2666666667E+00  0.1293161112E+06
  0.2669444444E+00  0.1294089702E+06
  0.2672222222E+00  0.1295018292E+06
  0.2675000000E+00  0.1295946872E+06
  0.2677777778E+00  0.1296875463E+06
  0.2680555556E+00  0.1297804052E+06
  0.2683333333E+00  0.1298732643E+06
  0.2686111111E+00  0.1299661222E+06
  0.2688888889E+00  0.1300589812E+06
  0.2691666667E+00  0.1301518402E+06
  0.2694444444E+00  0.1302446982E+06
  0.2697222222E+00  0.1303375572E+06
  0.2700000000E+00  0.1304304162E+06
  0.2702777778E+00  0.1304257364E+06
  0.2705555556E+00  0.1304210580E+06
  0.2708333333E+00  0.1304163792E+06
  0.2711111111E+00  0.1304117007E+06
  0.2713888889E+00  0.1304070209E+06
  0.2716666667E+00  0.1304023425E+06
  0.2719444444E+00  0.1303976637E+06
  0.2722222222E+00  0.1303929842E+06
  0.2725000000E+00  0.1303883054E+06
  0.2727777778E+00  0.1303836266E+06
  0.2730555556E+00  0.1303789482E+06
  0.2733333333E+00  0.1303742683E+06
  0.2736111111E+00  0.1303695899E+06
  0.2738888889E+00  0.1303649111E+06
  0.2741666667E+00  0.1303602316E+06
  0.2744444444E+00  0.1303555528E+06
  0.2747222222E+00  0.1303508744E+06
  0.2750000000E+00  0.1303461956E+06
  0.2752777778E+00  0.1302457009E+06
  0.2755555556E+00  0.1301452057E+06
  0.2758333333E+00  0.1300447109E+06
  0.2761111111E+00  0.1299442161E+06
  0.2763888889E+00  0.1298437210E+06
  0.2766666667E+00  0.1297432262E+06
  0.2769444444E+00  0.1296427310E+06
  0.2772222222E+00  0.1295422363E+06
  0.2775000000E+00  0.1294417415E+06
  0.2777777778E+00  0.1293412464E+06
  0.2780555556E+00  0.1292407516E+06
  0.2783333333E+00  0.1291402565E+06
  0.2786111111E+00  0.1290397617E+06
  0.2788888889E+00  0.1289392666E+06
  0.2791666667E+00  0.1288387717E+06
  0.2794444444E+00  0.1287382770E+06
  0.2797222222E+00  0.1286377819E+06
  0.2800000000E+00  0.1285372870E+06
  0.2802777778E+00  0.1283508989E+06
  0.2805555556E+00  0.1281645107E+06
  0.2808333333E+00  0.1279781230E+06
  0.2811111111E+00  0.1277917348E+06
  0.2813888889E+00  0.1276053466E+06
  0.2816666667E+00  0.1274189575E+06
  0.2819444444E+00  0.1272325696E+06
  0.2822222222E+00  0.1270461815E+06
  0.2825000000E+00  0.1268597933E+06
  0.2827777778E+00  0.1266734055E+06
  0.2830555556E+00  0.1264870173E+06
  0.2833333333E+00  0.1263006291E+06
  0.2836111111E+00  0.1261142410E+06
  0.2838888889E+00  0.1259278532E+06
  0.2841666667E+00  0.1257414651E+06
  0.2844444444E+00  0.1255550769E+06
  0.2847222222E+00  0.1253686891E+06
  0.2850000000E+00  0.1251823009E+06
  0.2852777778E+00  0.1249260834E+06
  0.2855555556E+00  0.1246698661E+06
  0.2858333333E+00  0.1244136486E+06
  0.2861111111E+00  0.1241574325E+06
  0.2863888889E+00  0.1239012149E+06
  0.2866666667E+00  0.1236449977E+06
  0.2869444444E+00  0.1233887801E+06
  0.2872222222E+00  0.1231325630E+06
  0.2875000000E+00  0.1228763455E+06
  0.2877777778E+00  0.1226201282E+06
  0.2880555556E+00  0.1223639107E+06
  0.2883333333E+00  0.1221076946E+06
  0.2886111111E+00  0.1218514769E+06
  0.2888888889E+00  0.1215952598E+06
  0.2891666667E+00  0.1213390422E+06
  0.2894444444E+00  0.1210828250E+06
  0.2897222222E+00  0.1208266075E+06
  0.2900000000E+00  0.1205703903E+06
  0.2902777778E+00  0.1202641655E+06
  0.2905555556E+00  0.1199579408E+06
  0.2908333333E+00  0.1196517151E+06
  0.2911111111E+00  0.1193454903E+06
  0.2913888889E+00  0.1190392656E+06
  0.2916666667E+00  0.1187330399E+06
  0.2919444444E+00  0.1184268151E+06
  0.2922222222E+00  0.1181205904E+06
  0.2925000000E+00  0.1178143645E+06
  0.2927777778E+00  0.1175081398E+06
  0.2930555556E+00  0.1172019141E+06
  0.2933333333E+00  0.1168956893E+06
  0.2936111111E+00  0.1165894646E+06
  0.2938888889E+00  0.1162832389E+06
  0.2941666667E+00  0.1159770145E+06
  0.2944444444E+00  0.1156707897E+06
  0.2947222222E+00  0.1153645640E+06
  0.2950000000E+00  0.1150583391E+06
  0.2952777778E+00  0.1147238570E+06
  0.2955555556E+00  0.1143893752E+06
  0.2958333333E+00  0.1140548931E+06
  0.2961111111E+00  0.1137204109E+06
  0.2963888889E+00  0.1133859291E+06
  0.2966666667E+00  0.1130514469E+06
  0.2969444444E+00  0.1127169651E+06
  0.2972222222E+00  0.1123824829E+06
  0.2975000000E+00  0.1120480011E+06
  0.2977777778E+00  0.1117135190E+06
  0.2980555556E+00  0.1113790367E+06
  0.2983333333E+00  0.1110445550E+06
  0.2986111111E+00  0.1107100727E+06
  0.2988888889E+00  0.1103755910E+06
  0.2991666667E+00  0.1100411087E+06
  0.2994444444E+00  0.1097066270E+06
  0.2997222222E+00  0.1093721448E+06
  0.3000000000E+00  0.1090376630E+06
  0.3002777778E+00  0.1086964420E+06
  0.3005555556E+00  0.1083552220E+06
  0.3008333333E+00  0.1080140010E+06
  0.3011111111E+00  0.1076727811E+06
  0.3013888889E+00  0.1073315611E+06
  0.3016666667E+00  0.1069903400E+06
  0.3019444444E+00  0.1066491201E+06
  0.3022222222E+00  0.1063079004E+06
  0.3025000000E+00  0.1059666794E+06
  0.3027777778E+00  0.1056254595E+06
  0.3030555556E+00  0.1052842395E+06
  0.3033333333E+00  0.1049430185E+06
  0.3036111111E+00  0.1046017985E+06
  0.3038888889E+00  0.1042605775E+06
  0.3041666667E+00  0.1039193576E+06
  0.3044444444E+00  0.1035781379E+06
  0.3047222222E+00  0.1032369168E+06
  0.3050000000E+00  0.1028956969E+06
  0.3052777778E+00  0.1025675750E+06
  0.3055555556E+00  0.1022394535E+06
  0.3058333333E+00  0.1019113316E+06
  0.3061111111E+00  0.1015832097E+06
  0.3063888889E+00  0.1012550881E+06
  0.3066666667E+00  0.1009269662E+06
  0.3069444444E+00  0.1005988443E+06
  0.3072222222E+00  0.1002707228E+06
  0.3075000000E+00  0.9994260101E+05
  0.3077777778E+00  0.9961447945E+05
  0.3080555556E+00  0.9928635756E+05
  0.3083333333E+00  0.9895823567E+05
  0.3086111111E+00  0.9863011411E+05
  0.3088888889E+00  0.9830199222E+05
  0.3091666667E+00  0.9797387032E+05
  0.3094444444E+00  0.9764574877E+05
  0.3097222222E+00  0.9731762688E+05
  0.3100000000E+00  0.9698950499E+05
  0.3102777778E+00  0.9669138135E+05
  0.3105555556E+00  0.9639325738E+05
  0.3108333333E+00  0.9609513363E+05
  0.3111111111E+00  0.9579700966E+05
  0.3113888889E+00  0.9549888603E+05
  0.3116666667E+00  0.9520076196E+05
  0.3119444444E+00  0.9490263832E+05
  0.3122222222E+00  0.9460451435E+05
  0.3125000000E+00  0.9430638960E+05
  0.3127777778E+00  0.9400826563E+05
  0.3130555556E+00  0.9371014200E+05
  0.3133333333E+00  0.9341201791E+05
  0.3136111111E+00  0.9311389428E+05
  0.3138888889E+00  0.9281577031E+05
  0.3141666667E+00  0.9251764656E+05
  0.3144444444E+00  0.9221952259E+05
  0.3147222222E+00  0.9192139896E+05
  0.3150000000E+00  0.9162327388E+05
  0.3152777778E+00  0.9136829703E+05
  0.3155555556E+00  0.9111331984E+05
  0.3158333333E+00  0.9085834267E+05
  0.3161111111E+00  0.9060336481E+05
  0.3163888889E+00  0.9034838762E+05
  0.3166666667E+00  0.9009341044E+05
  0.3169444444E+00  0.8983843259E+05
  0.3172222222E+00  0.8958345540E+05
  0.3175000000E+00  0.8932847722E+05
  0.3177777778E+00  0.8907350037E+05
  0.3180555556E+00  0.8881852317E+05
  0.3183333333E+00  0.8856354600E+05
  0.3186111111E+00  0.8830856814E+05
  0.3188888889E+00  0.8805359096E+05
  0.3191666667E+00  0.8779861378E+05
  0.3194444444E+00  0.8754363559E+05
  0.3197222222E+00  0.8728865874E+05
  0.3200000000E+00  0.8703368155E+05
  0.3202777778E+00  0.8683064314E+05
  0.3205555556E+00  0.8662760584E+05
  0.3208333333E+00  0.8642456710E+05
  0.3211111111E+00  0.8622152969E+05
  0.3213888889E+00  0.8601849228E+05
  0.3216666667E+00  0.8581545386E+05
  0.3219444444E+00  0.8561241645E+05
  0.3222222222E+00  0.8540937782E+05
  0.3225000000E+00  0.8520634041E+05
  0.3227777778E+00  0.8500330300E+05
  0.3230555556E+00  0.8480026458E+05
  0.3233333333E+00  0.8459722718E+05
  0.3236111111E+00  0.8439418943E+05
  0.3238888889E+00  0.8419115113E+05
  0.3241666667E+00  0.8398811371E+05
  0.3244444444E+00  0.8378507530E+05
  0.3247222222E+00  0.8358203790E+05
  0.3250000000E+00  0.8337900015E+05
  0.3252777778E+00  0.8323244112E+05
  0.3255555556E+00  0.8308588197E+05
  0.3258333333E+00  0.8293932361E+05
  0.3261111111E+00  0.8279276446E+05
  0.3263888889E+00  0.8264620609E+05
  0.3266666667E+00  0.8249964707E+05
  0.3269444444E+00  0.8235308792E+05
  0.3272222222E+00  0.8220652955E+05
  0.3275000000E+00  0.8205997041E+05
  0.3277777778E+00  0.8191341238E+05
  0.3280555556E+00  0.8176685289E+05
  0.3283333333E+00  0.8162029387E+05
  0.3286111111E+00  0.8147373539E+05
  0.3288888889E+00  0.8132717635E+05
  0.3291666667E+00  0.8118061722E+05
  0.3294444444E+00  0.8103405885E+05
  0.3297222222E+00  0.8088749970E+05
  0.3300000000E+00  0.8074094134E+05
  0.3302777778E+00  0.8065109500E+05
  0.3305555556E+00  0.8056124864E+05
  0.3308333333E+00  0.8047140208E+05
  0.3311111111E+00  0.8038155574E+05
  0.3313888889E+00  0.8029171006E+05
  0.3316666667E+00  0.8020186372E+05
  0.3319444444E+00  0.8011201736E+05
  0.3322222222E+00  0.8002217069E+05
  0.3325000000E+00  0.7993232445E+05
  0.3327777778E+00  0.7984247911E+05
  0.3330555556E+00  0.7975263243E+05
  0.3333333333E+00  0.7966278608E+05
  0.3336111111E+00  0.7957293940E+05
  0.3338888889E+00  0.7948309306E+05
  0.3341666667E+00  0.7939324783E+05
  0.3344444444E+00  0.7930340115E+05
  0.3347222222E+00  0.7921355480E+05
  0.3350000000E+00  0.7912370846E+05
  0.3352777778E+00  0.7908715882E+05
  0.3355555556E+00  0.7905060851E+05
  0.3358333333E+00  0.7901405909E+05
  0.3361111111E+00  0.7897750877E+05
  0.3363888889E+00  0.7894095846E+05
  0.3366666667E+00  0.7890440915E+05
  0.3369444444E+00  0.7886785873E+05
  0.3372222222E+00  0.7883130941E+05
  0.3375000000E+00  0.7879475911E+05
  0.3377777778E+00  0.7875820980E+05
  0.3380555556E+00  0.7872165937E+05
  0.3383333333E+00  0.7868511006E+05
  0.3386111111E+00  0.7864855975E+05
  0.3388888889E+00  0.7861200933E+05
  0.3391666667E+00  0.7857546002E+05
  0.3394444444E+00  0.7853890970E+05
  0.3397222222E+00  0.7850236039E+05
  0.3400000000E+00  0.7846580997E+05
  0.3402777778E+00  0.7847603921E+05
  0.3405555556E+00  0.7848626834E+05
  0.3408333333E+00  0.7849649760E+05
  0.3411111111E+00  0.7850672673E+05
  0.3413888889E+00  0.7851695553E+05
  0.3416666667E+00  0.7852718478E+05
  0.3419444444E+00  0.7853741391E+05
  0.3422222222E+00  0.7854764315E+05
  0.3425000000E+00  0.7855787228E+05
  0.3427777778E+00  0.7856810154E+05
  0.3430555556E+00  0.7857833067E+05
  0.3433333333E+00  0.7858855947E+05
  0.3436111111E+00  0.7859878872E+05
  0.3438888889E+00  0.7860901785E+05
  0.3441666667E+00  0.7861924709E+05
  0.3444444444E+00  0.7862947623E+05
  0.3447222222E+00  0.7863970536E+05
  0.3450000000E+00  0.7864993427E+05
  0.3452777778E+00  0.7869811885E+05
  0.3455555556E+00  0.7874630341E+05
  0.3458333333E+00  0.7879448799E+05
  0.3461111111E+00  0.7884267223E+05
  0.3463888889E+00  0.7889085691E+05
  0.3466666667E+00  0.7893904248E+05
  0.3469444444E+00  0.7898722672E+05
  0.3472222222E+00  0.7903541128E+05
  0.3475000000E+00  0.7908359586E+05
  0.3477777778E+00  0.7913178043E+05
  0.3480555556E+00  0.7917996478E+05
  0.3483333333E+00  0.7922814935E+05
  0.3486111111E+00  0.7927633391E+05
  0.3488888889E+00  0.7932451816E+05
  0.3491666667E+00  0.7937270273E+05
  0.3494444444E+00  0.7942088729E+05
  0.3497222222E+00  0.7946907153E+05
  0.3500000000E+00  0.7951725622E+05
  0.3502777778E+00  0.7959308899E+05
  0.3505555556E+00  0.7966892242E+05
  0.3508333333E+00  0.7974475530E+05
  0.3511111111E+00  0.7982058873E+05
  0.3513888889E+00  0.7989642262E+05
  0.3516666667E+00  0.7997225539E+05
  0.3519444444E+00  0.8004808893E+05
  0.3522222222E+00  0.8012392170E+05
  0.3525000000E+00  0.8019975524E+05
  0.3527777778E+00  0.8027558902E+05
  0.3530555556E+00  0.8035142145E+05
  0.3533333333E+00  0.8042725533E+05
  0.3536111111E+00  0.8050308809E+05
  0.3538888889E+00  0.8057892164E+05
  0.3541666667E+00  0.8065475442E+05
  0.3544444444E+00  0.8073058796E+05
  0.3547222222E+00  0.8080642172E+05
  0.3550000000E+00  0.8088225416E+05
  0.3552777778E+00  0.8097482407E+05
  0.3555555556E+00  0.8106739353E+05
  0.3558333333E+00  0.8115996198E+05
  0.3561111111E+00  0.8125253178E+05
  0.3563888889E+00  0.8134510135E+05
  0.3566666667E+00  0.8143767081E+05
  0.3569444444E+00  0.8153023961E+05
  0.3572222222E+00  0.8162280906E+05
  0.3575000000E+00  0.8171537852E+05
  0.3577777778E+00  0.8180794843E+05
  0.3580555556E+00  0.8190051689E+05
  0.3583333333E+00  0.8199308634E+05
  0.3586111111E+00  0.8208565614E+05
  0.3588888889E+00  0.8217822471E+05
  0.3591666667E+00  0.8227079417E+05
  0.3594444444E+00  0.8236336397E+05
  0.3597222222E+00  0.8245593342E+05
  0.3600000000E+00  0.8254850199E+05
  0.3602777778E+00  0.8264703517E+05
  0.3605555556E+00  0.8274556801E+05
  0.3608333333E+00  0.8284410118E+05
  0.3611111111E+00  0.8294263401E+05
  0.3613888889E+00  0.8304116718E+05
  0.3616666667E+00  0.8313969903E+05
  0.3619444444E+00  0.8323823220E+05
  0.3622222222E+00  0.8333676504E+05
  0.3625000000E+00  0.8343529820E+05
  0.3627777778E+00  0.8353383104E+05
  0.3630555556E+00  0.8363236289E+05
  0.3633333333E+00  0.8373089606E+05
  0.3636111111E+00  0.8382942889E+05
  0.3638888889E+00  0.8392796206E+05
  0.3641666667E+00  0.8402649491E+05
  0.3644444444E+00  0.8412502808E+05
  0.3647222222E+00  0.8422355992E+05
  0.3650000000E+00  0.8432209309E+05
  0.3652777778E+00  0.8441668238E+05
  0.3655555556E+00  0.8451127202E+05
  0.3658333333E+00  0.8460586132E+05
  0.3661111111E+00  0.8470045195E+05
  0.3663888889E+00  0.8479504158E+05
  0.3666666667E+00  0.8488963087E+05
  0.3669444444E+00  0.8498422051E+05
  0.3672222222E+00  0.8507880981E+05
  0.3675000000E+00  0.8517339944E+05
  0.3677777778E+00  0.8526798895E+05
  0.3680555556E+00  0.8536257825E+05
  0.3683333333E+00  0.8545716788E+05
  0.3686111111E+00  0.8555175719E+05
  0.3688888889E+00  0.8564634782E+05
  0.3691666667E+00  0.8574093745E+05
  0.3694444444E+00  0.8583552674E+05
  0.3697222222E+00  0.8593011637E+05
  0.3700000000E+00  0.8602470568E+05
  0.3702777778E+00  0.8610685137E+05
  0.3705555556E+00  0.8618899573E+05
  0.3708333333E+00  0.8627114110E+05
  0.3711111111E+00  0.8635328645E+05
  0.3713888889E+00  0.8643543081E+05
  0.3716666667E+00  0.8651757618E+05
  0.3719444444E+00  0.8659972154E+05
  0.3722222222E+00  0.8668186590E+05
  0.3725000000E+00  0.8676401126E+05
  0.3727777778E+00  0.8684615662E+05
  0.3730555556E+00  0.8692830133E+05
  0.3733333333E+00  0.8701044669E+05
  0.3736111111E+00  0.8709259193E+05
  0.3738888889E+00  0.8717473630E+05
  0.3741666667E+00  0.8725688166E+05
  0.3744444444E+00  0.8733902701E+05
  0.3747222222E+00  0.8742117139E+05
  0.3750000000E+00  0.8750331674E+05
  0.3752777778E+00  0.8756640060E+05
  0.3755555556E+00  0.8762948433E+05
  0.3758333333E+00  0.8769256808E+05
  0.3761111111E+00  0.8775565281E+05
  0.3763888889E+00  0.8781873667E+05
  0.3766666667E+00  0.8788182040E+05
  0.3769444444E+00  0.8794490414E+05
  0.3772222222E+00  0.8800798788E+05
  0.3775000000E+00  0.8807107262E+05
  0.3777777778E+00  0.8813415647E+05
  0.3780555556E+00  0.8819724055E+05
  0.3783333333E+00  0.8826032428E+05
  0.3786111111E+00  0.8832340802E+05
  0.3788888889E+00  0.8838649187E+05
  0.3791666667E+00  0.8844957661E+05
  0.3794444444E+00  0.8851266035E+05
  0.3797222222E+00  0.8857574409E+05
  0.3800000000E+00  0.8863882794E+05
  0.3802777778E+00  0.8867824624E+05
  0.3805555556E+00  0.8871766397E+05
  0.3808333333E+00  0.8875708259E+05
  0.3811111111E+00  0.8879650133E+05
  0.3813888889E+00  0.8883591962E+05
  0.3816666667E+00  0.8887533737E+05
  0.3819444444E+00  0.8891475599E+05
  0.3822222222E+00  0.8895417439E+05
  0.3825000000E+00  0.8899359202E+05
  0.3827777778E+00  0.8903301075E+05
  0.3830555556E+00  0.8907242938E+05
  0.3833333333E+00  0.8911184678E+05
  0.3836111111E+00  0.8915126541E+05
  0.3838888889E+00  0.8919068415E+05
  0.3841666667E+00  0.8923010143E+05
  0.3844444444E+00  0.8926952018E+05
  0.3847222222E+00  0.8930893880E+05
  0.3850000000E+00  0.8934835621E+05
  0.3852777778E+00  0.8936181921E+05
  0.3855555556E+00  0.8937528199E+05
  0.3858333333E+00  0.8938874411E+05
  0.3861111111E+00  0.8940220678E+05
  0.3863888889E+00  0.8941566990E+05
  0.3866666667E+00  0.8942913157E+05
  0.3869444444E+00  0.8944259435E+05
  0.3872222222E+00  0.8945605746E+05
  0.3875000000E+00  0.8946951913E+05
  0.3877777778E+00  0.8948298225E+05
  0.3880555556E+00  0.8949644492E+05
  0.3883333333E+00  0.8950990704E+05
  0.3886111111E+00  0.8952336971E+05
  0.3888888889E+00  0.8953683250E+05
  0.3891666667E+00  0.8955029460E+05
  0.3894444444E+00  0.8956375728E+05
  0.3897222222E+00  0.8957722039E+05
  0.3900000000E+00  0.8959068207E+05
  0.3902777778E+00  0.8957789416E+05
  0.3905555556E+00  0.8956510514E+05
  0.3908333333E+00  0.8955231723E+05
  0.3911111111E+00  0.8953952787E+05
  0.3913888889E+00  0.8952673896E+05
  0.3916666667E+00  0.8951395106E+05
  0.3919444444E+00  0.8950116204E+05
  0.3922222222E+00  0.8948837413E+05
  0.3925000000E+00  0.8947558510E+05
  0.3927777778E+00  0.8946279620E+05
  0.3930555556E+00  0.8945000818E+05
  0.3933333333E+00  0.8943721893E+05
  0.3936111111E+00  0.8942443092E+05
  0.3938888889E+00  0.8941164201E+05
  0.3941666667E+00  0.8939885299E+05
  0.3944444444E+00  0.8938606508E+05
  0.3947222222E+00  0.8937327605E+05
  0.3950000000E+00  0.8936048815E+05
  0.3952777778E+00  0.8932318624E+05
  0.3955555556E+00  0.8928588576E+05
  0.3958333333E+00  0.8924858395E+05
  0.3961111111E+00  0.8921128337E+05
  0.3963888889E+00  0.8917398256E+05
  0.3966666667E+00  0.8913668109E+05
  0.3969444444E+00  0.8909938017E+05
  0.3972222222E+00  0.8906207970E+05
  0.3975000000E+00  0.8902477779E+05
  0.3977777778E+00  0.8898747730E+05
  0.3980555556E+00  0.8895017550E+05
  0.3983333333E+00  0.8891287492E+05
  0.3986111111E+00  0.8887557411E+05
  0.3988888889E+00  0.8883827264E+05
  0.3991666667E+00  0.8880097171E+05
  0.3994444444E+00  0.8876367024E+05
  0.3997222222E+00  0.8872636933E+05
  0.4000000000E+00  0.8868906885E+05
  0.4002777778E+00  0.8863055521E+05
  0.4005555556E+00  0.8857204178E+05
  0.4008333333E+00  0.8851352847E+05
  0.4011111111E+00  0.8845501481E+05
  0.4013888889E+00  0.8839650150E+05
  0.4016666667E+00  0.8833798807E+05
  0.4019444444E+00  0.8827947443E+05
  0.4022222222E+00  0.8822096110E+05
  0.4025000000E+00  0.8816244780E+05
  0.4027777778E+00  0.8810393403E+05
  0.4030555556E+00  0.8804542072E+05
  0.4033333333E+00  0.8798690740E+05
  0.4036111111E+00  0.8792839375E+05
  0.4038888889E+00  0.8786988032E+05
  0.4041666667E+00  0.8781136701E+05
  0.4044444444E+00  0.8775285336E+05
  0.4047222222E+00  0.8769433994E+05
  0.4050000000E+00  0.8763582661E+05
  0.4052777778E+00  0.8756066167E+05
  0.4055555556E+00  0.8748549695E+05
  0.4058333333E+00  0.8741033322E+05
  0.4061111111E+00  0.8733516850E+05
  0.4063888889E+00  0.8726000389E+05
  0.4066666667E+00  0.8718483983E+05
  0.4069444444E+00  0.8710967510E+05
  0.4072222222E+00  0.8703451049E+05
  0.4075000000E+00  0.8695934677E+05
  0.4077777778E+00  0.8688418204E+05
  0.4080555556E+00  0.8680901743E+05
  0.4083333333E+00  0.8673385337E+05
  0.4086111111E+00  0.8665868865E+05
  0.4088888889E+00  0.8658352404E+05
  0.4091666667E+00  0.8650836030E+05
  0.4094444444E+00  0.8643319558E+05
  0.4097222222E+00  0.8635803063E+05
  0.4100000000E+00  0.8628286691E+05
  0.4102777778E+00  0.8619639722E+05
  0.4105555556E+00  0.8610992753E+05
  0.4108333333E+00  0.8602345761E+05
  0.4111111111E+00  0.8593698692E+05
  0.4113888889E+00  0.8585051723E+05
  0.4116666667E+00  0.8576404721E+05
  0.4119444444E+00  0.8567757752E+05
  0.4122222222E+00  0.8559110794E+05
  0.4125000000E+00  0.8550463792E+05
  0.4127777778E+00  0.8541816823E+05
  0.4130555556E+00  0.8533169853E+05
  0.4133333333E+00  0.8524522851E+05
  0.4136111111E+00  0.8515875882E+05
  0.4138888889E+00  0.8507228891E+05
  0.4141666667E+00  0.8498581822E+05
  0.4144444444E+00  0.8489934853E+05
  0.4147222222E+00  0.8481287850E+05
  0.4150000000E+00  0.8472640892E+05
  0.4152777778E+00  0.8463429616E+05
  0.4155555556E+00  0.8454218284E+05
  0.4158333333E+00  0.8445007019E+05
  0.4161111111E+00  0.8435795787E+05
  0.4163888889E+00  0.8426584422E+05
  0.4166666667E+00  0.8417373145E+05
  0.4169444444E+00  0.8408161814E+05
  0.4172222222E+00  0.8398950548E+05
  0.4175000000E+00  0.8389739283E+05
  0.4177777778E+00  0.8380527951E+05
  0.4180555556E+00  0.8371316673E+05
  0.4183333333E+00  0.8362105342E+05
  0.4186111111E+00  0.8352894076E+05
  0.4188888889E+00  0.8343682811E+05
  0.4191666667E+00  0.8334471479E+05
  0.4194444444E+00  0.8325260203E+05
  0.4197222222E+00  0.8316048838E+05
  0.4200000000E+00  0.8306837606E+05
  0.4202777778E+00  0.8297617993E+05
  0.4205555556E+00  0.8288398489E+05
  0.4208333333E+00  0.8279178842E+05
  0.4211111111E+00  0.8269959329E+05
  0.4213888889E+00  0.8260739725E+05
  0.4216666667E+00  0.8251520112E+05
  0.4219444444E+00  0.8242300598E+05
  0.4222222222E+00  0.8233080995E+05
  0.4225000000E+00  0.8223861481E+05
  0.4227777778E+00  0.8214641879E+05
  0.4230555556E+00  0.8205422364E+05
  0.4233333333E+00  0.8196202751E+05
  0.4236111111E+00  0.8186983115E+05
  0.4238888889E+00  0.8177763600E+05
  0.4241666667E+00  0.8168543987E+05
  0.4244444444E+00  0.8159324484E+05
  0.4247222222E+00  0.8150104870E+05
  0.4250000000E+00  0.8140885256E+05
  0.4252777778E+00  0.8132162672E+05
  0.4255555556E+00  0.8123439955E+05
  0.4258333333E+00  0.8114717273E+05
  0.4261111111E+00  0.8105994655E+05
  0.4263888889E+00  0.8097271971E+05
  0.4266666667E+00  0.8088549289E+05
  0.4269444444E+00  0.8079826683E+05
  0.4272222222E+00  0.8071103999E+05
  0.4275000000E+00  0.8062381282E+05
  0.4277777778E+00  0.8053658599E+05
  0.4280555556E+00  0.8044936015E+05
  0.4283333333E+00  0.8036213298E+05
  0.4286111111E+00  0.8027490616E+05
  0.4288888889E+00  0.8018767998E+05
  0.4291666667E+00  0.8010045314E+05
  0.4294444444E+00  0.8001322631E+05
  0.4297222222E+00  0.7992600015E+05
  0.4300000000E+00  0.7983877331E+05
  0.4302777778E+00  0.7976072854E+05
  0.4305555556E+00  0.7968268411E+05
  0.4308333333E+00  0.7960463934E+05
  0.4311111111E+00  0.7952659357E+05
  0.4313888889E+00  0.7944854914E+05
  0.4316666667E+00  0.7937050437E+05
  0.4319444444E+00  0.7929245994E+05
  0.4322222222E+00  0.7921441517E+05
  0.4325000000E+00  0.7913637040E+05
  0.4327777778E+00  0.7905832597E+05
  0.4330555556E+00  0.7898028120E+05
  0.4333333333E+00  0.7890223677E+05
  0.4336111111E+00  0.7882419199E+05
  0.4338888889E+00  0.7874614655E+05
  0.4341666667E+00  0.7866810190E+05
  0.4344444444E+00  0.7859005713E+05
  0.4347222222E+00  0.7851201270E+05
  0.4350000000E+00  0.7843396793E+05
  0.4352777778E+00  0.7836823389E+05
  0.4355555556E+00  0.7830250040E+05
  0.4358333333E+00  0.7823676635E+05
  0.4361111111E+00  0.7817103198E+05
  0.4363888889E+00  0.7810529760E+05
  0.4366666667E+00  0.7803956455E+05
  0.4369444444E+00  0.7797383017E+05
  0.4372222222E+00  0.7790809602E+05
  0.4375000000E+00  0.7784236165E+05
  0.4377777778E+00  0.7777662860E+05
  0.4380555556E+00  0.7771089422E+05
  0.4383333333E+00  0.7764516018E+05
  0.4386111111E+00  0.7757942579E+05
  0.4388888889E+00  0.7751369264E+05
  0.4391666667E+00  0.7744795827E+05
  0.4394444444E+00  0.7738222408E+05
  0.4397222222E+00  0.7731649034E+05
  0.4400000000E+00  0.7725075627E+05
  0.4402777778E+00  0.7719925979E+05
  0.4405555556E+00  0.7714776318E+05
  0.4408333333E+00  0.7709626670E+05
  0.4411111111E+00  0.7704477000E+05
  0.4413888889E+00  0.7699327330E+05
  0.4416666667E+00  0.7694177692E+05
  0.4419444444E+00  0.7689028031E+05
  0.4422222222E+00  0.7683878383E+05
  0.4425000000E+00  0.7678728713E+05
  0.4427777778E+00  0.7673579043E+05
  0.4430555556E+00  0.7668429405E+05
  0.4433333333E+00  0.7663279745E+05
  0.4436111111E+00  0.7658130097E+05
  0.4438888889E+00  0.7652980426E+05
  0.4441666667E+00  0.7647830789E+05
  0.4444444444E+00  0.7642681118E+05
  0.4447222222E+00  0.7637531448E+05
  0.4450000000E+00  0.7632381810E+05
  0.4452777778E+00  0.7628717986E+05
  0.4455555556E+00  0.7625054138E+05
  0.4458333333E+00  0.7621390314E+05
  0.4461111111E+00  0.7617726500E+05
  0.4463888889E+00  0.7614062687E+05
  0.4466666667E+00  0.7610398862E+05
  0.4469444444E+00  0.7606735015E+05
  0.4472222222E+00  0.7603071191E+05
  0.4475000000E+00  0.7599407376E+05
  0.4477777778E+00  0.7595743553E+05
  0.4480555556E+00  0.7592079738E+05
  0.4483333333E+00  0.7588415880E+05
  0.4486111111E+00  0.7584752055E+05
  0.4488888889E+00  0.7581088242E+05
  0.4491666667E+00  0.7577424417E+05
  0.4494444444E+00  0.7573760614E+05
  0.4497222222E+00  0.7570096756E+05
  0.4500000000E+00  0.7566432932E+05
  0.4502777778E+00  0.7564197514E+05
  0.4505555556E+00  0.7561962097E+05
  0.4508333333E+00  0.7559726713E+05
  0.4511111111E+00  0.7557491296E+05
  0.4513888889E+00  0.7555255889E+05
  0.4516666667E+00  0.7553020461E+05
  0.4519444444E+00  0.7550785054E+05
  0.4522222222E+00  0.7548549626E+05
  0.4525000000E+00  0.7546314209E+05
  0.4527777778E+00  0.7544078836E+05
  0.4530555556E+00  0.7541843409E+05
  0.4533333333E+00  0.7539608002E+05
  0.4536111111E+00  0.7537372573E+05
  0.4538888889E+00  0.7535137166E+05
  0.4541666667E+00  0.7532901749E+05
  0.4544444444E+00  0.7530666332E+05
  0.4547222222E+00  0.7528430948E+05
  0.4550000000E+00  0.7526195521E+05
  0.4552777778E+00  0.7525225219E+05
  0.4555555556E+00  0.7524254897E+05
  0.4558333333E+00  0.7523284585E+05
  0.4561111111E+00  0.7522314296E+05
  0.4563888889E+00  0.7521343995E+05
  0.4566666667E+00  0.7520373672E+05
  0.4569444444E+00  0.7519403349E+05
  0.4572222222E+00  0.7518433039E+05
  0.4575000000E+00  0.7517462716E+05
  0.4577777778E+00  0.7516492448E+05
  0.4580555556E+00  0.7515522126E+05
  0.4583333333E+00  0.7514551803E+05
  0.4586111111E+00  0.7513581491E+05
  0.4588888889E+00  0.7512611168E+05
  0.4591666667E+00  0.7511640867E+05
  0.4594444444E+00  0.7510670578E+05
  0.4597222222E+00  0.7509700255E+05
  0.4600000000E+00  0.7508729945E+05
  0.4602777778E+00  0.7508774314E+05
  0.4605555556E+00  0.7508818695E+05
  0.4608333333E+00  0.7508863065E+05
  0.4611111111E+00  0.7508907435E+05
  0.4613888889E+00  0.7508951806E+05
  0.4616666667E+00  0.7508996175E+05
  0.4619444444E+00  0.7509040523E+05
  0.4622222222E+00  0.7509084893E+05
  0.4625000000E+00  0.7509129262E+05
  0.4627777778E+00  0.7509173644E+05
  0.4630555556E+00  0.7509218003E+05
  0.4633333333E+00  0.7509262384E+05
  0.4636111111E+00  0.7509306754E+05
  0.4638888889E+00  0.7509351124E+05
  0.4641666667E+00  0.7509395504E+05
  0.4644444444E+00  0.7509439874E+05
  0.4647222222E+00  0.7509484245E+05
  0.4650000000E+00  0.7509528615E+05
  0.4652777778E+00  0.7510277142E+05
  0.4655555556E+00  0.7511025704E+05
  0.4658333333E+00  0.7511774231E+05
  0.4661111111E+00  0.7512522782E+05
  0.4663888889E+00  0.7513271309E+05
  0.4666666667E+00  0.7514019837E+05
  0.4669444444E+00  0.7514768398E+05
  0.4672222222E+00  0.7515516927E+05
  0.4675000000E+00  0.7516265487E+05
  0.4677777778E+00  0.7517014004E+05
  0.4680555556E+00  0.7517762565E+05
  0.4683333333E+00  0.7518511093E+05
  0.4686111111E+00  0.7519259654E+05
  0.4688888889E+00  0.7520008192E+05
  0.4691666667E+00  0.7520756753E+05
  0.4694444444E+00  0.7521505270E+05
  0.4697222222E+00  0.7522253831E+05
  0.4700000000E+00  0.7523002359E+05
  0.4702777778E+00  0.7524113551E+05
  0.4705555556E+00  0.7525224720E+05
  0.4708333333E+00  0.7526335923E+05
  0.4711111111E+00  0.7527447092E+05
  0.4713888889E+00  0.7528558283E+05
  0.4716666667E+00  0.7529669441E+05
  0.4719444444E+00  0.7530780645E+05
  0.4722222222E+00  0.7531891847E+05
  0.4725000000E+00  0.7533003015E+05
  0.4727777778E+00  0.7534114217E+05
  0.4730555556E+00  0.7535225376E+05
  0.4733333333E+00  0.7536336568E+05
  0.4736111111E+00  0.7537447736E+05
  0.4738888889E+00  0.7538558938E+05
  0.4741666667E+00  0.7539670141E+05
  0.4744444444E+00  0.7540781301E+05
  0.4747222222E+00  0.7541892503E+05
  0.4750000000E+00  0.7543003671E+05
  0.4752777778E+00  0.7544135382E+05
  0.4755555556E+00  0.7545267092E+05
  0.4758333333E+00  0.7546398826E+05
  0.4761111111E+00  0.7547530536E+05
  0.4763888889E+00  0.7548662247E+05
  0.4766666667E+00  0.7549793958E+05
  0.4769444444E+00  0.7550925669E+05
  0.4772222222E+00  0.7552057379E+05
  0.4775000000E+00  0.7553189090E+05
  0.4777777778E+00  0.7554320800E+05
  0.4780555556E+00  0.7555452511E+05
  0.4783333333E+00  0.7556584223E+05
  0.4786111111E+00  0.7557715922E+05
  0.4788888889E+00  0.7558847633E+05
  0.4791666667E+00  0.7559979377E+05
  0.4794444444E+00  0.7561111088E+05
  0.4797222222E+00  0.7562242798E+05
  0.4800000000E+00  0.7563374509E+05
  0.4802777778E+00  0.7564208419E+05
  0.4805555556E+00  0.7565042308E+05
  0.4808333333E+00  0.7565876230E+05
  0.4811111111E+00  0.7566710140E+05
  0.4813888889E+00  0.7567544062E+05
  0.4816666667E+00  0.7568377972E+05
  0.4819444444E+00  0.7569211895E+05
  0.4822222222E+00  0.7570045772E+05
  0.4825000000E+00  0.7570879693E+05
  0.4827777778E+00  0.7571713605E+05
  0.4830555556E+00  0.7572547527E+05
  0.4833333333E+00  0.7573381437E+05
  0.4836111111E+00  0.7574215359E+05
  0.4838888889E+00  0.7575049235E+05
  0.4841666667E+00  0.7575883158E+05
  0.4844444444E+00  0.7576717080E+05
  0.4847222222E+00  0.7577550990E+05
  0.4850000000E+00  0.7578384912E+05
  0.4852777778E+00  0.7578654304E+05
  0.4855555556E+00  0.7578923698E+05
  0.4858333333E+00  0.7579193079E+05
  0.4861111111E+00  0.7579462515E+05
  0.4863888889E+00  0.7579731898E+05
  0.4866666667E+00  0.7580001279E+05
  0.4869444444E+00  0.7580270673E+05
  0.4872222222E+00  0.7580540065E+05
  0.4875000000E+00  0.7580809457E+05
  0.4877777778E+00  0.7581078873E+05
  0.4880555556E+00  0.7581348276E+05
  0.4883333333E+00  0.7581617657E+05
  0.4886111111E+00  0.7581887051E+05
  0.4888888889E+00  0.7582156443E+05
  0.4891666667E+00  0.7582425837E+05
  0.4894444444E+00  0.7582695251E+05
  0.4897222222E+00  0.7582964644E+05
  0.4900000000E+00  0.7583234037E+05
  0.4902777778E+00  0.7582738718E+05
  0.4905555556E+00  0.7582243411E+05
  0.4908333333E+00  0.7581748093E+05
  0.4911111111E+00  0.7581252773E+05
  0.4913888889E+00  0.7580757465E+05
  0.4916666667E+00  0.7580262147E+05
  0.4919444444E+00  0.7579766839E+05
  0.4922222222E+00  0.7579271521E+05
  0.4925000000E+00  0.7578776203E+05
  0.4927777778E+00  0.7578280884E+05
  0.4930555556E+00  0.7577785599E+05
  0.4933333333E+00  0.7577290291E+05
  0.4936111111E+00  0.7576794983E+05
  0.4938888889E+00  0.7576299665E+05
  0.4941666667E+00  0.7575804347E+05
  0.4944444444E+00  0.7575309028E+05
  0.4947222222E+00  0.7574813710E+05
  0.4950000000E+00  0.7574318404E+05
