  0.1027777778E-01  0.2256818754E+08
  0.1055555556E-01  0.2254144103E+08
  0.1083333333E-01  0.2251469407E+08
  0.1111111111E-01  0.2248794756E+08
  0.1138888889E-01  0.2246120062E+08
  0.1166666667E-01  0.2243445366E+08
  0.1194444444E-01  0.2240770705E+08
  0.1222222222E-01  0.2238096009E+08
  0.1250000000E-01  0.2235421358E+08
  0.1277777778E-01  0.2232746663E+08
  0.1305555556E-01  0.2230072012E+08
  0.1333333333E-01  0.2227397317E+08
  0.1361111111E-01  0.2224722666E+08
  0.1388888889E-01  0.2222047960E+08
  0.1416666667E-01  0.2219373264E+08
  0.1444444444E-01  0.2216698613E+08
  0.1472222222E-01  0.2214023919E+08
  0.1500000000E-01  0.2211349268E+08
  0.1527777778E-01  0.2207697270E+08
  0.1555555556E-01  0.2204045281E+08
  0.1583333333E-01  0.2200393273E+08
  0.1611111111E-01  0.2196741275E+08
  0.1638888889E-01  0.2193089320E+08
  0.1666666667E-01  0.2189437323E+08
  0.1694444444E-01  0.2185785334E+08
  0.1722222222E-01  0.2182133336E+08
  0.1750000000E-01  0.2178481327E+08
  0.1777777778E-01  0.2174829340E+08
  0.1805555556E-01  0.2171177342E+08
  0.1833333333E-01  0.2167525377E+08
  0.1861111111E-01  0.2163873390E+08
  0.1888888889E-01  0.2160221391E+08
  0.1916666667E-01  0.2156569392E+08
  0.1944444444E-01  0.2152917395E+08
  0.1972222222E-01  0.2149265397E+08
  0.2000000000E-01  0.2145613442E+08
  0.2027777778E-01  0.2141070735E+08
  0.2055555556E-01  0.2136528037E+08
  0.2083333333E-01  0.2131985340E+08
  0.2111111111E-01  0.2127442643E+08
  0.2138888889E-01  0.2122899947E+08
  0.2166666667E-01  0.2118357248E+08
  0.2194444444E-01  0.2113814551E+08
  0.2222222222E-01  0.2109271854E+08
  0.2250000000E-01  0.2104729146E+08
  0.2277777778E-01  0.2100186449E+08
  0.2305555556E-01  0.2095643752E+08
  0.2333333333E-01  0.2091101054E+08
  0.2361111111E-01  0.2086558346E+08
  0.2388888889E-01  0.2082015660E+08
  0.2416666667E-01  0.2077472962E+08
  0.2444444444E-01  0.2072930265E+08
  0.2472222222E-01  0.2068387558E+08
  0.2500000000E-01  0.2063844860E+08
  0.2527777778E-01  0.2058518558E+08
  0.2555555556E-01  0.2053192256E+08
  0.2583333333E-01  0.2047865953E+08
  0.2611111111E-01  0.2042539673E+08
  0.2638888889E-01  0.2037213371E+08
  0.2666666667E-01  0.2031887069E+08
  0.2694444444E-01  0.2026560766E+08
  0.2722222222E-01  0.2021234464E+08
  0.2750000000E-01  0.2015908140E+08
  0.2777777778E-01  0.2010581837E+08
  0.2805555556E-01  0.2005255535E+08
  0.2833333333E-01  0.1999929232E+08
  0.2861111111E-01  0.1994602930E+08
  0.2888888889E-01  0.1989276628E+08
  0.2916666667E-01  0.1983950348E+08
  0.2944444444E-01  0.1978624046E+08
  0.2972222222E-01  0.1973297743E+08
  0.3000000000E-01  0.1967971440E+08
  0.3027777778E-01  0.1961984853E+08
  0.3055555556E-01  0.1955998310E+08
  0.3083333333E-01  0.1950011723E+08
  0.3111111111E-01  0.1944025180E+08
  0.3138888889E-01  0.1938038604E+08
  0.3166666667E-01  0.1932052018E+08
  0.3194444444E-01  0.1926065474E+08
  0.3222222222E-01  0.1920078876E+08
  0.3250000000E-01  0.1914092332E+08
  0.3277777778E-01  0.1908105746E+08
  0.3305555556E-01  0.1902119202E+08
  0.3333333333E-01  0.1896132615E+08
  0.3361111111E-01  0.1890146072E+08
  0.3388888889E-01  0.1884159485E+08
  0.3416666667E-01  0.1878172908E+08
  0.3444444444E-01  0.1872186355E+08
  0.3472222222E-01  0.1866199778E+08
  0.3500000000E-01  0.1860213225E+08
  0.3527777778E-01  0.1853699110E+08
  0.3555555556E-01  0.1847184996E+08
  0.3583333333E-01  0.1840670848E+08
  0.3611111111E-01  0.1834156733E+08
  0.3638888889E-01  0.1827642609E+08
  0.3666666667E-01  0.1821128494E+08
  0.3694444444E-01  0.1814614390E+08
  0.3722222222E-01  0.1808100266E+08
  0.3750000000E-01  0.1801586151E+08
  0.3777777778E-01  0.1795072037E+08
  0.3805555556E-01  0.1788557924E+08
  0.3833333333E-01  0.1782043798E+08
  0.3861111111E-01  0.1775529650E+08
  0.3888888889E-01  0.1769015547E+08
  0.3916666667E-01  0.1762501422E+08
  0.3944444444E-01  0.1755987307E+08
  0.3972222222E-01  0.1749473194E+08
  0.4000000000E-01  0.1742959079E+08
  0.4027777778E-01  0.1736057997E+08
  0.4055555556E-01  0.1729156916E+08
  0.4083333333E-01  0.1722255800E+08
  0.4111111111E-01  0.1715354718E+08
  0.4138888889E-01  0.1708453648E+08
  0.4166666667E-01  0.1701552556E+08
  0.4194444444E-01  0.1694651485E+08
  0.4222222222E-01  0.1687750369E+08
  0.4250000000E-01  0.1680849277E+08
  0.4277777778E-01  0.1673948206E+08
  0.4305555556E-01  0.1667047124E+08
  0.4333333333E-01  0.1660146043E+08
  0.4361111111E-01  0.1653244961E+08
  0.4388888889E-01  0.1646343856E+08
  0.4416666667E-01  0.1639442774E+08
  0.4444444444E-01  0.1632541683E+08
  0.4472222222E-01  0.1625640612E+08
  0.4500000000E-01  0.1618739530E+08
  0.4527777778E-01  0.1611593461E+08
  0.4555555556E-01  0.1604447392E+08
  0.4583333333E-01  0.1597301322E+08
  0.4611111111E-01  0.1590155253E+08
  0.4638888889E-01  0.1583009227E+08
  0.4666666667E-01  0.1575863158E+08
  0.4694444444E-01  0.1568717099E+08
  0.4722222222E-01  0.1561571019E+08
  0.4750000000E-01  0.1554424950E+08
  0.4777777778E-01  0.1547278925E+08
  0.4805555556E-01  0.1540132856E+08
  0.4833333333E-01  0.1532986797E+08
  0.4861111111E-01  0.1525840717E+08
  0.4888888889E-01  0.1518694648E+08
  0.4916666667E-01  0.1511548589E+08
  0.4944444444E-01  0.1504402554E+08
  0.4972222222E-01  0.1497256484E+08
  0.5000000000E-01  0.1490110415E+08
  0.5027777778E-01  0.1482858560E+08
  0.5055555556E-01  0.1475606749E+08
  0.5083333333E-01  0.1468354883E+08
  0.5111111111E-01  0.1461103072E+08
  0.5138888889E-01  0.1453851218E+08
  0.5166666667E-01  0.1446599362E+08
  0.5194444444E-01  0.1439347541E+08
  0.5222222222E-01  0.1432095696E+08
  0.5250000000E-01  0.1424843831E+08
  0.5277777778E-01  0.1417592020E+08
  0.5305555556E-01  0.1410340165E+08
  0.5333333333E-01  0.1403088343E+08
  0.5361111111E-01  0.1395836488E+08
  0.5388888889E-01  0.1388584644E+08
  0.5416666667E-01  0.1381332823E+08
  0.5444444444E-01  0.1374080967E+08
  0.5472222222E-01  0.1366829145E+08
  0.5500000000E-01  0.1359577301E+08
  0.5527777778E-01  0.1352351694E+08
  0.5555555556E-01  0.1345126108E+08
  0.5583333333E-01  0.1337900522E+08
  0.5611111111E-01  0.1330674925E+08
  0.5638888889E-01  0.1323449328E+08
  0.5666666667E-01  0.1316223732E+08
  0.5694444444E-01  0.1308998180E+08
  0.5722222222E-01  0.1301772583E+08
  0.5750000000E-01  0.1294546987E+08
  0.5777777778E-01  0.1287321400E+08
  0.5805555556E-01  0.1280095814E+08
  0.5833333333E-01  0.1272870207E+08
  0.5861111111E-01  0.1265644621E+08
  0.5888888889E-01  0.1258419035E+08
  0.5916666667E-01  0.1251193434E+08
  0.5944444444E-01  0.1243967852E+08
  0.5972222222E-01  0.1236742259E+08
  0.6000000000E-01  0.1229516677E+08
  0.6027777778E-01  0.1222439099E+08
  0.6055555556E-01  0.1215361520E+08
  0.6083333333E-01  0.1208283943E+08
  0.6111111111E-01  0.1201206355E+08
  0.6138888889E-01  0.1194128777E+08
  0.6166666667E-01  0.1187051202E+08
  0.6194444444E-01  0.1179973636E+08
  0.6222222222E-01  0.1172896057E+08
  0.6250000000E-01  0.1165818480E+08
  0.6277777778E-01  0.1158740892E+08
  0.6305555556E-01  0.1151663317E+08
  0.6333333333E-01  0.1144585739E+08
  0.6361111111E-01  0.1137508172E+08
  0.6388888889E-01  0.1130430594E+08
  0.6416666667E-01  0.1123353017E+08
  0.6444444444E-01  0.1116275429E+08
  0.6472222222E-01  0.1109197854E+08
  0.6500000000E-01  0.1102120276E+08
  0.6527777778E-01  0.1095298327E+08
  0.6555555556E-01  0.1088476376E+08
  0.6583333333E-01  0.1081654427E+08
  0.6611111111E-01  0.1074832466E+08
  0.6638888889E-01  0.1068010517E+08
  0.6666666667E-01  0.1061188566E+08
  0.6694444444E-01  0.1054366612E+08
  0.6722222222E-01  0.1047544656E+08
  0.6750000000E-01  0.1040722711E+08
  0.6777777778E-01  0.1033900755E+08
  0.6805555556E-01  0.1027078800E+08
  0.6833333333E-01  0.1020256844E+08
  0.6861111111E-01  0.1013434899E+08
  0.6888888889E-01  0.1006612944E+08
  0.6916666667E-01  0.9997909875E+07
  0.6944444444E-01  0.9929690325E+07
  0.6972222222E-01  0.9861470864E+07
  0.7000000000E-01  0.9793251314E+07
  0.7027777778E-01  0.9728504310E+07
  0.7055555556E-01  0.9663757441E+07
  0.7083333333E-01  0.9599010440E+07
  0.7111111111E-01  0.9534263570E+07
  0.7138888889E-01  0.9469516566E+07
  0.7166666667E-01  0.9404769562E+07
  0.7194444444E-01  0.9340022691E+07
  0.7222222222E-01  0.9275275687E+07
  0.7250000000E-01  0.9210528787E+07
  0.7277777778E-01  0.9145781816E+07
  0.7305555556E-01  0.9081034801E+07
  0.7333333333E-01  0.9016287931E+07
  0.7361111111E-01  0.8951540927E+07
  0.7388888889E-01  0.8886793927E+07
  0.7416666667E-01  0.8822047056E+07
  0.7444444444E-01  0.8757300052E+07
  0.7472222222E-01  0.8692553149E+07
  0.7500000000E-01  0.8627806179E+07
  0.7527777778E-01  0.8567267535E+07
  0.7555555556E-01  0.8506729021E+07
  0.7583333333E-01  0.8446190411E+07
  0.7611111111E-01  0.8385651756E+07
  0.7638888889E-01  0.8325113142E+07
  0.7666666667E-01  0.8264574532E+07
  0.7694444444E-01  0.8204035985E+07
  0.7722222222E-01  0.8143497363E+07
  0.7750000000E-01  0.8082958753E+07
  0.7777777778E-01  0.8022420106E+07
  0.7805555556E-01  0.7961881595E+07
  0.7833333333E-01  0.7901342972E+07
  0.7861111111E-01  0.7840804327E+07
  0.7888888889E-01  0.7780265715E+07
  0.7916666667E-01  0.7719727170E+07
  0.7944444444E-01  0.7659188547E+07
  0.7972222222E-01  0.7598649935E+07
  0.8000000000E-01  0.7538111290E+07
  0.8027777778E-01  0.7482333912E+07
  0.8055555556E-01  0.7426556422E+07
  0.8083333333E-01  0.7370778944E+07
  0.8111111111E-01  0.7315001432E+07
  0.8138888889E-01  0.7259224053E+07
  0.8166666667E-01  0.7203446574E+07
  0.8194444444E-01  0.7147669084E+07
  0.8222222222E-01  0.7091891573E+07
  0.8250000000E-01  0.7036114193E+07
  0.8277777778E-01  0.6980336715E+07
  0.8305555556E-01  0.6924559225E+07
  0.8333333333E-01  0.6868781813E+07
  0.8361111111E-01  0.6813004335E+07
  0.8388888889E-01  0.6757226856E+07
  0.8416666667E-01  0.6701449344E+07
  0.8444444444E-01  0.6645671954E+07
  0.8472222222E-01  0.6589894476E+07
  0.8500000000E-01  0.6534116996E+07
  0.8527777778E-01  0.6483465077E+07
  0.8555555556E-01  0.6432813058E+07
  0.8583333333E-01  0.6382161071E+07
  0.8611111111E-01  0.6331509163E+07
  0.8638888889E-01  0.6280857144E+07
  0.8666666667E-01  0.6230205125E+07
  0.8694444444E-01  0.6179553239E+07
  0.8722222222E-01  0.6128901220E+07
  0.8750000000E-01  0.6078249310E+07
  0.8777777778E-01  0.6027597291E+07
  0.8805555556E-01  0.5976945305E+07
  0.8833333333E-01  0.5926293386E+07
  0.8861111111E-01  0.5875641366E+07
  0.8888888889E-01  0.5824989380E+07
  0.8916666667E-01  0.5774337472E+07
  0.8944444444E-01  0.5723685453E+07
  0.8972222222E-01  0.5673033432E+07
  0.9000000000E-01  0.5622381546E+07
  0.9027777778E-01  0.5577041785E+07
  0.9055555556E-01  0.5531702068E+07
  0.9083333333E-01  0.5486362407E+07
  0.9111111111E-01  0.5441022660E+07
  0.9138888889E-01  0.5395682963E+07
  0.9166666667E-01  0.5350343222E+07
  0.9194444444E-01  0.5305003524E+07
  0.9222222222E-01  0.5259663794E+07
  0.9250000000E-01  0.5214324096E+07
  0.9277777778E-01  0.5168984355E+07
  0.9305555556E-01  0.5123644658E+07
  0.9333333333E-01  0.5078304960E+07
  0.9361111111E-01  0.5032965218E+07
  0.9388888889E-01  0.4987625520E+07
  0.9416666667E-01  0.4942285790E+07
  0.9444444444E-01  0.4896946082E+07
  0.9472222222E-01  0.4851606351E+07
  0.9500000000E-01  0.4806266654E+07
  0.9527777778E-01  0.4766260433E+07
  0.9555555556E-01  0.4726254211E+07
  0.9583333333E-01  0.4686247989E+07
  0.9611111111E-01  0.4646241757E+07
  0.9638888889E-01  0.4606235536E+07
  0.9666666667E-01  0.4566229313E+07
  0.9694444444E-01  0.4526223059E+07
  0.9722222222E-01  0.4486216837E+07
  0.9750000000E-01  0.4446210615E+07
  0.9777777778E-01  0.4406204384E+07
  0.9805555556E-01  0.4366198161E+07
  0.9833333333E-01  0.4326191940E+07
  0.9861111111E-01  0.4286185729E+07
  0.9888888889E-01  0.4246179507E+07
  0.9916666667E-01  0.4206173285E+07
  0.9944444444E-01  0.4166167054E+07
  0.9972222222E-01  0.4126160831E+07
  0.1000000000E+00  0.4086154610E+07
  0.1002777778E+00  0.4051353939E+07
  0.1005555556E+00  0.4016553256E+07
  0.1008333333E+00  0.3981752584E+07
  0.1011111111E+00  0.3946951912E+07
  0.1013888889E+00  0.3912151264E+07
  0.1016666667E+00  0.3877350591E+07
  0.1019444444E+00  0.3842549919E+07
  0.1022222222E+00  0.3807749237E+07
  0.1025000000E+00  0.3772948598E+07
  0.1027777778E+00  0.3738147926E+07
  0.1030555556E+00  0.3703347254E+07
  0.1033333333E+00  0.3668546584E+07
  0.1036111111E+00  0.3633745911E+07
  0.1038888889E+00  0.3598945273E+07
  0.1041666667E+00  0.3564144590E+07
  0.1044444444E+00  0.3529343919E+07
  0.1047222222E+00  0.3494543246E+07
  0.1050000000E+00  0.3459742598E+07
  0.1052777778E+00  0.3429898638E+07
  0.1055555556E+00  0.3400054701E+07
  0.1058333333E+00  0.3370210766E+07
  0.1061111111E+00  0.3340366839E+07
  0.1063888889E+00  0.3310522902E+07
  0.1066666667E+00  0.3280678932E+07
  0.1069444444E+00  0.3250835006E+07
  0.1072222222E+00  0.3220991081E+07
  0.1075000000E+00  0.3191147134E+07
  0.1077777778E+00  0.3161303207E+07
  0.1080555556E+00  0.3131459248E+07
  0.1083333333E+00  0.3101615301E+07
  0.1086111111E+00  0.3071771375E+07
  0.1088888889E+00  0.3041927449E+07
  0.1091666667E+00  0.3012083513E+07
  0.1094444444E+00  0.2982239542E+07
  0.1097222222E+00  0.2952395616E+07
  0.1100000000E+00  0.2922551680E+07
  0.1102777778E+00  0.2897313139E+07
  0.1105555556E+00  0.2872074565E+07
  0.1108333333E+00  0.2846836014E+07
  0.1111111111E+00  0.2821597441E+07
  0.1113888889E+00  0.2796358889E+07
  0.1116666667E+00  0.2771120326E+07
  0.1119444444E+00  0.2745881774E+07
  0.1122222222E+00  0.2720643234E+07
  0.1125000000E+00  0.2695404661E+07
  0.1127777778E+00  0.2670166109E+07
  0.1130555556E+00  0.2644927545E+07
  0.1133333333E+00  0.2619688994E+07
  0.1136111111E+00  0.2594450454E+07
  0.1138888889E+00  0.2569211869E+07
  0.1141666667E+00  0.2543973329E+07
  0.1144444444E+00  0.2518734754E+07
  0.1147222222E+00  0.2493496214E+07
  0.1150000000E+00  0.2468257629E+07
  0.1152777778E+00  0.2447201111E+07
  0.1155555556E+00  0.2426144613E+07
  0.1158333333E+00  0.2405088095E+07
  0.1161111111E+00  0.2384031553E+07
  0.1163888889E+00  0.2362975035E+07
  0.1166666667E+00  0.2341918526E+07
  0.1169444444E+00  0.2320862008E+07
  0.1172222222E+00  0.2299805466E+07
  0.1175000000E+00  0.2278748947E+07
  0.1177777778E+00  0.2257692450E+07
  0.1180555556E+00  0.2236635931E+07
  0.1183333333E+00  0.2215579389E+07
  0.1186111111E+00  0.2194522871E+07
  0.1188888889E+00  0.2173466352E+07
  0.1191666667E+00  0.2152409810E+07
  0.1194444444E+00  0.2131353292E+07
  0.1197222222E+00  0.2110296783E+07
  0.1200000000E+00  0.2089240276E+07
  0.1202777778E+00  0.2071894645E+07
  0.1205555556E+00  0.2054549024E+07
  0.1208333333E+00  0.2037203404E+07
  0.1211111111E+00  0.2019857773E+07
  0.1213888889E+00  0.2002512142E+07
  0.1216666667E+00  0.1985166522E+07
  0.1219444444E+00  0.1967820891E+07
  0.1222222222E+00  0.1950475272E+07
  0.1225000000E+00  0.1933129641E+07
  0.1227777778E+00  0.1915784010E+07
  0.1230555556E+00  0.1898438390E+07
  0.1233333333E+00  0.1881092759E+07
  0.1236111111E+00  0.1863747128E+07
  0.1238888889E+00  0.1846401518E+07
  0.1241666667E+00  0.1829055887E+07
  0.1244444444E+00  0.1811710267E+07
  0.1247222222E+00  0.1794364636E+07
  0.1250000000E+00  0.1777019005E+07
  0.1252777778E+00  0.1762889736E+07
  0.1255555556E+00  0.1748760458E+07
  0.1258333333E+00  0.1734631189E+07
  0.1261111111E+00  0.1720501887E+07
  0.1263888889E+00  0.1706372618E+07
  0.1266666667E+00  0.1692243349E+07
  0.1269444444E+00  0.1678114037E+07
  0.1272222222E+00  0.1663984769E+07
  0.1275000000E+00  0.1649855500E+07
  0.1277777778E+00  0.1635726231E+07
  0.1280555556E+00  0.1621596919E+07
  0.1283333333E+00  0.1607467650E+07
  0.1286111111E+00  0.1593338371E+07
  0.1288888889E+00  0.1579209102E+07
  0.1291666667E+00  0.1565079800E+07
  0.1294444444E+00  0.1550950521E+07
  0.1297222222E+00  0.1536821252E+07
  0.1300000000E+00  0.1522691984E+07
  0.1302777778E+00  0.1511284542E+07
  0.1305555556E+00  0.1499877143E+07
  0.1308333333E+00  0.1488469735E+07
  0.1311111111E+00  0.1477062315E+07
  0.1313888889E+00  0.1465654884E+07
  0.1316666667E+00  0.1454247475E+07
  0.1319444444E+00  0.1442840077E+07
  0.1322222222E+00  0.1431432668E+07
  0.1325000000E+00  0.1420025227E+07
  0.1327777778E+00  0.1408617828E+07
  0.1330555556E+00  0.1397210408E+07
  0.1333333333E+00  0.1385803000E+07
  0.1336111111E+00  0.1374395568E+07
  0.1338888889E+00  0.1362988160E+07
  0.1341666667E+00  0.1351580761E+07
  0.1344444444E+00  0.1340173353E+07
  0.1347222222E+00  0.1328765900E+07
  0.1350000000E+00  0.1317358502E+07
  0.1352777778E+00  0.1308196164E+07
  0.1355555556E+00  0.1299033802E+07
  0.1358333333E+00  0.1289871474E+07
  0.1361111111E+00  0.1280709137E+07
  0.1363888889E+00  0.1271546809E+07
  0.1366666667E+00  0.1262384447E+07
  0.1369444444E+00  0.1253222098E+07
  0.1372222222E+00  0.1244059771E+07
  0.1375000000E+00  0.1234897409E+07
  0.1377777778E+00  0.1225735071E+07
  0.1380555556E+00  0.1216572744E+07
  0.1383333333E+00  0.1207410416E+07
  0.1386111111E+00  0.1198248044E+07
  0.1388888889E+00  0.1189085717E+07
  0.1391666667E+00  0.1179923389E+07
  0.1394444444E+00  0.1170761006E+07
  0.1397222222E+00  0.1161598678E+07
  0.1400000000E+00  0.1152436351E+07
  0.1402777778E+00  0.1145076516E+07
  0.1405555556E+00  0.1137716714E+07
  0.1408333333E+00  0.1130356879E+07
  0.1411111111E+00  0.1122997077E+07
  0.1413888889E+00  0.1115637243E+07
  0.1416666667E+00  0.1108277452E+07
  0.1419444444E+00  0.1100917606E+07
  0.1422222222E+00  0.1093557805E+07
  0.1425000000E+00  0.1086198003E+07
  0.1427777778E+00  0.1078838168E+07
  0.1430555556E+00  0.1071478366E+07
  0.1433333333E+00  0.1064118532E+07
  0.1436111111E+00  0.1056758741E+07
  0.1438888889E+00  0.1049398895E+07
  0.1441666667E+00  0.1042039104E+07
  0.1444444444E+00  0.1034679258E+07
  0.1447222222E+00  0.1027319467E+07
  0.1450000000E+00  0.1019959622E+07
  0.1452777778E+00  0.1014005217E+07
  0.1455555556E+00  0.1008050798E+07
  0.1458333333E+00  0.1002096384E+07
  0.1461111111E+00  0.9961419574E+06
  0.1463888889E+00  0.9901875424E+06
  0.1466666667E+00  0.9842331375E+06
  0.1469444444E+00  0.9782787225E+06
  0.1472222222E+00  0.9723242930E+06
  0.1475000000E+00  0.9663698781E+06
  0.1477777778E+00  0.9604154631E+06
  0.1480555556E+00  0.9544610481E+06
  0.1483333333E+00  0.9485066332E+06
  0.1486111111E+00  0.9425522070E+06
  0.1488888889E+00  0.9365977887E+06
  0.1491666667E+00  0.9306433738E+06
  0.1494444444E+00  0.9246889588E+06
  0.1497222222E+00  0.9187345327E+06
  0.1500000000E+00  0.9127801177E+06
  0.1502777778E+00  0.9078867955E+06
  0.1505555556E+00  0.9029934632E+06
  0.1508333333E+00  0.8981001443E+06
  0.1511111111E+00  0.8932068109E+06
  0.1513888889E+00  0.8883134787E+06
  0.1516666667E+00  0.8834201564E+06
  0.1519444444E+00  0.8785268342E+06
  0.1522222222E+00  0.8736335153E+06
  0.1525000000E+00  0.8687401830E+06
  0.1527777778E+00  0.8638468608E+06
  0.1530555556E+00  0.8589535319E+06
  0.1533333333E+00  0.8540602007E+06
  0.1536111111E+00  0.8491668762E+06
  0.1538888889E+00  0.8442735529E+06
  0.1541666667E+00  0.8393802284E+06
  0.1544444444E+00  0.8344868951E+06
  0.1547222222E+00  0.8295935739E+06
  0.1550000000E+00  0.8247002506E+06
  0.1552777778E+00  0.8205809407E+06
  0.1555555556E+00  0.8164616318E+06
  0.1558333333E+00  0.8123423153E+06
  0.1561111111E+00  0.8082230065E+06
  0.1563888889E+00  0.8041036966E+06
  0.1566666667E+00  0.7999843911E+06
  0.1569444444E+00  0.7958650812E+06
  0.1572222222E+00  0.7917457724E+06
  0.1575000000E+00  0.7876264636E+06
  0.1577777778E+00  0.7835071570E+06
  0.1580555556E+00  0.7793878482E+06
  0.1583333333E+00  0.7752685383E+06
  0.1586111111E+00  0.7711492295E+06
  0.1588888889E+00  0.7670299230E+06
  0.1591666667E+00  0.7629106142E+06
  0.1594444444E+00  0.7587912943E+06
  0.1597222222E+00  0.7546719888E+06
  0.1600000000E+00  0.7505526789E+06
  0.1602777778E+00  0.7469779870E+06
  0.1605555556E+00  0.7434032841E+06
  0.1608333333E+00  0.7398285855E+06
  0.1611111111E+00  0.7362538926E+06
  0.1613888889E+00  0.7326791907E+06
  0.1616666667E+00  0.7291045010E+06
  0.1619444444E+00  0.7255297992E+06
  0.1622222222E+00  0.7219550962E+06
  0.1625000000E+00  0.7183804043E+06
  0.1627777778E+00  0.7148057047E+06
  0.1630555556E+00  0.7112310029E+06
  0.1633333333E+00  0.7076563099E+06
  0.1636111111E+00  0.7040816114E+06
  0.1638888889E+00  0.7005069084E+06
  0.1641666667E+00  0.6969322154E+06
  0.1644444444E+00  0.6933575135E+06
  0.1647222222E+00  0.6897828239E+06
  0.1650000000E+00  0.6862081220E+06
  0.1652777778E+00  0.6830031823E+06
  0.1655555556E+00  0.6797982524E+06
  0.1658333333E+00  0.6765933127E+06
  0.1661111111E+00  0.6733883729E+06
  0.1663888889E+00  0.6701834430E+06
  0.1666666667E+00  0.6669785033E+06
  0.1669444444E+00  0.6637735635E+06
  0.1672222222E+00  0.6605686338E+06
  0.1675000000E+00  0.6573636950E+06
  0.1677777778E+00  0.6541587686E+06
  0.1680555556E+00  0.6509538288E+06
  0.1683333333E+00  0.6477488889E+06
  0.1686111111E+00  0.6445439592E+06
  0.1688888889E+00  0.6413390194E+06
  0.1691666667E+00  0.6381340797E+06
  0.1694444444E+00  0.6349291498E+06
  0.1697222222E+00  0.6317242101E+06
  0.1700000000E+00  0.6285192803E+06
  0.1702777778E+00  0.6255602657E+06
  0.1705555556E+00  0.6226012656E+06
  0.1708333333E+00  0.6196422609E+06
  0.1711111111E+00  0.6166832497E+06
  0.1713888889E+00  0.6137242451E+06
  0.1716666667E+00  0.6107652439E+06
  0.1719444444E+00  0.6078062292E+06
  0.1722222222E+00  0.6048472291E+06
  0.1725000000E+00  0.6018882245E+06
  0.1727777778E+00  0.5989292132E+06
  0.1730555556E+00  0.5959702086E+06
  0.1733333333E+00  0.5930112074E+06
  0.1736111111E+00  0.5900521928E+06
  0.1738888889E+00  0.5870931926E+06
  0.1741666667E+00  0.5841341881E+06
  0.1744444444E+00  0.5811751768E+06
  0.1747222222E+00  0.5782161722E+06
  0.1750000000E+00  0.5752571709E+06
  0.1752777778E+00  0.5724639622E+06
  0.1755555556E+00  0.5696707624E+06
  0.1758333333E+00  0.5668775493E+06
  0.1761111111E+00  0.5640843494E+06
  0.1763888889E+00  0.5612911407E+06
  0.1766666667E+00  0.5584979409E+06
  0.1769444444E+00  0.5557047311E+06
  0.1772222222E+00  0.5529115324E+06
  0.1775000000E+00  0.5501183226E+06
  0.1777777778E+00  0.5473251227E+06
  0.1780555556E+00  0.5445319095E+06
  0.1783333333E+00  0.5417387108E+06
  0.1786111111E+00  0.5389455010E+06
  0.1788888889E+00  0.5361523012E+06
  0.1791666667E+00  0.5333591024E+06
  0.1794444444E+00  0.5305658926E+06
  0.1797222222E+00  0.5277726928E+06
  0.1800000000E+00  0.5249794797E+06
  0.1802777778E+00  0.5223082553E+06
  0.1805555556E+00  0.5196370265E+06
  0.1808333333E+00  0.5169657876E+06
  0.1811111111E+00  0.5142945588E+06
  0.1813888889E+00  0.5116233300E+06
  0.1816666667E+00  0.5089521024E+06
  0.1819444444E+00  0.5062808636E+06
  0.1822222222E+00  0.5036096346E+06
  0.1825000000E+00  0.5009384059E+06
  0.1827777778E+00  0.4982671782E+06
  0.1830555556E+00  0.4955959394E+06
  0.1833333333E+00  0.4929247106E+06
  0.1836111111E+00  0.4902534818E+06
  0.1838888889E+00  0.4875822529E+06
  0.1841666667E+00  0.4849110152E+06
  0.1844444444E+00  0.4822397864E+06
  0.1847222222E+00  0.4795685577E+06
  0.1850000000E+00  0.4768973289E+06
  0.1852777778E+00  0.4743329606E+06
  0.1855555556E+00  0.4717685923E+06
  0.1858333333E+00  0.4692042215E+06
  0.1861111111E+00  0.4666398523E+06
  0.1863888889E+00  0.4640754831E+06
  0.1866666667E+00  0.4615111139E+06
  0.1869444444E+00  0.4589467447E+06
  0.1872222222E+00  0.4563823755E+06
  0.1875000000E+00  0.4538180063E+06
  0.1877777778E+00  0.4512536371E+06
  0.1880555556E+00  0.4486892678E+06
  0.1883333333E+00  0.4461249020E+06
  0.1886111111E+00  0.4435605328E+06
  0.1888888889E+00  0.4409961636E+06
  0.1891666667E+00  0.4384317944E+06
  0.1894444444E+00  0.4358674252E+06
  0.1897222222E+00  0.4333030560E+06
  0.1900000000E+00  0.4307386868E+06
  0.1902777778E+00  0.4282864771E+06
  0.1905555556E+00  0.4258342661E+06
  0.1908333333E+00  0.4233820520E+06
  0.1911111111E+00  0.4209298412E+06
  0.1913888889E+00  0.4184776315E+06
  0.1916666667E+00  0.4160254197E+06
  0.1919444444E+00  0.4135732055E+06
  0.1922222222E+00  0.4111209957E+06
  0.1925000000E+00  0.4086687849E+06
  0.1927777778E+00  0.4062165742E+06
  0.1930555556E+00  0.4037643600E+06
  0.1933333333E+00  0.4013121503E+06
  0.1936111111E+00  0.3988599394E+06
  0.1938888889E+00  0.3964077254E+06
  0.1941666667E+00  0.3939555144E+06
  0.1944444444E+00  0.3915033047E+06
  0.1947222222E+00  0.3890510939E+06
  0.1950000000E+00  0.3865988798E+06
  0.1952777778E+00  0.3842773831E+06
  0.1955555556E+00  0.3819558839E+06
  0.1958333333E+00  0.3796343860E+06
  0.1961111111E+00  0.3773128857E+06
  0.1963888889E+00  0.3749913868E+06
  0.1966666667E+00  0.3726698877E+06
  0.1969444444E+00  0.3703483887E+06
  0.1972222222E+00  0.3680268885E+06
  0.1975000000E+00  0.3657053895E+06
  0.1977777778E+00  0.3633838905E+06
  0.1980555556E+00  0.3610623913E+06
  0.1983333333E+00  0.3587408923E+06
  0.1986111111E+00  0.3564193932E+06
  0.1988888889E+00  0.3540978931E+06
  0.1991666667E+00  0.3517763940E+06
  0.1994444444E+00  0.3494548950E+06
  0.1997222222E+00  0.3471333948E+06
  0.2000000000E+00  0.3448118958E+06
  0.2002777778E+00  0.3426459306E+06
  0.2005555556E+00  0.3404799609E+06
  0.2008333333E+00  0.3383139923E+06
  0.2011111111E+00  0.3361480261E+06
  0.2013888889E+00  0.3339820565E+06
  0.2016666667E+00  0.3318160878E+06
  0.2019444444E+00  0.3296501216E+06
  0.2022222222E+00  0.3274841530E+06
  0.2025000000E+00  0.3253181846E+06
  0.2027777778E+00  0.3231522183E+06
  0.2030555556E+00  0.3209862496E+06
  0.2033333333E+00  0.3188202801E+06
  0.2036111111E+00  0.3166543148E+06
  0.2038888889E+00  0.3144883452E+06
  0.2041666667E+00  0.3123223767E+06
  0.2044444444E+00  0.3101564103E+06
  0.2047222222E+00  0.3079904408E+06
  0.2050000000E+00  0.3058244722E+06
  0.2052777778E+00  0.3038401675E+06
  0.2055555556E+00  0.3018558616E+06
  0.2058333333E+00  0.2998715527E+06
  0.2061111111E+00  0.2978872468E+06
  0.2063888889E+00  0.2959029421E+06
  0.2066666667E+00  0.2939186330E+06
  0.2069444444E+00  0.2919343283E+06
  0.2072222222E+00  0.2899500225E+06
  0.2075000000E+00  0.2879657144E+06
  0.2077777778E+00  0.2859814086E+06
  0.2080555556E+00  0.2839971040E+06
  0.2083333333E+00  0.2820127948E+06
  0.2086111111E+00  0.2800284901E+06
  0.2088888889E+00  0.2780441832E+06
  0.2091666667E+00  0.2760598753E+06
  0.2094444444E+00  0.2740755706E+06
  0.2097222222E+00  0.2720912647E+06
  0.2100000000E+00  0.2701069567E+06
  0.2102777778E+00  0.2683271437E+06
  0.2105555556E+00  0.2665473307E+06
  0.2108333333E+00  0.2647675198E+06
  0.2111111111E+00  0.2629877068E+06
  0.2113888889E+00  0.2612078949E+06
  0.2116666667E+00  0.2594280820E+06
  0.2119444444E+00  0.2576482710E+06
  0.2122222222E+00  0.2558684580E+06
  0.2125000000E+00  0.2540886462E+06
  0.2127777778E+00  0.2523088331E+06
  0.2130555556E+00  0.2505290201E+06
  0.2133333333E+00  0.2487492092E+06
  0.2136111111E+00  0.2469693963E+06
  0.2138888889E+00  0.2451895843E+06
  0.2141666667E+00  0.2434097713E+06
  0.2144444444E+00  0.2416299605E+06
  0.2147222222E+00  0.2398501474E+06
  0.2150000000E+00  0.2380703344E+06
  0.2152777778E+00  0.2365114917E+06
  0.2155555556E+00  0.2349526487E+06
  0.2158333333E+00  0.2333938049E+06
  0.2161111111E+00  0.2318349620E+06
  0.2163888889E+00  0.2302761181E+06
  0.2166666667E+00  0.2287172742E+06
  0.2169444444E+00  0.2271584324E+06
  0.2172222222E+00  0.2255995886E+06
  0.2175000000E+00  0.2240407457E+06
  0.2177777778E+00  0.2224819018E+06
  0.2180555556E+00  0.2209230579E+06
  0.2183333333E+00  0.2193642151E+06
  0.2186111111E+00  0.2178053711E+06
  0.2188888889E+00  0.2162465294E+06
  0.2191666667E+00  0.2146876856E+06
  0.2194444444E+00  0.2131288416E+06
  0.2197222222E+00  0.2115699988E+06
  0.2200000000E+00  0.2100111548E+06
  0.2202777778E+00  0.2086818793E+06
  0.2205555556E+00  0.2073526071E+06
  0.2208333333E+00  0.2060233348E+06
  0.2211111111E+00  0.2046940593E+06
  0.2213888889E+00  0.2033647870E+06
  0.2216666667E+00  0.2020355149E+06
  0.2219444444E+00  0.2007062415E+06
  0.2222222222E+00  0.1993769660E+06
  0.2225000000E+00  0.1980476938E+06
  0.2227777778E+00  0.1967184216E+06
  0.2230555556E+00  0.1953891449E+06
  0.2233333333E+00  0.1940598737E+06
  0.2236111111E+00  0.1927306015E+06
  0.2238888889E+00  0.1914013281E+06
  0.2241666667E+00  0.1900720526E+06
  0.2244444444E+00  0.1887427804E+06
  0.2247222222E+00  0.1874135082E+06
  0.2250000000E+00  0.1860842315E+06
  0.2252777778E+00  0.1849841835E+06
  0.2255555556E+00  0.1838841312E+06
  0.2258333333E+00  0.1827840822E+06
  0.2261111111E+00  0.1816840309E+06
  0.2263888889E+00  0.1805839820E+06
  0.2266666667E+00  0.1794839296E+06
  0.2269444444E+00  0.1783838816E+06
  0.2272222222E+00  0.1772838293E+06
  0.2275000000E+00  0.1761837770E+06
  0.2277777778E+00  0.1750837291E+06
  0.2280555556E+00  0.1739836767E+06
  0.2283333333E+00  0.1728836277E+06
  0.2286111111E+00  0.1717835764E+06
  0.2288888889E+00  0.1706835274E+06
  0.2291666667E+00  0.1695834751E+06
  0.2294444444E+00  0.1684834272E+06
  0.2297222222E+00  0.1673833748E+06
  0.2300000000E+00  0.1662833268E+06
  0.2302777778E+00  0.1654037361E+06
  0.2305555556E+00  0.1645241443E+06
  0.2308333333E+00  0.1636445524E+06
  0.2311111111E+00  0.1627649616E+06
  0.2313888889E+00  0.1618853697E+06
  0.2316666667E+00  0.1610057790E+06
  0.2319444444E+00  0.1601261871E+06
  0.2322222222E+00  0.1592465996E+06
  0.2325000000E+00  0.1583670078E+06
  0.2327777778E+00  0.1574874171E+06
  0.2330555556E+00  0.1566078252E+06
  0.2333333333E+00  0.1557282344E+06
  0.2336111111E+00  0.1548486425E+06
  0.2338888889E+00  0.1539690507E+06
  0.2341666667E+00  0.1530894643E+06
  0.2344444444E+00  0.1522098724E+06
  0.2347222222E+00  0.1513302806E+06
  0.2350000000E+00  0.1504506887E+06
  0.2352777778E+00  0.1497750462E+06
  0.2355555556E+00  0.1490994027E+06
  0.2358333333E+00  0.1484237591E+06
  0.2361111111E+00  0.1477481155E+06
  0.2363888889E+00  0.1470724719E+06
  0.2366666667E+00  0.1463968327E+06
  0.2369444444E+00  0.1457211891E+06
  0.2372222222E+00  0.1450455455E+06
  0.2375000000E+00  0.1443699019E+06
  0.2377777778E+00  0.1436942595E+06
  0.2380555556E+00  0.1430186158E+06
  0.2383333333E+00  0.1423429722E+06
  0.2386111111E+00  0.1416673287E+06
  0.2388888889E+00  0.1409916850E+06
  0.2391666667E+00  0.1403160459E+06
  0.2394444444E+00  0.1396404023E+06
  0.2397222222E+00  0.1389647587E+06
  0.2400000000E+00  0.1382891151E+06
  0.2402777778E+00  0.1377947219E+06
  0.2405555556E+00  0.1373003288E+06
  0.2408333333E+00  0.1368059366E+06
  0.2411111111E+00  0.1363115468E+06
  0.2413888889E+00  0.1358171546E+06
  0.2416666667E+00  0.1353227614E+06
  0.2419444444E+00  0.1348283683E+06
  0.2422222222E+00  0.1343339761E+06
  0.2425000000E+00  0.1338395829E+06
  0.2427777778E+00  0.1333451930E+06
  0.2430555556E+00  0.1328507998E+06
  0.2433333333E+00  0.1323564066E+06
  0.2436111111E+00  0.1318620145E+06
  0.2438888889E+00  0.1313676213E+06
  0.2441666667E+00  0.1308732315E+06
  0.2444444444E+00  0.1303788393E+06
  0.2447222222E+00  0.1298844461E+06
  0.2450000000E+00  0.1293900540E+06
  0.2452777778E+00  0.1290497901E+06
  0.2455555556E+00  0.1287095260E+06
  0.2458333333E+00  0.1283692621E+06
  0.2461111111E+00  0.1280290004E+06
  0.2463888889E+00  0.1276887375E+06
  0.2466666667E+00  0.1273484736E+06
  0.2469444444E+00  0.1270082096E+06
  0.2472222222E+00  0.1266679457E+06
  0.2475000000E+00  0.1263276828E+06
  0.2477777778E+00  0.1259874178E+06
  0.2480555556E+00  0.1256471565E+06
  0.2483333333E+00  0.1253068929E+06
  0.2486111111E+00  0.1249666293E+06
  0.2488888889E+00  0.1246263660E+06
  0.2491666667E+00  0.1242861024E+06
  0.2494444444E+00  0.1239458387E+06
  0.2497222222E+00  0.1236055752E+06
  0.2500000000E+00  0.1232653129E+06
  0.2502777778E+00  0.1230494641E+06
  0.2505555556E+00  0.1228336163E+06
  0.2508333333E+00  0.1226177679E+06
  0.2511111111E+00  0.1224019201E+06
  0.2513888889E+00  0.1221860713E+06
  0.2516666667E+00  0.1219702235E+06
  0.2519444444E+00  0.1217543750E+06
  0.2522222222E+00  0.1215385272E+06
  0.2525000000E+00  0.1213226784E+06
  0.2527777778E+00  0.1211068309E+06
  0.2530555556E+00  0.1208909821E+06
  0.2533333333E+00  0.1206751343E+06
  0.2536111111E+00  0.1204592855E+06
  0.2538888889E+00  0.1202434381E+06
  0.2541666667E+00  0.1200275892E+06
  0.2544444444E+00  0.1198117414E+06
  0.2547222222E+00  0.1195958926E+06
  0.2550000000E+00  0.1193800463E+06
  0.2552777778E+00  0.1192582870E+06
  0.2555555556E+00  0.1191365283E+06
  0.2558333333E+00  0.1190147695E+06
  0.2561111111E+00  0.1188930108E+06
  0.2563888889E+00  0.1187712521E+06
  0.2566666667E+00  0.1186494933E+06
  0.2569444444E+00  0.1185277346E+06
  0.2572222222E+00  0.1184059759E+06
  0.2575000000E+00  0.1182842171E+06
  0.2577777778E+00  0.1181624584E+06
  0.2580555556E+00  0.1180406997E+06
  0.2583333333E+00  0.1179189409E+06
  0.2586111111E+00  0.1177971822E+06
  0.2588888889E+00  0.1176754235E+06
  0.2591666667E+00  0.1175536647E+06
  0.2594444444E+00  0.1174319060E+06
  0.2597222222E+00  0.1173101472E+06
  0.2600000000E+00  0.1171883885E+06
  0.2602777778E+00  0.1171313112E+06
  0.2605555556E+00  0.1170742348E+06
  0.2608333333E+00  0.1170171581E+06
  0.2611111111E+00  0.1169600807E+06
  0.2613888889E+00  0.1169030044E+06
  0.2616666667E+00  0.1168459281E+06
  0.2619444444E+00  0.1167888507E+06
  0.2622222222E+00  0.1167317743E+06
  0.2625000000E+00  0.1166746970E+06
  0.2627777778E+00  0.1166176206E+06
  0.2630555556E+00  0.1165605442E+06
  0.2633333333E+00  0.1165034668E+06
  0.2636111111E+00  0.1164463902E+06
  0.2638888889E+00  0.1163893128E+06
  0.2641666667E+00  0.1163322364E+06
  0.2644444444E+00  0.1162751600E+06
  0.2647222222E+00  0.1162180827E+06
  0.2650000000E+00  0.1161610063E+06
  0.2652777778E+00  0.1161416685E+06
  0.2655555556E+00  0.1161223315E+06
  0.2658333333E+00  0.1161029943E+06
  0.2661111111E+00  0.1160836564E+06
  0.2663888889E+00  0.1160643196E+06
  0.2666666667E+00  0.1160449817E+06
  0.2669444444E+00  0.1160256447E+06
  0.2672222222E+00  0.1160063075E+06
  0.2675000000E+00  0.1159869696E+06
  0.2677777778E+00  0.1159676328E+06
  0.2680555556E+00  0.1159482948E+06
  0.2683333333E+00  0.1159289579E+06
  0.2686111111E+00  0.1159096200E+06
  0.2688888889E+00  0.1158902828E+06
  0.2691666667E+00  0.1158709460E+06
  0.2694444444E+00  0.1158516080E+06
  0.2697222222E+00  0.1158322711E+06
  0.2700000000E+00  0.1158129333E+06
  0.2702777778E+00  0.1158079468E+06
  0.2705555556E+00  0.1158029606E+06
  0.2708333333E+00  0.1157979744E+06
  0.2711111111E+00  0.1157929884E+06
  0.2713888889E+00  0.1157880022E+06
  0.2716666667E+00  0.1157830161E+06
  0.2719444444E+00  0.1157780299E+06
  0.2722222222E+00  0.1157730434E+06
  0.2725000000E+00  0.1157680574E+06
  0.2727777778E+00  0.1157630712E+06
  0.2730555556E+00  0.1157580850E+06
  0.2733333333E+00  0.1157530989E+06
  0.2736111111E+00  0.1157481127E+06
  0.2738888889E+00  0.1157431257E+06
  0.2741666667E+00  0.1157381392E+06
  0.2744444444E+00  0.1157331530E+06
  0.2747222222E+00  0.1157281669E+06
  0.2750000000E+00  0.1157231807E+06
  0.2752777778E+00  0.1157134097E+06
  0.2755555556E+00  0.1157036386E+06
  0.2758333333E+00  0.1156938676E+06
  0.2761111111E+00  0.1156840966E+06
  0.2763888889E+00  0.1156743256E+06
  0.2766666667E+00  0.1156645549E+06
  0.2769444444E+00  0.1156547839E+06
  0.2772222222E+00  0.1156450129E+06
  0.2775000000E+00  0.1156352418E+06
  0.2777777778E+00  0.1156254698E+06
  0.2780555556E+00  0.1156156988E+06
  0.2783333333E+00  0.1156059278E+06
  0.2786111111E+00  0.1155961567E+06
  0.2788888889E+00  0.1155863857E+06
  0.2791666667E+00  0.1155766151E+06
  0.2794444444E+00  0.1155668441E+06
  0.2797222222E+00  0.1155570731E+06
  0.2800000000E+00  0.1155473021E+06
  0.2802777778E+00  0.1155183127E+06
  0.2805555556E+00  0.1154893230E+06
  0.2808333333E+00  0.1154603346E+06
  0.2811111111E+00  0.1154313452E+06
  0.2813888889E+00  0.1154023560E+06
  0.2816666667E+00  0.1153733662E+06
  0.2819444444E+00  0.1153443779E+06
  0.2822222222E+00  0.1153153885E+06
  0.2825000000E+00  0.1152863992E+06
  0.2827777778E+00  0.1152574105E+06
  0.2830555556E+00  0.1152284211E+06
  0.2833333333E+00  0.1151994317E+06
  0.2836111111E+00  0.1151704421E+06
  0.2838888889E+00  0.1151414538E+06
  0.2841666667E+00  0.1151124644E+06
  0.2844444444E+00  0.1150834750E+06
  0.2847222222E+00  0.1150544864E+06
  0.2850000000E+00  0.1150254970E+06
  0.2852777778E+00  0.1149676785E+06
  0.2855555556E+00  0.1149098604E+06
  0.2858333333E+00  0.1148520420E+06
  0.2861111111E+00  0.1147942225E+06
  0.2863888889E+00  0.1147364041E+06
  0.2866666667E+00  0.1146785856E+06
  0.2869444444E+00  0.1146207675E+06
  0.2872222222E+00  0.1145629490E+06
  0.2875000000E+00  0.1145051306E+06
  0.2877777778E+00  0.1144473122E+06
  0.2880555556E+00  0.1143894940E+06
  0.2883333333E+00  0.1143316756E+06
  0.2886111111E+00  0.1142738570E+06
  0.2888888889E+00  0.1142160376E+06
  0.2891666667E+00  0.1141582192E+06
  0.2894444444E+00  0.1141004011E+06
  0.2897222222E+00  0.1140425826E+06
  0.2900000000E+00  0.1139847641E+06
  0.2902777778E+00  0.1138929922E+06
  0.2905555556E+00  0.1138012203E+06
  0.2908333333E+00  0.1137094483E+06
  0.2911111111E+00  0.1136176764E+06
  0.2913888889E+00  0.1135259031E+06
  0.2916666667E+00  0.1134341311E+06
  0.2919444444E+00  0.1133423591E+06
  0.2922222222E+00  0.1132505871E+06
  0.2925000000E+00  0.1131588152E+06
  0.2927777778E+00  0.1130670432E+06
  0.2930555556E+00  0.1129752712E+06
  0.2933333333E+00  0.1128834993E+06
  0.2936111111E+00  0.1127917273E+06
  0.2938888889E+00  0.1126999553E+06
  0.2941666667E+00  0.1126081820E+06
  0.2944444444E+00  0.1125164101E+06
  0.2947222222E+00  0.1124246381E+06
  0.2950000000E+00  0.1123328662E+06
  0.2952777778E+00  0.1122062819E+06
  0.2955555556E+00  0.1120796974E+06
  0.2958333333E+00  0.1119531132E+06
  0.2961111111E+00  0.1118265286E+06
  0.2963888889E+00  0.1116999434E+06
  0.2966666667E+00  0.1115733589E+06
  0.2969444444E+00  0.1114467746E+06
  0.2972222222E+00  0.1113201901E+06
  0.2975000000E+00  0.1111936059E+06
  0.2977777778E+00  0.1110670214E+06
  0.2980555556E+00  0.1109404371E+06
  0.2983333333E+00  0.1108138516E+06
  0.2986111111E+00  0.1106872674E+06
  0.2988888889E+00  0.1105606828E+06
  0.2991666667E+00  0.1104340983E+06
  0.2994444444E+00  0.1103075141E+06
  0.2997222222E+00  0.1101809295E+06
  0.3000000000E+00  0.1100543453E+06
  0.3002777778E+00  0.1098955208E+06
  0.3005555556E+00  0.1097366968E+06
  0.3008333333E+00  0.1095778723E+06
  0.3011111111E+00  0.1094190488E+06
  0.3013888889E+00  0.1092602244E+06
  0.3016666667E+00  0.1091014003E+06
  0.3019444444E+00  0.1089425758E+06
  0.3022222222E+00  0.1087837523E+06
  0.3025000000E+00  0.1086249283E+06
  0.3027777778E+00  0.1084661038E+06
  0.3030555556E+00  0.1083072793E+06
  0.3033333333E+00  0.1081484558E+06
  0.3036111111E+00  0.1079896318E+06
  0.3038888889E+00  0.1078308073E+06
  0.3041666667E+00  0.1076719828E+06
  0.3044444444E+00  0.1075131597E+06
  0.3047222222E+00  0.1073543353E+06
  0.3050000000E+00  0.1071955108E+06
  0.3052777778E+00  0.1070098425E+06
  0.3055555556E+00  0.1068241751E+06
  0.3058333333E+00  0.1066385064E+06
  0.3061111111E+00  0.1064528391E+06
  0.3063888889E+00  0.1062671707E+06
  0.3066666667E+00  0.1060815030E+06
  0.3069444444E+00  0.1058958347E+06
  0.3072222222E+00  0.1057101673E+06
  0.3075000000E+00  0.1055244986E+06
  0.3077777778E+00  0.1053388303E+06
  0.3080555556E+00  0.1051531630E+06
  0.3083333333E+00  0.1049674947E+06
  0.3086111111E+00  0.1047818270E+06
  0.3088888889E+00  0.1045961586E+06
  0.3091666667E+00  0.1044104913E+06
  0.3094444444E+00  0.1042248226E+06
  0.3097222222E+00  0.1040391542E+06
  0.3100000000E+00  0.1038534869E+06
  0.3102777778E+00  0.1036483972E+06
  0.3105555556E+00  0.1034433089E+06
  0.3108333333E+00  0.1032382191E+06
  0.3111111111E+00  0.1030331308E+06
  0.3113888889E+00  0.1028280410E+06
  0.3116666667E+00  0.1026229514E+06
  0.3119444444E+00  0.1024178630E+06
  0.3122222222E+00  0.1022127733E+06
  0.3125000000E+00  0.1020076850E+06
  0.3127777778E+00  0.1018025952E+06
  0.3130555556E+00  0.1015975069E+06
  0.3133333333E+00  0.1013924172E+06
  0.3136111111E+00  0.1011873278E+06
  0.3138888889E+00  0.1009822391E+06
  0.3141666667E+00  0.1007771497E+06
  0.3144444444E+00  0.1005720611E+06
  0.3147222222E+00  0.1003669717E+06
  0.3150000000E+00  0.1001618830E+06
  0.3152777778E+00  0.9994607649E+05
  0.3155555556E+00  0.9973027136E+05
  0.3158333333E+00  0.9951446589E+05
  0.3161111111E+00  0.9929866031E+05
  0.3163888889E+00  0.9908285484E+05
  0.3166666667E+00  0.9886704871E+05
  0.3169444444E+00  0.9865124324E+05
  0.3172222222E+00  0.9843543777E+05
  0.3175000000E+00  0.9821963220E+05
  0.3177777778E+00  0.9800382706E+05
  0.3180555556E+00  0.9778802059E+05
  0.3183333333E+00  0.9757221512E+05
  0.3186111111E+00  0.9735640955E+05
  0.3188888889E+00  0.9714060441E+05
  0.3191666667E+00  0.9692479895E+05
  0.3194444444E+00  0.9670899248E+05
  0.3197222222E+00  0.9649318701E+05
  0.3200000000E+00  0.9627738176E+05
  0.3202777778E+00  0.9605994898E+05
  0.3205555556E+00  0.9584251721E+05
  0.3208333333E+00  0.9562508432E+05
  0.3211111111E+00  0.9540765255E+05
  0.3213888889E+00  0.9519021966E+05
  0.3216666667E+00  0.9497278721E+05
  0.3219444444E+00  0.9475535532E+05
  0.3222222222E+00  0.9453792254E+05
  0.3225000000E+00  0.9432049066E+05
  0.3227777778E+00  0.9410305789E+05
  0.3230555556E+00  0.9388562500E+05
  0.3233333333E+00  0.9366819322E+05
  0.3236111111E+00  0.9345076078E+05
  0.3238888889E+00  0.9323332889E+05
  0.3241666667E+00  0.9301589612E+05
  0.3244444444E+00  0.9279846322E+05
  0.3247222222E+00  0.9258103144E+05
  0.3250000000E+00  0.9236359857E+05
  0.3252777778E+00  0.9215357245E+05
  0.3255555556E+00  0.9194354633E+05
  0.3258333333E+00  0.9173352123E+05
  0.3261111111E+00  0.9152349511E+05
  0.3263888889E+00  0.9131346900E+05
  0.3266666667E+00  0.9110344288E+05
  0.3269444444E+00  0.9089341666E+05
  0.3272222222E+00  0.9068339055E+05
  0.3275000000E+00  0.9047336443E+05
  0.3277777778E+00  0.9026333833E+05
  0.3280555556E+00  0.9005331221E+05
  0.3283333333E+00  0.8984328609E+05
  0.3286111111E+00  0.8963325999E+05
  0.3288888889E+00  0.8942323387E+05
  0.3291666667E+00  0.8921320776E+05
  0.3294444444E+00  0.8900318153E+05
  0.3297222222E+00  0.8879315642E+05
  0.3300000000E+00  0.8858313031E+05
  0.3302777778E+00  0.8838864142E+05
  0.3305555556E+00  0.8819415244E+05
  0.3308333333E+00  0.8799966444E+05
  0.3311111111E+00  0.8780517522E+05
  0.3313888889E+00  0.8761068623E+05
  0.3316666667E+00  0.8741619834E+05
  0.3319444444E+00  0.8722170902E+05
  0.3322222222E+00  0.8702722014E+05
  0.3325000000E+00  0.8683273215E+05
  0.3327777778E+00  0.8663824326E+05
  0.3330555556E+00  0.8644375494E+05
  0.3333333333E+00  0.8624926594E+05
  0.3336111111E+00  0.8605477707E+05
  0.3338888889E+00  0.8586028874E+05
  0.3341666667E+00  0.8566579985E+05
  0.3344444444E+00  0.8547131086E+05
  0.3347222222E+00  0.8527682298E+05
  0.3350000000E+00  0.8508233366E+05
  0.3352777778E+00  0.8491036252E+05
  0.3355555556E+00  0.8473839095E+05
  0.3358333333E+00  0.8456641981E+05
  0.3361111111E+00  0.8439444824E+05
  0.3363888889E+00  0.8422247677E+05
  0.3366666667E+00  0.8405050553E+05
  0.3369444444E+00  0.8387853406E+05
  0.3372222222E+00  0.8370656294E+05
  0.3375000000E+00  0.8353459135E+05
  0.3377777778E+00  0.8336262023E+05
  0.3380555556E+00  0.8319064865E+05
  0.3383333333E+00  0.8301867752E+05
  0.3386111111E+00  0.8284670594E+05
  0.3388888889E+00  0.8267473448E+05
  0.3391666667E+00  0.8250276323E+05
  0.3394444444E+00  0.8233079177E+05
  0.3397222222E+00  0.8215882063E+05
  0.3400000000E+00  0.8198684906E+05
  0.3402777778E+00  0.8184278337E+05
  0.3405555556E+00  0.8169871733E+05
  0.3408333333E+00  0.8155465164E+05
  0.3411111111E+00  0.8141058561E+05
  0.3413888889E+00  0.8126651992E+05
  0.3416666667E+00  0.8112245378E+05
  0.3419444444E+00  0.8097838809E+05
  0.3422222222E+00  0.8083432206E+05
  0.3425000000E+00  0.8069025637E+05
  0.3427777778E+00  0.8054619034E+05
  0.3430555556E+00  0.8040212465E+05
  0.3433333333E+00  0.8025805862E+05
  0.3436111111E+00  0.8011399291E+05
  0.3438888889E+00  0.7996992689E+05
  0.3441666667E+00  0.7982586108E+05
  0.3444444444E+00  0.7968179505E+05
  0.3447222222E+00  0.7953772903E+05
  0.3450000000E+00  0.7939366333E+05
  0.3452777778E+00  0.7928110831E+05
  0.3455555556E+00  0.7916855319E+05
  0.3458333333E+00  0.7905599884E+05
  0.3461111111E+00  0.7894344371E+05
  0.3463888889E+00  0.7883088970E+05
  0.3466666667E+00  0.7871833457E+05
  0.3469444444E+00  0.7860577955E+05
  0.3472222222E+00  0.7849322553E+05
  0.3475000000E+00  0.7838067008E+05
  0.3477777778E+00  0.7826811606E+05
  0.3480555556E+00  0.7815556093E+05
  0.3483333333E+00  0.7804300592E+05
  0.3486111111E+00  0.7793045179E+05
  0.3488888889E+00  0.7781789644E+05
  0.3491666667E+00  0.7770534142E+05
  0.3494444444E+00  0.7759278730E+05
  0.3497222222E+00  0.7748023227E+05
  0.3500000000E+00  0.7736767815E+05
  0.3502777778E+00  0.7728836900E+05
  0.3505555556E+00  0.7720906074E+05
  0.3508333333E+00  0.7712975215E+05
  0.3511111111E+00  0.7705044388E+05
  0.3513888889E+00  0.7697113462E+05
  0.3516666667E+00  0.7689182636E+05
  0.3519444444E+00  0.7681251821E+05
  0.3522222222E+00  0.7673320995E+05
  0.3525000000E+00  0.7665390069E+05
  0.3527777778E+00  0.7657459243E+05
  0.3530555556E+00  0.7649528417E+05
  0.3533333333E+00  0.7641597557E+05
  0.3536111111E+00  0.7633666631E+05
  0.3538888889E+00  0.7625735816E+05
  0.3541666667E+00  0.7617804990E+05
  0.3544444444E+00  0.7609874064E+05
  0.3547222222E+00  0.7601943237E+05
  0.3550000000E+00  0.7594012412E+05
  0.3552777778E+00  0.7589396178E+05
  0.3555555556E+00  0.7584779934E+05
  0.3558333333E+00  0.7580163590E+05
  0.3561111111E+00  0.7575547357E+05
  0.3563888889E+00  0.7570931113E+05
  0.3566666667E+00  0.7566314879E+05
  0.3569444444E+00  0.7561698669E+05
  0.3572222222E+00  0.7557082424E+05
  0.3575000000E+00  0.7552466091E+05
  0.3577777778E+00  0.7547849847E+05
  0.3580555556E+00  0.7543233603E+05
  0.3583333333E+00  0.7538617369E+05
  0.3586111111E+00  0.7534001125E+05
  0.3588888889E+00  0.7529384892E+05
  0.3591666667E+00  0.7524768548E+05
  0.3594444444E+00  0.7520152337E+05
  0.3597222222E+00  0.7515536104E+05
  0.3600000000E+00  0.7510919859E+05
  0.3602777778E+00  0.7509435305E+05
  0.3605555556E+00  0.7507950795E+05
  0.3608333333E+00  0.7506466342E+05
  0.3611111111E+00  0.7504981820E+05
  0.3613888889E+00  0.7503497267E+05
  0.3616666667E+00  0.7502012845E+05
  0.3619444444E+00  0.7500528302E+05
  0.3622222222E+00  0.7499043782E+05
  0.3625000000E+00  0.7497559227E+05
  0.3627777778E+00  0.7496074807E+05
  0.3630555556E+00  0.7494590252E+05
  0.3633333333E+00  0.7493105742E+05
  0.3636111111E+00  0.7491621288E+05
  0.3638888889E+00  0.7490136767E+05
  0.3641666667E+00  0.7488652213E+05
  0.3644444444E+00  0.7487167703E+05
  0.3647222222E+00  0.7485683249E+05
  0.3650000000E+00  0.7484198728E+05
  0.3652777778E+00  0.7485514030E+05
  0.3655555556E+00  0.7486829444E+05
  0.3658333333E+00  0.7488144746E+05
  0.3661111111E+00  0.7489460181E+05
  0.3663888889E+00  0.7490775483E+05
  0.3666666667E+00  0.7492090897E+05
  0.3669444444E+00  0.7493406198E+05
  0.3672222222E+00  0.7494721600E+05
  0.3675000000E+00  0.7496036914E+05
  0.3677777778E+00  0.7497352349E+05
  0.3680555556E+00  0.7498667651E+05
  0.3683333333E+00  0.7499983065E+05
  0.3686111111E+00  0.7501298368E+05
  0.3688888889E+00  0.7502613769E+05
  0.3691666667E+00  0.7503929083E+05
  0.3694444444E+00  0.7505244518E+05
  0.3697222222E+00  0.7506559820E+05
  0.3700000000E+00  0.7507875222E+05
  0.3702777778E+00  0.7511532972E+05
  0.3705555556E+00  0.7515190777E+05
  0.3708333333E+00  0.7518848627E+05
  0.3711111111E+00  0.7522506477E+05
  0.3713888889E+00  0.7526164282E+05
  0.3716666667E+00  0.7529822031E+05
  0.3719444444E+00  0.7533479837E+05
  0.3722222222E+00  0.7537137687E+05
  0.3725000000E+00  0.7540795526E+05
  0.3727777778E+00  0.7544453341E+05
  0.3730555556E+00  0.7548111180E+05
  0.3733333333E+00  0.7551768930E+05
  0.3736111111E+00  0.7555426736E+05
  0.3738888889E+00  0.7559084585E+05
  0.3741666667E+00  0.7562742424E+05
  0.3744444444E+00  0.7566400240E+05
  0.3747222222E+00  0.7570057979E+05
  0.3750000000E+00  0.7573715828E+05
  0.3752777778E+00  0.7579172783E+05
  0.3755555556E+00  0.7584629714E+05
  0.3758333333E+00  0.7590086667E+05
  0.3761111111E+00  0.7595543633E+05
  0.3763888889E+00  0.7601000598E+05
  0.3766666667E+00  0.7606457551E+05
  0.3769444444E+00  0.7611914417E+05
  0.3772222222E+00  0.7617371371E+05
  0.3775000000E+00  0.7622828335E+05
  0.3777777778E+00  0.7628285267E+05
  0.3780555556E+00  0.7633742221E+05
  0.3783333333E+00  0.7639199185E+05
  0.3786111111E+00  0.7644656139E+05
  0.3788888889E+00  0.7650113105E+05
  0.3791666667E+00  0.7655570069E+05
  0.3794444444E+00  0.7661026923E+05
  0.3797222222E+00  0.7666483889E+05
  0.3800000000E+00  0.7671940843E+05
  0.3802777778E+00  0.7678591281E+05
  0.3805555556E+00  0.7685241609E+05
  0.3808333333E+00  0.7691891936E+05
  0.3811111111E+00  0.7698542408E+05
  0.3813888889E+00  0.7705192736E+05
  0.3816666667E+00  0.7711843063E+05
  0.3819444444E+00  0.7718493525E+05
  0.3822222222E+00  0.7725143864E+05
  0.3825000000E+00  0.7731794291E+05
  0.3827777778E+00  0.7738444619E+05
  0.3830555556E+00  0.7745094992E+05
  0.3833333333E+00  0.7751745419E+05
  0.3836111111E+00  0.7758395747E+05
  0.3838888889E+00  0.7765046208E+05
  0.3841666667E+00  0.7771696546E+05
  0.3844444444E+00  0.7778346874E+05
  0.3847222222E+00  0.7784997336E+05
  0.3850000000E+00  0.7791647674E+05
  0.3852777778E+00  0.7798876901E+05
  0.3855555556E+00  0.7806106006E+05
  0.3858333333E+00  0.7813335234E+05
  0.3861111111E+00  0.7820564472E+05
  0.3863888889E+00  0.7827793600E+05
  0.3866666667E+00  0.7835022793E+05
  0.3869444444E+00  0.7842252032E+05
  0.3872222222E+00  0.7849481159E+05
  0.3875000000E+00  0.7856710398E+05
  0.3877777778E+00  0.7863939592E+05
  0.3880555556E+00  0.7871168730E+05
  0.3883333333E+00  0.7878397958E+05
  0.3886111111E+00  0.7885627196E+05
  0.3888888889E+00  0.7892856290E+05
  0.3891666667E+00  0.7900085529E+05
  0.3894444444E+00  0.7907314756E+05
  0.3897222222E+00  0.7914543862E+05
  0.3900000000E+00  0.7921773090E+05
  0.3902777778E+00  0.7928970051E+05
  0.3905555556E+00  0.7936167014E+05
  0.3908333333E+00  0.7943364111E+05
  0.3911111111E+00  0.7950561085E+05
  0.3913888889E+00  0.7957758048E+05
  0.3916666667E+00  0.7964955110E+05
  0.3919444444E+00  0.7972152073E+05
  0.3922222222E+00  0.7979349036E+05
  0.3925000000E+00  0.7986546098E+05
  0.3927777778E+00  0.7993743094E+05
  0.3930555556E+00  0.8000940057E+05
  0.3933333333E+00  0.8008137030E+05
  0.3936111111E+00  0.8015334093E+05
  0.3938888889E+00  0.8022531056E+05
  0.3941666667E+00  0.8029728019E+05
  0.3944444444E+00  0.8036925082E+05
  0.3947222222E+00  0.8044122045E+05
  0.3950000000E+00  0.8051319040E+05
  0.3952777778E+00  0.8057929224E+05
  0.3955555556E+00  0.8064539439E+05
  0.3958333333E+00  0.8071149522E+05
  0.3961111111E+00  0.8077759737E+05
  0.3963888889E+00  0.8084369853E+05
  0.3966666667E+00  0.8090980036E+05
  0.3969444444E+00  0.8097590252E+05
  0.3972222222E+00  0.8104200368E+05
  0.3975000000E+00  0.8110810550E+05
  0.3977777778E+00  0.8117420756E+05
  0.3980555556E+00  0.8124030872E+05
  0.3983333333E+00  0.8130641054E+05
  0.3986111111E+00  0.8137251170E+05
  0.3988888889E+00  0.8143861385E+05
  0.3991666667E+00  0.8150471569E+05
  0.3994444444E+00  0.8157081684E+05
  0.3997222222E+00  0.8163691867E+05
  0.4000000000E+00  0.8170302082E+05
  0.4002777778E+00  0.8175840154E+05
  0.4005555556E+00  0.8181378235E+05
  0.4008333333E+00  0.8186916316E+05
  0.4011111111E+00  0.8192454398E+05
  0.4013888889E+00  0.8197992469E+05
  0.4016666667E+00  0.8203530650E+05
  0.4019444444E+00  0.8209068732E+05
  0.4022222222E+00  0.8214606813E+05
  0.4025000000E+00  0.8220144917E+05
  0.4027777778E+00  0.8225682999E+05
  0.4030555556E+00  0.8231221180E+05
  0.4033333333E+00  0.8236759261E+05
  0.4036111111E+00  0.8242297333E+05
  0.4038888889E+00  0.8247835414E+05
  0.4041666667E+00  0.8253373495E+05
  0.4044444444E+00  0.8258911677E+05
  0.4047222222E+00  0.8264449748E+05
  0.4050000000E+00  0.8269987829E+05
  0.4052777778E+00  0.8274067944E+05
  0.4055555556E+00  0.8278148058E+05
  0.4058333333E+00  0.8282228128E+05
  0.4061111111E+00  0.8286308243E+05
  0.4063888889E+00  0.8290388457E+05
  0.4066666667E+00  0.8294468572E+05
  0.4069444444E+00  0.8298548653E+05
  0.4072222222E+00  0.8302628757E+05
  0.4075000000E+00  0.8306708871E+05
  0.4077777778E+00  0.8310788985E+05
  0.4080555556E+00  0.8314869067E+05
  0.4083333333E+00  0.8318949181E+05
  0.4086111111E+00  0.8323029385E+05
  0.4088888889E+00  0.8327109499E+05
  0.4091666667E+00  0.8331189580E+05
  0.4094444444E+00  0.8335269695E+05
  0.4097222222E+00  0.8339349809E+05
  0.4100000000E+00  0.8343429913E+05
  0.4102777778E+00  0.8345778108E+05
  0.4105555556E+00  0.8348126291E+05
  0.4108333333E+00  0.8350474420E+05
  0.4111111111E+00  0.8352822605E+05
  0.4113888889E+00  0.8355170821E+05
  0.4116666667E+00  0.8357519017E+05
  0.4119444444E+00  0.8359867201E+05
  0.4122222222E+00  0.8362215318E+05
  0.4125000000E+00  0.8364563513E+05
  0.4127777778E+00  0.8366911731E+05
  0.4130555556E+00  0.8369259926E+05
  0.4133333333E+00  0.8371608010E+05
  0.4136111111E+00  0.8373956227E+05
  0.4138888889E+00  0.8376304423E+05
  0.4141666667E+00  0.8378652607E+05
  0.4144444444E+00  0.8381000724E+05
  0.4147222222E+00  0.8383348920E+05
  0.4150000000E+00  0.8385697137E+05
  0.4152777778E+00  0.8386158054E+05
  0.4155555556E+00  0.8386619004E+05
  0.4158333333E+00  0.8387079810E+05
  0.4161111111E+00  0.8387540761E+05
  0.4163888889E+00  0.8388001677E+05
  0.4166666667E+00  0.8388462628E+05
  0.4169444444E+00  0.8388923534E+05
  0.4172222222E+00  0.8389384383E+05
  0.4175000000E+00  0.8389845301E+05
  0.4177777778E+00  0.8390306251E+05
  0.4180555556E+00  0.8390767157E+05
  0.4183333333E+00  0.8391228107E+05
  0.4186111111E+00  0.8391688924E+05
  0.4188888889E+00  0.8392149863E+05
  0.4191666667E+00  0.8392610780E+05
  0.4194444444E+00  0.8393071731E+05
  0.4197222222E+00  0.8393532647E+05
  0.4200000000E+00  0.8393993487E+05
  0.4202777778E+00  0.8392535647E+05
  0.4205555556E+00  0.8391077842E+05
  0.4208333333E+00  0.8389620003E+05
  0.4211111111E+00  0.8388162197E+05
  0.4213888889E+00  0.8386704358E+05
  0.4216666667E+00  0.8385246452E+05
  0.4219444444E+00  0.8383788613E+05
  0.4222222222E+00  0.8382330807E+05
  0.4225000000E+00  0.8380873002E+05
  0.4227777778E+00  0.8379415151E+05
  0.4230555556E+00  0.8377957345E+05
  0.4233333333E+00  0.8376499406E+05
  0.4236111111E+00  0.8375041600E+05
  0.4238888889E+00  0.8373583761E+05
  0.4241666667E+00  0.8372125956E+05
  0.4244444444E+00  0.8370668116E+05
  0.4247222222E+00  0.8369210310E+05
  0.4250000000E+00  0.8367752372E+05
  0.4252777778E+00  0.8364460237E+05
  0.4255555556E+00  0.8361168115E+05
  0.4258333333E+00  0.8357875980E+05
  0.4261111111E+00  0.8354583856E+05
  0.4263888889E+00  0.8351291723E+05
  0.4266666667E+00  0.8347999588E+05
  0.4269444444E+00  0.8344707465E+05
  0.4272222222E+00  0.8341415331E+05
  0.4275000000E+00  0.8338123175E+05
  0.4277777778E+00  0.8334831040E+05
  0.4280555556E+00  0.8331538817E+05
  0.4283333333E+00  0.8328246683E+05
  0.4286111111E+00  0.8324954549E+05
  0.4288888889E+00  0.8321662425E+05
  0.4291666667E+00  0.8318370292E+05
  0.4294444444E+00  0.8315078168E+05
  0.4297222222E+00  0.8311786034E+05
  0.4300000000E+00  0.8308493878E+05
  0.4302777778E+00  0.8303556420E+05
  0.4305555556E+00  0.8298619072E+05
  0.4308333333E+00  0.8293681615E+05
  0.4311111111E+00  0.8288744268E+05
  0.4313888889E+00  0.8283806787E+05
  0.4316666667E+00  0.8278869429E+05
  0.4319444444E+00  0.8273931982E+05
  0.4322222222E+00  0.8268994535E+05
  0.4325000000E+00  0.8264057177E+05
  0.4327777778E+00  0.8259119696E+05
  0.4330555556E+00  0.8254182350E+05
  0.4333333333E+00  0.8249244892E+05
  0.4336111111E+00  0.8244307545E+05
  0.4338888889E+00  0.8239370098E+05
  0.4341666667E+00  0.8234432706E+05
  0.4344444444E+00  0.8229495259E+05
  0.4347222222E+00  0.8224557902E+05
  0.4350000000E+00  0.8219620454E+05
  0.4352777778E+00  0.8213314135E+05
  0.4355555556E+00  0.8207007837E+05
  0.4358333333E+00  0.8200701618E+05
  0.4361111111E+00  0.8194395331E+05
  0.4363888889E+00  0.8188089034E+05
  0.4366666667E+00  0.8181782714E+05
  0.4369444444E+00  0.8175476429E+05
  0.4372222222E+00  0.8169170097E+05
  0.4375000000E+00  0.8162863912E+05
  0.4377777778E+00  0.8156557591E+05
  0.4380555556E+00  0.8150251295E+05
  0.4383333333E+00  0.8143944974E+05
  0.4386111111E+00  0.8137638677E+05
  0.4388888889E+00  0.8131332457E+05
  0.4391666667E+00  0.8125026172E+05
  0.4394444444E+00  0.8118719840E+05
  0.4397222222E+00  0.8112413555E+05
  0.4400000000E+00  0.8106107235E+05
  0.4402777778E+00  0.8098776917E+05
  0.4405555556E+00  0.8091446466E+05
  0.4408333333E+00  0.8084116016E+05
  0.4411111111E+00  0.8076785676E+05
  0.4413888889E+00  0.8069455225E+05
  0.4416666667E+00  0.8062124774E+05
  0.4419444444E+00  0.8054794323E+05
  0.4422222222E+00  0.8047464017E+05
  0.4425000000E+00  0.8040133565E+05
  0.4427777778E+00  0.8032803115E+05
  0.4430555556E+00  0.8025472764E+05
  0.4433333333E+00  0.8018142323E+05
  0.4436111111E+00  0.8010811873E+05
  0.4438888889E+00  0.8003481555E+05
  0.4441666667E+00  0.7996151116E+05
  0.4444444444E+00  0.7988820664E+05
  0.4447222222E+00  0.7981490214E+05
  0.4450000000E+00  0.7974159863E+05
  0.4452777778E+00  0.7966187852E+05
  0.4455555556E+00  0.7958215941E+05
  0.4458333333E+00  0.7950243963E+05
  0.4461111111E+00  0.7942272041E+05
  0.4463888889E+00  0.7934300130E+05
  0.4466666667E+00  0.7926328119E+05
  0.4469444444E+00  0.7918356208E+05
  0.4472222222E+00  0.7910384186E+05
  0.4475000000E+00  0.7902412275E+05
  0.4477777778E+00  0.7894440397E+05
  0.4480555556E+00  0.7886468386E+05
  0.4483333333E+00  0.7878496444E+05
  0.4486111111E+00  0.7870524493E+05
  0.4488888889E+00  0.7862552542E+05
  0.4491666667E+00  0.7854580591E+05
  0.4494444444E+00  0.7846608629E+05
  0.4497222222E+00  0.7838636701E+05
  0.4500000000E+00  0.7830664750E+05
  0.4502777778E+00  0.7822452813E+05
  0.4505555556E+00  0.7814240864E+05
  0.4508333333E+00  0.7806028917E+05
  0.4511111111E+00  0.7797816979E+05
  0.4513888889E+00  0.7789605041E+05
  0.4516666667E+00  0.7781393117E+05
  0.4519444444E+00  0.7773181179E+05
  0.4522222222E+00  0.7764969231E+05
  0.4525000000E+00  0.7756757294E+05
  0.4527777778E+00  0.7748545345E+05
  0.4530555556E+00  0.7740333398E+05
  0.4533333333E+00  0.7732121494E+05
  0.4536111111E+00  0.7723909545E+05
  0.4538888889E+00  0.7715697597E+05
  0.4541666667E+00  0.7707485659E+05
  0.4544444444E+00  0.7699273713E+05
  0.4547222222E+00  0.7691061764E+05
  0.4550000000E+00  0.7682849826E+05
  0.4552777778E+00  0.7674792755E+05
  0.4555555556E+00  0.7666735684E+05
  0.4558333333E+00  0.7658678579E+05
  0.4561111111E+00  0.7650621507E+05
  0.4563888889E+00  0.7642564403E+05
  0.4566666667E+00  0.7634507332E+05
  0.4569444444E+00  0.7626450260E+05
  0.4572222222E+00  0.7618393165E+05
  0.4575000000E+00  0.7610336094E+05
  0.4577777778E+00  0.7602278989E+05
  0.4580555556E+00  0.7594221907E+05
  0.4583333333E+00  0.7586164803E+05
  0.4586111111E+00  0.7578107742E+05
  0.4588888889E+00  0.7570050670E+05
  0.4591666667E+00  0.7561993566E+05
  0.4594444444E+00  0.7553936494E+05
  0.4597222222E+00  0.7545879400E+05
  0.4600000000E+00  0.7537822317E+05
  0.4602777778E+00  0.7530282580E+05
  0.4605555556E+00  0.7522742876E+05
  0.4608333333E+00  0.7515203139E+05
  0.4611111111E+00  0.7507663390E+05
  0.4613888889E+00  0.7500123653E+05
  0.4616666667E+00  0.7492583960E+05
  0.4619444444E+00  0.7485044211E+05
  0.4622222222E+00  0.7477504474E+05
  0.4625000000E+00  0.7469964770E+05
  0.4627777778E+00  0.7462425022E+05
  0.4630555556E+00  0.7454885284E+05
  0.4633333333E+00  0.7447345581E+05
  0.4636111111E+00  0.7439805832E+05
  0.4638888889E+00  0.7432266105E+05
  0.4641666667E+00  0.7424726401E+05
  0.4644444444E+00  0.7417186653E+05
  0.4647222222E+00  0.7409646916E+05
  0.4650000000E+00  0.7402107212E+05
  0.4652777778E+00  0.7395396342E+05
  0.4655555556E+00  0.7388685507E+05
  0.4658333333E+00  0.7381974647E+05
  0.4661111111E+00  0.7375263813E+05
  0.4663888889E+00  0.7368552943E+05
  0.4666666667E+00  0.7361842107E+05
  0.4669444444E+00  0.7355131272E+05
  0.4672222222E+00  0.7348420412E+05
  0.4675000000E+00  0.7341709576E+05
  0.4677777778E+00  0.7334998708E+05
  0.4680555556E+00  0.7328287871E+05
  0.4683333333E+00  0.7321577003E+05
  0.4686111111E+00  0.7314866177E+05
  0.4688888889E+00  0.7308155296E+05
  0.4691666667E+00  0.7301444461E+05
  0.4694444444E+00  0.7294733624E+05
  0.4697222222E+00  0.7288022756E+05
  0.4700000000E+00  0.7281311930E+05
  0.4702777778E+00  0.7275674228E+05
  0.4705555556E+00  0.7270036524E+05
  0.4708333333E+00  0.7264398832E+05
  0.4711111111E+00  0.7258761163E+05
  0.4713888889E+00  0.7253123471E+05
  0.4716666667E+00  0.7247485768E+05
  0.4719444444E+00  0.7241848065E+05
  0.4722222222E+00  0.7236210373E+05
  0.4725000000E+00  0.7230572703E+05
  0.4727777778E+00  0.7224935001E+05
  0.4730555556E+00  0.7219297309E+05
  0.4733333333E+00  0.7213659605E+05
  0.4736111111E+00  0.7208021913E+05
  0.4738888889E+00  0.7202384211E+05
  0.4741666667E+00  0.7196746541E+05
  0.4744444444E+00  0.7191108849E+05
  0.4747222222E+00  0.7185471146E+05
  0.4750000000E+00  0.7179833444E+05
  0.4752777778E+00  0.7175436484E+05
  0.4755555556E+00  0.7171039514E+05
  0.4758333333E+00  0.7166642500E+05
  0.4761111111E+00  0.7162245540E+05
  0.4763888889E+00  0.7157848569E+05
  0.4766666667E+00  0.7153451555E+05
  0.4769444444E+00  0.7149054595E+05
  0.4772222222E+00  0.7144657625E+05
  0.4775000000E+00  0.7140260644E+05
  0.4777777778E+00  0.7135863640E+05
  0.4780555556E+00  0.7131466681E+05
  0.4783333333E+00  0.7127069699E+05
  0.4786111111E+00  0.7122672695E+05
  0.4788888889E+00  0.7118275736E+05
  0.4791666667E+00  0.7113878755E+05
  0.4794444444E+00  0.7109481751E+05
  0.4797222222E+00  0.7105084792E+05
  0.4800000000E+00  0.7100687811E+05
  0.4802777778E+00  0.7097614125E+05
  0.4805555556E+00  0.7094540428E+05
  0.4808333333E+00  0.7091466754E+05
  0.4811111111E+00  0.7088393057E+05
  0.4813888889E+00  0.7085319371E+05
  0.4816666667E+00  0.7082245675E+05
  0.4819444444E+00  0.7079171989E+05
  0.4822222222E+00  0.7076098303E+05
  0.4825000000E+00  0.7073024607E+05
  0.4827777778E+00  0.7069950921E+05
  0.4830555556E+00  0.7066877224E+05
  0.4833333333E+00  0.7063803540E+05
  0.4836111111E+00  0.7060729843E+05
  0.4838888889E+00  0.7057656157E+05
  0.4841666667E+00  0.7054582472E+05
  0.4844444444E+00  0.7051508775E+05
  0.4847222222E+00  0.7048435089E+05
  0.4850000000E+00  0.7045361427E+05
  0.4852777778E+00  0.7043612240E+05
  0.4855555556E+00  0.7041863054E+05
  0.4858333333E+00  0.7040113901E+05
  0.4861111111E+00  0.7038364715E+05
  0.4863888889E+00  0.7036615519E+05
  0.4866666667E+00  0.7034866355E+05
  0.4869444444E+00  0.7033117169E+05
  0.4872222222E+00  0.7031368016E+05
  0.4875000000E+00  0.7029618819E+05
  0.4877777778E+00  0.7027869633E+05
  0.4880555556E+00  0.7026120480E+05
  0.4883333333E+00  0.7024371294E+05
  0.4886111111E+00  0.7022622096E+05
  0.4888888889E+00  0.7020872934E+05
  0.4891666667E+00  0.7019123747E+05
  0.4894444444E+00  0.7017374594E+05
  0.4897222222E+00  0.7015625408E+05
  0.4900000000E+00  0.7013876212E+05
  0.4902777778E+00  0.7013374125E+05
  0.4905555556E+00  0.7012871995E+05
  0.4908333333E+00  0.7012369875E+05
  0.4911111111E+00  0.7011867745E+05
  0.4913888889E+00  0.7011365616E+05
  0.4916666667E+00  0.7010863507E+05
  0.4919444444E+00  0.7010361410E+05
  0.4922222222E+00  0.7009859281E+05
  0.4925000000E+00  0.7009357150E+05
  0.4927777778E+00  0.7008855032E+05
  0.4930555556E+00  0.7008352901E+05
  0.4933333333E+00  0.7007850781E+05
  0.4936111111E+00  0.7007348662E+05
  0.4938888889E+00  0.7006846566E+05
  0.4941666667E+00  0.7006344436E+05
  0.4944444444E+00  0.7005842306E+05
  0.4947222222E+00  0.7005340197E+05
  0.4950000000E+00  0.7004838067E+05
