  0.1027777778E-01  0.2247999776E+08
  0.1055555556E-01  0.2245601839E+08
  0.1083333333E-01  0.2243203913E+08
  0.1111111111E-01  0.2240805975E+08
  0.1138888889E-01  0.2238408048E+08
  0.1166666667E-01  0.2236010110E+08
  0.1194444444E-01  0.2233612173E+08
  0.1222222222E-01  0.2231214235E+08
  0.1250000000E-01  0.2228816319E+08
  0.1277777778E-01  0.2226418381E+08
  0.1305555556E-01  0.2224020444E+08
  0.1333333333E-01  0.2221622516E+08
  0.1361111111E-01  0.2219224579E+08
  0.1388888889E-01  0.2216826643E+08
  0.1416666667E-01  0.2214428716E+08
  0.1444444444E-01  0.2212030789E+08
  0.1472222222E-01  0.2209632852E+08
  0.1500000000E-01  0.2207234914E+08
  0.1527777778E-01  0.2203950993E+08
  0.1555555556E-01  0.2200667070E+08
  0.1583333333E-01  0.2197383182E+08
  0.1611111111E-01  0.2194099249E+08
  0.1638888889E-01  0.2190815326E+08
  0.1666666667E-01  0.2187531438E+08
  0.1694444444E-01  0.2184247517E+08
  0.1722222222E-01  0.2180963593E+08
  0.1750000000E-01  0.2177679672E+08
  0.1777777778E-01  0.2174395784E+08
  0.1805555556E-01  0.2171111850E+08
  0.1833333333E-01  0.2167827928E+08
  0.1861111111E-01  0.2164544007E+08
  0.1888888889E-01  0.2161260119E+08
  0.1916666667E-01  0.2157976196E+08
  0.1944444444E-01  0.2154692274E+08
  0.1972222222E-01  0.2151408386E+08
  0.2000000000E-01  0.2148124452E+08
  0.2027777778E-01  0.2144023056E+08
  0.2055555556E-01  0.2139921618E+08
  0.2083333333E-01  0.2135820222E+08
  0.2111111111E-01  0.2131718816E+08
  0.2138888889E-01  0.2127617386E+08
  0.2166666667E-01  0.2123515981E+08
  0.2194444444E-01  0.2119414574E+08
  0.2222222222E-01  0.2115313145E+08
  0.2250000000E-01  0.2111211738E+08
  0.2277777778E-01  0.2107110342E+08
  0.2305555556E-01  0.2103008904E+08
  0.2333333333E-01  0.2098907508E+08
  0.2361111111E-01  0.2094806102E+08
  0.2388888889E-01  0.2090704661E+08
  0.2416666667E-01  0.2086603256E+08
  0.2444444444E-01  0.2082501860E+08
  0.2472222222E-01  0.2078400421E+08
  0.2500000000E-01  0.2074299025E+08
  0.2527777778E-01  0.2069465632E+08
  0.2555555556E-01  0.2064632204E+08
  0.2583333333E-01  0.2059798778E+08
  0.2611111111E-01  0.2054965384E+08
  0.2638888889E-01  0.2050131967E+08
  0.2666666667E-01  0.2045298552E+08
  0.2694444444E-01  0.2040465158E+08
  0.2722222222E-01  0.2035631731E+08
  0.2750000000E-01  0.2030798337E+08
  0.2777777778E-01  0.2025964911E+08
  0.2805555556E-01  0.2021131483E+08
  0.2833333333E-01  0.2016298100E+08
  0.2861111111E-01  0.2011464685E+08
  0.2888888889E-01  0.2006631291E+08
  0.2916666667E-01  0.2001797864E+08
  0.2944444444E-01  0.1996964436E+08
  0.2972222222E-01  0.1992131043E+08
  0.3000000000E-01  0.1987297626E+08
  0.3027777778E-01  0.1981831621E+08
  0.3055555556E-01  0.1976365614E+08
  0.3083333333E-01  0.1970899618E+08
  0.3111111111E-01  0.1965433612E+08
  0.3138888889E-01  0.1959967572E+08
  0.3166666667E-01  0.1954501566E+08
  0.3194444444E-01  0.1949035560E+08
  0.3222222222E-01  0.1943569564E+08
  0.3250000000E-01  0.1938103559E+08
  0.3277777778E-01  0.1932637562E+08
  0.3305555556E-01  0.1927171557E+08
  0.3333333333E-01  0.1921705506E+08
  0.3361111111E-01  0.1916239510E+08
  0.3388888889E-01  0.1910773505E+08
  0.3416666667E-01  0.1905307508E+08
  0.3444444444E-01  0.1899841502E+08
  0.3472222222E-01  0.1894375497E+08
  0.3500000000E-01  0.1888909489E+08
  0.3527777778E-01  0.1882918522E+08
  0.3555555556E-01  0.1876927543E+08
  0.3583333333E-01  0.1870936608E+08
  0.3611111111E-01  0.1864945630E+08
  0.3638888889E-01  0.1858954705E+08
  0.3666666667E-01  0.1852963725E+08
  0.3694444444E-01  0.1846972758E+08
  0.3722222222E-01  0.1840981812E+08
  0.3750000000E-01  0.1834990844E+08
  0.3777777778E-01  0.1828999899E+08
  0.3805555556E-01  0.1823008931E+08
  0.3833333333E-01  0.1817017962E+08
  0.3861111111E-01  0.1811027028E+08
  0.3888888889E-01  0.1805036049E+08
  0.3916666667E-01  0.1799045080E+08
  0.3944444444E-01  0.1793054135E+08
  0.3972222222E-01  0.1787063156E+08
  0.4000000000E-01  0.1781072231E+08
  0.4027777778E-01  0.1774672022E+08
  0.4055555556E-01  0.1768271811E+08
  0.4083333333E-01  0.1761871635E+08
  0.4111111111E-01  0.1755471426E+08
  0.4138888889E-01  0.1749071215E+08
  0.4166666667E-01  0.1742671041E+08
  0.4194444444E-01  0.1736270841E+08
  0.4222222222E-01  0.1729870620E+08
  0.4250000000E-01  0.1723470421E+08
  0.4277777778E-01  0.1717070245E+08
  0.4305555556E-01  0.1710670035E+08
  0.4333333333E-01  0.1704269825E+08
  0.4361111111E-01  0.1697869659E+08
  0.4388888889E-01  0.1691469438E+08
  0.4416666667E-01  0.1685069229E+08
  0.4444444444E-01  0.1678669063E+08
  0.4472222222E-01  0.1672268854E+08
  0.4500000000E-01  0.1665868643E+08
  0.4527777778E-01  0.1659177761E+08
  0.4555555556E-01  0.1652486844E+08
  0.4583333333E-01  0.1645795930E+08
  0.4611111111E-01  0.1639105014E+08
  0.4638888889E-01  0.1632414131E+08
  0.4666666667E-01  0.1625723215E+08
  0.4694444444E-01  0.1619032298E+08
  0.4722222222E-01  0.1612341416E+08
  0.4750000000E-01  0.1605650511E+08
  0.4777777778E-01  0.1598959585E+08
  0.4805555556E-01  0.1592268703E+08
  0.4833333333E-01  0.1585577786E+08
  0.4861111111E-01  0.1578886870E+08
  0.4888888889E-01  0.1572195954E+08
  0.4916666667E-01  0.1565505071E+08
  0.4944444444E-01  0.1558814167E+08
  0.4972222222E-01  0.1552123250E+08
  0.5000000000E-01  0.1545432357E+08
  0.5027777778E-01  0.1538569026E+08
  0.5055555556E-01  0.1531705684E+08
  0.5083333333E-01  0.1524842386E+08
  0.5111111111E-01  0.1517979033E+08
  0.5138888889E-01  0.1511115701E+08
  0.5166666667E-01  0.1504252393E+08
  0.5194444444E-01  0.1497389062E+08
  0.5222222222E-01  0.1490525720E+08
  0.5250000000E-01  0.1483662422E+08
  0.5277777778E-01  0.1476799081E+08
  0.5305555556E-01  0.1469935782E+08
  0.5333333333E-01  0.1463072440E+08
  0.5361111111E-01  0.1456209098E+08
  0.5388888889E-01  0.1449345789E+08
  0.5416666667E-01  0.1442482448E+08
  0.5444444444E-01  0.1435619116E+08
  0.5472222222E-01  0.1428755808E+08
  0.5500000000E-01  0.1421892476E+08
  0.5527777778E-01  0.1414971367E+08
  0.5555555556E-01  0.1408050279E+08
  0.5583333333E-01  0.1401129137E+08
  0.5611111111E-01  0.1394208050E+08
  0.5638888889E-01  0.1387286941E+08
  0.5666666667E-01  0.1380365832E+08
  0.5694444444E-01  0.1373444744E+08
  0.5722222222E-01  0.1366523602E+08
  0.5750000000E-01  0.1359602514E+08
  0.5777777778E-01  0.1352681405E+08
  0.5805555556E-01  0.1345760306E+08
  0.5833333333E-01  0.1338839208E+08
  0.5861111111E-01  0.1331918100E+08
  0.5888888889E-01  0.1324996979E+08
  0.5916666667E-01  0.1318075870E+08
  0.5944444444E-01  0.1311154771E+08
  0.5972222222E-01  0.1304233673E+08
  0.6000000000E-01  0.1297312574E+08
  0.6027777778E-01  0.1290442342E+08
  0.6055555556E-01  0.1283572156E+08
  0.6083333333E-01  0.1276701967E+08
  0.6111111111E-01  0.1269831769E+08
  0.6138888889E-01  0.1262961548E+08
  0.6166666667E-01  0.1256091350E+08
  0.6194444444E-01  0.1249221151E+08
  0.6222222222E-01  0.1242350958E+08
  0.6250000000E-01  0.1235480749E+08
  0.6277777778E-01  0.1228610551E+08
  0.6305555556E-01  0.1221740346E+08
  0.6333333333E-01  0.1214870138E+08
  0.6361111111E-01  0.1207999940E+08
  0.6388888889E-01  0.1201129747E+08
  0.6416666667E-01  0.1194259548E+08
  0.6444444444E-01  0.1187389340E+08
  0.6472222222E-01  0.1180519135E+08
  0.6500000000E-01  0.1173648937E+08
  0.6527777778E-01  0.1166928955E+08
  0.6555555556E-01  0.1160208975E+08
  0.6583333333E-01  0.1153488993E+08
  0.6611111111E-01  0.1146769014E+08
  0.6638888889E-01  0.1140049021E+08
  0.6666666667E-01  0.1133329052E+08
  0.6694444444E-01  0.1126609069E+08
  0.6722222222E-01  0.1119889090E+08
  0.6750000000E-01  0.1113169108E+08
  0.6777777778E-01  0.1106449129E+08
  0.6805555556E-01  0.1099729135E+08
  0.6833333333E-01  0.1093009156E+08
  0.6861111111E-01  0.1086289174E+08
  0.6888888889E-01  0.1079569191E+08
  0.6916666667E-01  0.1072849222E+08
  0.6944444444E-01  0.1066129240E+08
  0.6972222222E-01  0.1059409250E+08
  0.7000000000E-01  0.1052689267E+08
  0.7027777778E-01  0.1046207906E+08
  0.7055555556E-01  0.1039726543E+08
  0.7083333333E-01  0.1033245186E+08
  0.7111111111E-01  0.1026763822E+08
  0.7138888889E-01  0.1020282456E+08
  0.7166666667E-01  0.1013801103E+08
  0.7194444444E-01  0.1007319735E+08
  0.7222222222E-01  0.1000838372E+08
  0.7250000000E-01  0.9943570084E+07
  0.7277777778E-01  0.9878756514E+07
  0.7305555556E-01  0.9813942887E+07
  0.7333333333E-01  0.9749129221E+07
  0.7361111111E-01  0.9684315584E+07
  0.7388888889E-01  0.9619502047E+07
  0.7416666667E-01  0.9554688380E+07
  0.7444444444E-01  0.9489874743E+07
  0.7472222222E-01  0.9425061171E+07
  0.7500000000E-01  0.9360247549E+07
  0.7527777778E-01  0.9298573270E+07
  0.7555555556E-01  0.9236899057E+07
  0.7583333333E-01  0.9175224778E+07
  0.7611111111E-01  0.9113550587E+07
  0.7638888889E-01  0.9051876408E+07
  0.7666666667E-01  0.8990202096E+07
  0.7694444444E-01  0.8928527916E+07
  0.7722222222E-01  0.8866853641E+07
  0.7750000000E-01  0.8805179428E+07
  0.7777777778E-01  0.8743505148E+07
  0.7805555556E-01  0.8681830969E+07
  0.7833333333E-01  0.8620156689E+07
  0.7861111111E-01  0.8558482477E+07
  0.7888888889E-01  0.8496808197E+07
  0.7916666667E-01  0.8435134019E+07
  0.7944444444E-01  0.8373459740E+07
  0.7972222222E-01  0.8311785528E+07
  0.8000000000E-01  0.8250111349E+07
  0.8027777778E-01  0.8192194175E+07
  0.8055555556E-01  0.8134277067E+07
  0.8083333333E-01  0.8076360004E+07
  0.8111111111E-01  0.8018442896E+07
  0.8138888889E-01  0.7960525822E+07
  0.8166666667E-01  0.7902608714E+07
  0.8194444444E-01  0.7844691540E+07
  0.8222222222E-01  0.7786774432E+07
  0.8250000000E-01  0.7728857357E+07
  0.8277777778E-01  0.7670940284E+07
  0.8305555556E-01  0.7613023187E+07
  0.8333333333E-01  0.7555106112E+07
  0.8361111111E-01  0.7497189005E+07
  0.8388888889E-01  0.7439271830E+07
  0.8416666667E-01  0.7381354722E+07
  0.8444444444E-01  0.7323437649E+07
  0.8472222222E-01  0.7265520541E+07
  0.8500000000E-01  0.7207603466E+07
  0.8527777778E-01  0.7153914381E+07
  0.8555555556E-01  0.7100225396E+07
  0.8583333333E-01  0.7046536410E+07
  0.8611111111E-01  0.6992847313E+07
  0.8638888889E-01  0.6939158328E+07
  0.8666666667E-01  0.6885469244E+07
  0.8694444444E-01  0.6831780258E+07
  0.8722222222E-01  0.6778091272E+07
  0.8750000000E-01  0.6724402175E+07
  0.8777777778E-01  0.6670713190E+07
  0.8805555556E-01  0.6617024206E+07
  0.8833333333E-01  0.6563335120E+07
  0.8861111111E-01  0.6509646123E+07
  0.8888888889E-01  0.6455957037E+07
  0.8916666667E-01  0.6402268053E+07
  0.8944444444E-01  0.6348579067E+07
  0.8972222222E-01  0.6294889982E+07
  0.9000000000E-01  0.6241200985E+07
  0.9027777778E-01  0.6192068216E+07
  0.9055555556E-01  0.6142935581E+07
  0.9083333333E-01  0.6093802844E+07
  0.9111111111E-01  0.6044670209E+07
  0.9138888889E-01  0.5995537473E+07
  0.9166666667E-01  0.5946404737E+07
  0.9194444444E-01  0.5897272091E+07
  0.9222222222E-01  0.5848139321E+07
  0.9250000000E-01  0.5799006685E+07
  0.9277777778E-01  0.5749873950E+07
  0.9305555556E-01  0.5700741314E+07
  0.9333333333E-01  0.5651608578E+07
  0.9361111111E-01  0.5602475842E+07
  0.9388888889E-01  0.5553343195E+07
  0.9416666667E-01  0.5504210426E+07
  0.9444444444E-01  0.5455077790E+07
  0.9472222222E-01  0.5405945054E+07
  0.9500000000E-01  0.5356812359E+07
  0.9527777778E-01  0.5312425013E+07
  0.9555555556E-01  0.5268037655E+07
  0.9583333333E-01  0.5223650309E+07
  0.9611111111E-01  0.5179262952E+07
  0.9638888889E-01  0.5134875605E+07
  0.9666666667E-01  0.5090488248E+07
  0.9694444444E-01  0.5046100902E+07
  0.9722222222E-01  0.5001713555E+07
  0.9750000000E-01  0.4957326208E+07
  0.9777777778E-01  0.4912938863E+07
  0.9805555556E-01  0.4868551506E+07
  0.9833333333E-01  0.4824164159E+07
  0.9861111111E-01  0.4779776801E+07
  0.9888888889E-01  0.4735389455E+07
  0.9916666667E-01  0.4691002109E+07
  0.9944444444E-01  0.4646614751E+07
  0.9972222222E-01  0.4602227405E+07
  0.1000000000E+00  0.4557840048E+07
  0.1002777778E+00  0.4518254163E+07
  0.1005555556E+00  0.4478668257E+07
  0.1008333333E+00  0.4439082394E+07
  0.1011111111E+00  0.4399496487E+07
  0.1013888889E+00  0.4359910624E+07
  0.1016666667E+00  0.4320324739E+07
  0.1019444444E+00  0.4280738867E+07
  0.1022222222E+00  0.4241152971E+07
  0.1025000000E+00  0.4201567097E+07
  0.1027777778E+00  0.4161981201E+07
  0.1030555556E+00  0.4122395315E+07
  0.1033333333E+00  0.4082809443E+07
  0.1036111111E+00  0.4043223547E+07
  0.1038888889E+00  0.4003637674E+07
  0.1041666667E+00  0.3964051777E+07
  0.1044444444E+00  0.3924465925E+07
  0.1047222222E+00  0.3884880018E+07
  0.1050000000E+00  0.3845294157E+07
  0.1052777778E+00  0.3810452380E+07
  0.1055555556E+00  0.3775610603E+07
  0.1058333333E+00  0.3740768860E+07
  0.1061111111E+00  0.3705927084E+07
  0.1063888889E+00  0.3671085351E+07
  0.1066666667E+00  0.3636243574E+07
  0.1069444444E+00  0.3601401798E+07
  0.1072222222E+00  0.3566560055E+07
  0.1075000000E+00  0.3531718279E+07
  0.1077777778E+00  0.3496876535E+07
  0.1080555556E+00  0.3462034759E+07
  0.1083333333E+00  0.3427192992E+07
  0.1086111111E+00  0.3392351260E+07
  0.1088888889E+00  0.3357509484E+07
  0.1091666667E+00  0.3322667741E+07
  0.1094444444E+00  0.3287825965E+07
  0.1097222222E+00  0.3252984188E+07
  0.1100000000E+00  0.3218142455E+07
  0.1102777778E+00  0.3187881926E+07
  0.1105555556E+00  0.3157621442E+07
  0.1108333333E+00  0.3127360968E+07
  0.1111111111E+00  0.3097100439E+07
  0.1113888889E+00  0.3066839965E+07
  0.1116666667E+00  0.3036579447E+07
  0.1119444444E+00  0.3006318962E+07
  0.1122222222E+00  0.2976058478E+07
  0.1125000000E+00  0.2945797960E+07
  0.1127777778E+00  0.2915537475E+07
  0.1130555556E+00  0.2885276957E+07
  0.1133333333E+00  0.2855016483E+07
  0.1136111111E+00  0.2824755954E+07
  0.1138888889E+00  0.2794495480E+07
  0.1141666667E+00  0.2764234996E+07
  0.1144444444E+00  0.2733974467E+07
  0.1147222222E+00  0.2703713993E+07
  0.1150000000E+00  0.2673453475E+07
  0.1152777778E+00  0.2647528094E+07
  0.1155555556E+00  0.2621602714E+07
  0.1158333333E+00  0.2595677333E+07
  0.1161111111E+00  0.2569751942E+07
  0.1163888889E+00  0.2543826562E+07
  0.1166666667E+00  0.2517901181E+07
  0.1169444444E+00  0.2491975768E+07
  0.1172222222E+00  0.2466050387E+07
  0.1175000000E+00  0.2440125007E+07
  0.1177777778E+00  0.2414199616E+07
  0.1180555556E+00  0.2388274246E+07
  0.1183333333E+00  0.2362348855E+07
  0.1186111111E+00  0.2336423474E+07
  0.1188888889E+00  0.2310498060E+07
  0.1191666667E+00  0.2284572669E+07
  0.1194444444E+00  0.2258647299E+07
  0.1197222222E+00  0.2232721908E+07
  0.1200000000E+00  0.2206796538E+07
  0.1202777778E+00  0.2184893271E+07
  0.1205555556E+00  0.2162990059E+07
  0.1208333333E+00  0.2141086814E+07
  0.1211111111E+00  0.2119183568E+07
  0.1213888889E+00  0.2097280345E+07
  0.1216666667E+00  0.2075377089E+07
  0.1219444444E+00  0.2053473844E+07
  0.1222222222E+00  0.2031570620E+07
  0.1225000000E+00  0.2009667375E+07
  0.1227777778E+00  0.1987764129E+07
  0.1230555556E+00  0.1965860896E+07
  0.1233333333E+00  0.1943957650E+07
  0.1236111111E+00  0.1922054438E+07
  0.1238888889E+00  0.1900151181E+07
  0.1241666667E+00  0.1878247936E+07
  0.1244444444E+00  0.1856344714E+07
  0.1247222222E+00  0.1834441457E+07
  0.1250000000E+00  0.1812538211E+07
  0.1252777778E+00  0.1794295689E+07
  0.1255555556E+00  0.1776053121E+07
  0.1258333333E+00  0.1757810555E+07
  0.1261111111E+00  0.1739568021E+07
  0.1263888889E+00  0.1721325465E+07
  0.1266666667E+00  0.1703082909E+07
  0.1269444444E+00  0.1684840375E+07
  0.1272222222E+00  0.1666597809E+07
  0.1275000000E+00  0.1648355275E+07
  0.1277777778E+00  0.1630112719E+07
  0.1280555556E+00  0.1611870151E+07
  0.1283333333E+00  0.1593627629E+07
  0.1286111111E+00  0.1575385051E+07
  0.1288888889E+00  0.1557142495E+07
  0.1291666667E+00  0.1538899972E+07
  0.1294444444E+00  0.1520657405E+07
  0.1297222222E+00  0.1502414839E+07
  0.1300000000E+00  0.1484172305E+07
  0.1302777778E+00  0.1469199722E+07
  0.1305555556E+00  0.1454227106E+07
  0.1308333333E+00  0.1439254523E+07
  0.1311111111E+00  0.1424281930E+07
  0.1313888889E+00  0.1409309358E+07
  0.1316666667E+00  0.1394336731E+07
  0.1319444444E+00  0.1379364148E+07
  0.1322222222E+00  0.1364391566E+07
  0.1325000000E+00  0.1349418982E+07
  0.1327777778E+00  0.1334446356E+07
  0.1330555556E+00  0.1319473772E+07
  0.1333333333E+00  0.1304501190E+07
  0.1336111111E+00  0.1289528607E+07
  0.1338888889E+00  0.1274555980E+07
  0.1341666667E+00  0.1259583408E+07
  0.1344444444E+00  0.1244610815E+07
  0.1347222222E+00  0.1229638232E+07
  0.1350000000E+00  0.1214665615E+07
  0.1352777778E+00  0.1202558051E+07
  0.1355555556E+00  0.1190450452E+07
  0.1358333333E+00  0.1178342888E+07
  0.1361111111E+00  0.1166235289E+07
  0.1363888889E+00  0.1154127724E+07
  0.1366666667E+00  0.1142020160E+07
  0.1369444444E+00  0.1129912561E+07
  0.1372222222E+00  0.1117805007E+07
  0.1375000000E+00  0.1105697398E+07
  0.1377777778E+00  0.1093589833E+07
  0.1380555556E+00  0.1081482235E+07
  0.1383333333E+00  0.1069374670E+07
  0.1386111111E+00  0.1057267071E+07
  0.1388888889E+00  0.1045159507E+07
  0.1391666667E+00  0.1033051908E+07
  0.1394444444E+00  0.1020944354E+07
  0.1397222222E+00  0.1008836779E+07
  0.1400000000E+00  0.9967291801E+06
  0.1402777778E+00  0.9870834871E+06
  0.1405555556E+00  0.9774377595E+06
  0.1408333333E+00  0.9677920665E+06
  0.1411111111E+00  0.9581463356E+06
  0.1413888889E+00  0.9485006293E+06
  0.1416666667E+00  0.9388549184E+06
  0.1419444444E+00  0.9292091976E+06
  0.1422222222E+00  0.9195634911E+06
  0.1425000000E+00  0.9099177803E+06
  0.1427777778E+00  0.9002720706E+06
  0.1430555556E+00  0.8906263498E+06
  0.1433333333E+00  0.8809806534E+06
  0.1436111111E+00  0.8713349326E+06
  0.1438888889E+00  0.8616892117E+06
  0.1441666667E+00  0.8520435119E+06
  0.1444444444E+00  0.8423977944E+06
  0.1447222222E+00  0.8327520847E+06
  0.1450000000E+00  0.8231063739E+06
  0.1452777778E+00  0.8155333622E+06
  0.1455555556E+00  0.8079603516E+06
  0.1458333333E+00  0.8003873399E+06
  0.1461111111E+00  0.7928143327E+06
  0.1463888889E+00  0.7852413210E+06
  0.1466666667E+00  0.7776683093E+06
  0.1469444444E+00  0.7700952977E+06
  0.1472222222E+00  0.7625222861E+06
  0.1475000000E+00  0.7549492755E+06
  0.1477777778E+00  0.7473762738E+06
  0.1480555556E+00  0.7398032621E+06
  0.1483333333E+00  0.7322302504E+06
  0.1486111111E+00  0.7246572399E+06
  0.1488888889E+00  0.7170842316E+06
  0.1491666667E+00  0.7095112200E+06
  0.1494444444E+00  0.7019382083E+06
  0.1497222222E+00  0.6943651966E+06
  0.1500000000E+00  0.6867921860E+06
  0.1502777778E+00  0.6809268430E+06
  0.1505555556E+00  0.6750615143E+06
  0.1508333333E+00  0.6691961758E+06
  0.1511111111E+00  0.6633308339E+06
  0.1513888889E+00  0.6574654942E+06
  0.1516666667E+00  0.6516001622E+06
  0.1519444444E+00  0.6457348237E+06
  0.1522222222E+00  0.6398694817E+06
  0.1525000000E+00  0.6340041420E+06
  0.1527777778E+00  0.6281388001E+06
  0.1530555556E+00  0.6222734714E+06
  0.1533333333E+00  0.6164081330E+06
  0.1536111111E+00  0.6105427899E+06
  0.1538888889E+00  0.6046774513E+06
  0.1541666667E+00  0.5988121093E+06
  0.1544444444E+00  0.5929467808E+06
  0.1547222222E+00  0.5870814377E+06
  0.1550000000E+00  0.5812160991E+06
  0.1552777778E+00  0.5767256258E+06
  0.1555555556E+00  0.5722351559E+06
  0.1558333333E+00  0.5677446726E+06
  0.1561111111E+00  0.5632542026E+06
  0.1563888889E+00  0.5587637294E+06
  0.1566666667E+00  0.5542732495E+06
  0.1569444444E+00  0.5497827761E+06
  0.1572222222E+00  0.5452923062E+06
  0.1575000000E+00  0.5408018329E+06
  0.1577777778E+00  0.5363113529E+06
  0.1580555556E+00  0.5318208830E+06
  0.1583333333E+00  0.5273304097E+06
  0.1586111111E+00  0.5228399297E+06
  0.1588888889E+00  0.5183494565E+06
  0.1591666667E+00  0.5138589866E+06
  0.1594444444E+00  0.5093685032E+06
  0.1597222222E+00  0.5048780333E+06
  0.1600000000E+00  0.5003875600E+06
  0.1602777778E+00  0.4969765955E+06
  0.1605555556E+00  0.4935656420E+06
  0.1608333333E+00  0.4901546886E+06
  0.1611111111E+00  0.4867437239E+06
  0.1613888889E+00  0.4833327739E+06
  0.1616666667E+00  0.4799218192E+06
  0.1619444444E+00  0.4765108558E+06
  0.1622222222E+00  0.4730999013E+06
  0.1625000000E+00  0.4696889378E+06
  0.1627777778E+00  0.4662779844E+06
  0.1630555556E+00  0.4628670298E+06
  0.1633333333E+00  0.4594560664E+06
  0.1636111111E+00  0.4560451118E+06
  0.1638888889E+00  0.4526341483E+06
  0.1641666667E+00  0.4492231950E+06
  0.1644444444E+00  0.4458122437E+06
  0.1647222222E+00  0.4424012803E+06
  0.1650000000E+00  0.4389903236E+06
  0.1652777778E+00  0.4364033928E+06
  0.1655555556E+00  0.4338164630E+06
  0.1658333333E+00  0.4312295333E+06
  0.1661111111E+00  0.4286426002E+06
  0.1663888889E+00  0.4260556715E+06
  0.1666666667E+00  0.4234687429E+06
  0.1669444444E+00  0.4208818098E+06
  0.1672222222E+00  0.4182948811E+06
  0.1675000000E+00  0.4157079514E+06
  0.1677777778E+00  0.4131210183E+06
  0.1680555556E+00  0.4105340908E+06
  0.1683333333E+00  0.4079471610E+06
  0.1686111111E+00  0.4053602279E+06
  0.1688888889E+00  0.4027732992E+06
  0.1691666667E+00  0.4001863695E+06
  0.1694444444E+00  0.3975994376E+06
  0.1697222222E+00  0.3950125078E+06
  0.1700000000E+00  0.3924255790E+06
  0.1702777778E+00  0.3904486484E+06
  0.1705555556E+00  0.3884717210E+06
  0.1708333333E+00  0.3864947935E+06
  0.1711111111E+00  0.3845178662E+06
  0.1713888889E+00  0.3825409355E+06
  0.1716666667E+00  0.3805640080E+06
  0.1719444444E+00  0.3785870807E+06
  0.1722222222E+00  0.3766101500E+06
  0.1725000000E+00  0.3746332236E+06
  0.1727777778E+00  0.3726562951E+06
  0.1730555556E+00  0.3706793678E+06
  0.1733333333E+00  0.3687024371E+06
  0.1736111111E+00  0.3667255107E+06
  0.1738888889E+00  0.3647485823E+06
  0.1741666667E+00  0.3627716515E+06
  0.1744444444E+00  0.3607947252E+06
  0.1747222222E+00  0.3588177979E+06
  0.1750000000E+00  0.3568408694E+06
  0.1752777778E+00  0.3552997461E+06
  0.1755555556E+00  0.3537586207E+06
  0.1758333333E+00  0.3522174963E+06
  0.1761111111E+00  0.3506763752E+06
  0.1763888889E+00  0.3491352509E+06
  0.1766666667E+00  0.3475941265E+06
  0.1769444444E+00  0.3460530045E+06
  0.1772222222E+00  0.3445118812E+06
  0.1775000000E+00  0.3429707568E+06
  0.1777777778E+00  0.3414296347E+06
  0.1780555556E+00  0.3398885103E+06
  0.1783333333E+00  0.3383473860E+06
  0.1786111111E+00  0.3368062616E+06
  0.1788888889E+00  0.3352651405E+06
  0.1791666667E+00  0.3337240163E+06
  0.1794444444E+00  0.3321828920E+06
  0.1797222222E+00  0.3306417699E+06
  0.1800000000E+00  0.3291006455E+06
  0.1802777778E+00  0.3278585348E+06
  0.1805555556E+00  0.3266164242E+06
  0.1808333333E+00  0.3253743124E+06
  0.1811111111E+00  0.3241322018E+06
  0.1813888889E+00  0.3228900910E+06
  0.1816666667E+00  0.3216479804E+06
  0.1819444444E+00  0.3204058664E+06
  0.1822222222E+00  0.3191637547E+06
  0.1825000000E+00  0.3179216440E+06
  0.1827777778E+00  0.3166795334E+06
  0.1830555556E+00  0.3154374216E+06
  0.1833333333E+00  0.3141953110E+06
  0.1836111111E+00  0.3129531992E+06
  0.1838888889E+00  0.3117110896E+06
  0.1841666667E+00  0.3104689790E+06
  0.1844444444E+00  0.3092268672E+06
  0.1847222222E+00  0.3079847566E+06
  0.1850000000E+00  0.3067426448E+06
  0.1852777778E+00  0.3056967312E+06
  0.1855555556E+00  0.3046508198E+06
  0.1858333333E+00  0.3036049096E+06
  0.1861111111E+00  0.3025589960E+06
  0.1863888889E+00  0.3015130846E+06
  0.1866666667E+00  0.3004671743E+06
  0.1869444444E+00  0.2994212596E+06
  0.1872222222E+00  0.2983753493E+06
  0.1875000000E+00  0.2973294391E+06
  0.1877777778E+00  0.2962835243E+06
  0.1880555556E+00  0.2952376141E+06
  0.1883333333E+00  0.2941917027E+06
  0.1886111111E+00  0.2931457891E+06
  0.1888888889E+00  0.2920998777E+06
  0.1891666667E+00  0.2910539675E+06
  0.1894444444E+00  0.2900080539E+06
  0.1897222222E+00  0.2889621425E+06
  0.1900000000E+00  0.2879162322E+06
  0.1902777778E+00  0.2869931485E+06
  0.1905555556E+00  0.2860700635E+06
  0.1908333333E+00  0.2851469819E+06
  0.1911111111E+00  0.2842238992E+06
  0.1913888889E+00  0.2833008176E+06
  0.1916666667E+00  0.2823777359E+06
  0.1919444444E+00  0.2814546522E+06
  0.1922222222E+00  0.2805315672E+06
  0.1925000000E+00  0.2796084856E+06
  0.1927777778E+00  0.2786854029E+06
  0.1930555556E+00  0.2777623212E+06
  0.1933333333E+00  0.2768392396E+06
  0.1936111111E+00  0.2759161559E+06
  0.1938888889E+00  0.2749930742E+06
  0.1941666667E+00  0.2740699893E+06
  0.1944444444E+00  0.2731469065E+06
  0.1947222222E+00  0.2722238249E+06
  0.1950000000E+00  0.2713007423E+06
  0.1952777778E+00  0.2704518714E+06
  0.1955555556E+00  0.2696030041E+06
  0.1958333333E+00  0.2687541332E+06
  0.1961111111E+00  0.2679052625E+06
  0.1963888889E+00  0.2670563940E+06
  0.1966666667E+00  0.2662075243E+06
  0.1969444444E+00  0.2653586558E+06
  0.1972222222E+00  0.2645097851E+06
  0.1975000000E+00  0.2636609143E+06
  0.1977777778E+00  0.2628120469E+06
  0.1980555556E+00  0.2619631762E+06
  0.1983333333E+00  0.2611143054E+06
  0.1986111111E+00  0.2602654380E+06
  0.1988888889E+00  0.2594165662E+06
  0.1991666667E+00  0.2585676998E+06
  0.1994444444E+00  0.2577188280E+06
  0.1997222222E+00  0.2568699582E+06
  0.2000000000E+00  0.2560210898E+06
  0.2002777778E+00  0.2552174405E+06
  0.2005555556E+00  0.2544137911E+06
  0.2008333333E+00  0.2536101440E+06
  0.2011111111E+00  0.2528064958E+06
  0.2013888889E+00  0.2520028463E+06
  0.2016666667E+00  0.2511992004E+06
  0.2019444444E+00  0.2503955510E+06
  0.2022222222E+00  0.2495919006E+06
  0.2025000000E+00  0.2487882524E+06
  0.2027777778E+00  0.2479846053E+06
  0.2030555556E+00  0.2471809559E+06
  0.2033333333E+00  0.2463773066E+06
  0.2036111111E+00  0.2455736605E+06
  0.2038888889E+00  0.2447700102E+06
  0.2041666667E+00  0.2439663619E+06
  0.2044444444E+00  0.2431627115E+06
  0.2047222222E+00  0.2423590665E+06
  0.2050000000E+00  0.2415554161E+06
  0.2052777778E+00  0.2407832356E+06
  0.2055555556E+00  0.2400110573E+06
  0.2058333333E+00  0.2392388757E+06
  0.2061111111E+00  0.2384666940E+06
  0.2063888889E+00  0.2376945158E+06
  0.2066666667E+00  0.2369223341E+06
  0.2069444444E+00  0.2361501535E+06
  0.2072222222E+00  0.2353779708E+06
  0.2075000000E+00  0.2346057936E+06
  0.2077777778E+00  0.2338336119E+06
  0.2080555556E+00  0.2330614304E+06
  0.2083333333E+00  0.2322892520E+06
  0.2086111111E+00  0.2315170704E+06
  0.2088888889E+00  0.2307448888E+06
  0.2091666667E+00  0.2299727082E+06
  0.2094444444E+00  0.2292005289E+06
  0.2097222222E+00  0.2284283483E+06
  0.2100000000E+00  0.2276561666E+06
  0.2102777778E+00  0.2269123885E+06
  0.2105555556E+00  0.2261686147E+06
  0.2108333333E+00  0.2254248364E+06
  0.2111111111E+00  0.2246810592E+06
  0.2113888889E+00  0.2239372820E+06
  0.2116666667E+00  0.2231935037E+06
  0.2119444444E+00  0.2224497256E+06
  0.2122222222E+00  0.2217059484E+06
  0.2125000000E+00  0.2209621702E+06
  0.2127777778E+00  0.2202183963E+06
  0.2130555556E+00  0.2194746192E+06
  0.2133333333E+00  0.2187308409E+06
  0.2136111111E+00  0.2179870637E+06
  0.2138888889E+00  0.2172432856E+06
  0.2141666667E+00  0.2164995073E+06
  0.2144444444E+00  0.2157557301E+06
  0.2147222222E+00  0.2150119530E+06
  0.2150000000E+00  0.2142681780E+06
  0.2152777778E+00  0.2135564681E+06
  0.2155555556E+00  0.2128447615E+06
  0.2158333333E+00  0.2121330516E+06
  0.2161111111E+00  0.2114213450E+06
  0.2163888889E+00  0.2107096351E+06
  0.2166666667E+00  0.2099979285E+06
  0.2169444444E+00  0.2092862186E+06
  0.2172222222E+00  0.2085745099E+06
  0.2175000000E+00  0.2078628033E+06
  0.2177777778E+00  0.2071510934E+06
  0.2180555556E+00  0.2064393868E+06
  0.2183333333E+00  0.2057276769E+06
  0.2186111111E+00  0.2050159703E+06
  0.2188888889E+00  0.2043042604E+06
  0.2191666667E+00  0.2035925538E+06
  0.2194444444E+00  0.2028808428E+06
  0.2197222222E+00  0.2021691362E+06
  0.2200000000E+00  0.2014574296E+06
  0.2202777778E+00  0.2007852678E+06
  0.2205555556E+00  0.2001131081E+06
  0.2208333333E+00  0.1994409451E+06
  0.2211111111E+00  0.1987687855E+06
  0.2213888889E+00  0.1980966236E+06
  0.2216666667E+00  0.1974244639E+06
  0.2219444444E+00  0.1967523009E+06
  0.2222222222E+00  0.1960801424E+06
  0.2225000000E+00  0.1954079794E+06
  0.2227777778E+00  0.1947358198E+06
  0.2230555556E+00  0.1940636579E+06
  0.2233333333E+00  0.1933914982E+06
  0.2236111111E+00  0.1927193352E+06
  0.2238888889E+00  0.1920471767E+06
  0.2241666667E+00  0.1913750137E+06
  0.2244444444E+00  0.1907028541E+06
  0.2247222222E+00  0.1900306922E+06
  0.2250000000E+00  0.1893585325E+06
  0.2252777778E+00  0.1887342804E+06
  0.2255555556E+00  0.1881100250E+06
  0.2258333333E+00  0.1874857729E+06
  0.2261111111E+00  0.1868615207E+06
  0.2263888889E+00  0.1862372687E+06
  0.2266666667E+00  0.1856130165E+06
  0.2269444444E+00  0.1849887645E+06
  0.2272222222E+00  0.1843645124E+06
  0.2275000000E+00  0.1837402558E+06
  0.2277777778E+00  0.1831160038E+06
  0.2280555556E+00  0.1824917517E+06
  0.2283333333E+00  0.1818674996E+06
  0.2286111111E+00  0.1812432475E+06
  0.2288888889E+00  0.1806189964E+06
  0.2291666667E+00  0.1799947399E+06
  0.2294444444E+00  0.1793704878E+06
  0.2297222222E+00  0.1787462357E+06
  0.2300000000E+00  0.1781219836E+06
  0.2302777778E+00  0.1775533409E+06
  0.2305555556E+00  0.1769846982E+06
  0.2308333333E+00  0.1764160555E+06
  0.2311111111E+00  0.1758474127E+06
  0.2313888889E+00  0.1752787700E+06
  0.2316666667E+00  0.1747101240E+06
  0.2319444444E+00  0.1741414812E+06
  0.2322222222E+00  0.1735728385E+06
  0.2325000000E+00  0.1730041958E+06
  0.2327777778E+00  0.1724355531E+06
  0.2330555556E+00  0.1718669104E+06
  0.2333333333E+00  0.1712982677E+06
  0.2336111111E+00  0.1707296249E+06
  0.2338888889E+00  0.1701609822E+06
  0.2341666667E+00  0.1695923395E+06
  0.2344444444E+00  0.1690236934E+06
  0.2347222222E+00  0.1684550507E+06
  0.2350000000E+00  0.1678864070E+06
  0.2352777778E+00  0.1673788415E+06
  0.2355555556E+00  0.1668712717E+06
  0.2358333333E+00  0.1663637029E+06
  0.2361111111E+00  0.1658561353E+06
  0.2363888889E+00  0.1653485665E+06
  0.2366666667E+00  0.1648409966E+06
  0.2369444444E+00  0.1643334312E+06
  0.2372222222E+00  0.1638258614E+06
  0.2375000000E+00  0.1633182914E+06
  0.2377777778E+00  0.1628107250E+06
  0.2380555556E+00  0.1623031551E+06
  0.2383333333E+00  0.1617955863E+06
  0.2386111111E+00  0.1612880187E+06
  0.2388888889E+00  0.1607804499E+06
  0.2391666667E+00  0.1602728801E+06
  0.2394444444E+00  0.1597653113E+06
  0.2397222222E+00  0.1592577448E+06
  0.2400000000E+00  0.1587501749E+06
  0.2402777778E+00  0.1583063153E+06
  0.2405555556E+00  0.1578624567E+06
  0.2408333333E+00  0.1574185971E+06
  0.2411111111E+00  0.1569747385E+06
  0.2413888889E+00  0.1565308800E+06
  0.2416666667E+00  0.1560870204E+06
  0.2419444444E+00  0.1556431618E+06
  0.2422222222E+00  0.1551993022E+06
  0.2425000000E+00  0.1547554437E+06
  0.2427777778E+00  0.1543115851E+06
  0.2430555556E+00  0.1538677255E+06
  0.2433333333E+00  0.1534238669E+06
  0.2436111111E+00  0.1529800073E+06
  0.2438888889E+00  0.1525361488E+06
  0.2441666667E+00  0.1520922892E+06
  0.2444444444E+00  0.1516484306E+06
  0.2447222222E+00  0.1512045720E+06
  0.2450000000E+00  0.1507607124E+06
  0.2452777778E+00  0.1503801157E+06
  0.2455555556E+00  0.1499995234E+06
  0.2458333333E+00  0.1496189311E+06
  0.2461111111E+00  0.1492383387E+06
  0.2463888889E+00  0.1488577465E+06
  0.2466666667E+00  0.1484771508E+06
  0.2469444444E+00  0.1480965574E+06
  0.2472222222E+00  0.1477159652E+06
  0.2475000000E+00  0.1473353729E+06
  0.2477777778E+00  0.1469547795E+06
  0.2480555556E+00  0.1465741839E+06
  0.2483333333E+00  0.1461935916E+06
  0.2486111111E+00  0.1458129982E+06
  0.2488888889E+00  0.1454324059E+06
  0.2491666667E+00  0.1450518125E+06
  0.2494444444E+00  0.1446712169E+06
  0.2497222222E+00  0.1442906246E+06
  0.2500000000E+00  0.1439100312E+06
  0.2502777778E+00  0.1435892157E+06
  0.2505555556E+00  0.1432683992E+06
  0.2508333333E+00  0.1429475794E+06
  0.2511111111E+00  0.1426267628E+06
  0.2513888889E+00  0.1423059473E+06
  0.2516666667E+00  0.1419851274E+06
  0.2519444444E+00  0.1416643109E+06
  0.2522222222E+00  0.1413434944E+06
  0.2525000000E+00  0.1410226789E+06
  0.2527777778E+00  0.1407018580E+06
  0.2530555556E+00  0.1403810425E+06
  0.2533333333E+00  0.1400602270E+06
  0.2536111111E+00  0.1397394095E+06
  0.2538888889E+00  0.1394185907E+06
  0.2541666667E+00  0.1390977741E+06
  0.2544444444E+00  0.1387769586E+06
  0.2547222222E+00  0.1384561410E+06
  0.2550000000E+00  0.1381353222E+06
  0.2552777778E+00  0.1378683487E+06
  0.2555555556E+00  0.1376013718E+06
  0.2558333333E+00  0.1373343939E+06
  0.2561111111E+00  0.1370674170E+06
  0.2563888889E+00  0.1368004446E+06
  0.2566666667E+00  0.1365334677E+06
  0.2569444444E+00  0.1362664908E+06
  0.2572222222E+00  0.1359995129E+06
  0.2575000000E+00  0.1357325405E+06
  0.2577777778E+00  0.1354655636E+06
  0.2580555556E+00  0.1351985867E+06
  0.2583333333E+00  0.1349316098E+06
  0.2586111111E+00  0.1346646353E+06
  0.2588888889E+00  0.1343976595E+06
  0.2591666667E+00  0.1341306826E+06
  0.2594444444E+00  0.1338637057E+06
  0.2597222222E+00  0.1335967322E+06
  0.2600000000E+00  0.1333297543E+06
  0.2602777778E+00  0.1331086093E+06
  0.2605555556E+00  0.1328874610E+06
  0.2608333333E+00  0.1326663160E+06
  0.2611111111E+00  0.1324451711E+06
  0.2613888889E+00  0.1322240238E+06
  0.2616666667E+00  0.1320028767E+06
  0.2619444444E+00  0.1317817307E+06
  0.2622222222E+00  0.1315605844E+06
  0.2625000000E+00  0.1313394384E+06
  0.2627777778E+00  0.1311182925E+06
  0.2630555556E+00  0.1308971465E+06
  0.2633333333E+00  0.1306759991E+06
  0.2636111111E+00  0.1304548531E+06
  0.2638888889E+00  0.1302337071E+06
  0.2641666667E+00  0.1300125609E+06
  0.2644444444E+00  0.1297914149E+06
  0.2647222222E+00  0.1295702689E+06
  0.2650000000E+00  0.1293491229E+06
  0.2652777778E+00  0.1291645683E+06
  0.2655555556E+00  0.1289800136E+06
  0.2658333333E+00  0.1287954599E+06
  0.2661111111E+00  0.1286109067E+06
  0.2663888889E+00  0.1284263520E+06
  0.2666666667E+00  0.1282417983E+06
  0.2669444444E+00  0.1280572439E+06
  0.2672222222E+00  0.1278726904E+06
  0.2675000000E+00  0.1276881357E+06
  0.2677777778E+00  0.1275035823E+06
  0.2680555556E+00  0.1273190277E+06
  0.2683333333E+00  0.1271344741E+06
  0.2686111111E+00  0.1269499204E+06
  0.2688888889E+00  0.1267653661E+06
  0.2691666667E+00  0.1265808114E+06
  0.2694444444E+00  0.1263962578E+06
  0.2697222222E+00  0.1262117045E+06
  0.2700000000E+00  0.1260271498E+06
  0.2702777778E+00  0.1258694196E+06
  0.2705555556E+00  0.1257116885E+06
  0.2708333333E+00  0.1255539572E+06
  0.2711111111E+00  0.1253962264E+06
  0.2713888889E+00  0.1252384962E+06
  0.2716666667E+00  0.1250807650E+06
  0.2719444444E+00  0.1249230338E+06
  0.2722222222E+00  0.1247653026E+06
  0.2725000000E+00  0.1246075725E+06
  0.2727777778E+00  0.1244498402E+06
  0.2730555556E+00  0.1242921104E+06
  0.2733333333E+00  0.1241343791E+06
  0.2736111111E+00  0.1239766487E+06
  0.2738888889E+00  0.1238189172E+06
  0.2741666667E+00  0.1236611867E+06
  0.2744444444E+00  0.1235034552E+06
  0.2747222222E+00  0.1233457251E+06
  0.2750000000E+00  0.1231879937E+06
  0.2752777778E+00  0.1230473905E+06
  0.2755555556E+00  0.1229067878E+06
  0.2758333333E+00  0.1227661849E+06
  0.2761111111E+00  0.1226255822E+06
  0.2763888889E+00  0.1224849783E+06
  0.2766666667E+00  0.1223443756E+06
  0.2769444444E+00  0.1222037725E+06
  0.2772222222E+00  0.1220631696E+06
  0.2775000000E+00  0.1219225669E+06
  0.2777777778E+00  0.1217819640E+06
  0.2780555556E+00  0.1216413613E+06
  0.2783333333E+00  0.1215007581E+06
  0.2786111111E+00  0.1213601544E+06
  0.2788888889E+00  0.1212195516E+06
  0.2791666667E+00  0.1210789488E+06
  0.2794444444E+00  0.1209383460E+06
  0.2797222222E+00  0.1207977428E+06
  0.2800000000E+00  0.1206571401E+06
  0.2802777778E+00  0.1205247101E+06
  0.2805555556E+00  0.1203922803E+06
  0.2808333333E+00  0.1202598503E+06
  0.2811111111E+00  0.1201274202E+06
  0.2813888889E+00  0.1199949902E+06
  0.2816666667E+00  0.1198625604E+06
  0.2819444444E+00  0.1197301304E+06
  0.2822222222E+00  0.1195977004E+06
  0.2825000000E+00  0.1194652704E+06
  0.2827777778E+00  0.1193328407E+06
  0.2830555556E+00  0.1192004106E+06
  0.2833333333E+00  0.1190679806E+06
  0.2836111111E+00  0.1189355505E+06
  0.2838888889E+00  0.1188031205E+06
  0.2841666667E+00  0.1186706907E+06
  0.2844444444E+00  0.1185382607E+06
  0.2847222222E+00  0.1184058307E+06
  0.2850000000E+00  0.1182734007E+06
  0.2852777778E+00  0.1181414458E+06
  0.2855555556E+00  0.1180094907E+06
  0.2858333333E+00  0.1178775355E+06
  0.2861111111E+00  0.1177455804E+06
  0.2863888889E+00  0.1176136262E+06
  0.2866666667E+00  0.1174816710E+06
  0.2869444444E+00  0.1173497160E+06
  0.2872222222E+00  0.1172177608E+06
  0.2875000000E+00  0.1170858060E+06
  0.2877777778E+00  0.1169538508E+06
  0.2880555556E+00  0.1168218967E+06
  0.2883333333E+00  0.1166899415E+06
  0.2886111111E+00  0.1165579864E+06
  0.2888888889E+00  0.1164260312E+06
  0.2891666667E+00  0.1162940761E+06
  0.2894444444E+00  0.1161621209E+06
  0.2897222222E+00  0.1160301671E+06
  0.2900000000E+00  0.1158982120E+06
  0.2902777778E+00  0.1157605018E+06
  0.2905555556E+00  0.1156227909E+06
  0.2908333333E+00  0.1154850807E+06
  0.2911111111E+00  0.1153473709E+06
  0.2913888889E+00  0.1152096607E+06
  0.2916666667E+00  0.1150719504E+06
  0.2919444444E+00  0.1149342406E+06
  0.2922222222E+00  0.1147965304E+06
  0.2925000000E+00  0.1146588205E+06
  0.2927777778E+00  0.1145211094E+06
  0.2930555556E+00  0.1143833994E+06
  0.2933333333E+00  0.1142456893E+06
  0.2936111111E+00  0.1141079794E+06
  0.2938888889E+00  0.1139702693E+06
  0.2941666667E+00  0.1138325590E+06
  0.2944444444E+00  0.1136948491E+06
  0.2947222222E+00  0.1135571380E+06
  0.2950000000E+00  0.1134194281E+06
  0.2952777778E+00  0.1132716570E+06
  0.2955555556E+00  0.1131238862E+06
  0.2958333333E+00  0.1129761151E+06
  0.2961111111E+00  0.1128283443E+06
  0.2963888889E+00  0.1126805732E+06
  0.2966666667E+00  0.1125328024E+06
  0.2969444444E+00  0.1123850307E+06
  0.2972222222E+00  0.1122372595E+06
  0.2975000000E+00  0.1120894888E+06
  0.2977777778E+00  0.1119417176E+06
  0.2980555556E+00  0.1117939469E+06
  0.2983333333E+00  0.1116461757E+06
  0.2986111111E+00  0.1114984050E+06
  0.2988888889E+00  0.1113506338E+06
  0.2991666667E+00  0.1112028631E+06
  0.2994444444E+00  0.1110550920E+06
  0.2997222222E+00  0.1109073202E+06
  0.3000000000E+00  0.1107595491E+06
  0.3002777778E+00  0.1105991795E+06
  0.3005555556E+00  0.1104388107E+06
  0.3008333333E+00  0.1102784409E+06
  0.3011111111E+00  0.1101180710E+06
  0.3013888889E+00  0.1099577015E+06
  0.3016666667E+00  0.1097973317E+06
  0.3019444444E+00  0.1096369618E+06
  0.3022222222E+00  0.1094765929E+06
  0.3025000000E+00  0.1093162235E+06
  0.3027777778E+00  0.1091558537E+06
  0.3030555556E+00  0.1089954839E+06
  0.3033333333E+00  0.1088351140E+06
  0.3036111111E+00  0.1086747441E+06
  0.3038888889E+00  0.1085143756E+06
  0.3041666667E+00  0.1083540058E+06
  0.3044444444E+00  0.1081936359E+06
  0.3047222222E+00  0.1080332661E+06
  0.3050000000E+00  0.1078728966E+06
  0.3052777778E+00  0.1076992471E+06
  0.3055555556E+00  0.1075255968E+06
  0.3058333333E+00  0.1073519473E+06
  0.3061111111E+00  0.1071782968E+06
  0.3063888889E+00  0.1070046474E+06
  0.3066666667E+00  0.1068309979E+06
  0.3069444444E+00  0.1066573476E+06
  0.3072222222E+00  0.1064836984E+06
  0.3075000000E+00  0.1063100480E+06
  0.3077777778E+00  0.1061363985E+06
  0.3080555556E+00  0.1059627482E+06
  0.3083333333E+00  0.1057890987E+06
  0.3086111111E+00  0.1056154492E+06
  0.3088888889E+00  0.1054417988E+06
  0.3091666667E+00  0.1052681494E+06
  0.3094444444E+00  0.1050944990E+06
  0.3097222222E+00  0.1049208498E+06
  0.3100000000E+00  0.1047471994E+06
  0.3102777778E+00  0.1045612875E+06
  0.3105555556E+00  0.1043753748E+06
  0.3108333333E+00  0.1041894619E+06
  0.3111111111E+00  0.1040035502E+06
  0.3113888889E+00  0.1038176373E+06
  0.3116666667E+00  0.1036317257E+06
  0.3119444444E+00  0.1034458128E+06
  0.3122222222E+00  0.1032599001E+06
  0.3125000000E+00  0.1030739882E+06
  0.3127777778E+00  0.1028880756E+06
  0.3130555556E+00  0.1027021627E+06
  0.3133333333E+00  0.1025162511E+06
  0.3136111111E+00  0.1023303381E+06
  0.3138888889E+00  0.1021444256E+06
  0.3141666667E+00  0.1019585135E+06
  0.3144444444E+00  0.1017726010E+06
  0.3147222222E+00  0.1015866890E+06
  0.3150000000E+00  0.1014007764E+06
  0.3152777778E+00  0.1012051382E+06
  0.3155555556E+00  0.1010095002E+06
  0.3158333333E+00  0.1008138620E+06
  0.3161111111E+00  0.1006182232E+06
  0.3163888889E+00  0.1004225850E+06
  0.3166666667E+00  0.1002269471E+06
  0.3169444444E+00  0.1000313089E+06
  0.3172222222E+00  0.9983567092E+05
  0.3175000000E+00  0.9964003271E+05
  0.3177777778E+00  0.9944439485E+05
  0.3180555556E+00  0.9924875565E+05
  0.3183333333E+00  0.9905311778E+05
  0.3186111111E+00  0.9885747958E+05
  0.3188888889E+00  0.9866184160E+05
  0.3191666667E+00  0.9846620340E+05
  0.3194444444E+00  0.9827056552E+05
  0.3197222222E+00  0.9807492733E+05
  0.3200000000E+00  0.9787928845E+05
  0.3202777778E+00  0.9767754920E+05
  0.3205555556E+00  0.9747580895E+05
  0.3208333333E+00  0.9727406870E+05
  0.3211111111E+00  0.9707232877E+05
  0.3213888889E+00  0.9687058852E+05
  0.3216666667E+00  0.9666884927E+05
  0.3219444444E+00  0.9646710902E+05
  0.3222222222E+00  0.9626536876E+05
  0.3225000000E+00  0.9606362884E+05
  0.3227777778E+00  0.9586188858E+05
  0.3230555556E+00  0.9566014933E+05
  0.3233333333E+00  0.9545840908E+05
  0.3236111111E+00  0.9525666883E+05
  0.3238888889E+00  0.9505492857E+05
  0.3241666667E+00  0.9485318865E+05
  0.3244444444E+00  0.9465144840E+05
  0.3247222222E+00  0.9444970926E+05
  0.3250000000E+00  0.9424796901E+05
  0.3252777778E+00  0.9404474926E+05
  0.3255555556E+00  0.9384153063E+05
  0.3258333333E+00  0.9363831232E+05
  0.3261111111E+00  0.9343509268E+05
  0.3263888889E+00  0.9323187405E+05
  0.3266666667E+00  0.9302865440E+05
  0.3269444444E+00  0.9282543577E+05
  0.3272222222E+00  0.9262221647E+05
  0.3275000000E+00  0.9241899784E+05
  0.3277777778E+00  0.9221577820E+05
  0.3280555556E+00  0.9201255956E+05
  0.3283333333E+00  0.9180934081E+05
  0.3286111111E+00  0.9160612117E+05
  0.3288888889E+00  0.9140290288E+05
  0.3291666667E+00  0.9119968323E+05
  0.3294444444E+00  0.9099646460E+05
  0.3297222222E+00  0.9079324496E+05
  0.3300000000E+00  0.9059002632E+05
  0.3302777778E+00  0.9039033509E+05
  0.3305555556E+00  0.9019064499E+05
  0.3308333333E+00  0.8999095475E+05
  0.3311111111E+00  0.8979126386E+05
  0.3313888889E+00  0.8959157374E+05
  0.3316666667E+00  0.8939188251E+05
  0.3319444444E+00  0.8919219228E+05
  0.3322222222E+00  0.8899250216E+05
  0.3325000000E+00  0.8879281094E+05
  0.3327777778E+00  0.8859312071E+05
  0.3330555556E+00  0.8839342959E+05
  0.3333333333E+00  0.8819373936E+05
  0.3336111111E+00  0.8799404813E+05
  0.3338888889E+00  0.8779435802E+05
  0.3341666667E+00  0.8759466779E+05
  0.3344444444E+00  0.8739497668E+05
  0.3347222222E+00  0.8719528645E+05
  0.3350000000E+00  0.8699559522E+05
  0.3352777778E+00  0.8680470139E+05
  0.3355555556E+00  0.8661380624E+05
  0.3358333333E+00  0.8642291142E+05
  0.3361111111E+00  0.8623201660E+05
  0.3363888889E+00  0.8604112245E+05
  0.3366666667E+00  0.8585022762E+05
  0.3369444444E+00  0.8565933280E+05
  0.3372222222E+00  0.8546843788E+05
  0.3375000000E+00  0.8527754372E+05
  0.3377777778E+00  0.8508664889E+05
  0.3380555556E+00  0.8489575408E+05
  0.3383333333E+00  0.8470485892E+05
  0.3386111111E+00  0.8451396510E+05
  0.3388888889E+00  0.8432307028E+05
  0.3391666667E+00  0.8413217512E+05
  0.3394444444E+00  0.8394128030E+05
  0.3397222222E+00  0.8375038649E+05
  0.3400000000E+00  0.8355949155E+05
  0.3402777778E+00  0.8338248867E+05
  0.3405555556E+00  0.8320548702E+05
  0.3408333333E+00  0.8302848403E+05
  0.3411111111E+00  0.8285148238E+05
  0.3413888889E+00  0.8267447973E+05
  0.3416666667E+00  0.8249747674E+05
  0.3419444444E+00  0.8232047509E+05
  0.3422222222E+00  0.8214347244E+05
  0.3425000000E+00  0.8196647045E+05
  0.3427777778E+00  0.8178946791E+05
  0.3430555556E+00  0.8161246625E+05
  0.3433333333E+00  0.8143546327E+05
  0.3436111111E+00  0.8125846062E+05
  0.3438888889E+00  0.8108145896E+05
  0.3441666667E+00  0.8090445598E+05
  0.3444444444E+00  0.8072745432E+05
  0.3447222222E+00  0.8055045167E+05
  0.3450000000E+00  0.8037344968E+05
  0.3452777778E+00  0.8021499143E+05
  0.3455555556E+00  0.8005653319E+05
  0.3458333333E+00  0.7989807449E+05
  0.3461111111E+00  0.7973961723E+05
  0.3463888889E+00  0.7958115865E+05
  0.3466666667E+00  0.7942270029E+05
  0.3469444444E+00  0.7926424304E+05
  0.3472222222E+00  0.7910578435E+05
  0.3475000000E+00  0.7894732609E+05
  0.3477777778E+00  0.7878886850E+05
  0.3480555556E+00  0.7863041015E+05
  0.3483333333E+00  0.7847195189E+05
  0.3486111111E+00  0.7831349431E+05
  0.3488888889E+00  0.7815503595E+05
  0.3491666667E+00  0.7799657736E+05
  0.3494444444E+00  0.7783811901E+05
  0.3497222222E+00  0.7767966175E+05
  0.3500000000E+00  0.7752120316E+05
  0.3502777778E+00  0.7738525541E+05
  0.3505555556E+00  0.7724930766E+05
  0.3508333333E+00  0.7711335889E+05
  0.3511111111E+00  0.7697741147E+05
  0.3513888889E+00  0.7684146372E+05
  0.3516666667E+00  0.7670551596E+05
  0.3519444444E+00  0.7656956720E+05
  0.3522222222E+00  0.7643361944E+05
  0.3525000000E+00  0.7629767169E+05
  0.3527777778E+00  0.7616172393E+05
  0.3530555556E+00  0.7602577617E+05
  0.3533333333E+00  0.7588982741E+05
  0.3536111111E+00  0.7575387966E+05
  0.3538888889E+00  0.7561793191E+05
  0.3541666667E+00  0.7548198403E+05
  0.3544444444E+00  0.7534603627E+05
  0.3547222222E+00  0.7521008752E+05
  0.3550000000E+00  0.7507413977E+05
  0.3552777778E+00  0.7496378290E+05
  0.3555555556E+00  0.7485342492E+05
  0.3558333333E+00  0.7474306793E+05
  0.3561111111E+00  0.7463271096E+05
  0.3563888889E+00  0.7452235298E+05
  0.3566666667E+00  0.7441199600E+05
  0.3569444444E+00  0.7430163913E+05
  0.3572222222E+00  0.7419128116E+05
  0.3575000000E+00  0.7408092417E+05
  0.3577777778E+00  0.7397056719E+05
  0.3580555556E+00  0.7386021021E+05
  0.3583333333E+00  0.7374985224E+05
  0.3586111111E+00  0.7363949537E+05
  0.3588888889E+00  0.7352913839E+05
  0.3591666667E+00  0.7341878040E+05
  0.3594444444E+00  0.7330842310E+05
  0.3597222222E+00  0.7319806612E+05
  0.3600000000E+00  0.7308770813E+05
  0.3602777778E+00  0.7300498065E+05
  0.3605555556E+00  0.7292225306E+05
  0.3608333333E+00  0.7283952547E+05
  0.3611111111E+00  0.7275679786E+05
  0.3613888889E+00  0.7267407037E+05
  0.3616666667E+00  0.7259134279E+05
  0.3619444444E+00  0.7250861519E+05
  0.3622222222E+00  0.7242588759E+05
  0.3625000000E+00  0.7234316010E+05
  0.3627777778E+00  0.7226043252E+05
  0.3630555556E+00  0.7217770492E+05
  0.3633333333E+00  0.7209497731E+05
  0.3636111111E+00  0.7201224972E+05
  0.3638888889E+00  0.7192952224E+05
  0.3641666667E+00  0.7184679465E+05
  0.3644444444E+00  0.7176406705E+05
  0.3647222222E+00  0.7168133944E+05
  0.3650000000E+00  0.7159861197E+05
  0.3652777778E+00  0.7154445966E+05
  0.3655555556E+00  0.7149030814E+05
  0.3658333333E+00  0.7143615594E+05
  0.3661111111E+00  0.7138200363E+05
  0.3663888889E+00  0.7132785111E+05
  0.3666666667E+00  0.7127369880E+05
  0.3669444444E+00  0.7121954672E+05
  0.3672222222E+00  0.7116539429E+05
  0.3675000000E+00  0.7111124198E+05
  0.3677777778E+00  0.7105708989E+05
  0.3680555556E+00  0.7100293746E+05
  0.3683333333E+00  0.7094878527E+05
  0.3686111111E+00  0.7089463317E+05
  0.3688888889E+00  0.7084048074E+05
  0.3691666667E+00  0.7078632854E+05
  0.3694444444E+00  0.7073217644E+05
  0.3697222222E+00  0.7067802401E+05
  0.3700000000E+00  0.7062387181E+05
  0.3702777778E+00  0.7059807982E+05
  0.3705555556E+00  0.7057228817E+05
  0.3708333333E+00  0.7054649607E+05
  0.3711111111E+00  0.7052070441E+05
  0.3713888889E+00  0.7049491242E+05
  0.3716666667E+00  0.7046912043E+05
  0.3719444444E+00  0.7044332877E+05
  0.3722222222E+00  0.7041753667E+05
  0.3725000000E+00  0.7039174501E+05
  0.3727777778E+00  0.7036595302E+05
  0.3730555556E+00  0.7034016137E+05
  0.3733333333E+00  0.7031436938E+05
  0.3736111111E+00  0.7028857728E+05
  0.3738888889E+00  0.7026278561E+05
  0.3741666667E+00  0.7023699363E+05
  0.3744444444E+00  0.7021120198E+05
  0.3747222222E+00  0.7018540987E+05
  0.3750000000E+00  0.7015961822E+05
  0.3752777778E+00  0.7016091848E+05
  0.3755555556E+00  0.7016221852E+05
  0.3758333333E+00  0.7016351858E+05
  0.3761111111E+00  0.7016481841E+05
  0.3763888889E+00  0.7016611845E+05
  0.3766666667E+00  0.7016741850E+05
  0.3769444444E+00  0.7016871866E+05
  0.3772222222E+00  0.7017001872E+05
  0.3775000000E+00  0.7017131887E+05
  0.3777777778E+00  0.7017261902E+05
  0.3780555556E+00  0.7017391907E+05
  0.3783333333E+00  0.7017521913E+05
  0.3786111111E+00  0.7017651929E+05
  0.3788888889E+00  0.7017781933E+05
  0.3791666667E+00  0.7017911938E+05
  0.3794444444E+00  0.7018041955E+05
  0.3797222222E+00  0.7018171970E+05
  0.3800000000E+00  0.7018301974E+05
  0.3802777778E+00  0.7020906366E+05
  0.3805555556E+00  0.7023510713E+05
  0.3808333333E+00  0.7026115104E+05
  0.3811111111E+00  0.7028719495E+05
  0.3813888889E+00  0.7031323886E+05
  0.3816666667E+00  0.7033928278E+05
  0.3819444444E+00  0.7036532625E+05
  0.3822222222E+00  0.7039137026E+05
  0.3825000000E+00  0.7041741408E+05
  0.3827777778E+00  0.7044345799E+05
  0.3830555556E+00  0.7046950146E+05
  0.3833333333E+00  0.7049554547E+05
  0.3836111111E+00  0.7052158928E+05
  0.3838888889E+00  0.7054763320E+05
  0.3841666667E+00  0.7057367666E+05
  0.3844444444E+00  0.7059972068E+05
  0.3847222222E+00  0.7062576459E+05
  0.3850000000E+00  0.7065180840E+05
  0.3852777778E+00  0.7069947544E+05
  0.3855555556E+00  0.7074714272E+05
  0.3858333333E+00  0.7079480998E+05
  0.3861111111E+00  0.7084247725E+05
  0.3863888889E+00  0.7089014430E+05
  0.3866666667E+00  0.7093781147E+05
  0.3869444444E+00  0.7098547884E+05
  0.3872222222E+00  0.7103314612E+05
  0.3875000000E+00  0.7108081305E+05
  0.3877777778E+00  0.7112848032E+05
  0.3880555556E+00  0.7117614771E+05
  0.3883333333E+00  0.7122381498E+05
  0.3886111111E+00  0.7127148191E+05
  0.3888888889E+00  0.7131914928E+05
  0.3891666667E+00  0.7136681656E+05
  0.3894444444E+00  0.7141448349E+05
  0.3897222222E+00  0.7146215076E+05
  0.3900000000E+00  0.7150981815E+05
  0.3902777778E+00  0.7157515957E+05
  0.3905555556E+00  0.7164050143E+05
  0.3908333333E+00  0.7170584285E+05
  0.3911111111E+00  0.7177118471E+05
  0.3913888889E+00  0.7183652625E+05
  0.3916666667E+00  0.7190186811E+05
  0.3919444444E+00  0.7196720953E+05
  0.3922222222E+00  0.7203255139E+05
  0.3925000000E+00  0.7209789281E+05
  0.3927777778E+00  0.7216323467E+05
  0.3930555556E+00  0.7222857621E+05
  0.3933333333E+00  0.7229391807E+05
  0.3936111111E+00  0.7235925949E+05
  0.3938888889E+00  0.7242460125E+05
  0.3941666667E+00  0.7248994278E+05
  0.3944444444E+00  0.7255528453E+05
  0.3947222222E+00  0.7262062617E+05
  0.3950000000E+00  0.7268596793E+05
  0.3952777778E+00  0.7276461941E+05
  0.3955555556E+00  0.7284327122E+05
  0.3958333333E+00  0.7292192270E+05
  0.3961111111E+00  0.7300057451E+05
  0.3963888889E+00  0.7307922622E+05
  0.3966666667E+00  0.7315787781E+05
  0.3969444444E+00  0.7323652963E+05
  0.3972222222E+00  0.7331518144E+05
  0.3975000000E+00  0.7339383282E+05
  0.3977777778E+00  0.7347248463E+05
  0.3980555556E+00  0.7355113611E+05
  0.3983333333E+00  0.7362978802E+05
  0.3986111111E+00  0.7370843984E+05
  0.3988888889E+00  0.7378709121E+05
  0.3991666667E+00  0.7386574303E+05
  0.3994444444E+00  0.7394439451E+05
  0.3997222222E+00  0.7402304632E+05
  0.4000000000E+00  0.7410169803E+05
  0.4002777778E+00  0.7418894644E+05
  0.4005555556E+00  0.7427619472E+05
  0.4008333333E+00  0.7436344312E+05
  0.4011111111E+00  0.7445069174E+05
  0.4013888889E+00  0.7453794002E+05
  0.4016666667E+00  0.7462518843E+05
  0.4019444444E+00  0.7471243671E+05
  0.4022222222E+00  0.7479968533E+05
  0.4025000000E+00  0.7488693364E+05
  0.4027777778E+00  0.7497418192E+05
  0.4030555556E+00  0.7506143032E+05
  0.4033333333E+00  0.7514867905E+05
  0.4036111111E+00  0.7523592713E+05
  0.4038888889E+00  0.7532317533E+05
  0.4041666667E+00  0.7541042342E+05
  0.4044444444E+00  0.7549767284E+05
  0.4047222222E+00  0.7558492104E+05
  0.4050000000E+00  0.7567216912E+05
  0.4052777778E+00  0.7576324137E+05
  0.4055555556E+00  0.7585431261E+05
  0.4058333333E+00  0.7594538519E+05
  0.4061111111E+00  0.7603645644E+05
  0.4063888889E+00  0.7612752868E+05
  0.4066666667E+00  0.7621859993E+05
  0.4069444444E+00  0.7630967229E+05
  0.4072222222E+00  0.7640074353E+05
  0.4075000000E+00  0.7649181578E+05
  0.4077777778E+00  0.7658288735E+05
  0.4080555556E+00  0.7667395960E+05
  0.4083333333E+00  0.7676503185E+05
  0.4086111111E+00  0.7685610309E+05
  0.4088888889E+00  0.7694717534E+05
  0.4091666667E+00  0.7703824658E+05
  0.4094444444E+00  0.7712931916E+05
  0.4097222222E+00  0.7722039041E+05
  0.4100000000E+00  0.7731146265E+05
  0.4102777778E+00  0.7740173055E+05
  0.4105555556E+00  0.7749199712E+05
  0.4108333333E+00  0.7758226502E+05
  0.4111111111E+00  0.7767253293E+05
  0.4113888889E+00  0.7776280083E+05
  0.4116666667E+00  0.7785306850E+05
  0.4119444444E+00  0.7794333642E+05
  0.4122222222E+00  0.7803360432E+05
  0.4125000000E+00  0.7812387221E+05
  0.4127777778E+00  0.7821413878E+05
  0.4130555556E+00  0.7830440669E+05
  0.4133333333E+00  0.7839467459E+05
  0.4136111111E+00  0.7848494249E+05
  0.4138888889E+00  0.7857521006E+05
  0.4141666667E+00  0.7866547796E+05
  0.4144444444E+00  0.7875574586E+05
  0.4147222222E+00  0.7884601276E+05
  0.4150000000E+00  0.7893628033E+05
  0.4152777778E+00  0.7902142657E+05
  0.4155555556E+00  0.7910657371E+05
  0.4158333333E+00  0.7919171984E+05
  0.4161111111E+00  0.7927686642E+05
  0.4163888889E+00  0.7936201255E+05
  0.4166666667E+00  0.7944715868E+05
  0.4169444444E+00  0.7953230481E+05
  0.4172222222E+00  0.7961745106E+05
  0.4175000000E+00  0.7970259719E+05
  0.4177777778E+00  0.7978774432E+05
  0.4180555556E+00  0.7987289057E+05
  0.4183333333E+00  0.7995803670E+05
  0.4186111111E+00  0.8004318283E+05
  0.4188888889E+00  0.8012832897E+05
  0.4191666667E+00  0.8021347521E+05
  0.4194444444E+00  0.8029862134E+05
  0.4197222222E+00  0.8038376747E+05
  0.4200000000E+00  0.8046891460E+05
  0.4202777778E+00  0.8054515569E+05
  0.4205555556E+00  0.8062139532E+05
  0.4208333333E+00  0.8069763595E+05
  0.4211111111E+00  0.8077387659E+05
  0.4213888889E+00  0.8085011723E+05
  0.4216666667E+00  0.8092635831E+05
  0.4219444444E+00  0.8100259894E+05
  0.4222222222E+00  0.8107883958E+05
  0.4225000000E+00  0.8115508021E+05
  0.4227777778E+00  0.8123132084E+05
  0.4230555556E+00  0.8130756181E+05
  0.4233333333E+00  0.8138380257E+05
  0.4236111111E+00  0.8146004220E+05
  0.4238888889E+00  0.8153628283E+05
  0.4241666667E+00  0.8161252380E+05
  0.4244444444E+00  0.8168876444E+05
  0.4247222222E+00  0.8176500507E+05
  0.4250000000E+00  0.8184124582E+05
  0.4252777778E+00  0.8190544187E+05
  0.4255555556E+00  0.8196963692E+05
  0.4258333333E+00  0.8203383295E+05
  0.4261111111E+00  0.8209802900E+05
  0.4263888889E+00  0.8216222372E+05
  0.4266666667E+00  0.8222641976E+05
  0.4269444444E+00  0.8229061581E+05
  0.4272222222E+00  0.8235481086E+05
  0.4275000000E+00  0.8241900691E+05
  0.4277777778E+00  0.8248320295E+05
  0.4280555556E+00  0.8254739800E+05
  0.4283333333E+00  0.8261159372E+05
  0.4286111111E+00  0.8267578976E+05
  0.4288888889E+00  0.8273998481E+05
  0.4291666667E+00  0.8280418086E+05
  0.4294444444E+00  0.8286837701E+05
  0.4297222222E+00  0.8293257206E+05
  0.4300000000E+00  0.8299676811E+05
  0.4302777778E+00  0.8304654196E+05
  0.4305555556E+00  0.8309631625E+05
  0.4308333333E+00  0.8314609021E+05
  0.4311111111E+00  0.8319586438E+05
  0.4313888889E+00  0.8324563835E+05
  0.4316666667E+00  0.8329541264E+05
  0.4319444444E+00  0.8334518649E+05
  0.4322222222E+00  0.8339496078E+05
  0.4325000000E+00  0.8344473474E+05
  0.4327777778E+00  0.8349450904E+05
  0.4330555556E+00  0.8354428289E+05
  0.4333333333E+00  0.8359405718E+05
  0.4336111111E+00  0.8364383114E+05
  0.4338888889E+00  0.8369360531E+05
  0.4341666667E+00  0.8374337927E+05
  0.4344444444E+00  0.8379315357E+05
  0.4347222222E+00  0.8384292842E+05
  0.4350000000E+00  0.8389270271E+05
  0.4352777778E+00  0.8392649832E+05
  0.4355555556E+00  0.8396029393E+05
  0.4358333333E+00  0.8399408987E+05
  0.4361111111E+00  0.8402788548E+05
  0.4363888889E+00  0.8406168109E+05
  0.4366666667E+00  0.8409547704E+05
  0.4369444444E+00  0.8412927352E+05
  0.4372222222E+00  0.8416306913E+05
  0.4375000000E+00  0.8419686508E+05
  0.4377777778E+00  0.8423066069E+05
  0.4380555556E+00  0.8426445629E+05
  0.4383333333E+00  0.8429825223E+05
  0.4386111111E+00  0.8433204885E+05
  0.4388888889E+00  0.8436584446E+05
  0.4391666667E+00  0.8439964039E+05
  0.4394444444E+00  0.8443343600E+05
  0.4397222222E+00  0.8446723161E+05
  0.4400000000E+00  0.8450102722E+05
  0.4402777778E+00  0.8451815517E+05
  0.4405555556E+00  0.8453528325E+05
  0.4408333333E+00  0.8455241131E+05
  0.4411111111E+00  0.8456953928E+05
  0.4413888889E+00  0.8458666735E+05
  0.4416666667E+00  0.8460379541E+05
  0.4419444444E+00  0.8462092349E+05
  0.4422222222E+00  0.8463805145E+05
  0.4425000000E+00  0.8465517951E+05
  0.4427777778E+00  0.8467230759E+05
  0.4430555556E+00  0.8468943565E+05
  0.4433333333E+00  0.8470656362E+05
  0.4436111111E+00  0.8472369169E+05
  0.4438888889E+00  0.8474081942E+05
  0.4441666667E+00  0.8475794750E+05
  0.4444444444E+00  0.8477507546E+05
  0.4447222222E+00  0.8479220352E+05
  0.4450000000E+00  0.8480933160E+05
  0.4452777778E+00  0.8480988330E+05
  0.4455555556E+00  0.8481043500E+05
  0.4458333333E+00  0.8481098681E+05
  0.4461111111E+00  0.8481153852E+05
  0.4463888889E+00  0.8481208988E+05
  0.4466666667E+00  0.8481264158E+05
  0.4469444444E+00  0.8481319340E+05
  0.4472222222E+00  0.8481374509E+05
  0.4475000000E+00  0.8481429680E+05
  0.4477777778E+00  0.8481484850E+05
  0.4480555556E+00  0.8481539998E+05
  0.4483333333E+00  0.8481595168E+05
  0.4486111111E+00  0.8481650338E+05
  0.4488888889E+00  0.8481705509E+05
  0.4491666667E+00  0.8481760689E+05
  0.4494444444E+00  0.8481815860E+05
  0.4497222222E+00  0.8481871030E+05
  0.4500000000E+00  0.8481926166E+05
  0.4502777778E+00  0.8480410733E+05
  0.4505555556E+00  0.8478895290E+05
  0.4508333333E+00  0.8477379813E+05
  0.4511111111E+00  0.8475864469E+05
  0.4513888889E+00  0.8474349024E+05
  0.4516666667E+00  0.8472833558E+05
  0.4519444444E+00  0.8471318114E+05
  0.4522222222E+00  0.8469802769E+05
  0.4525000000E+00  0.8468287292E+05
  0.4527777778E+00  0.8466771848E+05
  0.4530555556E+00  0.8465256415E+05
  0.4533333333E+00  0.8463741037E+05
  0.4536111111E+00  0.8462225593E+05
  0.4538888889E+00  0.8460710149E+05
  0.4541666667E+00  0.8459194682E+05
  0.4544444444E+00  0.8457679338E+05
  0.4547222222E+00  0.8456163894E+05
  0.4550000000E+00  0.8454648416E+05
  0.4552777778E+00  0.8451718292E+05
  0.4555555556E+00  0.8448788267E+05
  0.4558333333E+00  0.8445858153E+05
  0.4561111111E+00  0.8442928062E+05
  0.4563888889E+00  0.8439997937E+05
  0.4566666667E+00  0.8437067812E+05
  0.4569444444E+00  0.8434137687E+05
  0.4572222222E+00  0.8431207663E+05
  0.4575000000E+00  0.8428277549E+05
  0.4577777778E+00  0.8425347424E+05
  0.4580555556E+00  0.8422417300E+05
  0.4583333333E+00  0.8419487175E+05
  0.4586111111E+00  0.8416557183E+05
  0.4588888889E+00  0.8413627059E+05
  0.4591666667E+00  0.8410696934E+05
  0.4594444444E+00  0.8407766820E+05
  0.4597222222E+00  0.8404836694E+05
  0.4600000000E+00  0.8401906670E+05
  0.4602777778E+00  0.8397770394E+05
  0.4605555556E+00  0.8393634118E+05
  0.4608333333E+00  0.8389497921E+05
  0.4611111111E+00  0.8385361644E+05
  0.4613888889E+00  0.8381225369E+05
  0.4616666667E+00  0.8377089159E+05
  0.4619444444E+00  0.8372952895E+05
  0.4622222222E+00  0.8368816619E+05
  0.4625000000E+00  0.8364680410E+05
  0.4627777778E+00  0.8360544134E+05
  0.4630555556E+00  0.8356407858E+05
  0.4633333333E+00  0.8352271694E+05
  0.4636111111E+00  0.8348135383E+05
  0.4638888889E+00  0.8343999108E+05
  0.4641666667E+00  0.8339862933E+05
  0.4644444444E+00  0.8335726634E+05
  0.4647222222E+00  0.8331590359E+05
  0.4650000000E+00  0.8327454182E+05
  0.4652777778E+00  0.8322360626E+05
  0.4655555556E+00  0.8317266924E+05
  0.4658333333E+00  0.8312173367E+05
  0.4661111111E+00  0.8307079811E+05
  0.4663888889E+00  0.8301986254E+05
  0.4666666667E+00  0.8296892685E+05
  0.4669444444E+00  0.8291799029E+05
  0.4672222222E+00  0.8286705472E+05
  0.4675000000E+00  0.8281611903E+05
  0.4677777778E+00  0.8276518347E+05
  0.4680555556E+00  0.8271424756E+05
  0.4683333333E+00  0.8266331088E+05
  0.4686111111E+00  0.8261237532E+05
  0.4688888889E+00  0.8256143974E+05
  0.4691666667E+00  0.8251050417E+05
  0.4694444444E+00  0.8245956850E+05
  0.4697222222E+00  0.8240863193E+05
  0.4700000000E+00  0.8235769635E+05
  0.4702777778E+00  0.8229993037E+05
  0.4705555556E+00  0.8224216583E+05
  0.4708333333E+00  0.8218439996E+05
  0.4711111111E+00  0.8212663441E+05
  0.4713888889E+00  0.8206886843E+05
  0.4716666667E+00  0.8201110390E+05
  0.4719444444E+00  0.8195333802E+05
  0.4722222222E+00  0.8189557248E+05
  0.4725000000E+00  0.8183780783E+05
  0.4727777778E+00  0.8178004196E+05
  0.4730555556E+00  0.8172227641E+05
  0.4733333333E+00  0.8166451054E+05
  0.4736111111E+00  0.8160674590E+05
  0.4738888889E+00  0.8154898001E+05
  0.4741666667E+00  0.8149121448E+05
  0.4744444444E+00  0.8143344861E+05
  0.4747222222E+00  0.8137568406E+05
  0.4750000000E+00  0.8131791841E+05
  0.4752777778E+00  0.8125616154E+05
  0.4755555556E+00  0.8119440434E+05
  0.4758333333E+00  0.8113264636E+05
  0.4761111111E+00  0.8107088949E+05
  0.4763888889E+00  0.8100913262E+05
  0.4766666667E+00  0.8094737564E+05
  0.4769444444E+00  0.8088561877E+05
  0.4772222222E+00  0.8082386190E+05
  0.4775000000E+00  0.8076210491E+05
  0.4777777778E+00  0.8070034704E+05
  0.4780555556E+00  0.8063859018E+05
  0.4783333333E+00  0.8057683320E+05
  0.4786111111E+00  0.8051507633E+05
  0.4788888889E+00  0.8045331946E+05
  0.4791666667E+00  0.8039156248E+05
  0.4794444444E+00  0.8032980561E+05
  0.4797222222E+00  0.8026804740E+05
  0.4800000000E+00  0.8020629042E+05
  0.4802777778E+00  0.8014330431E+05
  0.4805555556E+00  0.8008031811E+05
  0.4808333333E+00  0.8001733180E+05
  0.4811111111E+00  0.7995434539E+05
  0.4813888889E+00  0.7989135907E+05
  0.4816666667E+00  0.7982837278E+05
  0.4819444444E+00  0.7976538647E+05
  0.4822222222E+00  0.7970240005E+05
  0.4825000000E+00  0.7963941374E+05
  0.4827777778E+00  0.7957642711E+05
  0.4830555556E+00  0.7951344079E+05
  0.4833333333E+00  0.7945045449E+05
  0.4836111111E+00  0.7938746807E+05
  0.4838888889E+00  0.7932448188E+05
  0.4841666667E+00  0.7926149546E+05
  0.4844444444E+00  0.7919850915E+05
  0.4847222222E+00  0.7913552274E+05
  0.4850000000E+00  0.7907253653E+05
  0.4852777778E+00  0.7901090730E+05
  0.4855555556E+00  0.7894927815E+05
  0.4858333333E+00  0.7888764902E+05
  0.4861111111E+00  0.7882601988E+05
  0.4863888889E+00  0.7876439109E+05
  0.4866666667E+00  0.7870276185E+05
  0.4869444444E+00  0.7864113282E+05
  0.4872222222E+00  0.7857950358E+05
  0.4875000000E+00  0.7851787444E+05
  0.4877777778E+00  0.7845624530E+05
  0.4880555556E+00  0.7839461650E+05
  0.4883333333E+00  0.7833298736E+05
  0.4886111111E+00  0.7827135823E+05
  0.4888888889E+00  0.7820972900E+05
  0.4891666667E+00  0.7814809997E+05
  0.4894444444E+00  0.7808647073E+05
  0.4897222222E+00  0.7802484203E+05
  0.4900000000E+00  0.7796321279E+05
  0.4902777778E+00  0.7790520615E+05
  0.4905555556E+00  0.7784719973E+05
  0.4908333333E+00  0.7778919319E+05
  0.4911111111E+00  0.7773118689E+05
  0.4913888889E+00  0.7767318014E+05
  0.4916666667E+00  0.7761517383E+05
  0.4919444444E+00  0.7755716753E+05
  0.4922222222E+00  0.7749916099E+05
  0.4925000000E+00  0.7744115457E+05
  0.4927777778E+00  0.7738314793E+05
  0.4930555556E+00  0.7732514163E+05
  0.4933333333E+00  0.7726713488E+05
  0.4936111111E+00  0.7720912867E+05
  0.4938888889E+00  0.7715112204E+05
  0.4941666667E+00  0.7709311562E+05
  0.4944444444E+00  0.7703510897E+05
  0.4947222222E+00  0.7697710267E+05
  0.4950000000E+00  0.7691909603E+05
