  0.1027777778E-01  0.2253010758E+08
  0.1055555556E-01  0.2250549498E+08
  0.1083333333E-01  0.2248088195E+08
  0.1111111111E-01  0.2245626947E+08
  0.1138888889E-01  0.2243165644E+08
  0.1166666667E-01  0.2240704351E+08
  0.1194444444E-01  0.2238243092E+08
  0.1222222222E-01  0.2235781799E+08
  0.1250000000E-01  0.2233320540E+08
  0.1277777778E-01  0.2230859237E+08
  0.1305555556E-01  0.2228397955E+08
  0.1333333333E-01  0.2225936685E+08
  0.1361111111E-01  0.2223475392E+08
  0.1388888889E-01  0.2221014123E+08
  0.1416666667E-01  0.2218552841E+08
  0.1444444444E-01  0.2216091538E+08
  0.1472222222E-01  0.2213630278E+08
  0.1500000000E-01  0.2211168975E+08
  0.1527777778E-01  0.2207800321E+08
  0.1555555556E-01  0.2204431668E+08
  0.1583333333E-01  0.2201062971E+08
  0.1611111111E-01  0.2197694318E+08
  0.1638888889E-01  0.2194325665E+08
  0.1666666667E-01  0.2190956967E+08
  0.1694444444E-01  0.2187588314E+08
  0.1722222222E-01  0.2184219651E+08
  0.1750000000E-01  0.2180850964E+08
  0.1777777778E-01  0.2177482311E+08
  0.1805555556E-01  0.2174113646E+08
  0.1833333333E-01  0.2170744960E+08
  0.1861111111E-01  0.2167376307E+08
  0.1888888889E-01  0.2164007643E+08
  0.1916666667E-01  0.2160638957E+08
  0.1944444444E-01  0.2157270302E+08
  0.1972222222E-01  0.2153901639E+08
  0.2000000000E-01  0.2150532953E+08
  0.2027777778E-01  0.2146329074E+08
  0.2055555556E-01  0.2142125250E+08
  0.2083333333E-01  0.2137921371E+08
  0.2111111111E-01  0.2133717492E+08
  0.2138888889E-01  0.2129513624E+08
  0.2166666667E-01  0.2125309745E+08
  0.2194444444E-01  0.2121105877E+08
  0.2222222222E-01  0.2116902008E+08
  0.2250000000E-01  0.2112698130E+08
  0.2277777778E-01  0.2108494295E+08
  0.2305555556E-01  0.2104290416E+08
  0.2333333333E-01  0.2100086548E+08
  0.2361111111E-01  0.2095882680E+08
  0.2388888889E-01  0.2091678802E+08
  0.2416666667E-01  0.2087474923E+08
  0.2444444444E-01  0.2083271065E+08
  0.2472222222E-01  0.2079067187E+08
  0.2500000000E-01  0.2074863351E+08
  0.2527777778E-01  0.2069914218E+08
  0.2555555556E-01  0.2064965095E+08
  0.2583333333E-01  0.2060015962E+08
  0.2611111111E-01  0.2055066827E+08
  0.2638888889E-01  0.2050117693E+08
  0.2666666667E-01  0.2045168570E+08
  0.2694444444E-01  0.2040219437E+08
  0.2722222222E-01  0.2035270314E+08
  0.2750000000E-01  0.2030321214E+08
  0.2777777778E-01  0.2025372080E+08
  0.2805555556E-01  0.2020422947E+08
  0.2833333333E-01  0.2015473823E+08
  0.2861111111E-01  0.2010524690E+08
  0.2888888889E-01  0.2005575567E+08
  0.2916666667E-01  0.2000626434E+08
  0.2944444444E-01  0.1995677298E+08
  0.2972222222E-01  0.1990728165E+08
  0.3000000000E-01  0.1985779075E+08
  0.3027777778E-01  0.1980189047E+08
  0.3055555556E-01  0.1974599028E+08
  0.3083333333E-01  0.1969008999E+08
  0.3111111111E-01  0.1963419002E+08
  0.3138888889E-01  0.1957828972E+08
  0.3166666667E-01  0.1952238954E+08
  0.3194444444E-01  0.1946648934E+08
  0.3222222222E-01  0.1941058905E+08
  0.3250000000E-01  0.1935468920E+08
  0.3277777778E-01  0.1929878890E+08
  0.3305555556E-01  0.1924288861E+08
  0.3333333333E-01  0.1918698831E+08
  0.3361111111E-01  0.1913108847E+08
  0.3388888889E-01  0.1907518816E+08
  0.3416666667E-01  0.1901928787E+08
  0.3444444444E-01  0.1896338779E+08
  0.3472222222E-01  0.1890748749E+08
  0.3500000000E-01  0.1885158753E+08
  0.3527777778E-01  0.1879040731E+08
  0.3555555556E-01  0.1872922743E+08
  0.3583333333E-01  0.1866804722E+08
  0.3611111111E-01  0.1860686754E+08
  0.3638888889E-01  0.1854568733E+08
  0.3666666667E-01  0.1848450745E+08
  0.3694444444E-01  0.1842332723E+08
  0.3722222222E-01  0.1836214735E+08
  0.3750000000E-01  0.1830096723E+08
  0.3777777778E-01  0.1823978736E+08
  0.3805555556E-01  0.1817860714E+08
  0.3833333333E-01  0.1811742725E+08
  0.3861111111E-01  0.1805624716E+08
  0.3888888889E-01  0.1799506738E+08
  0.3916666667E-01  0.1793388715E+08
  0.3944444444E-01  0.1787270728E+08
  0.3972222222E-01  0.1781152705E+08
  0.4000000000E-01  0.1775034728E+08
  0.4027777778E-01  0.1768509731E+08
  0.4055555556E-01  0.1761984779E+08
  0.4083333333E-01  0.1755459783E+08
  0.4111111111E-01  0.1748934831E+08
  0.4138888889E-01  0.1742409867E+08
  0.4166666667E-01  0.1735884882E+08
  0.4194444444E-01  0.1729359908E+08
  0.4222222222E-01  0.1722834922E+08
  0.4250000000E-01  0.1716309969E+08
  0.4277777778E-01  0.1709784974E+08
  0.4305555556E-01  0.1703260021E+08
  0.4333333333E-01  0.1696735026E+08
  0.4361111111E-01  0.1690210072E+08
  0.4388888889E-01  0.1683685077E+08
  0.4416666667E-01  0.1677160124E+08
  0.4444444444E-01  0.1670635117E+08
  0.4472222222E-01  0.1664110164E+08
  0.4500000000E-01  0.1657585169E+08
  0.4527777778E-01  0.1650776868E+08
  0.4555555556E-01  0.1643968557E+08
  0.4583333333E-01  0.1637160235E+08
  0.4611111111E-01  0.1630351936E+08
  0.4638888889E-01  0.1623543614E+08
  0.4666666667E-01  0.1616735303E+08
  0.4694444444E-01  0.1609926993E+08
  0.4722222222E-01  0.1603118682E+08
  0.4750000000E-01  0.1596310360E+08
  0.4777777778E-01  0.1589502060E+08
  0.4805555556E-01  0.1582693705E+08
  0.4833333333E-01  0.1575885394E+08
  0.4861111111E-01  0.1569077093E+08
  0.4888888889E-01  0.1562268773E+08
  0.4916666667E-01  0.1555460462E+08
  0.4944444444E-01  0.1548652152E+08
  0.4972222222E-01  0.1541843840E+08
  0.5000000000E-01  0.1535035530E+08
  0.5027777778E-01  0.1528066816E+08
  0.5055555556E-01  0.1521098155E+08
  0.5083333333E-01  0.1514129452E+08
  0.5111111111E-01  0.1507160737E+08
  0.5138888889E-01  0.1500192034E+08
  0.5166666667E-01  0.1493223364E+08
  0.5194444444E-01  0.1486254659E+08
  0.5222222222E-01  0.1479285955E+08
  0.5250000000E-01  0.1472317285E+08
  0.5277777778E-01  0.1465348582E+08
  0.5305555556E-01  0.1458379867E+08
  0.5333333333E-01  0.1451411207E+08
  0.5361111111E-01  0.1444442504E+08
  0.5388888889E-01  0.1437473789E+08
  0.5416666667E-01  0.1430505119E+08
  0.5444444444E-01  0.1423536416E+08
  0.5472222222E-01  0.1416567711E+08
  0.5500000000E-01  0.1409599041E+08
  0.5527777778E-01  0.1402588635E+08
  0.5555555556E-01  0.1395578250E+08
  0.5583333333E-01  0.1388567877E+08
  0.5611111111E-01  0.1381557481E+08
  0.5638888889E-01  0.1374547119E+08
  0.5666666667E-01  0.1367536724E+08
  0.5694444444E-01  0.1360526328E+08
  0.5722222222E-01  0.1353515955E+08
  0.5750000000E-01  0.1346505570E+08
  0.5777777778E-01  0.1339495208E+08
  0.5805555556E-01  0.1332484802E+08
  0.5833333333E-01  0.1325474439E+08
  0.5861111111E-01  0.1318464044E+08
  0.5888888889E-01  0.1311453648E+08
  0.5916666667E-01  0.1304443276E+08
  0.5944444444E-01  0.1297432880E+08
  0.5972222222E-01  0.1290422528E+08
  0.6000000000E-01  0.1283412122E+08
  0.6027777778E-01  0.1276471994E+08
  0.6055555556E-01  0.1269531843E+08
  0.6083333333E-01  0.1262591715E+08
  0.6111111111E-01  0.1255651598E+08
  0.6138888889E-01  0.1248711469E+08
  0.6166666667E-01  0.1241771332E+08
  0.6194444444E-01  0.1234831194E+08
  0.6222222222E-01  0.1227891057E+08
  0.6250000000E-01  0.1220950918E+08
  0.6277777778E-01  0.1214010780E+08
  0.6305555556E-01  0.1207070656E+08
  0.6333333333E-01  0.1200130518E+08
  0.6361111111E-01  0.1193190390E+08
  0.6388888889E-01  0.1186250252E+08
  0.6416666667E-01  0.1179310128E+08
  0.6444444444E-01  0.1172369990E+08
  0.6472222222E-01  0.1165429863E+08
  0.6500000000E-01  0.1158489724E+08
  0.6527777778E-01  0.1151721498E+08
  0.6555555556E-01  0.1144953284E+08
  0.6583333333E-01  0.1138185058E+08
  0.6611111111E-01  0.1131416832E+08
  0.6638888889E-01  0.1124648616E+08
  0.6666666667E-01  0.1117880401E+08
  0.6694444444E-01  0.1111112175E+08
  0.6722222222E-01  0.1104343947E+08
  0.6750000000E-01  0.1097575721E+08
  0.6777777778E-01  0.1090807516E+08
  0.6805555556E-01  0.1084039290E+08
  0.6833333333E-01  0.1077271064E+08
  0.6861111111E-01  0.1070502838E+08
  0.6888888889E-01  0.1063734624E+08
  0.6916666667E-01  0.1056966408E+08
  0.6944444444E-01  0.1050198183E+08
  0.6972222222E-01  0.1043429960E+08
  0.7000000000E-01  0.1036661734E+08
  0.7027777778E-01  0.1030155187E+08
  0.7055555556E-01  0.1023648641E+08
  0.7083333333E-01  0.1017142090E+08
  0.7111111111E-01  0.1010635543E+08
  0.7138888889E-01  0.1004128993E+08
  0.7166666667E-01  0.9976224460E+07
  0.7194444444E-01  0.9911158995E+07
  0.7222222222E-01  0.9846093493E+07
  0.7250000000E-01  0.9781028027E+07
  0.7277777778E-01  0.9715962518E+07
  0.7305555556E-01  0.9650897050E+07
  0.7333333333E-01  0.9585831584E+07
  0.7361111111E-01  0.9520765982E+07
  0.7388888889E-01  0.9455700517E+07
  0.7416666667E-01  0.9390635014E+07
  0.7444444444E-01  0.9325569539E+07
  0.7472222222E-01  0.9260504073E+07
  0.7500000000E-01  0.9195438571E+07
  0.7527777778E-01  0.9133746705E+07
  0.7555555556E-01  0.9072054828E+07
  0.7583333333E-01  0.9010362813E+07
  0.7611111111E-01  0.8948670948E+07
  0.7638888889E-01  0.8886979038E+07
  0.7666666667E-01  0.8825287157E+07
  0.7694444444E-01  0.8763595157E+07
  0.7722222222E-01  0.8701903280E+07
  0.7750000000E-01  0.8640211410E+07
  0.7777777778E-01  0.8578519399E+07
  0.7805555556E-01  0.8516827523E+07
  0.7833333333E-01  0.8455135620E+07
  0.7861111111E-01  0.8393443743E+07
  0.7888888889E-01  0.8331751765E+07
  0.7916666667E-01  0.8270059863E+07
  0.7944444444E-01  0.8208367984E+07
  0.7972222222E-01  0.8146676074E+07
  0.8000000000E-01  0.8084984106E+07
  0.8027777778E-01  0.8027277419E+07
  0.8055555556E-01  0.7969570601E+07
  0.8083333333E-01  0.7911863781E+07
  0.8111111111E-01  0.7854156996E+07
  0.8138888889E-01  0.7796450277E+07
  0.8166666667E-01  0.7738743490E+07
  0.8194444444E-01  0.7681036671E+07
  0.8222222222E-01  0.7623329885E+07
  0.8250000000E-01  0.7565623155E+07
  0.8277777778E-01  0.7507916369E+07
  0.8305555556E-01  0.7450209549E+07
  0.8333333333E-01  0.7392502730E+07
  0.8361111111E-01  0.7334796044E+07
  0.8388888889E-01  0.7277089225E+07
  0.8416666667E-01  0.7219382439E+07
  0.8444444444E-01  0.7161675620E+07
  0.8472222222E-01  0.7103968934E+07
  0.8500000000E-01  0.7046262114E+07
  0.8527777778E-01  0.6992996320E+07
  0.8555555556E-01  0.6939730424E+07
  0.8583333333E-01  0.6886464628E+07
  0.8611111111E-01  0.6833198865E+07
  0.8638888889E-01  0.6779933070E+07
  0.8666666667E-01  0.6726667174E+07
  0.8694444444E-01  0.6673401378E+07
  0.8722222222E-01  0.6620135582E+07
  0.8750000000E-01  0.6566869788E+07
  0.8777777778E-01  0.6513603892E+07
  0.8805555556E-01  0.6460338096E+07
  0.8833333333E-01  0.6407072300E+07
  0.8861111111E-01  0.6353806538E+07
  0.8888888889E-01  0.6300540643E+07
  0.8916666667E-01  0.6247274858E+07
  0.8944444444E-01  0.6194009062E+07
  0.8972222222E-01  0.6140743166E+07
  0.9000000000E-01  0.6087477371E+07
  0.9027777778E-01  0.6038957766E+07
  0.9055555556E-01  0.5990438107E+07
  0.9083333333E-01  0.5941918413E+07
  0.9111111111E-01  0.5893398821E+07
  0.9138888889E-01  0.5844879162E+07
  0.9166666667E-01  0.5796359568E+07
  0.9194444444E-01  0.5747839876E+07
  0.9222222222E-01  0.5699320215E+07
  0.9250000000E-01  0.5650800622E+07
  0.9277777778E-01  0.5602280962E+07
  0.9305555556E-01  0.5553761358E+07
  0.9333333333E-01  0.5505241666E+07
  0.9361111111E-01  0.5456722006E+07
  0.9388888889E-01  0.5408202413E+07
  0.9416666667E-01  0.5359682749E+07
  0.9444444444E-01  0.5311163130E+07
  0.9472222222E-01  0.5262643476E+07
  0.9500000000E-01  0.5214123824E+07
  0.9527777778E-01  0.5170509885E+07
  0.9555555556E-01  0.5126895946E+07
  0.9583333333E-01  0.5083282009E+07
  0.9611111111E-01  0.5039668071E+07
  0.9638888889E-01  0.4996054143E+07
  0.9666666667E-01  0.4952440205E+07
  0.9694444444E-01  0.4908826232E+07
  0.9722222222E-01  0.4865212294E+07
  0.9750000000E-01  0.4821598367E+07
  0.9777777778E-01  0.4777984429E+07
  0.9805555556E-01  0.4734370490E+07
  0.9833333333E-01  0.4690756562E+07
  0.9861111111E-01  0.4647142613E+07
  0.9888888889E-01  0.4603528685E+07
  0.9916666667E-01  0.4559914715E+07
  0.9944444444E-01  0.4516300786E+07
  0.9972222222E-01  0.4472686848E+07
  0.1000000000E+00  0.4429072899E+07
  0.1002777778E+00  0.4390386664E+07
  0.1005555556E+00  0.4351700428E+07
  0.1008333333E+00  0.4313014182E+07
  0.1011111111E+00  0.4274327948E+07
  0.1013888889E+00  0.4235641702E+07
  0.1016666667E+00  0.4196955434E+07
  0.1019444444E+00  0.4158269188E+07
  0.1022222222E+00  0.4119582952E+07
  0.1025000000E+00  0.4080896707E+07
  0.1027777778E+00  0.4042210472E+07
  0.1030555556E+00  0.4003524236E+07
  0.1033333333E+00  0.3964837990E+07
  0.1036111111E+00  0.3926151756E+07
  0.1038888889E+00  0.3887465499E+07
  0.1041666667E+00  0.3848779230E+07
  0.1044444444E+00  0.3810092985E+07
  0.1047222222E+00  0.3771406749E+07
  0.1050000000E+00  0.3732720504E+07
  0.1052777778E+00  0.3698867406E+07
  0.1055555556E+00  0.3665014265E+07
  0.1058333333E+00  0.3631161133E+07
  0.1061111111E+00  0.3597308026E+07
  0.1063888889E+00  0.3563454883E+07
  0.1066666667E+00  0.3529601775E+07
  0.1069444444E+00  0.3495748644E+07
  0.1072222222E+00  0.3461895503E+07
  0.1075000000E+00  0.3428042405E+07
  0.1077777778E+00  0.3394189252E+07
  0.1080555556E+00  0.3360336154E+07
  0.1083333333E+00  0.3326483013E+07
  0.1086111111E+00  0.3292629882E+07
  0.1088888889E+00  0.3258776774E+07
  0.1091666667E+00  0.3224923643E+07
  0.1094444444E+00  0.3191070524E+07
  0.1097222222E+00  0.3157217393E+07
  0.1100000000E+00  0.3123364285E+07
  0.1102777778E+00  0.3094143177E+07
  0.1105555556E+00  0.3064922080E+07
  0.1108333333E+00  0.3035700973E+07
  0.1111111111E+00  0.3006479866E+07
  0.1113888889E+00  0.2977258769E+07
  0.1116666667E+00  0.2948037695E+07
  0.1119444444E+00  0.2918816588E+07
  0.1122222222E+00  0.2889595481E+07
  0.1125000000E+00  0.2860374384E+07
  0.1127777778E+00  0.2831153266E+07
  0.1130555556E+00  0.2801932159E+07
  0.1133333333E+00  0.2772711094E+07
  0.1136111111E+00  0.2743489987E+07
  0.1138888889E+00  0.2714268880E+07
  0.1141666667E+00  0.2685047783E+07
  0.1144444444E+00  0.2655826676E+07
  0.1147222222E+00  0.2626605569E+07
  0.1150000000E+00  0.2597384495E+07
  0.1152777778E+00  0.2572511635E+07
  0.1155555556E+00  0.2547638763E+07
  0.1158333333E+00  0.2522765925E+07
  0.1161111111E+00  0.2497893054E+07
  0.1163888889E+00  0.2473020217E+07
  0.1166666667E+00  0.2448147356E+07
  0.1169444444E+00  0.2423274474E+07
  0.1172222222E+00  0.2398401647E+07
  0.1175000000E+00  0.2373528775E+07
  0.1177777778E+00  0.2348655938E+07
  0.1180555556E+00  0.2323783077E+07
  0.1183333333E+00  0.2298910195E+07
  0.1186111111E+00  0.2274037368E+07
  0.1188888889E+00  0.2249164486E+07
  0.1191666667E+00  0.2224291626E+07
  0.1194444444E+00  0.2199418789E+07
  0.1197222222E+00  0.2174545917E+07
  0.1200000000E+00  0.2149673089E+07
  0.1202777778E+00  0.2128800114E+07
  0.1205555556E+00  0.2107927171E+07
  0.1208333333E+00  0.2087054239E+07
  0.1211111111E+00  0.2066181274E+07
  0.1213888889E+00  0.2045308332E+07
  0.1216666667E+00  0.2024435366E+07
  0.1219444444E+00  0.2003562423E+07
  0.1222222222E+00  0.1982689492E+07
  0.1225000000E+00  0.1961816526E+07
  0.1227777778E+00  0.1940943584E+07
  0.1230555556E+00  0.1920070608E+07
  0.1233333333E+00  0.1899197675E+07
  0.1236111111E+00  0.1878324744E+07
  0.1238888889E+00  0.1857451768E+07
  0.1241666667E+00  0.1836578836E+07
  0.1244444444E+00  0.1815705893E+07
  0.1247222222E+00  0.1794832917E+07
  0.1250000000E+00  0.1773959996E+07
  0.1252777778E+00  0.1756693764E+07
  0.1255555556E+00  0.1739427532E+07
  0.1258333333E+00  0.1722161299E+07
  0.1261111111E+00  0.1704895067E+07
  0.1263888889E+00  0.1687628835E+07
  0.1266666667E+00  0.1670362636E+07
  0.1269444444E+00  0.1653096403E+07
  0.1272222222E+00  0.1635830160E+07
  0.1275000000E+00  0.1618563928E+07
  0.1277777778E+00  0.1601297695E+07
  0.1280555556E+00  0.1584031463E+07
  0.1283333333E+00  0.1566765231E+07
  0.1286111111E+00  0.1549498999E+07
  0.1288888889E+00  0.1532232800E+07
  0.1291666667E+00  0.1514966567E+07
  0.1294444444E+00  0.1497700335E+07
  0.1297222222E+00  0.1480434103E+07
  0.1300000000E+00  0.1463167870E+07
  0.1302777778E+00  0.1449090638E+07
  0.1305555556E+00  0.1435013370E+07
  0.1308333333E+00  0.1420936148E+07
  0.1311111111E+00  0.1406858870E+07
  0.1313888889E+00  0.1392781636E+07
  0.1316666667E+00  0.1378704380E+07
  0.1319444444E+00  0.1364627136E+07
  0.1322222222E+00  0.1350549880E+07
  0.1325000000E+00  0.1336472646E+07
  0.1327777778E+00  0.1322395380E+07
  0.1330555556E+00  0.1308318146E+07
  0.1333333333E+00  0.1294240878E+07
  0.1336111111E+00  0.1280163646E+07
  0.1338888889E+00  0.1266086378E+07
  0.1341666667E+00  0.1252009156E+07
  0.1344444444E+00  0.1237931878E+07
  0.1347222222E+00  0.1223854655E+07
  0.1350000000E+00  0.1209777378E+07
  0.1352777778E+00  0.1198462721E+07
  0.1355555556E+00  0.1187148054E+07
  0.1358333333E+00  0.1175833342E+07
  0.1361111111E+00  0.1164518675E+07
  0.1363888889E+00  0.1153204008E+07
  0.1366666667E+00  0.1141889307E+07
  0.1369444444E+00  0.1130574640E+07
  0.1372222222E+00  0.1119259983E+07
  0.1375000000E+00  0.1107945316E+07
  0.1377777778E+00  0.1096630604E+07
  0.1380555556E+00  0.1085315937E+07
  0.1383333333E+00  0.1074001270E+07
  0.1386111111E+00  0.1062686569E+07
  0.1388888889E+00  0.1051371912E+07
  0.1391666667E+00  0.1040057245E+07
  0.1394444444E+00  0.1028742567E+07
  0.1397222222E+00  0.1017427866E+07
  0.1400000000E+00  0.1006113199E+07
  0.1402777778E+00  0.9971424290E+06
  0.1405555556E+00  0.9881717020E+06
  0.1408333333E+00  0.9792009763E+06
  0.1411111111E+00  0.9702302226E+06
  0.1413888889E+00  0.9612594723E+06
  0.1416666667E+00  0.9522887320E+06
  0.1419444444E+00  0.9433179817E+06
  0.1422222222E+00  0.9343472281E+06
  0.1425000000E+00  0.9253764989E+06
  0.1427777778E+00  0.9164057487E+06
  0.1430555556E+00  0.9074350084E+06
  0.1433333333E+00  0.8984642547E+06
  0.1436111111E+00  0.8894935044E+06
  0.1438888889E+00  0.8805227641E+06
  0.1441666667E+00  0.8715520250E+06
  0.1444444444E+00  0.8625812847E+06
  0.1447222222E+00  0.8536105311E+06
  0.1450000000E+00  0.8446397808E+06
  0.1452777778E+00  0.8376144403E+06
  0.1455555556E+00  0.8305890898E+06
  0.1458333333E+00  0.8235637493E+06
  0.1461111111E+00  0.8165384022E+06
  0.1463888889E+00  0.8095130628E+06
  0.1466666667E+00  0.8024877134E+06
  0.1469444444E+00  0.7954623751E+06
  0.1472222222E+00  0.7884370258E+06
  0.1475000000E+00  0.7814116865E+06
  0.1477777778E+00  0.7743863349E+06
  0.1480555556E+00  0.7673609955E+06
  0.1483333333E+00  0.7603356461E+06
  0.1486111111E+00  0.7533103078E+06
  0.1488888889E+00  0.7462849585E+06
  0.1491666667E+00  0.7392596091E+06
  0.1494444444E+00  0.7322342675E+06
  0.1497222222E+00  0.7252089181E+06
  0.1500000000E+00  0.7181835787E+06
  0.1502777778E+00  0.7127351607E+06
  0.1505555556E+00  0.7072867415E+06
  0.1508333333E+00  0.7018383322E+06
  0.1511111111E+00  0.6963899131E+06
  0.1513888889E+00  0.6909414950E+06
  0.1516666667E+00  0.6854930859E+06
  0.1519444444E+00  0.6800446667E+06
  0.1522222222E+00  0.6745962474E+06
  0.1525000000E+00  0.6691478394E+06
  0.1527777778E+00  0.6636994202E+06
  0.1530555556E+00  0.6582510010E+06
  0.1533333333E+00  0.6528025918E+06
  0.1536111111E+00  0.6473541737E+06
  0.1538888889E+00  0.6419057545E+06
  0.1541666667E+00  0.6364573454E+06
  0.1544444444E+00  0.6310089261E+06
  0.1547222222E+00  0.6255605080E+06
  0.1550000000E+00  0.6201120955E+06
  0.1552777778E+00  0.6159098830E+06
  0.1555555556E+00  0.6117076569E+06
  0.1558333333E+00  0.6075054410E+06
  0.1561111111E+00  0.6033032240E+06
  0.1563888889E+00  0.5991010115E+06
  0.1566666667E+00  0.5948987956E+06
  0.1569444444E+00  0.5906965796E+06
  0.1572222222E+00  0.5864943570E+06
  0.1575000000E+00  0.5822921411E+06
  0.1577777778E+00  0.5780899252E+06
  0.1580555556E+00  0.5738877082E+06
  0.1583333333E+00  0.5696854955E+06
  0.1586111111E+00  0.5654832796E+06
  0.1588888889E+00  0.5612810637E+06
  0.1591666667E+00  0.5570788378E+06
  0.1594444444E+00  0.5528766252E+06
  0.1597222222E+00  0.5486744092E+06
  0.1600000000E+00  0.5444721922E+06
  0.1602777778E+00  0.5412277468E+06
  0.1605555556E+00  0.5379832971E+06
  0.1608333333E+00  0.5347388506E+06
  0.1611111111E+00  0.5314943909E+06
  0.1613888889E+00  0.5282499456E+06
  0.1616666667E+00  0.5250054958E+06
  0.1619444444E+00  0.5217610494E+06
  0.1622222222E+00  0.5185165996E+06
  0.1625000000E+00  0.5152721532E+06
  0.1627777778E+00  0.5120277045E+06
  0.1630555556E+00  0.5087832481E+06
  0.1633333333E+00  0.5055387984E+06
  0.1636111111E+00  0.5022943519E+06
  0.1638888889E+00  0.4990499032E+06
  0.1641666667E+00  0.4958054568E+06
  0.1644444444E+00  0.4925610070E+06
  0.1647222222E+00  0.4893165506E+06
  0.1650000000E+00  0.4860721019E+06
  0.1652777778E+00  0.4835408383E+06
  0.1655555556E+00  0.4810095648E+06
  0.1658333333E+00  0.4784782922E+06
  0.1661111111E+00  0.4759470187E+06
  0.1663888889E+00  0.4734157428E+06
  0.1666666667E+00  0.4708844693E+06
  0.1669444444E+00  0.4683532067E+06
  0.1672222222E+00  0.4658219332E+06
  0.1675000000E+00  0.4632906607E+06
  0.1677777778E+00  0.4607593871E+06
  0.1680555556E+00  0.4582281146E+06
  0.1683333333E+00  0.4556968377E+06
  0.1686111111E+00  0.4531655752E+06
  0.1688888889E+00  0.4506342996E+06
  0.1691666667E+00  0.4481030281E+06
  0.1694444444E+00  0.4455717566E+06
  0.1697222222E+00  0.4430404860E+06
  0.1700000000E+00  0.4405092145E+06
  0.1702777778E+00  0.4384911045E+06
  0.1705555556E+00  0.4364729934E+06
  0.1708333333E+00  0.4344548823E+06
  0.1711111111E+00  0.4324367724E+06
  0.1713888889E+00  0.4304186603E+06
  0.1716666667E+00  0.4284005503E+06
  0.1719444444E+00  0.4263824392E+06
  0.1722222222E+00  0.4243643293E+06
  0.1725000000E+00  0.4223462183E+06
  0.1727777778E+00  0.4203281071E+06
  0.1730555556E+00  0.4183099971E+06
  0.1733333333E+00  0.4162918862E+06
  0.1736111111E+00  0.4142737762E+06
  0.1738888889E+00  0.4122556651E+06
  0.1741666667E+00  0.4102375551E+06
  0.1744444444E+00  0.4082194440E+06
  0.1747222222E+00  0.4062013341E+06
  0.1750000000E+00  0.4041832230E+06
  0.1752777778E+00  0.4025201687E+06
  0.1755555556E+00  0.4008571112E+06
  0.1758333333E+00  0.3991940569E+06
  0.1761111111E+00  0.3975310018E+06
  0.1763888889E+00  0.3958679442E+06
  0.1766666667E+00  0.3942048900E+06
  0.1769444444E+00  0.3925418324E+06
  0.1772222222E+00  0.3908787783E+06
  0.1775000000E+00  0.3892157240E+06
  0.1777777778E+00  0.3875526665E+06
  0.1780555556E+00  0.3858896123E+06
  0.1783333333E+00  0.3842265581E+06
  0.1786111111E+00  0.3825634995E+06
  0.1788888889E+00  0.3809004453E+06
  0.1791666667E+00  0.3792373877E+06
  0.1794444444E+00  0.3775743336E+06
  0.1797222222E+00  0.3759112793E+06
  0.1800000000E+00  0.3742482218E+06
  0.1802777778E+00  0.3728206238E+06
  0.1805555556E+00  0.3713930267E+06
  0.1808333333E+00  0.3699654298E+06
  0.1811111111E+00  0.3685378317E+06
  0.1813888889E+00  0.3671102336E+06
  0.1816666667E+00  0.3656826366E+06
  0.1819444444E+00  0.3642550419E+06
  0.1822222222E+00  0.3628274449E+06
  0.1825000000E+00  0.3613998479E+06
  0.1827777778E+00  0.3599722499E+06
  0.1830555556E+00  0.3585446519E+06
  0.1833333333E+00  0.3571170548E+06
  0.1836111111E+00  0.3556894579E+06
  0.1838888889E+00  0.3542618598E+06
  0.1841666667E+00  0.3528342617E+06
  0.1844444444E+00  0.3514066647E+06
  0.1847222222E+00  0.3499790667E+06
  0.1850000000E+00  0.3485514685E+06
  0.1852777778E+00  0.3472739479E+06
  0.1855555556E+00  0.3459964263E+06
  0.1858333333E+00  0.3447189044E+06
  0.1861111111E+00  0.3434413794E+06
  0.1863888889E+00  0.3421638576E+06
  0.1866666667E+00  0.3408863359E+06
  0.1869444444E+00  0.3396088141E+06
  0.1872222222E+00  0.3383312924E+06
  0.1875000000E+00  0.3370537706E+06
  0.1877777778E+00  0.3357762489E+06
  0.1880555556E+00  0.3344987271E+06
  0.1883333333E+00  0.3332212054E+06
  0.1886111111E+00  0.3319436836E+06
  0.1888888889E+00  0.3306661619E+06
  0.1891666667E+00  0.3293886391E+06
  0.1894444444E+00  0.3281111184E+06
  0.1897222222E+00  0.3268335933E+06
  0.1900000000E+00  0.3255560715E+06
  0.1902777778E+00  0.3243720557E+06
  0.1905555556E+00  0.3231880388E+06
  0.1908333333E+00  0.3220040229E+06
  0.1911111111E+00  0.3208200059E+06
  0.1913888889E+00  0.3196359867E+06
  0.1916666667E+00  0.3184519709E+06
  0.1919444444E+00  0.3172679540E+06
  0.1922222222E+00  0.3160839381E+06
  0.1925000000E+00  0.3148999211E+06
  0.1927777778E+00  0.3137159019E+06
  0.1930555556E+00  0.3125318851E+06
  0.1933333333E+00  0.3113478682E+06
  0.1936111111E+00  0.3101638523E+06
  0.1938888889E+00  0.3089798354E+06
  0.1941666667E+00  0.3077958195E+06
  0.1944444444E+00  0.3066118003E+06
  0.1947222222E+00  0.3054277834E+06
  0.1950000000E+00  0.3042437675E+06
  0.1952777778E+00  0.3031201600E+06
  0.1955555556E+00  0.3019965568E+06
  0.1958333333E+00  0.3008729504E+06
  0.1961111111E+00  0.2997493462E+06
  0.1963888889E+00  0.2986257397E+06
  0.1966666667E+00  0.2975021367E+06
  0.1969444444E+00  0.2963785292E+06
  0.1972222222E+00  0.2952549250E+06
  0.1975000000E+00  0.2941313196E+06
  0.1977777778E+00  0.2930077154E+06
  0.1980555556E+00  0.2918841079E+06
  0.1983333333E+00  0.2907605058E+06
  0.1986111111E+00  0.2896368983E+06
  0.1988888889E+00  0.2885132942E+06
  0.1991666667E+00  0.2873896878E+06
  0.1994444444E+00  0.2862660846E+06
  0.1997222222E+00  0.2851424771E+06
  0.2000000000E+00  0.2840188729E+06
  0.2002777778E+00  0.2829403492E+06
  0.2005555556E+00  0.2818618244E+06
  0.2008333333E+00  0.2807832996E+06
  0.2011111111E+00  0.2797047782E+06
  0.2013888889E+00  0.2786262534E+06
  0.2016666667E+00  0.2775477286E+06
  0.2019444444E+00  0.2764692049E+06
  0.2022222222E+00  0.2753906791E+06
  0.2025000000E+00  0.2743121576E+06
  0.2027777778E+00  0.2732336339E+06
  0.2030555556E+00  0.2721551091E+06
  0.2033333333E+00  0.2710765833E+06
  0.2036111111E+00  0.2699980629E+06
  0.2038888889E+00  0.2689195381E+06
  0.2041666667E+00  0.2678410133E+06
  0.2044444444E+00  0.2667624875E+06
  0.2047222222E+00  0.2656839671E+06
  0.2050000000E+00  0.2646054423E+06
  0.2052777778E+00  0.2635697275E+06
  0.2055555556E+00  0.2625340160E+06
  0.2058333333E+00  0.2614983045E+06
  0.2061111111E+00  0.2604625885E+06
  0.2063888889E+00  0.2594268771E+06
  0.2066666667E+00  0.2583911622E+06
  0.2069444444E+00  0.2573554507E+06
  0.2072222222E+00  0.2563197392E+06
  0.2075000000E+00  0.2552840233E+06
  0.2077777778E+00  0.2542483118E+06
  0.2080555556E+00  0.2532125970E+06
  0.2083333333E+00  0.2521768855E+06
  0.2086111111E+00  0.2511411740E+06
  0.2088888889E+00  0.2501054580E+06
  0.2091666667E+00  0.2490697465E+06
  0.2094444444E+00  0.2480340317E+06
  0.2097222222E+00  0.2469983202E+06
  0.2100000000E+00  0.2459626087E+06
  0.2102777778E+00  0.2449756865E+06
  0.2105555556E+00  0.2439887654E+06
  0.2108333333E+00  0.2430018422E+06
  0.2111111111E+00  0.2420149211E+06
  0.2113888889E+00  0.2410279988E+06
  0.2116666667E+00  0.2400410767E+06
  0.2119444444E+00  0.2390541556E+06
  0.2122222222E+00  0.2380672334E+06
  0.2125000000E+00  0.2370803123E+06
  0.2127777778E+00  0.2360933890E+06
  0.2130555556E+00  0.2351064679E+06
  0.2133333333E+00  0.2341195457E+06
  0.2136111111E+00  0.2331326246E+06
  0.2138888889E+00  0.2321457047E+06
  0.2141666667E+00  0.2311587836E+06
  0.2144444444E+00  0.2301718614E+06
  0.2147222222E+00  0.2291849393E+06
  0.2150000000E+00  0.2281980182E+06
  0.2152777778E+00  0.2272701057E+06
  0.2155555556E+00  0.2263421934E+06
  0.2158333333E+00  0.2254142820E+06
  0.2161111111E+00  0.2244863731E+06
  0.2163888889E+00  0.2235584617E+06
  0.2166666667E+00  0.2226305494E+06
  0.2169444444E+00  0.2217026369E+06
  0.2172222222E+00  0.2207747246E+06
  0.2175000000E+00  0.2198468166E+06
  0.2177777778E+00  0.2189189043E+06
  0.2180555556E+00  0.2179909930E+06
  0.2183333333E+00  0.2170630806E+06
  0.2186111111E+00  0.2161351682E+06
  0.2188888889E+00  0.2152072592E+06
  0.2191666667E+00  0.2142793479E+06
  0.2194444444E+00  0.2133514355E+06
  0.2197222222E+00  0.2124235242E+06
  0.2200000000E+00  0.2114956152E+06
  0.2202777778E+00  0.2106383359E+06
  0.2205555556E+00  0.2097810567E+06
  0.2208333333E+00  0.2089237753E+06
  0.2211111111E+00  0.2080664994E+06
  0.2213888889E+00  0.2072092201E+06
  0.2216666667E+00  0.2063519408E+06
  0.2219444444E+00  0.2054946639E+06
  0.2222222222E+00  0.2046373846E+06
  0.2225000000E+00  0.2037801053E+06
  0.2227777778E+00  0.2029228260E+06
  0.2230555556E+00  0.2020655491E+06
  0.2233333333E+00  0.2012082699E+06
  0.2236111111E+00  0.2003509906E+06
  0.2238888889E+00  0.1994937113E+06
  0.2241666667E+00  0.1986364344E+06
  0.2244444444E+00  0.1977791551E+06
  0.2247222222E+00  0.1969218758E+06
  0.2250000000E+00  0.1960645999E+06
  0.2252777778E+00  0.1952882145E+06
  0.2255555556E+00  0.1945118345E+06
  0.2258333333E+00  0.1937354534E+06
  0.2261111111E+00  0.1929590690E+06
  0.2263888889E+00  0.1921826890E+06
  0.2266666667E+00  0.1914063079E+06
  0.2269444444E+00  0.1906299236E+06
  0.2272222222E+00  0.1898535425E+06
  0.2275000000E+00  0.1890771625E+06
  0.2277777778E+00  0.1883007781E+06
  0.2280555556E+00  0.1875243970E+06
  0.2283333333E+00  0.1867480170E+06
  0.2286111111E+00  0.1859716316E+06
  0.2288888889E+00  0.1851952516E+06
  0.2291666667E+00  0.1844188705E+06
  0.2294444444E+00  0.1836424906E+06
  0.2297222222E+00  0.1828661061E+06
  0.2300000000E+00  0.1820897252E+06
  0.2302777778E+00  0.1814018805E+06
  0.2305555556E+00  0.1807140383E+06
  0.2308333333E+00  0.1800261960E+06
  0.2311111111E+00  0.1793383504E+06
  0.2313888889E+00  0.1786505081E+06
  0.2316666667E+00  0.1779626624E+06
  0.2319444444E+00  0.1772748202E+06
  0.2322222222E+00  0.1765869745E+06
  0.2325000000E+00  0.1758991322E+06
  0.2327777778E+00  0.1752112876E+06
  0.2330555556E+00  0.1745234453E+06
  0.2333333333E+00  0.1738356030E+06
  0.2336111111E+00  0.1731477574E+06
  0.2338888889E+00  0.1724599151E+06
  0.2341666667E+00  0.1717720707E+06
  0.2344444444E+00  0.1710842284E+06
  0.2347222222E+00  0.1703963827E+06
  0.2350000000E+00  0.1697085405E+06
  0.2352777778E+00  0.1691130057E+06
  0.2355555556E+00  0.1685174654E+06
  0.2358333333E+00  0.1679219296E+06
  0.2361111111E+00  0.1673263948E+06
  0.2363888889E+00  0.1667308590E+06
  0.2366666667E+00  0.1661353242E+06
  0.2369444444E+00  0.1655397850E+06
  0.2372222222E+00  0.1649442492E+06
  0.2375000000E+00  0.1643487133E+06
  0.2377777778E+00  0.1637531775E+06
  0.2380555556E+00  0.1631576417E+06
  0.2383333333E+00  0.1625621036E+06
  0.2386111111E+00  0.1619665678E+06
  0.2388888889E+00  0.1613710320E+06
  0.2391666667E+00  0.1607754972E+06
  0.2394444444E+00  0.1601799603E+06
  0.2397222222E+00  0.1595844211E+06
  0.2400000000E+00  0.1589888863E+06
  0.2402777778E+00  0.1584853315E+06
  0.2405555556E+00  0.1579817757E+06
  0.2408333333E+00  0.1574782197E+06
  0.2411111111E+00  0.1569746649E+06
  0.2413888889E+00  0.1564711101E+06
  0.2416666667E+00  0.1559675541E+06
  0.2419444444E+00  0.1554639993E+06
  0.2422222222E+00  0.1549604435E+06
  0.2425000000E+00  0.1544568842E+06
  0.2427777778E+00  0.1539533294E+06
  0.2430555556E+00  0.1534497746E+06
  0.2433333333E+00  0.1529462186E+06
  0.2436111111E+00  0.1524426638E+06
  0.2438888889E+00  0.1519391080E+06
  0.2441666667E+00  0.1514355520E+06
  0.2444444444E+00  0.1509319972E+06
  0.2447222222E+00  0.1504284424E+06
  0.2450000000E+00  0.1499248876E+06
  0.2452777778E+00  0.1495090132E+06
  0.2455555556E+00  0.1490931409E+06
  0.2458333333E+00  0.1486772686E+06
  0.2461111111E+00  0.1482613963E+06
  0.2463888889E+00  0.1478455231E+06
  0.2466666667E+00  0.1474296497E+06
  0.2469444444E+00  0.1470137807E+06
  0.2472222222E+00  0.1465979084E+06
  0.2475000000E+00  0.1461820352E+06
  0.2477777778E+00  0.1457661629E+06
  0.2480555556E+00  0.1453502895E+06
  0.2483333333E+00  0.1449344172E+06
  0.2486111111E+00  0.1445185439E+06
  0.2488888889E+00  0.1441026716E+06
  0.2491666667E+00  0.1436868027E+06
  0.2494444444E+00  0.1432709293E+06
  0.2497222222E+00  0.1428550560E+06
  0.2500000000E+00  0.1424391837E+06
  0.2502777778E+00  0.1421031266E+06
  0.2505555556E+00  0.1417670695E+06
  0.2508333333E+00  0.1414310079E+06
  0.2511111111E+00  0.1410949508E+06
  0.2513888889E+00  0.1407588926E+06
  0.2516666667E+00  0.1404228355E+06
  0.2519444444E+00  0.1400867784E+06
  0.2522222222E+00  0.1397507168E+06
  0.2525000000E+00  0.1394146597E+06
  0.2527777778E+00  0.1390786025E+06
  0.2530555556E+00  0.1387425444E+06
  0.2533333333E+00  0.1384064873E+06
  0.2536111111E+00  0.1380704290E+06
  0.2538888889E+00  0.1377343685E+06
  0.2541666667E+00  0.1373983114E+06
  0.2544444444E+00  0.1370622543E+06
  0.2547222222E+00  0.1367261962E+06
  0.2550000000E+00  0.1363901379E+06
  0.2552777778E+00  0.1361233848E+06
  0.2555555556E+00  0.1358566305E+06
  0.2558333333E+00  0.1355898762E+06
  0.2561111111E+00  0.1353231220E+06
  0.2563888889E+00  0.1350563711E+06
  0.2566666667E+00  0.1347896168E+06
  0.2569444444E+00  0.1345228626E+06
  0.2572222222E+00  0.1342561083E+06
  0.2575000000E+00  0.1339893552E+06
  0.2577777778E+00  0.1337226009E+06
  0.2580555556E+00  0.1334558500E+06
  0.2583333333E+00  0.1331890957E+06
  0.2586111111E+00  0.1329223425E+06
  0.2588888889E+00  0.1326555882E+06
  0.2591666667E+00  0.1323888340E+06
  0.2594444444E+00  0.1321220830E+06
  0.2597222222E+00  0.1318553289E+06
  0.2600000000E+00  0.1315885753E+06
  0.2602777778E+00  0.1313786405E+06
  0.2605555556E+00  0.1311687063E+06
  0.2608333333E+00  0.1309587725E+06
  0.2611111111E+00  0.1307488383E+06
  0.2613888889E+00  0.1305389035E+06
  0.2616666667E+00  0.1303289693E+06
  0.2619444444E+00  0.1301190355E+06
  0.2622222222E+00  0.1299091016E+06
  0.2625000000E+00  0.1296991675E+06
  0.2627777778E+00  0.1294892326E+06
  0.2630555556E+00  0.1292792985E+06
  0.2633333333E+00  0.1290693646E+06
  0.2636111111E+00  0.1288594305E+06
  0.2638888889E+00  0.1286494956E+06
  0.2641666667E+00  0.1284395615E+06
  0.2644444444E+00  0.1282296276E+06
  0.2647222222E+00  0.1280196938E+06
  0.2650000000E+00  0.1278097596E+06
  0.2652777778E+00  0.1276432694E+06
  0.2655555556E+00  0.1274767776E+06
  0.2658333333E+00  0.1273102863E+06
  0.2661111111E+00  0.1271437949E+06
  0.2663888889E+00  0.1269773043E+06
  0.2666666667E+00  0.1268108129E+06
  0.2669444444E+00  0.1266443211E+06
  0.2672222222E+00  0.1264778309E+06
  0.2675000000E+00  0.1263113395E+06
  0.2677777778E+00  0.1261448478E+06
  0.2680555556E+00  0.1259783564E+06
  0.2683333333E+00  0.1258118661E+06
  0.2686111111E+00  0.1256453744E+06
  0.2688888889E+00  0.1254788830E+06
  0.2691666667E+00  0.1253123913E+06
  0.2694444444E+00  0.1251459010E+06
  0.2697222222E+00  0.1249794096E+06
  0.2700000000E+00  0.1248129179E+06
  0.2702777778E+00  0.1246764758E+06
  0.2705555556E+00  0.1245400324E+06
  0.2708333333E+00  0.1244035896E+06
  0.2711111111E+00  0.1242671468E+06
  0.2713888889E+00  0.1241307044E+06
  0.2716666667E+00  0.1239942606E+06
  0.2719444444E+00  0.1238578183E+06
  0.2722222222E+00  0.1237213755E+06
  0.2725000000E+00  0.1235849321E+06
  0.2727777778E+00  0.1234484893E+06
  0.2730555556E+00  0.1233120469E+06
  0.2733333333E+00  0.1231756041E+06
  0.2736111111E+00  0.1230391607E+06
  0.2738888889E+00  0.1229027179E+06
  0.2741666667E+00  0.1227662755E+06
  0.2744444444E+00  0.1226298327E+06
  0.2747222222E+00  0.1224933893E+06
  0.2750000000E+00  0.1223569465E+06
  0.2752777778E+00  0.1222378694E+06
  0.2755555556E+00  0.1221187919E+06
  0.2758333333E+00  0.1219997145E+06
  0.2761111111E+00  0.1218806371E+06
  0.2763888889E+00  0.1217615599E+06
  0.2766666667E+00  0.1216424836E+06
  0.2769444444E+00  0.1215234062E+06
  0.2772222222E+00  0.1214043286E+06
  0.2775000000E+00  0.1212852513E+06
  0.2777777778E+00  0.1211661742E+06
  0.2780555556E+00  0.1210470967E+06
  0.2783333333E+00  0.1209280193E+06
  0.2786111111E+00  0.1208089419E+06
  0.2788888889E+00  0.1206898648E+06
  0.2791666667E+00  0.1205707873E+06
  0.2794444444E+00  0.1204517099E+06
  0.2797222222E+00  0.1203326335E+06
  0.2800000000E+00  0.1202135560E+06
  0.2802777778E+00  0.1201006012E+06
  0.2805555556E+00  0.1199876463E+06
  0.2808333333E+00  0.1198746914E+06
  0.2811111111E+00  0.1197617376E+06
  0.2813888889E+00  0.1196487827E+06
  0.2816666667E+00  0.1195358274E+06
  0.2819444444E+00  0.1194228726E+06
  0.2822222222E+00  0.1193099187E+06
  0.2825000000E+00  0.1191969639E+06
  0.2827777778E+00  0.1190840090E+06
  0.2830555556E+00  0.1189710541E+06
  0.2833333333E+00  0.1188580999E+06
  0.2836111111E+00  0.1187451451E+06
  0.2838888889E+00  0.1186321901E+06
  0.2841666667E+00  0.1185192353E+06
  0.2844444444E+00  0.1184062814E+06
  0.2847222222E+00  0.1182933262E+06
  0.2850000000E+00  0.1181803713E+06
  0.2852777778E+00  0.1180642642E+06
  0.2855555556E+00  0.1179481567E+06
  0.2858333333E+00  0.1178320503E+06
  0.2861111111E+00  0.1177159432E+06
  0.2863888889E+00  0.1175998357E+06
  0.2866666667E+00  0.1174837283E+06
  0.2869444444E+00  0.1173676211E+06
  0.2872222222E+00  0.1172515137E+06
  0.2875000000E+00  0.1171354062E+06
  0.2877777778E+00  0.1170193001E+06
  0.2880555556E+00  0.1169031926E+06
  0.2883333333E+00  0.1167870852E+06
  0.2886111111E+00  0.1166709781E+06
  0.2888888889E+00  0.1165548706E+06
  0.2891666667E+00  0.1164387631E+06
  0.2894444444E+00  0.1163226571E+06
  0.2897222222E+00  0.1162065496E+06
  0.2900000000E+00  0.1160904421E+06
  0.2902777778E+00  0.1159640596E+06
  0.2905555556E+00  0.1158376780E+06
  0.2908333333E+00  0.1157112961E+06
  0.2911111111E+00  0.1155849134E+06
  0.2913888889E+00  0.1154585315E+06
  0.2916666667E+00  0.1153321499E+06
  0.2919444444E+00  0.1152057674E+06
  0.2922222222E+00  0.1150793854E+06
  0.2925000000E+00  0.1149530038E+06
  0.2927777778E+00  0.1148266209E+06
  0.2930555556E+00  0.1147002393E+06
  0.2933333333E+00  0.1145738567E+06
  0.2936111111E+00  0.1144474747E+06
  0.2938888889E+00  0.1143210932E+06
  0.2941666667E+00  0.1141947102E+06
  0.2944444444E+00  0.1140683287E+06
  0.2947222222E+00  0.1139419471E+06
  0.2950000000E+00  0.1138155641E+06
  0.2952777778E+00  0.1136743216E+06
  0.2955555556E+00  0.1135330792E+06
  0.2958333333E+00  0.1133918376E+06
  0.2961111111E+00  0.1132505952E+06
  0.2963888889E+00  0.1131093526E+06
  0.2966666667E+00  0.1129681101E+06
  0.2969444444E+00  0.1128268677E+06
  0.2972222222E+00  0.1126856251E+06
  0.2975000000E+00  0.1125443827E+06
  0.2977777778E+00  0.1124031401E+06
  0.2980555556E+00  0.1122618976E+06
  0.2983333333E+00  0.1121206552E+06
  0.2986111111E+00  0.1119794126E+06
  0.2988888889E+00  0.1118381702E+06
  0.2991666667E+00  0.1116969276E+06
  0.2994444444E+00  0.1115556851E+06
  0.2997222222E+00  0.1114144427E+06
  0.3000000000E+00  0.1112732001E+06
  0.3002777778E+00  0.1111148035E+06
  0.3005555556E+00  0.1109564071E+06
  0.3008333333E+00  0.1107980105E+06
  0.3011111111E+00  0.1106396137E+06
  0.3013888889E+00  0.1104812175E+06
  0.3016666667E+00  0.1103228208E+06
  0.3019444444E+00  0.1101644241E+06
  0.3022222222E+00  0.1100060275E+06
  0.3025000000E+00  0.1098476311E+06
  0.3027777778E+00  0.1096892344E+06
  0.3030555556E+00  0.1095308377E+06
  0.3033333333E+00  0.1093724411E+06
  0.3036111111E+00  0.1092140447E+06
  0.3038888889E+00  0.1090556481E+06
  0.3041666667E+00  0.1088972513E+06
  0.3044444444E+00  0.1087388550E+06
  0.3047222222E+00  0.1085804584E+06
  0.3050000000E+00  0.1084220617E+06
  0.3052777778E+00  0.1082464880E+06
  0.3055555556E+00  0.1080709140E+06
  0.3058333333E+00  0.1078953392E+06
  0.3061111111E+00  0.1077197653E+06
  0.3063888889E+00  0.1075441915E+06
  0.3066666667E+00  0.1073686165E+06
  0.3069444444E+00  0.1071930425E+06
  0.3072222222E+00  0.1070174678E+06
  0.3075000000E+00  0.1068418937E+06
  0.3077777778E+00  0.1066663200E+06
  0.3080555556E+00  0.1064907450E+06
  0.3083333333E+00  0.1063151713E+06
  0.3086111111E+00  0.1061395963E+06
  0.3088888889E+00  0.1059640226E+06
  0.3091666667E+00  0.1057884486E+06
  0.3094444444E+00  0.1056128739E+06
  0.3097222222E+00  0.1054372998E+06
  0.3100000000E+00  0.1052617251E+06
  0.3102777778E+00  0.1050709449E+06
  0.3105555556E+00  0.1048801639E+06
  0.3108333333E+00  0.1046893830E+06
  0.3111111111E+00  0.1044986018E+06
  0.3113888889E+00  0.1043078209E+06
  0.3116666667E+00  0.1041170409E+06
  0.3119444444E+00  0.1039262597E+06
  0.3122222222E+00  0.1037354788E+06
  0.3125000000E+00  0.1035446979E+06
  0.3127777778E+00  0.1033539165E+06
  0.3130555556E+00  0.1031631367E+06
  0.3133333333E+00  0.1029723558E+06
  0.3136111111E+00  0.1027815748E+06
  0.3138888889E+00  0.1025907935E+06
  0.3141666667E+00  0.1024000136E+06
  0.3144444444E+00  0.1022092327E+06
  0.3147222222E+00  0.1020184514E+06
  0.3150000000E+00  0.1018276705E+06
  0.3152777778E+00  0.1016253523E+06
  0.3155555556E+00  0.1014230339E+06
  0.3158333333E+00  0.1012207156E+06
  0.3161111111E+00  0.1010183974E+06
  0.3163888889E+00  0.1008160794E+06
  0.3166666667E+00  0.1006137601E+06
  0.3169444444E+00  0.1004114418E+06
  0.3172222222E+00  0.1002091234E+06
  0.3175000000E+00  0.1000068052E+06
  0.3177777778E+00  0.9980448686E+05
  0.3180555556E+00  0.9960216863E+05
  0.3183333333E+00  0.9939985029E+05
  0.3186111111E+00  0.9919753094E+05
  0.3188888889E+00  0.9899521305E+05
  0.3191666667E+00  0.9879289470E+05
  0.3194444444E+00  0.9859057646E+05
  0.3197222222E+00  0.9838825813E+05
  0.3200000000E+00  0.9818593978E+05
  0.3202777778E+00  0.9797690672E+05
  0.3205555556E+00  0.9776787355E+05
  0.3208333333E+00  0.9755884016E+05
  0.3211111111E+00  0.9734980697E+05
  0.3213888889E+00  0.9714077380E+05
  0.3216666667E+00  0.9693174174E+05
  0.3219444444E+00  0.9672270823E+05
  0.3222222222E+00  0.9651367517E+05
  0.3225000000E+00  0.9630464200E+05
  0.3227777778E+00  0.9609560894E+05
  0.3230555556E+00  0.9588657577E+05
  0.3233333333E+00  0.9567754225E+05
  0.3236111111E+00  0.9546850919E+05
  0.3238888889E+00  0.9525947702E+05
  0.3241666667E+00  0.9505044396E+05
  0.3244444444E+00  0.9484141078E+05
  0.3247222222E+00  0.9463237728E+05
  0.3250000000E+00  0.9442334421E+05
  0.3252777778E+00  0.9421338543E+05
  0.3255555556E+00  0.9400342766E+05
  0.3258333333E+00  0.9379346854E+05
  0.3261111111E+00  0.9358350977E+05
  0.3263888889E+00  0.9337355100E+05
  0.3266666667E+00  0.9316359288E+05
  0.3269444444E+00  0.9295363411E+05
  0.3272222222E+00  0.9274367532E+05
  0.3275000000E+00  0.9253371655E+05
  0.3277777778E+00  0.9232375843E+05
  0.3280555556E+00  0.9211379966E+05
  0.3283333333E+00  0.9190384089E+05
  0.3286111111E+00  0.9169388177E+05
  0.3288888889E+00  0.9148392400E+05
  0.3291666667E+00  0.9127396521E+05
  0.3294444444E+00  0.9106400644E+05
  0.3297222222E+00  0.9085404832E+05
  0.3300000000E+00  0.9064408944E+05
  0.3302777778E+00  0.9043926118E+05
  0.3305555556E+00  0.9023443347E+05
  0.3308333333E+00  0.9002960511E+05
  0.3311111111E+00  0.8982477741E+05
  0.3313888889E+00  0.8961995003E+05
  0.3316666667E+00  0.8941512133E+05
  0.3319444444E+00  0.8921029397E+05
  0.3322222222E+00  0.8900546559E+05
  0.3325000000E+00  0.8880063790E+05
  0.3327777778E+00  0.8859580953E+05
  0.3330555556E+00  0.8839098182E+05
  0.3333333333E+00  0.8818615345E+05
  0.3336111111E+00  0.8798132576E+05
  0.3338888889E+00  0.8777649838E+05
  0.3341666667E+00  0.8757167001E+05
  0.3344444444E+00  0.8736684231E+05
  0.3347222222E+00  0.8716201394E+05
  0.3350000000E+00  0.8695718624E+05
  0.3352777778E+00  0.8676362427E+05
  0.3355555556E+00  0.8657006229E+05
  0.3358333333E+00  0.8637650132E+05
  0.3361111111E+00  0.8618293934E+05
  0.3363888889E+00  0.8598937726E+05
  0.3366666667E+00  0.8579581528E+05
  0.3369444444E+00  0.8560225431E+05
  0.3372222222E+00  0.8540869234E+05
  0.3375000000E+00  0.8521513036E+05
  0.3377777778E+00  0.8502156839E+05
  0.3380555556E+00  0.8482800708E+05
  0.3383333333E+00  0.8463444500E+05
  0.3386111111E+00  0.8444088302E+05
  0.3388888889E+00  0.8424732105E+05
  0.3391666667E+00  0.8405376007E+05
  0.3394444444E+00  0.8386019810E+05
  0.3397222222E+00  0.8366663613E+05
  0.3400000000E+00  0.8347307415E+05
  0.3402777778E+00  0.8329650913E+05
  0.3405555556E+00  0.8311994411E+05
  0.3408333333E+00  0.8294337943E+05
  0.3411111111E+00  0.8276681442E+05
  0.3413888889E+00  0.8259024941E+05
  0.3416666667E+00  0.8241368451E+05
  0.3419444444E+00  0.8223711982E+05
  0.3422222222E+00  0.8206055481E+05
  0.3425000000E+00  0.8188398979E+05
  0.3427777778E+00  0.8170742477E+05
  0.3430555556E+00  0.8153085976E+05
  0.3433333333E+00  0.8135429518E+05
  0.3436111111E+00  0.8117773017E+05
  0.3438888889E+00  0.8100116515E+05
  0.3441666667E+00  0.8082460013E+05
  0.3444444444E+00  0.8064803545E+05
  0.3447222222E+00  0.8047147044E+05
  0.3450000000E+00  0.8029490553E+05
  0.3452777778E+00  0.8014037167E+05
  0.3455555556E+00  0.7998583892E+05
  0.3458333333E+00  0.7983130650E+05
  0.3461111111E+00  0.7967677374E+05
  0.3463888889E+00  0.7952224099E+05
  0.3466666667E+00  0.7936770712E+05
  0.3469444444E+00  0.7921317438E+05
  0.3472222222E+00  0.7905864162E+05
  0.3475000000E+00  0.7890410920E+05
  0.3477777778E+00  0.7874957634E+05
  0.3480555556E+00  0.7859504358E+05
  0.3483333333E+00  0.7844050984E+05
  0.3486111111E+00  0.7828597709E+05
  0.3488888889E+00  0.7813144433E+05
  0.3491666667E+00  0.7797691180E+05
  0.3494444444E+00  0.7782237904E+05
  0.3497222222E+00  0.7766784529E+05
  0.3500000000E+00  0.7751331254E+05
  0.3502777778E+00  0.7738488946E+05
  0.3505555556E+00  0.7725646548E+05
  0.3508333333E+00  0.7712804240E+05
  0.3511111111E+00  0.7699961843E+05
  0.3513888889E+00  0.7687119434E+05
  0.3516666667E+00  0.7674277137E+05
  0.3519444444E+00  0.7661434728E+05
  0.3522222222E+00  0.7648592431E+05
  0.3525000000E+00  0.7635750023E+05
  0.3527777778E+00  0.7622907726E+05
  0.3530555556E+00  0.7610065317E+05
  0.3533333333E+00  0.7597223020E+05
  0.3536111111E+00  0.7584380612E+05
  0.3538888889E+00  0.7571538214E+05
  0.3541666667E+00  0.7558695905E+05
  0.3544444444E+00  0.7545853509E+05
  0.3547222222E+00  0.7533011200E+05
  0.3550000000E+00  0.7520168803E+05
  0.3552777778E+00  0.7510230780E+05
  0.3555555556E+00  0.7500292756E+05
  0.3558333333E+00  0.7490354633E+05
  0.3561111111E+00  0.7480416588E+05
  0.3563888889E+00  0.7470478563E+05
  0.3566666667E+00  0.7460540541E+05
  0.3569444444E+00  0.7450602517E+05
  0.3572222222E+00  0.7440664360E+05
  0.3575000000E+00  0.7430726348E+05
  0.3577777778E+00  0.7420788325E+05
  0.3580555556E+00  0.7410850268E+05
  0.3583333333E+00  0.7400912145E+05
  0.3586111111E+00  0.7390974122E+05
  0.3588888889E+00  0.7381036109E+05
  0.3591666667E+00  0.7371098053E+05
  0.3594444444E+00  0.7361160029E+05
  0.3597222222E+00  0.7351221906E+05
  0.3600000000E+00  0.7341283883E+05
  0.3602777778E+00  0.7334415929E+05
  0.3605555556E+00  0.7327547975E+05
  0.3608333333E+00  0.7320680054E+05
  0.3611111111E+00  0.7313811989E+05
  0.3613888889E+00  0.7306944035E+05
  0.3616666667E+00  0.7300076116E+05
  0.3619444444E+00  0.7293208162E+05
  0.3622222222E+00  0.7286340197E+05
  0.3625000000E+00  0.7279472277E+05
  0.3627777778E+00  0.7272604222E+05
  0.3630555556E+00  0.7265736258E+05
  0.3633333333E+00  0.7258868338E+05
  0.3636111111E+00  0.7252000384E+05
  0.3638888889E+00  0.7245132430E+05
  0.3641666667E+00  0.7238264498E+05
  0.3644444444E+00  0.7231396444E+05
  0.3647222222E+00  0.7224528491E+05
  0.3650000000E+00  0.7217660570E+05
  0.3652777778E+00  0.7213898671E+05
  0.3655555556E+00  0.7210136871E+05
  0.3658333333E+00  0.7206374971E+05
  0.3661111111E+00  0.7202613171E+05
  0.3663888889E+00  0.7198851271E+05
  0.3666666667E+00  0.7195089371E+05
  0.3669444444E+00  0.7191327572E+05
  0.3672222222E+00  0.7187565672E+05
  0.3675000000E+00  0.7183803772E+05
  0.3677777778E+00  0.7180041972E+05
  0.3680555556E+00  0.7176280105E+05
  0.3683333333E+00  0.7172518306E+05
  0.3686111111E+00  0.7168756406E+05
  0.3688888889E+00  0.7164994506E+05
  0.3691666667E+00  0.7161232706E+05
  0.3694444444E+00  0.7157470806E+05
  0.3697222222E+00  0.7153708906E+05
  0.3700000000E+00  0.7149947107E+05
  0.3702777778E+00  0.7149195050E+05
  0.3705555556E+00  0.7148442982E+05
  0.3708333333E+00  0.7147690981E+05
  0.3711111111E+00  0.7146938913E+05
  0.3713888889E+00  0.7146186857E+05
  0.3716666667E+00  0.7145434855E+05
  0.3719444444E+00  0.7144682788E+05
  0.3722222222E+00  0.7143930719E+05
  0.3725000000E+00  0.7143178752E+05
  0.3727777778E+00  0.7142426662E+05
  0.3730555556E+00  0.7141674645E+05
  0.3733333333E+00  0.7140922607E+05
  0.3736111111E+00  0.7140170579E+05
  0.3738888889E+00  0.7139418519E+05
  0.3741666667E+00  0.7138666492E+05
  0.3744444444E+00  0.7137914453E+05
  0.3747222222E+00  0.7137162416E+05
  0.3750000000E+00  0.7136410366E+05
  0.3752777778E+00  0.7138455184E+05
  0.3755555556E+00  0.7140499980E+05
  0.3758333333E+00  0.7142544775E+05
  0.3761111111E+00  0.7144589604E+05
  0.3763888889E+00  0.7146634399E+05
  0.3766666667E+00  0.7148679195E+05
  0.3769444444E+00  0.7150724024E+05
  0.3772222222E+00  0.7152768820E+05
  0.3775000000E+00  0.7154813615E+05
  0.3777777778E+00  0.7156858444E+05
  0.3780555556E+00  0.7158903229E+05
  0.3783333333E+00  0.7160948024E+05
  0.3786111111E+00  0.7162992853E+05
  0.3788888889E+00  0.7165037648E+05
  0.3791666667E+00  0.7167082445E+05
  0.3794444444E+00  0.7169127273E+05
  0.3797222222E+00  0.7171172069E+05
  0.3800000000E+00  0.7173216864E+05
  0.3802777778E+00  0.7177731449E+05
  0.3805555556E+00  0.7182246044E+05
  0.3808333333E+00  0.7186760594E+05
  0.3811111111E+00  0.7191275178E+05
  0.3813888889E+00  0.7195789740E+05
  0.3816666667E+00  0.7200304324E+05
  0.3819444444E+00  0.7204818875E+05
  0.3822222222E+00  0.7209333470E+05
  0.3825000000E+00  0.7213848055E+05
  0.3827777778E+00  0.7218362616E+05
  0.3830555556E+00  0.7222877200E+05
  0.3833333333E+00  0.7227391751E+05
  0.3836111111E+00  0.7231906347E+05
  0.3838888889E+00  0.7236420931E+05
  0.3841666667E+00  0.7240935481E+05
  0.3844444444E+00  0.7245450076E+05
  0.3847222222E+00  0.7249964627E+05
  0.3850000000E+00  0.7254479222E+05
  0.3852777778E+00  0.7261057981E+05
  0.3855555556E+00  0.7267636783E+05
  0.3858333333E+00  0.7274215553E+05
  0.3861111111E+00  0.7280794354E+05
  0.3863888889E+00  0.7287373123E+05
  0.3866666667E+00  0.7293951926E+05
  0.3869444444E+00  0.7300530683E+05
  0.3872222222E+00  0.7307109486E+05
  0.3875000000E+00  0.7313688255E+05
  0.3877777778E+00  0.7320267047E+05
  0.3880555556E+00  0.7326845816E+05
  0.3883333333E+00  0.7333424619E+05
  0.3886111111E+00  0.7340003377E+05
  0.3888888889E+00  0.7346582180E+05
  0.3891666667E+00  0.7353160949E+05
  0.3894444444E+00  0.7359739701E+05
  0.3897222222E+00  0.7366318520E+05
  0.3900000000E+00  0.7372897273E+05
  0.3902777778E+00  0.7381055372E+05
  0.3905555556E+00  0.7389213383E+05
  0.3908333333E+00  0.7397371393E+05
  0.3911111111E+00  0.7405529494E+05
  0.3913888889E+00  0.7413687505E+05
  0.3916666667E+00  0.7421845537E+05
  0.3919444444E+00  0.7430003649E+05
  0.3922222222E+00  0.7438161649E+05
  0.3925000000E+00  0.7446319659E+05
  0.3927777778E+00  0.7454477660E+05
  0.3930555556E+00  0.7462635770E+05
  0.3933333333E+00  0.7470793781E+05
  0.3936111111E+00  0.7478951781E+05
  0.3938888889E+00  0.7487109925E+05
  0.3941666667E+00  0.7495267925E+05
  0.3944444444E+00  0.7503425936E+05
  0.3947222222E+00  0.7511584036E+05
  0.3950000000E+00  0.7519742046E+05
  0.3952777778E+00  0.7528960947E+05
  0.3955555556E+00  0.7538179993E+05
  0.3958333333E+00  0.7547398895E+05
  0.3961111111E+00  0.7556617907E+05
  0.3963888889E+00  0.7565836807E+05
  0.3966666667E+00  0.7575055808E+05
  0.3969444444E+00  0.7584274754E+05
  0.3972222222E+00  0.7593493755E+05
  0.3975000000E+00  0.7602712656E+05
  0.3977777778E+00  0.7611931669E+05
  0.3980555556E+00  0.7621150603E+05
  0.3983333333E+00  0.7630369615E+05
  0.3986111111E+00  0.7639588515E+05
  0.3988888889E+00  0.7648807517E+05
  0.3991666667E+00  0.7658026462E+05
  0.3994444444E+00  0.7667245464E+05
  0.3997222222E+00  0.7676464365E+05
  0.4000000000E+00  0.7685683377E+05
  0.4002777778E+00  0.7695421690E+05
  0.4005555556E+00  0.7705160069E+05
  0.4008333333E+00  0.7714898449E+05
  0.4011111111E+00  0.7724636740E+05
  0.4013888889E+00  0.7734375120E+05
  0.4016666667E+00  0.7744113399E+05
  0.4019444444E+00  0.7753851813E+05
  0.4022222222E+00  0.7763590092E+05
  0.4025000000E+00  0.7773328483E+05
  0.4027777778E+00  0.7783066763E+05
  0.4030555556E+00  0.7792805142E+05
  0.4033333333E+00  0.7802543422E+05
  0.4036111111E+00  0.7812281835E+05
  0.4038888889E+00  0.7822020115E+05
  0.4041666667E+00  0.7831758506E+05
  0.4044444444E+00  0.7841496785E+05
  0.4047222222E+00  0.7851235165E+05
  0.4050000000E+00  0.7860973478E+05
  0.4052777778E+00  0.7870698509E+05
  0.4055555556E+00  0.7880423474E+05
  0.4058333333E+00  0.7890148438E+05
  0.4061111111E+00  0.7899873503E+05
  0.4063888889E+00  0.7909598467E+05
  0.4066666667E+00  0.7919323432E+05
  0.4069444444E+00  0.7929048363E+05
  0.4072222222E+00  0.7938773428E+05
  0.4075000000E+00  0.7948498392E+05
  0.4077777778E+00  0.7958223357E+05
  0.4080555556E+00  0.7967948421E+05
  0.4083333333E+00  0.7977673386E+05
  0.4086111111E+00  0.7987398317E+05
  0.4088888889E+00  0.7997123382E+05
  0.4091666667E+00  0.8006848345E+05
  0.4094444444E+00  0.8016573311E+05
  0.4097222222E+00  0.8026298363E+05
  0.4100000000E+00  0.8036023329E+05
  0.4102777778E+00  0.8045233654E+05
  0.4105555556E+00  0.8054443969E+05
  0.4108333333E+00  0.8063654283E+05
  0.4111111111E+00  0.8072864609E+05
  0.4113888889E+00  0.8082074924E+05
  0.4116666667E+00  0.8091285237E+05
  0.4119444444E+00  0.8100495563E+05
  0.4122222222E+00  0.8109705877E+05
  0.4125000000E+00  0.8118916092E+05
  0.4127777778E+00  0.8128126417E+05
  0.4130555556E+00  0.8137336732E+05
  0.4133333333E+00  0.8146547046E+05
  0.4136111111E+00  0.8155757372E+05
  0.4138888889E+00  0.8164967687E+05
  0.4141666667E+00  0.8174178034E+05
  0.4144444444E+00  0.8183388360E+05
  0.4147222222E+00  0.8192598674E+05
  0.4150000000E+00  0.8201808989E+05
  0.4152777778E+00  0.8210052476E+05
  0.4155555556E+00  0.8218295984E+05
  0.4158333333E+00  0.8226539471E+05
  0.4161111111E+00  0.8234782981E+05
  0.4163888889E+00  0.8243026568E+05
  0.4166666667E+00  0.8251270044E+05
  0.4169444444E+00  0.8259513564E+05
  0.4172222222E+00  0.8267757039E+05
  0.4175000000E+00  0.8276000560E+05
  0.4177777778E+00  0.8284244135E+05
  0.4180555556E+00  0.8292487656E+05
  0.4183333333E+00  0.8300731132E+05
  0.4186111111E+00  0.8308974618E+05
  0.4188888889E+00  0.8317218127E+05
  0.4191666667E+00  0.8325461614E+05
  0.4194444444E+00  0.8333705223E+05
  0.4197222222E+00  0.8341948711E+05
  0.4200000000E+00  0.8350192219E+05
  0.4202777778E+00  0.8357088627E+05
  0.4205555556E+00  0.8363985013E+05
  0.4208333333E+00  0.8370881321E+05
  0.4211111111E+00  0.8377777730E+05
  0.4213888889E+00  0.8384674138E+05
  0.4216666667E+00  0.8391570546E+05
  0.4219444444E+00  0.8398466954E+05
  0.4222222222E+00  0.8405363329E+05
  0.4225000000E+00  0.8412259649E+05
  0.4227777778E+00  0.8419156057E+05
  0.4230555556E+00  0.8426052465E+05
  0.4233333333E+00  0.8432948873E+05
  0.4236111111E+00  0.8439845282E+05
  0.4238888889E+00  0.8446741657E+05
  0.4241666667E+00  0.8453637965E+05
  0.4244444444E+00  0.8460534384E+05
  0.4247222222E+00  0.8467430793E+05
  0.4250000000E+00  0.8474327201E+05
  0.4252777778E+00  0.8479578761E+05
  0.4255555556E+00  0.8484830411E+05
  0.4258333333E+00  0.8490081971E+05
  0.4261111111E+00  0.8495333632E+05
  0.4263888889E+00  0.8500585192E+05
  0.4266666667E+00  0.8505836753E+05
  0.4269444444E+00  0.8511088402E+05
  0.4272222222E+00  0.8516339962E+05
  0.4275000000E+00  0.8521591623E+05
  0.4277777778E+00  0.8526843183E+05
  0.4280555556E+00  0.8532094844E+05
  0.4283333333E+00  0.8537346393E+05
  0.4286111111E+00  0.8542597954E+05
  0.4288888889E+00  0.8547849613E+05
  0.4291666667E+00  0.8553101174E+05
  0.4294444444E+00  0.8558352834E+05
  0.4297222222E+00  0.8563604394E+05
  0.4300000000E+00  0.8568855944E+05
  0.4302777778E+00  0.8572258095E+05
  0.4305555556E+00  0.8575660146E+05
  0.4308333333E+00  0.8579062297E+05
  0.4311111111E+00  0.8582464347E+05
  0.4313888889E+00  0.8585866499E+05
  0.4316666667E+00  0.8589268649E+05
  0.4319444444E+00  0.8592670689E+05
  0.4322222222E+00  0.8596072806E+05
  0.4325000000E+00  0.8599474857E+05
  0.4327777778E+00  0.8602877008E+05
  0.4330555556E+00  0.8606279060E+05
  0.4333333333E+00  0.8609681210E+05
  0.4336111111E+00  0.8613083261E+05
  0.4338888889E+00  0.8616485400E+05
  0.4341666667E+00  0.8619887418E+05
  0.4344444444E+00  0.8623289569E+05
  0.4347222222E+00  0.8626691619E+05
  0.4350000000E+00  0.8630093770E+05
  0.4352777778E+00  0.8631538612E+05
  0.4355555556E+00  0.8632983487E+05
  0.4358333333E+00  0.8634428429E+05
  0.4361111111E+00  0.8635873303E+05
  0.4363888889E+00  0.8637318156E+05
  0.4366666667E+00  0.8638763031E+05
  0.4369444444E+00  0.8640207973E+05
  0.4372222222E+00  0.8641652814E+05
  0.4375000000E+00  0.8643097688E+05
  0.4377777778E+00  0.8644542530E+05
  0.4380555556E+00  0.8645987505E+05
  0.4383333333E+00  0.8647432346E+05
  0.4386111111E+00  0.8648877188E+05
  0.4388888889E+00  0.8650322074E+05
  0.4391666667E+00  0.8651767016E+05
  0.4394444444E+00  0.8653211891E+05
  0.4397222222E+00  0.8654656732E+05
  0.4400000000E+00  0.8656101707E+05
  0.4402777778E+00  0.8655580696E+05
  0.4405555556E+00  0.8655059707E+05
  0.4408333333E+00  0.8654538696E+05
  0.4411111111E+00  0.8654017685E+05
  0.4413888889E+00  0.8653496696E+05
  0.4416666667E+00  0.8652975685E+05
  0.4419444444E+00  0.8652454707E+05
  0.4422222222E+00  0.8651933686E+05
  0.4425000000E+00  0.8651412708E+05
  0.4427777778E+00  0.8650891697E+05
  0.4430555556E+00  0.8650370708E+05
  0.4433333333E+00  0.8649849697E+05
  0.4436111111E+00  0.8649328819E+05
  0.4438888889E+00  0.8648807797E+05
  0.4441666667E+00  0.8648286819E+05
  0.4444444444E+00  0.8647765807E+05
  0.4447222222E+00  0.8647244819E+05
  0.4450000000E+00  0.8646723807E+05
  0.4452777778E+00  0.8644315740E+05
  0.4455555556E+00  0.8641907540E+05
  0.4458333333E+00  0.8639499429E+05
  0.4461111111E+00  0.8637091229E+05
  0.4463888889E+00  0.8634683128E+05
  0.4466666667E+00  0.8632274949E+05
  0.4469444444E+00  0.8629866849E+05
  0.4472222222E+00  0.8627458749E+05
  0.4475000000E+00  0.8625050548E+05
  0.4477777778E+00  0.8622642469E+05
  0.4480555556E+00  0.8620234269E+05
  0.4483333333E+00  0.8617826168E+05
  0.4486111111E+00  0.8615418058E+05
  0.4488888889E+00  0.8613009891E+05
  0.4491666667E+00  0.8610601790E+05
  0.4494444444E+00  0.8608193590E+05
  0.4497222222E+00  0.8605785478E+05
  0.4500000000E+00  0.8603377411E+05
  0.4502777778E+00  0.8599245211E+05
  0.4505555556E+00  0.8595113133E+05
  0.4508333333E+00  0.8590980933E+05
  0.4511111111E+00  0.8586848856E+05
  0.4513888889E+00  0.8582716655E+05
  0.4516666667E+00  0.8578584589E+05
  0.4519444444E+00  0.8574452378E+05
  0.4522222222E+00  0.8570320311E+05
  0.4525000000E+00  0.8566188211E+05
  0.4527777778E+00  0.8562056033E+05
  0.4530555556E+00  0.8557923934E+05
  0.4533333333E+00  0.8553791755E+05
  0.4536111111E+00  0.8549659656E+05
  0.4538888889E+00  0.8545527489E+05
  0.4541666667E+00  0.8541395378E+05
  0.4544444444E+00  0.8537263211E+05
  0.4547222222E+00  0.8533131101E+05
  0.4550000000E+00  0.8528999033E+05
  0.4552777778E+00  0.8523377421E+05
  0.4555555556E+00  0.8517755896E+05
  0.4558333333E+00  0.8512134415E+05
  0.4561111111E+00  0.8506512791E+05
  0.4563888889E+00  0.8500891278E+05
  0.4566666667E+00  0.8495269687E+05
  0.4569444444E+00  0.8489648173E+05
  0.4572222222E+00  0.8484026660E+05
  0.4575000000E+00  0.8478405036E+05
  0.4577777778E+00  0.8472783556E+05
  0.4580555556E+00  0.8467162031E+05
  0.4583333333E+00  0.8461540418E+05
  0.4586111111E+00  0.8455918926E+05
  0.4588888889E+00  0.8450297414E+05
  0.4591666667E+00  0.8444675800E+05
  0.4594444444E+00  0.8439054275E+05
  0.4597222222E+00  0.8433432796E+05
  0.4600000000E+00  0.8427811171E+05
  0.4602777778E+00  0.8420987445E+05
  0.4605555556E+00  0.8414163584E+05
  0.4608333333E+00  0.8407339758E+05
  0.4611111111E+00  0.8400516030E+05
  0.4613888889E+00  0.8393692171E+05
  0.4616666667E+00  0.8386868344E+05
  0.4619444444E+00  0.8380044617E+05
  0.4622222222E+00  0.8373220758E+05
  0.4625000000E+00  0.8366396919E+05
  0.4627777778E+00  0.8359573193E+05
  0.4630555556E+00  0.8352749333E+05
  0.4633333333E+00  0.8345925506E+05
  0.4636111111E+00  0.8339101779E+05
  0.4638888889E+00  0.8332277918E+05
  0.4641666667E+00  0.8325454192E+05
  0.4644444444E+00  0.8318630365E+05
  0.4647222222E+00  0.8311806505E+05
  0.4650000000E+00  0.8304982779E+05
  0.4652777778E+00  0.8297280596E+05
  0.4655555556E+00  0.8289578414E+05
  0.4658333333E+00  0.8281876264E+05
  0.4661111111E+00  0.8274174093E+05
  0.4663888889E+00  0.8266471909E+05
  0.4666666667E+00  0.8258769727E+05
  0.4669444444E+00  0.8251067589E+05
  0.4672222222E+00  0.8243365406E+05
  0.4675000000E+00  0.8235663223E+05
  0.4677777778E+00  0.8227961152E+05
  0.4680555556E+00  0.8220259003E+05
  0.4683333333E+00  0.8212556820E+05
  0.4686111111E+00  0.8204854638E+05
  0.4688888889E+00  0.8197152466E+05
  0.4691666667E+00  0.8189450317E+05
  0.4694444444E+00  0.8181748134E+05
  0.4697222222E+00  0.8174045963E+05
  0.4700000000E+00  0.8166343779E+05
  0.4702777778E+00  0.8158106295E+05
  0.4705555556E+00  0.8149868797E+05
  0.4708333333E+00  0.8141631312E+05
  0.4711111111E+00  0.8133393826E+05
  0.4713888889E+00  0.8125156296E+05
  0.4716666667E+00  0.8116918710E+05
  0.4719444444E+00  0.8108681225E+05
  0.4722222222E+00  0.8100443728E+05
  0.4725000000E+00  0.8092206242E+05
  0.4727777778E+00  0.8083968724E+05
  0.4730555556E+00  0.8075731237E+05
  0.4733333333E+00  0.8067493741E+05
  0.4736111111E+00  0.8059256155E+05
  0.4738888889E+00  0.8051018670E+05
  0.4741666667E+00  0.8042781172E+05
  0.4744444444E+00  0.8034543654E+05
  0.4747222222E+00  0.8026306168E+05
  0.4750000000E+00  0.8018068672E+05
  0.4752777778E+00  0.8009639690E+05
  0.4755555556E+00  0.8001210727E+05
  0.4758333333E+00  0.7992781765E+05
  0.4761111111E+00  0.7984352759E+05
  0.4763888889E+00  0.7975923808E+05
  0.4766666667E+00  0.7967494845E+05
  0.4769444444E+00  0.7959065883E+05
  0.4772222222E+00  0.7950636920E+05
  0.4775000000E+00  0.7942207969E+05
  0.4777777778E+00  0.7933778997E+05
  0.4780555556E+00  0.7925350000E+05
  0.4783333333E+00  0.7916921038E+05
  0.4786111111E+00  0.7908492075E+05
  0.4788888889E+00  0.7900063124E+05
  0.4791666667E+00  0.7891634152E+05
  0.4794444444E+00  0.7883205190E+05
  0.4797222222E+00  0.7874776227E+05
  0.4800000000E+00  0.7866347243E+05
  0.4802777778E+00  0.7858052560E+05
  0.4805555556E+00  0.7849757844E+05
  0.4808333333E+00  0.7841463163E+05
  0.4811111111E+00  0.7833168447E+05
  0.4813888889E+00  0.7824873764E+05
  0.4816666667E+00  0.7816579060E+05
  0.4819444444E+00  0.7808284377E+05
  0.4822222222E+00  0.7799989652E+05
  0.4825000000E+00  0.7791694970E+05
  0.4827777778E+00  0.7783400265E+05
  0.4830555556E+00  0.7775105582E+05
  0.4833333333E+00  0.7766810866E+05
  0.4836111111E+00  0.7758516195E+05
  0.4838888889E+00  0.7750221469E+05
  0.4841666667E+00  0.7741926753E+05
  0.4844444444E+00  0.7733632083E+05
  0.4847222222E+00  0.7725337367E+05
  0.4850000000E+00  0.7717042684E+05
  0.4852777778E+00  0.7709178335E+05
  0.4855555556E+00  0.7701314027E+05
  0.4858333333E+00  0.7693449667E+05
  0.4861111111E+00  0.7685585351E+05
  0.4863888889E+00  0.7677721011E+05
  0.4866666667E+00  0.7669856683E+05
  0.4869444444E+00  0.7661992343E+05
  0.4872222222E+00  0.7654128027E+05
  0.4875000000E+00  0.7646263687E+05
  0.4877777778E+00  0.7638399359E+05
  0.4880555556E+00  0.7630535019E+05
  0.4883333333E+00  0.7622670703E+05
  0.4886111111E+00  0.7614806353E+05
  0.4888888889E+00  0.7606942035E+05
  0.4891666667E+00  0.7599077696E+05
  0.4894444444E+00  0.7591213379E+05
  0.4897222222E+00  0.7583349029E+05
  0.4900000000E+00  0.7575484711E+05
  0.4902777778E+00  0.7568302255E+05
  0.4905555556E+00  0.7561119811E+05
  0.4908333333E+00  0.7553937388E+05
  0.4911111111E+00  0.7546754932E+05
  0.4913888889E+00  0.7539572488E+05
  0.4916666667E+00  0.7532390065E+05
  0.4919444444E+00  0.7525207632E+05
  0.4922222222E+00  0.7518025176E+05
  0.4925000000E+00  0.7510842742E+05
  0.4927777778E+00  0.7503660309E+05
  0.4930555556E+00  0.7496477853E+05
  0.4933333333E+00  0.7489295419E+05
  0.4936111111E+00  0.7482112986E+05
  0.4938888889E+00  0.7474930563E+05
  0.4941666667E+00  0.7467748097E+05
  0.4944444444E+00  0.7460565662E+05
  0.4947222222E+00  0.7453383239E+05
  0.4950000000E+00  0.7446200806E+05
