  0.1027777778E-01  0.2225031375E+08
  0.1055555556E-01  0.2222823221E+08
  0.1083333333E-01  0.2220615092E+08
  0.1111111111E-01  0.2218406928E+08
  0.1138888889E-01  0.2216198776E+08
  0.1166666667E-01  0.2213990646E+08
  0.1194444444E-01  0.2211782483E+08
  0.1222222222E-01  0.2209574352E+08
  0.1250000000E-01  0.2207366189E+08
  0.1277777778E-01  0.2205158070E+08
  0.1305555556E-01  0.2202949907E+08
  0.1333333333E-01  0.2200741743E+08
  0.1361111111E-01  0.2198533624E+08
  0.1388888889E-01  0.2196325460E+08
  0.1416666667E-01  0.2194117342E+08
  0.1444444444E-01  0.2191909178E+08
  0.1472222222E-01  0.2189701049E+08
  0.1500000000E-01  0.2187492884E+08
  0.1527777778E-01  0.2184463751E+08
  0.1555555556E-01  0.2181434583E+08
  0.1583333333E-01  0.2178405448E+08
  0.1611111111E-01  0.2175376314E+08
  0.1638888889E-01  0.2172347169E+08
  0.1666666667E-01  0.2169318000E+08
  0.1694444444E-01  0.2166288867E+08
  0.1722222222E-01  0.2163259733E+08
  0.1750000000E-01  0.2160230597E+08
  0.1777777778E-01  0.2157201430E+08
  0.1805555556E-01  0.2154172285E+08
  0.1833333333E-01  0.2151143150E+08
  0.1861111111E-01  0.2148114016E+08
  0.1888888889E-01  0.2145084849E+08
  0.1916666667E-01  0.2142055713E+08
  0.1944444444E-01  0.2139026579E+08
  0.1972222222E-01  0.2135997434E+08
  0.2000000000E-01  0.2132968267E+08
  0.2027777778E-01  0.2129176302E+08
  0.2055555556E-01  0.2125384337E+08
  0.2083333333E-01  0.2121592318E+08
  0.2111111111E-01  0.2117800353E+08
  0.2138888889E-01  0.2114008389E+08
  0.2166666667E-01  0.2110216391E+08
  0.2194444444E-01  0.2106424415E+08
  0.2222222222E-01  0.2102632418E+08
  0.2250000000E-01  0.2098840442E+08
  0.2277777778E-01  0.2095048467E+08
  0.2305555556E-01  0.2091256469E+08
  0.2333333333E-01  0.2087464504E+08
  0.2361111111E-01  0.2083672540E+08
  0.2388888889E-01  0.2079880531E+08
  0.2416666667E-01  0.2076088566E+08
  0.2444444444E-01  0.2072296592E+08
  0.2472222222E-01  0.2068504594E+08
  0.2500000000E-01  0.2064712618E+08
  0.2527777778E-01  0.2060230880E+08
  0.2555555556E-01  0.2055749173E+08
  0.2583333333E-01  0.2051267434E+08
  0.2611111111E-01  0.2046785684E+08
  0.2638888889E-01  0.2042303989E+08
  0.2666666667E-01  0.2037822239E+08
  0.2694444444E-01  0.2033340501E+08
  0.2722222222E-01  0.2028858784E+08
  0.2750000000E-01  0.2024377044E+08
  0.2777777778E-01  0.2019895338E+08
  0.2805555556E-01  0.2015413589E+08
  0.2833333333E-01  0.2010931850E+08
  0.2861111111E-01  0.2006450144E+08
  0.2888888889E-01  0.2001968406E+08
  0.2916666667E-01  0.1997486655E+08
  0.2944444444E-01  0.1993004961E+08
  0.2972222222E-01  0.1988523210E+08
  0.3000000000E-01  0.1984041472E+08
  0.3027777778E-01  0.1978955476E+08
  0.3055555556E-01  0.1973869460E+08
  0.3083333333E-01  0.1968783465E+08
  0.3111111111E-01  0.1963697460E+08
  0.3138888889E-01  0.1958611465E+08
  0.3166666667E-01  0.1953525427E+08
  0.3194444444E-01  0.1948439421E+08
  0.3222222222E-01  0.1943353415E+08
  0.3250000000E-01  0.1938267420E+08
  0.3277777778E-01  0.1933181415E+08
  0.3305555556E-01  0.1928095420E+08
  0.3333333333E-01  0.1923009425E+08
  0.3361111111E-01  0.1917923376E+08
  0.3388888889E-01  0.1912837380E+08
  0.3416666667E-01  0.1907751375E+08
  0.3444444444E-01  0.1902665380E+08
  0.3472222222E-01  0.1897579376E+08
  0.3500000000E-01  0.1892493380E+08
  0.3527777778E-01  0.1886895866E+08
  0.3555555556E-01  0.1881298407E+08
  0.3583333333E-01  0.1875700937E+08
  0.3611111111E-01  0.1870103456E+08
  0.3638888889E-01  0.1864505963E+08
  0.3666666667E-01  0.1858908494E+08
  0.3694444444E-01  0.1853311034E+08
  0.3722222222E-01  0.1847713554E+08
  0.3750000000E-01  0.1842116051E+08
  0.3777777778E-01  0.1836518591E+08
  0.3805555556E-01  0.1830921110E+08
  0.3833333333E-01  0.1825323650E+08
  0.3861111111E-01  0.1819726147E+08
  0.3888888889E-01  0.1814128678E+08
  0.3916666667E-01  0.1808531207E+08
  0.3944444444E-01  0.1802933738E+08
  0.3972222222E-01  0.1797336245E+08
  0.4000000000E-01  0.1791738763E+08
  0.4027777778E-01  0.1785730497E+08
  0.4055555556E-01  0.1779722197E+08
  0.4083333333E-01  0.1773713919E+08
  0.4111111111E-01  0.1767705653E+08
  0.4138888889E-01  0.1761697352E+08
  0.4166666667E-01  0.1755689086E+08
  0.4194444444E-01  0.1749680785E+08
  0.4222222222E-01  0.1743672508E+08
  0.4250000000E-01  0.1737664208E+08
  0.4277777778E-01  0.1731655930E+08
  0.4305555556E-01  0.1725647662E+08
  0.4333333333E-01  0.1719639362E+08
  0.4361111111E-01  0.1713631085E+08
  0.4388888889E-01  0.1707622785E+08
  0.4416666667E-01  0.1701614518E+08
  0.4444444444E-01  0.1695606251E+08
  0.4472222222E-01  0.1689597950E+08
  0.4500000000E-01  0.1683589674E+08
  0.4527777778E-01  0.1677274470E+08
  0.4555555556E-01  0.1670959302E+08
  0.4583333333E-01  0.1664644131E+08
  0.4611111111E-01  0.1658328962E+08
  0.4638888889E-01  0.1652013783E+08
  0.4666666667E-01  0.1645698579E+08
  0.4694444444E-01  0.1639383411E+08
  0.4722222222E-01  0.1633068241E+08
  0.4750000000E-01  0.1626753072E+08
  0.4777777778E-01  0.1620437868E+08
  0.4805555556E-01  0.1614122700E+08
  0.4833333333E-01  0.1607807520E+08
  0.4861111111E-01  0.1601492361E+08
  0.4888888889E-01  0.1595177148E+08
  0.4916666667E-01  0.1588861989E+08
  0.4944444444E-01  0.1582546809E+08
  0.4972222222E-01  0.1576231650E+08
  0.5000000000E-01  0.1569916436E+08
  0.5027777778E-01  0.1563399116E+08
  0.5055555556E-01  0.1556881761E+08
  0.5083333333E-01  0.1550364396E+08
  0.5111111111E-01  0.1543847051E+08
  0.5138888889E-01  0.1537329686E+08
  0.5166666667E-01  0.1530812332E+08
  0.5194444444E-01  0.1524295010E+08
  0.5222222222E-01  0.1517777645E+08
  0.5250000000E-01  0.1511260301E+08
  0.5277777778E-01  0.1504742936E+08
  0.5305555556E-01  0.1498225580E+08
  0.5333333333E-01  0.1491708226E+08
  0.5361111111E-01  0.1485190894E+08
  0.5388888889E-01  0.1478673539E+08
  0.5416666667E-01  0.1472156185E+08
  0.5444444444E-01  0.1465638830E+08
  0.5472222222E-01  0.1459121476E+08
  0.5500000000E-01  0.1452604120E+08
  0.5527777778E-01  0.1445987285E+08
  0.5555555556E-01  0.1439370426E+08
  0.5583333333E-01  0.1432753568E+08
  0.5611111111E-01  0.1426136720E+08
  0.5638888889E-01  0.1419519861E+08
  0.5666666667E-01  0.1412903036E+08
  0.5694444444E-01  0.1406286167E+08
  0.5722222222E-01  0.1399669308E+08
  0.5750000000E-01  0.1393052449E+08
  0.5777777778E-01  0.1386435602E+08
  0.5805555556E-01  0.1379818777E+08
  0.5833333333E-01  0.1373201918E+08
  0.5861111111E-01  0.1366585049E+08
  0.5888888889E-01  0.1359968190E+08
  0.5916666667E-01  0.1353351331E+08
  0.5944444444E-01  0.1346734506E+08
  0.5972222222E-01  0.1340117658E+08
  0.6000000000E-01  0.1333500800E+08
  0.6027777778E-01  0.1326883254E+08
  0.6055555556E-01  0.1320265687E+08
  0.6083333333E-01  0.1313648152E+08
  0.6111111111E-01  0.1307030573E+08
  0.6138888889E-01  0.1300413049E+08
  0.6166666667E-01  0.1293795470E+08
  0.6194444444E-01  0.1287177937E+08
  0.6222222222E-01  0.1280560368E+08
  0.6250000000E-01  0.1273942834E+08
  0.6277777778E-01  0.1267325266E+08
  0.6305555556E-01  0.1260707720E+08
  0.6333333333E-01  0.1254090163E+08
  0.6361111111E-01  0.1247472618E+08
  0.6388888889E-01  0.1240855051E+08
  0.6416666667E-01  0.1234237515E+08
  0.6444444444E-01  0.1227619948E+08
  0.6472222222E-01  0.1221002409E+08
  0.6500000000E-01  0.1214384851E+08
  0.6527777778E-01  0.1207858432E+08
  0.6555555556E-01  0.1201332013E+08
  0.6583333333E-01  0.1194805583E+08
  0.6611111111E-01  0.1188279164E+08
  0.6638888889E-01  0.1181752737E+08
  0.6666666667E-01  0.1175226318E+08
  0.6694444444E-01  0.1168699889E+08
  0.6722222222E-01  0.1162173469E+08
  0.6750000000E-01  0.1155647039E+08
  0.6777777778E-01  0.1149120620E+08
  0.6805555556E-01  0.1142594204E+08
  0.6833333333E-01  0.1136067775E+08
  0.6861111111E-01  0.1129541344E+08
  0.6888888889E-01  0.1123014925E+08
  0.6916666667E-01  0.1116488506E+08
  0.6944444444E-01  0.1109962077E+08
  0.6972222222E-01  0.1103435650E+08
  0.7000000000E-01  0.1096909230E+08
  0.7027777778E-01  0.1090557494E+08
  0.7055555556E-01  0.1084205762E+08
  0.7083333333E-01  0.1077854026E+08
  0.7111111111E-01  0.1071502293E+08
  0.7138888889E-01  0.1065150546E+08
  0.7166666667E-01  0.1058798813E+08
  0.7194444444E-01  0.1052447077E+08
  0.7222222222E-01  0.1046095344E+08
  0.7250000000E-01  0.1039743608E+08
  0.7277777778E-01  0.1033391866E+08
  0.7305555556E-01  0.1027040131E+08
  0.7333333333E-01  0.1020688392E+08
  0.7361111111E-01  0.1014336669E+08
  0.7388888889E-01  0.1007984930E+08
  0.7416666667E-01  0.1001633195E+08
  0.7444444444E-01  0.9952814569E+07
  0.7472222222E-01  0.9889297220E+07
  0.7500000000E-01  0.9825779836E+07
  0.7527777778E-01  0.9764741156E+07
  0.7555555556E-01  0.9703702473E+07
  0.7583333333E-01  0.9642663756E+07
  0.7611111111E-01  0.9581625084E+07
  0.7638888889E-01  0.9520586366E+07
  0.7666666667E-01  0.9459547684E+07
  0.7694444444E-01  0.9398509003E+07
  0.7722222222E-01  0.9337470187E+07
  0.7750000000E-01  0.9276431503E+07
  0.7777777778E-01  0.9215392820E+07
  0.7805555556E-01  0.9154354103E+07
  0.7833333333E-01  0.9093315420E+07
  0.7861111111E-01  0.9032276737E+07
  0.7888888889E-01  0.8971238020E+07
  0.7916666667E-01  0.8910199338E+07
  0.7944444444E-01  0.8849160655E+07
  0.7972222222E-01  0.8788121939E+07
  0.8000000000E-01  0.8727083255E+07
  0.8027777778E-01  0.8669146523E+07
  0.8055555556E-01  0.8611209922E+07
  0.8083333333E-01  0.8553273222E+07
  0.8111111111E-01  0.8495336489E+07
  0.8138888889E-01  0.8437399900E+07
  0.8166666667E-01  0.8379463200E+07
  0.8194444444E-01  0.8321526467E+07
  0.8222222222E-01  0.8263589767E+07
  0.8250000000E-01  0.8205653134E+07
  0.8277777778E-01  0.8147716433E+07
  0.8305555556E-01  0.8089779733E+07
  0.8333333333E-01  0.8031843112E+07
  0.8361111111E-01  0.7973906411E+07
  0.8388888889E-01  0.7915969678E+07
  0.8416666667E-01  0.7858032979E+07
  0.8444444444E-01  0.7800096378E+07
  0.8472222222E-01  0.7742159645E+07
  0.8500000000E-01  0.7684222955E+07
  0.8527777778E-01  0.7629889742E+07
  0.8555555556E-01  0.7575556507E+07
  0.8583333333E-01  0.7521223305E+07
  0.8611111111E-01  0.7466890092E+07
  0.8638888889E-01  0.7412556890E+07
  0.8666666667E-01  0.7358223787E+07
  0.8694444444E-01  0.7303890552E+07
  0.8722222222E-01  0.7249557339E+07
  0.8750000000E-01  0.7195224136E+07
  0.8777777778E-01  0.7140890934E+07
  0.8805555556E-01  0.7086557721E+07
  0.8833333333E-01  0.7032224485E+07
  0.8861111111E-01  0.6977891283E+07
  0.8888888889E-01  0.6923558081E+07
  0.8916666667E-01  0.6869224868E+07
  0.8944444444E-01  0.6814891666E+07
  0.8972222222E-01  0.6760558430E+07
  0.9000000000E-01  0.6706225228E+07
  0.9027777778E-01  0.6655876820E+07
  0.9055555556E-01  0.6605528314E+07
  0.9083333333E-01  0.6555179816E+07
  0.9111111111E-01  0.6504831410E+07
  0.9138888889E-01  0.6454482879E+07
  0.9166666667E-01  0.6404134472E+07
  0.9194444444E-01  0.6353785975E+07
  0.9222222222E-01  0.6303437468E+07
  0.9250000000E-01  0.6253089060E+07
  0.9277777778E-01  0.6202740564E+07
  0.9305555556E-01  0.6152392156E+07
  0.9333333333E-01  0.6102043627E+07
  0.9361111111E-01  0.6051695119E+07
  0.9388888889E-01  0.6001346723E+07
  0.9416666667E-01  0.5950998215E+07
  0.9444444444E-01  0.5900649808E+07
  0.9472222222E-01  0.5850301312E+07
  0.9500000000E-01  0.5799952871E+07
  0.9527777778E-01  0.5753850052E+07
  0.9555555556E-01  0.5707747287E+07
  0.9583333333E-01  0.5661644434E+07
  0.9611111111E-01  0.5615541670E+07
  0.9638888889E-01  0.5569438806E+07
  0.9666666667E-01  0.5523336054E+07
  0.9694444444E-01  0.5477233189E+07
  0.9722222222E-01  0.5431130436E+07
  0.9750000000E-01  0.5385027571E+07
  0.9777777778E-01  0.5338924819E+07
  0.9805555556E-01  0.5292822088E+07
  0.9833333333E-01  0.5246719245E+07
  0.9861111111E-01  0.5200616441E+07
  0.9888888889E-01  0.5154513638E+07
  0.9916666667E-01  0.5108410834E+07
  0.9944444444E-01  0.5062308029E+07
  0.9972222222E-01  0.5016205227E+07
  0.1000000000E+00  0.4970102423E+07
  0.1002777778E+00  0.4928387447E+07
  0.1005555556E+00  0.4886672481E+07
  0.1008333333E+00  0.4844957526E+07
  0.1011111111E+00  0.4803242559E+07
  0.1013888889E+00  0.4761527583E+07
  0.1016666667E+00  0.4719812617E+07
  0.1019444444E+00  0.4678097651E+07
  0.1022222222E+00  0.4636382651E+07
  0.1025000000E+00  0.4594667675E+07
  0.1027777778E+00  0.4552952709E+07
  0.1030555556E+00  0.4511237743E+07
  0.1033333333E+00  0.4469522777E+07
  0.1036111111E+00  0.4427807812E+07
  0.1038888889E+00  0.4386092846E+07
  0.1041666667E+00  0.4344377881E+07
  0.1044444444E+00  0.4302662914E+07
  0.1047222222E+00  0.4260947938E+07
  0.1050000000E+00  0.4219232939E+07
  0.1052777778E+00  0.4181944911E+07
  0.1055555556E+00  0.4144656840E+07
  0.1058333333E+00  0.4107368802E+07
  0.1061111111E+00  0.4070080731E+07
  0.1063888889E+00  0.4032792669E+07
  0.1066666667E+00  0.3995504630E+07
  0.1069444444E+00  0.3958216570E+07
  0.1072222222E+00  0.3920928531E+07
  0.1075000000E+00  0.3883640461E+07
  0.1077777778E+00  0.3846352400E+07
  0.1080555556E+00  0.3809064361E+07
  0.1083333333E+00  0.3771776300E+07
  0.1086111111E+00  0.3734488262E+07
  0.1088888889E+00  0.3697200191E+07
  0.1091666667E+00  0.3659912119E+07
  0.1094444444E+00  0.3622624091E+07
  0.1097222222E+00  0.3585336019E+07
  0.1100000000E+00  0.3548047992E+07
  0.1102777778E+00  0.3515125084E+07
  0.1105555556E+00  0.3482202209E+07
  0.1108333333E+00  0.3449279335E+07
  0.1111111111E+00  0.3416356438E+07
  0.1113888889E+00  0.3383433573E+07
  0.1116666667E+00  0.3350510698E+07
  0.1119444444E+00  0.3317587790E+07
  0.1122222222E+00  0.3284664916E+07
  0.1125000000E+00  0.3251742052E+07
  0.1127777778E+00  0.3218819154E+07
  0.1130555556E+00  0.3185896279E+07
  0.1133333333E+00  0.3152973405E+07
  0.1136111111E+00  0.3120050530E+07
  0.1138888889E+00  0.3087127622E+07
  0.1141666667E+00  0.3054204769E+07
  0.1144444444E+00  0.3021281894E+07
  0.1147222222E+00  0.2988358986E+07
  0.1150000000E+00  0.2955436111E+07
  0.1152777778E+00  0.2926733907E+07
  0.1155555556E+00  0.2898031682E+07
  0.1158333333E+00  0.2869329467E+07
  0.1161111111E+00  0.2840627254E+07
  0.1163888889E+00  0.2811925039E+07
  0.1166666667E+00  0.2783222814E+07
  0.1169444444E+00  0.2754520643E+07
  0.1172222222E+00  0.2725818418E+07
  0.1175000000E+00  0.2697116203E+07
  0.1177777778E+00  0.2668413990E+07
  0.1180555556E+00  0.2639711775E+07
  0.1183333333E+00  0.2611009550E+07
  0.1186111111E+00  0.2582307346E+07
  0.1188888889E+00  0.2553605121E+07
  0.1191666667E+00  0.2524902906E+07
  0.1194444444E+00  0.2496200692E+07
  0.1197222222E+00  0.2467498477E+07
  0.1200000000E+00  0.2438796263E+07
  0.1202777778E+00  0.2414099431E+07
  0.1205555556E+00  0.2389402576E+07
  0.1208333333E+00  0.2364705733E+07
  0.1211111111E+00  0.2340008878E+07
  0.1213888889E+00  0.2315312011E+07
  0.1216666667E+00  0.2290615190E+07
  0.1219444444E+00  0.2265918313E+07
  0.1222222222E+00  0.2241221492E+07
  0.1225000000E+00  0.2216524625E+07
  0.1227777778E+00  0.2191827770E+07
  0.1230555556E+00  0.2167130948E+07
  0.1233333333E+00  0.2142434072E+07
  0.1236111111E+00  0.2117737250E+07
  0.1238888889E+00  0.2093040384E+07
  0.1241666667E+00  0.2068343529E+07
  0.1244444444E+00  0.2043646686E+07
  0.1247222222E+00  0.2018949831E+07
  0.1250000000E+00  0.1994252998E+07
  0.1252777778E+00  0.1973289848E+07
  0.1255555556E+00  0.1952326696E+07
  0.1258333333E+00  0.1931363568E+07
  0.1261111111E+00  0.1910400407E+07
  0.1263888889E+00  0.1889437255E+07
  0.1266666667E+00  0.1868474127E+07
  0.1269444444E+00  0.1847510987E+07
  0.1272222222E+00  0.1826547825E+07
  0.1275000000E+00  0.1805584697E+07
  0.1277777778E+00  0.1784621546E+07
  0.1280555556E+00  0.1763658384E+07
  0.1283333333E+00  0.1742695266E+07
  0.1286111111E+00  0.1721732105E+07
  0.1288888889E+00  0.1700768954E+07
  0.1291666667E+00  0.1679805836E+07
  0.1294444444E+00  0.1658842675E+07
  0.1297222222E+00  0.1637879523E+07
  0.1300000000E+00  0.1616916395E+07
  0.1302777778E+00  0.1599375173E+07
  0.1305555556E+00  0.1581833974E+07
  0.1308333333E+00  0.1564292741E+07
  0.1311111111E+00  0.1546751552E+07
  0.1313888889E+00  0.1529210318E+07
  0.1316666667E+00  0.1511669120E+07
  0.1319444444E+00  0.1494127897E+07
  0.1322222222E+00  0.1476586697E+07
  0.1325000000E+00  0.1459045465E+07
  0.1327777778E+00  0.1441504276E+07
  0.1330555556E+00  0.1423963043E+07
  0.1333333333E+00  0.1406421821E+07
  0.1336111111E+00  0.1388880622E+07
  0.1338888889E+00  0.1371339389E+07
  0.1341666667E+00  0.1353798200E+07
  0.1344444444E+00  0.1336256978E+07
  0.1347222222E+00  0.1318715768E+07
  0.1350000000E+00  0.1301174545E+07
  0.1352777778E+00  0.1286715868E+07
  0.1355555556E+00  0.1272257190E+07
  0.1358333333E+00  0.1257798512E+07
  0.1361111111E+00  0.1243339845E+07
  0.1363888889E+00  0.1228881167E+07
  0.1366666667E+00  0.1214422489E+07
  0.1369444444E+00  0.1199963812E+07
  0.1372222222E+00  0.1185505167E+07
  0.1375000000E+00  0.1171046500E+07
  0.1377777778E+00  0.1156587823E+07
  0.1380555556E+00  0.1142129145E+07
  0.1383333333E+00  0.1127670467E+07
  0.1386111111E+00  0.1113211789E+07
  0.1388888889E+00  0.1098753111E+07
  0.1391666667E+00  0.1084294444E+07
  0.1394444444E+00  0.1069835767E+07
  0.1397222222E+00  0.1055377089E+07
  0.1400000000E+00  0.1040918411E+07
  0.1402777778E+00  0.1029189848E+07
  0.1405555556E+00  0.1017461319E+07
  0.1408333333E+00  0.1005732800E+07
  0.1411111111E+00  0.9940042709E+06
  0.1413888889E+00  0.9822757081E+06
  0.1416666667E+00  0.9705471786E+06
  0.1419444444E+00  0.9588186492E+06
  0.1422222222E+00  0.9470900865E+06
  0.1425000000E+00  0.9353615637E+06
  0.1427777778E+00  0.9236330242E+06
  0.1430555556E+00  0.9119044959E+06
  0.1433333333E+00  0.9001759565E+06
  0.1436111111E+00  0.8884474171E+06
  0.1438888889E+00  0.8767188809E+06
  0.1441666667E+00  0.8649903415E+06
  0.1444444444E+00  0.8532618021E+06
  0.1447222222E+00  0.8415332627E+06
  0.1450000000E+00  0.8298047343E+06
  0.1452777778E+00  0.8204523259E+06
  0.1455555556E+00  0.8110999253E+06
  0.1458333333E+00  0.8017475280E+06
  0.1461111111E+00  0.7923951308E+06
  0.1463888889E+00  0.7830427168E+06
  0.1466666667E+00  0.7736903173E+06
  0.1469444444E+00  0.7643379156E+06
  0.1472222222E+00  0.7549855161E+06
  0.1475000000E+00  0.7456331178E+06
  0.1477777778E+00  0.7362807148E+06
  0.1480555556E+00  0.7269283154E+06
  0.1483333333E+00  0.7175759171E+06
  0.1486111111E+00  0.7082235141E+06
  0.1488888889E+00  0.6988711147E+06
  0.1491666667E+00  0.6895187029E+06
  0.1494444444E+00  0.6801663035E+06
  0.1497222222E+00  0.6708139051E+06
  0.1500000000E+00  0.6614615022E+06
  0.1502777778E+00  0.6541399568E+06
  0.1505555556E+00  0.6468184034E+06
  0.1508333333E+00  0.6394968580E+06
  0.1511111111E+00  0.6321753024E+06
  0.1513888889E+00  0.6248537558E+06
  0.1516666667E+00  0.6175322102E+06
  0.1519444444E+00  0.6102106537E+06
  0.1522222222E+00  0.6028891115E+06
  0.1525000000E+00  0.5955675560E+06
  0.1527777778E+00  0.5882460093E+06
  0.1530555556E+00  0.5809244639E+06
  0.1533333333E+00  0.5736029083E+06
  0.1536111111E+00  0.5662813617E+06
  0.1538888889E+00  0.5589598095E+06
  0.1541666667E+00  0.5516382641E+06
  0.1544444444E+00  0.5443167174E+06
  0.1547222222E+00  0.5369951619E+06
  0.1550000000E+00  0.5296736152E+06
  0.1552777778E+00  0.5240551481E+06
  0.1555555556E+00  0.5184366865E+06
  0.1558333333E+00  0.5128182194E+06
  0.1561111111E+00  0.5071997577E+06
  0.1563888889E+00  0.5015812995E+06
  0.1566666667E+00  0.4959628324E+06
  0.1569444444E+00  0.4903443707E+06
  0.1572222222E+00  0.4847259024E+06
  0.1575000000E+00  0.4791074419E+06
  0.1577777778E+00  0.4734889737E+06
  0.1580555556E+00  0.4678705131E+06
  0.1583333333E+00  0.4622520549E+06
  0.1586111111E+00  0.4566335833E+06
  0.1588888889E+00  0.4510151262E+06
  0.1591666667E+00  0.4453966579E+06
  0.1594444444E+00  0.4397781962E+06
  0.1597222222E+00  0.4341597291E+06
  0.1600000000E+00  0.4285412676E+06
  0.1602777778E+00  0.4243223714E+06
  0.1605555556E+00  0.4201034807E+06
  0.1608333333E+00  0.4158845842E+06
  0.1611111111E+00  0.4116656920E+06
  0.1613888889E+00  0.4074467964E+06
  0.1616666667E+00  0.4032279008E+06
  0.1619444444E+00  0.3990090086E+06
  0.1622222222E+00  0.3947901120E+06
  0.1625000000E+00  0.3905712175E+06
  0.1627777778E+00  0.3863523242E+06
  0.1630555556E+00  0.3821334298E+06
  0.1633333333E+00  0.3779145365E+06
  0.1636111111E+00  0.3736956419E+06
  0.1638888889E+00  0.3694767453E+06
  0.1641666667E+00  0.3652578542E+06
  0.1644444444E+00  0.3610389575E+06
  0.1647222222E+00  0.3568200630E+06
  0.1650000000E+00  0.3526011697E+06
  0.1652777778E+00  0.3495068665E+06
  0.1655555556E+00  0.3464125645E+06
  0.1658333333E+00  0.3433182602E+06
  0.1661111111E+00  0.3402239594E+06
  0.1663888889E+00  0.3371296551E+06
  0.1666666667E+00  0.3340353542E+06
  0.1669444444E+00  0.3309410499E+06
  0.1672222222E+00  0.3278467490E+06
  0.1675000000E+00  0.3247524480E+06
  0.1677777778E+00  0.3216581427E+06
  0.1680555556E+00  0.3185638429E+06
  0.1683333333E+00  0.3154695385E+06
  0.1686111111E+00  0.3123752376E+06
  0.1688888889E+00  0.3092809323E+06
  0.1691666667E+00  0.3061866314E+06
  0.1694444444E+00  0.3030923270E+06
  0.1697222222E+00  0.2999980272E+06
  0.1700000000E+00  0.2969037252E+06
  0.1702777778E+00  0.2946913017E+06
  0.1705555556E+00  0.2924788781E+06
  0.1708333333E+00  0.2902664579E+06
  0.1711111111E+00  0.2880540343E+06
  0.1713888889E+00  0.2858416152E+06
  0.1716666667E+00  0.2836291917E+06
  0.1719444444E+00  0.2814167715E+06
  0.1722222222E+00  0.2792043490E+06
  0.1725000000E+00  0.2769919288E+06
  0.1727777778E+00  0.2747795052E+06
  0.1730555556E+00  0.2725670861E+06
  0.1733333333E+00  0.2703546626E+06
  0.1736111111E+00  0.2681422424E+06
  0.1738888889E+00  0.2659298189E+06
  0.1741666667E+00  0.2637173987E+06
  0.1744444444E+00  0.2615049752E+06
  0.1747222222E+00  0.2592925516E+06
  0.1750000000E+00  0.2570801326E+06
  0.1752777778E+00  0.2555399635E+06
  0.1755555556E+00  0.2539997987E+06
  0.1758333333E+00  0.2524596318E+06
  0.1761111111E+00  0.2509194660E+06
  0.1763888889E+00  0.2493792979E+06
  0.1766666667E+00  0.2478391322E+06
  0.1769444444E+00  0.2462989652E+06
  0.1772222222E+00  0.2447588005E+06
  0.1775000000E+00  0.2432186314E+06
  0.1777777778E+00  0.2416784678E+06
  0.1780555556E+00  0.2401382987E+06
  0.1783333333E+00  0.2385981340E+06
  0.1786111111E+00  0.2370579670E+06
  0.1788888889E+00  0.2355178013E+06
  0.1791666667E+00  0.2339776332E+06
  0.1794444444E+00  0.2324374675E+06
  0.1797222222E+00  0.2308973005E+06
  0.1800000000E+00  0.2293571358E+06
  0.1802777778E+00  0.2283127078E+06
  0.1805555556E+00  0.2272682822E+06
  0.1808333333E+00  0.2262238576E+06
  0.1811111111E+00  0.2251794286E+06
  0.1813888889E+00  0.2241350040E+06
  0.1816666667E+00  0.2230905783E+06
  0.1819444444E+00  0.2220461538E+06
  0.1822222222E+00  0.2210017248E+06
  0.1825000000E+00  0.2199573002E+06
  0.1827777778E+00  0.2189128745E+06
  0.1830555556E+00  0.2178684499E+06
  0.1833333333E+00  0.2168240209E+06
  0.1836111111E+00  0.2157795952E+06
  0.1838888889E+00  0.2147351697E+06
  0.1841666667E+00  0.2136907440E+06
  0.1844444444E+00  0.2126463161E+06
  0.1847222222E+00  0.2116018904E+06
  0.1850000000E+00  0.2105574659E+06
  0.1852777778E+00  0.2098641843E+06
  0.1855555556E+00  0.2091709017E+06
  0.1858333333E+00  0.2084776201E+06
  0.1861111111E+00  0.2077843376E+06
  0.1863888889E+00  0.2070910560E+06
  0.1866666667E+00  0.2063977734E+06
  0.1869444444E+00  0.2057044918E+06
  0.1872222222E+00  0.2050112093E+06
  0.1875000000E+00  0.2043179277E+06
  0.1877777778E+00  0.2036246451E+06
  0.1880555556E+00  0.2029313647E+06
  0.1883333333E+00  0.2022380821E+06
  0.1886111111E+00  0.2015447995E+06
  0.1888888889E+00  0.2008515179E+06
  0.1891666667E+00  0.2001582354E+06
  0.1894444444E+00  0.1994649538E+06
  0.1897222222E+00  0.1987716712E+06
  0.1900000000E+00  0.1980783896E+06
  0.1902777778E+00  0.1976212594E+06
  0.1905555556E+00  0.1971641324E+06
  0.1908333333E+00  0.1967070032E+06
  0.1911111111E+00  0.1962498729E+06
  0.1913888889E+00  0.1957927460E+06
  0.1916666667E+00  0.1953356167E+06
  0.1919444444E+00  0.1948784864E+06
  0.1922222222E+00  0.1944213595E+06
  0.1925000000E+00  0.1939642303E+06
  0.1927777778E+00  0.1935071033E+06
  0.1930555556E+00  0.1930499730E+06
  0.1933333333E+00  0.1925928438E+06
  0.1936111111E+00  0.1921357169E+06
  0.1938888889E+00  0.1916785866E+06
  0.1941666667E+00  0.1912214607E+06
  0.1944444444E+00  0.1907643293E+06
  0.1947222222E+00  0.1903071990E+06
  0.1950000000E+00  0.1898500731E+06
  0.1952777778E+00  0.1895408013E+06
  0.1955555556E+00  0.1892315307E+06
  0.1958333333E+00  0.1889222589E+06
  0.1961111111E+00  0.1886129894E+06
  0.1963888889E+00  0.1883037165E+06
  0.1966666667E+00  0.1879944447E+06
  0.1969444444E+00  0.1876851751E+06
  0.1972222222E+00  0.1873759012E+06
  0.1975000000E+00  0.1870666327E+06
  0.1977777778E+00  0.1867573599E+06
  0.1980555556E+00  0.1864480914E+06
  0.1983333333E+00  0.1861388185E+06
  0.1986111111E+00  0.1858295489E+06
  0.1988888889E+00  0.1855202761E+06
  0.1991666667E+00  0.1852110032E+06
  0.1994444444E+00  0.1849017337E+06
  0.1997222222E+00  0.1845924619E+06
  0.2000000000E+00  0.1842831923E+06
  0.2002777778E+00  0.1840566605E+06
  0.2005555556E+00  0.1838301252E+06
  0.2008333333E+00  0.1836035922E+06
  0.2011111111E+00  0.1833770602E+06
  0.2013888889E+00  0.1831505294E+06
  0.2016666667E+00  0.1829239964E+06
  0.2019444444E+00  0.1826974644E+06
  0.2022222222E+00  0.1824709315E+06
  0.2025000000E+00  0.1822443973E+06
  0.2027777778E+00  0.1820178653E+06
  0.2030555556E+00  0.1817913323E+06
  0.2033333333E+00  0.1815648004E+06
  0.2036111111E+00  0.1813382685E+06
  0.2038888889E+00  0.1811117366E+06
  0.2041666667E+00  0.1808852036E+06
  0.2044444444E+00  0.1806586683E+06
  0.2047222222E+00  0.1804321374E+06
  0.2050000000E+00  0.1802056045E+06
  0.2052777778E+00  0.1800164652E+06
  0.2055555556E+00  0.1798273239E+06
  0.2058333333E+00  0.1796381837E+06
  0.2061111111E+00  0.1794490433E+06
  0.2063888889E+00  0.1792599031E+06
  0.2066666667E+00  0.1790707639E+06
  0.2069444444E+00  0.1788816225E+06
  0.2072222222E+00  0.1786924833E+06
  0.2075000000E+00  0.1785033431E+06
  0.2077777778E+00  0.1783142017E+06
  0.2080555556E+00  0.1781250625E+06
  0.2083333333E+00  0.1779359211E+06
  0.2086111111E+00  0.1777467819E+06
  0.2088888889E+00  0.1775576417E+06
  0.2091666667E+00  0.1773685003E+06
  0.2094444444E+00  0.1771793578E+06
  0.2097222222E+00  0.1769902164E+06
  0.2100000000E+00  0.1768010772E+06
  0.2102777778E+00  0.1766200540E+06
  0.2105555556E+00  0.1764390307E+06
  0.2108333333E+00  0.1762580075E+06
  0.2111111111E+00  0.1760769842E+06
  0.2113888889E+00  0.1758959610E+06
  0.2116666667E+00  0.1757149377E+06
  0.2119444444E+00  0.1755339145E+06
  0.2122222222E+00  0.1753528912E+06
  0.2125000000E+00  0.1751718680E+06
  0.2127777778E+00  0.1749908448E+06
  0.2130555556E+00  0.1748098216E+06
  0.2133333333E+00  0.1746287983E+06
  0.2136111111E+00  0.1744477751E+06
  0.2138888889E+00  0.1742667518E+06
  0.2141666667E+00  0.1740857286E+06
  0.2144444444E+00  0.1739047053E+06
  0.2147222222E+00  0.1737236821E+06
  0.2150000000E+00  0.1735426588E+06
  0.2152777778E+00  0.1733529515E+06
  0.2155555556E+00  0.1731632440E+06
  0.2158333333E+00  0.1729735411E+06
  0.2161111111E+00  0.1727838326E+06
  0.2163888889E+00  0.1725941263E+06
  0.2166666667E+00  0.1724044189E+06
  0.2169444444E+00  0.1722147116E+06
  0.2172222222E+00  0.1720250041E+06
  0.2175000000E+00  0.1718352978E+06
  0.2177777778E+00  0.1716455905E+06
  0.2180555556E+00  0.1714558831E+06
  0.2183333333E+00  0.1712661767E+06
  0.2186111111E+00  0.1710764683E+06
  0.2188888889E+00  0.1708867620E+06
  0.2191666667E+00  0.1706970546E+06
  0.2194444444E+00  0.1705073473E+06
  0.2197222222E+00  0.1703176398E+06
  0.2200000000E+00  0.1701279368E+06
  0.2202777778E+00  0.1699222725E+06
  0.2205555556E+00  0.1697166126E+06
  0.2208333333E+00  0.1695109492E+06
  0.2211111111E+00  0.1693052881E+06
  0.2213888889E+00  0.1690996259E+06
  0.2216666667E+00  0.1688939648E+06
  0.2219444444E+00  0.1686883016E+06
  0.2222222222E+00  0.1684826416E+06
  0.2225000000E+00  0.1682769772E+06
  0.2227777778E+00  0.1680713173E+06
  0.2230555556E+00  0.1678656539E+06
  0.2233333333E+00  0.1676599928E+06
  0.2236111111E+00  0.1674543296E+06
  0.2238888889E+00  0.1672486696E+06
  0.2241666667E+00  0.1670430063E+06
  0.2244444444E+00  0.1668373453E+06
  0.2247222222E+00  0.1666316819E+06
  0.2250000000E+00  0.1664260220E+06
  0.2252777778E+00  0.1662035279E+06
  0.2255555556E+00  0.1659810338E+06
  0.2258333333E+00  0.1657585397E+06
  0.2261111111E+00  0.1655360467E+06
  0.2263888889E+00  0.1653135527E+06
  0.2266666667E+00  0.1650910586E+06
  0.2269444444E+00  0.1648685656E+06
  0.2272222222E+00  0.1646460725E+06
  0.2275000000E+00  0.1644235784E+06
  0.2277777778E+00  0.1642010843E+06
  0.2280555556E+00  0.1639785914E+06
  0.2283333333E+00  0.1637560973E+06
  0.2286111111E+00  0.1635336032E+06
  0.2288888889E+00  0.1633111091E+06
  0.2291666667E+00  0.1630886162E+06
  0.2294444444E+00  0.1628661221E+06
  0.2297222222E+00  0.1626436280E+06
  0.2300000000E+00  0.1624211339E+06
  0.2302777778E+00  0.1621852481E+06
  0.2305555556E+00  0.1619493613E+06
  0.2308333333E+00  0.1617134722E+06
  0.2311111111E+00  0.1614775854E+06
  0.2313888889E+00  0.1612416996E+06
  0.2316666667E+00  0.1610058129E+06
  0.2319444444E+00  0.1607699260E+06
  0.2322222222E+00  0.1605340358E+06
  0.2325000000E+00  0.1602981500E+06
  0.2327777778E+00  0.1600622633E+06
  0.2330555556E+00  0.1598263775E+06
  0.2333333333E+00  0.1595904907E+06
  0.2336111111E+00  0.1593546016E+06
  0.2338888889E+00  0.1591187137E+06
  0.2341666667E+00  0.1588828279E+06
  0.2344444444E+00  0.1586469411E+06
  0.2347222222E+00  0.1584110553E+06
  0.2350000000E+00  0.1581751652E+06
  0.2352777778E+00  0.1579314183E+06
  0.2355555556E+00  0.1576876670E+06
  0.2358333333E+00  0.1574439157E+06
  0.2361111111E+00  0.1572001633E+06
  0.2363888889E+00  0.1569564163E+06
  0.2366666667E+00  0.1567126650E+06
  0.2369444444E+00  0.1564689137E+06
  0.2372222222E+00  0.1562251624E+06
  0.2375000000E+00  0.1559814155E+06
  0.2377777778E+00  0.1557376642E+06
  0.2380555556E+00  0.1554939129E+06
  0.2383333333E+00  0.1552501626E+06
  0.2386111111E+00  0.1550064113E+06
  0.2388888889E+00  0.1547626623E+06
  0.2391666667E+00  0.1545189110E+06
  0.2394444444E+00  0.1542751607E+06
  0.2397222222E+00  0.1540314094E+06
  0.2400000000E+00  0.1537876614E+06
  0.2402777778E+00  0.1535422682E+06
  0.2405555556E+00  0.1532968760E+06
  0.2408333333E+00  0.1530514851E+06
  0.2411111111E+00  0.1528060929E+06
  0.2413888889E+00  0.1525606997E+06
  0.2416666667E+00  0.1523153108E+06
  0.2419444444E+00  0.1520699176E+06
  0.2422222222E+00  0.1518245233E+06
  0.2425000000E+00  0.1515791344E+06
  0.2427777778E+00  0.1513337412E+06
  0.2430555556E+00  0.1510883490E+06
  0.2433333333E+00  0.1508429580E+06
  0.2436111111E+00  0.1505975658E+06
  0.2438888889E+00  0.1503521727E+06
  0.2441666667E+00  0.1501067828E+06
  0.2444444444E+00  0.1498613906E+06
  0.2447222222E+00  0.1496159963E+06
  0.2450000000E+00  0.1493706074E+06
  0.2452777778E+00  0.1491293970E+06
  0.2455555556E+00  0.1488881888E+06
  0.2458333333E+00  0.1486469784E+06
  0.2461111111E+00  0.1484057691E+06
  0.2463888889E+00  0.1481645587E+06
  0.2466666667E+00  0.1479233493E+06
  0.2469444444E+00  0.1476821411E+06
  0.2472222222E+00  0.1474409307E+06
  0.2475000000E+00  0.1471997213E+06
  0.2477777778E+00  0.1469585110E+06
  0.2480555556E+00  0.1467173016E+06
  0.2483333333E+00  0.1464760923E+06
  0.2486111111E+00  0.1462348830E+06
  0.2488888889E+00  0.1459936736E+06
  0.2491666667E+00  0.1457524632E+06
  0.2494444444E+00  0.1455112539E+06
  0.2497222222E+00  0.1452700480E+06
  0.2500000000E+00  0.1450288386E+06
  0.2502777778E+00  0.1447964346E+06
  0.2505555556E+00  0.1445640350E+06
  0.2508333333E+00  0.1443316343E+06
  0.2511111111E+00  0.1440992347E+06
  0.2513888889E+00  0.1438668341E+06
  0.2516666667E+00  0.1436344311E+06
  0.2519444444E+00  0.1434020305E+06
  0.2522222222E+00  0.1431696297E+06
  0.2525000000E+00  0.1429372291E+06
  0.2527777778E+00  0.1427048261E+06
  0.2530555556E+00  0.1424724255E+06
  0.2533333333E+00  0.1422400248E+06
  0.2536111111E+00  0.1420076252E+06
  0.2538888889E+00  0.1417752246E+06
  0.2541666667E+00  0.1415428216E+06
  0.2544444444E+00  0.1413104209E+06
  0.2547222222E+00  0.1410780213E+06
  0.2550000000E+00  0.1408456207E+06
  0.2552777778E+00  0.1406252475E+06
  0.2555555556E+00  0.1404048734E+06
  0.2558333333E+00  0.1401844970E+06
  0.2561111111E+00  0.1399641228E+06
  0.2563888889E+00  0.1397437497E+06
  0.2566666667E+00  0.1395233755E+06
  0.2569444444E+00  0.1393030013E+06
  0.2572222222E+00  0.1390826293E+06
  0.2575000000E+00  0.1388622551E+06
  0.2577777778E+00  0.1386418810E+06
  0.2580555556E+00  0.1384215068E+06
  0.2583333333E+00  0.1382011303E+06
  0.2586111111E+00  0.1379807573E+06
  0.2588888889E+00  0.1377603831E+06
  0.2591666667E+00  0.1375400100E+06
  0.2594444444E+00  0.1373196358E+06
  0.2597222222E+00  0.1370992616E+06
  0.2600000000E+00  0.1368788896E+06
  0.2602777778E+00  0.1366720051E+06
  0.2605555556E+00  0.1364651229E+06
  0.2608333333E+00  0.1362582384E+06
  0.2611111111E+00  0.1360513572E+06
  0.2613888889E+00  0.1358444728E+06
  0.2616666667E+00  0.1356375883E+06
  0.2619444444E+00  0.1354307071E+06
  0.2622222222E+00  0.1352238227E+06
  0.2625000000E+00  0.1350169415E+06
  0.2627777778E+00  0.1348100571E+06
  0.2630555556E+00  0.1346031759E+06
  0.2633333333E+00  0.1343962914E+06
  0.2636111111E+00  0.1341894103E+06
  0.2638888889E+00  0.1339825247E+06
  0.2641666667E+00  0.1337756402E+06
  0.2644444444E+00  0.1335687587E+06
  0.2647222222E+00  0.1333618756E+06
  0.2650000000E+00  0.1331549928E+06
  0.2652777778E+00  0.1329615489E+06
  0.2655555556E+00  0.1327681061E+06
  0.2658333333E+00  0.1325746632E+06
  0.2661111111E+00  0.1323812193E+06
  0.2663888889E+00  0.1321877765E+06
  0.2666666667E+00  0.1319943340E+06
  0.2669444444E+00  0.1318008912E+06
  0.2672222222E+00  0.1316074473E+06
  0.2675000000E+00  0.1314140044E+06
  0.2677777778E+00  0.1312205616E+06
  0.2680555556E+00  0.1310271177E+06
  0.2683333333E+00  0.1308336752E+06
  0.2686111111E+00  0.1306402313E+06
  0.2688888889E+00  0.1304467885E+06
  0.2691666667E+00  0.1302533446E+06
  0.2694444444E+00  0.1300599017E+06
  0.2697222222E+00  0.1298664589E+06
  0.2700000000E+00  0.1296730153E+06
  0.2702777778E+00  0.1294916586E+06
  0.2705555556E+00  0.1293103020E+06
  0.2708333333E+00  0.1291289446E+06
  0.2711111111E+00  0.1289475869E+06
  0.2713888889E+00  0.1287662305E+06
  0.2716666667E+00  0.1285848728E+06
  0.2719444444E+00  0.1284035151E+06
  0.2722222222E+00  0.1282221598E+06
  0.2725000000E+00  0.1280408021E+06
  0.2727777778E+00  0.1278594447E+06
  0.2730555556E+00  0.1276780880E+06
  0.2733333333E+00  0.1274967306E+06
  0.2736111111E+00  0.1273153729E+06
  0.2738888889E+00  0.1271340173E+06
  0.2741666667E+00  0.1269526599E+06
  0.2744444444E+00  0.1267713021E+06
  0.2747222222E+00  0.1265899458E+06
  0.2750000000E+00  0.1264085880E+06
  0.2752777778E+00  0.1262368938E+06
  0.2755555556E+00  0.1260652009E+06
  0.2758333333E+00  0.1258935066E+06
  0.2761111111E+00  0.1257218124E+06
  0.2763888889E+00  0.1255501195E+06
  0.2766666667E+00  0.1253784242E+06
  0.2769444444E+00  0.1252067313E+06
  0.2772222222E+00  0.1250350371E+06
  0.2775000000E+00  0.1248633428E+06
  0.2777777778E+00  0.1246916499E+06
  0.2780555556E+00  0.1245199557E+06
  0.2783333333E+00  0.1243482617E+06
  0.2786111111E+00  0.1241765675E+06
  0.2788888889E+00  0.1240048742E+06
  0.2791666667E+00  0.1238331792E+06
  0.2794444444E+00  0.1236614860E+06
  0.2797222222E+00  0.1234897924E+06
  0.2800000000E+00  0.1233180982E+06
  0.2802777778E+00  0.1231530188E+06
  0.2805555556E+00  0.1229879387E+06
  0.2808333333E+00  0.1228228583E+06
  0.2811111111E+00  0.1226577792E+06
  0.2813888889E+00  0.1224926988E+06
  0.2816666667E+00  0.1223276184E+06
  0.2819444444E+00  0.1221625394E+06
  0.2822222222E+00  0.1219974590E+06
  0.2825000000E+00  0.1218323789E+06
  0.2827777778E+00  0.1216672996E+06
  0.2830555556E+00  0.1215022194E+06
  0.2833333333E+00  0.1213371390E+06
  0.2836111111E+00  0.1211720596E+06
  0.2838888889E+00  0.1210069796E+06
  0.2841666667E+00  0.1208418992E+06
  0.2844444444E+00  0.1206768202E+06
  0.2847222222E+00  0.1205117398E+06
  0.2850000000E+00  0.1203466596E+06
  0.2852777778E+00  0.1201849214E+06
  0.2855555556E+00  0.1200231824E+06
  0.2858333333E+00  0.1198614435E+06
  0.2861111111E+00  0.1196997042E+06
  0.2863888889E+00  0.1195379652E+06
  0.2866666667E+00  0.1193762263E+06
  0.2869444444E+00  0.1192144869E+06
  0.2872222222E+00  0.1190527480E+06
  0.2875000000E+00  0.1188910090E+06
  0.2877777778E+00  0.1187292700E+06
  0.2880555556E+00  0.1185675308E+06
  0.2883333333E+00  0.1184057918E+06
  0.2886111111E+00  0.1182440529E+06
  0.2888888889E+00  0.1180823136E+06
  0.2891666667E+00  0.1179205746E+06
  0.2894444444E+00  0.1177588357E+06
  0.2897222222E+00  0.1175970973E+06
  0.2900000000E+00  0.1174353585E+06
  0.2902777778E+00  0.1172736632E+06
  0.2905555556E+00  0.1171119686E+06
  0.2908333333E+00  0.1169502730E+06
  0.2911111111E+00  0.1167885789E+06
  0.2913888889E+00  0.1166268833E+06
  0.2916666667E+00  0.1164651888E+06
  0.2919444444E+00  0.1163034946E+06
  0.2922222222E+00  0.1161417990E+06
  0.2925000000E+00  0.1159801045E+06
  0.2927777778E+00  0.1158184093E+06
  0.2930555556E+00  0.1156567146E+06
  0.2933333333E+00  0.1154950201E+06
  0.2936111111E+00  0.1153333249E+06
  0.2938888889E+00  0.1151716303E+06
  0.2941666667E+00  0.1150099348E+06
  0.2944444444E+00  0.1148482406E+06
  0.2947222222E+00  0.1146865451E+06
  0.2950000000E+00  0.1145248505E+06
  0.2952777778E+00  0.1143604329E+06
  0.2955555556E+00  0.1141960164E+06
  0.2958333333E+00  0.1140315986E+06
  0.2961111111E+00  0.1138671820E+06
  0.2963888889E+00  0.1137027645E+06
  0.2966666667E+00  0.1135383476E+06
  0.2969444444E+00  0.1133739301E+06
  0.2972222222E+00  0.1132095136E+06
  0.2975000000E+00  0.1130450957E+06
  0.2977777778E+00  0.1128806792E+06
  0.2980555556E+00  0.1127162616E+06
  0.2983333333E+00  0.1125518437E+06
  0.2986111111E+00  0.1123874273E+06
  0.2988888889E+00  0.1122230097E+06
  0.2991666667E+00  0.1120585929E+06
  0.2994444444E+00  0.1118941753E+06
  0.2997222222E+00  0.1117297587E+06
  0.3000000000E+00  0.1115653409E+06
  0.3002777778E+00  0.1113959508E+06
  0.3005555556E+00  0.1112265602E+06
  0.3008333333E+00  0.1110571697E+06
  0.3011111111E+00  0.1108877792E+06
  0.3013888889E+00  0.1107183887E+06
  0.3016666667E+00  0.1105489985E+06
  0.3019444444E+00  0.1103796079E+06
  0.3022222222E+00  0.1102102174E+06
  0.3025000000E+00  0.1100408269E+06
  0.3027777778E+00  0.1098714367E+06
  0.3030555556E+00  0.1097020462E+06
  0.3033333333E+00  0.1095326547E+06
  0.3036111111E+00  0.1093632641E+06
  0.3038888889E+00  0.1091938736E+06
  0.3041666667E+00  0.1090244834E+06
  0.3044444444E+00  0.1088550929E+06
  0.3047222222E+00  0.1086857024E+06
  0.3050000000E+00  0.1085163118E+06
  0.3052777778E+00  0.1083405085E+06
  0.3055555556E+00  0.1081647062E+06
  0.3058333333E+00  0.1079889031E+06
  0.3061111111E+00  0.1078130998E+06
  0.3063888889E+00  0.1076372973E+06
  0.3066666667E+00  0.1074614940E+06
  0.3069444444E+00  0.1072856907E+06
  0.3072222222E+00  0.1071098882E+06
  0.3075000000E+00  0.1069340849E+06
  0.3077777778E+00  0.1067582815E+06
  0.3080555556E+00  0.1065824792E+06
  0.3083333333E+00  0.1064066759E+06
  0.3086111111E+00  0.1062308724E+06
  0.3088888889E+00  0.1060550691E+06
  0.3091666667E+00  0.1058792667E+06
  0.3094444444E+00  0.1057034634E+06
  0.3097222222E+00  0.1055276600E+06
  0.3100000000E+00  0.1053518579E+06
  0.3102777778E+00  0.1051691031E+06
  0.3105555556E+00  0.1049863472E+06
  0.3108333333E+00  0.1048035920E+06
  0.3111111111E+00  0.1046208371E+06
  0.3113888889E+00  0.1044380823E+06
  0.3116666667E+00  0.1042553273E+06
  0.3119444444E+00  0.1040725725E+06
  0.3122222222E+00  0.1038898176E+06
  0.3125000000E+00  0.1037070627E+06
  0.3127777778E+00  0.1035243078E+06
  0.3130555556E+00  0.1033415520E+06
  0.3133333333E+00  0.1031587971E+06
  0.3136111111E+00  0.1029760422E+06
  0.3138888889E+00  0.1027932873E+06
  0.3141666667E+00  0.1026105325E+06
  0.3144444444E+00  0.1024277775E+06
  0.3147222222E+00  0.1022450227E+06
  0.3150000000E+00  0.1020622679E+06
  0.3152777778E+00  0.1018729831E+06
  0.3155555556E+00  0.1016836984E+06
  0.3158333333E+00  0.1014944141E+06
  0.3161111111E+00  0.1013051294E+06
  0.3163888889E+00  0.1011158448E+06
  0.3166666667E+00  0.1009265600E+06
  0.3169444444E+00  0.1007372757E+06
  0.3172222222E+00  0.1005479910E+06
  0.3175000000E+00  0.1003587064E+06
  0.3177777778E+00  0.1001694217E+06
  0.3180555556E+00  0.9998013728E+05
  0.3183333333E+00  0.9979085362E+05
  0.3186111111E+00  0.9960156896E+05
  0.3188888889E+00  0.9941228429E+05
  0.3191666667E+00  0.9922299987E+05
  0.3194444444E+00  0.9903371521E+05
  0.3197222222E+00  0.9884443055E+05
  0.3200000000E+00  0.9865514589E+05
  0.3202777778E+00  0.9846053953E+05
  0.3205555556E+00  0.9826593318E+05
  0.3208333333E+00  0.9807132693E+05
  0.3211111111E+00  0.9787672058E+05
  0.3213888889E+00  0.9768211422E+05
  0.3216666667E+00  0.9748750753E+05
  0.3219444444E+00  0.9729290128E+05
  0.3222222222E+00  0.9709829393E+05
  0.3225000000E+00  0.9690368758E+05
  0.3227777778E+00  0.9670908133E+05
  0.3230555556E+00  0.9651447498E+05
  0.3233333333E+00  0.9631986862E+05
  0.3236111111E+00  0.9612526193E+05
  0.3238888889E+00  0.9593065568E+05
  0.3241666667E+00  0.9573604932E+05
  0.3244444444E+00  0.9554144297E+05
  0.3247222222E+00  0.9534683672E+05
  0.3250000000E+00  0.9515223037E+05
  0.3252777778E+00  0.9495444266E+05
  0.3255555556E+00  0.9475665416E+05
  0.3258333333E+00  0.9455886678E+05
  0.3261111111E+00  0.9436107906E+05
  0.3263888889E+00  0.9416329168E+05
  0.3266666667E+00  0.9396550331E+05
  0.3269444444E+00  0.9376771559E+05
  0.3272222222E+00  0.9356992810E+05
  0.3275000000E+00  0.9337213972E+05
  0.3277777778E+00  0.9317435200E+05
  0.3280555556E+00  0.9297656462E+05
  0.3283333333E+00  0.9277877690E+05
  0.3286111111E+00  0.9258098841E+05
  0.3288888889E+00  0.9238320104E+05
  0.3291666667E+00  0.9218541332E+05
  0.3294444444E+00  0.9198762594E+05
  0.3297222222E+00  0.9178983756E+05
  0.3300000000E+00  0.9159204984E+05
  0.3302777778E+00  0.9139374450E+05
  0.3305555556E+00  0.9119543992E+05
  0.3308333333E+00  0.9099713435E+05
  0.3311111111E+00  0.9079882912E+05
  0.3313888889E+00  0.9060052355E+05
  0.3316666667E+00  0.9040221831E+05
  0.3319444444E+00  0.9020391374E+05
  0.3322222222E+00  0.9000560806E+05
  0.3325000000E+00  0.8980730283E+05
  0.3327777778E+00  0.8960899725E+05
  0.3330555556E+00  0.8941069202E+05
  0.3333333333E+00  0.8921238745E+05
  0.3336111111E+00  0.8901408188E+05
  0.3338888889E+00  0.8881577654E+05
  0.3341666667E+00  0.8861747096E+05
  0.3344444444E+00  0.8841916640E+05
  0.3347222222E+00  0.8822086115E+05
  0.3350000000E+00  0.8802255559E+05
  0.3352777778E+00  0.8782697114E+05
  0.3355555556E+00  0.8763138680E+05
  0.3358333333E+00  0.8743580201E+05
  0.3361111111E+00  0.8724021767E+05
  0.3363888889E+00  0.8704463322E+05
  0.3366666667E+00  0.8684904888E+05
  0.3369444444E+00  0.8665346410E+05
  0.3372222222E+00  0.8645787976E+05
  0.3375000000E+00  0.8626229532E+05
  0.3377777778E+00  0.8606670965E+05
  0.3380555556E+00  0.8587112520E+05
  0.3383333333E+00  0.8567554086E+05
  0.3386111111E+00  0.8547995641E+05
  0.3388888889E+00  0.8528437173E+05
  0.3391666667E+00  0.8508878740E+05
  0.3394444444E+00  0.8489320294E+05
  0.3397222222E+00  0.8469761860E+05
  0.3400000000E+00  0.8450203382E+05
  0.3402777778E+00  0.8431269771E+05
  0.3405555556E+00  0.8412336017E+05
  0.3408333333E+00  0.8393402406E+05
  0.3411111111E+00  0.8374468696E+05
  0.3413888889E+00  0.8355535042E+05
  0.3416666667E+00  0.8336601331E+05
  0.3419444444E+00  0.8317667687E+05
  0.3422222222E+00  0.8298733966E+05
  0.3425000000E+00  0.8279800356E+05
  0.3427777778E+00  0.8260866713E+05
  0.3430555556E+00  0.8241932991E+05
  0.3433333333E+00  0.8222999347E+05
  0.3436111111E+00  0.8204065637E+05
  0.3438888889E+00  0.8185131982E+05
  0.3441666667E+00  0.8166198271E+05
  0.3444444444E+00  0.8147264662E+05
  0.3447222222E+00  0.8128330907E+05
  0.3450000000E+00  0.8109397296E+05
  0.3452777778E+00  0.8091449965E+05
  0.3455555556E+00  0.8073502556E+05
  0.3458333333E+00  0.8055555225E+05
  0.3461111111E+00  0.8037607916E+05
  0.3463888889E+00  0.8019660584E+05
  0.3466666667E+00  0.8001713175E+05
  0.3469444444E+00  0.7983765877E+05
  0.3472222222E+00  0.7965818535E+05
  0.3475000000E+00  0.7947871237E+05
  0.3477777778E+00  0.7929923804E+05
  0.3480555556E+00  0.7911976496E+05
  0.3483333333E+00  0.7894029164E+05
  0.3486111111E+00  0.7876081855E+05
  0.3488888889E+00  0.7858134424E+05
  0.3491666667E+00  0.7840187115E+05
  0.3494444444E+00  0.7822239783E+05
  0.3497222222E+00  0.7804292474E+05
  0.3500000000E+00  0.7786345043E+05
  0.3502777778E+00  0.7769738077E+05
  0.3505555556E+00  0.7753131055E+05
  0.3508333333E+00  0.7736523989E+05
  0.3511111111E+00  0.7719916934E+05
  0.3513888889E+00  0.7703309868E+05
  0.3516666667E+00  0.7686702913E+05
  0.3519444444E+00  0.7670095847E+05
  0.3522222222E+00  0.7653488792E+05
  0.3525000000E+00  0.7636881726E+05
  0.3527777778E+00  0.7620274671E+05
  0.3530555556E+00  0.7603667705E+05
  0.3533333333E+00  0.7587060639E+05
  0.3536111111E+00  0.7570453584E+05
  0.3538888889E+00  0.7553846518E+05
  0.3541666667E+00  0.7537239463E+05
  0.3544444444E+00  0.7520632497E+05
  0.3547222222E+00  0.7504025442E+05
  0.3550000000E+00  0.7487418376E+05
  0.3552777778E+00  0.7472477942E+05
  0.3555555556E+00  0.7457537384E+05
  0.3558333333E+00  0.7442596814E+05
  0.3561111111E+00  0.7427656379E+05
  0.3563888889E+00  0.7412715811E+05
  0.3566666667E+00  0.7397775342E+05
  0.3569444444E+00  0.7382834806E+05
  0.3572222222E+00  0.7367894337E+05
  0.3575000000E+00  0.7352953780E+05
  0.3577777778E+00  0.7338013311E+05
  0.3580555556E+00  0.7323072775E+05
  0.3583333333E+00  0.7308132306E+05
  0.3586111111E+00  0.7293191738E+05
  0.3588888889E+00  0.7278251302E+05
  0.3591666667E+00  0.7263310745E+05
  0.3594444444E+00  0.7248370275E+05
  0.3597222222E+00  0.7233429741E+05
  0.3600000000E+00  0.7218489172E+05
  0.3602777778E+00  0.7205495611E+05
  0.3605555556E+00  0.7192502033E+05
  0.3608333333E+00  0.7179508434E+05
  0.3611111111E+00  0.7166514857E+05
  0.3613888889E+00  0.7153521246E+05
  0.3616666667E+00  0.7140527669E+05
  0.3619444444E+00  0.7127534059E+05
  0.3622222222E+00  0.7114540492E+05
  0.3625000000E+00  0.7101546881E+05
  0.3627777778E+00  0.7088553305E+05
  0.3630555556E+00  0.7075559693E+05
  0.3633333333E+00  0.7062566116E+05
  0.3636111111E+00  0.7049572517E+05
  0.3638888889E+00  0.7036578906E+05
  0.3641666667E+00  0.7023585329E+05
  0.3644444444E+00  0.7010591718E+05
  0.3647222222E+00  0.6997598150E+05
  0.3650000000E+00  0.6984604551E+05
  0.3652777778E+00  0.6973781111E+05
  0.3655555556E+00  0.6962957649E+05
  0.3658333333E+00  0.6952134210E+05
  0.3661111111E+00  0.6941310746E+05
  0.3663888889E+00  0.6930487307E+05
  0.3666666667E+00  0.6919663844E+05
  0.3669444444E+00  0.6908840404E+05
  0.3672222222E+00  0.6898016943E+05
  0.3675000000E+00  0.6887193514E+05
  0.3677777778E+00  0.6876370041E+05
  0.3680555556E+00  0.6865546612E+05
  0.3683333333E+00  0.6854723147E+05
  0.3686111111E+00  0.6843899719E+05
  0.3688888889E+00  0.6833076246E+05
  0.3691666667E+00  0.6822252817E+05
  0.3694444444E+00  0.6811429355E+05
  0.3697222222E+00  0.6800605915E+05
  0.3700000000E+00  0.6789782453E+05
  0.3702777778E+00  0.6781281173E+05
  0.3705555556E+00  0.6772779895E+05
  0.3708333333E+00  0.6764278616E+05
  0.3711111111E+00  0.6755777339E+05
  0.3713888889E+00  0.6747276059E+05
  0.3716666667E+00  0.6738774781E+05
  0.3719444444E+00  0.6730273502E+05
  0.3722222222E+00  0.6721772234E+05
  0.3725000000E+00  0.6713270955E+05
  0.3727777778E+00  0.6704769676E+05
  0.3730555556E+00  0.6696268432E+05
  0.3733333333E+00  0.6687767152E+05
  0.3736111111E+00  0.6679265884E+05
  0.3738888889E+00  0.6670764595E+05
  0.3741666667E+00  0.6662263327E+05
  0.3744444444E+00  0.6653762038E+05
  0.3747222222E+00  0.6645260770E+05
  0.3750000000E+00  0.6636759492E+05
  0.3752777778E+00  0.6630660165E+05
  0.3755555556E+00  0.6624560837E+05
  0.3758333333E+00  0.6618461544E+05
  0.3761111111E+00  0.6612362216E+05
  0.3763888889E+00  0.6606262879E+05
  0.3766666667E+00  0.6600163585E+05
  0.3769444444E+00  0.6594064269E+05
  0.3772222222E+00  0.6587964942E+05
  0.3775000000E+00  0.6581865638E+05
  0.3777777778E+00  0.6575766310E+05
  0.3780555556E+00  0.6569666983E+05
  0.3783333333E+00  0.6563567690E+05
  0.3786111111E+00  0.6557468364E+05
  0.3788888889E+00  0.6551369037E+05
  0.3791666667E+00  0.6545269743E+05
  0.3794444444E+00  0.6539170416E+05
  0.3797222222E+00  0.6533071078E+05
  0.3800000000E+00  0.6526971785E+05
  0.3802777778E+00  0.6523267528E+05
  0.3805555556E+00  0.6519563293E+05
  0.3808333333E+00  0.6515859037E+05
  0.3811111111E+00  0.6512154803E+05
  0.3813888889E+00  0.6508450569E+05
  0.3816666667E+00  0.6504746302E+05
  0.3819444444E+00  0.6501042068E+05
  0.3822222222E+00  0.6497337811E+05
  0.3825000000E+00  0.6493633577E+05
  0.3827777778E+00  0.6489929321E+05
  0.3830555556E+00  0.6486225086E+05
  0.3833333333E+00  0.6482520829E+05
  0.3836111111E+00  0.6478816586E+05
  0.3838888889E+00  0.6475112351E+05
  0.3841666667E+00  0.6471408094E+05
  0.3844444444E+00  0.6467703860E+05
  0.3847222222E+00  0.6463999604E+05
  0.3850000000E+00  0.6460295370E+05
  0.3852777778E+00  0.6458911181E+05
  0.3855555556E+00  0.6457526982E+05
  0.3858333333E+00  0.6456142827E+05
  0.3861111111E+00  0.6454758628E+05
  0.3863888889E+00  0.6453374428E+05
  0.3866666667E+00  0.6451990273E+05
  0.3869444444E+00  0.6450606074E+05
  0.3872222222E+00  0.6449221885E+05
  0.3875000000E+00  0.6447837720E+05
  0.3877777778E+00  0.6446453531E+05
  0.3880555556E+00  0.6445069332E+05
  0.3883333333E+00  0.6443685187E+05
  0.3886111111E+00  0.6442300988E+05
  0.3888888889E+00  0.6440916799E+05
  0.3891666667E+00  0.6439532633E+05
  0.3894444444E+00  0.6438148445E+05
  0.3897222222E+00  0.6436764245E+05
  0.3900000000E+00  0.6435380091E+05
  0.3902777778E+00  0.6436155176E+05
  0.3905555556E+00  0.6436930274E+05
  0.3908333333E+00  0.6437705350E+05
  0.3911111111E+00  0.6438480414E+05
  0.3913888889E+00  0.6439255499E+05
  0.3916666667E+00  0.6440030597E+05
  0.3919444444E+00  0.6440805683E+05
  0.3922222222E+00  0.6441580770E+05
  0.3925000000E+00  0.6442355867E+05
  0.3927777778E+00  0.6443130953E+05
  0.3930555556E+00  0.6443906050E+05
  0.3933333333E+00  0.6444681126E+05
  0.3936111111E+00  0.6445456223E+05
  0.3938888889E+00  0.6446231309E+05
  0.3941666667E+00  0.6447006372E+05
  0.3944444444E+00  0.6447781459E+05
  0.3947222222E+00  0.6448556545E+05
  0.3950000000E+00  0.6449331632E+05
  0.3952777778E+00  0.6452048002E+05
  0.3955555556E+00  0.6454764339E+05
  0.3958333333E+00  0.6457480688E+05
  0.3961111111E+00  0.6460197057E+05
  0.3963888889E+00  0.6462913383E+05
  0.3966666667E+00  0.6465629743E+05
  0.3969444444E+00  0.6468346068E+05
  0.3972222222E+00  0.6471062439E+05
  0.3975000000E+00  0.6473778799E+05
  0.3977777778E+00  0.6476495125E+05
  0.3980555556E+00  0.6479211495E+05
  0.3983333333E+00  0.6481927820E+05
  0.3986111111E+00  0.6484644181E+05
  0.3988888889E+00  0.6487360551E+05
  0.3991666667E+00  0.6490076877E+05
  0.3994444444E+00  0.6492793237E+05
  0.3997222222E+00  0.6495509596E+05
  0.4000000000E+00  0.6498225933E+05
  0.4002777778E+00  0.6502604067E+05
  0.4005555556E+00  0.6506982214E+05
  0.4008333333E+00  0.6511360349E+05
  0.4011111111E+00  0.6515738494E+05
  0.4013888889E+00  0.6520116663E+05
  0.4016666667E+00  0.6524494810E+05
  0.4019444444E+00  0.6528872945E+05
  0.4022222222E+00  0.6533251090E+05
  0.4025000000E+00  0.6537629237E+05
  0.4027777778E+00  0.6542007372E+05
  0.4030555556E+00  0.6546385518E+05
  0.4033333333E+00  0.6550763653E+05
  0.4036111111E+00  0.6555141810E+05
  0.4038888889E+00  0.6559519944E+05
  0.4041666667E+00  0.6563898090E+05
  0.4044444444E+00  0.6568276225E+05
  0.4047222222E+00  0.6572654406E+05
  0.4050000000E+00  0.6577032540E+05
  0.4052777778E+00  0.6582753611E+05
  0.4055555556E+00  0.6588474716E+05
  0.4058333333E+00  0.6594195786E+05
  0.4061111111E+00  0.6599916891E+05
  0.4063888889E+00  0.6605637995E+05
  0.4066666667E+00  0.6611359066E+05
  0.4069444444E+00  0.6617080171E+05
  0.4072222222E+00  0.6622801241E+05
  0.4075000000E+00  0.6628522346E+05
  0.4077777778E+00  0.6634243450E+05
  0.4080555556E+00  0.6639964521E+05
  0.4083333333E+00  0.6645685626E+05
  0.4086111111E+00  0.6651406696E+05
  0.4088888889E+00  0.6657127801E+05
  0.4091666667E+00  0.6662848904E+05
  0.4094444444E+00  0.6668569976E+05
  0.4097222222E+00  0.6674291081E+05
  0.4100000000E+00  0.6680012184E+05
  0.4102777778E+00  0.6686729010E+05
  0.4105555556E+00  0.6693445846E+05
  0.4108333333E+00  0.6700162682E+05
  0.4111111111E+00  0.6706879517E+05
  0.4113888889E+00  0.6713596353E+05
  0.4116666667E+00  0.6720313211E+05
  0.4119444444E+00  0.6727030037E+05
  0.4122222222E+00  0.6733746872E+05
  0.4125000000E+00  0.6740463708E+05
  0.4127777778E+00  0.6747180533E+05
  0.4130555556E+00  0.6753897402E+05
  0.4133333333E+00  0.6760614239E+05
  0.4136111111E+00  0.6767331074E+05
  0.4138888889E+00  0.6774047909E+05
  0.4141666667E+00  0.6780764735E+05
  0.4144444444E+00  0.6787481604E+05
  0.4147222222E+00  0.6794198440E+05
  0.4150000000E+00  0.6800915276E+05
  0.4152777778E+00  0.6808267491E+05
  0.4155555556E+00  0.6815619717E+05
  0.4158333333E+00  0.6822971931E+05
  0.4161111111E+00  0.6830324124E+05
  0.4163888889E+00  0.6837676339E+05
  0.4166666667E+00  0.6845028565E+05
  0.4169444444E+00  0.6852380780E+05
  0.4172222222E+00  0.6859733006E+05
  0.4175000000E+00  0.6867085230E+05
  0.4177777778E+00  0.6874437446E+05
  0.4180555556E+00  0.6881789671E+05
  0.4183333333E+00  0.6889141853E+05
  0.4186111111E+00  0.6896494079E+05
  0.4188888889E+00  0.6903846294E+05
  0.4191666667E+00  0.6911198519E+05
  0.4194444444E+00  0.6918550734E+05
  0.4197222222E+00  0.6925902949E+05
  0.4200000000E+00  0.6933255164E+05
  0.4202777778E+00  0.6940887189E+05
  0.4205555556E+00  0.6948519202E+05
  0.4208333333E+00  0.6956151239E+05
  0.4211111111E+00  0.6963783252E+05
  0.4213888889E+00  0.6971415267E+05
  0.4216666667E+00  0.6979047314E+05
  0.4219444444E+00  0.6986679316E+05
  0.4222222222E+00  0.6994311330E+05
  0.4225000000E+00  0.7001943345E+05
  0.4227777778E+00  0.7009575391E+05
  0.4230555556E+00  0.7017207394E+05
  0.4233333333E+00  0.7024839408E+05
  0.4236111111E+00  0.7032471455E+05
  0.4238888889E+00  0.7040103469E+05
  0.4241666667E+00  0.7047735482E+05
  0.4244444444E+00  0.7055367519E+05
  0.4247222222E+00  0.7062999533E+05
  0.4250000000E+00  0.7070631547E+05
  0.4252777778E+00  0.7078206355E+05
  0.4255555556E+00  0.7085781129E+05
  0.4258333333E+00  0.7093355893E+05
  0.4261111111E+00  0.7100930701E+05
  0.4263888889E+00  0.7108505475E+05
  0.4266666667E+00  0.7116080282E+05
  0.4269444444E+00  0.7123655047E+05
  0.4272222222E+00  0.7131229854E+05
  0.4275000000E+00  0.7138804628E+05
  0.4277777778E+00  0.7146379393E+05
  0.4280555556E+00  0.7153954200E+05
  0.4283333333E+00  0.7161528974E+05
  0.4286111111E+00  0.7169103783E+05
  0.4288888889E+00  0.7176678546E+05
  0.4291666667E+00  0.7184253320E+05
  0.4294444444E+00  0.7191828128E+05
  0.4297222222E+00  0.7199402903E+05
  0.4300000000E+00  0.7206977700E+05
  0.4302777778E+00  0.7214189874E+05
  0.4305555556E+00  0.7221402047E+05
  0.4308333333E+00  0.7228614254E+05
  0.4311111111E+00  0.7235826417E+05
  0.4313888889E+00  0.7243038635E+05
  0.4316666667E+00  0.7250250809E+05
  0.4319444444E+00  0.7257462972E+05
  0.4322222222E+00  0.7264675190E+05
  0.4325000000E+00  0.7271887352E+05
  0.4327777778E+00  0.7279099560E+05
  0.4330555556E+00  0.7286311735E+05
  0.4333333333E+00  0.7293523907E+05
  0.4336111111E+00  0.7300736114E+05
  0.4338888889E+00  0.7307948288E+05
  0.4341666667E+00  0.7315160495E+05
  0.4344444444E+00  0.7322372658E+05
  0.4347222222E+00  0.7329584843E+05
  0.4350000000E+00  0.7336797040E+05
  0.4352777778E+00  0.7343384501E+05
  0.4355555556E+00  0.7349971942E+05
  0.4358333333E+00  0.7356559438E+05
  0.4361111111E+00  0.7363146901E+05
  0.4363888889E+00  0.7369734353E+05
  0.4366666667E+00  0.7376321837E+05
  0.4369444444E+00  0.7382909289E+05
  0.4372222222E+00  0.7389496751E+05
  0.4375000000E+00  0.7396084226E+05
  0.4377777778E+00  0.7402671688E+05
  0.4380555556E+00  0.7409259150E+05
  0.4383333333E+00  0.7415846624E+05
  0.4386111111E+00  0.7422434087E+05
  0.4388888889E+00  0.7429021539E+05
  0.4391666667E+00  0.7435609024E+05
  0.4394444444E+00  0.7442196475E+05
  0.4397222222E+00  0.7448783938E+05
  0.4400000000E+00  0.7455371412E+05
  0.4402777778E+00  0.7461126711E+05
  0.4405555556E+00  0.7466882056E+05
  0.4408333333E+00  0.7472637388E+05
  0.4411111111E+00  0.7478392712E+05
  0.4413888889E+00  0.7484148011E+05
  0.4416666667E+00  0.7489903344E+05
  0.4419444444E+00  0.7495658677E+05
  0.4422222222E+00  0.7501413966E+05
  0.4425000000E+00  0.7507169299E+05
  0.4427777778E+00  0.7512924632E+05
  0.4430555556E+00  0.7518679932E+05
  0.4433333333E+00  0.7524435254E+05
  0.4436111111E+00  0.7530190586E+05
  0.4438888889E+00  0.7535945920E+05
  0.4441666667E+00  0.7541701219E+05
  0.4444444444E+00  0.7547456543E+05
  0.4447222222E+00  0.7553211875E+05
  0.4450000000E+00  0.7558967174E+05
  0.4452777778E+00  0.7563736964E+05
  0.4455555556E+00  0.7568506752E+05
  0.4458333333E+00  0.7573276540E+05
  0.4461111111E+00  0.7578046319E+05
  0.4463888889E+00  0.7582816107E+05
  0.4466666667E+00  0.7587585896E+05
  0.4469444444E+00  0.7592355684E+05
  0.4472222222E+00  0.7597125473E+05
  0.4475000000E+00  0.7601895251E+05
  0.4477777778E+00  0.7606665050E+05
  0.4480555556E+00  0.7611434829E+05
  0.4483333333E+00  0.7616204616E+05
  0.4486111111E+00  0.7620974405E+05
  0.4488888889E+00  0.7625744184E+05
  0.4491666667E+00  0.7630513982E+05
  0.4494444444E+00  0.7635283760E+05
  0.4497222222E+00  0.7640053560E+05
  0.4500000000E+00  0.7644823337E+05
  0.4502777778E+00  0.7648516263E+05
  0.4505555556E+00  0.7652209187E+05
  0.4508333333E+00  0.7655902079E+05
  0.4511111111E+00  0.7659595003E+05
  0.4513888889E+00  0.7663287927E+05
  0.4516666667E+00  0.7666980852E+05
  0.4519444444E+00  0.7670673777E+05
  0.4522222222E+00  0.7674366713E+05
  0.4525000000E+00  0.7678059626E+05
  0.4527777778E+00  0.7681752561E+05
  0.4530555556E+00  0.7685445486E+05
  0.4533333333E+00  0.7689138366E+05
  0.4536111111E+00  0.7692831302E+05
  0.4538888889E+00  0.7696524227E+05
  0.4541666667E+00  0.7700217140E+05
  0.4544444444E+00  0.7703910076E+05
  0.4547222222E+00  0.7707603000E+05
  0.4550000000E+00  0.7711295915E+05
  0.4552777778E+00  0.7713882892E+05
  0.4555555556E+00  0.7716469826E+05
  0.4558333333E+00  0.7719056783E+05
  0.4561111111E+00  0.7721643750E+05
  0.4563888889E+00  0.7724230707E+05
  0.4566666667E+00  0.7726817684E+05
  0.4569444444E+00  0.7729404653E+05
  0.4572222222E+00  0.7731991609E+05
  0.4575000000E+00  0.7734578577E+05
  0.4577777778E+00  0.7737165511E+05
  0.4580555556E+00  0.7739752477E+05
  0.4583333333E+00  0.7742339445E+05
  0.4586111111E+00  0.7744926401E+05
  0.4588888889E+00  0.7747513369E+05
  0.4591666667E+00  0.7750100336E+05
  0.4594444444E+00  0.7752687304E+05
  0.4597222222E+00  0.7755274237E+05
  0.4600000000E+00  0.7757861206E+05
  0.4602777778E+00  0.7759368310E+05
  0.4605555556E+00  0.7760875393E+05
  0.4608333333E+00  0.7762382489E+05
  0.4611111111E+00  0.7763889593E+05
  0.4613888889E+00  0.7765396689E+05
  0.4616666667E+00  0.7766903760E+05
  0.4619444444E+00  0.7768410856E+05
  0.4622222222E+00  0.7769917960E+05
  0.4625000000E+00  0.7771425056E+05
  0.4627777778E+00  0.7772932160E+05
  0.4630555556E+00  0.7774439256E+05
  0.4633333333E+00  0.7775946327E+05
  0.4636111111E+00  0.7777453421E+05
  0.4638888889E+00  0.7778960527E+05
  0.4641666667E+00  0.7780467621E+05
  0.4644444444E+00  0.7781974706E+05
  0.4647222222E+00  0.7783481810E+05
  0.4650000000E+00  0.7784988872E+05
  0.4652777778E+00  0.7785492434E+05
  0.4655555556E+00  0.7785995942E+05
  0.4658333333E+00  0.7786499493E+05
  0.4661111111E+00  0.7787003012E+05
  0.4663888889E+00  0.7787506530E+05
  0.4666666667E+00  0.7788010082E+05
  0.4669444444E+00  0.7788513601E+05
  0.4672222222E+00  0.7789017142E+05
  0.4675000000E+00  0.7789520660E+05
  0.4677777778E+00  0.7790024178E+05
  0.4680555556E+00  0.7790527719E+05
  0.4683333333E+00  0.7791031248E+05
  0.4686111111E+00  0.7791534789E+05
  0.4688888889E+00  0.7792038308E+05
  0.4691666667E+00  0.7792541827E+05
  0.4694444444E+00  0.7793045378E+05
  0.4697222222E+00  0.7793548897E+05
  0.4700000000E+00  0.7794052448E+05
  0.4702777778E+00  0.7793672024E+05
  0.4705555556E+00  0.7793291643E+05
  0.4708333333E+00  0.7792911230E+05
  0.4711111111E+00  0.7792530839E+05
  0.4713888889E+00  0.7792150424E+05
  0.4716666667E+00  0.7791770034E+05
  0.4719444444E+00  0.7791389619E+05
  0.4722222222E+00  0.7791009240E+05
  0.4725000000E+00  0.7790628815E+05
  0.4727777778E+00  0.7790248434E+05
  0.4730555556E+00  0.7789868021E+05
  0.4733333333E+00  0.7789487607E+05
  0.4736111111E+00  0.7789107226E+05
  0.4738888889E+00  0.7788726802E+05
  0.4741666667E+00  0.7788346421E+05
  0.4744444444E+00  0.7787966008E+05
  0.4747222222E+00  0.7787585617E+05
  0.4750000000E+00  0.7787205203E+05
  0.4752777778E+00  0.7786092586E+05
  0.4755555556E+00  0.7784979958E+05
  0.4758333333E+00  0.7783867351E+05
  0.4761111111E+00  0.7782754734E+05
  0.4763888889E+00  0.7781642106E+05
  0.4766666667E+00  0.7780529488E+05
  0.4769444444E+00  0.7779416872E+05
  0.4772222222E+00  0.7778304254E+05
  0.4775000000E+00  0.7777191636E+05
  0.4777777778E+00  0.7776079009E+05
  0.4780555556E+00  0.7774966402E+05
  0.4783333333E+00  0.7773853775E+05
  0.4786111111E+00  0.7772741157E+05
  0.4788888889E+00  0.7771628529E+05
  0.4791666667E+00  0.7770515924E+05
  0.4794444444E+00  0.7769403306E+05
  0.4797222222E+00  0.7768290677E+05
  0.4800000000E+00  0.7767178061E+05
  0.4802777778E+00  0.7765504577E+05
  0.4805555556E+00  0.7763831138E+05
  0.4808333333E+00  0.7762157655E+05
  0.4811111111E+00  0.7760484181E+05
  0.4813888889E+00  0.7758810698E+05
  0.4816666667E+00  0.7757137258E+05
  0.4819444444E+00  0.7755463775E+05
  0.4822222222E+00  0.7753790302E+05
  0.4825000000E+00  0.7752116819E+05
  0.4827777778E+00  0.7750443379E+05
  0.4830555556E+00  0.7748769896E+05
  0.4833333333E+00  0.7747096422E+05
  0.4836111111E+00  0.7745422973E+05
  0.4838888889E+00  0.7743749488E+05
  0.4841666667E+00  0.7742076005E+05
  0.4844444444E+00  0.7740402533E+05
  0.4847222222E+00  0.7738729082E+05
  0.4850000000E+00  0.7737055610E+05
  0.4852777778E+00  0.7735004958E+05
  0.4855555556E+00  0.7732954295E+05
  0.4858333333E+00  0.7730903631E+05
  0.4861111111E+00  0.7728852978E+05
  0.4863888889E+00  0.7726802326E+05
  0.4866666667E+00  0.7724751652E+05
  0.4869444444E+00  0.7722701000E+05
  0.4872222222E+00  0.7720650347E+05
  0.4875000000E+00  0.7718599684E+05
  0.4877777778E+00  0.7716549031E+05
  0.4880555556E+00  0.7714498369E+05
  0.4883333333E+00  0.7712447705E+05
  0.4886111111E+00  0.7710397086E+05
  0.4888888889E+00  0.7708346433E+05
  0.4891666667E+00  0.7706295760E+05
  0.4894444444E+00  0.7704245106E+05
  0.4897222222E+00  0.7702194454E+05
  0.4900000000E+00  0.7700143790E+05
  0.4902777778E+00  0.7697896930E+05
  0.4905555556E+00  0.7695650079E+05
  0.4908333333E+00  0.7693403217E+05
  0.4911111111E+00  0.7691156365E+05
  0.4913888889E+00  0.7688909514E+05
  0.4916666667E+00  0.7686662685E+05
  0.4919444444E+00  0.7684415835E+05
  0.4922222222E+00  0.7682168983E+05
  0.4925000000E+00  0.7679922121E+05
  0.4927777778E+00  0.7677675270E+05
  0.4930555556E+00  0.7675428418E+05
  0.4933333333E+00  0.7673181547E+05
  0.4936111111E+00  0.7670934696E+05
  0.4938888889E+00  0.7668687878E+05
  0.4941666667E+00  0.7666441016E+05
  0.4944444444E+00  0.7664194164E+05
  0.4947222222E+00  0.7661947313E+05
  0.4950000000E+00  0.7659700463E+05
